30
0 96 25 94 79 21 99 49 91 16 12 13 25 23 66 62 31 93 48 35 22 98 65 17 15 16 35 27 13 29 
95 0 12 46 79 71 87 89 98 69 52 69 35 62 84 40 89 35 21 88 61 25 88 44 21 29 29 77 65 74 
61 53 0 67 78 69 72 82 66 94 72 51 61 85 72 94 58 95 45 62 80 53 50 69 39 76 88 70 90 66 
60 43 48 0 76 91 17 98 71 75 57 59 89 77 73 85 55 23 17 62 61 98 95 37 10 17 63 48 37 82 
40 69 38 72 0 13 83 97 17 52 71 84 54 58 81 15 31 19 96 30 28 77 37 15 87 90 34 12 30 71 
20 74 21 33 80 0 46 63 48 67 43 41 52 94 50 46 40 98 79 59 95 21 62 29 37 90 29 94 98 46 
32 93 35 63 23 71 0 37 10 34 80 73 13 94 24 75 68 59 82 42 61 49 87 81 48 55 97 48 93 18 
63 96 10 13 16 53 30 0 39 36 15 14 91 94 79 62 41 63 67 29 17 94 92 15 53 97 87 67 87 76 
45 97 95 63 72 58 55 75 0 12 14 84 58 84 66 82 41 64 97 33 77 31 55 68 55 22 47 42 17 91 
68 83 28 57 91 29 73 38 74 0 63 37 32 55 12 41 33 99 94 62 13 92 26 36 97 43 53 52 88 71 
86 73 13 43 78 37 21 44 59 65 0 70 69 98 75 25 29 95 86 88 18 68 69 58 29 48 63 93 50 55 
56 97 46 52 26 66 24 58 11 49 73 0 61 61 42 52 16 11 28 41 37 70 15 89 11 95 99 30 28 77 
77 85 75 99 36 14 86 36 57 65 87 61 0 34 21 62 28 54 72 79 55 37 18 51 16 67 33 21 24 86 
47 25 34 35 38 51 40 44 68 87 28 56 15 0 97 93 36 19 42 97 48 19 48 86 45 51 63 84 30 33 
10 66 19 46 19 75 31 83 88 51 25 48 68 52 0 96 72 41 75 21 80 55 71 34 60 76 25 31 50 28 
58 52 39 65 38 34 59 92 88 92 20 41 95 99 48 0 73 72 16 47 24 50 44 73 51 78 51 46 50 21 
52 93 69 11 33 49 99 33 21 87 43 93 42 41 36 37 0 31 59 98 41 91 42 37 12 51 38 10 15 89 
56 23 92 12 78 53 56 37 64 11 73 55 46 96 40 23 79 0 20 16 62 65 42 37 42 79 70 69 50 90 
67 31 61 34 83 90 11 73 96 80 60 36 52 16 25 80 18 62 0 34 13 37 41 90 25 67 13 38 37 47 
16 82 85 45 86 52 22 67 76 91 59 99 99 35 63 38 13 30 16 0 80 87 88 92 53 72 34 33 63 82 
83 91 26 80 74 44 26 13 13 87 56 73 20 65 67 66 55 28 72 63 0 55 34 62 84 50 85 53 20 57 
15 96 45 81 43 95 73 92 32 15 50 94 63 12 78 89 84 45 59 39 31 0 15 19 94 83 29 26 83 36 
97 14 64 58 16 61 77 50 59 81 81 65 96 22 58 33 79 32 82 71 82 68 0 71 81 14 18 44 43 17 
51 76 15 95 14 15 46 11 73 65 24 19 42 27 40 32 85 84 15 58 53 50 82 0 48 80 53 88 64 67 
36 47 76 10 24 71 19 66 84 48 92 88 21 25 55 43 60 74 51 68 36 62 46 74 0 91 61 81 63 74 
53 30 75 75 73 54 60 64 50 52 87 61 50 44 22 98 37 36 51 43 69 29 24 93 36 0 48 13 72 67 
84 66 48 71 67 26 98 16 43 87 38 58 83 77 68 97 25 83 86 81 99 28 33 55 93 41 0 44 51 22 
48 51 49 52 54 16 96 44 25 63 33 67 64 70 91 85 73 13 89 13 29 91 23 63 39 62 44 0 76 37 
77 61 15 79 29 69 76 13 97 52 94 56 18 95 52 35 65 77 91 31 56 24 25 20 43 86 53 13 0 26 
33 80 57 57 12 60 82 18 53 74 31 46 70 74 58 38 81 24 53 53 47 80 59 14 95 53 81 66 14 0 