30
0 98 26 43 60 71 44 80 71 74 95 77 50 71 84 39 46 18 37 36 16 97 21 24 74 74 46 28 34 47 
52 0 34 44 73 74 92 57 17 86 42 32 21 37 66 57 98 78 65 75 16 46 83 75 98 87 63 78 58 12 
52 77 0 39 75 49 97 87 83 31 13 60 29 62 38 48 22 75 45 76 42 15 93 15 33 52 69 95 33 65 
81 29 59 0 75 35 32 99 82 45 94 25 18 36 80 41 49 45 68 67 24 35 74 96 11 83 32 73 61 78 
60 47 77 27 0 42 91 49 85 31 72 91 80 53 14 62 72 20 80 38 85 46 13 47 47 37 74 99 87 62 
82 62 22 67 69 0 43 97 50 22 46 56 83 11 80 21 42 84 89 44 55 79 79 57 28 57 35 27 21 34 
72 34 10 61 43 38 0 26 22 60 64 95 77 17 34 93 16 48 61 43 56 49 93 84 45 24 66 11 60 16 
75 83 58 92 52 72 57 0 63 23 23 80 49 76 79 47 36 61 79 44 50 58 80 98 39 76 60 48 86 59 
18 66 33 34 12 54 72 55 0 15 76 65 67 68 32 41 37 16 90 28 46 56 18 45 87 55 69 15 77 89 
93 35 57 73 74 21 69 77 22 0 62 30 18 24 53 52 82 54 42 64 34 28 22 23 45 28 27 12 68 78 
52 15 73 76 52 52 85 83 96 22 0 87 62 54 67 18 51 45 86 85 54 25 58 43 42 38 98 65 61 59 
44 64 89 71 56 37 15 13 26 60 54 0 38 36 11 69 84 82 78 89 34 32 93 88 73 61 47 13 52 65 
88 91 86 79 70 61 35 23 47 31 57 22 0 42 90 68 30 90 86 75 95 11 80 90 48 89 27 96 51 17 
18 26 47 34 64 68 95 71 56 38 84 15 64 0 27 23 65 22 91 67 99 85 20 67 84 36 71 53 57 76 
73 24 41 87 86 53 78 66 76 76 92 50 31 81 0 96 36 62 52 12 89 68 18 81 75 94 56 14 60 39 
34 86 27 42 62 57 19 44 46 73 27 34 60 75 66 0 19 82 75 39 71 87 22 40 10 65 57 46 48 18 
64 73 71 99 37 63 57 56 62 92 92 20 92 27 77 95 0 10 40 19 67 43 12 61 91 48 23 84 14 30 
42 15 99 84 30 34 38 52 75 47 65 58 73 40 68 44 96 0 95 30 29 58 94 97 19 50 81 84 78 71 
16 25 20 43 42 52 39 88 75 39 90 16 44 74 97 63 95 31 0 72 17 20 47 66 15 91 93 99 86 44 
73 86 57 34 24 52 75 65 30 52 49 54 44 20 48 17 62 72 51 0 13 80 40 38 96 59 31 31 88 86 
95 24 99 79 88 66 78 67 28 71 17 77 22 95 26 75 48 37 80 75 0 65 89 99 78 62 35 29 97 50 
35 44 93 54 99 32 54 60 78 58 78 30 46 25 71 51 91 22 52 28 31 0 79 78 41 15 18 94 76 45 
44 37 80 32 97 11 72 16 89 81 73 51 32 32 28 11 61 69 10 60 10 53 0 44 12 72 66 18 63 38 
31 36 70 38 69 61 91 82 88 99 13 61 53 50 52 77 41 26 85 21 63 59 13 0 23 22 85 45 91 11 
23 25 88 45 41 18 66 75 52 33 56 64 35 35 74 95 11 80 73 64 47 30 61 60 0 86 25 85 61 80 
39 12 81 74 83 72 17 75 65 21 38 39 56 48 42 45 60 74 10 27 75 48 70 48 68 0 52 42 13 93 
43 93 51 78 15 74 66 99 13 96 54 45 77 59 79 69 33 11 31 52 45 82 53 12 69 58 0 82 91 12 
32 68 29 98 23 86 89 26 13 88 52 83 70 26 45 94 86 53 11 88 17 91 68 51 61 22 46 0 45 57 
43 82 80 47 29 26 28 60 47 39 85 17 43 72 58 93 50 55 21 29 85 99 49 14 31 46 82 56 0 22 
22 27 63 79 80 66 14 96 92 28 69 87 94 85 10 41 22 54 94 57 16 21 67 80 16 95 70 93 51 0 