30
0 12 76 76 48 66 80 51 66 89 66 73 68 61 99 15 50 49 47 82 22 72 42 10 52 14 15 61 90 87 
31 0 35 49 19 38 99 27 28 89 73 46 50 66 42 37 34 15 19 85 95 67 24 43 62 16 90 80 60 84 
52 13 0 95 93 70 14 39 22 80 77 97 20 53 45 32 92 79 38 76 10 54 94 64 10 96 54 59 38 84 
62 56 39 0 83 15 55 74 14 57 15 20 29 90 35 33 73 84 57 36 88 42 27 59 41 40 27 49 53 72 
32 75 82 36 0 97 40 19 60 54 82 25 83 56 22 82 77 23 86 95 36 93 24 71 47 89 73 82 13 51 
10 25 98 80 33 0 94 54 94 63 84 31 82 64 90 56 91 26 84 38 78 29 65 15 91 81 14 99 69 34 
26 24 64 57 84 99 0 83 27 65 59 91 55 15 56 90 39 93 91 75 66 66 26 53 76 65 57 25 33 63 
46 14 85 58 36 81 88 0 55 71 38 13 32 60 89 10 43 55 43 10 15 40 66 32 52 35 22 70 48 78 
15 37 39 83 12 41 96 19 0 66 45 77 24 27 70 39 45 50 37 74 39 99 80 95 99 85 85 49 49 93 
78 60 21 27 53 64 27 13 88 0 59 43 24 85 14 40 78 61 78 62 97 27 67 29 59 37 43 78 33 93 
62 38 14 89 36 77 50 23 56 61 0 83 56 48 37 54 79 86 71 66 81 52 82 45 91 21 95 50 89 74 
91 61 54 49 51 80 44 40 69 46 56 0 60 43 13 92 66 49 17 99 96 71 22 61 47 65 39 82 53 52 
83 69 20 96 60 31 56 14 12 52 38 67 0 85 42 33 89 72 44 66 78 30 46 46 51 60 81 57 72 95 
66 16 51 45 45 59 36 73 88 75 28 27 68 0 46 47 60 42 96 17 16 92 20 88 31 20 25 22 97 60 
92 72 66 26 74 90 74 94 40 84 46 91 24 94 0 50 67 68 26 69 70 13 63 13 86 76 64 57 45 63 
81 14 47 84 47 50 89 50 41 56 49 20 41 10 95 0 39 68 96 82 18 29 49 83 46 66 87 67 36 94 
21 99 89 20 44 40 72 72 90 95 36 97 90 78 84 64 0 83 91 49 47 93 26 19 34 10 47 22 82 22 
65 67 26 91 19 85 32 77 75 49 93 93 53 28 92 83 25 0 47 83 30 69 45 86 25 42 69 63 41 60 
10 18 77 25 46 76 28 36 45 54 99 64 41 78 21 37 36 99 0 82 61 95 70 53 23 87 28 94 72 25 
54 97 96 26 60 20 15 69 50 10 43 95 69 42 58 54 70 41 61 0 63 71 27 95 96 32 97 93 80 44 
80 19 69 80 37 49 77 43 85 73 49 37 79 78 71 96 83 80 83 46 0 50 36 65 97 75 42 95 64 83 
60 89 26 45 27 52 64 30 69 36 63 82 43 38 33 17 15 20 41 51 81 0 53 97 73 47 54 98 47 82 
12 93 17 19 98 23 33 85 31 35 31 32 12 87 84 20 46 43 14 50 45 89 0 51 99 80 47 44 71 78 
59 70 22 21 63 15 14 50 24 99 25 27 41 88 54 68 70 53 77 14 48 86 88 0 41 78 48 82 23 17 
60 60 95 22 69 58 47 45 27 17 48 25 78 37 10 48 38 62 22 39 96 50 86 43 0 45 10 49 86 45 
17 78 23 63 32 26 42 66 78 15 20 28 76 60 15 22 85 96 79 61 64 66 37 86 66 0 16 27 44 59 
28 49 94 86 14 24 96 48 53 13 16 66 85 28 23 57 66 81 69 75 63 42 71 50 92 32 0 75 11 55 
31 46 27 90 78 55 72 52 35 73 77 25 31 81 27 39 89 95 20 88 63 24 33 27 74 27 71 0 68 19 
36 77 77 65 29 55 68 54 83 38 48 27 80 52 80 75 79 41 22 45 44 10 12 64 86 16 67 88 0 72 
13 15 25 66 98 82 54 63 60 40 32 66 61 33 33 12 18 24 18 86 82 37 53 14 20 76 49 65 66 0 