30
0 51 65 50 67 11 72 88 39 69 32 46 58 38 83 88 94 66 47 53 35 62 73 60 37 36 62 98 35 19 
50 0 61 43 16 52 66 45 46 85 72 44 30 89 61 83 65 12 49 81 87 58 68 78 25 35 74 93 37 19 
49 67 0 88 28 48 36 82 66 94 70 56 44 17 16 89 81 16 23 79 65 20 91 96 24 71 80 48 73 96 
94 26 42 0 77 33 42 32 20 14 94 78 51 66 35 73 99 18 37 65 82 74 54 34 81 99 14 60 68 13 
33 26 25 28 0 44 70 13 16 59 56 57 93 19 66 20 38 30 14 73 92 94 35 17 94 85 53 51 29 78 
46 69 15 62 31 0 41 69 71 55 45 57 16 70 37 30 62 30 58 23 83 40 17 70 62 42 85 56 57 33 
69 80 22 99 28 36 0 58 83 70 29 47 61 67 25 54 44 45 43 11 46 14 54 85 67 31 99 29 13 85 
40 32 30 40 84 58 30 0 97 32 72 50 95 31 62 75 79 22 22 96 71 48 90 35 96 75 79 60 77 28 
59 89 85 24 38 66 29 23 0 83 80 19 63 12 69 94 56 58 13 31 41 11 24 39 49 37 65 82 66 21 
31 70 34 86 62 80 93 31 17 0 43 93 25 24 67 26 22 54 61 45 86 91 31 64 23 30 47 83 24 46 
42 43 82 67 15 83 70 39 65 34 0 35 64 51 62 49 79 25 90 81 51 37 46 96 16 56 41 49 99 47 
62 73 53 37 61 39 82 18 85 69 17 0 82 41 46 68 44 20 20 27 79 23 25 55 28 58 79 47 85 63 
76 11 18 98 17 11 65 46 80 79 12 69 0 68 45 70 83 38 83 84 29 95 23 61 78 49 52 91 47 90 
40 87 83 71 80 75 24 48 12 90 55 52 13 0 30 14 29 72 25 13 71 47 67 26 36 95 41 67 57 49 
48 32 75 60 52 67 78 89 73 74 52 44 44 77 0 35 73 56 90 85 94 54 60 57 65 21 21 85 92 57 
36 98 86 47 32 25 80 67 98 26 18 33 86 67 76 0 24 19 40 33 38 28 25 12 93 59 32 56 77 80 
12 14 47 97 59 12 11 73 57 31 95 66 70 32 79 59 0 64 92 59 90 57 14 64 35 86 65 67 78 74 
52 37 30 18 96 29 73 15 82 49 84 82 95 87 90 81 60 0 33 37 52 78 75 67 41 12 25 32 10 56 
34 82 31 36 41 30 16 18 85 51 73 74 72 24 81 73 90 32 0 60 81 81 25 20 96 29 26 44 92 80 
53 70 27 86 97 35 56 98 87 29 70 61 95 41 99 39 70 75 93 0 24 31 39 96 11 12 30 61 95 58 
49 46 40 39 95 91 10 55 71 85 32 69 83 93 99 10 58 78 28 70 0 78 30 78 46 18 43 53 31 88 
47 83 22 39 93 26 81 97 77 94 14 27 58 90 39 54 94 83 13 36 31 0 43 18 39 41 61 41 19 91 
28 82 83 64 66 24 82 14 66 67 52 30 38 79 39 46 32 14 45 98 73 58 0 93 30 97 29 35 96 92 
53 99 41 67 37 35 58 17 47 89 30 53 40 25 82 13 57 30 13 73 12 19 55 0 95 46 31 34 31 30 
14 36 20 73 42 19 48 60 87 40 59 75 98 84 98 60 39 37 88 19 28 62 22 46 0 81 59 49 57 24 
74 66 11 74 56 18 73 81 46 93 27 99 96 54 16 45 63 30 16 76 16 64 12 70 84 0 99 62 42 21 
26 28 91 92 51 49 64 62 37 34 73 17 74 83 54 92 59 47 11 35 69 67 18 96 43 13 0 74 25 80 
39 75 68 14 18 75 25 74 61 72 45 78 93 76 61 62 37 54 36 88 61 12 79 11 76 25 62 0 69 60 
37 81 85 91 48 51 13 26 94 62 97 25 49 18 71 34 36 11 17 84 10 83 23 32 23 91 57 31 0 90 
84 10 24 93 52 83 11 50 55 76 69 33 59 44 50 58 74 37 32 83 32 46 52 63 53 29 67 76 51 0 