30
0 16 44 80 27 89 56 37 42 43 10 71 72 44 94 76 95 78 81 83 61 43 25 42 85 71 13 61 74 32 
19 0 41 36 22 14 60 40 69 21 32 94 83 17 51 59 26 80 66 41 54 24 27 81 86 77 57 23 68 78 
74 52 0 88 10 91 35 12 96 80 90 48 24 24 95 70 94 62 10 41 29 96 51 92 20 80 72 78 23 32 
84 22 33 0 13 74 68 47 93 32 27 77 50 49 28 20 87 66 33 13 41 33 71 79 88 26 16 29 94 56 
63 68 11 21 0 83 72 65 14 68 83 20 77 44 25 34 26 86 95 76 85 14 59 19 83 71 73 99 61 50 
56 51 85 55 95 0 60 73 25 46 50 16 60 14 20 36 48 56 12 30 88 18 98 71 12 87 71 38 11 40 
89 78 13 70 20 82 0 48 17 70 40 44 15 68 48 24 93 93 56 43 63 31 96 81 19 81 56 35 27 88 
40 91 88 57 82 39 60 0 57 35 84 11 27 34 41 80 70 75 89 18 62 54 44 76 65 80 48 78 87 15 
55 57 35 65 87 51 20 58 0 38 12 59 13 13 55 57 97 58 65 87 55 31 67 52 96 48 22 76 70 91 
61 69 35 62 77 76 95 36 74 0 30 59 42 55 53 97 93 44 17 38 37 28 64 22 70 26 59 15 48 69 
57 91 51 89 57 49 41 37 81 22 0 78 41 71 70 70 87 49 88 36 52 26 39 44 39 20 91 48 39 29 
32 93 44 60 85 28 52 72 53 88 51 0 62 12 30 29 70 35 65 87 13 69 23 15 16 75 35 55 68 97 
55 55 68 65 69 13 81 22 73 35 50 49 0 49 37 84 94 99 15 10 59 54 67 90 13 80 76 33 97 83 
56 98 72 37 23 94 25 10 62 78 51 98 29 0 84 67 57 82 27 36 20 87 40 67 11 46 83 11 23 39 
32 32 67 93 59 35 96 24 72 44 17 75 31 89 0 85 33 88 93 77 16 26 18 69 51 20 23 30 38 17 
80 88 81 86 80 39 70 76 14 22 50 99 76 14 68 0 71 81 80 38 44 35 53 51 76 18 47 45 55 33 
13 91 76 41 56 96 35 52 59 20 91 26 21 58 45 93 0 77 16 17 12 73 39 98 58 66 99 41 70 12 
69 31 54 83 10 63 68 38 63 70 62 54 40 98 30 63 73 0 85 24 58 67 13 92 81 40 20 86 91 19 
56 15 87 53 67 18 99 23 16 68 31 45 89 70 98 49 15 81 0 89 30 85 99 71 47 83 87 91 66 61 
42 52 51 10 47 41 97 31 35 96 54 66 61 37 28 54 51 38 26 0 14 58 31 57 41 67 30 89 98 56 
56 14 34 30 15 45 82 51 86 10 38 76 44 14 53 93 48 50 34 41 0 36 29 29 26 58 91 51 33 35 
74 99 50 36 31 28 83 62 23 53 32 25 47 57 17 13 26 16 66 94 29 0 59 26 20 73 68 91 36 79 
26 87 72 31 31 60 38 79 94 94 94 96 33 59 27 51 37 73 55 55 73 72 0 50 98 60 59 24 41 19 
11 31 73 10 59 86 22 45 81 66 47 98 56 49 47 90 45 50 79 26 72 79 58 0 45 89 25 63 81 72 
95 74 35 66 41 17 91 57 70 36 73 77 76 12 81 46 47 62 57 66 68 22 57 34 0 97 24 72 26 62 
14 66 71 29 12 98 12 98 40 41 43 35 39 84 61 87 93 21 62 96 67 47 36 54 91 0 68 18 63 32 
12 36 55 28 77 52 73 88 43 69 79 81 87 86 69 50 14 60 44 90 89 48 28 18 88 34 0 10 10 33 
88 88 14 60 83 92 84 83 48 72 88 93 98 48 20 85 47 75 52 90 57 38 86 42 84 66 14 0 78 52 
21 32 29 79 30 54 23 34 98 80 99 37 75 47 66 44 28 75 67 61 28 27 15 12 97 10 40 66 0 57 
35 76 70 22 21 87 96 96 46 32 81 13 61 19 81 58 64 20 53 14 14 29 56 93 67 38 29 69 48 0 