30
0 93 45 75 11 39 93 57 74 97 17 76 45 96 92 29 66 53 38 64 20 84 92 82 39 14 26 73 82 40 
36 0 56 34 95 63 72 45 56 77 54 45 17 26 65 60 45 19 87 96 76 81 54 87 14 44 76 61 87 60 
77 81 0 38 52 71 31 49 10 40 52 44 48 96 68 63 21 14 13 49 68 32 65 73 42 24 61 43 25 95 
17 43 73 0 43 56 18 74 97 46 64 73 29 29 13 97 64 12 48 36 47 88 81 73 94 74 88 93 86 70 
79 73 22 19 0 72 83 67 21 66 58 83 77 38 14 97 15 23 25 48 26 57 13 92 78 86 96 78 16 52 
58 17 66 50 47 0 14 25 88 28 98 60 67 94 18 29 70 59 66 61 85 95 61 49 33 14 94 53 28 53 
79 95 19 78 74 31 0 61 68 28 77 91 86 10 45 11 59 55 81 66 22 64 29 71 33 90 61 90 26 81 
27 57 40 51 81 87 82 0 70 54 70 78 85 36 26 16 90 81 68 65 21 50 59 68 98 87 15 45 31 60 
57 71 66 39 97 53 96 20 0 34 96 64 29 60 39 65 75 15 51 97 59 69 13 79 53 66 43 57 57 42 
85 63 64 53 13 62 42 58 27 0 50 91 26 83 23 86 96 80 77 25 23 61 39 21 60 61 61 46 49 84 
90 50 11 76 60 97 74 35 85 70 0 48 59 85 85 29 21 51 30 81 29 21 24 41 20 23 60 75 52 38 
16 31 46 33 17 34 86 68 64 42 13 0 76 52 48 21 87 67 54 63 83 78 55 80 13 40 22 97 49 82 
57 50 34 36 85 11 61 90 42 77 26 17 0 17 32 67 38 56 41 63 23 70 40 65 78 86 12 68 23 73 
85 64 37 28 38 98 70 85 11 47 75 46 72 0 99 25 82 32 13 54 12 47 84 46 64 62 75 11 20 56 
74 91 13 54 50 59 39 25 58 14 64 75 34 55 0 83 43 74 96 44 62 66 23 69 25 34 70 40 62 19 
29 80 98 96 55 25 30 70 56 86 40 19 82 87 48 0 64 50 79 24 31 58 29 98 46 39 53 63 51 24 
44 22 82 16 23 37 44 96 81 10 34 21 29 80 85 37 0 79 44 16 75 19 18 87 75 65 37 22 10 32 
57 93 13 16 58 35 72 93 11 48 73 19 73 34 99 15 82 0 17 66 61 41 93 80 27 49 42 28 25 96 
64 38 34 73 26 84 30 27 97 69 35 71 22 97 14 78 12 90 0 61 38 97 42 75 51 30 66 51 81 80 
10 64 88 26 65 90 17 20 50 49 46 70 40 65 92 80 78 44 60 0 16 76 11 37 90 44 71 92 18 88 
65 99 68 69 97 93 37 97 23 12 31 37 60 34 83 99 90 56 23 98 0 29 98 82 27 18 29 57 88 79 
64 78 67 25 77 60 84 52 17 14 26 53 48 39 52 27 18 94 81 17 94 0 42 37 38 31 29 98 23 71 
60 81 88 31 43 67 28 23 10 79 78 69 26 17 99 79 89 49 80 25 18 28 0 19 60 67 13 32 77 74 
52 28 59 79 15 14 85 44 95 63 36 56 11 70 41 12 80 41 21 49 32 39 39 0 16 20 73 74 48 63 
78 35 60 92 48 18 39 81 60 28 82 74 39 50 35 90 74 97 57 52 48 81 83 15 0 44 51 87 59 98 
98 24 82 33 13 11 48 62 37 59 68 41 88 15 70 68 13 83 61 77 63 87 40 46 32 0 13 55 98 22 
92 18 26 93 39 94 96 63 43 53 58 51 43 94 70 92 93 59 28 92 52 10 90 83 65 58 0 61 87 90 
69 93 35 96 80 51 69 49 23 89 24 15 78 79 23 73 70 27 15 85 48 47 25 14 54 41 85 0 25 50 
65 55 35 25 58 16 37 94 98 78 18 47 62 97 46 94 29 82 57 20 43 82 68 82 70 21 98 76 0 61 
95 52 86 98 13 95 36 20 81 50 10 21 99 61 32 21 74 78 90 97 37 99 72 84 62 34 41 80 88 0 