30
0 32 32 65 21 83 14 81 20 84 56 73 39 32 11 67 77 16 59 19 51 65 73 19 87 99 78 69 37 17 
72 0 12 15 65 10 32 69 19 31 46 88 33 98 55 64 85 67 67 57 45 73 70 80 64 21 89 94 70 23 
60 37 0 48 52 13 11 65 90 12 32 29 56 81 60 68 78 54 73 32 64 74 69 49 64 23 16 54 31 19 
46 89 92 0 87 92 65 28 30 36 20 51 86 11 71 18 27 27 31 40 16 97 17 90 83 40 58 90 25 62 
13 61 94 51 0 80 37 90 92 13 15 25 14 22 37 45 48 92 62 78 86 47 71 74 13 72 81 52 17 22 
39 38 28 63 33 0 47 73 12 10 16 62 40 95 82 56 12 15 40 78 36 60 88 60 20 78 29 22 73 95 
29 56 71 65 10 32 0 47 79 71 11 54 27 13 64 72 56 23 36 95 46 91 23 47 34 97 57 77 25 43 
93 75 16 84 44 85 34 0 12 75 63 88 21 97 77 76 90 52 87 75 84 28 78 56 19 82 53 97 79 22 
32 73 71 33 51 62 41 11 0 12 81 17 31 14 25 39 42 57 96 18 82 71 23 34 86 17 39 21 85 74 
90 52 17 41 95 72 36 63 73 0 32 84 68 40 69 76 21 42 45 70 90 13 15 80 99 53 31 37 91 98 
32 37 73 96 65 63 10 64 24 79 0 62 31 51 50 62 13 33 54 83 74 95 39 78 58 93 89 71 85 36 
58 98 24 36 57 92 98 91 70 88 15 0 19 71 95 44 43 78 39 89 34 90 28 45 60 96 95 72 87 19 
95 64 86 71 15 85 79 19 20 80 41 50 0 42 38 90 68 84 80 84 88 93 30 78 79 48 54 94 16 86 
24 17 49 86 45 80 74 10 51 19 82 53 20 0 22 98 64 87 77 22 81 31 51 14 45 16 13 69 60 35 
66 54 52 17 45 85 64 40 44 59 35 71 26 33 0 65 68 12 80 23 57 50 40 17 35 51 94 13 62 21 
65 36 78 39 94 94 59 90 88 24 85 65 30 15 50 0 87 79 68 96 37 58 55 85 12 50 49 86 61 51 
34 84 30 45 13 61 37 78 26 68 30 58 51 74 88 52 0 45 22 35 35 35 48 55 62 69 79 63 19 91 
44 57 28 29 87 46 24 10 82 88 37 86 76 72 13 57 49 0 29 45 88 31 46 77 58 71 81 38 22 79 
32 58 27 97 80 73 56 23 54 16 10 40 60 38 22 25 85 91 0 21 89 73 59 87 62 77 31 61 50 72 
63 18 41 18 50 52 27 79 88 54 39 99 69 19 46 21 25 26 36 0 70 12 34 31 93 83 79 68 86 27 
14 57 48 99 70 62 94 29 31 67 45 24 17 83 33 65 20 98 35 68 0 16 22 50 82 82 90 85 80 74 
80 29 74 40 45 57 75 73 22 49 10 26 90 41 92 58 85 74 47 63 99 0 70 42 34 29 73 35 95 84 
68 71 88 89 49 86 62 95 64 69 26 72 63 10 74 81 35 10 98 56 31 20 0 92 96 10 57 65 67 54 
66 37 72 87 72 52 19 36 64 18 34 65 16 90 41 19 77 80 75 58 97 88 40 0 58 74 53 85 39 70 
60 21 45 70 77 26 86 46 22 19 82 88 82 63 71 91 83 65 49 43 92 41 33 19 0 71 57 29 30 99 
85 49 65 13 22 34 81 91 79 96 39 67 43 99 10 74 90 67 38 68 84 46 48 42 90 0 38 84 95 58 
33 94 46 77 13 33 15 30 34 26 85 77 51 87 49 28 25 45 33 12 59 46 15 83 15 69 0 53 82 99 
50 91 73 49 39 34 10 63 72 46 57 69 59 86 87 69 95 71 75 20 29 86 57 65 13 95 61 0 24 92 
71 43 66 60 98 64 14 54 80 10 31 51 30 28 34 17 45 65 47 99 12 72 91 39 16 71 22 39 0 51 
96 31 39 92 61 89 71 15 35 75 54 95 40 17 83 94 52 16 10 32 83 41 12 89 18 53 93 49 89 0 