30
0 39 62 33 35 99 26 15 73 33 69 99 46 86 41 20 56 17 16 80 11 49 69 16 26 60 96 16 31 36 
49 0 23 31 68 49 96 89 68 47 22 51 25 56 15 74 42 74 64 38 69 92 32 79 49 43 91 82 63 63 
73 70 0 79 43 22 46 11 50 74 30 22 39 86 42 13 98 18 71 16 45 89 35 17 13 40 20 14 86 28 
41 83 71 0 94 36 13 34 89 52 36 82 48 22 58 47 38 94 20 51 62 85 88 75 70 90 13 13 38 60 
70 82 54 19 0 79 30 94 10 18 85 72 37 85 32 52 99 51 81 68 60 14 87 98 86 75 45 38 75 97 
53 83 90 24 18 0 98 71 41 83 17 80 84 18 60 48 24 30 32 43 17 28 24 30 74 62 19 48 41 77 
38 29 88 54 33 73 0 43 42 42 51 40 22 35 97 99 63 85 45 62 60 62 83 55 77 17 56 87 85 95 
28 94 86 66 62 17 14 0 12 22 53 54 10 93 87 36 12 82 20 19 83 26 70 97 74 25 73 11 78 58 
86 32 33 43 16 56 46 63 0 14 75 17 83 81 13 22 17 92 28 74 47 61 88 46 86 38 76 59 24 35 
37 85 83 51 88 97 36 93 82 0 63 66 45 65 25 95 53 91 96 52 26 48 57 15 67 74 17 39 71 23 
62 50 67 18 92 83 49 29 44 80 0 86 29 63 13 28 13 11 97 22 40 38 32 84 20 19 34 67 34 88 
28 76 33 50 85 57 83 15 59 78 49 0 50 77 92 47 42 55 37 64 23 29 75 82 32 39 62 48 36 49 
61 28 63 94 91 36 17 95 41 69 89 73 0 18 56 31 50 36 53 90 11 62 36 77 75 15 22 14 20 59 
28 37 93 83 77 12 11 24 43 13 37 99 40 0 43 81 73 24 82 13 23 22 57 56 27 86 46 11 66 68 
82 83 27 49 78 55 78 91 48 15 76 43 78 85 0 59 92 24 68 39 43 81 64 54 16 41 28 93 74 32 
51 56 54 18 90 67 26 46 49 11 74 38 83 22 88 0 10 61 22 33 25 17 90 51 31 27 39 70 90 97 
31 23 18 90 31 77 64 31 63 18 72 36 64 29 89 79 0 61 63 91 39 55 40 65 81 44 44 25 58 17 
77 92 49 59 29 92 85 12 45 74 85 19 18 98 95 58 42 0 55 59 45 82 58 72 92 62 85 49 24 10 
41 65 34 96 39 10 33 76 32 42 28 30 20 59 80 64 32 46 0 81 92 67 86 42 91 31 85 95 15 27 
83 94 97 21 24 43 59 72 38 17 30 98 79 44 83 48 21 70 88 0 11 48 27 32 22 36 13 59 48 90 
22 55 11 34 94 56 70 38 20 55 44 99 35 99 18 17 93 17 79 78 0 13 19 26 96 44 17 34 78 81 
68 45 76 24 74 66 43 93 29 67 31 37 40 63 52 97 51 34 69 78 91 0 28 97 58 95 99 94 48 56 
98 99 43 20 52 75 43 10 56 18 81 83 87 73 82 46 97 75 99 71 17 13 0 42 56 76 73 98 25 89 
69 10 45 23 19 66 15 55 39 21 66 27 78 50 50 71 54 54 65 93 88 69 26 0 58 39 19 96 21 92 
30 86 13 49 34 63 19 37 40 44 95 75 94 18 28 50 27 96 33 62 85 99 18 44 0 36 80 86 99 79 
91 62 69 55 10 72 28 94 24 23 23 67 43 19 53 52 46 48 56 54 91 24 64 32 58 0 51 80 10 15 
99 32 18 30 11 41 65 72 99 59 29 22 77 35 27 63 61 36 67 40 89 62 22 95 64 71 0 41 60 50 
92 13 77 62 20 36 39 43 43 95 77 67 49 20 21 45 34 80 20 86 50 62 35 13 65 62 17 0 13 88 
56 76 85 37 78 34 83 79 23 14 36 44 64 22 49 66 56 52 35 58 52 97 97 96 76 49 61 57 0 41 
84 88 59 60 96 91 86 76 44 37 63 77 40 14 14 11 33 92 16 34 71 98 86 39 58 88 94 11 61 0 