30
0 27 49 77 77 65 86 72 97 20 99 36 43 65 18 26 27 43 79 52 80 10 27 45 61 30 22 42 47 56 
84 0 98 67 76 44 52 69 84 53 40 80 85 64 56 36 64 54 24 78 36 77 43 77 22 20 26 75 88 83 
90 16 0 95 78 88 62 79 75 13 13 65 45 83 70 73 27 92 42 89 97 13 47 62 75 50 15 40 28 52 
37 95 61 0 13 43 10 33 74 72 55 50 15 85 93 32 79 40 73 55 27 91 46 83 33 45 71 16 36 56 
44 32 84 59 0 43 86 13 33 76 16 14 64 92 38 52 14 55 96 51 41 62 24 56 38 71 14 10 88 41 
23 82 59 91 14 0 58 82 72 79 62 57 73 98 54 61 90 94 53 90 84 51 10 18 74 77 55 56 48 65 
24 53 99 91 65 33 0 72 36 65 59 32 40 49 77 65 30 81 74 64 44 93 45 99 34 32 62 30 58 15 
24 80 41 37 79 98 83 0 75 95 95 18 85 86 16 14 50 70 75 69 62 69 78 70 93 72 84 47 32 18 
83 96 33 58 81 32 79 37 0 33 94 86 61 41 97 52 39 61 99 73 35 45 15 10 88 94 49 80 91 27 
94 39 68 64 66 49 17 87 24 0 88 10 88 79 13 30 38 23 65 81 13 20 32 40 70 51 32 14 41 92 
81 92 77 19 23 67 17 85 95 98 0 55 99 78 35 20 20 43 74 97 69 37 68 42 80 17 40 87 55 13 
59 62 72 14 57 94 86 73 57 21 29 0 22 85 14 77 96 22 69 46 65 74 23 64 56 58 50 57 43 13 
35 69 22 86 92 81 97 68 33 46 67 68 0 12 54 44 53 81 94 89 85 34 45 64 15 61 71 87 34 17 
74 71 10 93 86 46 81 24 41 39 24 16 35 0 26 12 40 88 12 37 20 82 71 20 20 43 17 76 69 94 
14 80 49 11 82 61 12 39 20 77 49 98 28 72 0 66 38 75 20 39 39 12 80 28 90 22 38 93 86 52 
97 65 19 30 87 33 35 13 88 27 45 29 39 30 10 0 56 46 60 50 64 99 40 65 53 31 72 83 89 83 
53 42 69 98 32 12 76 69 61 20 65 13 47 92 72 65 0 39 62 88 75 13 24 97 71 13 40 29 56 48 
69 38 37 66 23 90 44 53 73 22 77 58 34 17 40 55 87 0 84 93 75 37 45 65 17 10 58 97 98 64 
13 40 90 43 98 67 46 18 28 38 30 89 85 44 48 64 73 91 0 52 72 30 72 24 24 11 25 66 37 83 
42 88 33 15 37 15 91 80 64 89 19 21 22 83 42 75 76 68 20 0 16 25 31 28 35 40 50 34 11 43 
70 91 67 57 69 68 47 18 32 55 87 68 47 91 48 62 90 75 15 45 0 80 83 12 48 73 33 86 75 78 
44 63 30 95 70 58 62 62 49 22 92 38 24 64 82 77 67 43 47 61 20 0 13 45 64 63 29 88 66 75 
70 62 67 33 75 32 89 87 70 93 36 87 46 64 46 51 32 91 47 10 44 34 0 80 64 72 86 75 18 63 
77 49 19 65 48 41 42 12 18 46 54 89 37 34 49 65 44 57 73 53 69 15 72 0 48 63 24 64 67 10 
23 52 29 34 54 27 18 70 22 34 42 63 16 83 40 88 68 11 97 36 93 41 94 84 0 95 80 88 35 19 
24 47 59 75 46 39 74 78 30 98 37 15 41 47 67 99 50 41 16 68 75 67 25 43 67 0 31 23 19 24 
53 21 67 98 87 35 39 41 49 62 33 62 13 92 55 71 41 53 95 60 18 19 81 52 76 57 0 25 89 20 
80 16 77 54 72 72 66 95 84 71 82 84 10 76 65 27 21 91 27 25 42 65 46 72 16 46 44 0 84 37 
45 99 89 76 63 54 33 36 64 25 61 88 66 86 18 18 94 66 21 83 75 57 35 38 57 43 41 50 0 22 
34 17 12 52 77 52 95 70 83 89 28 85 22 44 84 22 34 96 71 44 94 60 57 61 38 69 23 31 59 0 