30
0 14 15 26 43 80 31 98 78 43 99 71 41 57 25 68 37 46 61 27 35 98 39 98 49 24 53 86 14 30 
61 0 62 57 58 20 30 76 45 15 89 64 23 43 70 27 31 21 56 26 77 73 29 95 47 67 19 79 36 77 
19 96 0 82 40 64 43 80 68 80 66 76 34 98 71 89 63 27 41 66 90 73 40 36 84 74 96 93 72 46 
96 50 27 0 73 15 82 43 38 26 69 98 76 26 39 17 18 74 81 78 34 60 75 65 65 21 25 51 38 80 
67 83 73 16 0 48 97 90 31 43 50 51 23 18 47 93 43 52 47 52 27 73 78 53 37 75 44 92 23 83 
65 54 33 74 20 0 33 10 96 96 24 20 33 90 97 99 10 68 93 20 22 41 86 50 57 13 17 61 66 23 
17 68 63 61 63 55 0 36 67 42 97 66 43 36 82 68 34 16 38 22 70 23 94 39 90 30 23 55 47 10 
73 55 65 38 18 79 15 0 78 12 68 71 72 12 34 97 36 63 87 52 15 54 38 93 96 77 37 88 78 90 
66 70 84 91 76 85 13 65 0 29 87 36 27 27 99 26 48 79 51 79 46 11 13 12 85 66 44 39 56 28 
38 86 79 56 58 60 82 83 46 0 65 50 18 43 14 69 42 88 33 32 13 48 10 84 99 98 89 17 17 73 
90 22 93 97 89 77 43 57 25 86 0 79 55 68 17 34 62 80 10 29 64 11 59 19 98 61 20 91 64 61 
52 62 83 17 11 34 66 14 35 34 74 0 57 71 79 52 64 26 32 57 34 44 56 95 98 49 28 49 89 33 
86 31 23 92 16 31 61 50 19 47 26 35 0 90 19 27 80 67 85 39 77 74 34 36 87 23 19 49 94 72 
56 99 99 62 21 67 92 37 77 24 55 15 46 0 60 28 21 93 28 12 14 34 41 51 69 19 37 44 33 98 
49 20 57 59 10 60 90 59 30 27 39 52 27 47 0 60 41 32 94 58 23 31 76 72 20 95 50 94 42 17 
93 83 96 90 88 64 48 36 82 36 25 23 50 12 54 0 13 68 16 95 81 78 26 36 62 50 32 28 72 39 
21 57 91 78 30 27 73 49 49 85 55 11 60 97 60 25 0 35 68 68 76 96 91 12 67 66 13 73 32 12 
16 94 61 54 14 57 36 65 64 46 46 21 98 83 38 79 23 0 27 79 89 51 20 72 73 87 61 88 35 13 
29 31 54 14 52 66 61 28 67 76 97 19 99 78 24 11 52 98 0 72 66 52 73 56 16 93 59 98 34 20 
75 64 47 41 98 79 92 51 11 80 93 14 98 44 30 68 97 25 47 0 14 10 87 63 10 23 97 53 78 35 
51 38 61 65 65 98 88 51 39 75 96 73 42 14 65 56 65 35 83 94 0 46 50 94 70 94 65 40 60 20 
69 94 29 56 68 95 39 62 14 92 49 52 11 50 71 58 43 84 80 31 83 0 21 54 65 59 10 26 92 28 
55 61 72 40 93 16 73 39 53 97 45 32 97 44 84 74 59 88 60 10 83 52 0 20 20 83 76 95 79 86 
64 39 27 78 37 31 66 11 63 21 40 69 74 64 28 71 74 22 39 91 76 85 24 0 70 72 15 58 26 41 
49 38 26 20 76 15 23 73 30 80 39 44 74 63 95 23 43 71 18 61 76 99 52 36 0 43 76 46 47 24 
68 55 10 51 27 78 96 15 11 27 57 30 73 66 39 41 99 28 76 23 72 62 20 55 31 0 95 33 64 30 
57 28 72 31 10 55 92 19 42 94 88 57 68 68 57 10 55 38 20 47 60 20 21 72 58 17 0 35 69 82 
70 38 99 98 62 67 80 18 34 89 72 61 22 41 54 68 11 12 77 74 44 48 80 41 75 28 85 0 44 69 
13 15 47 82 23 73 65 32 70 65 25 53 18 25 79 41 31 76 93 90 78 76 77 90 12 61 75 58 0 53 
19 94 81 64 41 96 66 47 34 37 37 86 55 23 67 74 14 33 82 65 29 29 13 83 81 29 97 13 75 0 