110
0 21 40 38 16 34 86 50 17 90 95 49 83 35 97 78 36 83 22 57 19 84 56 75 24 88 94 33 21 44 87 67 94 34 53 32 74 98 17 92 70 83 44 67 24 32 17 32 55 23 56 87 21 48 84 66 78 29 85 35 76 17 65 17 28 24 87 77 98 72 56 74 36 60 32 66 52 90 83 99 40 79 73 57 39 60 79 38 84 29 18 43 65 20 67 78 36 17 60 86 53 69 71 51 98 74 39 66 49 22
21 0 53 39 87 50 73 17 44 95 38 56 56 46 55 54 12 51 11 50 90 50 90 81 75 94 41 92 86 43 15 30 93 31 25 20 65 30 22 99 83 79 83 32 12 49 18 86 12 12 99 74 28 20 12 57 35 32 20 79 76 99 19 88 39 83 43 54 15 99 88 64 88 93 57 20 73 35 77 22 84 73 66 15 92 99 94 24 28 44 63 65 74 26 14 24 44 42 82 56 93 70 61 96 93 45 21 55 22 38
40 53 0 14 21 78 55 42 72 43 11 86 53 51 77 98 65 25 73 54 63 68 53 36 98 29 94 90 11 27 90 26 63 54 68 23 78 63 42 37 57 23 54 83 93 64 32 93 33 76 58 50 40 97 22 58 72 85 82 74 78 23 24 42 14 63 85 27 33 95 39 43 78 53 58 23 81 15 64 11 65 32 53 49 90 67 88 53 76 74 24 87 53 56 93 23 95 23 23 82 59 20 75 72 15 99 41 32 60 58
38 39 14 0 91 12 91 64 94 56 39 58 90 22 83 97 10 33 18 44 53 89 57 98 45 96 51 65 83 15 40 28 98 34 90 41 99 38 87 71 71 78 27 14 70 22 52 21 61 88 75 16 62 77 23 58 48 22 72 94 44 90 31 20 50 44 88 29 87 90 56 48 34 73 14 34 61 53 82 67 73 71 98 54 72 91 97 39 54 39 68 67 61 99 37 66 64 80 94 52 66 82 34 82 20 68 84 24 73 28
16 87 21 91 0 35 74 36 28 65 82 84 34 30 59 57 69 22 35 42 83 10 66 20 60 54 67 13 41 64 49 56 66 46 92 92 76 29 75 66 65 78 68 54 51 57 67 97 68 14 65 40 78 88 22 65 60 37 30 78 11 68 18 50 54 49 87 80 69 45 47 45 27 18 22 32 93 74 87 98 78 38 94 90 50 76 42 35 33 89 94 86 79 48 26 64 49 42 54 47 38 91 45 45 72 85 82 60 66 21
34 50 78 12 35 0 46 10 78 51 45 44 89 69 89 47 97 62 99 80 42 39 97 58 80 96 19 61 53 65 15 64 54 53 16 43 49 97 56 61 15 80 32 51 12 90 37 62 30 44 14 58 30 10 27 42 77 77 11 77 39 71 71 27 76 88 57 19 97 22 11 36 59 37 50 76 57 53 70 79 93 75 36 39 37 66 51 20 14 81 37 12 30 10 36 81 20 20 42 57 23 32 53 99 44 50 11 32 98 35
86 73 55 91 74 46 0 99 18 55 96 40 21 16 98 34 33 64 76 86 82 60 74 22 25 98 88 31 80 72 26 73 59 70 55 20 63 83 77 90 69 33 77 60 54 44 48 31 18 78 48 36 76 43 14 57 31 60 91 21 94 37 85 12 60 43 68 39 39 32 69 67 78 54 95 62 33 16 17 46 29 39 55 90 25 28 10 18 91 58 27 17 58 84 71 36 87 55 82 27 82 60 98 89 61 90 45 74 32 29
50 17 42 64 36 10 99 0 13 61 92 13 46 27 45 54 61 47 11 84 72 85 21 74 15 99 54 63 97 12 41 45 91 75 56 88 94 43 11 69 44 58 97 38 35 26 62 70 52 21 70 81 71 52 17 45 74 56 26 94 36 36 48 15 77 10 24 83 64 34 27 23 79 98 45 36 32 90 23 79 76 86 69 75 44 61 75 91 12 15 24 31 25 83 61 91 15 36 78 83 96 47 96 41 12 93 81 90 20 39
17 44 72 94 28 78 18 13 0 22 48 99 39 97 49 28 37 14 33 33 56 47 45 97 27 37 76 81 82 74 39 61 14 66 74 77 10 58 41 67 45 68 69 62 32 13 93 93 83 33 11 64 41 98 52 71 37 30 86 17 26 69 38 77 94 35 23 92 97 39 34 30 57 41 46 78 46 41 10 74 84 32 22 62 11 28 67 98 85 67 32 49 60 37 94 98 90 17 10 16 54 32 98 19 10 11 79 66 43 73
90 95 43 56 65 51 55 61 22 0 33 79 63 11 36 19 51 89 66 76 71 96 45 13 28 36 72 88 30 89 79 57 50 86 44 48 60 90 27 71 31 46 61 69 33 98 38 20 35 69 97 26 55 37 99 91 92 88 23 28 59 77 72 67 41 66 88 10 95 41 43 70 10 40 78 29 89 95 25 30 74 83 49 82 16 40 76 39 66 92 63 70 83 76 79 41 18 82 30 69 34 54 80 62 74 90 69 28 49 13
95 38 11 39 82 45 96 92 48 33 0 94 19 47 49 86 12 34 55 88 85 67 69 29 93 54 16 13 33 91 81 89 10 51 82 77 60 18 38 38 39 62 33 56 16 28 46 28 75 34 75 69 10 83 27 84 42 10 35 34 99 90 64 26 61 87 72 21 34 51 18 56 67 70 44 80 81 25 59 43 48 63 97 56 37 57 35 11 21 40 50 64 88 59 81 17 83 49 62 75 28 59 51 84 44 94 18 14 68 49
49 56 86 58 84 44 40 13 99 79 94 0 55 75 64 53 27 27 57 20 65 68 84 62 13 46 12 31 44 43 62 34 61 87 21 84 87 97 25 21 46 23 26 71 74 38 12 28 87 35 22 81 16 66 18 27 71 55 13 91 63 62 25 39 77 87 12 83 21 81 81 50 96 81 45 29 73 23 52 13 55 90 98 31 29 79 72 61 52 14 15 37 42 48 91 74 90 54 45 80 36 84 33 60 86 18 18 36 26 51
83 56 53 90 34 89 21 46 39 63 19 55 0 76 89 32 29 82 95 51 78 92 10 62 41 90 47 19 36 63 37 75 16 12 37 12 71 44 84 58 33 97 52 85 19 93 18 93 86 19 63 26 32 81 19 13 34 36 37 88 39 57 62 55 81 17 59 37 39 37 79 89 48 76 54 74 56 75 21 59 64 54 17 92 59 80 36 41 66 39 58 35 22 71 22 71 13 52 54 93 55 81 24 12 72 37 85 44 36 28
35 46 51 22 30 69 16 27 97 11 47 75 76 0 37 13 58 76 15 24 93 68 70 29 47 41 68 94 93 46 80 91 36 96 70 72 34 23 29 77 75 27 24 54 75 80 58 92 34 11 52 77 93 22 89 24 66 85 65 76 55 50 57 50 10 63 96 37 93 50 20 96 50 43 23 99 31 10 50 38 22 46 34 50 49 91 42 19 64 27 31 53 16 17 47 78 74 56 77 84 40 97 94 78 26 41 12 14 17 41
97 55 77 83 59 89 98 45 49 36 49 64 89 37 0 48 86 26 27 29 15 80 56 39 83 98 39 38 24 82 96 79 95 27 92 13 24 38 86 16 35 89 30 15 60 96 51 50 52 21 79 73 86 71 26 82 10 47 42 14 53 71 98 77 72 98 28 23 80 53 83 68 33 43 42 32 39 61 93 52 34 65 64 72 35 93 54 91 24 96 30 86 61 41 63 63 47 98 25 52 44 81 92 51 47 94 64 34 72 25
78 54 98 97 57 47 34 54 28 19 86 53 32 13 48 0 43 76 84 89 19 14 65 77 39 50 59 12 79 70 73 98 73 16 31 32 94 63 67 68 45 58 62 54 30 66 78 80 57 44 47 41 65 33 35 97 40 12 31 37 22 48 42 89 13 12 94 12 81 60 48 18 81 53 80 33 87 21 24 23 19 27 65 45 52 38 80 40 37 91 33 53 65 88 11 59 90 75 36 41 29 43 25 54 90 52 92 67 81 69
36 12 65 10 69 97 33 61 37 51 12 27 29 58 86 43 0 95 43 24 47 53 21 53 53 49 87 47 54 16 66 50 64 55 56 21 59 31 31 50 87 54 23 67 81 76 54 71 60 78 34 41 51 74 13 25 56 65 21 81 78 81 42 42 38 24 28 91 50 12 14 51 22 14 19 11 62 45 13 51 52 36 22 44 43 63 87 90 35 26 78 11 34 53 37 37 38 50 66 23 31 80 49 98 67 82 90 93 46 69
83 51 25 33 22 62 64 47 14 89 34 27 82 76 26 76 95 0 79 32 78 45 79 16 56 57 80 90 44 24 62 38 53 92 59 24 85 25 55 78 23 45 86 40 98 82 57 55 56 76 18 86 19 87 45 73 58 11 29 29 65 82 33 22 75 53 87 80 87 69 94 72 19 53 20 36 89 94 90 42 21 22 79 96 42 37 80 60 41 61 81 63 24 54 93 71 81 70 63 46 57 66 18 15 47 11 29 48 50 69
22 11 73 18 35 99 76 11 33 66 55 57 95 15 27 84 43 79 0 26 82 41 14 23 84 31 97 33 89 29 27 85 15 14 79 62 32 10 61 94 47 44 39 65 82 96 75 16 63 91 86 54 72 18 85 66 48 65 84 17 61 99 21 27 53 93 49 89 48 36 38 36 62 64 57 24 15 95 12 61 13 65 27 81 94 68 16 78 91 99 46 96 72 74 83 23 74 26 37 49 54 51 47 71 10 46 14 23 32 40
57 50 54 44 42 80 86 84 33 76 88 20 51 24 29 89 24 32 26 0 45 62 15 63 20 89 96 50 24 20 77 73 48 61 26 92 32 53 41 35 97 51 49 33 47 95 60 89 74 86 73 54 95 52 29 55 81 54 44 50 97 65 23 67 92 41 97 66 65 84 28 64 67 32 58 30 30 34 53 78 12 56 69 81 72 45 73 85 78 70 98 99 78 32 17 33 30 29 65 94 28 79 54 35 96 41 95 12 14 14
19 90 63 53 83 42 82 72 56 71 85 65 78 93 15 19 47 78 82 45 0 82 36 60 84 66 46 36 92 82 45 81 79 85 25 50 93 88 72 53 46 11 45 46 12 36 47 48 92 75 81 13 83 58 52 42 25 55 35 48 14 95 49 71 69 60 76 31 13 97 63 16 97 93 95 99 20 45 39 86 58 71 53 33 23 11 49 72 95 20 34 66 19 18 12 39 49 26 52 26 54 94 22 71 30 62 41 18 51 79
84 50 68 89 10 39 60 85 47 96 67 68 92 68 80 14 53 45 41 62 82 0 59 75 71 23 46 78 50 72 10 95 18 65 10 60 56 48 23 16 60 87 50 49 65 24 84 99 20 96 62 46 65 66 45 33 93 52 42 85 71 21 67 28 15 60 22 22 58 41 31 55 24 72 51 50 15 26 52 97 30 11 25 67 97 69 85 54 71 58 71 94 55 13 92 69 64 39 29 48 72 11 59 65 48 36 58 84 31 41
56 90 53 57 66 97 74 21 45 45 69 84 10 70 56 65 21 79 14 15 36 59 0 33 53 56 11 84 29 25 39 61 78 32 43 62 63 42 82 12 99 14 54 91 17 16 36 24 41 53 16 98 90 61 41 30 16 52 75 14 69 92 96 10 50 67 75 40 65 34 41 10 47 36 43 83 16 39 46 99 39 36 12 91 82 13 62 62 45 18 32 50 73 10 58 41 54 54 22 82 36 41 73 39 28 44 24 13 41 63
75 81 36 98 20 58 22 74 97 13 29 62 62 29 39 77 53 16 23 63 60 75 33 0 27 45 54 84 30 47 19 99 28 29 30 69 87 44 89 80 62 80 41 96 55 72 40 93 56 25 61 73 20 94 87 50 23 39 78 52 43 89 81 32 87 11 71 89 66 65 86 65 48 66 47 58 59 65 37 41 75 91 87 58 20 31 20 71 84 12 13 55 73 16 54 83 84 71 11 92 64 85 57 23 98 49 79 75 93 24
24 75 98 45 60 80 25 15 27 28 93 13 41 47 83 39 53 56 84 20 84 71 53 27 0 63 40 14 94 95 69 31 97 55 27 33 78 64 84 55 69 83 87 90 48 81 35 75 20 87 95 99 21 95 83 28 50 48 59 74 32 44 59 41 74 20 31 18 24 50 98 47 56 24 92 58 18 12 29 30 75 96 73 75 29 10 32 33 90 48 57 44 77 35 21 66 54 87 24 37 53 90 49 68 51 74 68 39 17 12
88 94 29 96 54 96 98 99 37 36 54 46 90 41 98 50 49 57 31 89 66 23 56 45 63 0 78 61 78 88 80 69 36 73 85 78 98 95 85 32 22 72 61 14 18 36 48 20 93 50 99 14 98 90 49 98 73 53 92 25 85 48 59 52 69 94 65 43 62 70 43 74 82 97 36 85 79 10 36 61 63 78 78 13 79 76 53 63 85 85 19 91 78 11 63 51 43 39 91 14 70 20 76 83 66 82 52 86 97 29
94 41 94 51 67 19 88 54 76 72 16 12 47 68 39 59 87 80 97 96 46 46 11 54 40 78 0 27 90 77 78 75 99 74 18 24 95 22 61 47 25 21 57 90 53 74 43 97 88 13 67 29 65 12 52 74 15 97 31 12 16 47 92 61 81 17 43 64 76 46 20 53 16 85 49 79 66 45 31 67 94 51 36 39 56 17 54 85 99 91 23 32 35 66 69 92 82 69 41 18 99 33 67 67 45 65 10 22 77 74
33 92 90 65 13 61 31 63 81 88 13 31 19 94 38 12 47 90 33 50 36 78 84 84 14 61 27 0 15 56 35 51 92 25 45 72 84 92 42 25 90 82 75 40 24 24 88 37 26 17 23 12 31 77 62 73 96 93 83 58 46 49 19 32 21 72 92 85 85 89 22 20 54 54 88 93 60 39 29 12 44 97 91 41 52 21 59 14 75 83 68 98 54 78 75 58 68 93 51 28 86 30 90 77 78 29 46 98 76 41
21 86 11 83 41 53 80 97 82 30 33 44 36 93 24 79 54 44 89 24 92 50 29 30 94 78 90 15 0 38 78 44 21 22 77 91 10 45 42 79 19 46 71 43 75 92 92 27 10 24 80 44 50 89 81 61 62 17 22 45 87 54 84 42 93 86 61 58 40 14 74 52 60 32 72 76 41 70 51 56 66 40 63 99 11 15 59 86 50 61 13 83 99 24 78 96 65 11 26 22 71 39 27 91 96 55 12 51 12 91
44 43 27 15 64 65 72 12 74 89 91 43 63 46 82 70 16 24 29 20 82 72 25 47 95 88 77 56 38 0 12 17 84 90 46 41 57 13 55 97 31 12 88 64 80 56 86 22 42 75 63 92 54 41 39 22 14 84 64 50 67 17 84 79 10 21 61 84 79 54 67 78 25 21 34 90 65 20 39 90 50 99 58 90 24 38 73 83 41 32 20 76 48 95 73 85 79 16 33 33 76 48 30 84 68 14 34 88 83 74
87 15 90 40 49 15 26 41 39 79 81 62 37 80 96 73 66 62 27 77 45 10 39 19 69 80 78 35 78 12 0 80 86 41 15 11 69 98 93 97 70 83 64 36 50 77 31 81 66 69 46 84 66 25 45 76 79 24 85 79 86 72 99 24 17 47 51 87 18 27 96 64 39 48 60 42 70 94 89 58 80 62 89 21 95 32 88 86 48 35 99 87 10 57 69 91 83 69 34 84 24 60 98 85 94 57 87 66 67 59
67 30 26 28 56 64 73 45 61 57 89 34 75 91 79 98 50 38 85 73 81 95 61 99 31 69 75 51 44 17 80 0 10 47 48 62 65 62 23 87 55 69 26 16 53 42 76 90 52 44 30 27 89 86 59 56 65 85 45 82 27 10 61 77 54 47 93 95 19 40 76 29 98 71 75 18 42 99 22 43 26 69 16 54 18 24 93 16 64 99 30 58 50 28 97 47 86 98 90 72 76 75 63 49 48 13 68 85 88 89
94 93 63 98 66 54 59 91 14 50 10 61 16 36 95 73 64 53 15 48 79 18 78 28 97 36 99 92 21 84 86 10 0 34 99 70 64 18 43 54 34 27 47 32 96 65 54 40 38 10 68 27 31 69 87 41 79 68 58 96 41 62 21 76 57 30 35 67 12 40 23 62 23 18 85 31 30 12 45 59 22 88 21 30 14 35 53 75 82 79 87 12 64 66 68 65 75 82 75 98 60 69 20 22 67 64 28 89 89 64
34 31 54 34 46 53 70 75 66 86 51 87 12 96 27 16 55 92 14 61 85 65 32 29 55 73 74 25 22 90 41 47 34 0 67 92 84 56 49 19 25 41 19 68 94 36 56 74 92 16 86 56 18 32 28 89 63 90 56 76 82 20 84 81 54 35 81 45 79 80 74 98 60 22 78 98 49 91 36 33 28 29 39 22 58 59 15 35 41 28 90 62 62 55 72 77 57 20 90 38 12 99 94 16 94 82 24 77 12 64
53 25 68 90 92 16 55 56 74 44 82 21 37 70 92 31 56 59 79 26 25 10 43 30 27 85 18 45 77 46 15 48 99 67 0 76 77 19 11 96 12 81 45 72 63 17 77 47 91 54 64 74 84 20 55 87 53 91 29 13 69 57 52 28 74 64 60 36 39 29 41 23 11 30 57 98 83 30 84 63 22 87 65 61 61 84 39 73 82 56 46 90 45 95 34 23 68 61 77 82 98 52 88 32 29 92 66 52 98 68
32 20 23 41 92 43 20 88 77 48 77 84 12 72 13 32 21 24 62 92 50 60 62 69 33 78 24 72 91 41 11 62 70 92 76 0 82 43 57 17 57 34 62 87 99 90 55 16 86 63 13 20 64 69 20 67 25 17 50 32 57 77 52 72 16 23 13 61 88 84 63 75 74 41 72 98 31 46 13 89 10 40 44 15 83 44 22 73 91 41 15 98 75 87 33 78 21 96 42 12 12 84 44 29 30 85 32 49 58 57
74 65 78 99 76 49 63 94 10 60 60 87 71 34 24 94 59 85 32 32 93 56 63 87 78 98 95 84 10 57 69 65 64 84 77 82 0 12 91 58 16 10 91 30 23 93 39 66 41 28 12 95 29 29 61 76 32 44 25 72 42 88 74 48 92 89 18 55 31 67 97 91 12 64 19 16 54 19 24 85 40 57 73 22 41 46 16 78 15 54 43 41 67 32 96 89 15 79 87 36 85 88 40 48 44 53 65 49 11 70
98 30 63 38 29 97 83 43 58 90 18 97 44 23 38 63 31 25 10 53 88 48 42 44 64 95 22 92 45 13 98 62 18 56 19 43 12 0 14 89 12 78 35 19 94 86 32 23 17 28 20 17 68 48 17 36 61 65 39 29 99 63 76 68 97 79 27 27 34 14 41 48 90 90 76 81 72 85 19 43 71 40 36 70 67 75 10 19 49 93 70 65 36 80 98 79 29 57 53 70 11 81 17 62 86 41 26 92 67 68
17 22 42 87 75 56 77 11 41 27 38 25 84 29 86 67 31 55 61 41 72 23 82 89 84 85 61 42 42 55 93 23 43 49 11 57 91 14 0 71 83 27 39 56 53 17 30 68 25 55 32 83 96 30 59 32 64 68 24 78 94 39 94 63 61 80 32 68 41 81 17 97 26 78 96 89 23 12 43 68 17 79 26 67 52 56 81 16 59 47 93 85 98 80 20 30 23 95 52 15 77 79 80 69 33 78 25 62 55 95
92 99 37 71 66 61 90 69 67 71 38 21 58 77 16 68 50 78 94 35 53 16 12 80 55 32 47 25 79 97 97 87 54 19 96 17 58 89 71 0 14 38 66 17 67 38 52 74 78 29 45 56 40 45 70 17 81 85 67 49 24 50 23 86 34 50 48 28 72 61 73 42 84 99 52 43 90 99 48 16 78 12 22 60 40 91 43 37 12 20 49 66 41 53 83 28 49 63 32 88 13 48 58 91 36 52 99 89 71 72
70 83 57 71 65 15 69 44 45 31 39 46 33 75 35 45 87 23 47 97 46 60 99 62 69 22 25 90 19 31 70 55 34 25 12 57 16 12 83 14 0 59 30 73 66 51 36 26 26 70 89 69 18 13 36 49 44 44 33 88 48 70 40 93 12 66 55 71 39 91 85 69 70 16 21 23 76 58 44 62 21 22 31 41 66 51 53 34 75 80 16 19 63 25 70 76 69 71 54 88 30 69 28 64 31 88 28 87 61 97
83 79 23 78 78 80 33 58 68 46 62 23 97 27 89 58 54 45 44 51 11 87 14 80 83 72 21 82 46 12 83 69 27 41 81 34 10 78 27 38 59 0 33 24 27 13 71 60 74 94 33 49 67 13 22 94 89 35 37 42 72 98 35 49 28 45 66 29 31 90 46 68 23 44 11 73 93 21 73 22 13 65 50 55 80 49 55 26 63 17 86 39 27 27 42 48 42 34 29 66 53 74 36 94 82 84 82 16 49 33
44 83 54 27 68 32 77 97 69 61 33 26 52 24 30 62 23 86 39 49 45 50 54 41 87 61 57 75 71 88 64 26 47 19 45 62 91 35 39 66 30 33 0 58 35 27 38 46 98 61 89 89 56 84 20 87 32 65 63 82 80 64 95 14 77 96 68 76 36 95 60 67 76 76 76 52 95 32 96 26 51 34 34 20 53 77 39 81 81 70 85 72 88 81 74 35 38 56 22 66 86 35 12 96 15 82 42 62 84 71
67 32 83 14 54 51 60 38 62 69 56 71 85 54 15 54 67 40 65 33 46 49 91 96 90 14 90 40 43 64 36 16 32 68 72 87 30 19 56 17 73 24 58 0 28 31 50 80 42 84 37 10 97 33 93 54 17 45 82 31 78 11 44 26 12 26 41 47 44 73 21 78 46 42 51 19 68 91 70 48 45 47 62 20 68 35 57 99 19 27 98 38 88 17 78 20 99 55 48 63 75 37 85 33 15 89 99 48 64 92
24 12 93 70 51 12 54 35 32 33 16 74 19 75 60 30 81 98 82 47 12 65 17 55 48 18 53 24 75 80 50 53 96 94 63 99 23 94 53 67 66 27 35 28 0 32 74 59 54 90 33 90 27 22 21 24 15 71 27 14 88 68 71 52 34 21 12 19 54 26 23 61 92 22 79 25 77 62 62 37 36 82 40 68 19 48 52 25 42 68 38 37 22 68 77 35 48 19 42 48 26 27 44 91 30 80 97 80 26 81
32 49 64 22 57 90 44 26 13 98 28 38 93 80 96 66 76 82 96 95 36 24 16 72 81 36 74 24 92 56 77 42 65 36 17 90 93 86 17 38 51 13 27 31 32 0 73 95 57 87 45 83 28 14 99 29 80 81 39 46 70 94 86 72 10 47 18 34 18 91 49 73 76 50 60 97 23 77 64 77 46 62 94 15 67 57 59 50 83 44 36 69 26 53 23 59 14 64 69 32 10 36 85 47 18 42 78 58 76 78
17 18 32 52 67 37 48 62 93 38 46 12 18 58 51 78 54 57 75 60 47 84 36 40 35 48 43 88 92 86 31 76 54 56 77 55 39 32 30 52 36 71 38 50 74 73 0 29 14 10 54 51 58 15 85 74 43 76 67 51 58 21 16 87 95 31 36 51 85 18 45 68 37 87 65 83 32 72 41 31 47 68 52 28 95 58 31 84 50 33 42 37 68 59 74 53 53 47 12 87 56 71 17 20 29 18 95 18 96 65
32 86 93 21 97 62 31 70 93 20 28 28 93 92 50 80 71 55 16 89 48 99 24 93 75 20 97 37 27 22 81 90 40 74 47 16 66 23 68 74 26 60 46 80 59 95 29 0 96 94 37 14 70 34 74 68 61 37 42 54 49 95 45 26 58 67 45 18 60 42 61 91 21 83 28 57 39 58 53 12 37 77 24 18 72 34 55 56 66 83 26 28 99 57 31 61 11 96 20 80 87 70 16 79 42 83 55 84 25 61
55 12 33 61 68 30 18 52 83 35 75 87 86 34 52 57 60 56 63 74 92 20 41 56 20 93 88 26 10 42 66 52 38 92 91 86 41 17 25 78 26 74 98 42 54 57 14 96 0 52 66 29 13 88 79 29 42 46 89 98 95 12 28 45 50 77 68 14 61 25 57 49 41 15 53 52 41 45 31 94 16 47 62 18 61 44 39 99 35 30 10 56 53 86 62 89 47 36 92 80 50 25 97 79 90 58 73 12 34 67
23 12 76 88 14 44 78 21 33 69 34 35 19 11 21 44 78 76 91 86 75 96 53 25 87 50 13 17 24 75 69 44 10 16 54 63 28 28 55 29 70 94 61 84 90 87 10 94 52 0 30 73 18 87 20 80 52 25 40 47 84 62 73 97 85 71 16 90 57 29 96 55 81 62 72 98 36 70 17 67 39 79 57 99 17 75 45 98 24 19 56 82 41 55 39 48 11 90 87 47 30 34 18 55 70 86 28 98 87 24
56 99 58 75 65 14 48 70 11 97 75 22 63 52 79 47 34 18 86 73 81 62 16 61 95 99 67 23 80 63 46 30 68 86 64 13 12 20 32 45 89 33 89 37 33 45 54 37 66 30 0 40 99 34 10 30 62 36 54 69 20 40 55 63 73 76 49 86 56 32 89 94 42 64 61 26 63 54 69 62 56 41 21 51 57 99 60 32 34 19 61 81 47 34 98 44 93 10 63 61 57 32 26 19 14 66 49 97 76 52
87 74 50 16 40 58 36 81 64 26 69 81 26 77 73 41 41 86 54 54 13 46 98 73 99 14 29 12 44 92 84 27 27 56 74 20 95 17 83 56 69 49 89 10 90 83 51 14 29 73 40 0 19 39 44 97 66 29 37 25 38 82 31 41 41 89 64 66 94 80 63 10 18 47 34 36 36 78 22 53 60 68 54 55 99 23 50 38 49 76 48 83 38 15 58 98 41 50 85 51 64 42 63 30 79 99 75 87 28 81
21 28 40 62 78 30 76 71 41 55 10 16 32 93 86 65 51 19 72 95 83 65 90 20 21 98 65 31 50 54 66 89 31 18 84 64 29 68 96 40 18 67 56 97 27 28 58 70 13 18 99 19 0 82 25 68 44 31 55 10 33 15 47 61 81 92 12 18 15 90 10 31 84 36 26 81 93 98 83 85 14 61 95 36 74 73 21 68 51 40 68 57 95 25 12 10 36 92 94 62 23 14 51 64 16 89 56 40 90 48
48 20 97 77 88 10 43 52 98 37 83 66 81 22 71 33 74 87 18 52 58 66 61 94 95 90 12 77 89 41 25 86 69 32 20 69 29 48 30 45 13 13 84 33 22 14 15 34 88 87 34 39 82 0 49 11 59 94 67 71 53 99 55 28 19 61 97 73 54 90 95 76 52 73 87 91 52 50 77 30 71 37 29 84 10 43 20 91 18 15 27 25 43 23 99 82 96 23 41 32 90 58 24 42 39 56 50 66 32 39
84 12 22 23 22 27 14 17 52 99 27 18 19 89 26 35 13 45 85 29 52 45 41 87 83 49 52 62 81 39 45 59 87 28 55 20 61 17 59 70 36 22 20 93 21 99 85 74 79 20 10 44 25 49 0 21 73 29 68 95 39 86 12 27 19 69 49 98 46 66 10 78 57 86 37 15 17 50 28 74 52 28 63 71 54 78 46 64 67 91 68 83 63 26 52 69 99 87 88 72 80 74 11 76 30 37 98 33 91 39
66 57 58 58 65 42 57 45 71 91 84 27 13 24 82 97 25 73 66 55 42 33 30 50 28 98 74 73 61 22 76 56 41 89 87 67 76 36 32 17 49 94 87 54 24 29 74 68 29 80 30 97 68 11 21 0 36 53 36 14 14 76 64 24 19 46 82 66 55 61 97 23 16 82 51 29 42 25 11 26 31 42 73 79 13 44 99 31 24 52 24 11 36 22 75 80 36 27 64 92 71 60 22 16 14 39 49 13 28 42
78 35 72 48 60 77 31 74 37 92 42 71 34 66 10 40 56 58 48 81 25 93 16 23 50 73 15 96 62 14 79 65 79 63 53 25 32 61 64 81 44 89 32 17 15 80 43 61 42 52 62 66 44 59 73 36 0 85 11 26 45 45 12 91 16 75 61 40 63 43 64 49 65 31 11 80 39 43 33 65 48 71 63 49 44 28 29 12 71 81 74 42 16 58 65 77 87 88 50 16 33 21 89 38 41 35 78 16 91 25
29 32 85 22 37 77 60 56 30 88 10 55 36 85 47 12 65 11 65 54 55 52 52 39 48 53 97 93 17 84 24 85 68 90 91 17 44 65 68 85 44 35 65 45 71 81 76 37 46 25 36 29 31 94 29 53 85 0 58 46 33 61 59 15 84 88 37 21 89 14 12 24 71 48 16 30 17 23 15 48 20 22 98 42 93 63 82 82 66 94 48 56 16 52 75 54 51 93 57 78 35 37 78 15 88 24 29 17 53 78
85 20 82 72 30 11 91 26 86 23 35 13 37 65 42 31 21 29 84 44 35 42 75 78 59 92 31 83 22 64 85 45 58 56 29 50 25 39 24 67 33 37 63 82 27 39 67 42 89 40 54 37 55 67 68 36 11 58 0 93 51 11 21 19 75 58 44 96 32 31 43 13 94 63 62 87 32 78 98 34 20 26 85 33 42 69 93 98 52 49 25 90 33 92 14 56 18 50 26 62 11 33 70 94 55 30 37 96 96 20
35 79 74 94 78 77 21 94 17 28 34 91 88 76 14 37 81 29 17 50 48 85 14 52 74 25 12 58 45 50 79 82 96 76 13 32 72 29 78 49 88 42 82 31 14 46 51 54 98 47 69 25 10 71 95 14 26 46 93 0 99 84 55 82 55 88 22 94 14 84 53 68 90 79 10 86 18 92 61 69 25 99 34 87 57 36 30 65 77 19 39 31 44 42 75 35 79 43 79 13 14 72 66 46 76 46 26 42 14 30
76 76 78 44 11 39 94 36 26 59 99 63 39 55 53 22 78 65 61 97 14 71 69 43 32 85 16 46 87 67 86 27 41 82 69 57 42 99 94 24 48 72 80 78 88 70 58 49 95 84 20 38 33 53 39 14 45 33 51 99 0 57 11 83 79 15 22 29 30 80 59 46 49 49 80 21 95 97 49 51 56 46 69 64 49 44 41 80 11 15 56 85 38 96 22 53 15 48 24 28 60 30 64 22 53 36 21 77 19 43
17 99 23 90 68 71 37 36 69 77 90 62 57 50 71 48 81 82 99 65 95 21 92 89 44 48 47 49 54 17 72 10 62 20 57 77 88 63 39 50 70 98 64 11 68 94 21 95 12 62 40 82 15 99 86 76 45 61 11 84 57 0 59 35 72 31 17 24 50 10 61 68 15 35 74 68 76 28 75 79 40 50 81 13 52 18 50 56 27 50 21 93 32 10 32 92 78 65 82 72 33 81 61 25 41 85 54 55 12 53
65 19 24 31 18 71 85 48 38 72 64 25 62 57 98 42 42 33 21 23 49 67 96 81 59 59 92 19 84 84 99 61 21 84 52 52 74 76 94 23 40 35 95 44 71 86 16 45 28 73 55 31 47 55 12 64 12 59 21 55 11 59 0 43 46 89 11 19 41 87 20 26 93 20 90 56 75 38 23 48 86 32 22 59 89 15 86 73 80 22 78 21 32 80 18 42 17 36 95 87 23 58 74 30 74 80 37 27 90 18
17 88 42 20 50 27 12 15 77 67 26 39 55 50 77 89 42 22 27 67 71 28 10 32 41 52 61 32 42 79 24 77 76 81 28 72 48 68 63 86 93 49 14 26 52 72 87 26 45 97 63 41 61 28 27 24 91 15 19 82 83 35 43 0 15 70 92 95 41 38 61 99 38 74 28 19 63 47 70 40 90 71 31 53 41 54 46 50 14 58 55 20 35 73 19 69 45 74 18 37 57 39 53 34 64 90 25 60 55 47
28 39 14 50 54 76 60 77 94 41 61 77 81 10 72 13 38 75 53 92 69 15 50 87 74 69 81 21 93 10 17 54 57 54 74 16 92 97 61 34 12 28 77 12 34 10 95 58 50 85 73 41 81 19 19 19 16 84 75 55 79 72 46 15 0 50 35 37 68 81 68 94 52 76 32 95 42 22 63 95 75 85 21 87 55 41 58 66 69 77 23 91 39 60 89 66 45 87 11 68 53 14 70 62 55 32 41 43 26 30
24 83 63 44 49 88 43 10 35 66 87 87 17 63 98 12 24 53 93 41 60 60 67 11 20 94 17 72 86 21 47 47 30 35 64 23 89 79 80 50 66 45 96 26 21 47 31 67 77 71 76 89 92 61 69 46 75 88 58 88 15 31 89 70 50 0 84 84 20 52 45 48 36 84 57 11 64 75 34 61 37 48 97 45 54 45 45 29 31 97 38 11 60 23 87 34 72 43 65 60 58 98 35 83 97 70 90 13 86 76
87 43 85 88 87 57 68 24 23 88 72 12 59 96 28 94 28 87 49 97 76 22 75 71 31 65 43 92 61 61 51 93 35 81 60 13 18 27 32 48 55 66 68 41 12 18 36 45 68 16 49 64 12 97 49 82 61 37 44 22 22 17 11 92 35 84 0 20 29 73 90 91 27 15 13 92 56 37 13 73 99 56 59 47 87 50 48 35 79 15 67 50 66 32 70 27 96 39 69 80 91 11 13 86 30 14 64 32 78 75
77 54 27 29 80 19 39 83 92 10 21 83 37 37 23 12 91 80 89 66 31 22 40 89 18 43 64 85 58 84 87 95 67 45 36 61 55 27 68 28 71 29 76 47 19 34 51 18 14 90 86 66 18 73 98 66 40 21 96 94 29 24 19 95 37 84 20 0 47 52 64 68 90 85 44 19 75 30 37 25 19 54 72 29 88 65 19 10 56 96 20 56 38 61 84 23 76 63 68 37 17 24 46 35 78 87 33 86 58 30
98 15 33 87 69 97 39 64 97 95 34 21 39 93 80 81 50 87 48 65 13 58 65 66 24 62 76 85 40 79 18 19 12 79 39 88 31 34 41 72 39 31 36 44 54 18 85 60 61 57 56 94 15 54 46 55 63 89 32 14 30 50 41 41 68 20 29 47 0 54 16 63 67 47 30 36 32 71 81 27 77 35 15 90 74 91 12 53 93 82 48 71 46 65 69 77 61 26 72 29 22 83 19 75 83 36 62 50 89 20
72 99 95 90 45 22 32 34 39 41 51 81 37 50 53 60 12 69 36 84 97 41 34 65 50 70 46 89 14 54 27 40 40 80 29 84 67 14 81 61 91 90 95 73 26 91 18 42 25 29 32 80 90 90 66 61 43 14 31 84 80 10 87 38 81 52 73 52 54 0 93 57 66 67 60 55 16 25 94 86 78 90 10 43 34 21 22 56 83 48 35 65 37 10 21 62 66 95 33 12 10 24 76 24 75 92 83 30 36 77
56 88 39 56 47 11 69 27 34 43 18 81 79 20 83 48 14 94 38 28 63 31 41 86 98 43 20 22 74 67 96 76 23 74 41 63 97 41 17 73 85 46 60 21 23 49 45 61 57 96 89 63 10 95 10 97 64 12 43 53 59 61 20 61 68 45 90 64 16 93 0 27 25 10 93 24 93 13 46 93 91 40 86 42 57 64 67 19 98 24 40 17 10 28 46 98 61 60 19 22 68 39 20 17 47 65 66 53 81 35
74 64 43 48 45 36 67 23 30 70 56 50 89 96 68 18 51 72 36 64 16 55 10 65 47 74 53 20 52 78 64 29 62 98 23 75 91 48 97 42 69 68 67 78 61 73 68 91 49 55 94 10 31 76 78 23 49 24 13 68 46 68 26 99 94 48 91 68 63 57 27 0 49 83 51 46 49 83 75 42 41 21 65 63 77 66 17 88 84 73 90 62 56 20 35 36 32 99 43 58 50 57 58 12 14 48 45 19 11 53
36 88 78 34 27 59 78 79 57 10 67 96 48 50 33 81 22 19 62 67 97 24 47 48 56 82 16 54 60 25 39 98 23 60 11 74 12 90 26 84 70 23 76 46 92 76 37 21 41 81 42 18 84 52 57 16 65 71 94 90 49 15 93 38 52 36 27 90 67 66 25 49 0 15 47 61 28 88 37 56 76 71 17 93 48 87 87 74 58 23 72 30 59 62 93 35 43 17 44 99 64 81 13 66 65 73 86 12 95 97
60 93 53 73 18 37 54 98 41 40 70 81 76 43 43 53 14 53 64 32 93 72 36 66 24 97 85 54 32 21 48 71 18 22 30 41 64 90 78 99 16 44 76 42 22 50 87 83 15 62 64 47 36 73 86 82 31 48 63 79 49 35 20 74 76 84 15 85 47 67 10 83 15 0 66 81 80 25 53 55 98 26 44 43 52 64 65 33 42 65 29 85 52 79 58 18 37 40 51 84 43 49 62 98 74 34 86 78 12 46
32 57 58 14 22 50 95 45 46 78 44 45 54 23 42 80 19 20 57 58 95 51 43 47 92 36 49 88 72 34 60 75 85 78 57 72 19 76 96 52 21 11 76 51 79 60 65 28 53 72 61 34 26 87 37 51 11 16 62 10 80 74 90 28 32 57 13 44 30 60 93 51 47 66 0 66 93 23 18 50 78 76 38 92 56 30 51 66 39 23 26 66 67 66 93 37 41 58 55 51 89 26 75 10 18 61 44 36 63 68
66 20 23 34 32 76 62 36 78 29 80 29 74 99 32 33 11 36 24 30 99 50 83 58 58 85 79 93 76 90 42 18 31 98 98 98 16 81 89 43 23 73 52 19 25 97 83 57 52 98 26 36 81 91 15 29 80 30 87 86 21 68 56 19 95 11 92 19 36 55 24 46 61 81 66 0 43 39 96 32 18 96 73 21 36 66 85 39 78 37 16 63 62 92 23 72 89 86 73 54 71 93 88 70 25 76 65 83 65 70
52 73 81 61 93 57 33 32 46 89 81 73 56 31 39 87 62 89 15 30 20 15 16 59 18 79 66 60 41 65 70 42 30 49 83 31 54 72 23 90 76 93 95 68 77 23 32 39 41 36 63 36 93 52 17 42 39 17 32 18 95 76 75 63 42 64 56 75 32 16 93 49 28 80 93 43 0 73 35 39 10 58 60 10 49 99 46 34 40 49 44 40 47 92 61 26 35 81 84 23 25 77 86 57 46 87 60 43 15 38
90 35 15 53 74 53 16 90 41 95 25 23 75 10 61 21 45 94 95 34 45 26 39 65 12 10 45 39 70 20 94 99 12 91 30 46 19 85 12 99 58 21 32 91 62 77 72 58 45 70 54 78 98 50 50 25 43 23 78 92 97 28 38 47 22 75 37 30 71 25 13 83 88 25 23 39 73 0 92 52 58 49 86 93 41 47 88 53 26 70 67 56 34 80 53 37 37 33 97 38 75 34 83 85 96 11 62 28 69 40
83 77 64 82 87 70 17 23 10 25 59 52 21 50 93 24 13 90 12 53 39 52 46 37 29 36 31 29 51 39 89 22 45 36 84 13 24 19 43 48 44 73 96 70 62 64 41 53 31 17 69 22 83 77 28 11 33 15 98 61 49 75 23 70 63 34 13 37 81 94 46 75 37 53 18 96 35 92 0 26 36 81 61 75 40 32 27 89 74 99 89 79 66 84 40 55 55 47 89 70 81 89 53 13 98 45 48 53 95 23
99 22 11 67 98 79 46 79 74 30 43 13 59 38 52 23 51 42 61 78 86 97 99 41 30 61 67 12 56 90 58 43 59 33 63 89 85 43 68 16 62 22 26 48 37 77 31 12 94 67 62 53 85 30 74 26 65 48 34 69 51 79 48 40 95 61 73 25 27 86 93 42 56 55 50 32 39 52 26 0 50 24 12 34 99 32 97 69 74 18 99 37 33 35 83 30 11 70 24 86 72 66 69 73 66 72 56 98 23 83
40 84 65 73 78 93 29 76 84 74 48 55 64 22 34 19 52 21 13 12 58 30 39 75 75 63 94 44 66 50 80 26 22 28 22 10 40 71 17 78 21 13 51 45 36 46 47 37 16 39 56 60 14 71 52 31 48 20 20 25 56 40 86 90 75 37 99 19 77 78 91 41 76 98 78 18 10 58 36 50 0 91 85 45 46 51 77 67 15 87 22 78 63 97 76 80 74 31 71 35 64 69 41 77 73 42 51 41 80 78
79 73 32 71 38 75 39 86 32 83 63 90 54 46 65 27 36 22 65 56 71 11 36 91 96 78 51 97 40 99 62 69 88 29 87 40 57 40 79 12 22 65 34 47 82 62 68 77 47 79 41 68 61 37 28 42 71 22 26 99 46 50 32 71 85 48 56 54 35 90 40 21 71 26 76 96 58 49 81 24 91 0 20 80 40 81 83 93 53 59 32 99 10 56 82 39 80 22 32 61 92 68 25 15 93 33 56 19 41 80
73 66 53 98 94 36 55 69 22 49 97 98 17 34 64 65 22 79 27 69 53 25 12 87 73 78 36 91 63 58 89 16 21 39 65 44 73 36 26 22 31 50 34 62 40 94 52 24 62 57 21 54 95 29 63 73 63 98 85 34 69 81 22 31 21 97 59 72 15 10 86 65 17 44 38 73 60 86 61 12 85 20 0 92 43 11 21 53 42 46 40 30 59 78 30 56 34 38 59 30 96 76 92 94 72 79 37 15 13 74
57 15 49 54 90 39 90 75 62 82 56 31 92 50 72 45 44 96 81 81 33 67 91 58 75 13 39 41 99 90 21 54 30 22 61 15 22 70 67 60 41 55 20 20 68 15 28 18 18 99 51 55 36 84 71 79 49 42 33 87 64 13 59 53 87 45 47 29 90 43 42 63 93 43 92 21 10 93 75 34 45 80 92 0 34 80 96 54 93 16 69 94 96 18 55 78 83 11 72 91 10 65 16 25 17 15 71 12 64 75
39 92 90 72 50 37 25 44 11 16 37 29 59 49 35 52 43 42 94 72 23 97 82 20 29 79 56 52 11 24 95 18 14 58 61 83 41 67 52 40 66 80 53 68 19 67 95 72 61 17 57 99 74 10 54 13 44 93 42 57 49 52 89 41 55 54 87 88 74 34 57 77 48 52 56 36 49 41 40 99 46 40 43 34 0 14 43 89 15 74 10 95 99 19 57 24 85 83 23 69 24 42 90 44 34 40 86 31 79 76
60 99 67 91 76 66 28 61 28 40 57 79 80 91 93 38 63 37 68 45 11 69 13 31 10 76 17 21 15 38 32 24 35 59 84 44 46 75 56 91 51 49 77 35 48 57 58 34 44 75 99 23 73 43 78 44 28 63 69 36 44 18 15 54 41 45 50 65 91 21 64 66 87 64 30 66 99 47 32 32 51 81 11 80 14 0 71 19 37 52 25 12 77 51 24 58 62 82 92 69 94 94 79 24 98 55 18 42 86 80
79 94 88 97 42 51 10 75 67 76 35 72 36 42 54 80 87 80 16 73 49 85 62 20 32 53 54 59 59 73 88 93 53 15 39 22 16 10 81 43 53 55 39 57 52 59 31 55 39 45 60 50 21 20 46 99 29 82 93 30 41 50 86 46 58 45 48 19 12 22 67 17 87 65 51 85 46 88 27 97 77 83 21 96 43 71 0 18 31 58 27 68 74 72 43 51 20 11 63 23 17 74 18 83 74 21 44 91 22 13
38 24 53 39 35 20 18 91 98 39 11 61 41 19 91 40 90 60 78 85 72 54 62 71 33 63 85 14 86 83 86 16 75 35 73 73 78 19 16 37 34 26 81 99 25 50 84 56 99 98 32 38 68 91 64 31 12 82 98 65 80 56 73 50 66 29 35 10 53 56 19 88 74 33 66 39 34 53 89 69 67 93 53 54 89 19 18 0 51 69 77 32 46 93 31 32 28 38 65 30 12 35 23 12 89 27 53 96 53 25
84 28 76 54 33 14 91 12 85 66 21 52 66 64 24 37 35 41 91 78 95 71 45 84 90 85 99 75 50 41 48 64 82 41 82 91 15 49 59 12 75 63 81 19 42 83 50 66 35 24 34 49 51 18 67 24 71 66 52 77 11 27 80 14 69 31 79 56 93 83 98 84 58 42 39 78 40 26 74 74 15 53 42 93 15 37 31 51 0 39 67 24 90 93 89 60 82 30 33 90 74 90 22 84 17 66 16 82 93 45
29 44 74 39 89 81 58 15 67 92 40 14 39 27 96 91 26 61 99 70 20 58 18 12 48 85 91 83 61 32 35 99 79 28 56 41 54 93 47 20 80 17 70 27 68 44 33 83 30 19 19 76 40 15 91 52 81 94 49 19 15 50 22 58 77 97 15 96 82 48 24 73 23 65 23 37 49 70 99 18 87 59 46 16 74 52 58 69 39 0 61 91 39 49 38 55 15 66 85 50 19 65 48 45 75 67 25 10 23 12
18 63 24 68 94 37 27 24 32 63 50 15 58 31 30 33 78 81 46 98 34 71 32 13 57 19 23 68 13 20 99 30 87 90 46 15 43 70 93 49 16 86 85 98 38 36 42 26 10 56 61 48 68 27 68 24 74 48 25 39 56 21 78 55 23 38 67 20 48 35 40 90 72 29 26 16 44 67 89 99 22 32 40 69 10 25 27 77 67 61 0 15 20 92 77 19 55 80 74 50 12 14 78 14 99 59 29 82 17 95
43 65 87 67 86 12 17 31 49 70 64 37 35 53 86 53 11 63 96 99 66 94 50 55 44 91 32 98 83 76 87 58 12 62 90 98 41 65 85 66 19 39 72 38 37 69 37 28 56 82 81 83 57 25 83 11 42 56 90 31 85 93 21 20 91 11 50 56 71 65 17 62 30 85 66 63 40 56 79 37 78 99 30 94 95 12 68 32 24 91 15 0 68 65 22 95 63 99 84 71 69 27 87 96 11 61 91 51 54 11
65 74 53 61 79 30 58 25 60 83 88 42 22 16 61 65 34 24 72 78 19 55 73 73 77 78 35 54 99 48 10 50 64 62 45 75 67 36 98 41 63 27 88 88 22 26 68 99 53 41 47 38 95 43 63 36 16 16 33 44 38 32 32 35 39 60 66 38 46 37 10 56 59 52 67 62 47 34 66 33 63 10 59 96 99 77 74 46 90 39 20 68 0 89 76 60 72 96 89 12 53 57 55 51 60 48 46 15 45 72
20 26 56 99 48 10 84 83 37 76 59 48 71 17 41 88 53 54 74 32 18 13 10 16 35 11 66 78 24 95 57 28 66 55 95 87 32 80 80 53 25 27 81 17 68 53 59 57 86 55 34 15 25 23 26 22 58 52 92 42 96 10 80 73 60 23 32 61 65 10 28 20 62 79 66 92 92 80 84 35 97 56 78 18 19 51 72 93 93 49 92 65 89 0 77 80 30 76 16 89 95 37 68 11 50 89 61 16 85 67
67 14 93 37 26 36 71 61 94 79 81 91 22 47 63 11 37 93 83 17 12 92 58 54 21 63 69 75 78 73 69 97 68 72 34 33 96 98 20 83 70 42 74 78 77 23 74 31 62 39 98 58 12 99 52 75 65 75 14 75 22 32 18 19 89 87 70 84 69 21 46 35 93 58 93 23 61 53 40 83 76 82 30 55 57 24 43 31 89 38 77 22 76 77 0 14 92 24 63 30 16 23 59 82 17 24 18 22 15 17
78 24 23 66 64 81 36 91 98 41 17 74 71 78 63 59 37 71 23 33 39 69 41 83 66 51 92 58 96 85 91 47 65 77 23 78 89 79 30 28 76 48 35 20 35 59 53 61 89 48 44 98 10 82 69 80 77 54 56 35 53 92 42 69 66 34 27 23 77 62 98 36 35 18 37 72 26 37 55 30 80 39 56 78 24 58 51 32 60 55 19 95 60 80 14 0 66 75 41 80 22 66 83 74 11 93 78 90 69 80
36 44 95 64 49 20 87 15 90 18 83 90 13 74 47 90 38 81 74 30 49 64 54 84 54 43 82 68 65 79 83 86 75 57 68 21 15 29 23 49 69 42 38 99 48 14 53 11 47 11 93 41 36 96 99 36 87 51 18 79 15 78 17 45 45 72 96 76 61 66 61 32 43 37 41 89 35 37 55 11 74 80 34 83 85 62 20 28 82 15 55 63 72 30 92 66 0 61 22 21 86 13 16 61 39 67 65 50 29 65
17 42 23 80 42 20 55 36 17 82 49 54 52 56 98 75 50 70 26 29 26 39 54 71 87 39 69 93 11 16 69 98 82 20 61 96 79 57 95 63 71 34 56 55 19 64 47 96 36 90 10 50 92 23 87 27 88 93 50 43 48 65 36 74 87 43 39 63 26 95 60 99 17 40 58 86 81 33 47 70 31 22 38 11 83 82 11 38 30 66 80 99 96 76 24 75 61 0 46 93 85 41 12 87 90 45 40 84 51 89
60 82 23 94 54 42 82 78 10 30 62 45 54 77 25 36 66 63 37 65 52 29 22 11 24 91 41 51 26 33 34 90 75 90 77 42 87 53 52 32 54 29 22 48 42 69 12 20 92 87 63 85 94 41 88 64 50 57 26 79 24 82 95 18 11 65 69 68 72 33 19 43 44 51 55 73 84 97 89 24 71 32 59 72 23 92 63 65 33 85 74 84 89 16 63 41 22 46 0 62 46 86 38 34 83 15 26 47 79 57
86 56 82 52 47 57 27 83 16 69 75 80 93 84 52 41 23 46 49 94 26 48 82 92 37 14 18 28 22 33 84 72 98 38 82 12 36 70 15 88 88 66 66 63 48 32 87 80 80 47 61 51 62 32 72 92 16 78 62 13 28 72 87 37 68 60 80 37 29 12 22 58 99 84 51 54 23 38 70 86 35 61 30 91 69 69 23 30 90 50 50 71 12 89 30 80 21 93 62 0 75 57 30 75 16 20 10 22 73 73
53 93 59 66 38 23 82 96 54 34 28 36 55 40 44 29 31 57 54 28 54 72 36 64 53 70 99 86 71 76 24 76 60 12 98 12 85 11 77 13 30 53 86 75 26 10 56 87 50 30 57 64 23 90 80 71 33 35 11 14 60 33 23 57 53 58 91 17 22 10 68 50 64 43 89 71 25 75 81 72 64 92 96 10 24 94 17 12 74 19 12 69 53 95 16 22 86 85 46 75 0 14 79 14 72 98 84 11 64 61
69 70 20 82 91 32 60 47 32 54 59 84 81 97 81 43 80 66 51 79 94 11 41 85 90 20 33 30 39 48 60 75 69 99 52 84 88 81 79 48 69 74 35 37 27 36 71 70 25 34 32 42 14 58 74 60 21 37 33 72 30 81 58 39 14 98 11 24 83 24 39 57 81 49 26 93 77 34 89 66 69 68 76 65 42 94 74 35 90 65 14 27 57 37 23 66 13 41 86 57 14 0 16 26 79 21 95 11 93 95
71 61 75 34 45 53 98 96 98 80 51 33 24 94 92 25 49 18 47 54 22 59 73 57 49 76 67 90 27 30 98 63 20 94 88 44 40 17 80 58 28 36 12 85 44 85 17 16 97 18 26 63 51 24 11 22 89 78 70 66 64 61 74 53 70 35 13 46 19 76 20 58 13 62 75 88 86 83 53 69 41 25 92 16 90 79 18 23 22 48 78 87 55 68 59 83 16 12 38 30 79 16 0 26 71 12 25 74 66 71
51 96 72 82 45 99 89 41 19 62 84 60 12 78 51 54 98 15 71 35 71 65 39 23 68 83 67 77 91 84 85 49 22 16 32 29 48 62 69 91 64 94 96 33 91 47 20 79 79 55 19 30 64 42 76 16 38 15 94 46 22 25 30 34 62 83 86 35 75 24 17 12 66 98 10 70 57 85 13 73 77 15 94 25 44 24 83 12 84 45 14 96 51 11 82 74 61 87 34 75 14 26 26 0 30 30 25 95 26 72
98 93 15 20 72 44 61 12 10 74 44 86 72 26 47 90 67 47 10 96 30 48 28 98 51 66 45 78 96 68 94 48 67 94 29 30 44 86 33 36 31 82 15 15 30 18 29 42 90 70 14 79 16 39 30 14 41 88 55 76 53 41 74 64 55 97 30 78 83 75 47 14 65 74 18 25 46 96 98 66 73 93 72 17 34 98 74 89 17 75 99 11 60 50 17 11 39 90 83 16 72 79 71 30 0 84 10 22 12 31
74 45 99 68 85 50 90 93 11 90 94 18 37 41 94 52 82 11 46 41 62 36 44 49 74 82 65 29 55 14 57 13 64 82 92 85 53 41 78 52 88 84 82 89 80 42 18 83 58 86 66 99 89 56 37 39 35 24 30 46 36 85 80 90 32 70 14 87 36 92 65 48 73 34 61 76 87 11 45 72 42 33 79 15 40 55 21 27 66 67 59 61 48 89 24 93 67 45 15 20 98 21 12 30 84 0 93 89 31 94
39 21 41 84 82 11 45 81 79 69 18 18 85 12 64 92 90 29 14 95 41 58 24 79 68 52 10 46 12 34 87 68 28 24 66 32 65 26 25 99 28 82 42 99 97 78 95 55 73 28 49 75 56 50 98 49 78 29 37 26 21 54 37 25 41 90 64 33 62 83 66 45 86 86 44 65 60 62 48 56 51 56 37 71 86 18 44 53 16 25 29 91 46 61 18 78 65 40 26 10 84 95 25 25 10 93 0 80 87 94
66 55 32 24 60 32 74 90 66 28 14 36 44 14 34 67 93 48 23 12 18 84 13 75 39 86 22 98 51 88 66 85 89 77 52 49 49 92 62 89 87 16 62 48 80 58 18 84 12 98 97 87 40 66 33 13 16 17 96 42 77 55 27 60 43 13 32 86 50 30 53 19 12 78 36 83 43 28 53 98 41 19 15 12 31 42 91 96 82 10 82 51 15 16 22 90 50 84 47 22 11 11 74 95 22 89 80 0 95 24
49 22 60 73 66 98 32 20 43 49 68 26 36 17 72 81 46 50 32 14 51 31 41 93 17 97 77 76 12 83 67 88 89 12 98 58 11 67 55 71 61 49 84 64 26 76 96 25 34 87 76 28 90 32 91 28 91 53 96 14 19 12 90 55 26 86 78 58 89 36 81 11 95 12 63 65 15 69 95 23 80 41 13 64 79 86 22 53 93 23 17 54 45 85 15 69 29 51 79 73 64 93 66 26 12 31 87 95 0 65
22 38 58 28 21 35 29 39 73 13 49 51 28 41 25 69 69 69 40 14 79 41 63 24 12 29 74 41 91 74 59 89 64 64 68 57 70 68 95 72 97 33 71 92 81 78 65 61 67 24 52 81 48 39 39 42 25 78 20 30 43 53 18 47 30 76 75 30 20 77 35 53 97 46 68 70 38 40 23 83 78 80 74 75 76 80 13 25 45 12 95 11 72 67 17 80 65 89 57 73 61 95 71 72 31 94 94 24 65 0