135
0 86 41 76 76 67 76 69 81 84 74 79 47 49 75 52 68 68 51 52 33 45 89 14 59 42 12 93 94 78 26 64 22 97 44 26 38 88 20 65 79 49 52 66 52 47 38 10 67 79 70 88 87 46 77 26 13 13 33 66 75 86 77 64 13 37 16 30 11 18 83 19 30 24 85 86 56 96 65 33 83 81 77 19 11 99 61 24 96 61 92 61 85 50 56 59 45 68 52 56 90 45 16 86 93 94 12 41 73 55 95 37 43 56 50 89 55 22 91 51 89 15 86 90 54 59 68 72 14 73 20 75 49 99 28
86 0 43 85 19 48 69 83 33 53 48 81 11 84 37 15 17 38 32 13 57 96 12 17 13 21 25 44 72 74 88 15 97 60 32 55 85 72 48 72 34 49 88 60 80 12 52 57 59 22 27 99 63 11 90 35 59 42 88 98 64 12 76 89 69 55 48 49 69 74 81 91 13 44 49 68 14 25 98 62 61 10 47 25 19 69 74 42 29 35 77 81 95 80 27 73 60 94 18 67 50 66 15 29 28 33 20 24 93 22 12 60 30 76 30 45 81 58 66 55 97 99 42 78 70 72 29 74 26 38 67 71 52 20 95
41 43 0 26 59 30 68 30 28 72 46 12 28 78 72 76 98 58 84 78 51 79 81 27 85 58 99 51 26 95 85 50 20 69 79 13 91 87 84 55 49 80 49 47 52 38 38 11 49 56 43 23 85 11 98 12 46 87 82 16 23 64 50 24 87 65 10 85 43 83 30 47 59 19 62 94 57 58 50 66 61 35 12 62 77 18 37 79 71 19 52 54 96 66 76 39 80 17 78 86 43 33 92 13 87 81 43 78 50 15 98 16 53 21 58 43 86 58 25 59 23 89 96 48 88 89 87 47 91 58 41 32 25 10 40
76 85 26 0 80 48 24 41 96 51 60 86 51 66 63 21 83 84 83 73 84 31 19 26 10 61 64 86 25 67 44 73 97 86 18 91 75 49 58 50 47 87 49 26 88 97 24 56 30 28 15 27 62 53 45 72 82 86 82 25 37 97 67 20 48 87 21 63 19 76 68 16 38 80 57 50 24 75 62 61 32 78 57 14 11 20 60 70 84 85 92 55 28 97 50 36 23 95 41 26 45 18 72 32 68 45 78 44 72 20 50 45 72 74 96 73 23 17 35 46 10 18 99 85 57 83 73 11 32 27 89 14 36 35 79
76 19 59 80 0 74 29 24 23 64 85 48 99 66 83 68 28 36 97 47 96 96 23 59 74 92 71 78 63 34 56 41 35 85 31 35 82 80 33 91 59 74 35 55 26 91 11 83 90 97 93 95 55 82 99 83 85 19 65 31 77 96 41 62 20 13 90 10 97 47 84 47 12 96 35 89 70 11 34 25 41 34 20 61 80 36 24 86 51 52 16 20 52 50 49 51 46 59 88 72 32 73 86 85 88 96 83 95 61 49 30 92 64 89 10 52 35 46 48 13 52 80 48 92 26 47 62 19 23 30 54 30 39 33 84
67 48 30 48 74 0 83 84 23 49 77 27 72 53 45 59 95 99 90 40 10 82 41 21 59 88 27 10 60 49 12 63 92 70 72 43 97 89 43 73 96 70 62 62 63 78 99 40 90 96 45 77 68 39 77 44 85 88 55 11 38 12 67 81 41 86 68 34 84 32 33 10 30 22 31 38 85 21 11 67 98 28 18 45 52 75 88 45 31 33 65 36 46 58 59 17 97 41 88 30 19 61 63 91 59 73 15 71 99 91 90 93 93 72 47 26 51 27 63 45 80 74 95 46 34 34 70 12 51 22 64 68 80 42 34
76 69 68 24 29 83 0 34 80 70 89 79 35 44 78 52 24 55 53 45 33 69 32 65 33 24 92 59 48 59 33 26 13 34 40 10 74 25 42 38 69 35 30 49 93 45 50 25 64 28 35 79 82 42 34 87 44 23 78 96 69 41 73 16 84 55 16 67 44 14 13 77 66 47 76 12 92 94 10 29 58 28 60 36 40 60 85 82 50 90 75 82 14 77 92 76 49 24 44 22 26 92 39 61 50 39 80 17 27 60 63 31 52 68 76 97 66 33 27 51 86 17 82 79 36 84 36 58 21 54 46 45 27 31 40
69 83 30 41 24 84 34 0 45 16 27 46 12 97 26 75 41 33 41 92 62 67 66 50 16 15 54 78 27 91 75 78 65 48 52 75 18 39 44 65 41 50 97 64 51 31 79 37 61 63 77 25 13 21 96 29 14 58 33 56 85 63 14 28 56 91 87 45 65 79 68 68 40 88 84 36 94 46 66 78 90 79 54 71 23 89 89 84 75 12 62 34 95 16 23 53 90 96 73 62 42 18 66 41 54 99 14 82 40 55 99 39 47 30 12 23 15 22 63 72 43 25 12 32 11 96 47 44 79 34 19 92 84 33 79
81 33 28 96 23 23 80 45 0 37 99 20 33 39 46 15 25 45 18 68 93 61 26 14 31 32 65 71 30 77 59 86 10 98 65 33 13 21 45 72 88 83 69 91 94 76 89 42 60 76 78 43 25 14 68 71 51 33 23 14 25 24 96 79 34 72 66 24 91 51 71 42 11 32 29 28 71 51 48 77 24 92 31 31 53 18 52 96 78 58 14 36 70 24 38 78 92 87 24 35 10 21 33 64 28 10 20 24 23 14 75 45 21 98 47 45 45 26 42 49 53 62 30 87 83 48 13 21 51 76 77 57 31 36 24
84 53 72 51 64 49 70 16 37 0 56 67 90 37 25 89 47 34 72 49 96 56 75 41 48 97 88 78 23 74 76 80 48 32 80 32 71 73 38 46 27 98 52 69 95 19 88 48 56 99 27 19 25 55 94 90 95 98 96 98 36 31 75 23 46 79 17 94 61 27 63 11 88 12 35 64 48 26 70 18 82 63 81 55 89 82 27 82 89 95 31 93 90 50 75 49 73 90 40 57 93 50 67 17 41 88 87 30 50 69 27 75 64 63 64 13 21 81 30 23 56 46 53 99 60 95 15 30 51 37 29 53 70 80 81
74 48 46 60 85 77 89 27 99 56 0 49 29 14 22 66 58 86 93 22 63 71 14 72 27 54 73 99 83 80 84 11 93 35 64 98 13 68 52 44 40 50 47 21 25 88 43 74 88 46 66 66 57 71 50 24 13 32 52 79 13 51 53 20 18 71 65 22 40 36 26 69 86 35 86 29 73 24 96 17 53 96 64 40 50 87 91 39 66 88 98 61 50 65 77 57 63 27 93 31 73 91 68 39 55 68 63 99 43 15 95 58 81 26 52 36 80 35 83 88 76 47 98 40 59 51 15 84 13 41 70 21 45 72 12
79 81 12 86 48 27 79 46 20 67 49 0 17 24 97 28 50 72 47 81 14 15 33 21 20 85 82 97 34 72 71 53 65 13 31 67 38 98 49 86 78 56 70 25 73 17 22 73 12 40 87 84 79 57 78 23 63 40 61 73 70 17 56 97 56 10 52 80 96 53 10 55 94 15 99 16 79 65 78 26 50 18 72 47 78 64 42 86 55 69 68 20 23 19 11 78 14 17 77 59 37 23 57 96 16 67 26 95 32 43 40 40 74 36 75 17 78 61 44 55 64 48 30 58 43 26 80 46 21 21 26 40 87 36 83
47 11 28 51 99 72 35 12 33 90 29 17 0 46 99 35 46 69 35 66 34 52 83 18 31 34 31 87 74 86 14 90 14 52 22 51 47 42 97 31 96 62 96 53 84 65 10 46 38 99 70 96 61 85 86 50 61 54 21 30 67 24 97 98 87 34 30 16 56 18 35 39 20 80 28 86 83 42 63 30 30 16 57 42 26 83 45 89 44 84 70 35 35 73 60 90 12 54 76 91 98 79 49 69 40 44 95 73 35 40 36 97 75 85 91 22 65 18 39 83 71 21 39 91 83 28 39 81 11 18 99 32 31 84 11
49 84 78 66 66 53 44 97 39 37 14 24 46 0 37 54 17 24 37 66 75 90 41 25 18 89 61 84 43 54 40 16 87 53 70 40 88 13 19 75 13 14 11 46 38 20 61 94 48 55 23 26 45 50 94 59 55 44 88 69 69 45 57 70 70 83 49 65 87 61 95 26 42 45 72 11 31 11 42 50 28 99 31 93 75 98 33 80 19 29 17 82 97 58 30 29 36 73 80 10 93 79 77 26 93 86 35 84 34 99 86 93 95 38 56 26 17 23 76 60 81 35 85 87 48 43 74 68 29 94 19 14 14 73 62
75 37 72 63 83 45 78 26 46 25 22 97 99 37 0 61 89 24 41 69 44 91 52 76 86 24 77 51 69 55 95 18 86 58 85 79 55 40 67 83 65 76 68 72 97 50 44 30 22 84 49 86 19 12 55 47 76 95 39 89 53 48 87 34 97 53 60 12 91 17 20 69 32 66 46 96 48 85 17 97 79 13 74 70 21 59 39 38 37 32 12 76 99 52 75 54 28 29 13 89 88 81 59 81 43 97 20 25 70 93 75 64 56 60 30 34 27 12 97 35 87 31 57 24 74 39 53 80 71 62 63 51 60 46 74
52 15 76 21 68 59 52 75 15 89 66 28 35 54 61 0 61 33 22 27 76 33 62 18 96 59 49 68 41 40 39 31 50 29 99 69 56 58 96 31 29 40 86 51 71 12 61 23 49 80 27 60 53 47 32 49 61 60 60 99 90 70 89 47 85 56 58 23 75 28 74 35 64 20 93 72 84 97 66 26 41 85 93 63 65 48 14 51 71 89 82 17 43 40 77 63 75 84 48 39 53 92 30 84 19 41 51 25 83 52 36 66 35 62 52 78 52 70 10 50 38 91 96 75 58 88 35 47 73 21 52 61 31 21 49
68 17 98 83 28 95 24 41 25 47 58 50 46 17 89 61 0 12 63 43 89 73 18 34 60 92 75 58 74 45 41 81 15 96 95 95 66 50 68 45 40 88 71 97 60 88 61 49 20 37 41 47 16 65 49 33 86 11 43 43 22 89 85 33 14 22 19 32 65 23 96 49 74 69 96 84 83 58 78 77 93 97 50 30 54 32 22 10 34 31 16 77 49 81 23 73 19 17 81 22 11 54 41 95 50 44 51 83 96 68 99 66 64 27 65 46 25 78 99 51 12 90 13 21 35 54 59 93 63 55 24 29 89 59 61
68 38 58 84 36 99 55 33 45 34 86 72 69 24 24 33 12 0 95 72 38 98 10 25 79 90 60 25 47 83 59 58 42 52 34 11 30 98 30 43 73 69 52 49 67 49 41 50 91 85 28 62 34 44 90 42 67 51 50 63 43 73 90 74 17 73 95 66 93 16 10 11 52 39 26 16 41 68 45 72 62 70 37 98 85 96 53 40 91 47 49 96 51 93 53 79 69 23 99 65 47 82 23 10 31 48 21 98 14 23 12 68 76 35 70 35 75 95 29 97 31 30 11 92 41 47 51 11 74 54 30 64 12 81 42
51 32 84 83 97 90 53 41 18 72 93 47 35 37 41 22 63 95 0 24 55 95 48 84 32 25 86 61 95 51 76 45 59 81 22 77 87 90 68 57 86 79 32 56 88 92 14 41 63 13 87 73 52 23 48 68 23 28 75 51 73 10 66 52 15 72 74 33 47 55 27 66 92 55 51 61 23 56 50 12 96 15 59 22 72 15 87 26 61 46 61 98 87 45 55 13 11 15 30 63 90 64 78 32 29 29 92 98 25 56 56 26 29 34 30 37 80 86 62 44 69 43 25 67 49 12 44 10 57 73 51 42 71 29 98
52 13 78 73 47 40 45 92 68 49 22 81 66 66 69 27 43 72 24 0 31 82 79 63 75 84 75 45 67 15 61 76 77 76 36 28 33 26 98 84 60 90 25 31 88 16 14 81 98 95 28 17 50 10 79 15 25 37 29 33 92 82 32 95 46 44 11 57 33 51 84 48 29 59 14 11 55 79 15 61 84 49 36 22 42 55 13 45 62 82 82 94 63 68 32 12 73 87 84 10 15 74 53 86 29 30 38 87 91 20 94 58 88 13 12 48 14 20 96 49 45 89 37 20 88 87 51 46 88 66 76 47 19 84 30
33 57 51 84 96 10 33 62 93 96 63 14 34 75 44 76 89 38 55 31 0 63 17 39 16 27 55 20 79 24 14 11 13 43 60 45 11 36 65 94 18 77 23 60 30 20 62 89 35 67 46 46 10 11 91 65 74 52 27 88 21 95 37 50 97 82 68 22 64 55 35 95 37 74 59 57 40 54 38 91 34 70 21 75 22 73 74 48 56 87 42 76 38 66 69 40 30 12 21 47 38 93 28 12 94 37 69 92 45 65 77 27 12 59 43 74 82 58 81 52 28 14 51 90 57 59 38 65 46 44 57 31 51 21 57
45 96 79 31 96 82 69 67 61 56 71 15 52 90 91 33 73 98 95 82 63 0 85 74 69 31 22 60 82 62 71 24 96 50 67 40 51 11 60 74 37 99 30 30 52 22 41 27 91 55 66 58 96 68 41 88 82 10 71 22 39 36 24 77 80 76 51 76 25 78 83 70 52 77 35 42 88 20 54 73 28 34 69 54 47 33 51 52 45 20 33 95 84 59 57 68 64 10 59 88 34 74 27 94 63 88 74 41 97 40 43 79 95 29 14 68 64 38 61 56 71 36 61 56 78 72 55 57 80 94 32 51 53 13 13
89 12 81 19 23 41 32 66 26 75 14 33 83 41 52 62 18 10 48 79 17 85 0 53 37 70 79 22 22 72 29 98 36 66 56 45 85 59 82 89 43 50 54 56 98 99 43 32 28 34 82 74 17 35 82 81 23 88 98 84 28 83 57 96 30 54 75 92 44 48 99 24 41 48 53 86 11 21 76 78 16 85 63 99 72 59 37 66 25 65 92 69 51 54 86 78 15 82 36 28 28 45 11 19 23 69 90 24 71 85 83 63 50 98 65 64 32 70 39 85 14 91 68 97 68 29 15 29 30 10 91 11 40 79 56
14 17 27 26 59 21 65 50 14 41 72 21 18 25 76 18 34 25 84 63 39 74 53 0 64 96 15 42 51 72 93 84 43 57 99 69 35 47 61 78 75 77 86 69 31 22 11 35 15 45 67 25 51 52 12 55 66 86 92 67 32 88 79 73 10 93 38 24 82 34 10 20 31 45 86 34 98 39 12 16 78 82 72 97 84 13 97 34 66 17 44 56 82 72 34 65 20 60 44 40 67 73 65 28 58 21 59 66 42 97 29 64 54 79 94 94 59 64 84 92 94 47 61 78 69 32 77 49 47 61 26 38 67 37 93
59 13 85 10 74 59 33 16 31 48 27 20 31 18 86 96 60 79 32 75 16 69 37 64 0 66 90 27 86 48 21 53 23 84 67 67 46 34 82 57 50 48 47 11 41 93 33 17 98 83 87 58 38 36 50 15 17 76 99 15 62 28 88 47 35 32 10 77 27 60 98 31 87 45 78 99 71 43 53 25 43 47 58 11 55 22 38 45 37 75 14 19 40 15 14 57 89 81 64 60 55 93 86 22 97 90 66 68 91 92 79 20 86 56 72 94 94 82 99 77 69 31 72 27 35 93 93 45 14 59 49 82 86 59 74
42 21 58 61 92 88 24 15 32 97 54 85 34 89 24 59 92 90 25 84 27 31 70 96 66 0 95 29 45 25 72 22 92 75 68 81 68 16 37 88 38 81 84 76 36 95 90 75 51 14 66 52 17 12 59 98 92 31 24 77 18 89 87 73 18 95 15 41 19 72 79 17 20 93 37 57 27 17 12 90 69 82 75 79 86 53 64 74 32 56 61 33 46 49 23 84 45 63 20 88 32 45 68 88 76 34 17 44 67 67 86 25 61 29 98 50 70 13 12 76 85 97 16 69 82 61 68 57 74 99 44 74 41 18 66
12 25 99 64 71 27 92 54 65 88 73 82 31 61 77 49 75 60 86 75 55 22 79 15 90 95 0 10 12 97 65 55 81 96 51 76 48 91 15 61 61 38 37 97 23 17 38 50 27 85 85 12 34 32 90 75 39 52 16 13 30 70 94 67 21 58 59 52 71 53 26 85 33 68 20 73 15 16 84 58 47 30 40 16 19 35 86 44 29 91 13 54 30 16 36 32 10 91 72 83 66 31 27 89 64 62 83 53 82 72 19 45 53 93 32 69 84 23 26 36 53 13 81 36 29 64 93 77 44 48 72 25 84 96 89
93 44 51 86 78 10 59 78 71 78 99 97 87 84 51 68 58 25 61 45 20 60 22 42 27 29 10 0 66 72 17 34 30 16 90 48 15 98 41 77 10 19 53 62 82 37 98 56 48 26 43 99 43 45 16 49 52 97 69 33 99 89 59 30 11 25 82 34 31 79 14 24 33 99 93 79 17 22 69 72 32 14 48 31 19 47 21 76 25 83 17 26 69 46 56 77 40 38 80 64 81 62 38 69 20 94 77 25 68 28 83 80 97 13 29 26 14 32 10 74 97 69 54 59 22 72 68 15 98 32 81 65 76 35 18
94 72 26 25 63 60 48 27 30 23 83 34 74 43 69 41 74 47 95 67 79 82 22 51 86 45 12 66 0 14 20 13 17 95 64 89 59 39 30 35 32 97 13 40 12 37 98 67 98 82 48 87 88 48 93 49 81 33 10 54 59 82 75 38 35 96 52 47 29 79 83 51 19 25 86 82 95 95 54 69 76 84 81 81 34 30 20 72 46 56 81 67 61 65 40 60 81 80 40 17 18 52 72 82 92 71 22 75 72 18 91 92 60 10 19 98 55 65 57 89 35 50 91 62 41 67 16 14 60 67 85 82 35 17 92
78 74 95 67 34 49 59 91 77 74 80 72 86 54 55 40 45 83 51 15 24 62 72 72 48 25 97 72 14 0 11 19 43 16 55 69 12 93 72 76 31 81 45 88 67 59 28 60 76 78 86 63 99 54 47 75 26 96 51 90 95 44 43 79 29 96 60 45 83 82 77 70 36 64 79 46 98 47 81 27 80 90 17 51 13 88 68 12 65 73 21 98 73 24 26 45 85 69 66 23 72 16 66 63 56 65 77 51 78 18 60 36 85 67 89 34 59 87 46 93 18 99 84 78 57 14 53 15 38 25 30 49 96 64 63
26 88 85 44 56 12 33 75 59 76 84 71 14 40 95 39 41 59 76 61 14 71 29 93 21 72 65 17 20 11 0 41 78 73 12 72 66 40 94 73 46 38 35 91 11 49 33 66 41 68 15 66 49 14 44 99 38 43 81 87 46 60 56 87 85 99 52 17 93 82 66 90 85 18 16 71 41 12 96 27 91 13 41 86 35 15 91 72 27 77 25 36 26 94 74 24 40 15 12 32 81 74 54 54 10 54 45 60 95 86 46 61 96 27 73 85 25 75 94 33 49 84 60 56 55 63 86 27 53 96 64 43 34 26 22
64 15 50 73 41 63 26 78 86 80 11 53 90 16 18 31 81 58 45 76 11 24 98 84 53 22 55 34 13 19 41 0 33 61 47 24 55 99 72 49 73 70 97 78 97 11 65 77 82 82 61 16 40 96 39 57 64 38 95 17 53 30 10 25 79 22 12 44 27 38 92 22 19 27 90 99 69 31 23 57 50 97 24 59 68 35 32 67 18 21 27 91 79 71 70 27 93 45 65 47 95 75 67 69 24 88 40 23 51 66 40 18 44 18 13 76 44 56 21 61 81 27 15 55 99 56 43 19 34 48 33 43 99 97 61
22 97 20 97 35 92 13 65 10 48 93 65 14 87 86 50 15 42 59 77 13 96 36 43 23 92 81 30 17 43 78 33 0 93 16 56 51 61 26 12 79 31 98 70 65 96 26 98 97 16 78 89 58 71 78 81 82 53 52 88 49 58 72 44 86 11 18 96 73 61 90 35 41 68 82 17 14 63 77 98 72 52 47 43 36 24 89 47 25 80 59 24 29 36 78 47 22 29 30 53 39 97 28 71 58 44 85 91 48 84 30 17 41 82 32 11 28 63 25 51 43 49 47 36 15 75 36 23 45 66 18 30 94 22 35
97 60 69 86 85 70 34 48 98 32 35 13 52 53 58 29 96 52 81 76 43 50 66 57 84 75 96 16 95 16 73 61 93 0 29 20 73 51 28 92 18 55 20 13 12 73 83 90 33 56 79 69 62 12 79 88 24 55 68 92 26 80 17 25 54 34 79 32 13 80 62 38 21 22 48 17 60 60 16 20 56 17 58 81 83 35 26 61 44 50 12 78 22 81 43 14 22 62 34 50 42 46 53 83 48 54 72 64 28 25 56 91 38 40 59 58 56 33 21 20 83 46 23 72 69 90 40 76 94 80 13 52 61 75 52
44 32 79 18 31 72 40 52 65 80 64 31 22 70 85 99 95 34 22 36 60 67 56 99 67 68 51 90 64 55 12 47 16 29 0 96 71 37 39 23 14 89 41 33 53 83 66 88 73 77 86 49 24 48 26 73 87 77 20 31 87 80 75 88 56 31 24 30 69 89 50 22 79 77 60 13 70 76 83 96 74 84 79 36 20 81 63 43 64 25 92 70 42 91 12 19 78 48 28 57 86 18 16 70 61 25 67 46 25 85 15 67 95 43 94 63 84 27 74 24 26 75 12 10 71 40 97 60 17 82 68 47 44 57 70
26 55 13 91 35 43 10 75 33 32 98 67 51 40 79 69 95 11 77 28 45 40 45 69 67 81 76 48 89 69 72 24 56 20 96 0 15 45 63 93 53 56 43 31 85 49 96 74 36 38 85 77 86 60 11 30 70 75 34 52 89 86 32 71 59 12 64 43 69 26 50 81 73 27 79 82 14 87 96 55 55 80 40 18 54 25 61 10 67 87 55 57 41 64 60 42 94 76 46 19 33 67 28 53 55 43 12 30 40 51 23 51 99 58 83 92 69 48 65 96 36 16 71 20 55 37 91 23 94 53 21 13 46 35 83
38 85 91 75 82 97 74 18 13 71 13 38 47 88 55 56 66 30 87 33 11 51 85 35 46 68 48 15 59 12 66 55 51 73 71 15 0 85 61 44 56 91 75 67 39 27 73 41 49 33 50 85 70 26 77 81 26 16 20 73 19 77 61 19 36 36 45 34 68 18 74 70 45 58 50 87 79 14 29 82 23 79 98 80 55 84 87 88 79 28 46 40 69 41 89 40 50 89 49 37 65 55 43 22 39 49 97 85 30 18 70 16 99 56 77 35 25 13 32 77 85 61 27 87 82 87 61 61 36 53 46 80 71 39 19
88 72 87 49 80 89 25 39 21 73 68 98 42 13 40 58 50 98 90 26 36 11 59 47 34 16 91 98 39 93 40 99 61 51 37 45 85 0 73 66 48 10 88 47 89 96 99 14 22 92 37 45 51 65 32 99 42 20 33 32 30 14 28 74 17 78 12 54 39 33 92 22 66 70 86 98 32 25 68 50 28 65 98 69 53 95 43 60 62 32 61 79 57 20 58 16 81 90 43 16 91 14 30 73 58 55 25 37 35 17 34 65 29 85 73 44 83 74 96 74 12 48 24 41 54 97 91 33 64 72 16 76 75 74 81
20 48 84 58 33 43 42 44 45 38 52 49 97 19 67 96 68 30 68 98 65 60 82 61 82 37 15 41 30 72 94 72 26 28 39 63 61 73 0 50 59 28 52 65 11 49 48 70 27 69 23 32 50 99 61 57 72 62 99 17 15 71 92 14 81 63 30 37 83 58 84 85 32 54 67 94 84 97 82 40 43 72 86 21 39 31 21 97 96 45 62 61 13 56 11 85 53 54 22 65 36 10 23 34 68 54 74 10 79 63 95 87 53 38 92 44 62 38 16 62 48 51 28 88 36 44 47 84 63 19 77 68 94 10 57
65 72 55 50 91 73 38 65 72 46 44 86 31 75 83 31 45 43 57 84 94 74 89 78 57 88 61 77 35 76 73 49 12 92 23 93 44 66 50 0 94 11 81 87 67 25 54 27 56 56 57 39 22 13 43 80 68 40 24 44 95 31 22 42 47 79 85 22 32 80 50 58 83 18 35 24 78 32 67 84 95 89 36 47 31 94 33 82 29 39 31 72 73 97 22 30 15 60 92 82 40 47 29 49 64 50 23 12 44 70 75 53 84 86 70 88 31 25 75 33 99 37 91 38 67 21 87 17 26 58 79 15 80 63 48
79 34 49 47 59 96 69 41 88 27 40 78 96 13 65 29 40 73 86 60 18 37 43 75 50 38 61 10 32 31 46 73 79 18 14 53 56 48 59 94 0 62 93 10 75 19 45 51 12 54 42 26 75 92 84 91 48 72 56 45 40 36 34 10 57 40 78 42 40 40 89 74 59 34 58 72 48 80 37 55 71 14 71 43 22 82 90 10 31 16 40 31 21 72 47 89 60 69 91 38 83 27 21 53 30 62 74 61 75 41 28 89 70 68 86 57 88 79 55 37 17 66 58 64 29 59 33 65 95 62 63 97 84 63 53
49 49 80 87 74 70 35 50 83 98 50 56 62 14 76 40 88 69 79 90 77 99 50 77 48 81 38 19 97 81 38 70 31 55 89 56 91 10 28 11 62 0 51 23 53 15 56 56 34 20 36 26 69 52 77 35 77 69 78 75 18 59 13 20 40 84 70 89 42 41 81 23 99 16 31 69 90 44 51 58 35 55 79 83 95 85 45 99 78 36 12 31 97 55 95 25 55 49 56 61 94 51 71 36 91 58 49 89 30 26 92 32 45 27 15 28 36 56 38 62 38 14 39 92 76 15 67 37 20 62 30 65 12 99 62
52 88 49 49 35 62 30 97 69 52 47 70 96 11 68 86 71 52 32 25 23 30 54 86 47 84 37 53 13 45 35 97 98 20 41 43 75 88 52 81 93 51 0 85 92 86 22 41 13 74 44 91 71 91 17 59 39 33 11 51 85 21 92 24 41 24 68 99 98 98 39 87 79 66 61 12 14 93 32 21 84 36 90 42 57 71 78 61 99 68 24 10 72 60 50 13 78 29 77 30 58 42 18 94 40 30 19 66 54 32 54 29 88 13 53 11 84 58 58 59 74 39 29 44 14 85 69 69 88 75 27 11 27 53 79
66 60 47 26 55 62 49 64 91 69 21 25 53 46 72 51 97 49 56 31 60 30 56 69 11 76 97 62 40 88 91 78 70 13 33 31 67 47 65 87 10 23 85 0 97 87 55 50 28 25 17 54 63 79 63 32 65 49 33 69 55 56 56 33 90 11 87 63 32 73 26 87 62 47 62 15 94 34 23 69 55 43 79 74 51 50 41 75 66 90 79 27 35 98 62 85 26 16 82 13 69 37 93 86 67 10 86 97 54 90 93 46 47 90 40 16 79 26 24 31 15 54 60 39 53 43 35 38 73 52 43 10 57 96 85
52 80 52 88 26 63 93 51 94 95 25 73 84 38 97 71 60 67 88 88 30 52 98 31 41 36 23 82 12 67 11 97 65 12 53 85 39 89 11 67 75 53 92 97 0 98 88 17 97 21 91 48 72 48 27 58 70 43 84 48 54 19 16 80 86 72 30 93 24 96 22 73 50 94 75 43 78 54 88 21 35 94 27 52 59 58 47 31 57 94 67 60 85 44 53 93 85 24 50 37 32 35 66 28 46 84 20 40 51 94 86 31 38 11 63 29 62 79 73 23 96 36 39 25 81 58 82 35 23 25 45 85 65 39 97
47 12 38 97 91 78 45 31 76 19 88 17 65 20 50 12 88 49 92 16 20 22 99 22 93 95 17 37 37 59 49 11 96 73 83 49 27 96 49 25 19 15 86 87 98 0 48 59 32 39 23 14 66 25 55 48 67 90 52 70 92 76 52 49 86 14 85 87 59 27 40 42 79 98 39 79 57 80 76 41 20 83 12 40 30 84 51 83 78 73 12 74 68 36 27 97 38 60 84 79 84 39 26 80 57 67 41 23 88 47 68 84 57 21 63 94 57 75 45 38 34 50 92 86 77 26 16 33 35 52 36 18 16 62 95
38 52 38 24 11 99 50 79 89 88 43 22 10 61 44 61 61 41 14 14 62 41 43 11 33 90 38 98 98 28 33 65 26 83 66 96 73 99 48 54 45 56 22 55 88 48 0 14 65 55 86 64 14 48 73 73 48 71 86 74 51 15 88 25 37 66 65 50 92 15 73 68 12 41 16 69 49 79 40 94 36 78 53 21 55 59 32 42 80 80 17 64 32 76 94 11 39 49 45 95 49 24 93 90 72 16 36 81 20 65 32 82 60 24 75 73 19 84 35 51 78 67 75 99 76 58 58 20 48 60 48 60 57 56 71
10 57 11 56 83 40 25 37 42 48 74 73 46 94 30 23 49 50 41 81 89 27 32 35 17 75 50 56 67 60 66 77 98 90 88 74 41 14 70 27 51 56 41 50 17 59 14 0 92 21 92 61 74 58 84 52 43 43 45 61 84 25 76 89 67 21 47 36 30 16 56 60 25 54 47 92 85 77 92 26 44 43 46 37 73 39 13 28 86 32 65 33 46 23 16 63 41 99 92 59 77 79 11 10 56 86 87 95 44 61 93 59 91 25 50 38 52 16 97 21 92 78 31 32 60 32 10 13 96 82 75 22 40 59 91
67 59 49 30 90 90 64 61 60 56 88 12 38 48 22 49 20 91 63 98 35 91 28 15 98 51 27 48 98 76 41 82 97 33 73 36 49 22 27 56 12 34 13 28 97 32 65 92 0 52 21 22 69 91 31 50 47 49 36 99 16 27 31 75 22 65 40 61 92 75 65 69 22 68 92 69 17 62 36 45 95 31 90 97 71 63 86 76 85 21 82 13 60 54 32 27 99 46 35 82 30 52 18 91 55 26 36 69 95 97 27 51 30 14 15 64 40 71 37 44 42 98 47 23 78 68 12 82 48 68 50 98 64 63 60
79 22 56 28 97 96 28 63 76 99 46 40 99 55 84 80 37 85 13 95 67 55 34 45 83 14 85 26 82 78 68 82 16 56 77 38 33 92 69 56 54 20 74 25 21 39 55 21 52 0 15 11 83 15 41 81 81 80 51 55 50 34 15 14 22 20 92 38 92 61 67 42 95 30 59 31 66 32 75 29 48 77 73 48 31 81 50 98 45 40 24 66 76 66 61 38 69 83 92 93 48 28 57 28 95 29 52 55 62 72 18 49 95 19 62 80 26 38 58 68 54 12 82 66 59 54 66 95 72 12 97 49 88 26 84
70 27 43 15 93 45 35 77 78 27 66 87 70 23 49 27 41 28 87 28 46 66 82 67 87 66 85 43 48 86 15 61 78 79 86 85 50 37 23 57 42 36 44 17 91 23 86 92 21 15 0 13 32 57 49 78 80 66 67 27 73 52 92 65 99 33 67 84 73 76 38 75 48 55 98 41 97 89 93 43 55 61 18 27 28 23 85 31 74 55 52 21 29 39 14 15 11 64 13 57 18 76 63 83 52 64 11 28 91 93 87 31 44 93 10 16 70 67 87 61 33 13 73 49 70 45 88 51 73 21 41 22 79 15 13
88 99 23 27 95 77 79 25 43 19 66 84 96 26 86 60 47 62 73 17 46 58 74 25 58 52 12 99 87 63 66 16 89 69 49 77 85 45 32 39 26 26 91 54 48 14 64 61 22 11 13 0 90 12 43 45 49 11 94 63 72 71 32 55 48 46 46 50 99 79 80 89 85 12 14 94 85 59 25 65 67 91 31 87 92 29 59 89 76 74 75 75 75 35 88 70 58 35 36 23 50 40 60 85 61 72 44 61 77 19 38 98 95 75 52 53 10 58 62 14 34 52 75 84 61 88 61 81 67 74 33 39 63 78 25
87 63 85 62 55 68 82 13 25 25 57 79 61 45 19 53 16 34 52 50 10 96 17 51 38 17 34 43 88 99 49 40 58 62 24 86 70 51 50 22 75 69 71 63 72 66 14 74 69 83 32 90 0 90 41 88 43 16 20 73 43 32 43 57 49 22 50 61 94 83 53 64 36 50 39 23 33 95 51 26 44 66 60 67 89 99 83 82 35 89 31 64 47 94 54 22 38 21 70 49 88 51 52 24 58 53 90 68 99 42 21 38 49 78 24 91 26 66 40 69 66 50 28 57 34 26 76 61 98 95 85 70 76 34 60
46 11 11 53 82 39 42 21 14 55 71 57 85 50 12 47 65 44 23 10 11 68 35 52 36 12 32 45 48 54 14 96 71 12 48 60 26 65 99 13 92 52 91 79 48 25 48 58 91 15 57 12 90 0 50 83 60 73 70 74 97 62 81 10 65 29 28 99 81 66 77 92 20 82 63 69 79 52 33 83 93 46 26 11 45 66 43 27 22 64 85 85 75 53 20 75 76 27 30 18 68 61 32 64 32 62 82 11 63 34 87 96 60 11 39 78 22 45 26 54 16 99 44 54 88 44 15 64 48 54 84 62 23 20 72
77 90 98 45 99 77 34 96 68 94 50 78 86 94 55 32 49 90 48 79 91 41 82 12 50 59 90 16 93 47 44 39 78 79 26 11 77 32 61 43 84 77 17 63 27 55 73 84 31 41 49 43 41 50 0 44 31 51 55 43 82 98 80 14 59 76 14 44 28 73 29 25 81 53 84 68 23 80 92 50 71 39 33 41 50 41 98 54 30 11 59 16 48 32 22 26 40 65 63 60 37 34 60 71 37 24 21 83 69 26 52 57 11 49 78 55 46 52 26 75 61 20 54 56 83 30 40 62 74 13 13 51 96 37 58
26 35 12 72 83 44 87 29 71 90 24 23 50 59 47 49 33 42 68 15 65 88 81 55 15 98 75 49 49 75 99 57 81 88 73 30 81 99 57 80 91 35 59 32 58 48 73 52 50 81 78 45 88 83 44 0 44 67 19 62 36 67 70 83 53 80 91 28 22 60 95 50 37 18 12 56 91 45 41 87 67 58 88 84 84 93 52 94 83 97 89 15 84 74 43 26 80 24 79 58 17 31 14 56 98 52 72 90 58 16 47 68 49 98 27 10 76 68 95 40 24 98 50 60 65 68 10 62 22 32 45 91 91 30 92
13 59 46 82 85 85 44 14 51 95 13 63 61 55 76 61 86 67 23 25 74 82 23 66 17 92 39 52 81 26 38 64 82 24 87 70 26 42 72 68 48 77 39 65 70 67 48 43 47 81 80 49 43 60 31 44 0 76 56 11 49 40 60 49 12 34 69 43 57 23 75 43 22 66 49 44 63 83 21 81 71 39 13 38 73 53 79 87 92 78 21 60 67 68 40 63 32 12 25 43 68 22 33 94 48 32 84 30 43 56 66 17 24 28 78 19 58 87 77 83 64 33 27 27 88 65 37 84 77 31 66 34 57 85 97
13 42 87 86 19 88 23 58 33 98 32 40 54 44 95 60 11 51 28 37 52 10 88 86 76 31 52 97 33 96 43 38 53 55 77 75 16 20 62 40 72 69 33 49 43 90 71 43 49 80 66 11 16 73 51 67 76 0 55 26 96 46 84 20 16 11 69 32 30 27 46 33 39 23 43 17 46 58 54 34 49 89 11 25 34 84 68 19 12 33 58 19 52 37 25 43 84 81 16 48 63 75 22 20 95 82 47 22 47 34 41 98 92 50 66 48 21 81 90 63 62 57 73 80 33 49 95 38 66 72 16 20 22 26 64
33 88 82 82 65 55 78 33 23 96 52 61 21 88 39 60 43 50 75 29 27 71 98 92 99 24 16 69 10 51 81 95 52 68 20 34 20 33 99 24 56 78 11 33 84 52 86 45 36 51 67 94 20 70 55 19 56 55 0 54 91 84 43 99 27 12 92 23 76 95 40 94 82 49 91 93 24 55 72 27 34 77 41 33 99 68 99 42 42 72 30 88 44 87 24 60 39 57 21 97 23 41 38 83 48 37 59 73 79 78 40 46 84 43 68 40 78 81 52 38 84 90 29 16 97 34 52 19 14 93 78 49 37 86 94
66 98 16 25 31 11 96 56 14 98 79 73 30 69 89 99 43 63 51 33 88 22 84 67 15 77 13 33 54 90 87 17 88 92 31 52 73 32 17 44 45 75 51 69 48 70 74 61 99 55 27 63 73 74 43 62 11 26 54 0 30 30 70 43 55 16 48 51 70 62 48 92 77 43 50 81 23 49 57 32 55 91 53 43 18 54 93 13 49 87 91 55 32 79 23 84 34 82 49 32 78 33 79 92 67 74 46 99 94 14 86 47 76 31 45 30 87 82 13 16 91 14 41 49 97 13 61 70 99 99 40 27 71 23 57
75 64 23 37 77 38 69 85 25 36 13 70 67 69 53 90 22 43 73 92 21 39 28 32 62 18 30 99 59 95 46 53 49 26 87 89 19 30 15 95 40 18 85 55 54 92 51 84 16 50 73 72 43 97 82 36 49 96 91 30 0 50 81 65 25 86 28 59 13 97 85 61 62 72 34 18 59 90 67 57 62 72 31 97 24 86 24 56 62 40 69 55 17 82 42 93 64 42 67 30 86 68 27 68 33 73 14 26 86 66 97 53 61 36 24 52 52 34 58 25 23 48 45 96 10 41 53 47 47 42 76 30 61 28 41
86 12 64 97 96 12 41 63 24 31 51 17 24 45 48 70 89 73 10 82 95 36 83 88 28 89 70 89 82 44 60 30 58 80 80 86 77 14 71 31 36 59 21 56 19 76 15 25 27 34 52 71 32 62 98 67 40 46 84 30 50 0 16 74 16 55 84 10 45 63 29 39 91 68 49 52 98 33 62 89 51 83 56 48 64 97 11 70 50 70 29 15 59 12 60 22 71 85 85 77 34 11 27 76 11 31 96 48 48 37 20 47 15 80 92 46 92 48 55 65 17 39 73 70 68 40 23 81 51 46 79 36 97 61 14
77 76 50 67 41 67 73 14 96 75 53 56 97 57 87 89 85 90 66 32 37 24 57 79 88 87 94 59 75 43 56 10 72 17 75 32 61 28 92 22 34 13 92 56 16 52 88 76 31 15 92 32 43 81 80 70 60 84 43 70 81 16 0 63 96 99 36 80 14 29 55 78 59 69 81 10 42 97 75 78 14 99 63 36 50 44 83 88 33 58 20 64 69 27 79 65 46 82 26 68 47 70 25 19 22 59 55 53 54 91 96 32 87 33 38 96 29 76 81 11 28 28 96 18 80 92 20 56 76 93 30 92 17 39 88
64 89 24 20 62 81 16 28 79 23 20 97 98 70 34 47 33 74 52 95 50 77 96 73 47 73 67 30 38 79 87 25 44 25 88 71 19 74 14 42 10 20 24 33 80 49 25 89 75 14 65 55 57 10 14 83 49 20 99 43 65 74 63 0 15 61 14 13 69 75 96 63 59 87 25 52 93 24 84 82 75 70 71 96 60 78 61 72 83 17 63 75 22 65 66 28 95 51 71 87 78 31 80 82 83 69 95 77 22 49 80 53 63 27 34 69 91 22 48 96 96 23 82 94 21 74 31 29 71 96 37 12 49 90 24
13 69 87 48 20 41 84 56 34 46 18 56 87 70 97 85 14 17 15 46 97 80 30 10 35 18 21 11 35 29 85 79 86 54 56 59 36 17 81 47 57 40 41 90 86 86 37 67 22 22 99 48 49 65 59 53 12 16 27 55 25 16 96 15 0 92 62 65 58 69 18 35 92 39 46 51 81 39 12 53 51 60 75 86 13 83 47 74 44 23 55 59 89 76 97 30 80 33 18 27 49 78 93 76 90 26 14 31 78 97 67 39 96 22 53 73 81 29 70 91 23 66 75 22 88 46 51 25 62 60 42 57 88 92 53
37 55 65 87 13 86 55 91 72 79 71 10 34 83 53 56 22 73 72 44 82 76 54 93 32 95 58 25 96 96 99 22 11 34 31 12 36 78 63 79 40 84 24 11 72 14 66 21 65 20 33 46 22 29 76 80 34 11 12 16 86 55 99 61 92 0 26 60 27 91 48 59 72 46 16 96 63 13 73 94 40 91 41 71 61 11 37 74 58 30 65 43 73 33 68 91 42 89 69 29 48 21 37 42 55 48 78 79 74 31 82 38 17 77 73 19 29 49 76 59 37 73 75 17 86 27 14 80 32 90 84 93 80 13 44
16 48 10 21 90 68 16 87 66 17 65 52 30 49 60 58 19 95 74 11 68 51 75 38 10 15 59 82 52 60 52 12 18 79 24 64 45 12 30 85 78 70 68 87 30 85 65 47 40 92 67 46 50 28 14 91 69 69 92 48 28 84 36 14 62 26 0 84 36 76 51 72 69 39 52 20 11 26 14 93 99 40 77 19 95 59 50 43 88 37 26 11 46 12 56 48 31 72 64 63 10 81 53 53 22 56 93 71 38 42 17 54 75 97 52 87 96 47 22 74 66 28 80 86 57 69 57 24 58 83 90 76 81 96 69
30 49 85 63 10 34 67 45 24 94 22 80 16 65 12 23 32 66 33 57 22 76 92 24 77 41 52 34 47 45 17 44 96 32 30 43 34 54 37 22 42 89 99 63 93 87 50 36 61 38 84 50 61 99 44 28 43 32 23 51 59 10 80 13 65 60 84 0 42 87 48 88 64 73 43 77 23 33 81 31 13 28 21 64 35 73 73 86 87 16 69 93 21 64 26 28 46 67 83 71 45 53 30 84 50 86 40 74 66 55 52 54 96 49 79 93 42 94 46 94 98 35 43 22 81 53 49 68 71 84 45 21 68 22 40
11 69 43 19 97 84 44 65 91 61 40 96 56 87 91 75 65 93 47 33 64 25 44 82 27 19 71 31 29 83 93 27 73 13 69 69 68 39 83 32 40 42 98 32 24 59 92 30 92 92 73 99 94 81 28 22 57 30 76 70 13 45 14 69 58 27 36 42 0 97 87 62 77 20 41 58 36 16 30 40 74 31 18 85 30 98 95 13 12 74 71 71 10 38 44 20 25 31 90 60 17 37 31 10 34 57 82 13 36 79 58 26 23 57 43 55 94 97 61 71 24 71 30 36 34 54 60 47 55 30 14 43 81 81 68
18 74 83 76 47 32 14 79 51 27 36 53 18 61 17 28 23 16 55 51 55 78 48 34 60 72 53 79 79 82 82 38 61 80 89 26 18 33 58 80 40 41 98 73 96 27 15 16 75 61 76 79 83 66 73 60 23 27 95 62 97 63 29 75 69 91 76 87 97 0 91 31 25 77 14 80 29 39 77 34 26 84 13 22 57 88 80 31 90 28 77 34 76 73 84 65 34 54 52 83 60 97 18 96 95 27 12 26 71 54 96 87 17 75 11 41 39 34 53 81 42 38 85 34 55 99 67 67 74 47 29 91 22 75 23
83 81 30 68 84 33 13 68 71 63 26 10 35 95 20 74 96 10 27 84 35 83 99 10 98 79 26 14 83 77 66 92 90 62 50 50 74 92 84 50 89 81 39 26 22 40 73 56 65 67 38 80 53 77 29 95 75 46 40 48 85 29 55 96 18 48 51 48 87 91 0 74 14 68 52 14 61 86 87 11 89 46 49 27 29 62 97 43 86 41 51 26 14 32 97 87 67 36 57 43 54 49 25 72 24 79 76 28 65 68 12 56 52 77 41 20 56 78 91 35 26 79 13 84 50 23 18 67 18 57 53 40 97 89 33
19 91 47 16 47 10 77 68 42 11 69 55 39 26 69 35 49 11 66 48 95 70 24 20 31 17 85 24 51 70 90 22 35 38 22 81 70 22 85 58 74 23 87 87 73 42 68 60 69 42 75 89 64 92 25 50 43 33 94 92 61 39 78 63 35 59 72 88 62 31 74 0 88 17 93 29 85 28 35 12 79 73 90 24 73 33 28 91 67 84 42 76 91 85 39 93 33 51 53 93 66 72 95 42 76 81 31 64 97 18 28 30 52 64 72 87 57 12 54 19 31 41 67 92 69 16 89 90 58 42 62 73 38 81 22
30 13 59 38 12 30 66 40 11 88 86 94 20 42 32 64 74 52 92 29 37 52 41 31 87 20 33 33 19 36 85 19 41 21 79 73 45 66 32 83 59 99 79 62 50 79 12 25 22 95 48 85 36 20 81 37 22 39 82 77 62 91 59 59 92 72 69 64 77 25 14 88 0 33 18 53 53 15 10 56 68 49 21 90 11 29 48 29 65 73 72 80 25 30 18 51 66 53 23 71 40 28 43 56 71 40 79 43 62 83 52 35 48 51 41 36 99 78 13 78 90 70 36 34 11 19 17 64 52 21 89 30 90 70 96
24 44 19 80 96 22 47 88 32 12 35 15 80 45 66 20 69 39 55 59 74 77 48 45 45 93 68 99 25 64 18 27 68 22 77 27 58 70 54 18 34 16 66 47 94 98 41 54 68 30 55 12 50 82 53 18 66 23 49 43 72 68 69 87 39 46 39 73 20 77 68 17 33 0 59 96 13 43 89 27 30 16 32 74 35 21 71 13 76 53 34 33 72 26 96 29 58 65 36 70 47 89 88 11 88 79 59 92 87 58 74 46 91 29 78 86 41 98 64 75 98 11 98 18 32 49 19 78 77 50 11 19 66 36 17
85 49 62 57 35 31 76 84 29 35 86 99 28 72 46 93 96 26 51 14 59 35 53 86 78 37 20 93 86 79 16 90 82 48 60 79 50 86 67 35 58 31 61 62 75 39 16 47 92 59 98 14 39 63 84 12 49 43 91 50 34 49 81 25 46 16 52 43 41 14 52 93 18 59 0 41 53 90 95 69 88 30 85 98 68 54 42 28 26 25 45 37 41 59 15 55 99 72 68 42 79 45 95 67 62 75 73 48 71 36 48 99 37 34 83 48 99 27 83 68 48 70 23 53 23 95 15 64 70 96 24 85 62 59 64
86 68 94 50 89 38 12 36 28 64 29 16 86 11 96 72 84 16 61 11 57 42 86 34 99 57 73 79 82 46 71 99 17 17 13 82 87 98 94 24 72 69 12 15 43 79 69 92 69 31 41 94 23 69 68 56 44 17 93 81 18 52 10 52 51 96 20 77 58 80 14 29 53 96 41 0 65 18 95 65 60 78 56 13 57 27 25 44 57 62 24 32 69 21 40 40 10 43 19 49 61 25 98 41 38 35 75 79 77 63 49 38 87 95 94 21 49 31 24 94 51 42 36 13 99 16 99 96 24 34 83 54 34 28 37
56 14 57 24 70 85 92 94 71 48 73 79 83 31 48 84 83 41 23 55 40 88 11 98 71 27 15 17 95 98 41 69 14 60 70 14 79 32 84 78 48 90 14 94 78 57 49 85 17 66 97 85 33 79 23 91 63 46 24 23 59 98 42 93 81 63 11 23 36 29 61 85 53 13 53 65 0 59 22 85 16 59 23 22 31 37 15 24 79 38 98 47 63 14 69 74 20 51 76 71 57 76 40 66 91 28 91 13 99 46 24 17 99 96 66 39 15 85 10 89 87 95 86 15 84 17 96 96 41 11 35 56 62 27 88
96 25 58 75 11 21 94 46 51 26 24 65 42 11 85 97 58 68 56 79 54 20 21 39 43 17 16 22 95 47 12 31 63 60 76 87 14 25 97 32 80 44 93 34 54 80 79 77 62 32 89 59 95 52 80 45 83 58 55 49 90 33 97 24 39 13 26 33 16 39 86 28 15 43 90 18 59 0 59 93 18 66 95 58 63 95 82 70 65 56 30 43 62 93 93 40 95 96 54 88 31 36 81 37 40 59 23 19 15 22 41 26 59 88 66 98 78 98 37 80 76 58 73 67 22 62 35 53 18 42 87 39 63 83 14
65 98 50 62 34 11 10 66 48 70 96 78 63 42 17 66 78 45 50 15 38 54 76 12 53 12 84 69 54 81 96 23 77 16 83 96 29 68 82 67 37 51 32 23 88 76 40 92 36 75 93 25 51 33 92 41 21 54 72 57 67 62 75 84 12 73 14 81 30 77 87 35 10 89 95 95 22 59 0 34 96 49 41 75 47 51 78 26 52 57 16 90 53 82 49 33 89 54 39 35 42 61 69 18 38 91 30 38 10 31 49 11 46 80 24 73 51 43 30 97 88 44 36 54 74 42 87 58 50 30 96 76 69 77 36
33 62 66 61 25 67 29 78 77 18 17 26 30 50 97 26 77 72 12 61 91 73 78 16 25 90 58 72 69 27 27 57 98 20 96 55 82 50 40 84 55 58 21 69 21 41 94 26 45 29 43 65 26 83 50 87 81 34 27 32 57 89 78 82 53 94 93 31 40 34 11 12 56 27 69 65 85 93 34 0 66 38 57 67 11 91 61 54 94 15 68 41 36 84 33 50 61 24 75 78 81 45 89 17 56 52 71 25 61 28 38 46 35 87 87 15 92 32 59 12 29 98 42 20 76 46 40 79 47 47 80 21 83 71 96
83 61 61 32 41 98 58 90 24 82 53 50 30 28 79 41 93 62 96 84 34 28 16 78 43 69 47 32 76 80 91 50 72 56 74 55 23 28 43 95 71 35 84 55 35 20 36 44 95 48 55 67 44 93 71 67 71 49 34 55 62 51 14 75 51 40 99 13 74 26 89 79 68 30 88 60 16 18 96 66 0 86 90 17 30 22 95 30 62 13 70 96 33 55 68 12 50 53 95 12 32 45 27 69 13 25 28 41 99 57 68 20 72 88 94 27 20 27 58 95 76 78 68 78 40 17 46 74 61 94 85 98 87 93 68
81 10 35 78 34 28 28 79 92 63 96 18 16 99 13 85 97 70 15 49 70 34 85 82 47 82 30 14 84 90 13 97 52 17 84 80 79 65 72 89 14 55 36 43 94 83 78 43 31 77 61 91 66 46 39 58 39 89 77 91 72 83 99 70 60 91 40 28 31 84 46 73 49 16 30 78 59 66 49 38 86 0 70 71 23 51 71 79 89 26 25 43 15 42 33 85 38 25 95 35 50 54 92 10 31 19 60 15 60 36 93 92 26 42 19 68 30 66 33 76 82 13 43 53 16 15 20 13 82 34 87 45 55 68 12
77 47 12 57 20 18 60 54 31 81 64 72 57 31 74 93 50 37 59 36 21 69 63 72 58 75 40 48 81 17 41 24 47 58 79 40 98 98 86 36 71 79 90 79 27 12 53 46 90 73 18 31 60 26 33 88 13 11 41 53 31 56 63 71 75 41 77 21 18 13 49 90 21 32 85 56 23 95 41 57 90 70 0 63 97 44 43 26 88 54 60 68 73 33 44 36 57 62 50 72 86 82 20 24 38 61 19 26 90 92 57 39 85 97 56 70 38 74 12 14 55 29 31 90 88 56 77 13 61 19 41 73 65 70 21
19 25 62 14 61 45 36 71 31 55 40 47 42 93 70 63 30 98 22 22 75 54 99 97 11 79 16 31 81 51 86 59 43 81 36 18 80 69 21 47 43 83 42 74 52 40 21 37 97 48 27 87 67 11 41 84 38 25 33 43 97 48 36 96 86 71 19 64 85 22 27 24 90 74 98 13 22 58 75 67 17 71 63 0 68 84 74 58 74 12 77 89 94 51 47 21 12 30 56 63 94 21 16 16 83 25 70 76 26 56 67 11 58 23 52 88 22 87 21 37 28 85 99 13 72 85 15 57 66 53 35 88 68 17 46
11 19 77 11 80 52 40 23 53 89 50 78 26 75 21 65 54 85 72 42 22 47 72 84 55 86 19 19 34 13 35 68 36 83 20 54 55 53 39 31 22 95 57 51 59 30 55 73 71 31 28 92 89 45 50 84 73 34 99 18 24 64 50 60 13 61 95 35 30 57 29 73 11 35 68 57 31 63 47 11 30 23 97 68 0 31 26 27 95 76 78 93 92 60 80 55 24 82 48 41 52 57 92 95 33 40 10 75 84 70 72 96 62 43 44 38 20 16 86 18 97 74 34 42 70 70 10 32 11 45 73 14 68 55 35
99 69 18 20 36 75 60 89 18 82 87 64 83 98 59 48 32 96 15 55 73 33 59 13 22 53 35 47 30 88 15 35 24 35 81 25 84 95 31 94 82 85 71 50 58 84 59 39 63 81 23 29 99 66 41 93 53 84 68 54 86 97 44 78 83 11 59 73 98 88 62 33 29 21 54 27 37 95 51 91 22 51 44 84 31 0 76 96 14 65 73 33 35 17 42 27 27 53 60 89 72 33 43 21 98 42 76 84 98 84 39 58 82 28 84 50 67 20 35 73 58 46 84 32 27 44 73 60 26 28 19 57 60 96 26
61 74 37 60 24 88 85 89 52 27 91 42 45 33 39 14 22 53 87 13 74 51 37 97 38 64 86 21 20 68 91 32 89 26 63 61 87 43 21 33 90 45 78 41 47 51 32 13 86 50 85 59 83 43 98 52 79 68 99 93 24 11 83 61 47 37 50 73 95 80 97 28 48 71 42 25 15 82 78 61 95 71 43 74 26 76 0 51 76 71 75 52 25 63 14 91 72 16 45 24 76 86 30 82 79 59 73 74 97 20 73 87 64 52 36 67 12 63 40 91 36 23 71 24 61 34 24 32 78 62 88 85 44 51 62
24 42 79 70 86 45 82 84 96 82 39 86 89 80 38 51 10 40 26 45 48 52 66 34 45 74 44 76 72 12 72 67 47 61 43 10 88 60 97 82 10 99 61 75 31 83 42 28 76 98 31 89 82 27 54 94 87 19 42 13 56 70 88 72 74 74 43 86 13 31 43 91 29 13 28 44 24 70 26 54 30 79 26 58 27 96 51 0 64 82 50 45 38 33 86 33 22 95 57 88 99 90 61 10 83 68 43 82 36 19 35 79 16 98 15 43 67 58 58 45 84 62 24 13 29 81 72 24 12 83 45 71 23 38 16
96 29 71 84 51 31 50 75 78 89 66 55 44 19 37 71 34 91 61 62 56 45 25 66 37 32 29 25 46 65 27 18 25 44 64 67 79 62 96 29 31 78 99 66 57 78 80 86 85 45 74 76 35 22 30 83 92 12 42 49 62 50 33 83 44 58 88 87 12 90 86 67 65 76 26 57 79 65 52 94 62 89 88 74 95 14 76 64 0 64 74 77 58 96 97 70 52 56 59 77 85 67 60 75 43 55 78 46 67 50 75 65 35 16 29 68 39 30 57 88 87 51 72 25 83 94 52 89 61 45 71 86 46 93 49
61 35 19 85 52 33 90 12 58 95 88 69 84 29 32 89 31 47 46 82 87 20 65 17 75 56 91 83 56 73 77 21 80 50 25 87 28 32 45 39 16 36 68 90 94 73 80 32 21 40 55 74 89 64 11 97 78 33 72 87 40 70 58 17 23 30 37 16 74 28 41 84 73 53 25 62 38 56 57 15 13 26 54 12 76 65 71 82 64 0 88 16 64 58 45 49 29 80 30 99 84 61 13 15 64 58 20 32 14 37 97 68 55 86 87 67 29 86 26 34 28 68 44 83 41 80 29 89 83 72 65 26 10 99 69
92 77 52 92 16 65 75 62 14 31 98 68 70 17 12 82 16 49 61 82 42 33 92 44 14 61 13 17 81 21 25 27 59 12 92 55 46 61 62 31 40 12 24 79 67 12 17 65 82 24 52 75 31 85 59 89 21 58 30 91 69 29 20 63 55 65 26 69 71 77 51 42 72 34 45 24 98 30 16 68 70 25 60 77 78 73 75 50 74 88 0 74 73 91 12 60 32 44 98 82 43 68 16 79 16 95 79 81 19 62 94 41 74 56 17 71 41 99 72 50 23 85 20 42 44 81 21 72 62 56 10 26 94 46 50
61 81 54 55 20 36 82 34 36 93 61 20 35 82 76 17 77 96 98 94 76 95 69 56 19 33 54 26 67 98 36 91 24 78 70 57 40 79 61 72 31 31 10 27 60 74 64 33 13 66 21 75 64 85 16 15 60 19 88 55 55 15 64 75 59 43 11 93 71 34 26 76 80 33 37 32 47 43 90 41 96 43 68 89 93 33 52 45 77 16 74 0 90 27 25 11 89 99 80 25 25 53 99 59 39 70 30 55 41 19 24 73 68 44 43 65 58 24 14 76 52 40 18 11 43 58 93 90 52 40 87 81 41 22 64
85 95 96 28 52 46 14 95 70 90 50 23 35 97 99 43 49 51 87 63 38 84 51 82 40 46 30 69 61 73 26 79 29 22 42 41 69 57 13 73 21 97 72 35 85 68 32 46 60 76 29 75 47 75 48 84 67 52 44 32 17 59 69 22 89 73 46 21 10 76 14 91 25 72 41 69 63 62 53 36 33 15 73 94 92 35 25 38 58 64 73 90 0 89 42 23 92 10 52 53 47 73 49 88 12 47 35 32 78 62 65 66 49 42 53 94 99 64 88 17 28 10 27 55 43 43 36 83 17 61 54 15 64 67 62
50 80 66 97 50 58 77 16 24 50 65 19 73 58 52 40 81 93 45 68 66 59 54 72 15 49 16 46 65 24 94 71 36 81 91 64 41 20 56 97 72 55 60 98 44 36 76 23 54 66 39 35 94 53 32 74 68 37 87 79 82 12 27 65 76 33 12 64 38 73 32 85 30 26 59 21 14 93 82 84 55 42 33 51 60 17 63 33 96 58 91 27 89 0 31 81 88 65 42 46 95 95 66 16 21 83 38 66 72 17 31 55 89 73 20 92 48 71 66 61 11 66 56 36 83 79 74 90 60 13 82 74 26 61 22
56 27 76 50 49 59 92 23 38 75 77 11 60 30 75 77 23 53 55 32 69 57 86 34 14 23 36 56 40 26 74 70 78 43 12 60 89 58 11 22 47 95 50 62 53 27 94 16 32 61 14 88 54 20 22 43 40 25 24 23 42 60 79 66 97 68 56 26 44 84 97 39 18 96 15 40 69 93 49 33 68 33 44 47 80 42 14 86 97 45 12 25 42 31 0 19 42 31 23 91 76 53 47 15 43 42 26 53 29 96 45 40 44 29 99 98 54 25 61 45 32 32 47 31 20 78 23 70 24 25 98 33 27 74 74
59 73 39 36 51 17 76 53 78 49 57 78 90 29 54 63 73 79 13 12 40 68 78 65 57 84 32 77 60 45 24 27 47 14 19 42 40 16 85 30 89 25 13 85 93 97 11 63 27 38 15 70 22 75 26 26 63 43 60 84 93 22 65 28 30 91 48 28 20 65 87 93 51 29 55 40 74 40 33 50 12 85 36 21 55 27 91 33 70 49 60 11 23 81 19 0 99 45 30 64 26 36 36 80 32 56 15 29 42 78 52 85 76 52 47 84 93 99 28 69 54 15 26 96 36 13 45 86 28 86 39 26 21 33 74
45 60 80 23 46 97 49 90 92 73 63 14 12 36 28 75 19 69 11 73 30 64 15 20 89 45 10 40 81 85 40 93 22 22 78 94 50 81 53 15 60 55 78 26 85 38 39 41 99 69 11 58 38 76 40 80 32 84 39 34 64 71 46 95 80 42 31 46 25 34 67 33 66 58 99 10 20 95 89 61 50 38 57 12 24 27 72 22 52 29 32 89 92 88 42 99 0 75 78 90 19 53 10 60 19 55 73 21 36 77 90 45 38 35 98 78 73 21 67 17 62 20 82 58 40 81 52 60 44 38 93 33 30 96 66
68 94 17 95 59 41 24 96 87 90 27 17 54 73 29 84 17 23 15 87 12 10 82 60 81 63 91 38 80 69 15 45 29 62 48 76 89 90 54 60 69 49 29 16 24 60 49 99 46 83 64 35 21 27 65 24 12 81 57 82 42 85 82 51 33 89 72 67 31 54 36 51 53 65 72 43 51 96 54 24 53 25 62 30 82 53 16 95 56 80 44 99 10 65 31 45 75 0 82 19 72 49 44 94 71 59 75 97 99 53 68 86 72 80 68 10 44 83 34 51 23 84 30 91 26 46 89 60 72 54 55 13 52 14 41
52 18 78 41 88 88 44 73 24 40 93 77 76 80 13 48 81 99 30 84 21 59 36 44 64 20 72 80 40 66 12 65 30 34 28 46 49 43 22 92 91 56 77 82 50 84 45 92 35 92 13 36 70 30 63 79 25 16 21 49 67 85 26 71 18 69 64 83 90 52 57 53 23 36 68 19 76 54 39 75 95 95 50 56 48 60 45 57 59 30 98 80 52 42 23 30 78 82 0 46 71 67 19 82 85 62 24 90 29 82 55 53 40 11 65 83 27 74 30 78 63 75 13 62 43 82 18 33 54 26 44 66 22 86 35
56 67 86 26 72 30 22 62 35 57 31 59 91 10 89 39 22 65 63 10 47 88 28 40 60 88 83 64 17 23 32 47 53 50 57 19 37 16 65 82 38 61 30 13 37 79 95 59 82 93 57 23 49 18 60 58 43 48 97 32 30 77 68 87 27 29 63 71 60 83 43 93 71 70 42 49 71 88 35 78 12 35 72 63 41 89 24 88 77 99 82 25 53 46 91 64 90 19 46 0 19 48 91 63 57 10 20 34 46 21 50 49 99 30 17 43 90 18 58 97 45 33 72 75 87 27 79 41 51 91 63 92 10 73 50
90 50 43 45 32 19 26 42 10 93 73 37 98 93 88 53 11 47 90 15 38 34 28 67 55 32 66 81 18 72 81 95 39 42 86 33 65 91 36 40 83 94 58 69 32 84 49 77 30 48 18 50 88 68 37 17 68 63 23 78 86 34 47 78 49 48 10 45 17 60 54 66 40 47 79 61 57 31 42 81 32 50 86 94 52 72 76 99 85 84 43 25 47 95 76 26 19 72 71 19 0 16 73 73 68 23 47 35 80 50 62 24 73 18 40 91 80 64 49 13 73 72 58 61 81 69 33 10 49 44 18 46 64 48 58
45 66 33 18 73 61 92 18 21 50 91 23 79 79 81 92 54 82 64 74 93 74 45 73 93 45 31 62 52 16 74 75 97 46 18 67 55 14 10 47 27 51 42 37 35 39 24 79 52 28 76 40 51 61 34 31 22 75 41 33 68 11 70 31 78 21 81 53 37 97 49 72 28 89 45 25 76 36 61 45 45 54 82 21 57 33 86 90 67 61 68 53 73 95 53 36 53 49 67 48 16 0 65 45 54 65 66 28 62 41 56 84 75 74 23 47 38 11 41 44 68 27 33 93 43 88 22 16 33 98 55 11 46 68 32
16 15 92 72 86 63 39 66 33 67 68 57 49 77 59 30 41 23 78 53 28 27 11 65 86 68 27 38 72 66 54 67 28 53 16 28 43 30 23 29 21 71 18 93 66 26 93 11 18 57 63 60 52 32 60 14 33 22 38 79 27 27 25 80 93 37 53 30 31 18 25 95 43 88 95 98 40 81 69 89 27 92 20 16 92 43 30 61 60 13 16 99 49 66 47 36 10 44 19 91 73 65 0 25 65 18 59 96 29 44 23 22 95 76 80 74 95 82 82 43 37 72 85 44 67 68 66 40 24 95 98 25 19 97 12
86 29 13 32 85 91 61 41 64 17 39 96 69 26 81 84 95 10 32 86 12 94 19 28 22 88 89 69 82 63 54 69 71 83 70 53 22 73 34 49 53 36 94 86 28 80 90 10 91 28 83 85 24 64 71 56 94 20 83 92 68 76 19 82 76 42 53 84 10 96 72 42 56 11 67 41 66 37 18 17 69 10 24 16 95 21 82 10 75 15 79 59 88 16 15 80 60 94 82 63 73 45 25 0 15 47 59 94 75 49 65 11 24 62 36 50 92 21 97 12 67 93 80 97 30 34 74 25 78 23 64 55 15 24 52
93 28 87 68 88 59 50 54 28 41 55 16 40 93 43 19 50 31 29 29 94 63 23 58 97 76 64 20 92 56 10 24 58 48 61 55 39 58 68 64 30 91 40 67 46 57 72 56 55 95 52 61 58 32 37 98 48 95 48 67 33 11 22 83 90 55 22 50 34 95 24 76 71 88 62 38 91 40 38 56 13 31 38 83 33 98 79 83 43 64 16 39 12 21 43 32 19 71 85 57 68 54 65 15 0 91 37 44 62 33 43 80 78 58 36 90 58 45 86 77 81 93 13 77 72 89 92 37 73 61 58 23 65 51 55
94 33 81 45 96 73 39 99 10 88 68 67 44 86 97 41 44 48 29 30 37 88 69 21 90 34 62 94 71 65 54 88 44 54 25 43 49 55 54 50 62 58 30 10 84 67 16 86 26 29 64 72 53 62 24 52 32 82 37 74 73 31 59 69 26 48 56 86 57 27 79 81 40 79 75 35 28 59 91 52 25 19 61 25 40 42 59 68 55 58 95 70 47 83 42 56 55 59 62 10 23 65 18 47 91 0 70 10 79 18 99 47 37 97 95 84 41 58 86 28 95 72 85 84 28 61 61 61 63 69 84 92 16 41 69
12 20 43 78 83 15 80 14 20 87 63 26 95 35 20 51 51 21 92 38 69 74 90 59 66 17 83 77 22 77 45 40 85 72 67 12 97 25 74 23 74 49 19 86 20 41 36 87 36 52 11 44 90 82 21 72 84 47 59 46 14 96 55 95 14 78 93 40 82 12 76 31 79 59 73 75 91 23 30 71 28 60 19 70 10 76 73 43 78 20 79 30 35 38 26 15 73 75 24 20 47 66 59 59 37 70 0 91 55 48 84 20 44 65 63 88 13 30 97 36 73 82 87 10 80 14 35 81 99 84 18 89 45 78 50
41 24 78 44 95 71 17 82 24 30 99 95 73 84 25 25 83 98 98 87 92 41 24 66 68 44 53 25 75 51 60 23 91 64 46 30 85 37 10 12 61 89 66 97 40 23 81 95 69 55 28 61 68 11 83 90 30 22 73 99 26 48 53 77 31 79 71 74 13 26 28 64 43 92 48 79 13 19 38 25 41 15 26 76 75 84 74 82 46 32 81 55 32 66 53 29 21 97 90 34 35 28 96 94 44 10 91 0 89 42 38 62 79 45 49 89 91 87 98 29 54 65 29 60 84 42 17 51 30 77 73 23 16 42 95
73 93 50 72 61 99 27 40 23 50 43 32 35 34 70 83 96 14 25 91 45 97 71 42 91 67 82 68 72 78 95 51 48 28 25 40 30 35 79 44 75 30 54 54 51 88 20 44 95 62 91 77 99 63 69 58 43 47 79 94 86 48 54 22 78 74 38 66 36 71 65 97 62 87 71 77 99 15 10 61 99 60 90 26 84 98 97 36 67 14 19 41 78 72 29 42 36 99 29 46 80 62 29 75 62 79 55 89 0 28 36 80 74 78 98 39 37 43 28 14 36 32 43 11 51 66 90 33 52 82 19 94 25 62 95
55 22 15 20 49 91 60 55 14 69 15 43 40 99 93 52 68 23 56 20 65 40 85 97 92 67 72 28 18 18 86 66 84 25 85 51 18 17 63 70 41 26 32 90 94 47 65 61 97 72 93 19 42 34 26 16 56 34 78 14 66 37 91 49 97 31 42 55 79 54 68 18 83 58 36 63 46 22 31 28 57 36 92 56 70 84 20 19 50 37 62 19 62 17 96 78 77 53 82 21 50 41 44 49 33 18 48 42 28 0 44 48 24 33 67 76 96 78 49 95 88 32 39 79 76 59 82 68 20 41 31 40 71 98 83
95 12 98 50 30 90 63 99 75 27 95 40 36 86 75 36 99 12 56 94 77 43 83 29 79 86 19 83 91 60 46 40 30 56 15 23 70 34 95 75 28 92 54 93 86 68 32 93 27 18 87 38 21 87 52 47 66 41 40 86 97 20 96 80 67 82 17 52 58 96 12 28 52 74 48 49 24 41 49 38 68 93 57 67 72 39 73 35 75 97 94 24 65 31 45 52 90 68 55 50 62 56 23 65 43 99 84 38 36 44 0 91 67 97 36 56 83 33 13 60 19 12 74 15 79 20 20 96 56 90 75 19 20 21 43
37 60 16 45 92 93 31 39 45 75 58 40 97 93 64 66 66 68 26 58 27 79 63 64 20 25 45 80 92 36 61 18 17 91 67 51 16 65 87 53 89 32 29 46 31 84 82 59 51 49 31 98 38 96 57 68 17 98 46 47 53 47 32 53 39 38 54 54 26 87 56 30 35 46 99 38 17 26 11 46 20 92 39 11 96 58 87 79 65 68 41 73 66 55 40 85 45 86 53 49 24 84 22 11 80 47 20 62 80 48 91 0 19 65 15 75 25 13 69 82 65 55 41 43 19 52 52 45 10 98 34 84 25 83 50
43 30 53 72 64 93 52 47 21 64 81 74 75 95 56 35 64 76 29 88 12 95 50 54 86 61 53 97 60 85 96 44 41 38 95 99 99 29 53 84 70 45 88 47 38 57 60 91 30 95 44 95 49 60 11 49 24 92 84 76 61 15 87 63 96 17 75 96 23 17 52 52 48 91 37 87 99 59 46 35 72 26 85 58 62 82 64 16 35 55 74 68 49 89 44 76 38 72 40 99 73 75 95 24 78 37 44 79 74 24 67 19 0 36 68 42 54 87 83 57 45 62 13 33 31 89 16 77 64 96 94 14 97 46 73
56 76 21 74 89 72 68 30 98 63 26 36 85 38 60 62 27 35 34 13 59 29 98 79 56 29 93 13 10 67 27 18 82 40 43 58 56 85 38 86 68 27 13 90 11 21 24 25 14 19 93 75 78 11 49 98 28 50 43 31 36 80 33 27 22 77 97 49 57 75 77 64 51 29 34 95 96 88 80 87 88 42 97 23 43 28 52 98 16 86 56 44 42 73 29 52 35 80 11 30 18 74 76 62 58 97 65 45 78 33 97 65 36 0 10 86 47 68 46 45 58 17 60 25 51 36 35 69 60 49 35 92 25 82 58
50 30 58 96 10 47 76 12 47 64 52 75 91 56 30 52 65 70 30 12 43 14 65 94 72 98 32 29 19 89 73 13 32 59 94 83 77 73 92 70 86 15 53 40 63 63 75 50 15 62 10 52 24 39 78 27 78 66 68 45 24 92 38 34 53 73 52 79 43 11 41 72 41 78 83 94 66 66 24 87 94 19 56 52 44 84 36 15 29 87 17 43 53 20 99 47 98 68 65 17 40 23 80 36 36 95 63 49 98 67 36 15 68 10 0 97 36 23 67 32 26 44 21 60 11 88 48 72 23 79 83 98 15 94 84
89 45 43 73 52 26 97 23 45 13 36 17 22 26 34 78 46 35 37 48 74 68 64 94 94 50 69 26 98 34 85 76 11 58 63 92 35 44 44 88 57 28 11 16 29 94 73 38 64 80 16 53 91 78 55 10 19 48 40 30 52 46 96 69 73 19 87 93 55 41 20 87 36 86 48 21 39 98 73 15 27 68 70 88 38 50 67 43 68 67 71 65 94 92 98 84 78 10 83 43 91 47 74 50 90 84 88 89 39 76 56 75 42 86 97 0 68 64 43 19 75 82 90 45 51 90 51 29 19 91 65 85 83 43 85
55 81 86 23 35 51 66 15 45 21 80 78 65 17 27 52 25 75 80 14 82 64 32 59 94 70 84 14 55 59 25 44 28 56 84 69 25 83 62 31 88 36 84 79 62 57 19 52 40 26 70 10 26 22 46 76 58 21 78 87 52 92 29 91 81 29 96 42 94 39 56 57 99 41 99 49 15 78 51 92 20 30 38 22 20 67 12 67 39 29 41 58 99 48 54 93 73 44 27 90 80 38 95 92 58 41 13 91 37 96 83 25 54 47 36 68 0 88 88 57 34 15 72 81 21 55 28 78 26 21 91 11 18 37 75
22 58 58 17 46 27 33 22 26 81 35 61 18 23 12 70 78 95 86 20 58 38 70 64 82 13 23 32 65 87 75 56 63 33 27 48 13 74 38 25 79 56 58 26 79 75 84 16 71 38 67 58 66 45 52 68 87 81 81 82 34 48 76 22 29 49 47 94 97 34 78 12 78 98 27 31 85 98 43 32 27 66 74 87 16 20 63 58 30 86 99 24 64 71 25 99 21 83 74 18 64 11 82 21 45 58 30 87 43 78 33 13 87 68 23 64 88 0 51 51 93 30 49 15 42 24 83 80 67 99 96 51 16 37 31
91 66 25 35 48 63 27 63 42 30 83 44 39 76 97 10 99 29 62 96 81 61 39 84 99 12 26 10 57 46 94 21 25 21 74 65 32 96 16 75 55 38 58 24 73 45 35 97 37 58 87 62 40 26 26 95 77 90 52 13 58 55 81 48 70 76 22 46 61 53 91 54 13 64 83 24 10 37 30 59 58 33 12 21 86 35 40 58 57 26 72 14 88 66 61 28 67 34 30 58 49 41 82 97 86 86 97 98 28 49 13 69 83 46 67 43 88 51 0 50 88 71 20 59 68 80 73 70 34 62 53 63 93 14 39
51 55 59 46 13 45 51 72 49 23 88 55 83 60 35 50 51 97 44 49 52 56 85 92 77 76 36 74 89 93 33 61 51 20 24 96 77 74 62 33 37 62 59 31 23 38 51 21 44 68 61 14 69 54 75 40 83 63 38 16 25 65 11 96 91 59 74 94 71 81 35 19 78 75 68 94 89 80 97 12 95 76 14 37 18 73 91 45 88 34 50 76 17 61 45 69 17 51 78 97 13 44 43 12 77 28 36 29 14 95 60 82 57 45 32 19 57 51 50 0 72 59 70 68 34 30 92 46 56 30 79 87 64 98 46
89 97 23 10 52 80 86 43 53 56 76 64 71 81 87 38 12 31 69 45 28 71 14 94 69 85 53 97 35 18 49 81 43 83 26 36 85 12 48 99 17 38 74 15 96 34 78 92 42 54 33 34 66 16 61 24 64 62 84 91 23 17 28 96 23 37 66 98 24 42 26 31 90 98 48 51 87 76 88 29 76 82 55 28 97 58 36 84 87 28 23 52 28 11 32 54 62 23 63 45 73 68 37 67 81 95 73 54 36 88 19 65 45 58 26 75 34 93 88 72 0 34 95 36 85 16 95 46 81 38 21 41 14 20 37
15 99 89 18 80 74 17 25 62 46 47 48 21 35 31 91 90 30 43 89 14 36 91 47 31 97 13 69 50 99 84 27 49 46 75 16 61 48 51 37 66 14 39 54 36 50 67 78 98 12 13 52 50 99 20 98 33 57 90 14 48 39 28 23 66 73 28 35 71 38 79 41 70 11 70 42 95 58 44 98 78 13 29 85 74 46 23 62 51 68 85 40 10 66 32 15 20 84 75 33 72 27 72 93 93 72 82 65 32 32 12 55 62 17 44 82 15 30 71 59 34 0 26 54 10 70 16 39 80 38 35 50 80 10 21
86 42 96 99 48 95 82 12 30 53 98 30 39 85 57 96 13 11 25 37 51 61 68 61 72 16 81 54 91 84 60 15 47 23 12 71 27 24 28 91 58 39 29 60 39 92 75 31 47 82 73 75 28 44 54 50 27 73 29 41 45 73 96 82 75 75 80 43 30 85 13 67 36 98 23 36 86 73 36 42 68 43 31 99 34 84 71 24 72 44 20 18 27 56 47 26 82 30 13 72 58 33 85 80 13 85 87 29 43 39 74 41 13 60 21 90 72 49 20 70 95 26 0 30 87 98 20 30 47 61 39 25 27 66 19
90 78 48 85 92 46 79 32 87 99 40 58 91 87 24 75 21 92 67 20 90 56 97 78 27 69 36 59 62 78 56 55 36 72 10 20 87 41 88 38 64 92 44 39 25 86 99 32 23 66 49 84 57 54 56 60 27 80 16 49 96 70 18 94 22 17 86 22 36 34 84 92 34 18 53 13 15 67 54 20 78 53 90 13 42 32 24 13 25 83 42 11 55 36 31 96 58 91 62 75 61 93 44 97 77 84 10 60 11 79 15 43 33 25 60 45 81 15 59 68 36 54 30 0 34 37 79 74 33 97 69 13 71 76 59
54 70 88 57 26 34 36 11 83 60 59 43 83 48 74 58 35 41 49 88 57 78 68 69 35 82 29 22 41 57 55 99 15 69 71 55 82 54 36 67 29 76 14 53 81 77 76 60 78 59 70 61 34 88 83 65 88 33 97 97 10 68 80 21 88 86 57 81 34 55 50 69 11 32 23 99 84 22 74 76 40 16 88 72 70 27 61 29 83 41 44 43 43 83 20 36 40 26 43 87 81 43 67 30 72 28 80 84 51 76 79 19 31 51 11 51 21 42 68 34 85 10 87 34 0 32 62 32 80 41 82 38 99 94 32
59 72 89 83 47 34 84 96 48 95 51 26 28 43 39 88 54 47 12 87 59 72 29 32 93 61 64 72 67 14 63 56 75 90 40 37 87 97 44 21 59 15 85 43 58 26 58 32 68 54 45 88 26 44 30 68 65 49 34 13 41 40 92 74 46 27 69 53 54 99 23 16 19 49 95 16 17 62 42 46 17 15 56 85 70 44 34 81 94 80 81 58 43 79 78 13 81 46 82 27 69 88 68 34 89 61 14 42 66 59 20 52 89 36 88 90 55 24 80 30 16 70 98 37 32 0 28 70 22 54 28 10 68 47 15
68 29 87 73 62 70 36 47 13 15 15 80 39 74 53 35 59 51 44 51 38 55 15 77 93 68 93 68 16 53 86 43 36 40 97 91 61 91 47 87 33 67 69 35 82 16 58 10 12 66 88 61 76 15 40 10 37 95 52 61 53 23 20 31 51 14 57 49 60 67 18 89 17 19 15 99 96 35 87 40 46 20 77 15 10 73 24 72 52 29 21 93 36 74 23 45 52 89 18 79 33 22 66 74 92 61 35 17 90 82 20 52 16 35 48 51 28 83 73 92 95 16 20 79 62 28 0 39 93 44 64 51 68 44 29
72 74 47 11 19 12 58 44 21 30 84 46 81 68 80 47 93 11 10 46 65 57 29 49 45 57 77 15 14 15 27 19 23 76 60 23 61 33 84 17 65 37 69 38 35 33 20 13 82 95 51 81 61 64 62 62 84 38 19 70 47 81 56 29 25 80 24 68 47 67 67 90 64 78 64 96 96 53 58 79 74 13 13 57 32 60 32 24 89 89 72 90 83 90 70 86 60 60 33 41 10 16 40 25 37 61 81 51 33 68 96 45 77 69 72 29 78 80 70 46 46 39 30 74 32 70 39 0 73 39 73 77 54 90 35
14 26 91 32 23 51 21 79 51 51 13 21 11 29 71 73 63 74 57 88 46 80 30 47 14 74 44 98 60 38 53 34 45 94 17 94 36 64 63 26 95 20 88 73 23 35 48 96 48 72 73 67 98 48 74 22 77 66 14 99 47 51 76 71 62 32 58 71 55 74 18 58 52 77 70 24 41 18 50 47 61 82 61 66 11 26 78 12 61 83 62 52 17 60 24 28 44 72 54 51 49 33 24 78 73 63 99 30 52 20 56 10 64 60 23 19 26 67 34 56 81 80 47 33 80 22 93 73 0 95 90 65 85 82 86
73 38 58 27 30 22 54 34 76 37 41 21 18 94 62 21 55 54 73 66 44 94 10 61 59 99 48 32 67 25 96 48 66 80 82 53 53 72 19 58 62 62 75 52 25 52 60 82 68 12 21 74 95 54 13 32 31 72 93 99 42 46 93 96 60 90 83 84 30 47 57 42 21 50 96 34 11 42 30 47 94 34 19 53 45 28 62 83 45 72 56 40 61 13 25 86 38 54 26 91 44 98 95 23 61 69 84 77 82 41 90 98 96 49 79 91 21 99 62 30 38 38 61 97 41 54 44 39 95 0 88 49 23 22 74
20 67 41 89 54 64 46 19 77 29 70 26 99 19 63 52 24 30 51 76 57 32 91 26 49 44 72 81 85 30 64 33 18 13 68 21 46 16 77 79 63 30 27 43 45 36 48 75 50 97 41 33 85 84 13 45 66 16 78 40 76 79 30 37 42 84 90 45 14 29 53 62 89 11 24 83 35 87 96 80 85 87 41 35 73 19 88 45 71 65 10 87 54 82 98 39 93 55 44 63 18 55 98 64 58 84 18 73 19 31 75 34 94 35 83 65 91 96 53 79 21 35 39 69 82 28 64 73 90 88 0 40 52 44 71
75 71 32 14 30 68 45 92 57 53 21 40 32 14 51 61 29 64 42 47 31 51 11 38 82 74 25 65 82 49 43 43 30 52 47 13 80 76 68 15 97 65 11 10 85 18 60 22 98 49 22 39 70 62 51 91 34 20 49 27 30 36 92 12 57 93 76 21 43 91 40 73 30 19 85 54 56 39 76 21 98 45 73 88 14 57 85 71 86 26 26 81 15 74 33 26 33 13 66 92 46 11 25 55 23 92 89 23 94 40 19 84 14 92 98 85 11 51 63 87 41 50 25 13 38 10 51 77 65 49 40 0 10 81 94
49 52 25 36 39 80 27 84 31 70 45 87 31 14 60 31 89 12 71 19 51 53 40 67 86 41 84 76 35 96 34 99 94 61 44 46 71 75 94 80 84 12 27 57 65 16 57 40 64 88 79 63 76 23 96 91 57 22 37 71 61 97 17 49 88 80 81 68 81 22 97 38 90 66 62 34 62 63 69 83 87 55 65 68 68 60 44 23 46 10 94 41 64 26 27 21 30 52 22 10 64 46 19 15 65 16 45 16 25 71 20 25 97 25 15 83 18 16 93 64 14 80 27 71 99 68 68 54 85 23 52 10 0 73 11
99 20 10 35 33 42 31 33 36 80 72 36 84 73 46 21 59 81 29 84 21 13 79 37 59 18 96 35 17 64 26 97 22 75 57 35 39 74 10 63 63 99 53 96 39 62 56 59 63 26 15 78 34 20 37 30 85 26 86 23 28 61 39 90 92 13 96 22 81 75 89 81 70 36 59 28 27 83 77 71 93 68 70 17 55 96 51 38 93 99 46 22 67 61 74 33 96 14 86 73 48 68 97 24 51 41 78 42 62 98 21 83 46 82 94 43 37 37 14 98 20 10 66 76 94 47 44 90 82 22 44 81 73 0 52
28 95 40 79 84 34 40 79 24 81 12 83 11 62 74 49 61 42 98 30 57 13 56 93 74 66 89 18 92 63 22 61 35 52 70 83 19 81 57 48 53 62 79 85 97 95 71 91 60 84 13 25 60 72 58 92 97 64 94 57 41 14 88 24 53 44 69 40 68 23 33 22 96 17 64 37 88 14 36 96 68 12 21 46 35 26 62 16 49 69 50 64 62 22 74 74 66 41 35 50 58 32 12 52 55 69 50 95 95 83 43 50 73 58 84 85 75 31 39 46 37 21 19 59 32 15 29 35 86 74 71 94 11 52 0