120
0 49 78 29 28 30 95 77 33 42 57 26 13 36 46 75 93 75 25 99 21 70 83 82 23 69 38 45 22 82 11 83 29 41 33 63 50 77 55 91 77 26 56 10 22 35 22 34 77 91 31 86 66 29 78 72 78 20 60 11 42 28 58 86 88 98 42 41 21 94 20 56 40 69 61 35 96 32 34 69 80 91 58 66 72 85 64 29 73 93 64 59 17 61 80 83 36 57 63 95 68 24 24 19 40 33 81 37 24 77 40 75 43 59 29 23 42 30 28 59
49 0 73 35 94 82 59 82 93 11 49 75 10 63 99 30 69 10 60 21 31 24 28 28 23 44 71 78 52 73 89 40 37 83 23 85 23 19 91 80 31 95 10 71 13 20 65 67 89 24 10 52 93 85 79 37 51 64 13 76 81 18 39 37 51 66 86 94 93 66 64 73 44 15 37 49 36 44 44 50 53 15 87 60 71 52 36 90 31 80 90 60 50 13 23 24 94 32 46 35 29 45 65 42 93 29 42 47 75 89 59 88 31 57 94 95 18 27 20 29
78 73 0 74 31 40 93 40 13 98 41 88 55 92 27 36 71 26 68 41 81 26 15 59 74 78 79 97 83 58 41 51 29 33 16 30 46 82 91 12 66 74 61 61 85 90 91 62 19 69 33 74 20 44 73 80 95 27 48 20 20 52 60 12 22 93 38 37 23 54 24 95 23 69 20 40 96 53 45 53 46 98 18 84 92 10 58 36 42 29 15 27 34 80 88 88 21 80 18 66 99 63 25 37 34 89 12 62 24 78 37 90 66 79 38 46 56 61 46 79
29 35 74 0 59 75 25 57 19 32 55 92 93 44 81 96 77 72 84 73 10 59 76 76 13 84 82 49 47 54 93 30 32 85 12 51 49 79 54 23 21 35 53 50 12 51 77 68 19 77 18 95 57 93 24 15 87 42 65 45 48 63 92 14 82 61 72 57 56 91 35 17 83 57 61 30 75 80 50 94 56 69 42 61 70 79 89 32 96 21 42 85 35 90 79 91 59 12 13 26 81 52 81 34 47 14 77 26 82 44 58 96 45 52 85 48 44 63 91 27
28 94 31 59 0 24 26 15 14 41 18 15 35 52 83 61 55 49 88 11 23 25 94 27 19 60 91 48 87 99 97 32 13 58 88 21 97 77 70 30 23 79 12 30 95 31 45 19 28 58 26 71 59 80 29 88 86 55 60 70 67 13 27 74 31 38 73 58 20 63 51 93 67 84 71 82 65 52 39 44 26 93 96 43 56 82 77 77 44 38 23 55 63 33 59 23 88 70 25 14 61 82 51 56 72 17 54 52 48 19 98 49 30 93 45 75 13 31 29 46
30 82 40 75 24 0 47 36 29 62 40 73 18 50 76 63 98 51 56 11 97 43 51 91 41 83 37 84 40 73 90 31 26 25 75 66 86 37 47 99 34 94 59 15 63 54 30 65 68 84 40 25 13 21 96 17 97 94 94 44 24 63 57 23 85 36 34 93 81 88 88 23 21 46 98 73 37 57 49 84 94 94 89 24 39 40 67 74 70 13 48 67 47 96 19 38 81 78 23 89 64 49 25 93 50 97 70 72 32 59 24 93 50 99 59 22 64 19 13 16
95 59 93 25 26 47 0 68 64 23 15 36 93 89 77 84 52 56 37 60 89 74 59 43 59 20 17 26 63 39 51 88 60 75 54 25 54 58 44 35 12 24 28 22 64 30 66 49 43 33 97 45 84 89 17 95 14 27 28 38 56 37 79 67 83 19 94 39 16 80 73 29 25 76 82 83 85 66 22 12 52 66 23 20 68 20 52 31 58 58 45 88 37 34 24 74 86 95 41 52 59 82 89 15 62 15 57 52 94 22 52 89 53 56 68 56 90 74 94 63
77 82 40 57 15 36 68 0 78 74 74 31 32 95 62 59 92 60 26 11 36 73 42 48 39 47 42 87 41 29 99 61 77 25 43 51 29 36 17 75 57 67 35 31 50 23 78 18 95 44 77 82 12 33 60 59 71 40 55 90 30 26 81 79 60 41 28 25 82 92 10 54 21 86 76 93 99 63 81 52 21 29 91 55 17 98 94 78 18 75 40 41 74 23 88 47 33 83 30 84 88 23 63 44 49 35 58 83 85 43 50 13 40 97 84 20 63 90 35 48
33 93 13 19 14 29 64 78 0 76 91 85 94 60 16 88 68 50 24 45 18 78 98 61 75 74 31 41 29 65 91 84 23 10 19 14 20 86 77 46 62 54 78 50 61 94 76 51 74 48 77 28 62 43 31 67 66 49 16 69 89 38 95 18 46 41 17 40 51 71 71 69 37 58 84 46 52 89 71 67 10 72 73 31 20 66 70 67 91 45 95 45 74 83 91 35 76 83 55 53 59 10 20 86 33 56 13 52 14 35 29 44 55 51 38 39 62 64 34 40
42 11 98 32 41 62 23 74 76 0 84 69 67 20 92 10 24 64 13 32 32 26 13 32 29 29 64 91 77 71 23 44 72 34 80 23 19 76 93 59 40 33 45 57 27 93 42 61 63 12 41 90 21 57 74 48 19 90 64 39 93 47 80 73 62 83 48 87 24 36 20 41 27 12 62 30 27 71 55 36 34 52 30 81 53 24 88 37 45 95 30 62 91 23 36 34 93 16 17 27 98 97 36 40 87 90 77 73 38 73 63 94 40 67 99 68 19 67 15 61
57 49 41 55 18 40 15 74 91 84 0 12 78 39 36 65 92 94 62 39 43 56 27 51 94 10 14 82 64 41 73 73 34 12 26 11 62 42 78 16 16 39 43 87 85 64 28 77 88 47 44 81 99 27 42 44 94 20 43 25 61 42 90 71 15 35 96 20 78 57 44 57 47 26 77 55 18 83 11 59 63 30 10 79 26 79 84 28 49 72 31 61 50 98 59 52 27 33 75 68 60 39 85 12 23 41 73 96 10 62 95 40 92 69 60 36 87 66 15 72
26 75 88 92 15 73 36 31 85 69 12 0 73 92 38 73 89 13 28 36 16 59 23 44 32 43 36 48 98 45 84 47 49 79 65 32 88 13 92 47 93 72 56 59 51 60 59 47 70 58 92 77 91 90 65 54 61 23 42 29 25 54 41 41 57 99 22 66 92 78 58 99 45 84 51 27 28 70 42 83 48 99 66 36 72 47 77 62 95 83 91 67 24 37 92 58 36 65 34 98 87 62 79 15 44 59 51 27 19 94 55 69 96 38 33 18 11 27 59 51
13 10 55 93 35 18 93 32 94 67 78 73 0 74 49 57 89 77 65 71 16 27 87 96 85 27 42 43 27 19 30 33 63 33 51 78 22 33 63 97 43 45 89 37 57 43 38 17 18 82 58 77 18 56 68 91 60 72 66 50 40 29 74 94 45 47 74 20 72 88 98 72 59 91 89 20 52 88 18 91 69 78 70 35 31 84 36 71 59 47 85 31 57 66 48 93 95 95 43 91 44 92 53 81 97 32 35 17 81 25 89 93 85 85 82 89 77 90 28 52
36 63 92 44 52 50 89 95 60 20 39 92 74 0 78 58 94 56 90 28 15 34 49 67 32 58 64 33 41 64 99 92 64 81 89 67 13 59 94 12 36 13 62 24 42 55 32 78 35 85 87 30 56 83 11 59 39 24 51 62 14 44 58 21 51 23 63 82 15 74 87 48 15 31 68 49 34 57 18 81 12 33 65 51 22 41 22 93 36 94 28 52 15 35 44 25 41 90 56 32 89 10 38 54 31 52 51 96 85 83 17 38 11 10 76 40 31 90 77 26
46 99 27 81 83 76 77 62 16 92 36 38 49 78 0 66 49 55 71 45 53 90 21 52 49 89 20 57 32 35 76 12 91 75 69 15 85 94 44 86 91 34 48 59 60 19 90 10 47 54 13 35 57 64 28 66 26 69 40 88 13 34 59 55 39 51 34 69 30 60 45 71 18 20 32 70 99 96 92 99 64 42 62 44 36 95 29 98 14 75 29 97 92 80 85 78 26 90 96 76 14 40 20 85 16 75 12 30 25 31 58 50 59 85 51 27 19 48 88 46
75 30 36 96 61 63 84 59 88 10 65 73 57 58 66 0 42 21 49 89 66 40 18 45 94 31 47 88 79 53 47 13 47 88 24 13 97 63 29 99 29 43 97 30 12 12 31 36 20 43 65 75 39 38 79 35 39 52 86 86 62 27 20 30 19 53 12 59 31 76 97 29 43 88 75 92 84 62 96 87 41 87 63 63 35 85 84 27 78 82 36 67 68 66 33 58 43 80 27 79 62 33 53 85 97 17 90 16 60 55 43 78 60 61 48 98 96 69 18 91
93 69 71 77 55 98 52 92 68 24 92 89 89 94 49 42 0 72 71 33 79 22 60 22 41 65 42 61 87 13 19 59 12 66 34 70 22 47 81 76 99 82 38 34 14 44 20 92 50 43 77 44 52 50 15 72 91 32 82 85 12 60 15 44 14 29 89 95 99 55 34 68 29 13 42 62 19 15 24 36 61 13 34 92 45 66 96 38 81 75 88 69 32 76 22 95 66 25 30 33 20 88 23 34 19 48 18 25 40 99 54 57 95 81 65 55 68 92 59 43
75 10 26 72 49 51 56 60 50 64 94 13 77 56 55 21 72 0 30 10 21 75 67 74 65 81 55 51 79 22 92 45 44 55 88 12 76 45 37 33 64 38 50 66 17 26 61 59 51 65 25 12 30 33 94 59 12 43 59 13 42 31 88 32 52 45 96 53 83 70 86 46 71 26 30 44 99 76 73 66 79 83 33 49 58 45 60 27 76 35 28 15 46 90 82 96 95 98 49 44 18 19 51 77 72 64 25 57 64 42 34 38 65 49 96 53 64 17 90 60
25 60 68 84 88 56 37 26 24 13 62 28 65 90 71 49 71 30 0 76 49 40 63 84 27 78 22 95 39 84 14 37 90 18 16 52 46 80 70 38 99 47 96 54 95 73 98 80 95 73 61 24 41 40 51 17 21 73 64 34 89 57 36 95 53 79 43 27 12 27 80 52 19 99 89 34 56 63 74 34 62 24 60 63 15 74 95 11 25 76 16 49 17 34 18 61 25 25 45 70 55 15 18 84 80 71 38 61 29 68 79 78 45 91 31 71 64 46 59 86
99 21 41 73 11 11 60 11 45 32 39 36 71 28 45 89 33 10 76 0 82 33 38 60 54 44 26 68 74 62 36 26 55 73 86 31 59 67 78 34 68 51 19 65 37 74 68 79 49 91 59 75 79 47 52 99 44 98 66 37 99 15 34 46 35 81 74 22 28 78 20 79 29 37 75 81 78 55 32 16 88 16 83 41 10 49 21 93 79 60 83 60 24 65 21 59 79 63 42 25 19 79 41 62 89 98 79 93 97 27 21 71 82 48 66 34 42 46 42 73
21 31 81 10 23 97 89 36 18 32 43 16 16 15 53 66 79 21 49 82 0 50 35 15 98 73 55 62 71 89 45 23 66 51 71 74 67 38 13 85 91 13 89 56 48 56 92 60 65 83 15 52 85 27 13 19 77 60 66 96 94 93 18 85 25 95 47 17 27 45 45 76 47 66 82 25 49 38 13 23 79 18 13 17 61 47 49 72 38 10 52 26 16 23 26 58 60 71 57 95 72 85 50 12 74 19 10 16 90 78 62 82 12 43 58 63 34 16 57 87
70 24 26 59 25 43 74 73 78 26 56 59 27 34 90 40 22 75 40 33 50 0 25 36 78 56 44 62 54 77 85 87 93 54 72 59 90 63 70 29 24 83 31 54 68 80 94 78 49 57 27 81 71 10 57 51 96 98 85 74 62 66 48 98 37 92 45 31 39 74 36 86 32 61 63 25 62 96 72 53 15 31 59 46 82 38 28 58 80 54 85 17 30 13 26 36 82 20 26 47 16 21 90 46 28 73 27 71 54 98 98 90 57 33 94 26 56 79 10 60
83 28 15 76 94 51 59 42 98 13 27 23 87 49 21 18 60 67 63 38 35 25 0 74 41 60 46 82 34 78 35 84 81 40 47 11 66 87 42 42 39 16 59 54 45 59 13 55 61 49 39 26 57 27 60 41 51 69 51 66 24 48 17 76 83 33 89 32 74 73 76 37 52 67 11 56 58 80 33 40 48 21 70 51 59 23 82 38 93 60 15 85 13 17 57 68 27 40 37 65 16 84 74 43 12 83 80 60 62 62 92 36 65 43 19 88 29 34 62 73
82 28 59 76 27 91 43 48 61 32 51 44 96 67 52 45 22 74 84 60 15 36 74 0 40 86 47 45 96 55 22 45 30 28 97 55 33 23 78 76 31 77 74 70 48 99 89 89 35 83 78 25 59 32 60 94 19 36 79 56 50 25 75 52 29 27 11 39 11 27 20 93 87 69 95 79 82 73 78 42 67 13 25 99 38 20 28 35 52 31 55 19 51 61 96 48 35 70 15 31 78 41 19 74 18 12 79 51 63 25 98 89 43 85 64 40 75 42 99 93
23 23 74 13 19 41 59 39 75 29 94 32 85 32 49 94 41 65 27 54 98 78 41 40 0 17 65 44 25 69 67 99 48 33 55 10 14 84 98 77 10 53 99 21 49 26 33 61 58 27 55 76 49 22 94 81 75 30 94 79 73 42 59 95 79 12 84 53 28 81 18 95 14 95 97 17 32 56 15 81 94 53 20 72 31 45 12 23 92 23 37 83 88 77 86 37 59 72 91 11 87 63 98 73 91 14 69 49 15 90 96 37 59 40 40 64 58 84 20 93
69 44 78 84 60 83 20 47 74 29 10 43 27 58 89 31 65 81 78 44 73 56 60 86 17 0 73 97 14 89 32 16 12 30 23 61 16 56 90 55 38 10 79 38 93 26 28 19 33 67 70 79 19 26 10 25 60 19 42 63 10 79 21 12 57 37 25 67 12 89 97 79 81 64 73 76 55 17 83 55 42 12 14 36 76 93 23 72 39 89 45 34 86 42 27 82 27 80 39 48 39 63 56 96 69 18 49 80 34 86 56 12 66 72 58 95 95 17 42 99
38 71 79 82 91 37 17 42 31 64 14 36 42 64 20 47 42 55 22 26 55 44 46 47 65 73 0 95 27 22 86 21 56 22 58 51 57 60 44 84 45 86 50 83 86 11 58 29 85 52 58 85 82 93 69 51 39 97 29 28 76 73 57 94 81 47 81 31 41 27 70 92 44 10 52 38 54 10 18 10 84 27 75 65 74 67 10 51 55 51 66 41 54 42 63 71 49 42 17 19 83 25 27 63 36 65 92 99 47 23 73 30 66 54 23 72 25 45 51 62
45 78 97 49 48 84 26 87 41 91 82 48 43 33 57 88 61 51 95 68 62 62 82 45 44 97 95 0 70 59 35 33 11 10 86 47 22 86 28 60 69 20 93 36 42 90 77 46 12 40 70 99 80 38 70 38 75 92 22 59 63 13 43 77 52 19 42 99 80 55 28 43 11 34 65 68 35 90 43 44 51 93 51 67 60 77 25 68 70 84 48 20 58 41 71 60 26 19 95 11 20 11 78 60 35 58 20 44 53 63 88 17 98 47 48 23 81 82 83 72
22 52 83 47 87 40 63 41 29 77 64 98 27 41 32 79 87 79 39 74 71 54 34 96 25 14 27 70 0 79 84 94 57 80 23 64 32 36 17 16 50 40 18 29 36 18 64 54 14 28 92 60 66 19 71 52 84 83 67 68 45 60 92 11 89 93 32 77 83 49 25 44 80 49 99 98 14 76 33 94 20 89 69 32 41 84 32 94 97 34 62 64 69 78 16 43 57 53 45 28 73 14 56 90 39 60 18 27 24 13 94 17 13 31 69 94 27 18 19 43
82 73 58 54 99 73 39 29 65 71 41 45 19 64 35 53 13 22 84 62 89 77 78 55 69 89 22 59 79 0 50 97 80 13 69 29 26 74 43 24 36 46 95 80 17 24 78 58 78 20 11 21 52 31 34 91 37 90 60 20 42 51 31 26 87 72 87 82 35 32 98 41 12 21 64 26 27 48 34 63 45 48 20 12 92 95 77 91 13 30 86 76 53 25 74 50 14 72 80 99 16 42 37 15 74 32 29 19 50 17 49 14 21 38 69 18 98 54 89 18
11 89 41 93 97 90 51 99 91 23 73 84 30 99 76 47 19 92 14 36 45 85 35 22 67 32 86 35 84 50 0 73 81 19 10 27 94 89 29 10 82 11 38 78 30 98 94 79 49 68 37 79 18 75 26 88 50 39 67 86 33 72 83 52 20 27 48 28 18 73 16 82 97 87 24 20 88 73 94 77 80 39 26 49 71 46 58 63 38 98 35 90 69 81 64 93 40 28 47 88 75 36 43 57 86 45 26 64 71 92 71 23 44 61 50 94 55 61 47 80
83 40 51 30 32 31 88 61 84 44 73 47 33 92 12 13 59 45 37 26 23 87 84 45 99 16 21 33 94 97 73 0 31 52 16 11 13 73 32 22 45 41 74 60 18 78 95 38 20 30 65 91 62 36 59 12 80 29 31 47 32 51 39 91 96 21 99 50 43 68 99 86 80 90 49 32 75 94 66 58 80 79 57 62 68 73 63 50 16 42 81 14 57 40 67 36 70 24 29 69 36 57 81 14 54 96 84 89 64 69 98 30 39 15 75 50 17 14 78 13
29 37 29 32 13 26 60 77 23 72 34 49 63 64 91 47 12 44 90 55 66 93 81 30 48 12 56 11 57 80 81 31 0 58 56 18 48 69 11 88 94 97 41 46 23 30 54 45 55 79 22 46 45 37 44 60 76 45 78 31 31 83 63 86 15 33 40 73 28 58 13 80 74 63 79 68 26 62 66 77 43 62 91 79 71 87 85 33 63 60 68 38 99 42 13 33 92 37 96 35 48 49 43 39 43 99 62 23 19 66 77 75 64 91 92 96 18 63 57 65
41 83 33 85 58 25 75 25 10 34 12 79 33 81 75 88 66 55 18 73 51 54 40 28 33 30 22 10 80 13 19 52 58 0 24 36 95 92 16 58 73 27 29 74 41 73 25 51 93 56 29 91 57 25 32 75 45 37 21 81 63 50 18 21 28 87 83 95 53 84 70 95 21 20 10 21 38 70 67 36 31 21 69 41 58 37 76 88 36 37 26 19 93 70 48 54 24 97 19 42 95 27 82 12 65 28 12 28 32 37 15 32 79 17 91 68 49 96 69 19
33 23 16 12 88 75 54 43 19 80 26 65 51 89 69 24 34 88 16 86 71 72 47 97 55 23 58 86 23 69 10 16 56 24 0 53 90 65 97 47 68 76 29 94 98 54 74 89 88 78 44 92 53 63 61 30 12 64 41 38 36 20 11 46 94 52 78 51 43 80 76 93 54 79 84 95 10 15 92 62 55 55 73 97 56 42 67 41 91 95 42 60 78 31 79 42 90 12 72 12 10 92 81 33 65 13 62 50 70 69 44 75 93 34 87 73 19 16 76 53
63 85 30 51 21 66 25 51 14 23 11 32 78 67 15 13 70 12 52 31 74 59 11 55 10 61 51 47 64 29 27 11 18 36 53 0 63 57 15 82 11 19 98 72 80 30 66 21 42 54 57 76 91 29 82 78 43 38 66 67 57 59 39 16 25 95 51 17 35 45 45 39 87 35 71 81 71 16 74 24 25 31 23 81 62 23 40 84 81 35 17 98 62 66 63 35 91 23 57 87 31 36 18 69 23 26 58 33 83 54 18 77 82 92 95 67 58 21 18 80
50 23 46 49 97 86 54 29 20 19 62 88 22 13 85 97 22 76 46 59 67 90 66 33 14 16 57 22 32 26 94 13 48 95 90 63 0 18 61 67 61 41 33 55 99 39 89 31 50 59 90 24 33 55 85 80 55 69 52 23 21 67 48 90 30 86 62 65 71 25 97 17 38 29 30 51 26 95 97 48 60 13 44 38 41 52 33 33 77 56 36 46 97 42 52 12 46 38 26 97 98 38 16 93 28 49 46 77 86 99 57 63 97 63 33 80 55 45 24 84
77 19 82 79 77 37 58 36 86 76 42 13 33 59 94 63 47 45 80 67 38 63 87 23 84 56 60 86 36 74 89 73 69 92 65 57 18 0 54 92 84 86 71 86 23 60 82 45 51 90 79 33 90 25 71 73 66 72 43 91 18 77 10 17 46 12 34 73 93 16 36 83 42 26 70 95 44 12 36 96 73 30 35 25 98 67 30 55 22 64 55 65 87 80 90 78 35 24 45 92 95 30 23 90 80 46 51 42 26 38 66 31 73 24 92 71 27 24 34 29
55 91 91 54 70 47 44 17 77 93 78 92 63 94 44 29 81 37 70 78 13 70 42 78 98 90 44 28 17 43 29 32 11 16 97 15 61 54 0 55 32 96 50 69 23 65 93 90 37 36 15 32 45 38 90 63 30 34 48 41 32 34 87 14 74 78 51 55 93 65 77 80 75 25 31 82 28 52 18 22 73 59 36 21 71 23 78 17 95 57 79 79 11 68 60 89 56 28 40 74 85 37 55 24 31 30 11 69 85 26 45 11 87 88 28 71 73 83 85 30
91 80 12 23 30 99 35 75 46 59 16 47 97 12 86 99 76 33 38 34 85 29 42 76 77 55 84 60 16 24 10 22 88 58 47 82 67 92 55 0 90 31 33 30 24 64 72 29 47 72 24 35 15 57 34 74 68 91 41 29 47 18 30 79 98 24 94 80 65 68 83 78 65 89 98 98 67 89 23 41 38 40 90 87 60 14 87 90 26 92 27 92 57 98 62 92 31 47 93 83 11 71 51 93 12 97 34 46 64 90 85 17 63 10 15 64 75 10 78 57
77 31 66 21 23 34 12 57 62 40 16 93 43 36 91 29 99 64 99 68 91 24 39 31 10 38 45 69 50 36 82 45 94 73 68 11 61 84 32 90 0 21 91 88 38 34 99 80 45 94 60 39 97 16 91 41 92 75 73 73 77 32 60 31 53 62 34 65 11 60 32 79 68 36 18 16 72 86 52 69 20 80 24 84 34 58 15 32 15 88 27 50 84 17 66 19 68 26 48 71 89 33 66 78 23 81 49 50 88 71 48 93 14 13 88 27 25 23 84 49
26 95 74 35 79 94 24 67 54 33 39 72 45 13 34 43 82 38 47 51 13 83 16 77 53 10 86 20 40 46 11 41 97 27 76 19 41 86 96 31 21 0 15 69 12 41 31 63 27 22 58 57 27 96 61 85 44 39 44 59 62 53 40 25 69 86 21 47 12 53 35 27 70 28 85 76 56 60 79 51 57 19 16 99 50 69 65 93 86 53 93 65 69 39 91 54 12 14 77 54 56 65 11 92 55 87 70 79 99 88 92 30 21 77 17 96 79 80 67 81
56 10 61 53 12 59 28 35 78 45 43 56 89 62 48 97 38 50 96 19 89 31 59 74 99 79 50 93 18 95 38 74 41 29 29 98 33 71 50 33 91 15 0 68 96 27 62 13 19 94 10 35 16 35 59 94 85 85 26 55 11 92 51 34 60 91 97 52 25 89 80 92 67 68 72 61 37 38 92 49 24 19 62 80 34 59 23 31 62 25 24 57 74 89 41 13 53 86 73 19 25 23 88 31 25 22 46 57 32 50 16 27 48 63 59 36 84 17 26 60
10 71 61 50 30 15 22 31 50 57 87 59 37 24 59 30 34 66 54 65 56 54 54 70 21 38 83 36 29 80 78 60 46 74 94 72 55 86 69 30 88 69 68 0 97 95 19 16 98 46 46 90 25 87 98 79 31 42 44 91 85 84 39 93 33 74 71 11 93 75 95 67 71 42 38 17 14 77 80 74 14 91 52 44 22 63 90 64 59 42 56 55 43 10 86 17 15 61 18 22 47 31 57 34 86 18 37 10 16 24 70 73 60 37 35 10 61 38 14 55
22 13 85 12 95 63 64 50 61 27 85 51 57 42 60 12 14 17 95 37 48 68 45 48 49 93 86 42 36 17 30 18 23 41 98 80 99 23 23 24 38 12 96 97 0 31 75 87 59 79 54 80 13 38 92 62 77 56 24 84 74 27 68 60 97 46 26 63 96 97 97 98 17 27 55 14 80 37 60 12 11 22 63 56 58 26 44 91 76 57 86 17 99 76 89 95 42 60 85 17 59 68 49 79 18 36 29 24 97 71 65 38 92 49 32 54 71 24 10 84
35 20 90 51 31 54 30 23 94 93 64 60 43 55 19 12 44 26 73 74 56 80 59 99 26 26 11 90 18 24 98 78 30 73 54 30 39 60 65 64 34 41 27 95 31 0 43 44 18 32 57 47 84 74 42 84 85 96 66 27 31 90 76 30 36 19 77 78 34 17 82 76 45 39 39 67 10 94 14 78 76 29 36 31 73 45 49 12 29 24 97 86 79 91 36 86 18 61 97 35 66 82 13 97 56 26 32 76 37 49 67 69 21 56 94 89 97 84 51 13
22 65 91 77 45 30 66 78 76 42 28 59 38 32 90 31 20 61 98 68 92 94 13 89 33 28 58 77 64 78 94 95 54 25 74 66 89 82 93 72 99 31 62 19 75 43 0 48 96 43 72 44 23 81 57 22 46 40 86 68 19 27 46 36 14 97 40 95 36 78 27 22 37 64 62 66 65 10 87 48 57 23 29 21 53 59 98 78 42 68 36 89 78 90 23 15 38 18 60 49 37 11 20 99 94 13 57 62 80 19 92 51 35 44 97 83 80 28 71 88
34 67 62 68 19 65 49 18 51 61 77 47 17 78 10 36 92 59 80 79 60 78 55 89 61 19 29 46 54 58 79 38 45 51 89 21 31 45 90 29 80 63 13 16 87 44 48 0 36 57 61 76 55 96 47 88 61 66 37 65 48 39 99 95 56 36 53 60 44 90 14 19 91 19 78 34 38 95 78 30 47 26 35 94 76 49 90 20 92 39 85 77 93 77 40 57 64 91 76 88 45 40 35 96 78 44 27 60 43 14 86 84 75 99 16 84 92 53 94 65
77 89 19 19 28 68 43 95 74 63 88 70 18 35 47 20 50 51 95 49 65 49 61 35 58 33 85 12 14 78 49 20 55 93 88 42 50 51 37 47 45 27 19 98 59 18 96 36 0 39 52 92 30 71 91 53 87 49 75 79 44 84 69 51 91 55 84 70 71 19 59 17 47 83 66 85 83 62 21 99 53 75 86 63 59 81 76 20 62 35 18 85 97 92 24 44 53 19 77 99 51 13 69 22 81 55 76 11 92 59 53 27 12 60 27 93 61 94 19 38
91 24 69 77 58 84 33 44 48 12 47 58 82 85 54 43 43 65 73 91 83 57 49 83 27 67 52 40 28 20 68 30 79 56 78 54 59 90 36 72 94 22 94 46 79 32 43 57 39 0 85 84 35 89 17 11 10 14 35 57 27 72 92 70 69 66 63 10 31 67 32 21 40 14 51 17 80 44 44 86 87 14 69 35 59 73 10 44 26 21 31 60 67 91 88 64 41 38 16 15 28 68 48 66 13 27 97 85 81 89 83 85 41 96 29 36 63 17 80 54
31 10 33 18 26 40 97 77 77 41 44 92 58 87 13 65 77 25 61 59 15 27 39 78 55 70 58 70 92 11 37 65 22 29 44 57 90 79 15 24 60 58 10 46 54 57 72 61 52 85 0 25 24 20 24 62 90 27 65 14 50 77 48 93 52 91 89 86 51 27 61 94 76 86 19 91 60 13 81 25 35 60 43 82 59 60 20 53 66 57 14 53 44 87 18 62 31 97 10 59 63 29 25 63 36 43 84 18 80 61 33 86 94 23 82 95 57 99 39 72
86 52 74 95 71 25 45 82 28 90 81 77 77 30 35 75 44 12 24 75 52 81 26 25 76 79 85 99 60 21 79 91 46 91 92 76 24 33 32 35 39 57 35 90 80 47 44 76 92 84 25 0 32 39 34 20 49 57 40 16 92 95 29 72 13 85 97 69 68 32 65 58 56 29 61 73 15 50 10 92 93 61 54 36 39 97 37 40 29 44 80 44 54 68 69 35 30 24 72 77 16 17 13 64 32 97 92 42 82 46 58 42 32 48 40 86 30 50 74 63
66 93 20 57 59 13 84 12 62 21 99 91 18 56 57 39 52 30 41 79 85 71 57 59 49 19 82 80 66 52 18 62 45 57 53 91 33 90 45 15 97 27 16 25 13 84 23 55 30 35 24 32 0 39 85 59 15 17 94 17 48 84 62 56 61 99 13 66 76 46 32 10 89 27 13 51 34 98 37 17 59 14 45 18 18 77 32 92 63 80 98 52 53 27 64 71 29 50 31 46 31 78 45 78 49 44 10 46 20 30 65 46 51 49 90 99 90 73 96 24
29 85 44 93 80 21 89 33 43 57 27 90 56 83 64 38 50 33 40 47 27 10 27 32 22 26 93 38 19 31 75 36 37 25 63 29 55 25 38 57 16 96 35 87 38 74 81 96 71 89 20 39 39 0 62 44 10 57 28 95 94 96 38 62 73 54 57 57 44 97 18 46 46 26 34 11 81 95 77 27 46 67 22 48 39 75 94 25 44 33 87 45 21 71 60 76 29 49 27 19 89 71 84 21 17 15 95 17 41 53 21 31 36 38 94 32 47 26 12 46
78 79 73 24 29 96 17 60 31 74 42 65 68 11 28 79 15 94 51 52 13 57 60 60 94 10 69 70 71 34 26 59 44 32 61 82 85 71 90 34 91 61 59 98 92 42 57 47 91 17 24 34 85 62 0 17 57 41 82 85 62 42 85 42 80 51 34 89 39 46 65 56 50 56 51 30 91 88 58 84 58 15 78 84 34 80 28 30 44 20 38 81 28 18 71 20 12 52 24 92 90 59 35 79 63 74 50 37 93 28 30 88 89 77 19 78 56 90 58 54
72 37 80 15 88 17 95 59 67 48 44 54 91 59 66 35 72 59 17 99 19 51 41 94 81 25 51 38 52 91 88 12 60 75 30 78 80 73 63 74 41 85 94 79 62 84 22 88 53 11 62 20 59 44 17 0 54 41 78 93 51 83 94 30 47 81 50 16 82 50 14 55 87 45 56 67 99 73 94 40 87 17 65 45 36 73 51 28 33 26 48 97 60 47 44 56 36 64 17 25 83 84 30 78 25 94 39 83 14 27 81 54 24 85 66 91 63 60 54 61
78 51 95 87 86 97 14 71 66 19 94 61 60 39 26 39 91 12 21 44 77 96 51 19 75 60 39 75 84 37 50 80 76 45 12 43 55 66 30 68 92 44 85 31 77 85 46 61 87 10 90 49 15 10 57 54 0 64 48 48 82 90 42 92 22 11 69 61 22 27 76 90 97 12 45 26 31 58 97 34 71 65 48 76 61 75 33 98 88 94 14 28 20 30 30 12 61 79 24 29 63 74 65 21 17 72 87 66 51 86 13 39 65 98 12 15 57 98 73 90
20 64 27 42 55 94 27 40 49 90 20 23 72 24 69 52 32 43 73 98 60 98 69 36 30 19 97 92 83 90 39 29 45 37 64 38 69 72 34 91 75 39 85 42 56 96 40 66 49 14 27 57 17 57 41 41 64 0 14 10 63 76 45 79 75 77 92 12 75 44 88 18 41 15 53 15 92 63 72 27 56 30 90 99 75 29 34 78 61 47 91 53 11 83 46 76 45 95 44 53 88 69 28 97 29 12 25 30 28 31 52 97 46 36 25 14 94 82 32 61
60 13 48 65 60 94 28 55 16 64 43 42 66 51 40 86 82 59 64 66 66 85 51 79 94 42 29 22 67 60 67 31 78 21 41 66 52 43 48 41 73 44 26 44 24 66 86 37 75 35 65 40 94 28 82 78 48 14 0 16 49 76 24 39 87 11 87 96 25 21 82 86 67 50 78 77 57 17 31 73 25 10 96 75 62 57 14 61 59 75 30 19 40 74 85 82 45 77 61 78 46 96 14 86 71 25 53 30 84 15 34 70 31 89 60 26 14 23 68 22
11 76 20 45 70 44 38 90 69 39 25 29 50 62 88 86 85 13 34 37 96 74 66 56 79 63 28 59 68 20 86 47 31 81 38 67 23 91 41 29 73 59 55 91 84 27 68 65 79 57 14 16 17 95 85 93 48 10 16 0 81 60 85 26 29 27 82 58 43 29 48 80 73 30 87 36 50 11 15 62 80 95 41 93 70 92 31 68 39 53 13 19 76 26 24 60 41 77 49 14 11 61 88 62 64 43 58 57 26 89 40 82 49 35 25 32 84 96 15 81
42 81 20 48 67 24 56 30 89 93 61 25 40 14 13 62 12 42 89 99 94 62 24 50 73 10 76 63 45 42 33 32 31 63 36 57 21 18 32 47 77 62 11 85 74 31 19 48 44 27 50 92 48 94 62 51 82 63 49 81 0 36 75 59 67 75 46 31 71 89 75 90 22 72 42 29 31 74 36 93 59 92 26 51 94 63 60 82 57 93 94 91 92 83 18 30 43 68 93 71 81 67 16 55 96 36 60 51 97 99 34 86 43 14 40 84 85 50 94 67
28 18 52 63 13 63 37 26 38 47 42 54 29 44 34 27 60 31 57 15 93 66 48 25 42 79 73 13 60 51 72 51 83 50 20 59 67 77 34 18 32 53 92 84 27 90 27 39 84 72 77 95 84 96 42 83 90 76 76 60 36 0 82 39 14 23 53 38 64 19 96 59 28 28 68 99 74 45 99 42 81 39 76 44 55 39 75 11 20 65 77 54 85 24 98 26 64 17 54 40 71 36 81 14 97 46 57 82 29 73 46 45 23 95 71 94 16 46 49 92
58 39 60 92 27 57 79 81 95 80 90 41 74 58 59 20 15 88 36 34 18 48 17 75 59 21 57 43 92 31 83 39 63 18 11 39 48 10 87 30 60 40 51 39 68 76 46 99 69 92 48 29 62 38 85 94 42 45 24 85 75 82 0 93 87 63 91 34 36 20 52 65 59 56 70 39 46 16 86 75 80 23 79 82 53 97 71 39 12 64 40 35 32 15 54 43 36 20 28 52 68 78 76 98 56 10 90 65 97 85 16 31 11 13 23 91 36 67 11 86
86 37 12 14 74 23 67 79 18 73 71 41 94 21 55 30 44 32 95 46 85 98 76 52 95 12 94 77 11 26 52 91 86 21 46 16 90 17 14 79 31 25 34 93 60 30 36 95 51 70 93 72 56 62 42 30 92 79 39 26 59 39 93 0 63 59 68 64 25 48 59 87 13 91 56 33 24 53 64 32 54 72 31 46 86 17 27 98 56 68 84 48 21 45 43 56 42 44 75 79 13 63 15 11 15 70 11 15 30 36 80 85 88 95 82 21 61 74 45 78
88 51 22 82 31 85 83 60 46 62 15 57 45 51 39 19 14 52 53 35 25 37 83 29 79 57 81 52 89 87 20 96 15 28 94 25 30 46 74 98 53 69 60 33 97 36 14 56 91 69 52 13 61 73 80 47 22 75 87 29 67 14 87 63 0 48 29 83 75 85 63 90 40 58 45 65 99 17 60 22 20 27 10 27 71 50 98 55 12 85 86 39 43 70 54 82 92 87 37 38 52 73 91 63 88 83 92 83 81 29 75 60 64 92 94 87 13 38 62 91
98 66 93 61 38 36 19 41 41 83 35 99 47 23 51 53 29 45 79 81 95 92 33 27 12 37 47 19 93 72 27 21 33 87 52 95 86 12 78 24 62 86 91 74 46 19 97 36 55 66 91 85 99 54 51 81 11 77 11 27 75 23 63 59 48 0 70 73 48 52 68 30 50 24 35 21 95 67 60 39 32 20 92 67 24 44 39 33 18 46 49 69 81 29 55 50 22 36 59 20 93 98 62 95 73 32 79 21 80 55 82 76 31 75 99 58 42 70 19 39
42 86 38 72 73 34 94 28 17 48 96 22 74 63 34 12 89 96 43 74 47 45 89 11 84 25 81 42 32 87 48 99 40 83 78 51 62 34 51 94 34 21 97 71 26 77 40 53 84 63 89 97 13 57 34 50 69 92 87 82 46 53 91 68 29 70 0 84 64 18 35 66 59 66 15 35 18 63 62 65 25 21 35 31 91 66 73 92 58 53 88 81 16 89 43 52 14 97 65 73 27 40 69 85 44 38 53 47 67 55 91 69 84 19 65 30 94 50 21 90
41 94 37 57 58 93 39 25 40 87 20 66 20 82 69 59 95 53 27 22 17 31 32 39 53 67 31 99 77 82 28 50 73 95 51 17 65 73 55 80 65 47 52 11 63 78 95 60 70 10 86 69 66 57 89 16 61 12 96 58 31 38 34 64 83 73 84 0 39 83 51 94 16 58 75 32 73 61 91 69 96 32 28 80 69 62 27 18 94 23 79 65 60 83 53 91 81 70 62 19 39 80 85 13 62 27 90 43 57 73 27 15 98 12 28 46 38 57 43 91
21 93 23 56 20 81 16 82 51 24 78 92 72 15 30 31 99 83 12 28 27 39 74 11 28 12 41 80 83 35 18 43 28 53 43 35 71 93 93 65 11 12 25 93 96 34 36 44 71 31 51 68 76 44 39 82 22 75 25 43 71 64 36 25 75 48 64 39 0 56 13 12 43 92 77 76 28 93 50 72 60 61 62 96 78 59 24 20 33 33 53 34 47 50 20 50 32 54 88 33 44 42 65 74 86 16 84 32 15 99 53 35 22 25 48 90 81 51 85 51
94 66 54 91 63 88 80 92 71 36 57 78 88 74 60 76 55 70 27 78 45 74 73 27 81 89 27 55 49 32 73 68 58 84 80 45 25 16 65 68 60 53 89 75 97 17 78 90 19 67 27 32 46 97 46 50 27 44 21 29 89 19 20 48 85 52 18 83 56 0 39 70 73 66 71 99 42 80 93 68 28 20 46 98 45 14 12 55 18 63 54 29 95 72 32 40 79 24 89 62 32 56 84 18 93 20 75 93 94 16 90 88 94 82 92 36 24 27 39 14
20 64 24 35 51 88 73 10 71 20 44 58 98 87 45 97 34 86 80 20 45 36 76 20 18 97 70 28 25 98 16 99 13 70 76 45 97 36 77 83 32 35 80 95 97 82 27 14 59 32 61 65 32 18 65 14 76 88 82 48 75 96 52 59 63 68 35 51 13 39 0 12 54 83 93 75 61 97 26 11 42 42 32 96 94 75 36 12 29 44 72 86 68 62 67 32 61 36 61 80 24 47 48 37 95 39 25 50 15 61 47 91 21 23 24 24 67 47 40 20
56 73 95 17 93 23 29 54 69 41 57 99 72 48 71 29 68 46 52 79 76 86 37 93 95 79 92 43 44 41 82 86 80 95 93 39 17 83 80 78 79 27 92 67 98 76 22 19 17 21 94 58 10 46 56 55 90 18 86 80 90 59 65 87 90 30 66 94 12 70 12 0 63 29 82 24 58 50 33 33 68 65 31 27 95 59 26 49 52 10 73 67 70 22 97 54 49 93 73 31 97 13 72 30 80 60 81 27 30 22 68 35 90 30 76 32 80 94 92 79
40 44 23 83 67 21 25 21 37 27 47 45 59 15 18 43 29 71 19 29 47 32 52 87 14 81 44 11 80 12 97 80 74 21 54 87 38 42 75 65 68 70 67 71 17 45 37 91 47 40 76 56 89 46 50 87 97 41 67 73 22 28 59 13 40 50 59 16 43 73 54 63 0 28 61 89 60 66 66 61 79 34 22 56 31 79 23 94 85 49 96 70 23 24 16 23 82 65 51 54 69 72 19 23 56 99 79 73 80 49 62 28 62 31 12 91 83 56 70 63
69 15 69 57 84 46 76 86 58 12 26 84 91 31 20 88 13 26 99 37 66 61 67 69 95 64 10 34 49 21 87 90 63 20 79 35 29 26 25 89 36 28 68 42 27 39 64 19 83 14 86 29 27 26 56 45 12 15 50 30 72 28 56 91 58 24 66 58 92 66 83 29 28 0 80 95 43 19 71 35 36 17 87 21 92 12 61 73 78 11 21 77 74 75 35 80 20 10 99 33 34 66 56 56 26 86 22 13 16 92 45 49 84 81 33 32 90 87 14 48
61 37 20 61 71 98 82 76 84 62 77 51 89 68 32 75 42 30 89 75 82 63 11 95 97 73 52 65 99 64 24 49 79 10 84 71 30 70 31 98 18 85 72 38 55 39 62 78 66 51 19 61 13 34 51 56 45 53 78 87 42 68 70 56 45 35 15 75 77 71 93 82 61 80 0 54 99 28 87 52 36 33 23 27 72 74 96 42 83 45 74 15 58 39 38 27 19 77 21 35 77 92 73 59 39 81 10 71 46 20 25 27 14 32 69 41 24 81 37 92
35 49 40 30 82 73 83 93 46 30 55 27 20 49 70 92 62 44 34 81 25 25 56 79 17 76 38 68 98 26 20 32 68 21 95 81 51 95 82 98 16 76 61 17 14 67 66 34 85 17 91 73 51 11 30 67 26 15 77 36 29 99 39 33 65 21 35 32 76 99 75 24 89 95 54 0 94 48 96 27 89 89 46 31 98 81 71 17 60 16 36 36 86 77 68 40 17 18 42 52 36 62 94 21 57 97 52 94 81 87 26 98 73 97 22 49 90 22 71 57
96 36 96 75 65 37 85 99 52 27 18 28 52 34 99 84 19 99 56 78 49 62 58 82 32 55 54 35 14 27 88 75 26 38 10 71 26 44 28 67 72 56 37 14 80 10 65 38 83 80 60 15 34 81 91 99 31 92 57 50 31 74 46 24 99 95 18 73 28 42 61 58 60 43 99 94 0 90 68 37 28 81 23 78 89 75 31 87 97 64 26 16 30 54 86 73 72 55 30 86 32 85 67 56 49 17 33 40 68 42 51 55 81 12 86 12 64 28 26 91
32 44 53 80 52 57 66 63 89 71 83 70 88 57 96 62 15 76 63 55 38 96 80 73 56 17 10 90 76 48 73 94 62 70 15 16 95 12 52 89 86 60 38 77 37 94 10 95 62 44 13 50 98 95 88 73 58 63 17 11 74 45 16 53 17 67 63 61 93 80 97 50 66 19 28 48 90 0 32 20 25 55 40 53 73 23 33 34 13 89 18 99 30 79 56 74 23 73 20 84 61 49 27 25 90 80 62 93 88 11 65 45 22 16 44 89 30 16 15 62
34 44 45 50 39 49 22 81 71 55 11 42 18 18 92 96 24 73 74 32 13 72 33 78 15 83 18 43 33 34 94 66 66 67 92 74 97 36 18 23 52 79 92 80 60 14 87 78 21 44 81 10 37 77 58 94 97 72 31 15 36 99 86 64 60 60 62 91 50 93 26 33 66 71 87 96 68 32 0 20 80 28 57 70 90 15 94 58 91 45 38 19 54 72 41 56 80 27 85 27 83 99 71 84 35 10 97 22 34 55 55 31 90 33 80 81 53 89 74 21
69 50 53 94 44 84 12 52 67 36 59 83 91 81 99 87 36 66 34 16 23 53 40 42 81 55 10 44 94 63 77 58 77 36 62 24 48 96 22 41 69 51 49 74 12 78 48 30 99 86 25 92 17 27 84 40 34 27 73 62 93 42 75 32 22 39 65 69 72 68 11 33 61 35 52 27 37 20 20 0 75 62 17 43 85 21 18 79 73 42 65 24 99 40 27 27 64 26 41 11 24 47 18 31 79 13 63 30 59 85 30 10 48 48 87 40 51 39 83 23
80 53 46 56 26 94 52 21 10 34 63 48 69 12 64 41 61 79 62 88 79 15 48 67 94 42 84 51 20 45 80 80 43 31 55 25 60 73 73 38 20 57 24 14 11 76 57 47 53 87 35 93 59 46 58 87 71 56 25 80 59 81 80 54 20 32 25 96 60 28 42 68 79 36 36 89 28 25 80 75 0 23 67 18 46 60 15 48 81 79 66 26 32 75 79 29 50 36 83 40 14 25 96 40 26 28 28 21 14 20 99 68 40 76 18 43 24 84 38 90
91 15 98 69 93 94 66 29 72 52 30 99 78 33 42 87 13 83 24 16 18 31 21 13 53 12 27 93 89 48 39 79 62 21 55 31 13 30 59 40 80 19 19 91 22 29 23 26 75 14 60 61 14 67 15 17 65 30 10 95 92 39 23 72 27 20 21 32 61 20 42 65 34 17 33 89 81 55 28 62 23 0 84 89 35 48 30 32 86 99 64 76 27 16 85 83 65 87 62 64 68 61 70 74 28 41 59 48 24 36 59 18 53 79 89 15 77 44 64 70
58 87 18 42 96 89 23 91 73 30 10 66 70 65 62 63 34 33 60 83 13 59 70 25 20 14 75 51 69 20 26 57 91 69 73 23 44 35 36 90 24 16 62 52 63 36 29 35 86 69 43 54 45 22 78 65 48 90 96 41 26 76 79 31 10 92 35 28 62 46 32 31 22 87 23 46 23 40 57 17 67 84 0 69 76 46 90 81 73 69 10 45 58 60 96 86 54 31 85 59 26 67 86 86 91 42 59 47 96 60 27 75 17 24 17 88 48 88 88 90
66 60 84 61 43 24 20 55 31 81 79 36 35 51 44 63 92 49 63 41 17 46 51 99 72 36 65 67 32 12 49 62 79 41 97 81 38 25 21 87 84 99 80 44 56 31 21 94 63 35 82 36 18 48 84 45 76 99 75 93 51 44 82 46 27 67 31 80 96 98 96 27 56 21 27 31 78 53 70 43 18 89 69 0 90 13 40 12 17 13 14 76 55 68 67 62 92 12 14 70 65 52 83 78 74 20 33 44 84 97 81 32 61 88 56 41 98 76 61 79
72 71 92 70 56 39 68 17 20 53 26 72 31 22 36 35 45 58 15 10 61 82 59 38 31 76 74 60 41 92 71 68 71 58 56 62 41 98 71 60 34 50 34 22 58 73 53 76 59 59 59 39 18 39 34 36 61 75 62 70 94 55 53 86 71 24 91 69 78 45 94 95 31 92 72 98 89 73 90 85 46 35 76 90 0 36 66 55 53 99 34 90 45 80 19 43 44 61 21 81 78 82 48 95 76 17 78 22 34 94 31 54 59 31 64 29 25 64 73 63
85 52 10 79 82 40 20 98 66 24 79 47 84 41 95 85 66 45 74 49 47 38 23 20 45 93 67 77 84 95 46 73 87 37 42 23 52 67 23 14 58 69 59 63 26 45 59 49 81 73 60 97 77 75 80 73 75 29 57 92 63 39 97 17 50 44 66 62 59 14 75 59 79 12 74 81 75 23 15 21 60 48 46 13 36 0 25 57 27 16 55 36 65 10 28 14 59 37 84 14 34 64 66 23 25 97 79 56 16 23 83 19 65 62 80 37 90 52 49 75
64 36 58 89 77 67 52 94 70 88 84 77 36 22 29 84 96 60 95 21 49 28 82 28 12 23 10 25 32 77 58 63 85 76 67 40 33 30 78 87 15 65 23 90 44 49 98 90 76 10 20 37 32 94 28 51 33 34 14 31 60 75 71 27 98 39 73 27 24 12 36 26 23 61 96 71 31 33 94 18 15 30 90 40 66 25 0 28 11 53 59 19 37 53 41 84 49 73 69 48 50 72 24 22 12 73 84 86 83 33 33 34 59 52 48 80 79 12 56 31
29 90 36 32 77 74 31 78 67 37 28 62 71 93 98 27 38 27 11 93 72 58 38 35 23 72 51 68 94 91 63 50 33 88 41 84 33 55 17 90 32 93 31 64 91 12 78 20 20 44 53 40 92 25 30 28 98 78 61 68 82 11 39 98 55 33 92 18 20 55 12 49 94 73 42 17 87 34 58 79 48 32 81 12 55 57 28 0 97 76 38 22 51 81 69 44 49 26 72 67 70 30 79 59 33 46 10 97 40 49 19 29 52 34 29 38 99 27 45 20
73 31 42 96 44 70 58 18 91 45 49 95 59 36 14 78 81 76 25 79 38 80 93 52 92 39 55 70 97 13 38 16 63 36 91 81 77 22 95 26 15 86 62 59 76 29 42 92 62 26 66 29 63 44 44 33 88 61 59 39 57 20 12 56 12 18 58 94 33 18 29 52 85 78 83 60 97 13 91 73 81 86 73 17 53 27 11 97 0 76 81 63 35 28 74 78 19 66 16 88 21 13 99 41 60 59 58 94 70 36 11 53 27 54 81 31 27 72 31 57
93 80 29 21 38 13 58 75 45 95 72 83 47 94 75 82 75 35 76 60 10 54 60 31 23 89 51 84 34 30 98 42 60 37 95 35 56 64 57 92 88 53 25 42 57 24 68 39 35 21 57 44 80 33 20 26 94 47 75 53 93 65 64 68 85 46 53 23 33 63 44 10 49 11 45 16 64 89 45 42 79 99 69 13 99 16 53 76 76 0 89 74 68 12 37 20 95 99 52 55 45 66 23 12 29 50 61 61 98 13 78 84 59 64 31 83 15 18 62 82
64 90 15 42 23 48 45 40 95 30 31 91 85 28 29 36 88 28 16 83 52 85 15 55 37 45 66 48 62 86 35 81 68 26 42 17 36 55 79 27 27 93 24 56 86 97 36 85 18 31 14 80 98 87 38 48 14 91 30 13 94 77 40 84 86 49 88 79 53 54 72 73 96 21 74 36 26 18 38 65 66 64 10 14 34 55 59 38 81 89 0 60 19 24 18 57 26 81 21 61 86 40 89 73 13 93 88 18 57 92 16 30 11 85 49 83 59 49 89 58
59 60 27 85 55 67 88 41 45 62 61 67 31 52 97 67 69 15 49 60 26 17 85 19 83 34 41 20 64 76 90 14 38 19 60 98 46 65 79 92 50 65 57 55 17 86 89 77 85 60 53 44 52 45 81 97 28 53 19 19 91 54 35 48 39 69 81 65 34 29 86 67 70 77 15 36 16 99 19 24 26 76 45 76 90 36 19 22 63 74 60 0 64 94 22 27 64 99 43 78 19 58 79 28 44 52 89 11 60 64 35 80 84 35 99 48 62 81 67 40
17 50 34 35 63 47 37 74 74 91 50 24 57 15 92 68 32 46 17 24 16 30 13 51 88 86 54 58 69 53 69 57 99 93 78 62 97 87 11 57 84 69 74 43 99 79 78 93 97 67 44 54 53 21 28 60 20 11 40 76 92 85 32 21 43 81 16 60 47 95 68 70 23 74 58 86 30 30 54 99 32 27 58 55 45 65 37 51 35 68 19 64 0 22 86 18 91 86 96 87 58 77 53 71 89 11 91 45 62 46 18 55 99 58 31 69 96 80 38 25
61 13 80 90 33 96 34 23 83 23 98 37 66 35 80 66 76 90 34 65 23 13 17 61 77 42 42 41 78 25 81 40 42 70 31 66 42 80 68 98 17 39 89 10 76 91 90 77 92 91 87 68 27 71 18 47 30 83 74 26 83 24 15 45 70 29 89 83 50 72 62 22 24 75 39 77 54 79 72 40 75 16 60 68 80 10 53 81 28 12 24 94 22 0 23 96 16 43 48 74 48 76 93 35 61 22 29 34 91 68 61 70 56 88 70 78 76 61 80 57
80 23 88 79 59 19 24 88 91 36 59 92 48 44 85 33 22 82 18 21 26 26 57 96 86 27 63 71 16 74 64 67 13 48 79 63 52 90 60 62 66 91 41 86 89 36 23 40 24 88 18 69 64 60 71 44 30 46 85 24 18 98 54 43 54 55 43 53 20 32 67 97 16 35 38 68 86 56 41 27 79 85 96 67 19 28 41 69 74 37 18 22 86 23 0 41 27 57 74 35 54 87 42 28 84 96 95 92 82 33 57 89 44 71 76 54 85 60 31 58
83 24 88 91 23 38 74 47 35 34 52 58 93 25 78 58 95 96 61 59 58 36 68 48 37 82 71 60 43 50 93 36 33 54 42 35 12 78 89 92 19 54 13 17 95 86 15 57 44 64 62 35 71 76 20 56 12 76 82 60 30 26 43 56 82 50 52 91 50 40 32 54 23 80 27 40 73 74 56 27 29 83 86 62 43 14 84 44 78 20 57 27 18 96 41 0 94 99 17 47 73 38 78 28 56 96 87 22 43 92 41 74 50 60 92 71 19 19 39 35
36 94 21 59 88 81 86 33 76 93 27 36 95 41 26 43 66 95 25 79 60 82 27 35 59 27 49 26 57 14 40 70 92 24 90 91 46 35 56 31 68 12 53 15 42 18 38 64 53 41 31 30 29 29 12 36 61 45 45 41 43 64 36 42 92 22 14 81 32 79 61 49 82 20 19 17 72 23 80 64 50 65 54 92 44 59 49 49 19 95 26 64 91 16 27 94 0 82 62 20 79 93 97 53 13 42 26 87 22 79 75 40 12 76 87 91 17 44 60 36
57 32 80 12 70 78 95 83 83 16 33 65 95 90 90 80 25 98 25 63 71 20 40 70 72 80 42 19 53 72 28 24 37 97 12 23 38 24 28 47 26 14 86 61 60 61 18 91 19 38 97 24 50 49 52 64 79 95 77 77 68 17 20 44 87 36 97 70 54 24 36 93 65 10 77 18 55 73 27 26 36 87 31 12 61 37 73 26 66 99 81 99 86 43 57 99 82 0 91 13 51 47 99 86 51 70 11 72 68 89 98 53 62 17 28 19 47 76 36 62
63 46 18 13 25 23 41 30 55 17 75 34 43 56 96 27 30 49 45 42 57 26 37 15 91 39 17 95 45 80 47 29 96 19 72 57 26 45 40 93 48 77 73 18 85 97 60 76 77 16 10 72 31 27 24 17 24 44 61 49 93 54 28 75 37 59 65 62 88 89 61 73 51 99 21 42 30 20 85 41 83 62 85 14 21 84 69 72 16 52 21 43 96 48 74 17 62 91 0 64 97 16 12 13 98 83 76 89 98 16 65 25 93 58 10 74 86 22 19 72
95 35 66 26 14 89 52 84 53 27 68 98 91 32 76 79 33 44 70 25 95 47 65 31 11 48 19 11 28 99 88 69 35 42 12 87 97 92 74 83 71 54 19 22 17 35 49 88 99 15 59 77 46 19 92 25 29 53 78 14 71 40 52 79 38 20 73 19 33 62 80 31 54 33 35 52 86 84 27 11 40 64 59 70 81 14 48 67 88 55 61 78 87 74 35 47 20 13 64 0 95 68 12 41 59 29 31 37 55 91 99 39 93 51 15 36 86 10 89 65
68 29 99 81 61 64 59 88 59 98 60 87 44 89 14 62 20 18 55 19 72 16 16 78 87 39 83 20 73 16 75 36 48 95 10 31 98 95 85 11 89 56 25 47 59 66 37 45 51 28 63 16 31 89 90 83 63 88 46 11 81 71 68 13 52 93 27 39 44 32 24 97 69 34 77 36 32 61 83 24 14 68 26 65 78 34 50 70 21 45 86 19 58 48 54 73 79 51 97 95 0 11 20 84 31 94 49 49 44 27 37 69 34 31 54 15 40 56 59 16
24 45 63 52 82 49 82 23 10 97 39 62 92 10 40 33 88 19 15 79 85 21 84 41 63 63 25 11 14 42 36 57 49 27 92 36 38 30 37 71 33 65 23 31 68 82 11 40 13 68 29 17 78 71 59 84 74 69 96 61 67 36 78 63 73 98 40 80 42 56 47 13 72 66 92 62 85 49 99 47 25 61 67 52 82 64 72 30 13 66 40 58 77 76 87 38 93 47 16 68 11 0 70 65 54 57 76 72 16 94 89 62 94 78 62 94 78 52 91 69
24 65 25 81 51 25 89 63 20 36 85 79 53 38 20 53 23 51 18 41 50 90 74 19 98 56 27 78 56 37 43 81 43 82 81 18 16 23 55 51 66 11 88 57 49 13 20 35 69 48 25 13 45 84 35 30 65 28 14 88 16 81 76 15 91 62 69 85 65 84 48 72 19 56 73 94 67 27 71 18 96 70 86 83 48 66 24 79 99 23 89 79 53 93 42 78 97 99 12 12 20 70 0 53 77 59 38 84 20 59 78 33 67 82 37 37 63 30 62 55
19 42 37 34 56 93 15 44 86 40 12 15 81 54 85 85 34 77 84 62 12 46 43 74 73 96 63 60 90 15 57 14 39 12 33 69 93 90 24 93 78 92 31 34 79 97 99 96 22 66 63 64 78 21 79 78 21 97 86 62 55 14 98 11 63 95 85 13 74 18 37 30 23 56 59 21 56 25 84 31 40 74 86 78 95 23 22 59 41 12 73 28 71 35 28 28 53 86 13 41 84 65 53 0 81 96 37 63 33 76 40 99 35 76 20 36 55 46 33 27
40 93 34 47 72 50 62 49 33 87 23 44 97 31 16 97 19 72 80 89 74 28 12 18 91 69 36 35 39 74 86 54 43 65 65 23 28 80 31 12 23 55 25 86 18 56 94 78 81 13 36 32 49 17 63 25 17 29 71 64 96 97 56 15 88 73 44 62 86 93 95 80 56 26 39 57 49 90 35 79 26 28 91 74 76 25 12 33 60 29 13 44 89 61 84 56 13 51 98 59 31 54 77 81 0 92 30 53 69 68 31 10 27 88 36 33 60 45 25 89
33 29 89 14 17 97 15 35 56 90 41 59 32 52 75 17 48 64 71 98 19 73 83 12 14 18 65 58 60 32 45 96 99 28 13 26 49 46 30 97 81 87 22 18 36 26 13 44 55 27 43 97 44 15 74 94 72 12 25 43 36 46 10 70 83 32 38 27 16 20 39 60 99 86 81 97 17 80 10 13 28 41 42 20 17 97 73 46 59 50 93 52 11 22 96 96 42 70 83 29 94 57 59 96 92 0 21 97 27 80 81 79 32 93 31 79 98 82 71 42
81 42 12 77 54 70 57 58 13 77 73 51 35 51 12 90 18 25 38 79 10 27 80 79 69 49 92 20 18 29 26 84 62 12 62 58 46 51 11 34 49 70 46 37 29 32 57 27 76 97 84 92 10 95 50 39 87 25 53 58 60 57 90 11 92 79 53 90 84 75 25 81 79 22 10 52 33 62 97 63 28 59 59 33 78 79 84 10 58 61 88 89 91 29 95 87 26 11 76 31 49 76 38 37 30 21 0 14 45 72 26 45 90 77 58 14 36 79 56 35
37 47 62 26 52 72 52 83 52 73 96 27 17 96 30 16 25 57 61 93 16 71 60 51 49 80 99 44 27 19 64 89 23 28 50 33 77 42 69 46 50 79 57 10 24 76 62 60 11 85 18 42 46 17 37 83 66 30 30 57 51 82 65 15 83 21 47 43 32 93 50 27 73 13 71 94 40 93 22 30 21 48 47 44 22 56 86 97 94 61 18 11 45 34 92 22 87 72 89 37 49 72 84 63 53 97 14 0 16 87 41 82 86 44 79 64 69 67 83 56
24 75 24 82 48 32 94 85 14 38 10 19 81 85 25 60 40 64 29 97 90 54 62 63 15 34 47 53 24 50 71 64 19 32 70 83 86 26 85 64 88 99 32 16 97 37 80 43 92 81 80 82 20 41 93 14 51 28 84 26 97 29 97 30 81 80 67 57 15 94 15 30 80 16 46 81 68 88 34 59 14 24 96 84 34 16 83 40 70 98 57 60 62 91 82 43 22 68 98 55 44 16 20 33 69 27 45 16 0 23 95 84 55 76 28 18 87 65 47 28
77 89 78 44 19 59 22 43 35 73 62 94 25 83 31 55 99 42 68 27 78 98 62 25 90 86 23 63 13 17 92 69 66 37 69 54 99 38 26 90 71 88 50 24 71 49 19 14 59 89 61 46 30 53 28 27 86 31 15 89 99 73 85 36 29 55 55 73 99 16 61 22 49 92 20 87 42 11 55 85 20 36 60 97 94 23 33 49 36 13 92 64 46 68 33 92 79 89 16 91 27 94 59 76 68 80 72 87 23 0 96 63 58 21 53 30 13 76 99 23
40 59 37 58 98 24 52 50 29 63 95 55 89 17 58 43 54 34 79 21 62 98 92 98 96 56 73 88 94 49 71 98 77 15 44 18 57 66 45 85 48 92 16 70 65 67 92 86 53 83 33 58 65 21 30 81 13 52 34 40 34 46 16 80 75 82 91 27 53 90 47 68 62 45 25 26 51 65 55 30 99 59 27 81 31 83 33 19 11 78 16 35 18 61 57 41 75 98 65 99 37 89 78 40 31 81 26 41 95 96 0 37 73 97 66 77 81 44 28 43
75 88 90 96 49 93 89 13 44 94 40 69 93 38 50 78 57 38 78 71 82 90 36 89 37 12 30 17 17 14 23 30 75 32 75 77 63 31 11 17 93 30 27 73 38 69 51 84 27 85 86 42 46 31 88 54 39 97 70 82 86 45 31 85 60 76 69 15 35 88 91 35 28 49 27 98 55 45 31 10 68 18 75 32 54 19 34 29 53 84 30 80 55 70 89 74 40 53 25 39 69 62 33 99 10 79 45 82 84 63 37 0 33 68 89 27 26 33 26 27
43 31 66 45 30 50 53 40 55 40 92 96 85 11 59 60 95 65 45 82 12 57 65 43 59 66 66 98 13 21 44 39 64 79 93 82 97 73 87 63 14 21 48 60 92 21 35 75 12 41 94 32 51 36 89 24 65 46 31 49 43 23 11 88 64 31 84 98 22 94 21 90 62 84 14 73 81 22 90 48 40 53 17 61 59 65 59 52 27 59 11 84 99 56 44 50 12 62 93 93 34 94 67 35 27 32 90 86 55 58 73 33 0 73 68 57 47 25 19 88
59 57 79 52 93 99 56 97 51 67 69 38 85 10 85 61 81 49 91 48 43 33 43 85 40 72 54 47 31 38 61 15 91 17 34 92 63 24 88 10 13 77 63 37 49 56 44 99 60 96 23 48 49 38 77 85 98 36 89 35 14 95 13 95 92 75 19 12 25 82 23 30 31 81 32 97 12 16 33 48 76 79 24 88 31 62 52 34 54 64 85 35 58 88 71 60 76 17 58 51 31 78 82 76 88 93 77 44 76 21 97 68 73 0 11 11 16 18 28 14
29 94 38 85 45 59 68 84 38 99 60 33 82 76 51 48 65 96 31 66 58 94 19 64 40 58 23 48 69 69 50 75 92 91 87 95 33 92 28 15 88 17 59 35 32 94 97 16 27 29 82 40 90 94 19 66 12 25 60 25 40 71 23 82 94 99 65 28 48 92 24 76 12 33 69 22 86 44 80 87 18 89 17 56 64 80 48 29 81 31 49 99 31 70 76 92 87 28 10 15 54 62 37 20 36 31 58 79 28 53 66 89 68 11 0 59 17 32 21 85
23 95 46 48 75 22 56 20 39 68 36 18 89 40 27 98 55 53 71 34 63 26 88 40 64 95 72 23 94 18 94 50 96 68 73 67 80 71 71 64 27 96 36 10 54 89 83 84 93 36 95 86 99 32 78 91 15 14 26 32 84 94 91 21 87 58 30 46 90 36 24 32 91 32 41 49 12 89 81 40 43 15 88 41 29 37 80 38 31 83 83 48 69 78 54 71 91 19 74 36 15 94 37 36 33 79 14 64 18 30 77 27 57 11 59 0 45 40 42 38
42 18 56 44 13 64 90 63 62 19 87 11 77 31 19 96 68 64 64 42 34 56 29 75 58 95 25 81 27 98 55 17 18 49 19 58 55 27 73 75 25 79 84 61 71 97 80 92 61 63 57 30 90 47 56 63 57 94 14 84 85 16 36 61 13 42 94 38 81 24 67 80 83 90 24 90 64 30 53 51 24 77 48 98 25 90 79 99 27 15 59 62 96 76 85 19 17 47 86 86 40 78 63 55 60 98 36 69 87 13 81 26 47 16 17 45 0 56 48 30
30 27 61 63 31 19 74 90 64 67 66 27 90 90 48 69 92 17 46 46 16 79 34 42 84 17 45 82 18 54 61 14 63 96 16 21 45 24 83 10 23 80 17 38 24 84 28 53 94 17 99 50 73 26 90 60 98 82 23 96 50 46 67 74 38 70 50 57 51 27 47 94 56 87 81 22 28 16 89 39 84 44 88 76 64 52 12 27 72 18 49 81 80 61 60 19 44 76 22 10 56 52 30 46 45 82 79 67 65 76 44 33 25 18 32 40 56 0 58 24
28 20 46 91 29 13 94 35 34 15 15 59 28 77 88 18 59 90 59 42 57 10 62 99 20 42 51 83 19 89 47 78 57 69 76 18 24 34 85 78 84 67 26 14 10 51 71 94 19 80 39 74 96 12 58 54 73 32 68 15 94 49 11 45 62 19 21 43 85 39 40 92 70 14 37 71 26 15 74 83 38 64 88 61 73 49 56 45 31 62 89 67 38 80 31 39 60 36 19 89 59 91 62 33 25 71 56 83 47 99 28 26 19 28 21 42 48 58 0 13
59 29 79 27 46 16 63 48 40 61 72 51 52 26 46 91 43 60 86 73 87 60 73 93 93 99 62 72 43 18 80 13 65 19 53 80 84 29 30 57 49 81 60 55 84 13 88 65 38 54 72 63 24 46 54 61 90 61 22 81 67 92 86 78 91 39 90 91 51 14 20 79 63 48 92 57 91 62 21 23 90 70 90 79 63 75 31 20 57 82 58 40 25 57 58 35 36 62 72 65 16 69 55 27 89 42 35 56 28 23 43 27 88 14 85 38 30 24 13 0