50
0 47 46 54 14 23 35 78 96 98 19 98 20 58 76 29 35 53 66 81 53 80 84 24 56 93 75 69 25 91 29 47 28 63 80 62 30 13 34 33 37 46 30 41 85 38 69 45 81 36
47 0 20 71 40 56 74 76 49 38 48 66 97 41 58 57 13 13 79 57 84 93 36 95 67 10 73 78 43 12 67 17 30 54 57 62 81 57 82 21 35 16 48 30 87 62 35 56 38 23
46 20 0 47 62 74 33 84 61 78 43 63 44 74 43 25 54 63 71 33 75 27 51 41 68 51 25 42 34 64 13 42 44 15 21 39 48 83 50 23 17 83 57 95 89 89 70 54 82 92
54 71 47 0 76 29 77 95 69 14 20 75 84 24 66 11 43 29 61 93 59 51 43 42 29 23 97 24 96 60 80 16 77 77 43 74 30 28 47 50 49 84 61 62 86 14 39 30 38 43
14 40 62 76 0 60 40 64 78 36 57 31 28 25 55 71 90 54 34 54 57 54 82 43 37 28 15 83 83 14 86 22 11 48 22 75 50 18 15 38 36 17 46 93 31 57 98 99 46 80
23 56 74 29 60 0 15 51 79 78 53 73 87 14 77 67 48 17 51 93 53 70 73 60 29 21 77 31 33 72 70 61 38 17 71 12 12 30 33 55 43 68 24 88 56 60 34 41 24 10
35 74 33 77 40 15 0 33 54 42 52 57 94 88 31 85 52 77 98 57 99 62 31 24 79 26 75 82 55 21 83 82 34 62 34 31 78 49 80 80 15 64 73 59 43 31 11 86 25 50
78 76 84 95 64 51 33 0 11 31 71 57 34 89 46 27 69 79 47 56 47 68 90 78 24 49 33 47 82 27 25 40 97 21 40 88 35 51 46 14 70 82 44 58 55 15 39 60 19 93
96 49 61 69 78 79 54 11 0 39 25 27 45 62 80 76 25 11 80 55 93 22 73 31 28 33 49 22 76 62 76 44 67 72 98 81 99 74 55 75 20 35 19 53 16 38 70 34 90 99
98 38 78 14 36 78 42 31 39 0 63 15 52 57 24 66 69 51 79 23 37 25 58 33 86 53 25 74 96 66 56 31 69 37 37 71 42 59 53 48 65 28 87 16 34 54 24 37 67 83
19 48 43 20 57 53 52 71 25 63 0 53 90 33 77 95 32 27 43 35 94 82 34 37 17 30 20 19 69 54 24 52 45 46 99 64 30 29 36 93 37 31 20 87 28 80 64 77 13 43
98 66 63 75 31 73 57 57 27 15 53 0 93 23 70 30 22 71 84 17 88 97 47 72 27 99 43 52 53 16 52 61 33 87 65 75 96 21 68 31 59 72 88 92 39 92 95 21 28 92
20 97 44 84 28 87 94 34 45 52 90 93 0 34 34 82 59 83 78 85 80 15 88 65 68 92 50 58 33 42 63 70 20 27 88 58 34 29 71 58 74 84 77 57 23 20 83 82 83 81
58 41 74 24 25 14 88 89 62 57 33 23 34 0 29 85 14 50 38 66 12 53 35 98 64 74 24 34 69 95 28 89 60 63 87 20 31 42 61 59 97 76 22 51 47 88 52 37 41 83
76 58 43 66 55 77 31 46 80 24 77 70 34 29 0 50 50 90 74 81 33 96 40 89 98 95 15 19 12 72 65 19 54 16 88 96 28 65 37 97 95 72 40 38 14 42 97 70 51 81
29 57 25 11 71 67 85 27 76 66 95 30 82 85 50 0 40 97 94 23 12 31 19 13 61 64 29 53 62 16 59 35 79 26 95 11 89 80 47 61 98 72 28 24 36 48 24 53 50 43
35 13 54 43 90 48 52 69 25 69 32 22 59 14 50 40 0 51 97 90 90 73 78 92 97 25 17 64 27 88 88 60 77 15 98 34 10 49 26 43 64 86 37 42 19 20 72 89 12 73
53 13 63 29 54 17 77 79 11 51 27 71 83 50 90 97 51 0 85 20 11 56 14 11 45 35 98 92 75 43 16 43 66 58 98 77 84 21 76 16 98 47 32 88 85 51 33 56 83 62
66 79 71 61 34 51 98 47 80 79 43 84 78 38 74 94 97 85 0 76 13 17 84 92 11 32 65 37 13 76 92 61 87 78 91 52 82 26 88 22 94 35 17 32 79 93 98 78 72 56
81 57 33 93 54 93 57 56 55 23 35 17 85 66 81 23 90 20 76 0 88 31 14 29 30 24 67 79 78 46 79 96 49 80 84 37 97 35 10 88 58 81 78 30 44 67 69 31 17 79
53 84 75 59 57 53 99 47 93 37 94 88 80 12 33 12 90 11 13 88 0 55 16 64 39 16 84 49 56 63 48 57 69 18 69 56 83 33 85 30 38 51 87 69 91 18 78 27 99 12
80 93 27 51 54 70 62 68 22 25 82 97 15 53 96 31 73 56 17 31 55 0 62 44 96 46 18 37 87 87 81 34 22 61 81 63 35 95 12 71 19 46 63 45 47 67 48 35 24 62
84 36 51 43 82 73 31 90 73 58 34 47 88 35 40 19 78 14 84 14 16 62 0 59 55 32 88 49 66 47 38 82 54 56 56 32 78 58 12 74 66 80 55 22 86 78 56 30 22 56
24 95 41 42 43 60 24 78 31 33 37 72 65 98 89 13 92 11 92 29 64 44 59 0 54 98 98 95 56 70 56 52 26 56 61 35 65 59 64 73 28 56 97 16 28 19 26 30 95 20
56 67 68 29 37 29 79 24 28 86 17 27 68 64 98 61 97 45 11 30 39 96 55 54 0 15 50 25 36 85 53 23 27 64 48 91 99 72 35 53 40 85 71 10 49 19 37 28 57 59
93 10 51 23 28 21 26 49 33 53 30 99 92 74 95 64 25 35 32 24 16 46 32 98 15 0 46 16 91 11 98 30 38 45 53 41 65 68 41 52 98 90 93 23 70 82 56 97 89 67
75 73 25 97 15 77 75 33 49 25 20 43 50 24 15 29 17 98 65 67 84 18 88 98 50 46 0 89 35 32 56 50 64 73 85 24 97 37 68 60 85 80 23 31 54 60 27 87 63 78
69 78 42 24 83 31 82 47 22 74 19 52 58 34 19 53 64 92 37 79 49 37 49 95 25 16 89 0 86 39 87 60 44 87 36 95 16 76 56 37 30 99 94 17 67 48 96 40 16 48
25 43 34 96 83 33 55 82 76 96 69 53 33 69 12 62 27 75 13 78 56 87 66 56 36 91 35 86 0 20 11 20 85 81 32 85 17 99 12 64 93 27 45 46 78 68 90 58 74 10
91 12 64 60 14 72 21 27 62 66 54 16 42 95 72 16 88 43 76 46 63 87 47 70 85 11 32 39 20 0 11 96 93 34 34 26 50 66 80 77 93 31 70 38 28 14 79 11 50 41
29 67 13 80 86 70 83 25 76 56 24 52 63 28 65 59 88 16 92 79 48 81 38 56 53 98 56 87 11 11 0 52 91 96 79 49 97 36 33 69 73 19 67 24 76 66 93 58 23 53
47 17 42 16 22 61 82 40 44 31 52 61 70 89 19 35 60 43 61 96 57 34 82 52 23 30 50 60 20 96 52 0 41 46 94 52 34 24 58 11 62 69 20 97 83 36 90 28 86 28
28 30 44 77 11 38 34 97 67 69 45 33 20 60 54 79 77 66 87 49 69 22 54 26 27 38 64 44 85 93 91 41 0 18 86 65 51 86 31 75 43 56 98 88 90 32 94 67 47 50
63 54 15 77 48 17 62 21 72 37 46 87 27 63 16 26 15 58 78 80 18 61 56 56 64 45 73 87 81 34 96 46 18 0 97 19 77 35 67 13 65 14 70 81 29 59 65 19 75 16
80 57 21 43 22 71 34 40 98 37 99 65 88 87 88 95 98 98 91 84 69 81 56 61 48 53 85 36 32 34 79 94 86 97 0 85 82 58 85 52 73 36 20 87 59 67 48 71 91 84
62 62 39 74 75 12 31 88 81 71 64 75 58 20 96 11 34 77 52 37 56 63 32 35 91 41 24 95 85 26 49 52 65 19 85 0 63 10 78 69 22 30 30 91 61 82 75 44 84 56
30 81 48 30 50 12 78 35 99 42 30 96 34 31 28 89 10 84 82 97 83 35 78 65 99 65 97 16 17 50 97 34 51 77 82 63 0 64 43 28 31 27 63 57 16 24 17 97 34 79
13 57 83 28 18 30 49 51 74 59 29 21 29 42 65 80 49 21 26 35 33 95 58 59 72 68 37 76 99 66 36 24 86 35 58 10 64 0 87 67 84 41 68 55 75 43 52 72 79 77
34 82 50 47 15 33 80 46 55 53 36 68 71 61 37 47 26 76 88 10 85 12 12 64 35 41 68 56 12 80 33 58 31 67 85 78 43 87 0 28 17 28 89 98 78 96 78 32 16 81
33 21 23 50 38 55 80 14 75 48 93 31 58 59 97 61 43 16 22 88 30 71 74 73 53 52 60 37 64 77 69 11 75 13 52 69 28 67 28 0 94 21 74 18 91 56 17 22 20 79
37 35 17 49 36 43 15 70 20 65 37 59 74 97 95 98 64 98 94 58 38 19 66 28 40 98 85 30 93 93 73 62 43 65 73 22 31 84 17 94 0 98 26 43 51 68 95 33 20 97
46 16 83 84 17 68 64 82 35 28 31 72 84 76 72 72 86 47 35 81 51 46 80 56 85 90 80 99 27 31 19 69 56 14 36 30 27 41 28 21 98 0 19 18 38 75 97 59 14 67
30 48 57 61 46 24 73 44 19 87 20 88 77 22 40 28 37 32 17 78 87 63 55 97 71 93 23 94 45 70 67 20 98 70 20 30 63 68 89 74 26 19 0 38 87 47 96 30 26 85
41 30 95 62 93 88 59 58 53 16 87 92 57 51 38 24 42 88 32 30 69 45 22 16 10 23 31 17 46 38 24 97 88 81 87 91 57 55 98 18 43 18 38 0 74 86 28 24 73 65
85 87 89 86 31 56 43 55 16 34 28 39 23 47 14 36 19 85 79 44 91 47 86 28 49 70 54 67 78 28 76 83 90 29 59 61 16 75 78 91 51 38 87 74 0 59 76 95 28 16
38 62 89 14 57 60 31 15 38 54 80 92 20 88 42 48 20 51 93 67 18 67 78 19 19 82 60 48 68 14 66 36 32 59 67 82 24 43 96 56 68 75 47 86 59 0 40 43 12 10
69 35 70 39 98 34 11 39 70 24 64 95 83 52 97 24 72 33 98 69 78 48 56 26 37 56 27 96 90 79 93 90 94 65 48 75 17 52 78 17 95 97 96 28 76 40 0 66 34 22
45 56 54 30 99 41 86 60 34 37 77 21 82 37 70 53 89 56 78 31 27 35 30 30 28 97 87 40 58 11 58 28 67 19 71 44 97 72 32 22 33 59 30 24 95 43 66 0 89 33
81 38 82 38 46 24 25 19 90 67 13 28 83 41 51 50 12 83 72 17 99 24 22 95 57 89 63 16 74 50 23 86 47 75 91 84 34 79 16 20 20 14 26 73 28 12 34 89 0 84
36 23 92 43 80 10 50 93 99 83 43 92 81 83 81 43 73 62 56 79 12 62 56 20 59 67 78 48 10 41 53 28 50 16 84 56 79 77 81 79 97 67 85 65 16 10 22 33 84 0