135
0 38 24 70 50 96 78 46 75 28 78 63 83 55 71 34 45 11 53 94 58 19 91 23 81 46 76 53 27 66 59 61 21 55 21 52 51 13 70 47 25 59 45 10 86 54 77 19 56 21 18 84 90 62 13 52 37 53 38 83 65 71 12 38 46 53 57 60 44 62 13 76 80 99 98 38 90 79 68 83 14 66 91 10 29 88 70 93 97 99 95 76 25 75 97 23 96 67 60 49 24 26 85 88 42 29 91 41 19 63 78 66 83 90 93 30 52 90 36 10 40 52 20 74 16 52 70 57 93 25 45 96 41 71 10
38 0 41 75 96 37 84 79 44 32 43 33 13 87 61 31 23 87 42 99 75 78 84 96 44 36 27 47 49 57 28 27 77 77 42 30 93 22 15 90 83 36 64 33 28 66 32 61 59 87 68 59 81 13 49 23 54 70 12 73 80 95 27 55 98 24 92 76 42 31 67 41 79 88 54 98 56 64 57 14 61 76 89 41 97 29 12 78 76 46 55 63 68 47 57 27 12 94 74 14 49 50 98 63 89 79 77 19 12 95 62 90 40 97 65 76 59 45 28 26 81 19 64 26 89 59 20 13 98 47 64 49 99 98 59
24 41 0 38 48 67 45 47 47 33 46 77 60 57 11 86 36 51 40 31 65 76 75 62 42 63 62 76 53 35 10 39 41 19 72 65 58 43 64 82 18 87 42 15 79 73 73 57 37 62 74 68 94 68 37 75 68 97 82 16 17 72 38 80 46 70 49 28 38 22 81 48 54 71 37 32 72 21 19 74 62 41 46 46 64 92 41 87 31 26 48 59 75 85 54 77 72 88 61 18 18 77 96 81 63 60 66 14 85 86 21 81 99 70 75 47 50 84 74 40 43 77 80 95 35 23 88 39 27 30 66 57 46 39 73
70 75 38 0 57 11 34 56 47 73 25 42 89 19 65 57 42 63 30 55 38 76 76 28 41 41 56 88 78 79 91 68 79 91 43 73 14 76 12 37 35 34 54 12 92 29 60 85 79 75 75 81 11 64 37 48 61 78 90 96 81 94 83 57 44 94 44 58 27 19 87 34 23 13 49 78 74 26 34 68 96 95 71 91 88 70 18 17 70 93 52 81 35 35 74 75 52 53 25 95 82 85 72 57 77 50 33 56 92 84 49 67 32 72 66 21 76 32 13 71 43 59 16 20 75 81 75 49 63 54 90 21 17 69 70
50 96 48 57 0 99 31 95 63 79 94 85 55 28 11 74 37 93 36 22 62 47 81 24 79 17 14 45 11 75 98 61 19 82 12 74 93 89 28 60 83 79 83 92 17 72 19 23 45 35 56 75 33 14 35 87 69 81 77 89 12 67 69 28 31 50 79 35 83 84 53 10 12 91 33 94 79 34 63 35 30 76 15 20 96 64 56 25 52 57 69 33 20 67 40 56 28 59 24 58 73 32 43 78 84 27 81 81 43 31 34 85 36 94 97 90 43 40 17 73 56 37 81 90 15 35 73 65 22 48 66 14 66 54 53
96 37 67 11 99 0 18 20 81 97 88 79 71 28 74 51 49 82 61 21 47 68 74 69 37 39 80 10 85 60 50 12 66 27 59 56 14 96 12 51 65 64 27 63 95 87 13 10 86 87 65 15 37 15 39 17 49 21 77 96 77 79 43 48 46 43 60 63 51 79 27 98 26 94 55 62 41 78 77 80 47 61 10 66 96 19 72 27 53 49 59 80 31 79 56 96 18 33 46 83 46 38 65 92 32 40 61 69 14 62 32 21 10 78 79 71 49 96 48 99 20 35 72 19 24 96 20 94 85 16 85 63 52 75 81
78 84 45 34 31 18 0 92 83 27 86 82 93 52 40 80 71 84 40 22 69 49 90 86 96 22 27 97 71 50 20 11 44 82 95 23 99 18 46 37 75 19 13 42 75 19 28 56 15 52 90 82 51 65 76 62 73 31 71 91 33 21 68 59 18 72 64 22 55 23 63 23 21 95 51 58 10 71 44 87 55 18 86 74 88 72 25 55 73 86 86 55 63 26 79 50 61 92 88 87 74 56 99 71 12 69 60 26 71 12 67 45 76 90 49 34 78 37 23 53 50 70 84 80 10 69 50 12 29 73 94 74 67 32 28
46 79 47 56 95 20 92 0 89 61 24 24 72 94 51 69 70 31 48 18 52 52 90 79 72 40 21 13 89 41 99 87 31 36 37 20 39 23 53 77 12 28 12 39 23 49 99 10 54 11 75 13 83 48 27 90 81 25 27 35 55 99 41 84 34 39 68 50 26 40 56 11 48 11 31 60 18 49 27 86 66 15 32 31 62 45 53 48 18 34 36 58 78 80 70 15 63 67 42 34 45 18 78 47 97 95 43 20 50 99 90 50 16 21 56 52 75 49 21 94 56 85 55 54 82 91 18 24 19 79 17 58 65 34 34
75 44 47 47 63 81 83 89 0 64 17 85 90 61 60 74 29 33 50 28 51 24 12 41 74 12 32 20 80 88 48 63 86 32 38 64 88 26 25 89 30 70 84 29 33 34 70 58 80 90 22 15 31 81 45 80 36 63 57 51 79 70 26 65 55 50 89 32 67 63 98 30 14 66 77 44 88 34 58 17 91 54 43 68 82 87 56 58 94 55 20 40 47 82 35 27 71 78 92 66 53 46 97 16 29 33 82 47 19 75 58 97 97 21 29 41 60 69 92 96 69 74 81 35 72 23 60 70 81 77 16 78 42 28 70
28 32 33 73 79 97 27 61 64 0 52 73 82 92 93 47 69 33 89 76 32 76 34 38 42 35 85 66 76 79 14 25 49 98 51 95 49 99 70 97 92 22 22 20 87 96 34 74 75 46 43 75 44 12 54 88 21 55 82 58 94 94 61 19 21 19 43 47 59 98 92 80 22 49 43 21 27 80 40 92 32 24 88 83 81 23 63 59 75 11 54 85 11 62 70 10 82 37 35 40 29 63 94 85 13 36 47 95 78 77 77 73 90 37 15 43 88 63 46 76 64 51 45 95 21 71 19 87 82 50 34 63 25 56 44
78 43 46 25 94 88 86 24 17 52 0 39 14 28 44 81 45 85 12 94 35 86 32 32 36 72 26 24 16 86 37 59 80 46 29 90 93 35 15 32 20 68 18 97 23 34 19 40 63 44 57 14 18 93 41 93 46 43 50 63 41 18 60 60 84 66 98 97 73 88 59 19 28 93 35 96 14 82 33 16 75 81 53 15 47 24 78 19 56 25 31 79 60 56 26 22 67 45 30 96 96 70 96 38 72 50 85 16 82 48 78 61 18 65 76 80 98 80 71 57 29 39 71 58 56 11 95 56 71 52 77 91 64 34 20
63 33 77 42 85 79 82 24 85 73 39 0 46 89 84 73 51 71 67 74 85 89 27 32 31 90 31 88 83 21 45 46 92 96 83 32 98 44 63 86 91 40 51 90 63 60 46 57 95 93 95 36 79 44 46 99 37 18 16 85 58 38 21 15 21 99 56 92 69 67 30 56 90 28 84 91 20 71 95 50 17 17 15 19 12 42 45 43 91 97 24 58 98 72 95 59 62 17 77 71 30 45 43 16 18 27 13 59 76 92 21 54 95 30 62 44 46 70 59 40 74 61 46 71 16 44 98 22 11 56 27 40 97 50 79
83 13 60 89 55 71 93 72 90 82 14 46 0 32 85 40 71 45 63 11 43 24 99 74 75 62 22 51 50 77 35 58 86 87 60 87 63 13 61 41 38 73 55 66 14 34 18 60 35 52 26 27 62 49 18 83 50 82 15 24 26 42 11 61 36 33 46 40 31 40 79 12 79 14 10 33 91 98 41 58 29 28 77 56 91 44 11 61 40 72 90 27 64 25 47 64 62 12 57 25 83 54 36 42 76 76 11 47 14 68 63 81 11 71 73 77 46 16 46 55 78 74 50 75 83 18 84 27 36 29 59 47 91 51 49
55 87 57 19 28 28 52 94 61 92 28 89 32 0 55 53 41 15 88 92 55 17 80 70 19 68 94 48 89 94 47 47 53 16 66 10 13 33 93 60 70 30 83 67 22 21 35 89 60 18 98 40 22 14 45 44 48 58 67 21 84 87 80 67 38 12 43 90 84 14 32 14 54 46 11 52 76 33 53 14 61 74 69 54 40 95 67 51 78 42 80 40 18 78 91 71 48 37 94 57 81 75 99 89 44 14 87 54 63 55 89 84 21 39 41 48 16 84 11 34 14 15 35 33 82 79 46 23 41 20 96 74 56 68 69
71 61 11 65 11 74 40 51 60 93 44 84 85 55 0 59 31 48 94 52 59 70 58 57 84 79 14 22 69 95 48 75 84 94 72 13 69 80 32 69 12 80 55 32 96 53 80 13 15 56 33 53 44 32 25 66 65 89 44 30 11 75 17 98 66 38 81 67 38 17 75 54 14 75 52 27 45 45 62 50 75 39 90 16 66 32 30 77 25 18 14 45 77 98 73 12 84 56 16 76 67 76 67 99 44 34 50 13 49 53 18 35 54 27 94 69 86 87 81 60 72 43 54 80 37 92 68 13 63 35 52 87 88 44 49
34 31 86 57 74 51 80 69 74 47 81 73 40 53 59 0 95 95 98 57 53 98 23 54 45 88 37 58 53 51 33 67 28 67 88 18 94 95 21 10 93 90 18 56 34 37 84 70 62 10 35 80 95 57 28 43 75 10 39 62 78 63 51 35 77 26 57 40 41 64 82 97 43 25 67 60 74 87 10 17 89 84 36 10 67 20 46 31 72 83 83 67 29 16 69 20 40 99 59 65 80 98 52 10 64 79 24 24 60 69 72 33 54 11 58 21 10 96 76 61 97 77 79 54 88 61 80 21 87 83 99 39 57 38 75
45 23 36 42 37 49 71 70 29 69 45 51 71 41 31 95 0 14 38 80 77 22 59 34 91 85 47 83 32 77 39 81 34 92 34 51 92 37 80 85 20 64 99 84 91 41 21 55 99 12 54 91 68 28 55 11 35 31 37 87 66 58 75 82 69 76 94 74 51 34 71 51 91 90 51 48 67 16 69 67 20 52 27 87 17 83 35 43 66 64 35 74 40 27 94 33 72 60 45 91 89 85 15 85 28 37 90 37 36 25 77 51 21 32 74 86 64 84 69 24 91 67 11 50 68 10 24 36 92 49 15 60 61 54 50
11 87 51 63 93 82 84 31 33 33 85 71 45 15 48 95 14 0 74 29 97 44 59 73 56 78 16 88 61 24 81 43 83 11 89 27 94 76 89 41 95 52 86 47 22 52 48 50 62 54 26 23 40 94 21 70 19 80 51 73 65 44 42 56 86 34 33 41 55 45 17 49 66 17 88 61 15 29 84 41 51 56 98 32 70 63 94 59 41 41 65 15 91 18 52 66 78 32 92 56 65 35 33 70 70 37 70 21 29 51 78 35 48 41 70 81 78 16 80 11 72 46 94 76 85 41 95 72 71 21 64 50 59 75 27
53 42 40 30 36 61 40 48 50 89 12 67 63 88 94 98 38 74 0 80 22 70 37 23 45 58 97 66 64 64 48 25 32 90 76 62 63 98 56 92 49 87 98 58 62 36 59 66 69 51 33 60 25 70 50 36 38 53 65 54 60 36 85 44 22 69 14 26 75 20 55 47 39 97 77 50 58 95 88 93 69 23 88 44 33 28 72 16 20 36 39 54 56 72 99 45 55 81 84 19 37 68 16 24 25 90 83 71 44 54 29 76 23 57 49 14 42 52 98 76 82 67 60 47 88 92 26 82 26 33 27 61 15 28 35
94 99 31 55 22 21 22 18 28 76 94 74 11 92 52 57 80 29 80 0 61 90 78 52 15 85 82 78 45 60 51 74 96 44 72 34 56 70 10 29 61 84 10 68 10 97 70 45 25 55 13 71 90 57 96 24 34 10 84 69 10 32 55 51 96 26 84 19 45 33 84 73 10 24 95 28 21 36 58 40 91 24 36 29 40 20 41 14 57 71 63 43 22 38 40 42 63 55 71 34 35 60 13 57 95 56 28 36 41 86 45 73 84 40 97 50 65 41 36 46 42 61 74 54 68 91 62 83 46 64 16 96 50 36 77
58 75 65 38 62 47 69 52 51 32 35 85 43 55 59 53 77 97 22 61 0 81 19 73 31 27 91 64 86 86 52 32 16 91 61 79 84 48 99 87 94 69 19 79 37 11 45 96 37 38 37 34 55 10 66 94 44 27 97 86 39 55 62 18 20 23 80 23 18 64 50 39 83 85 32 44 58 19 97 44 11 40 88 84 88 62 64 75 82 61 93 29 14 29 83 98 76 47 35 74 12 14 98 48 19 23 76 58 12 66 23 90 39 24 52 31 10 37 26 15 41 50 27 53 46 90 77 47 78 57 32 53 55 31 36
19 78 76 76 47 68 49 52 24 76 86 89 24 17 70 98 22 44 70 90 81 0 45 72 49 79 21 19 53 16 60 65 48 48 65 38 97 45 51 44 69 52 82 10 30 24 20 32 95 16 74 49 90 36 76 82 49 36 20 94 11 37 79 11 99 58 90 43 57 10 80 10 97 90 82 75 89 40 75 40 75 59 88 83 44 43 40 62 60 79 31 90 81 30 73 52 24 57 27 28 19 28 91 22 40 71 31 90 56 34 10 69 54 60 78 30 97 90 60 61 68 46 31 51 26 65 75 93 79 99 31 66 20 48 92
91 84 75 76 81 74 90 90 12 34 32 27 99 80 58 23 59 59 37 78 19 45 0 23 83 17 20 61 95 56 81 56 25 44 85 27 73 75 85 43 54 83 10 39 13 50 78 71 72 22 57 34 50 68 85 74 44 73 75 45 70 41 37 21 39 68 20 12 68 92 39 84 47 18 58 31 91 68 26 43 27 92 91 76 64 85 40 13 50 64 89 28 45 20 23 38 46 34 26 22 87 87 94 67 96 98 43 15 78 57 84 95 63 25 47 56 42 83 36 40 50 47 72 64 93 16 14 94 22 26 34 56 20 39 80
23 96 62 28 24 69 86 79 41 38 32 32 74 70 57 54 34 73 23 52 73 72 23 0 55 12 32 69 10 63 11 40 50 54 28 30 14 45 85 14 72 51 84 54 12 77 54 27 54 54 61 74 84 67 85 72 46 54 48 99 73 98 11 47 44 34 93 60 60 15 46 15 86 60 79 80 74 42 34 49 56 77 58 52 55 40 45 38 61 97 12 14 34 39 88 30 60 32 51 95 97 40 71 59 29 47 46 86 16 96 14 21 60 79 80 65 50 19 73 92 70 51 96 33 69 48 98 63 43 58 92 22 46 37 55
81 44 42 41 79 37 96 72 74 42 36 31 75 19 84 45 91 56 45 15 31 49 83 55 0 91 78 48 23 74 22 67 44 13 19 65 34 12 91 93 32 72 87 15 53 40 15 67 66 39 96 46 59 52 63 40 36 57 66 73 60 70 10 54 16 28 33 53 20 56 40 21 52 35 28 96 40 58 53 29 29 40 61 53 82 75 65 42 55 11 69 61 74 14 43 20 48 39 60 48 14 44 37 11 80 24 99 71 60 51 38 94 12 81 94 74 28 60 99 33 39 10 62 29 68 93 99 98 29 95 31 37 86 57 15
46 36 63 41 17 39 22 40 12 35 72 90 62 68 79 88 85 78 58 85 27 79 17 12 91 0 23 93 46 31 93 90 32 27 84 83 81 26 20 95 78 90 68 24 22 81 40 19 60 93 77 52 49 80 96 41 46 63 63 11 60 99 93 37 46 81 35 26 33 20 93 79 92 93 51 82 79 37 60 17 11 89 95 10 21 92 89 74 19 39 21 28 95 46 27 97 57 35 76 77 40 91 96 67 22 73 25 60 31 62 64 99 85 17 33 87 70 42 67 96 93 30 86 85 82 75 80 16 94 74 28 28 75 28 47
76 27 62 56 14 80 27 21 32 85 26 31 22 94 14 37 47 16 97 82 91 21 20 32 78 23 0 53 73 62 99 43 30 67 60 34 85 15 79 47 68 27 18 43 54 74 32 63 65 30 16 37 86 64 60 86 56 67 79 58 35 98 76 71 14 42 85 66 65 42 87 23 19 28 55 13 80 31 10 26 20 61 21 32 22 41 76 19 71 55 36 24 85 43 41 48 73 21 83 87 27 68 31 58 20 20 69 83 33 28 13 49 93 90 28 57 77 32 50 88 61 27 12 48 31 55 21 72 47 44 75 85 57 59 92
53 47 76 88 45 10 97 13 20 66 24 88 51 48 22 58 83 88 66 78 64 19 61 69 48 93 53 0 64 63 93 30 60 43 26 82 52 48 24 25 10 39 72 62 42 69 99 63 81 62 18 34 70 38 30 58 12 90 11 88 55 16 40 69 10 84 20 35 92 34 51 62 48 48 54 73 20 53 35 89 17 14 42 78 35 91 46 15 46 66 66 55 38 97 84 32 78 46 72 54 43 22 74 96 89 56 95 11 84 42 46 66 10 23 45 29 52 50 76 82 41 80 10 92 89 74 77 34 94 51 44 19 43 78 28
27 49 53 78 11 85 71 89 80 76 16 83 50 89 69 53 32 61 64 45 86 53 95 10 23 46 73 64 0 11 49 10 27 56 20 82 44 70 78 96 11 50 18 97 72 11 54 40 82 85 35 19 63 81 12 51 26 75 82 33 19 59 46 77 55 70 37 55 16 11 86 65 63 73 22 92 90 16 78 67 22 36 26 99 73 12 32 30 11 51 72 21 37 53 44 45 32 12 72 48 32 13 19 85 34 44 89 78 91 70 38 71 86 40 34 31 53 29 21 66 47 52 98 24 20 65 73 13 43 82 73 33 72 82 14
66 57 35 79 75 60 50 41 88 79 86 21 77 94 95 51 77 24 64 60 86 16 56 63 74 31 62 63 11 0 13 40 24 87 16 23 16 40 35 91 67 92 70 17 97 63 58 62 30 73 43 30 13 55 60 31 26 34 52 87 70 82 57 14 15 68 77 55 27 18 34 81 41 58 62 65 21 49 84 66 62 90 63 29 99 64 76 92 52 37 50 18 45 67 72 64 52 62 59 32 49 79 59 35 88 36 88 83 76 88 80 67 44 94 76 50 97 72 13 25 44 45 21 20 52 23 48 83 63 20 85 90 29 42 47
59 28 10 91 98 50 20 99 48 14 37 45 35 47 48 33 39 81 48 51 52 60 81 11 22 93 99 93 49 13 0 79 63 64 29 24 31 18 24 53 85 72 54 77 77 33 94 44 41 47 18 10 80 12 83 67 41 73 35 91 36 92 49 34 86 57 81 31 55 42 52 87 49 68 26 30 25 12 68 89 57 86 92 38 95 12 58 82 46 84 21 90 80 65 82 56 53 16 94 54 87 43 33 73 78 49 35 37 10 15 12 78 53 21 17 83 55 84 38 25 22 79 64 83 89 16 94 62 34 64 11 75 45 34 30
61 27 39 68 61 12 11 87 63 25 59 46 58 47 75 67 81 43 25 74 32 65 56 40 67 90 43 30 10 40 79 0 64 87 85 99 60 22 70 16 74 94 30 77 15 30 24 85 29 28 76 20 44 88 50 43 96 31 36 73 78 71 90 47 28 81 77 64 39 67 84 80 33 30 73 27 17 46 54 17 37 93 27 62 67 77 92 36 81 49 61 69 36 95 44 58 92 42 10 99 79 10 57 17 72 15 52 89 84 84 88 40 59 44 95 43 49 82 72 87 39 68 63 67 65 77 69 62 38 25 48 47 54 87 42
21 77 41 79 19 66 44 31 86 49 80 92 86 53 84 28 34 83 32 96 16 48 25 50 44 32 30 60 27 24 63 64 0 20 37 38 33 72 12 78 65 73 18 92 47 26 55 83 19 94 78 52 34 52 17 23 92 78 78 24 86 93 68 32 44 18 53 87 81 56 35 39 91 97 41 19 22 70 30 88 65 38 44 74 56 84 44 58 99 69 58 51 12 79 48 68 19 23 93 49 80 14 41 85 63 77 42 75 61 94 22 96 90 41 56 66 56 12 13 27 77 82 26 43 36 74 31 94 26 67 24 42 40 43 39
55 77 19 91 82 27 82 36 32 98 46 96 87 16 94 67 92 11 90 44 91 48 44 54 13 27 67 43 56 87 64 87 20 0 39 38 67 63 50 76 97 27 66 59 45 98 94 77 87 13 60 14 14 44 82 55 67 53 12 44 23 75 52 70 55 53 71 43 13 94 34 38 96 19 26 51 15 45 39 52 60 90 84 66 25 12 87 80 99 34 99 36 89 73 42 57 74 84 96 43 57 83 17 30 74 93 30 65 63 27 31 62 64 19 20 50 65 24 81 22 47 87 87 18 79 87 84 37 21 13 25 98 83 43 90
21 42 72 43 12 59 95 37 38 51 29 83 60 66 72 88 34 89 76 72 61 65 85 28 19 84 60 26 20 16 29 85 37 39 0 78 28 90 95 55 22 43 46 60 14 87 58 74 15 63 69 62 60 64 18 28 59 36 77 14 11 84 35 31 70 13 14 98 37 74 15 17 27 50 59 80 69 88 83 55 71 24 60 14 14 99 16 79 45 52 72 83 17 49 65 25 14 79 64 17 80 20 79 27 10 76 55 63 78 96 59 90 35 48 76 36 35 33 16 88 79 47 49 38 53 85 47 44 11 26 93 74 73 53 96
52 30 65 73 74 56 23 20 64 95 90 32 87 10 13 18 51 27 62 34 79 38 27 30 65 83 34 82 82 23 24 99 38 38 78 0 14 49 96 26 41 78 52 75 87 36 50 60 47 12 14 70 44 14 91 20 68 67 62 12 96 18 32 86 41 19 26 93 72 83 30 85 40 14 68 13 34 41 83 12 91 14 40 11 84 75 31 87 22 70 20 95 64 63 34 89 15 50 56 92 66 55 85 99 34 17 47 24 42 24 67 31 75 60 28 36 58 33 17 74 50 33 33 52 10 57 91 86 47 10 68 23 75 16 43
51 93 58 14 93 14 99 39 88 49 93 98 63 13 69 94 92 94 63 56 84 97 73 14 34 81 85 52 44 16 31 60 33 67 28 14 0 21 36 85 59 77 82 32 85 63 82 63 15 93 76 54 83 28 67 99 83 45 44 80 60 30 38 92 17 27 87 75 11 31 46 72 17 27 72 31 27 80 31 38 74 52 16 42 82 36 39 61 64 21 68 65 97 94 98 63 46 87 54 84 99 81 47 81 39 58 63 26 24 42 26 32 66 41 23 33 83 78 36 90 99 40 82 36 40 16 64 75 26 93 38 60 75 33 96
13 22 43 76 89 96 18 23 26 99 35 44 13 33 80 95 37 76 98 70 48 45 75 45 12 26 15 48 70 40 18 22 72 63 90 49 21 0 22 68 34 73 60 97 57 39 34 72 28 63 69 93 96 16 31 73 74 36 26 83 28 93 85 90 10 65 81 75 50 95 59 60 64 20 69 31 45 94 86 18 89 41 59 65 66 13 16 93 91 45 13 31 55 62 80 93 60 59 49 90 94 13 97 90 33 29 42 79 39 92 97 21 18 43 19 16 71 81 74 34 31 15 99 71 52 50 91 24 28 85 29 51 46 23 97
70 15 64 12 28 12 46 53 25 70 15 63 61 93 32 21 80 89 56 10 99 51 85 85 91 20 79 24 78 35 24 70 12 50 95 96 36 22 0 97 41 59 25 22 78 49 85 77 18 10 47 30 96 50 45 38 78 63 20 34 55 76 20 68 89 14 83 50 40 37 73 37 26 49 67 75 54 39 59 95 14 47 92 30 95 82 21 64 42 35 30 66 44 83 43 18 21 27 47 50 13 67 26 33 81 88 86 85 81 26 50 27 92 48 54 34 56 61 68 45 15 83 35 19 65 17 97 63 57 75 34 35 53 11 90
47 90 82 37 60 51 37 77 89 97 32 86 41 60 69 10 85 41 92 29 87 44 43 14 93 95 47 25 96 91 53 16 78 76 55 26 85 68 97 0 45 28 68 63 31 89 83 29 44 85 54 62 87 16 25 62 97 91 24 72 84 19 29 16 15 12 45 24 93 38 16 93 61 14 87 74 36 90 16 72 55 52 86 47 45 24 29 16 58 12 60 55 38 12 86 68 67 53 37 39 12 40 52 83 10 52 57 34 70 38 55 94 72 35 18 42 91 95 52 52 17 45 91 24 69 43 88 30 85 97 68 47 87 82 27
25 83 18 35 83 65 75 12 30 92 20 91 38 70 12 93 20 95 49 61 94 69 54 72 32 78 68 10 11 67 85 74 65 97 22 41 59 34 41 45 0 64 18 82 35 29 69 75 47 45 67 33 59 33 75 17 27 62 26 49 85 33 22 65 53 12 79 87 34 82 96 29 19 86 65 14 72 60 25 52 32 85 54 20 10 63 42 46 99 88 36 44 60 43 42 91 52 60 32 77 77 26 92 50 69 33 53 26 31 28 93 95 89 86 18 25 54 93 18 80 61 69 33 48 49 32 61 58 74 21 77 31 64 73 63
59 36 87 34 79 64 19 28 70 22 68 40 73 30 80 90 64 52 87 84 69 52 83 51 72 90 27 39 50 92 72 94 73 27 43 78 77 73 59 28 64 0 90 82 74 15 80 28 59 60 62 12 97 18 62 51 68 90 78 42 48 35 65 83 47 46 87 59 48 48 11 27 39 37 99 20 21 45 38 60 35 33 10 18 82 45 53 84 14 71 66 74 64 68 44 72 24 65 38 64 68 23 89 10 13 98 60 31 56 67 70 49 25 57 18 35 57 56 83 41 56 23 72 36 20 21 13 26 33 42 89 37 63 29 52
45 64 42 54 83 27 13 12 84 22 18 51 55 83 55 18 99 86 98 10 19 82 10 84 87 68 18 72 18 70 54 30 18 66 46 52 82 60 25 68 18 90 0 17 32 65 21 19 17 65 85 99 31 20 56 77 45 94 46 93 69 22 76 93 37 90 26 29 78 92 58 75 83 77 19 47 14 39 39 30 42 68 57 88 61 46 18 46 11 15 62 72 22 63 46 26 44 82 36 89 73 29 88 96 15 18 16 34 99 66 56 98 36 41 95 32 24 38 58 12 11 80 60 95 14 28 83 38 82 86 89 61 21 15 52
10 33 15 12 92 63 42 39 29 20 97 90 66 67 32 56 84 47 58 68 79 10 39 54 15 24 43 62 97 17 77 77 92 59 60 75 32 97 22 63 82 82 17 0 30 90 87 88 28 63 88 13 42 87 81 83 12 98 75 91 70 23 75 45 45 96 81 76 20 38 90 55 47 49 57 82 47 82 46 62 55 18 40 40 25 11 60 97 61 68 18 65 99 89 19 83 42 77 38 74 88 99 82 34 41 75 54 68 49 87 13 68 49 33 74 42 32 99 78 58 44 45 83 25 60 58 53 69 64 25 34 47 70 73 43
86 28 79 92 17 95 75 23 33 87 23 63 14 22 96 34 91 22 62 10 37 30 13 12 53 22 54 42 72 97 77 15 47 45 14 87 85 57 78 31 35 74 32 30 0 35 71 19 97 84 30 91 89 58 45 67 80 40 58 68 57 76 72 83 19 40 40 88 62 41 64 89 99 74 45 53 97 94 71 80 51 36 90 34 74 82 62 70 84 34 56 37 22 99 59 16 84 31 34 38 81 54 38 41 60 59 83 55 22 28 96 75 91 61 32 31 78 92 83 55 24 86 62 72 95 16 69 19 62 85 99 34 10 50 92
54 66 73 29 72 87 19 49 34 96 34 60 34 21 53 37 41 52 36 97 11 24 50 77 40 81 74 69 11 63 33 30 26 98 87 36 63 39 49 89 29 15 65 90 35 0 20 83 41 54 99 36 94 24 10 90 34 54 12 60 60 97 79 26 15 21 19 99 17 84 24 24 46 51 75 48 97 67 67 35 66 71 75 25 40 92 97 40 72 24 46 52 72 82 86 23 34 47 95 45 89 59 51 49 52 18 20 72 81 94 61 25 18 65 97 65 61 76 95 13 43 59 97 37 91 85 89 47 80 21 89 10 73 85 22
77 32 73 60 19 13 28 99 70 34 19 46 18 35 80 84 21 48 59 70 45 20 78 54 15 40 32 99 54 58 94 24 55 94 58 50 82 34 85 83 69 80 21 87 71 20 0 90 92 40 20 58 29 91 76 86 78 23 84 57 68 12 42 28 69 46 64 53 15 28 77 79 88 81 26 33 38 11 37 75 52 16 39 68 28 46 50 32 20 37 87 25 23 38 55 32 68 84 13 11 62 80 39 11 83 28 19 53 16 10 11 46 55 53 87 93 41 12 11 89 40 46 42 43 77 27 19 76 75 99 11 64 60 29 70
19 61 57 85 23 10 56 10 58 74 40 57 60 89 13 70 55 50 66 45 96 32 71 27 67 19 63 63 40 62 44 85 83 77 74 60 63 72 77 29 75 28 19 88 19 83 90 0 99 78 83 11 27 86 13 55 57 84 98 71 55 85 25 92 13 87 35 30 21 51 38 43 20 64 45 59 56 50 71 62 15 62 82 99 82 52 58 93 28 21 56 11 52 22 49 45 64 98 78 89 92 78 12 19 17 81 48 93 28 71 34 63 61 24 56 60 18 28 65 10 83 85 61 40 10 69 12 91 19 92 30 31 94 13 38
56 59 37 79 45 86 15 54 80 75 63 95 35 60 15 62 99 62 69 25 37 95 72 54 66 60 65 81 82 30 41 29 19 87 15 47 15 28 18 44 47 59 17 28 97 41 92 99 0 62 63 60 73 63 23 25 43 88 24 15 13 54 13 43 53 67 53 32 93 37 95 48 90 75 40 34 93 21 46 10 11 79 94 10 95 37 94 45 41 21 84 52 10 71 21 93 28 79 28 11 68 98 82 95 93 86 35 75 44 98 98 33 38 57 74 52 36 32 65 41 44 54 10 51 82 45 62 34 91 18 50 14 39 75 15
21 87 62 75 35 87 52 11 90 46 44 93 52 18 56 10 12 54 51 55 38 16 22 54 39 93 30 62 85 73 47 28 94 13 63 12 93 63 10 85 45 60 65 63 84 54 40 78 62 0 82 29 99 58 24 30 86 74 95 59 61 20 30 83 82 11 57 36 51 77 74 36 35 72 17 15 70 86 88 27 83 24 39 22 76 85 35 61 45 17 45 47 72 74 82 66 96 35 94 74 55 89 82 83 65 38 96 29 36 10 63 46 22 31 40 98 72 49 13 57 95 23 33 99 73 31 64 86 31 27 85 48 89 10 98
18 68 74 75 56 65 90 75 22 43 57 95 26 98 33 35 54 26 33 13 37 74 57 61 96 77 16 18 35 43 18 76 78 60 69 14 76 69 47 54 67 62 85 88 30 99 20 83 63 82 0 73 97 34 88 46 86 86 52 58 95 83 70 32 66 39 96 18 63 64 79 37 93 77 62 44 61 55 13 91 87 54 91 63 48 58 21 90 96 65 78 79 88 87 21 14 17 56 13 81 77 25 20 50 45 24 90 49 97 60 71 63 41 45 11 32 25 57 98 48 69 94 17 40 14 72 48 27 37 25 35 31 53 75 41
84 59 68 81 75 15 82 13 15 75 14 36 27 40 53 80 91 23 60 71 34 49 34 74 46 52 37 34 19 30 10 20 52 14 62 70 54 93 30 62 33 12 99 13 91 36 58 11 60 29 73 0 83 95 64 52 70 37 99 78 12 76 40 95 31 94 57 56 29 87 93 82 77 69 65 37 85 64 13 67 54 32 41 58 40 48 85 20 38 26 32 32 46 91 38 33 80 26 10 79 58 90 14 39 80 89 41 57 22 21 25 71 73 92 11 37 37 42 99 45 63 33 83 76 94 12 41 71 10 77 26 80 36 99 85
90 81 94 11 33 37 51 83 31 44 18 79 62 22 44 95 68 40 25 90 55 90 50 84 59 49 86 70 63 13 80 44 34 14 60 44 83 96 96 87 59 97 31 42 89 94 29 27 73 99 97 83 0 88 95 29 65 83 85 86 30 76 60 84 22 57 93 79 12 50 67 16 30 76 45 19 80 29 72 20 24 81 77 19 81 96 93 57 62 23 61 85 96 86 88 61 93 71 45 25 18 35 37 51 15 48 68 98 76 69 72 21 44 31 30 19 45 94 20 36 81 45 93 88 74 18 41 74 38 31 14 97 28 51 63
62 13 68 64 14 15 65 48 81 12 93 44 49 14 32 57 28 94 70 57 10 36 68 67 52 80 64 38 81 55 12 88 52 44 64 14 28 16 50 16 33 18 20 87 58 24 91 86 63 58 34 95 88 0 58 13 25 59 66 60 64 56 96 48 16 16 28 83 50 20 42 95 25 16 78 53 69 98 17 98 58 67 25 85 36 51 91 33 44 11 26 78 47 47 51 11 59 81 76 50 38 58 61 47 56 59 10 67 45 81 39 52 12 95 47 29 49 66 89 54 34 86 85 89 90 57 27 19 25 74 91 81 70 60 64
13 49 37 37 35 39 76 27 45 54 41 46 18 45 25 28 55 21 50 96 66 76 85 85 63 96 60 30 12 60 83 50 17 82 18 91 67 31 45 25 75 62 56 81 45 10 76 13 23 24 88 64 95 58 0 83 64 40 95 12 84 33 43 46 81 77 45 47 70 61 37 50 29 51 10 63 53 60 56 74 52 74 24 23 81 44 21 24 40 11 96 52 21 50 87 96 55 66 21 21 65 83 42 94 87 97 79 52 97 78 71 93 12 55 39 18 97 72 45 36 51 90 61 14 61 29 69 42 19 70 12 37 99 63 22
52 23 75 48 87 17 62 90 80 88 93 99 83 44 66 43 11 70 36 24 94 82 74 72 40 41 86 58 51 31 67 43 23 55 28 20 99 73 38 62 17 51 77 83 67 90 86 55 25 30 46 52 29 13 83 0 72 20 49 80 23 19 69 53 45 48 38 44 65 45 89 43 21 95 74 61 40 44 76 55 85 14 44 50 22 95 67 57 81 57 44 44 81 52 75 95 11 31 45 77 62 19 68 71 64 18 34 90 99 90 89 29 93 17 57 25 91 61 38 59 46 24 83 15 72 45 27 84 54 11 92 48 27 96 20
37 54 68 61 69 49 73 81 36 21 46 37 50 48 65 75 35 19 38 34 44 49 44 46 36 46 56 12 26 26 41 96 92 67 59 68 83 74 78 97 27 68 45 12 80 34 78 57 43 86 86 70 65 25 64 72 0 23 38 45 20 58 29 65 27 69 71 31 27 99 83 58 19 30 11 73 56 39 44 91 71 86 45 36 67 88 49 68 20 90 39 13 41 42 56 25 12 90 23 69 56 22 34 45 41 61 39 84 30 55 29 75 35 96 90 68 83 23 41 46 43 38 17 16 14 61 98 25 42 92 47 92 55 90 87
53 70 97 78 81 21 31 25 63 55 43 18 82 58 89 10 31 80 53 10 27 36 73 54 57 63 67 90 75 34 73 31 78 53 36 67 45 36 63 91 62 90 94 98 40 54 23 84 88 74 86 37 83 59 40 20 23 0 54 10 28 58 62 99 20 18 33 69 55 42 94 23 46 63 50 33 20 61 62 79 72 95 60 69 40 71 47 19 60 99 12 19 10 85 52 61 11 25 18 13 27 82 81 33 38 55 21 37 12 64 28 41 52 32 98 27 55 25 61 37 26 60 50 88 42 49 11 50 94 78 43 83 40 75 37
38 12 82 90 77 77 71 27 57 82 50 16 15 67 44 39 37 51 65 84 97 20 75 48 66 63 79 11 82 52 35 36 78 12 77 62 44 26 20 24 26 78 46 75 58 12 84 98 24 95 52 99 85 66 95 49 38 54 0 19 96 40 41 75 65 35 97 69 50 90 40 21 78 83 40 53 59 97 73 69 89 80 92 71 85 59 45 25 81 12 66 51 69 87 99 47 14 19 39 59 32 59 40 48 32 47 42 96 26 76 56 95 36 72 58 71 47 88 95 49 26 30 14 88 86 28 34 68 69 39 49 33 87 70 74
83 73 16 96 89 96 91 35 51 58 63 85 24 21 30 62 87 73 54 69 86 94 45 99 73 11 58 88 33 87 91 73 24 44 14 12 80 83 34 72 49 42 93 91 68 60 57 71 15 59 58 78 86 60 12 80 45 10 19 0 51 19 95 12 55 44 60 67 41 58 67 37 20 89 30 24 46 86 69 81 29 75 69 96 40 82 50 84 51 20 26 50 98 12 36 69 14 28 75 32 32 82 10 69 14 29 30 41 71 35 41 64 38 47 10 37 84 28 46 70 40 57 55 44 37 16 82 28 42 67 95 53 36 56 54
65 80 17 81 12 77 33 55 79 94 41 58 26 84 11 78 66 65 60 10 39 11 70 73 60 60 35 55 19 70 36 78 86 23 11 96 60 28 55 84 85 48 69 70 57 60 68 55 13 61 95 12 30 64 84 23 20 28 96 51 0 87 78 61 13 22 42 58 19 86 62 45 27 35 42 28 79 82 15 89 89 41 61 77 73 83 33 11 87 50 22 39 47 32 17 36 84 79 36 18 44 60 70 30 86 70 55 60 35 89 59 82 23 99 11 76 54 46 35 81 41 37 92 20 16 37 58 39 37 97 53 75 52 87 23
71 95 72 94 67 79 21 99 70 94 18 38 42 87 75 63 58 44 36 32 55 37 41 98 70 99 98 16 59 82 92 71 93 75 84 18 30 93 76 19 33 35 22 23 76 97 12 85 54 20 83 76 76 56 33 19 58 58 40 19 87 0 24 76 90 62 98 76 53 65 30 29 41 65 36 60 64 65 48 57 81 13 14 29 59 34 38 88 82 20 62 11 59 74 69 70 37 16 73 79 91 46 50 47 64 44 19 68 98 43 35 10 89 24 33 56 20 52 28 55 56 69 73 34 51 21 62 40 96 51 81 14 58 38 99
12 27 38 83 69 43 68 41 26 61 60 21 11 80 17 51 75 42 85 55 62 79 37 11 10 93 76 40 46 57 49 90 68 52 35 32 38 85 20 29 22 65 76 75 72 79 42 25 13 30 70 40 60 96 43 69 29 62 41 95 78 24 0 49 10 61 50 81 89 76 25 71 89 67 50 10 28 60 77 86 48 54 87 83 77 16 75 28 56 86 69 24 54 45 45 20 96 16 56 75 38 81 18 71 75 49 33 88 56 73 10 96 97 92 55 81 44 60 14 65 38 71 19 53 62 81 50 57 81 62 33 42 12 76 44
38 55 80 57 28 48 59 84 65 19 60 15 61 67 98 35 82 56 44 51 18 11 21 47 54 37 71 69 77 14 34 47 32 70 31 86 92 90 68 16 65 83 93 45 83 26 28 92 43 83 32 95 84 48 46 53 65 99 75 12 61 76 49 0 34 56 65 84 40 13 76 86 76 91 42 20 36 79 23 33 69 47 37 84 33 49 10 34 96 34 76 89 47 75 46 94 24 47 87 51 47 99 77 19 95 42 39 47 72 74 74 96 20 70 36 75 95 39 59 12 17 86 18 81 48 88 52 71 26 30 43 33 62 56 43
46 98 46 44 31 46 18 34 55 21 84 21 36 38 66 77 69 86 22 96 20 99 39 44 16 46 14 10 55 15 86 28 44 55 70 41 17 10 89 15 53 47 37 45 19 15 69 13 53 82 66 31 22 16 81 45 27 20 65 55 13 90 10 34 0 49 77 26 96 97 83 22 90 25 21 39 39 65 90 90 63 24 58 44 47 65 28 81 12 94 39 88 38 78 36 86 69 69 59 47 55 68 37 55 45 89 13 28 55 90 43 76 19 52 36 10 13 39 15 18 52 39 78 85 43 54 17 74 64 34 26 10 29 46 96
53 24 70 94 50 43 72 39 50 19 66 99 33 12 38 26 76 34 69 26 23 58 68 34 28 81 42 84 70 68 57 81 18 53 13 19 27 65 14 12 12 46 90 96 40 21 46 87 67 11 39 94 57 16 77 48 69 18 35 44 22 62 61 56 49 0 83 52 58 98 62 12 42 41 76 57 77 56 87 50 66 47 83 77 44 27 13 59 86 33 15 17 87 77 80 29 25 32 21 41 82 65 31 78 67 44 30 61 93 33 54 42 45 11 37 45 36 43 12 63 17 59 54 40 43 99 20 37 43 69 73 84 51 77 74
57 92 49 44 79 60 64 68 89 43 98 56 46 43 81 57 94 33 14 84 80 90 20 93 33 35 85 20 37 77 81 77 53 71 14 26 87 81 83 45 79 87 26 81 40 19 64 35 53 57 96 57 93 28 45 38 71 33 97 60 42 98 50 65 77 83 0 94 65 50 94 57 48 98 47 20 46 60 98 94 97 14 53 15 82 77 78 17 47 63 18 67 68 27 16 46 89 43 15 59 59 94 96 81 14 83 70 91 13 98 49 41 43 27 24 95 41 66 77 73 61 86 82 82 42 69 44 80 42 66 11 28 63 87 78
60 76 28 58 35 63 22 50 32 47 97 92 40 90 67 40 74 41 26 19 23 43 12 60 53 26 66 35 55 55 31 64 87 43 98 93 75 75 50 24 87 59 29 76 88 99 53 30 32 36 18 56 79 83 47 44 31 69 69 67 58 76 81 84 26 52 94 0 73 48 17 18 23 18 30 25 33 15 74 14 89 88 94 38 74 77 95 70 46 78 69 75 89 30 82 22 26 35 94 45 75 32 99 26 72 30 41 30 61 35 14 14 48 24 85 85 68 18 62 20 28 86 14 82 72 65 12 74 31 30 36 56 30 47 78
44 42 38 27 83 51 55 26 67 59 73 69 31 84 38 41 51 55 75 45 18 57 68 60 20 33 65 92 16 27 55 39 81 13 37 72 11 50 40 93 34 48 78 20 62 17 15 21 93 51 63 29 12 50 70 65 27 55 50 41 19 53 89 40 96 58 65 73 0 75 56 90 73 91 85 73 10 91 22 24 61 54 24 47 70 38 75 89 25 39 21 31 30 30 23 44 10 91 94 60 67 81 99 48 93 81 89 42 47 66 75 16 64 64 50 92 77 22 69 95 12 15 38 90 90 72 66 93 74 76 32 29 94 17 26
62 31 22 19 84 79 23 40 63 98 88 67 40 14 17 64 34 45 20 33 64 10 92 15 56 20 42 34 11 18 42 67 56 94 74 83 31 95 37 38 82 48 92 38 41 84 28 51 37 77 64 87 50 20 61 45 99 42 90 58 86 65 76 13 97 98 50 48 75 0 95 16 91 77 58 97 90 24 75 41 31 95 40 91 26 80 39 50 23 58 60 29 53 52 37 82 50 95 65 61 48 74 10 38 19 31 84 95 40 15 76 82 94 24 44 43 79 69 84 59 69 77 19 82 26 61 11 46 31 78 48 15 25 46 40
13 67 81 87 53 27 63 56 98 92 59 30 79 32 75 82 71 17 55 84 50 80 39 46 40 93 87 51 86 34 52 84 35 34 15 30 46 59 73 16 96 11 58 90 64 24 77 38 95 74 79 93 67 42 37 89 83 94 40 67 62 30 25 76 83 62 94 17 56 95 0 10 17 39 77 60 67 57 71 31 65 31 73 86 80 93 53 63 79 14 14 25 95 28 93 77 95 33 10 44 65 47 17 45 96 18 10 64 78 50 99 85 88 27 97 53 39 82 75 78 25 50 64 20 63 64 73 54 25 61 32 33 68 68 71
76 41 48 34 10 98 23 11 30 80 19 56 12 14 54 97 51 49 47 73 39 10 84 15 21 79 23 62 65 81 87 80 39 38 17 85 72 60 37 93 29 27 75 55 89 24 79 43 48 36 37 82 16 95 50 43 58 23 21 37 45 29 71 86 22 12 57 18 90 16 10 0 48 22 27 80 42 74 69 27 15 17 46 20 61 49 18 79 50 54 30 45 75 69 80 74 95 32 73 12 85 66 56 66 34 22 95 74 47 59 41 81 80 81 60 31 69 52 15 46 23 53 55 25 87 77 76 20 62 18 80 77 10 96 56
80 79 54 23 12 26 21 48 14 22 28 90 79 54 14 43 91 66 39 10 83 97 47 86 52 92 19 48 63 41 49 33 91 96 27 40 17 64 26 61 19 39 83 47 99 46 88 20 90 35 93 77 30 25 29 21 19 46 78 20 27 41 89 76 90 42 48 23 73 91 17 48 0 92 49 42 12 11 97 24 43 95 52 89 36 48 43 57 52 13 68 45 96 85 92 34 30 63 99 18 52 73 51 93 83 19 51 57 98 51 24 80 27 92 72 38 79 30 36 99 35 90 51 34 83 69 38 34 53 39 25 48 28 55 15
99 88 71 13 91 94 95 11 66 49 93 28 14 46 75 25 90 17 97 24 85 90 18 60 35 93 28 48 73 58 68 30 97 19 50 14 27 20 49 14 86 37 77 49 74 51 81 64 75 72 77 69 76 16 51 95 30 63 83 89 35 65 67 91 25 41 98 18 91 77 39 22 92 0 29 19 45 71 41 55 16 21 10 85 58 85 95 88 38 55 97 31 49 13 45 66 64 36 16 43 83 73 16 27 90 91 45 37 77 55 89 58 44 85 87 60 86 30 12 40 40 77 27 37 21 91 57 79 76 99 78 53 54 92 80
98 54 37 49 33 55 51 31 77 43 35 84 10 11 52 67 51 88 77 95 32 82 58 79 28 51 55 54 22 62 26 73 41 26 59 68 72 69 67 87 65 99 19 57 45 75 26 45 40 17 62 65 45 78 10 74 11 50 40 30 42 36 50 42 21 76 47 30 85 58 77 27 49 29 0 48 10 51 68 57 10 32 40 83 15 81 54 92 77 34 45 83 28 93 30 49 62 47 16 99 65 77 70 13 18 99 38 15 25 14 59 14 96 42 92 91 10 43 74 92 92 89 69 93 94 22 47 52 37 39 67 84 30 38 77
38 98 32 78 94 62 58 60 44 21 96 91 33 52 27 60 48 61 50 28 44 75 31 80 96 82 13 73 92 65 30 27 19 51 80 13 31 31 75 74 14 20 47 82 53 48 33 59 34 15 44 37 19 53 63 61 73 33 53 24 28 60 10 20 39 57 20 25 73 97 60 80 42 19 48 0 68 66 29 43 30 60 17 60 51 49 16 27 89 77 46 44 51 30 19 59 68 88 22 76 47 91 12 32 16 92 19 63 23 23 42 42 93 58 28 43 59 47 47 71 41 31 49 50 68 18 84 66 23 82 22 43 83 39 90
90 56 72 74 79 41 10 18 88 27 14 20 91 76 45 74 67 15 58 21 58 89 91 74 40 79 80 20 90 21 25 17 22 15 69 34 27 45 54 36 72 21 14 47 97 97 38 56 93 70 61 85 80 69 53 40 56 20 59 46 79 64 28 36 39 77 46 33 10 90 67 42 12 45 10 68 0 33 52 48 35 66 25 32 91 11 91 70 52 34 89 93 38 66 79 60 70 11 16 88 61 56 23 21 85 45 81 88 14 83 92 79 50 43 46 86 42 31 73 13 89 48 84 34 61 66 72 59 86 41 19 35 26 55 82
79 64 21 26 34 78 71 49 34 80 82 71 98 33 45 87 16 29 95 36 19 40 68 42 58 37 31 53 16 49 12 46 70 45 88 41 80 94 39 90 60 45 39 82 94 67 11 50 21 86 55 64 29 98 60 44 39 61 97 86 82 65 60 79 65 56 60 15 91 24 57 74 11 71 51 66 33 0 70 20 69 10 76 21 81 82 87 27 21 44 69 50 62 18 88 31 17 11 20 27 80 22 50 81 58 53 24 46 66 66 73 13 12 68 83 55 55 14 79 82 61 50 56 81 43 92 39 35 69 64 30 62 73 26 81
68 57 19 34 63 77 44 27 58 40 33 95 41 53 62 10 69 84 88 58 97 75 26 34 53 60 10 35 78 84 68 54 30 39 83 83 31 86 59 16 25 38 39 46 71 67 37 71 46 88 13 13 72 17 56 76 44 62 73 69 15 48 77 23 90 87 98 74 22 75 71 69 97 41 68 29 52 70 0 31 83 86 40 66 17 59 16 87 57 60 81 64 10 15 69 84 91 29 20 39 18 97 96 89 30 80 32 18 21 29 55 44 70 49 56 27 16 59 97 31 56 98 40 40 54 66 15 57 36 97 93 56 95 88 81
83 14 74 68 35 80 87 86 17 92 16 50 58 14 50 17 67 41 93 40 44 40 43 49 29 17 26 89 67 66 89 17 88 52 55 12 38 18 95 72 52 60 30 62 80 35 75 62 10 27 91 67 20 98 74 55 91 79 69 81 89 57 86 33 90 50 94 14 24 41 31 27 24 55 57 43 48 20 31 0 21 81 80 33 20 82 99 19 90 85 89 26 56 73 80 12 70 15 63 89 82 29 26 53 31 36 23 87 50 23 17 25 64 61 75 67 75 23 51 11 97 23 81 84 78 67 47 51 71 84 24 40 99 84 40
14 61 62 96 30 47 55 66 91 32 75 17 29 61 75 89 20 51 69 91 11 75 27 56 29 11 20 17 22 62 57 37 65 60 71 91 74 89 14 55 32 35 42 55 51 66 52 15 11 83 87 54 24 58 52 85 71 72 89 29 89 81 48 69 63 66 97 89 61 31 65 15 43 16 10 30 35 69 83 21 0 49 37 53 71 95 88 72 30 26 78 97 50 51 63 12 82 10 86 69 26 78 73 67 12 67 51 58 16 74 73 25 39 73 67 26 13 37 80 30 63 90 83 51 35 24 80 27 25 81 88 83 64 85 46
66 76 41 95 76 61 18 15 54 24 81 17 28 74 39 84 52 56 23 24 40 59 92 77 40 89 61 14 36 90 86 93 38 90 24 14 52 41 47 52 85 33 68 18 36 71 16 62 79 24 54 32 81 67 74 14 86 95 80 75 41 13 54 47 24 47 14 88 54 95 31 17 95 21 32 60 66 10 86 81 49 0 14 12 25 34 56 78 76 96 92 26 75 23 64 42 52 13 79 17 44 44 39 37 20 91 41 67 47 54 26 74 23 33 81 33 69 86 58 86 95 30 56 62 68 46 86 47 83 15 56 30 54 97 42
91 89 46 71 15 10 86 32 43 88 53 15 77 69 90 36 27 98 88 36 88 88 91 58 61 95 21 42 26 63 92 27 44 84 60 40 16 59 92 86 54 10 57 40 90 75 39 82 94 39 91 41 77 25 24 44 45 60 92 69 61 14 87 37 58 83 53 94 24 40 73 46 52 10 40 17 25 76 40 80 37 14 0 96 63 98 42 11 74 75 67 18 25 27 29 27 78 35 27 65 76 68 42 23 66 47 25 68 68 75 92 31 18 21 23 22 99 82 17 78 29 52 12 27 34 92 14 46 21 42 83 19 79 51 37
10 41 46 91 20 66 74 31 68 83 15 19 56 54 16 10 87 32 44 29 84 83 76 52 53 10 32 78 99 29 38 62 74 66 14 11 42 65 30 47 20 18 88 40 34 25 68 99 10 22 63 58 19 85 23 50 36 69 71 96 77 29 83 84 44 77 15 38 47 91 86 20 89 85 83 60 32 21 66 33 53 12 96 0 77 78 47 75 72 97 61 17 86 58 75 17 14 41 47 17 86 99 31 26 42 84 98 55 78 44 84 12 82 20 83 94 97 98 97 41 18 50 91 52 59 91 20 16 12 37 42 33 86 40 38
29 97 64 88 96 96 88 62 82 81 47 12 91 40 66 67 17 70 33 40 88 44 64 55 82 21 22 35 73 99 95 67 56 25 14 84 82 66 95 45 10 82 61 25 74 40 28 82 95 76 48 40 81 36 81 22 67 40 85 40 73 59 77 33 47 44 82 74 70 26 80 61 36 58 15 51 91 81 17 20 71 25 63 77 0 70 60 66 61 62 97 39 83 26 79 51 81 58 38 14 35 24 75 91 22 37 66 86 23 42 28 11 57 50 92 50 64 88 25 91 93 84 17 65 34 83 64 50 18 89 43 28 34 47 83
88 29 92 70 64 19 72 45 87 23 24 42 44 95 32 20 83 63 28 20 62 43 85 40 75 92 41 91 12 64 12 77 84 12 99 75 36 13 82 24 63 45 46 11 82 92 46 52 37 85 58 48 96 51 44 95 88 71 59 82 83 34 16 49 65 27 77 77 38 80 93 49 48 85 81 49 11 82 59 82 95 34 98 78 70 0 94 90 27 49 51 37 24 56 40 11 63 64 26 90 46 38 88 73 96 68 53 11 69 63 52 99 54 91 84 82 65 73 32 37 34 35 58 50 61 14 80 38 98 81 77 95 57 69 21
70 12 41 18 56 72 25 53 56 63 78 45 11 67 30 46 35 94 72 41 64 40 40 45 65 89 76 46 32 76 58 92 44 87 16 31 39 16 21 29 42 53 18 60 62 97 50 58 94 35 21 85 93 91 21 67 49 47 45 50 33 38 75 10 28 13 78 95 75 39 53 18 43 95 54 16 91 87 16 99 88 56 42 47 60 94 0 81 81 73 16 10 40 16 86 69 17 71 72 92 38 70 11 15 70 63 43 10 50 50 60 17 47 84 63 30 82 93 99 43 22 91 98 15 48 52 81 98 45 95 65 89 96 57 28
93 78 87 17 25 27 55 48 58 59 19 43 61 51 77 31 43 59 16 14 75 62 13 38 42 74 19 15 30 92 82 36 58 80 79 87 61 93 64 16 46 84 46 97 70 40 32 93 45 61 90 20 57 33 24 57 68 19 25 84 11 88 28 34 81 59 17 70 89 50 63 79 57 88 92 27 70 27 87 19 72 78 11 75 66 90 81 0 74 93 21 52 79 40 51 68 66 88 48 23 47 86 19 39 41 53 71 87 73 72 59 52 21 29 53 17 22 69 63 37 53 85 73 18 93 64 36 25 27 98 47 26 53 46 54
97 76 31 70 52 53 73 18 94 75 56 91 40 78 25 72 66 41 20 57 82 60 50 61 55 19 71 46 11 52 46 81 99 99 45 22 64 91 42 58 99 14 11 61 84 72 20 28 41 45 96 38 62 44 40 81 20 60 81 51 87 82 56 96 12 86 47 46 25 23 79 50 52 38 77 89 52 21 57 90 30 76 74 72 61 27 81 74 0 16 65 42 91 88 78 56 40 52 23 10 81 45 34 62 17 12 41 48 72 18 10 76 25 33 38 82 92 12 35 39 34 83 38 95 49 74 48 94 25 29 53 66 32 96 31
99 46 26 93 57 49 86 34 55 11 25 97 72 42 18 83 64 41 36 71 61 79 64 97 11 39 55 66 51 37 84 49 69 34 52 70 21 45 35 12 88 71 15 68 34 24 37 21 21 17 65 26 23 11 11 57 90 99 12 20 50 20 86 34 94 33 63 78 39 58 14 54 13 55 34 77 34 44 60 85 26 96 75 97 62 49 73 93 16 0 78 94 90 27 32 25 96 17 16 53 48 84 48 62 27 30 71 61 79 77 71 59 89 85 22 16 99 43 87 87 85 90 25 80 82 42 43 39 67 94 83 18 68 38 13
95 55 48 52 69 59 86 36 20 54 31 24 90 80 14 83 35 65 39 63 93 31 89 12 69 21 36 66 72 50 21 61 58 99 72 20 68 13 30 60 36 66 62 18 56 46 87 56 84 45 78 32 61 26 96 44 39 12 66 26 22 62 69 76 39 15 18 69 21 60 14 30 68 97 45 46 89 69 81 89 78 92 67 61 97 51 16 21 65 78 0 71 41 35 37 18 10 23 40 40 84 63 14 14 44 26 57 40 98 87 11 23 98 97 77 60 74 42 19 46 11 89 52 73 82 49 56 75 64 31 13 91 33 36 29
76 63 59 81 33 80 55 58 40 85 79 58 27 40 45 67 74 15 54 43 29 90 28 14 61 28 24 55 21 18 90 69 51 36 83 95 65 31 66 55 44 74 72 65 37 52 25 11 52 47 79 32 85 78 52 44 13 19 51 50 39 11 24 89 88 17 67 75 31 29 25 45 45 31 83 44 93 50 64 26 97 26 18 17 39 37 10 52 42 94 71 0 31 60 76 76 82 53 14 50 96 88 52 58 81 94 81 90 29 78 90 98 69 33 39 64 82 88 72 18 43 70 23 34 48 21 78 13 23 96 89 97 91 60 52
25 68 75 35 20 31 63 78 47 11 60 98 64 18 77 29 40 91 56 22 14 81 45 34 74 95 85 38 37 45 80 36 12 89 17 64 97 55 44 38 60 64 22 99 22 72 23 52 10 72 88 46 96 47 21 81 41 10 69 98 47 59 54 47 38 87 68 89 30 53 95 75 96 49 28 51 38 62 10 56 50 75 25 86 83 24 40 79 91 90 41 31 0 60 96 92 73 33 19 89 95 58 60 28 34 79 82 36 38 15 36 83 20 58 96 88 29 77 85 41 98 15 71 97 31 55 93 59 43 67 85 48 56 81 13
75 47 85 35 67 79 26 80 82 62 56 72 25 78 98 16 27 18 72 38 29 30 20 39 14 46 43 97 53 67 65 95 79 73 49 63 94 62 83 12 43 68 63 89 99 82 38 22 71 74 87 91 86 47 50 52 42 85 87 12 32 74 45 75 78 77 27 30 30 52 28 69 85 13 93 30 66 18 15 73 51 23 27 58 26 56 16 40 88 27 35 60 60 0 49 36 14 59 23 47 36 80 41 94 31 84 49 22 48 96 54 48 87 40 17 60 66 42 92 79 29 62 49 93 52 66 31 56 77 92 93 44 63 88 21
97 57 54 74 40 56 79 70 35 70 26 95 47 91 73 69 94 52 99 40 83 73 23 88 43 27 41 84 44 72 82 44 48 42 65 34 98 80 43 86 42 44 46 19 59 86 55 49 21 82 21 38 88 51 87 75 56 52 99 36 17 69 45 46 36 80 16 82 23 37 93 80 92 45 30 19 79 88 69 80 63 64 29 75 79 40 86 51 78 32 37 76 96 49 0 80 14 77 74 41 47 20 13 12 10 58 39 81 36 37 85 27 51 99 23 60 56 60 22 78 87 43 38 67 71 48 46 18 86 85 67 44 72 18 48
23 27 77 75 56 96 50 15 27 10 22 59 64 71 12 20 33 66 45 42 98 52 38 30 20 97 48 32 45 64 56 58 68 57 25 89 63 93 18 68 91 72 26 83 16 23 32 45 93 66 14 33 61 11 96 95 25 61 47 69 36 70 20 94 86 29 46 22 44 82 77 74 34 66 49 59 60 31 84 12 12 42 27 17 51 11 69 68 56 25 18 76 92 36 80 0 89 88 95 60 29 62 60 46 71 61 50 21 85 24 35 51 95 89 89 75 90 40 59 44 53 46 78 30 88 64 57 79 52 74 79 43 58 32 78
96 12 72 52 28 18 61 63 71 82 67 62 62 48 84 40 72 78 55 63 76 24 46 60 48 57 73 78 32 52 53 92 19 74 14 15 46 60 21 67 52 24 44 42 84 34 68 64 28 96 17 80 93 59 55 11 12 11 14 14 84 37 96 24 69 25 89 26 10 50 95 95 30 64 62 68 70 17 91 70 82 52 78 14 81 63 17 66 40 96 10 82 73 14 14 89 0 28 48 83 75 79 98 28 58 45 15 30 32 10 75 28 97 99 42 96 97 93 21 50 10 55 83 33 26 81 87 25 71 28 72 12 52 80 24
67 94 88 53 59 33 92 67 78 37 45 17 12 37 56 99 60 32 81 55 47 57 34 32 39 35 21 46 12 62 16 42 23 84 79 50 87 59 27 53 60 65 82 77 31 47 84 98 79 35 56 26 71 81 66 31 90 25 19 28 79 16 16 47 69 32 43 35 91 95 33 32 63 36 47 88 11 11 29 15 10 13 35 41 58 64 71 88 52 17 23 53 33 59 77 88 28 0 48 55 68 48 21 23 29 93 22 19 96 99 91 41 37 13 33 95 38 33 49 93 48 58 87 28 35 19 76 83 86 65 92 45 62 82 63
60 74 61 25 24 46 88 42 92 35 30 77 57 94 16 59 45 92 84 71 35 27 26 51 60 76 83 72 72 59 94 10 93 96 64 56 54 49 47 37 32 38 36 38 34 95 13 78 28 94 13 10 45 76 21 45 23 18 39 75 36 73 56 87 59 21 15 94 94 65 10 73 99 16 16 22 16 20 20 63 86 79 27 47 38 26 72 48 23 16 40 14 19 23 74 95 48 48 0 61 74 41 29 23 22 46 89 70 54 65 25 94 26 69 90 42 86 66 68 92 86 32 56 20 65 48 63 77 59 24 99 91 28 78 46
49 14 18 95 58 83 87 34 66 40 96 71 25 57 76 65 91 56 19 34 74 28 22 95 48 77 87 54 48 32 54 99 49 43 17 92 84 90 50 39 77 64 89 74 38 45 11 89 11 74 81 79 25 50 21 77 69 13 59 32 18 79 75 51 47 41 59 45 60 61 44 12 18 43 99 76 88 27 39 89 69 17 65 17 14 90 92 23 10 53 40 50 89 47 41 60 83 55 61 0 15 92 55 46 86 70 19 59 46 29 78 99 73 86 44 79 88 15 53 30 46 55 62 40 37 62 52 93 15 80 42 72 58 67 35
24 49 18 82 73 46 74 45 53 29 96 30 83 81 67 80 89 65 37 35 12 19 87 97 14 40 27 43 32 49 87 79 80 57 80 66 99 94 13 12 77 68 73 88 81 89 62 92 68 55 77 58 18 38 65 62 56 27 32 32 44 91 38 47 55 82 59 75 67 48 65 85 52 83 65 47 61 80 18 82 26 44 76 86 35 46 38 47 81 48 84 96 95 36 47 29 75 68 74 15 0 23 77 36 37 68 82 81 20 78 22 27 15 54 20 91 91 41 68 27 34 82 14 88 10 56 75 30 44 22 40 27 89 46 97
26 50 77 85 32 38 56 18 46 63 70 45 54 75 76 98 85 35 68 60 14 28 87 40 44 91 68 22 13 79 43 10 14 83 20 55 81 13 67 40 26 23 29 99 54 59 80 78 98 89 25 90 35 58 83 19 22 82 59 82 60 46 81 99 68 65 94 32 81 74 47 66 73 73 77 91 56 22 97 29 78 44 68 99 24 38 70 86 45 84 63 88 58 80 20 62 79 48 41 92 23 0 36 94 94 93 63 37 14 32 85 64 68 78 71 71 18 35 15 22 37 12 41 25 59 81 39 77 55 75 95 77 25 53 98
85 98 96 72 43 65 99 78 97 94 96 43 36 99 67 52 15 33 16 13 98 91 94 71 37 96 31 74 19 59 33 57 41 17 79 85 47 97 26 52 92 89 88 82 38 51 39 12 82 82 20 14 37 61 42 68 34 81 40 10 70 50 18 77 37 31 96 99 99 10 17 56 51 16 70 12 23 50 96 26 73 39 42 31 75 88 11 19 34 48 14 52 60 41 13 60 98 21 29 55 77 36 0 20 75 34 31 92 11 10 11 41 63 89 85 42 39 40 39 75 55 31 38 65 91 15 90 58 15 85 18 40 38 37 51
88 63 81 57 78 92 71 47 16 85 38 16 42 89 99 10 85 70 24 57 48 22 67 59 11 67 58 96 85 35 73 17 85 30 27 99 81 90 33 83 50 10 96 34 41 49 11 19 95 83 50 39 51 47 94 71 45 33 48 69 30 47 71 19 55 78 81 26 48 38 45 66 93 27 13 32 21 81 89 53 67 37 23 26 91 73 15 39 62 62 14 58 28 94 12 46 28 23 23 46 36 94 20 0 54 54 78 85 94 81 23 85 68 95 93 26 84 16 31 29 59 90 57 90 45 61 13 70 31 53 20 91 84 99 24
42 89 63 77 84 32 12 97 29 13 72 18 76 44 44 64 28 70 25 95 19 40 96 29 80 22 20 89 34 88 78 72 63 74 10 34 39 33 81 10 69 13 15 41 60 52 83 17 93 65 45 80 15 56 87 64 41 38 32 14 86 64 75 95 45 67 14 72 93 19 96 34 83 90 18 16 85 58 30 31 12 20 66 42 22 96 70 41 17 27 44 81 34 31 10 71 58 29 22 86 37 94 75 54 0 73 69 75 50 63 74 51 54 88 49 68 21 67 85 32 56 57 42 15 89 90 30 59 58 87 17 94 21 13 57
29 79 60 50 27 40 69 95 33 36 50 27 76 14 34 79 37 37 90 56 23 71 98 47 24 73 20 56 44 36 49 15 77 93 76 17 58 29 88 52 33 98 18 75 59 18 28 81 86 38 24 89 48 59 97 18 61 55 47 29 70 44 49 42 89 44 83 30 81 31 18 22 19 91 99 92 45 53 80 36 67 91 47 84 37 68 63 53 12 30 26 94 79 84 58 61 45 93 46 70 68 93 34 54 73 0 13 18 38 29 26 85 89 93 57 47 47 78 52 30 46 61 84 92 45 77 53 45 99 27 36 92 86 61 40
91 77 66 33 81 61 60 43 82 47 85 13 11 87 50 24 90 70 83 28 76 31 43 46 99 25 69 95 89 88 35 52 42 30 55 47 63 42 86 57 53 60 16 54 83 20 19 48 35 96 90 41 68 10 79 34 39 21 42 30 55 19 33 39 13 30 70 41 89 84 10 95 51 45 38 19 81 24 32 23 51 41 25 98 66 53 43 71 41 71 57 81 82 49 39 50 15 22 89 19 82 63 31 78 69 13 0 84 99 41 75 47 18 75 94 35 68 11 58 62 69 70 83 20 47 96 40 42 55 91 22 27 27 26 23
41 19 14 56 81 69 26 20 47 95 16 59 47 54 13 24 37 21 71 36 58 90 15 86 71 60 83 11 78 83 37 89 75 65 63 24 26 79 85 34 26 31 34 68 55 72 53 93 75 29 49 57 98 67 52 90 84 37 96 41 60 68 88 47 28 61 91 30 42 95 64 74 57 37 15 63 88 46 18 87 58 67 68 55 86 11 10 87 48 61 40 90 36 22 81 21 30 19 70 59 81 37 92 85 75 18 84 0 64 26 75 93 30 20 49 84 20 26 41 51 68 80 87 88 48 56 62 81 28 54 55 97 56 53 20
19 12 85 92 43 14 71 50 19 78 82 76 14 63 49 60 36 29 44 41 12 56 78 16 60 31 33 84 91 76 10 84 61 63 78 42 24 39 81 70 31 56 99 49 22 81 16 28 44 36 97 22 76 45 97 99 30 12 26 71 35 98 56 72 55 93 13 61 47 40 78 47 98 77 25 23 14 66 21 50 16 47 68 78 23 69 50 73 72 79 98 29 38 48 36 85 32 96 54 46 20 14 11 94 50 38 99 64 0 24 60 65 84 19 72 27 51 29 62 76 24 95 39 41 53 94 95 48 21 45 47 89 71 13 81
63 95 86 84 31 62 12 99 75 77 48 92 68 55 53 69 25 51 54 86 66 34 57 96 51 62 28 42 70 88 15 84 94 27 96 24 42 92 26 38 28 67 66 87 28 94 10 71 98 10 60 21 69 81 78 90 55 64 76 35 89 43 73 74 90 33 98 35 66 15 50 59 51 55 14 23 83 66 29 23 74 54 75 44 42 63 50 72 18 77 87 78 15 96 37 24 10 99 65 29 78 32 10 81 63 29 41 26 24 0 47 25 84 46 82 62 28 67 40 20 83 42 95 59 13 90 91 93 20 76 23 11 80 29 68
78 62 21 49 34 32 67 90 58 77 78 21 63 89 18 72 77 78 29 45 23 10 84 14 38 64 13 46 38 80 12 88 22 31 59 67 26 97 50 55 93 70 56 13 96 61 11 34 98 63 71 25 72 39 71 89 29 28 56 41 59 35 10 74 43 54 49 14 75 76 99 41 24 89 59 42 92 73 55 17 73 26 92 84 28 52 60 59 10 71 11 90 36 54 85 35 75 91 25 78 22 85 11 23 74 26 75 75 60 47 0 65 61 82 42 71 54 78 62 65 59 55 42 40 74 10 66 44 59 85 49 84 27 73 24
66 90 81 67 85 21 45 50 97 73 61 54 81 84 35 33 51 35 76 73 90 69 95 21 94 99 49 66 71 67 78 40 96 62 90 31 32 21 27 94 95 49 98 68 75 25 46 63 33 46 63 71 21 52 93 29 75 41 95 64 82 10 96 96 76 42 41 14 16 82 85 81 80 58 14 42 79 13 44 25 25 74 31 12 11 99 17 52 76 59 23 98 83 48 27 51 28 41 94 99 27 64 41 85 51 85 47 93 65 25 65 0 84 31 33 84 68 46 47 83 91 82 81 81 97 29 88 94 94 58 83 38 37 41 11
83 40 99 32 36 10 76 16 97 90 18 95 11 21 54 54 21 48 23 84 39 54 63 60 12 85 93 10 86 44 53 59 90 64 35 75 66 18 92 72 89 25 36 49 91 18 55 61 38 22 41 73 44 12 12 93 35 52 36 38 23 89 97 20 19 45 43 48 64 94 88 80 27 44 96 93 50 12 70 64 39 23 18 82 57 54 47 21 25 89 98 69 20 87 51 95 97 37 26 73 15 68 63 68 54 89 18 30 84 84 61 84 0 80 60 90 39 89 39 33 23 45 47 40 87 81 79 59 41 37 25 81 15 67 24
90 97 70 72 94 78 90 21 21 37 65 30 71 39 27 11 32 41 57 40 24 60 25 79 81 17 90 23 40 94 21 44 41 19 48 60 41 43 48 35 86 57 41 33 61 65 53 24 57 31 45 92 31 95 55 17 96 32 72 47 99 24 92 70 52 11 27 24 64 24 27 81 92 85 42 58 43 68 49 61 73 33 21 20 50 91 84 29 33 85 97 33 58 40 99 89 99 13 69 86 54 78 89 95 88 93 75 20 19 46 82 31 80 0 57 65 59 93 28 36 91 68 53 93 88 65 50 94 70 90 40 18 17 93 71
93 65 75 66 97 79 49 56 29 15 76 62 73 41 94 58 74 70 49 97 52 78 47 80 94 33 28 45 34 76 17 95 56 20 76 28 23 19 54 18 18 18 95 74 32 97 87 56 74 40 11 11 30 47 39 57 90 98 58 10 11 33 55 36 36 37 24 85 50 44 97 60 72 87 92 28 46 83 56 75 67 81 23 83 92 84 63 53 38 22 77 39 96 17 23 89 42 33 90 44 20 71 85 93 49 57 94 49 72 82 42 33 60 57 0 70 16 23 83 61 84 66 26 66 16 30 53 92 19 12 38 51 69 73 38
30 76 47 21 90 71 34 52 41 43 80 44 77 48 69 21 86 81 14 50 31 30 56 65 74 87 57 29 31 50 83 43 66 50 36 36 33 16 34 42 25 35 32 42 31 65 93 60 52 98 32 37 19 29 18 25 68 27 71 37 76 56 81 75 10 45 95 85 92 43 53 31 38 60 91 43 86 55 27 67 26 33 22 94 50 82 30 17 82 16 60 64 88 60 60 75 96 95 42 79 91 71 42 26 68 47 35 84 27 62 71 84 90 65 70 0 48 14 24 77 95 43 35 37 10 63 30 92 32 80 68 44 69 51 28
52 59 50 76 43 49 78 75 60 88 98 46 46 16 86 10 64 78 42 65 10 97 42 50 28 70 77 52 53 97 55 49 56 65 35 58 83 71 56 91 54 57 24 32 78 61 41 18 36 72 25 37 45 49 97 91 83 55 47 84 54 20 44 95 13 36 41 68 77 79 39 69 79 86 10 59 42 55 16 75 13 69 99 97 64 65 82 22 92 99 74 82 29 66 56 90 97 38 86 88 91 18 39 84 21 47 68 20 51 28 54 68 39 59 16 48 0 79 81 24 92 79 82 94 52 86 21 29 22 21 33 96 66 39 32
90 45 84 32 40 96 37 49 69 63 80 70 16 84 87 96 84 16 52 41 37 90 83 19 60 42 32 50 29 72 84 82 12 24 33 33 78 81 61 95 93 56 38 99 92 76 12 28 32 49 57 42 94 66 72 61 23 25 88 28 46 52 60 39 39 43 66 18 22 69 82 52 30 30 43 47 31 14 59 23 37 86 82 98 88 73 93 69 12 43 42 88 77 42 60 40 93 33 66 15 41 35 40 16 67 78 11 26 29 67 78 46 89 93 23 14 79 0 39 47 87 20 13 27 99 44 70 90 34 49 73 52 53 44 19
36 28 74 13 17 48 23 21 92 46 71 59 46 11 81 76 69 80 98 36 26 60 36 73 99 67 50 76 21 13 38 72 13 81 16 17 36 74 68 52 18 83 58 78 83 95 11 65 65 13 98 99 20 89 45 38 41 61 95 46 35 28 14 59 15 12 77 62 69 84 75 15 36 12 74 47 73 79 97 51 80 58 17 97 25 32 99 63 35 87 19 72 85 92 22 59 21 49 68 53 68 15 39 31 85 52 58 41 62 40 62 47 39 28 83 24 81 39 0 55 63 10 71 71 35 96 51 32 77 70 18 75 78 85 76
10 26 40 71 73 99 53 94 96 76 57 40 55 34 60 61 24 11 76 46 15 61 40 92 33 96 88 82 66 25 25 87 27 22 88 74 90 34 45 52 80 41 12 58 55 13 89 10 41 57 48 45 36 54 36 59 46 37 49 70 81 55 65 12 18 63 73 20 95 59 78 46 99 40 92 71 13 82 31 11 30 86 78 41 91 37 43 37 39 87 46 18 41 79 78 44 50 93 92 30 27 22 75 29 32 30 62 51 76 20 65 83 33 36 61 77 24 47 55 0 60 86 38 91 41 83 29 53 39 39 36 72 31 44 67
40 81 43 43 56 20 50 56 69 64 29 74 78 14 72 97 91 72 82 42 41 68 50 70 39 93 61 41 47 44 22 39 77 47 79 50 99 31 15 17 61 56 11 44 24 43 40 83 44 95 69 63 81 34 51 46 43 26 26 40 41 56 38 17 52 17 61 28 12 69 25 23 35 40 92 41 89 61 56 97 63 95 29 18 93 34 22 53 34 85 11 43 98 29 87 53 10 48 86 46 34 37 55 59 56 46 69 68 24 83 59 91 23 91 84 95 92 87 63 60 0 92 32 83 22 71 37 14 18 79 65 67 52 41 21
52 19 77 59 37 35 70 85 74 51 39 61 74 15 43 77 67 46 67 61 50 46 47 51 10 30 27 80 52 45 79 68 82 87 47 33 40 15 83 45 69 23 80 45 86 59 46 85 54 23 94 33 45 86 90 24 38 60 30 57 37 69 71 86 39 59 86 86 15 77 50 53 90 77 89 31 48 50 98 23 90 30 52 50 84 35 91 85 83 90 89 70 15 62 43 46 55 58 32 55 82 12 31 90 57 61 70 80 95 42 55 82 45 68 66 43 79 20 10 86 92 0 63 27 56 80 37 37 85 26 96 93 93 53 59
20 64 80 16 81 72 84 55 81 45 71 46 50 35 54 79 11 94 60 74 27 31 72 96 62 86 12 10 98 21 64 63 26 87 49 33 82 99 35 91 33 72 60 83 62 97 42 61 10 33 17 83 93 85 61 83 17 50 14 55 92 73 19 18 78 54 82 14 38 19 64 55 51 27 69 49 84 56 40 81 83 56 12 91 17 58 98 73 38 25 52 23 71 49 38 78 83 87 56 62 14 41 38 57 42 84 83 87 39 95 42 81 47 53 26 35 82 13 71 38 32 63 0 65 38 56 56 68 74 29 65 37 33 17 42
74 26 95 20 90 19 80 54 35 95 58 71 75 33 80 54 50 76 47 54 53 51 64 33 29 85 48 92 24 20 83 67 43 18 38 52 36 71 19 24 48 36 95 25 72 37 43 40 51 99 40 76 88 89 14 15 16 88 88 44 20 34 53 81 85 40 82 82 90 82 20 25 34 37 93 50 34 81 40 84 51 62 27 52 65 50 15 18 95 80 73 34 97 93 67 30 33 28 20 40 88 25 65 90 15 92 20 88 41 59 40 81 40 93 66 37 94 27 71 91 83 27 65 0 13 69 55 77 39 27 53 85 92 56 85
16 89 35 75 15 24 10 82 72 21 56 16 83 82 37 88 68 85 88 68 46 26 93 69 68 82 31 89 20 52 89 65 36 79 53 10 40 52 65 69 49 20 14 60 95 91 77 10 82 73 14 94 74 90 61 72 14 42 86 37 16 51 62 48 43 43 42 72 90 26 63 87 83 21 94 68 61 43 54 78 35 68 34 59 34 61 48 93 49 82 82 48 31 52 71 88 26 35 65 37 10 59 91 45 89 45 47 48 53 13 74 97 87 88 16 10 52 99 35 41 22 56 38 13 0 92 37 92 40 82 76 68 43 52 97
52 59 23 81 35 96 69 91 23 71 11 44 18 79 92 61 10 41 92 91 90 65 16 48 93 75 55 74 65 23 16 77 74 87 85 57 16 50 17 43 32 21 28 58 16 85 27 69 45 31 72 12 18 57 29 45 61 49 28 16 37 21 81 88 54 99 69 65 72 61 64 77 69 91 22 18 66 92 66 67 24 46 92 91 83 14 52 64 74 42 49 21 55 66 48 64 81 19 48 62 56 81 15 61 90 77 96 56 94 90 10 29 81 65 30 63 86 44 96 83 71 80 56 69 92 0 48 81 73 28 34 71 99 23 17
70 20 88 75 73 20 50 18 60 19 95 98 84 46 68 80 24 95 26 62 77 75 14 98 99 80 21 77 73 48 94 69 31 84 47 91 64 91 97 88 61 13 83 53 69 89 19 12 62 64 48 41 41 27 69 27 98 11 34 82 58 62 50 52 17 20 44 12 66 11 73 76 38 57 47 84 72 39 15 47 80 86 14 20 64 80 81 36 48 43 56 78 93 31 46 57 87 76 63 52 75 39 90 13 30 53 40 62 95 91 66 88 79 50 53 30 21 70 51 29 37 37 56 55 37 48 0 95 39 74 17 37 40 16 28
57 13 39 49 65 94 12 24 70 87 56 22 27 23 13 21 36 72 82 83 47 93 94 63 98 16 72 34 13 83 62 62 94 37 44 86 75 24 63 30 58 26 38 69 19 47 76 91 34 86 27 71 74 19 42 84 25 50 68 28 39 40 57 71 74 37 80 74 93 46 54 20 34 79 52 66 59 35 57 51 27 47 46 16 50 38 98 25 94 39 75 13 59 56 18 79 25 83 77 93 30 77 58 70 59 45 42 81 48 93 44 94 59 94 92 92 29 90 32 53 14 37 68 77 92 81 95 0 19 39 34 92 26 29 90
93 98 27 63 22 85 29 19 81 82 71 11 36 41 63 87 92 71 26 46 78 79 22 43 29 94 47 94 43 63 34 38 26 21 11 47 26 28 57 85 74 33 82 64 62 80 75 19 91 31 37 10 38 25 19 54 42 94 69 42 37 96 81 26 64 43 42 31 74 31 25 62 53 76 37 23 86 69 36 71 25 83 21 12 18 98 45 27 25 67 64 23 43 77 86 52 71 86 59 15 44 55 15 31 58 99 55 28 21 20 59 94 41 70 19 32 22 34 77 39 18 85 74 39 40 73 39 19 0 69 67 32 19 98 56
25 47 30 54 48 16 73 79 77 50 52 56 29 20 35 83 49 21 33 64 57 99 26 58 95 74 44 51 82 20 64 25 67 13 26 10 93 85 75 97 21 42 86 25 85 21 99 92 18 27 25 77 31 74 70 11 92 78 39 67 97 51 62 30 34 69 66 30 76 78 61 18 39 99 39 82 41 64 97 84 81 15 42 37 89 81 95 98 29 94 31 96 67 92 85 74 28 65 24 80 22 75 85 53 87 27 91 54 45 76 85 58 37 90 12 80 21 49 70 39 79 26 29 27 82 28 74 39 69 0 55 11 81 45 83
45 64 66 90 66 85 94 17 16 34 77 27 59 96 52 99 15 64 27 16 32 31 34 92 31 28 75 44 73 85 11 48 24 25 93 68 38 29 34 68 77 89 89 34 99 89 11 30 50 85 35 26 14 91 12 92 47 43 49 95 53 81 33 43 26 73 11 36 32 48 32 80 25 78 67 22 19 30 93 24 88 56 83 42 43 77 65 47 53 83 13 89 85 93 67 79 72 92 99 42 40 95 18 20 17 36 22 55 47 23 49 83 25 40 38 68 33 73 18 36 65 96 65 53 76 34 17 34 67 55 0 62 42 88 12
96 49 57 21 14 63 74 58 78 63 91 40 47 74 87 39 60 50 61 96 53 66 56 22 37 28 85 19 33 90 75 47 42 98 74 23 60 51 35 47 31 37 61 47 34 10 64 31 14 48 31 80 97 81 37 48 92 83 33 53 75 14 42 33 10 84 28 56 29 15 33 77 48 53 84 43 35 62 56 40 83 30 19 33 28 95 89 26 66 18 91 97 48 44 44 43 12 45 91 72 27 77 40 91 94 92 27 97 89 11 84 38 81 18 51 44 96 52 75 72 67 93 37 85 68 71 37 92 32 11 62 0 85 97 38
41 99 46 17 66 52 67 65 42 25 64 97 91 56 88 57 61 59 15 50 55 20 20 46 86 75 57 43 72 29 45 54 40 83 73 75 75 46 53 87 64 63 21 70 10 73 60 94 39 89 53 36 28 70 99 27 55 40 87 36 52 58 12 62 29 51 63 30 94 25 68 10 28 54 30 83 26 73 95 99 64 54 79 86 34 57 96 53 32 68 33 91 56 63 72 58 52 62 28 58 89 25 38 84 21 86 27 56 71 80 27 37 15 17 69 69 66 53 78 31 52 93 33 92 43 99 40 26 19 81 42 85 0 61 56
71 98 39 69 54 75 32 34 28 56 34 50 51 68 44 38 54 75 28 36 31 48 39 37 57 28 59 78 82 42 34 87 43 43 53 16 33 23 11 82 73 29 15 73 50 85 29 13 75 10 75 99 51 60 63 96 90 75 70 56 87 38 76 56 46 77 87 47 17 46 68 96 55 92 38 39 55 26 88 84 85 97 51 40 47 69 57 46 96 38 36 60 81 88 18 32 80 82 78 67 46 53 37 99 13 61 26 53 13 29 73 41 67 93 73 51 39 44 85 44 41 53 17 56 52 23 16 29 98 45 88 97 61 0 10
10 59 73 70 53 81 28 34 70 44 20 79 49 69 49 75 50 27 35 77 36 92 80 55 15 47 92 28 14 47 30 42 39 90 96 43 96 97 90 27 63 52 52 43 92 22 70 38 15 98 41 85 63 64 22 20 87 37 74 54 23 99 44 43 96 74 78 78 26 40 71 56 15 80 77 90 82 81 81 40 46 42 37 38 83 21 28 54 31 13 29 52 13 21 48 78 24 63 46 35 97 98 51 24 57 40 23 20 81 68 24 11 24 71 38 28 32 19 76 67 21 59 42 85 97 17 28 90 56 83 12 38 56 10 0