100
0 94 61 82 16 35 56 95 92 72 59 11 77 10 41 45 86 95 18 18 90 23 33 23 74 42 78 43 23 42 21 57 94 41 93 16 26 26 57 98 96 77 36 40 86 32 54 31 96 76 91 20 78 94 37 84 57 29 18 37 99 43 27 31 16 56 41 98 28 21 85 46 30 23 57 36 38 58 32 95 35 91 33 21 26 30 38 35 25 59 12 27 19 38 15 12 32 57 91 98
94 0 54 47 38 49 32 93 84 81 61 99 66 37 57 41 30 13 30 30 20 44 80 46 43 37 96 77 15 69 72 53 80 39 59 17 72 13 18 71 26 55 35 54 98 33 16 73 45 43 50 30 95 86 14 94 73 63 53 70 49 22 61 99 82 60 80 38 12 31 32 95 66 60 62 81 43 79 25 37 56 44 69 16 55 90 68 51 47 64 60 27 47 65 28 92 59 61 44 59
61 54 0 10 19 47 32 23 32 18 73 44 90 85 63 66 30 95 40 95 63 38 52 77 66 31 36 36 52 54 59 72 72 77 76 66 17 90 80 33 76 95 41 21 58 14 55 34 59 43 97 62 70 54 73 61 22 57 83 33 27 48 64 33 36 51 86 35 47 91 97 49 36 19 86 71 98 67 20 39 46 54 17 46 11 19 82 39 68 50 33 76 50 64 57 10 95 49 84 45
82 47 10 0 80 29 58 14 82 10 50 74 76 24 36 94 18 39 97 39 58 22 68 79 12 60 25 56 89 99 59 17 32 88 78 88 63 87 52 45 86 45 26 48 63 90 16 90 66 73 64 61 71 34 23 38 19 14 10 36 59 42 58 94 86 56 12 52 63 70 89 31 20 33 94 45 80 83 95 71 72 45 26 58 66 10 75 13 43 50 12 68 50 86 24 79 87 87 44 85
16 38 19 80 0 20 91 81 93 14 94 22 90 72 39 69 10 24 39 72 22 13 90 78 50 36 44 18 68 27 26 59 72 31 57 16 76 85 63 31 38 17 84 59 68 79 47 95 31 38 84 89 28 62 26 99 75 58 65 47 37 25 75 72 59 21 37 74 51 26 72 97 73 28 83 35 53 67 36 21 11 78 28 77 72 60 45 69 83 57 24 51 72 11 16 23 34 80 69 31
35 49 47 29 20 0 26 87 91 50 25 21 65 21 59 44 88 73 93 26 37 30 13 98 32 97 94 15 47 46 58 85 73 53 65 58 70 98 71 29 23 47 39 93 61 93 21 44 22 27 15 48 23 68 60 94 31 75 87 65 22 87 15 37 27 44 73 87 71 31 11 14 37 77 30 36 64 65 89 46 10 85 64 47 45 62 55 13 79 44 91 67 91 31 76 27 64 58 38 71
56 32 32 58 91 26 0 70 97 98 60 77 76 49 43 87 66 46 78 64 42 74 67 94 92 58 80 86 18 75 37 12 76 14 85 55 59 13 77 32 39 58 28 65 45 12 54 73 88 56 10 78 92 67 11 48 80 82 35 92 46 13 92 38 52 67 13 97 84 24 83 25 67 88 51 61 35 21 59 48 48 86 77 94 67 62 65 51 22 30 29 85 35 36 31 61 56 30 66 26
95 93 23 14 81 87 70 0 76 51 82 77 54 20 26 67 76 23 93 68 11 29 38 83 40 23 63 98 74 17 48 22 69 58 51 74 52 53 57 89 70 83 71 36 15 12 63 13 65 54 85 16 40 10 89 79 83 53 90 53 27 67 25 83 14 66 22 36 98 49 82 11 40 22 79 19 95 97 83 84 37 70 95 44 22 43 37 99 14 62 25 64 88 36 48 85 75 45 35 10
92 84 32 82 93 91 97 76 0 34 73 49 62 99 85 39 97 88 94 14 50 18 64 71 64 32 21 28 37 54 28 69 96 48 84 78 61 26 55 76 93 82 99 86 89 46 18 34 72 21 40 43 57 30 32 64 60 71 56 81 11 29 62 77 94 83 20 17 10 90 30 99 40 31 58 13 25 21 23 37 61 31 82 17 18 70 60 36 12 29 54 12 52 92 16 20 19 83 20 56
72 81 18 10 14 50 98 51 34 0 83 25 40 27 32 13 73 62 90 98 81 29 29 55 83 44 50 14 98 45 22 34 63 90 67 85 31 66 96 68 16 97 83 20 81 15 83 63 34 24 35 26 97 41 10 55 90 33 20 61 51 37 35 93 94 29 28 16 44 52 33 50 19 14 17 87 63 37 76 79 46 58 26 28 24 97 24 60 82 54 83 91 34 68 71 73 70 86 40 96
59 61 73 50 94 25 60 82 73 83 0 80 30 88 45 12 95 67 95 52 65 30 64 48 43 85 18 81 62 99 42 95 27 97 62 39 69 45 20 10 26 83 48 99 40 36 86 57 13 88 54 10 26 15 43 24 59 15 36 76 63 68 95 14 35 71 54 16 53 93 72 88 80 51 86 83 33 67 79 27 53 47 23 95 73 11 30 48 69 52 79 84 86 77 44 25 56 48 38 38
11 99 44 74 22 21 77 77 49 25 80 0 61 42 83 65 78 37 48 26 11 87 15 48 33 62 17 57 25 22 21 49 22 21 43 26 41 51 97 71 89 64 90 40 61 32 70 12 60 16 36 61 22 92 20 11 93 32 13 72 96 12 36 63 73 89 81 80 57 63 54 78 71 70 36 64 88 86 82 90 74 91 70 42 13 84 26 65 62 56 95 60 81 70 78 55 35 64 22 56
77 66 90 76 90 65 76 54 62 40 30 61 0 29 27 33 92 45 84 99 63 74 45 96 26 28 37 42 34 40 52 60 62 10 36 63 20 35 97 16 74 24 22 27 79 18 41 12 86 31 72 60 66 12 43 99 29 46 80 89 32 50 24 51 71 31 93 15 29 55 81 43 26 30 49 23 42 53 66 93 47 69 79 70 45 25 25 25 79 54 62 98 39 37 15 49 92 28 33 51
10 37 85 24 72 21 49 20 99 27 88 42 29 0 49 62 96 14 72 69 65 51 71 26 27 45 80 93 32 24 21 50 59 23 37 20 92 59 26 68 80 94 98 16 40 30 76 42 18 48 58 17 73 21 36 69 22 11 16 70 41 21 39 41 40 66 97 21 77 21 80 59 71 79 67 79 64 99 29 97 38 47 86 39 61 22 98 47 64 67 15 17 63 85 91 24 86 12 28 49
41 57 63 36 39 59 43 26 85 32 45 83 27 49 0 44 30 11 71 78 28 96 42 40 21 52 79 16 66 42 13 52 63 16 90 91 77 18 48 76 17 41 16 48 31 70 99 51 87 92 20 82 34 64 58 68 86 63 40 76 33 84 94 18 87 50 66 48 93 62 88 23 97 91 41 62 50 28 36 54 72 47 79 94 43 89 86 94 44 73 90 60 33 20 28 97 41 73 50 43
45 41 66 94 69 44 87 67 39 13 12 65 33 62 44 0 52 96 33 83 34 92 22 52 57 38 73 26 23 86 81 75 57 12 64 61 32 91 70 89 25 36 82 70 17 61 68 25 67 53 89 35 57 10 66 56 93 97 68 99 41 13 65 20 75 51 49 95 80 44 27 84 86 49 14 77 64 15 69 62 50 78 99 88 93 80 71 45 92 70 23 96 12 23 95 40 29 10 26 23
86 30 30 18 10 88 66 76 97 73 95 78 92 96 30 52 0 51 30 75 25 96 64 94 69 23 85 18 87 55 15 78 24 22 73 60 19 25 77 59 26 76 90 57 42 19 15 18 76 50 46 16 81 75 17 44 79 14 18 50 25 10 46 83 76 14 84 97 44 83 18 68 81 74 25 27 70 53 79 35 26 77 52 36 21 45 79 76 35 70 65 21 21 54 59 39 21 77 79 65
95 13 95 39 24 73 46 23 88 62 67 37 45 14 11 96 51 0 56 14 43 75 10 96 61 24 44 47 76 74 38 42 42 37 81 69 14 36 48 47 98 56 61 76 65 19 18 98 55 30 80 20 88 91 53 59 76 74 93 10 78 85 20 94 77 39 60 47 67 47 33 54 74 91 61 96 36 77 77 67 81 18 11 42 76 35 69 78 12 12 66 55 23 43 24 94 83 55 82 32
18 30 40 97 39 93 78 93 94 90 95 48 84 72 71 33 30 56 0 44 28 63 91 84 31 31 26 49 68 72 22 14 49 19 80 25 59 90 74 68 23 42 43 40 35 96 23 54 53 83 13 78 41 82 38 72 32 33 78 45 40 30 74 48 15 15 13 28 45 69 72 53 43 58 44 52 24 84 84 36 95 46 18 63 81 72 71 42 32 80 57 89 59 79 36 33 41 87 68 61
18 30 95 39 72 26 64 68 14 98 52 26 99 69 78 83 75 14 44 0 83 27 10 32 80 57 48 72 17 23 91 74 11 23 65 56 38 28 99 79 45 37 59 47 79 40 31 29 84 21 58 12 66 33 51 43 46 35 99 33 79 54 25 91 13 41 20 84 99 82 35 79 84 13 29 75 61 67 37 96 91 46 38 29 91 47 53 64 53 47 69 67 30 77 96 86 36 30 15 79
90 20 63 58 22 37 42 11 50 81 65 11 63 65 28 34 25 43 28 83 0 34 52 35 35 35 35 10 48 25 63 17 53 98 41 88 42 69 24 74 12 95 69 39 75 72 55 98 91 83 44 52 31 84 44 15 29 78 21 16 96 62 82 11 92 14 84 41 71 80 96 82 47 84 73 58 23 13 51 40 11 13 65 74 44 71 47 90 55 21 58 25 43 11 69 51 29 66 20 51
23 44 38 22 13 30 74 29 18 29 30 87 74 51 96 92 96 75 63 27 34 0 53 68 40 59 81 14 88 86 85 74 98 10 68 80 25 28 67 61 12 13 98 23 76 60 15 45 11 18 12 87 79 58 13 45 99 22 25 42 29 52 54 53 55 91 79 78 99 24 71 93 39 83 88 65 24 60 12 32 64 16 47 52 10 98 44 69 39 77 12 72 61 72 14 18 46 74 35 45
33 80 52 68 90 13 67 38 64 29 64 15 45 71 42 22 64 10 91 10 52 53 0 35 11 46 50 72 22 41 82 97 86 54 68 39 45 63 33 35 45 27 69 85 61 92 87 80 10 23 76 42 72 70 35 17 79 55 21 16 52 34 37 79 37 33 74 45 62 63 96 43 69 51 50 39 80 62 56 81 64 30 26 83 52 31 50 96 93 44 84 89 65 41 39 67 14 17 59 11
23 46 77 79 78 98 94 83 71 55 48 48 96 26 40 52 94 96 84 32 35 68 35 0 93 26 63 21 11 61 74 60 62 24 13 76 49 80 67 83 73 83 15 71 43 50 65 36 88 37 96 35 76 18 69 20 40 77 37 59 81 93 53 72 42 96 52 11 50 31 33 39 50 41 99 90 38 62 66 52 63 15 29 46 93 84 20 91 97 47 42 10 99 90 81 35 16 47 38 50
74 43 66 12 50 32 92 40 64 83 43 33 26 27 21 57 69 61 31 80 35 40 11 93 0 14 47 57 26 51 25 94 12 15 15 50 97 63 78 38 38 93 65 41 97 59 13 97 23 55 17 69 42 16 94 41 43 32 25 97 77 47 57 48 62 77 87 92 12 55 95 38 45 44 59 46 86 85 97 61 61 30 43 72 33 80 17 83 12 91 13 76 91 73 94 54 65 63 70 71
42 37 31 60 36 97 58 23 32 44 85 62 28 45 52 38 23 24 31 57 35 59 46 26 14 0 64 43 49 70 29 18 71 73 17 27 89 40 33 94 12 41 15 49 97 67 26 13 62 47 28 96 44 20 35 31 15 29 35 44 58 46 33 54 45 21 54 42 73 89 45 59 45 33 55 79 83 61 34 26 89 99 64 94 31 81 96 51 37 51 44 94 63 44 54 91 59 49 35 63
78 96 36 25 44 94 80 63 21 50 18 17 37 80 79 73 85 44 26 48 35 81 50 63 47 64 0 48 79 84 15 61 17 33 60 12 10 76 57 89 73 94 67 27 35 97 66 56 58 96 50 48 65 21 62 28 14 91 78 36 90 83 45 22 85 16 50 30 83 68 17 18 69 67 54 63 73 28 11 86 54 10 15 80 89 99 60 44 72 81 82 11 67 56 85 21 36 56 82 86
43 77 36 56 18 15 86 98 28 14 81 57 42 93 16 26 18 47 49 72 10 14 72 21 57 43 48 0 94 93 45 69 46 92 45 47 42 25 44 61 86 96 19 49 33 68 21 42 73 97 85 30 81 86 93 98 97 89 13 45 37 72 46 32 67 31 20 80 78 68 98 65 56 42 20 83 22 76 44 88 33 33 60 35 67 45 88 79 77 86 73 27 93 81 86 70 67 84 99 46
23 15 52 89 68 47 18 74 37 98 62 25 34 32 66 23 87 76 68 17 48 88 22 11 26 49 79 94 0 48 52 38 34 76 20 51 30 68 48 83 82 78 33 66 19 95 39 35 99 37 57 66 98 33 33 62 36 55 57 45 59 62 89 60 19 19 84 40 37 48 66 80 21 77 32 62 86 83 96 56 29 52 32 60 55 54 25 32 85 86 57 12 32 35 78 76 89 63 57 59
42 69 54 99 27 46 75 17 54 45 99 22 40 24 42 86 55 74 72 23 25 86 41 61 51 70 84 93 48 0 87 99 91 51 58 91 19 13 40 72 26 38 53 57 32 73 38 53 90 72 79 23 23 85 29 36 24 90 42 29 61 96 70 12 89 58 90 85 23 76 95 30 94 72 82 59 81 31 28 57 76 84 73 67 68 66 54 65 62 32 74 32 70 45 60 51 14 67 57 92
21 72 59 59 26 58 37 48 28 22 42 21 52 21 13 81 15 38 22 91 63 85 82 74 25 29 15 45 52 87 0 40 30 85 58 84 29 60 75 35 85 17 55 47 67 41 43 28 62 80 99 27 87 14 55 55 83 63 92 76 61 49 43 99 24 27 16 42 89 80 11 29 75 92 47 31 79 73 16 91 10 94 78 84 65 91 27 39 58 87 94 75 40 14 24 99 82 67 61 10
57 53 72 17 59 85 12 22 69 34 95 49 60 50 52 75 78 42 14 74 17 74 97 60 94 18 61 69 38 99 40 0 34 50 87 74 88 93 26 12 75 87 67 58 83 58 13 23 53 72 33 57 24 25 17 69 17 89 99 21 64 53 66 46 55 79 89 68 29 41 72 64 96 65 96 45 49 19 68 37 11 57 53 11 83 68 89 99 46 96 29 10 14 60 78 93 93 18 59 72
94 80 72 32 72 73 76 69 96 63 27 22 62 59 63 57 24 42 49 11 53 98 86 62 12 71 17 46 34 91 30 34 0 88 28 68 28 17 56 61 80 43 35 18 86 54 33 99 61 70 71 93 50 23 90 61 74 87 83 24 33 74 59 19 59 52 53 45 92 15 74 83 59 29 97 39 43 87 62 85 65 80 33 31 59 54 16 37 18 21 75 47 87 72 24 68 29 30 68 73
41 39 77 88 31 53 14 58 48 90 97 21 10 23 16 12 22 37 19 23 98 10 54 24 15 73 33 92 76 51 85 50 88 0 33 63 92 74 94 49 27 84 21 94 91 95 74 78 98 67 88 53 13 50 60 21 95 85 83 68 13 87 47 27 67 89 79 36 94 83 93 73 24 21 31 26 29 69 76 20 51 84 51 56 72 99 37 46 63 63 40 46 28 25 10 66 24 44 61 51
93 59 76 78 57 65 85 51 84 67 62 43 36 37 90 64 73 81 80 65 41 68 68 13 15 17 60 45 20 58 58 87 28 33 0 95 40 64 62 12 45 71 40 15 11 45 44 15 24 17 88 76 97 17 40 19 48 68 62 63 75 47 66 14 34 86 32 97 53 10 33 59 27 57 98 59 22 17 65 78 58 66 29 55 25 79 50 95 64 67 80 75 89 20 82 25 23 10 59 24
16 17 66 88 16 58 55 74 78 85 39 26 63 20 91 61 60 69 25 56 88 80 39 76 50 27 12 47 51 91 84 74 68 63 95 0 70 71 80 70 35 72 97 53 16 17 96 99 60 16 62 42 61 22 84 99 84 74 98 64 75 71 35 35 36 88 72 96 79 33 77 21 69 57 30 97 52 62 89 38 27 37 40 31 32 80 28 36 30 72 75 28 59 27 60 27 88 44 91 43
26 72 17 63 76 70 59 52 61 31 69 41 20 92 77 32 19 14 59 38 42 25 45 49 97 89 10 42 30 19 29 88 28 92 40 70 0 56 23 86 91 82 97 14 76 78 95 73 24 57 57 84 56 17 34 68 41 95 99 54 95 83 84 80 33 78 34 13 84 74 36 87 23 56 99 78 90 32 67 37 73 84 44 21 33 97 13 69 68 55 45 13 83 41 10 88 22 42 75 70
26 13 90 87 85 98 13 53 26 66 45 51 35 59 18 91 25 36 90 28 69 28 63 80 63 40 76 25 68 13 60 93 17 74 64 71 56 0 28 18 28 33 87 34 96 78 18 89 83 61 15 59 78 37 43 25 17 27 21 44 12 79 55 43 38 59 35 35 30 77 27 21 51 18 90 97 58 51 65 47 85 27 96 91 19 44 59 38 70 13 77 42 59 33 80 77 51 39 13 24
57 18 80 52 63 71 77 57 55 96 20 97 97 26 48 70 77 48 74 99 24 67 33 67 78 33 57 44 48 40 75 26 56 94 62 80 23 28 0 52 10 50 98 94 60 82 15 62 74 88 56 98 49 37 25 74 24 10 86 23 29 15 61 65 85 63 87 27 70 52 80 11 15 44 74 66 49 17 12 55 86 73 93 39 23 94 28 15 44 71 78 13 16 50 49 97 54 56 23 54
98 71 33 45 31 29 32 89 76 68 10 71 16 68 76 89 59 47 68 79 74 61 35 83 38 94 89 61 83 72 35 12 61 49 12 70 86 18 52 0 12 77 76 48 46 66 64 26 47 10 79 73 74 19 33 14 43 20 48 76 76 66 51 80 51 23 37 22 45 58 70 63 69 16 91 86 86 11 97 96 23 41 86 73 37 86 96 24 42 78 72 86 27 88 30 78 15 80 87 29
96 26 76 86 38 23 39 70 93 16 26 89 74 80 17 25 26 98 23 45 12 12 45 73 38 12 73 86 82 26 85 75 80 27 45 35 91 28 10 12 0 47 87 37 13 94 19 46 24 24 94 96 26 50 82 40 77 58 77 64 69 26 25 79 51 13 22 32 67 91 92 29 55 71 29 11 74 24 89 76 35 46 56 21 67 18 46 90 47 45 63 12 55 67 52 46 95 15 12 32
77 55 95 45 17 47 58 83 82 97 83 64 24 94 41 36 76 56 42 37 95 13 27 83 93 41 94 96 78 38 17 87 43 84 71 72 82 33 50 77 47 0 46 74 37 35 64 32 24 54 35 82 70 14 71 81 88 92 34 65 40 44 75 80 38 32 32 97 32 23 99 72 17 70 90 55 42 33 11 75 38 45 77 44 58 57 12 90 21 89 36 27 99 73 50 46 34 32 73 62
36 35 41 26 84 39 28 71 99 83 48 90 22 98 16 82 90 61 43 59 69 98 69 15 65 15 67 19 33 53 55 67 35 21 40 97 97 87 98 76 87 46 0 27 84 49 94 79 32 22 24 84 72 52 51 62 72 81 46 46 54 12 73 99 92 15 38 33 16 40 26 14 40 71 20 48 92 97 41 66 21 55 23 47 56 39 35 21 87 54 52 52 58 86 74 62 83 53 72 93
40 54 21 48 59 93 65 36 86 20 99 40 27 16 48 70 57 76 40 47 39 23 85 71 41 49 27 49 66 57 47 58 18 94 15 53 14 34 94 48 37 74 27 0 93 41 43 28 64 97 84 39 98 91 97 62 18 17 55 56 15 68 72 39 11 85 48 10 66 73 14 93 89 59 42 64 61 23 44 69 27 40 94 88 29 97 44 60 18 12 51 25 29 73 63 77 10 81 16 92
86 98 58 63 68 61 45 15 89 81 40 61 79 40 31 17 42 65 35 79 75 76 61 43 97 97 35 33 19 32 67 83 86 91 11 16 76 96 60 46 13 37 84 93 0 65 38 56 67 74 34 24 58 60 71 72 88 97 87 36 83 69 73 47 70 65 28 18 12 70 36 55 17 88 63 36 90 28 12 99 21 76 10 13 21 66 14 24 79 72 43 81 60 91 55 23 51 88 74 13
32 33 14 90 79 93 12 12 46 15 36 32 18 30 70 61 19 19 96 40 72 60 92 50 59 67 97 68 95 73 41 58 54 95 45 17 78 78 82 66 94 35 49 41 65 0 27 72 53 34 16 26 90 23 15 65 40 59 46 20 80 20 23 38 44 41 21 98 47 87 47 73 88 62 17 85 24 59 74 97 28 17 30 54 12 83 79 33 15 37 25 10 98 78 36 50 63 53 34 10
54 16 55 16 47 21 54 63 18 83 86 70 41 76 99 68 15 18 23 31 55 15 87 65 13 26 66 21 39 38 43 13 33 74 44 96 95 18 15 64 19 64 94 43 38 27 0 96 73 14 28 19 12 78 39 46 60 56 60 16 88 48 53 55 35 85 78 53 60 86 75 77 11 97 53 98 49 51 61 62 93 44 74 11 86 91 64 76 82 56 72 97 30 10 18 58 17 85 92 59
31 73 34 90 95 44 73 13 34 63 57 12 12 42 51 25 18 98 54 29 98 45 80 36 97 13 56 42 35 53 28 23 99 78 15 99 73 89 62 26 46 32 79 28 56 72 96 0 27 17 26 88 12 69 63 60 93 91 19 70 93 89 32 40 38 33 54 11 10 32 92 65 99 46 27 73 84 41 43 89 65 64 89 10 63 10 83 44 61 68 15 57 79 61 64 56 65 30 95 59
96 45 59 66 31 22 88 65 72 34 13 60 86 18 87 67 76 55 53 84 91 11 10 88 23 62 58 73 99 90 62 53 61 98 24 60 24 83 74 47 24 24 32 64 67 53 73 27 0 54 97 80 82 75 19 37 74 84 26 79 36 30 98 38 39 68 47 14 73 62 97 44 60 25 78 64 17 36 76 15 42 11 18 93 53 53 43 23 56 67 81 50 91 28 65 69 11 34 83 86
76 43 43 73 38 27 56 54 21 24 88 16 31 48 92 53 50 30 83 21 83 18 23 37 55 47 96 97 37 72 80 72 70 67 17 16 57 61 88 10 24 54 22 97 74 34 14 17 54 0 45 47 34 58 62 96 33 30 65 89 68 62 55 41 86 98 57 80 78 83 88 10 66 53 57 52 36 49 37 34 92 38 53 63 45 91 78 19 24 95 19 76 40 72 66 54 83 48 28 22
91 50 97 64 84 15 10 85 40 35 54 36 72 58 20 89 46 80 13 58 44 12 76 96 17 28 50 85 57 79 99 33 71 88 88 62 57 15 56 79 94 35 24 84 34 16 28 26 97 45 0 86 23 68 84 57 84 34 42 25 25 92 79 20 12 23 55 36 98 61 90 31 79 44 25 29 10 57 16 70 30 44 75 51 11 82 79 91 53 91 45 56 41 30 70 63 72 39 25 42
20 30 62 61 89 48 78 16 43 26 10 61 60 17 82 35 16 20 78 12 52 87 42 35 69 96 48 30 66 23 27 57 93 53 76 42 84 59 98 73 96 82 84 39 24 26 19 88 80 47 86 0 22 16 45 41 48 79 29 52 62 11 95 81 50 94 42 28 33 65 44 53 95 82 99 50 62 94 51 96 25 32 65 13 25 55 56 32 51 99 28 47 25 33 26 30 33 57 97 80
78 95 70 71 28 23 92 40 57 97 26 22 66 73 34 57 81 88 41 66 31 79 72 76 42 44 65 81 98 23 87 24 50 13 97 61 56 78 49 74 26 70 72 98 58 90 12 12 82 34 23 22 0 59 15 41 24 22 20 32 98 65 24 96 71 44 11 13 29 49 72 54 55 52 15 80 90 22 59 26 46 49 43 51 49 98 68 46 27 59 44 48 37 48 47 88 99 52 19 96
94 86 54 34 62 68 67 10 30 41 15 92 12 21 64 10 75 91 82 33 84 58 70 18 16 20 21 86 33 85 14 25 23 50 17 22 17 37 37 19 50 14 52 91 60 23 78 69 75 58 68 16 59 0 70 90 87 57 17 93 68 63 56 73 43 81 86 10 61 72 57 98 16 69 34 26 86 90 65 93 19 58 32 34 84 39 90 83 34 37 74 31 17 63 88 76 97 38 11 17
37 14 73 23 26 60 11 89 32 10 43 20 43 36 58 66 17 53 38 51 44 13 35 69 94 35 62 93 33 29 55 17 90 60 40 84 34 43 25 33 82 71 51 97 71 15 39 63 19 62 84 45 15 70 0 58 54 88 33 51 19 40 19 72 47 59 75 84 14 46 36 71 37 89 92 68 31 76 15 76 28 29 92 19 11 69 29 11 81 98 15 75 43 16 40 38 11 20 20 16
84 94 61 38 99 94 48 79 64 55 24 11 99 69 68 56 44 59 72 43 15 45 17 20 41 31 28 98 62 36 55 69 61 21 19 99 68 25 74 14 40 81 62 62 72 65 46 60 37 96 57 41 41 90 58 0 87 87 57 95 55 25 18 71 58 42 12 97 34 87 56 56 89 69 18 99 14 33 71 70 82 19 55 35 55 67 40 73 72 80 68 80 89 50 66 43 68 85 38 13
57 73 22 19 75 31 80 83 60 90 59 93 29 22 86 93 79 76 32 46 29 99 79 40 43 15 14 97 36 24 83 17 74 95 48 84 41 17 24 43 77 88 72 18 88 40 60 93 74 33 84 48 24 87 54 87 0 51 39 99 53 17 86 52 11 52 45 74 77 37 34 22 46 55 85 91 51 38 64 57 54 11 81 41 80 83 30 30 52 88 79 14 15 59 50 86 71 80 18 60
29 63 57 14 58 75 82 53 71 33 15 32 46 11 63 97 14 74 33 35 78 22 55 77 32 29 91 89 55 90 63 89 87 85 68 74 95 27 10 20 58 92 81 17 97 59 56 91 84 30 34 79 22 57 88 87 51 0 94 91 20 57 27 56 88 88 33 53 53 77 88 57 31 23 81 89 84 76 30 73 68 40 27 97 89 90 18 53 41 70 68 17 99 49 83 51 55 44 66 46
18 53 83 10 65 87 35 90 56 20 36 13 80 16 40 68 18 93 78 99 21 25 21 37 25 35 78 13 57 42 92 99 83 83 62 98 99 21 86 48 77 34 46 55 87 46 60 19 26 65 42 29 20 17 33 57 39 94 0 60 69 35 63 84 60 52 13 29 82 16 73 48 13 61 17 46 30 15 24 40 37 98 98 92 91 22 94 54 28 37 96 19 54 55 94 81 14 18 98 34
37 70 33 36 47 65 92 53 81 61 76 72 89 70 76 99 50 10 45 33 16 42 16 59 97 44 36 45 45 29 76 21 24 68 63 64 54 44 23 76 64 65 46 56 36 20 16 70 79 89 25 52 32 93 51 95 99 91 60 0 30 81 82 20 64 78 43 22 90 11 47 51 91 12 15 49 81 73 76 48 63 86 17 76 43 18 17 53 29 62 51 92 21 22 34 88 13 12 54 79
99 49 27 59 37 22 46 27 11 51 63 96 32 41 33 41 25 78 40 79 96 29 52 81 77 58 90 37 59 61 61 64 33 13 75 75 95 12 29 76 69 40 54 15 83 80 88 93 36 68 25 62 98 68 19 55 53 20 69 30 0 83 13 72 13 49 58 97 84 24 25 13 41 17 21 88 82 42 30 61 65 62 86 43 17 32 65 99 53 18 93 20 56 27 38 79 75 76 29 79
43 22 48 42 25 87 13 67 29 37 68 12 50 21 84 13 10 85 30 54 62 52 34 93 47 46 83 72 62 96 49 53 74 87 47 71 83 79 15 66 26 44 12 68 69 20 48 89 30 62 92 11 65 63 40 25 17 57 35 81 83 0 87 76 33 66 97 15 15 56 53 25 91 60 73 92 85 64 14 92 97 72 63 66 63 92 61 59 77 50 19 71 59 89 63 74 33 18 69 93
27 61 64 58 75 15 92 25 62 35 95 36 24 39 94 65 46 20 74 25 82 54 37 53 57 33 45 46 89 70 43 66 59 47 66 35 84 55 61 51 25 75 73 72 73 23 53 32 98 55 79 95 24 56 19 18 86 27 63 82 13 87 0 43 31 57 25 81 76 48 63 48 56 54 71 17 83 98 40 13 83 26 53 51 98 21 21 45 44 57 60 11 74 76 15 59 85 39 51 23
31 99 33 94 72 37 38 83 77 93 14 63 51 41 18 20 83 94 48 91 11 53 79 72 48 54 22 32 60 12 99 46 19 27 14 35 80 43 65 80 79 80 99 39 47 38 55 40 38 41 20 81 96 73 72 71 52 56 84 20 72 76 43 0 54 16 16 65 45 43 39 88 70 61 20 72 23 75 22 73 72 84 16 55 27 75 73 88 24 89 59 58 88 59 28 82 98 42 40 97
16 82 36 86 59 27 52 14 94 94 35 73 71 40 87 75 76 77 15 13 92 55 37 42 62 45 85 67 19 89 24 55 59 67 34 36 33 38 85 51 51 38 92 11 70 44 35 38 39 86 12 50 71 43 47 58 11 88 60 64 13 33 31 54 0 30 73 18 65 25 57 47 88 55 54 96 32 41 35 59 97 25 42 35 87 81 29 24 99 84 83 78 34 51 19 67 98 68 78 16
56 60 51 56 21 44 67 66 83 29 71 89 31 66 50 51 14 39 15 41 14 91 33 96 77 21 16 31 19 58 27 79 52 89 86 88 78 59 63 23 13 32 15 85 65 41 85 33 68 98 23 94 44 81 59 42 52 88 52 78 49 66 57 16 30 0 89 90 61 89 85 32 86 31 57 60 81 16 93 84 12 64 69 69 98 90 11 39 96 46 98 26 97 60 22 96 29 16 81 88
41 80 86 12 37 73 13 22 20 28 54 81 93 97 66 49 84 60 13 20 84 79 74 52 87 54 50 20 84 90 16 89 53 79 32 72 34 35 87 37 22 32 38 48 28 21 78 54 47 57 55 42 11 86 75 12 45 33 13 43 58 97 25 16 73 89 0 43 68 84 27 53 31 63 37 73 52 60 47 66 35 54 45 65 80 31 41 22 43 34 31 70 23 27 23 45 30 96 46 36
98 38 35 52 74 87 97 36 17 16 16 80 15 21 48 95 97 47 28 84 41 78 45 11 92 42 30 80 40 85 42 68 45 36 97 96 13 35 27 22 32 97 33 10 18 98 53 11 14 80 36 28 13 10 84 97 74 53 29 22 97 15 81 65 18 90 43 0 92 50 54 35 62 94 78 95 73 54 63 81 10 75 23 40 64 79 23 55 21 62 68 95 53 19 95 61 50 21 90 47
28 12 47 63 51 71 84 98 10 44 53 57 29 77 93 80 44 67 45 99 71 99 62 50 12 73 83 78 37 23 89 29 92 94 53 79 84 30 70 45 67 32 16 66 12 47 60 10 73 78 98 33 29 61 14 34 77 53 82 90 84 15 76 45 65 61 68 92 0 11 98 21 59 73 89 32 13 27 46 32 88 97 39 17 56 82 40 82 55 33 76 69 36 76 56 11 28 36 53 16
21 31 91 70 26 31 24 49 90 52 93 63 55 21 62 44 83 47 69 82 80 24 63 31 55 89 68 68 48 76 80 41 15 83 10 33 74 77 52 58 91 23 40 73 70 87 86 32 62 83 61 65 49 72 46 87 37 77 16 11 24 56 48 43 25 89 84 50 11 0 21 53 47 63 35 40 81 75 70 28 40 70 94 73 54 21 51 24 63 48 76 17 96 99 77 78 83 21 45 51
85 32 97 89 72 11 83 82 30 33 72 54 81 80 88 27 18 33 72 35 96 71 96 33 95 45 17 98 66 95 11 72 74 93 33 77 36 27 80 70 92 99 26 14 36 47 75 92 97 88 90 44 72 57 36 56 34 88 73 47 25 53 63 39 57 85 27 54 98 21 0 23 60 95 67 76 24 65 72 13 18 21 82 52 50 71 68 67 53 75 14 40 55 51 11 46 10 65 99 49
46 95 49 31 97 14 25 11 99 50 88 78 43 59 23 84 68 54 53 79 82 93 43 39 38 59 18 65 80 30 29 64 83 73 59 21 87 21 11 63 29 72 14 93 55 73 77 65 44 10 31 53 54 98 71 56 22 57 48 51 13 25 48 88 47 32 53 35 21 53 23 0 73 92 39 13 76 13 18 16 79 57 17 96 53 93 38 16 44 86 80 44 31 23 97 14 28 47 56 77
30 66 36 20 73 37 67 40 40 19 80 71 26 71 97 86 81 74 43 84 47 39 69 50 45 45 69 56 21 94 75 96 59 24 27 69 23 51 15 69 55 17 40 89 17 88 11 99 60 66 79 95 55 16 37 89 46 31 13 91 41 91 56 70 88 86 31 62 59 47 60 73 0 89 27 82 82 66 96 16 52 15 65 60 20 55 65 62 95 21 42 54 50 97 59 31 69 14 14 84
23 60 19 33 28 77 88 22 31 14 51 70 30 79 91 49 74 91 58 13 84 83 51 41 44 33 67 42 77 72 92 65 29 21 57 57 56 18 44 16 71 70 71 59 88 62 97 46 25 53 44 82 52 69 89 69 55 23 61 12 17 60 54 61 55 31 63 94 73 63 95 92 89 0 66 51 42 66 97 39 89 35 48 21 92 89 70 49 23 43 41 72 13 84 25 93 44 28 34 82
57 62 86 94 83 30 51 79 58 17 86 36 49 67 41 14 25 61 44 29 73 88 50 99 59 55 54 20 32 82 47 96 97 31 98 30 99 90 74 91 29 90 20 42 63 17 53 27 78 57 25 99 15 34 92 18 85 81 17 15 21 73 71 20 54 57 37 78 89 35 67 39 27 66 0 94 54 54 41 10 50 41 68 57 71 26 19 42 13 26 12 68 13 17 52 85 70 65 41 73
36 81 71 45 35 36 61 19 13 87 83 64 23 79 62 77 27 96 52 75 58 65 39 90 46 79 63 83 62 59 31 45 39 26 59 97 78 97 66 86 11 55 48 64 36 85 98 73 64 52 29 50 80 26 68 99 91 89 46 49 88 92 17 72 96 60 73 95 32 40 76 13 82 51 94 0 89 97 73 70 61 45 83 70 88 39 61 30 60 82 13 16 20 75 26 23 69 45 43 54
38 43 98 80 53 64 35 95 25 63 33 88 42 64 50 64 70 36 24 61 23 24 80 38 86 83 73 22 86 81 79 49 43 29 22 52 90 58 49 86 74 42 92 61 90 24 49 84 17 36 10 62 90 86 31 14 51 84 30 81 82 85 83 23 32 81 52 73 13 81 24 76 82 42 54 89 0 16 90 78 21 64 71 68 75 59 57 39 73 78 84 41 88 19 19 43 70 45 54 42
58 79 67 83 67 65 21 97 21 37 67 86 53 99 28 15 53 77 84 67 13 60 62 62 85 61 28 76 83 31 73 19 87 69 17 62 32 51 17 11 24 33 97 23 28 59 51 41 36 49 57 94 22 90 76 33 38 76 15 73 42 64 98 75 41 16 60 54 27 75 65 13 66 66 54 97 16 0 48 93 76 66 89 38 56 54 96 85 46 70 65 88 71 12 88 12 39 22 88 44
32 25 20 95 36 89 59 83 23 76 79 82 66 29 36 69 79 77 84 37 51 12 56 66 97 34 11 44 96 28 16 68 62 76 65 89 67 65 12 97 89 11 41 44 12 74 61 43 76 37 16 51 59 65 15 71 64 30 24 76 30 14 40 22 35 93 47 63 46 70 72 18 96 97 41 73 90 48 0 98 80 44 43 57 70 14 77 74 37 20 94 13 30 35 81 68 86 28 29 71
95 37 39 71 21 46 48 84 37 79 27 90 93 97 54 62 35 67 36 96 40 32 81 52 61 26 86 88 56 57 91 37 85 20 78 38 37 47 55 96 76 75 66 69 99 97 62 89 15 34 70 96 26 93 76 70 57 73 40 48 61 92 13 73 59 84 66 81 32 28 13 16 16 39 10 70 78 93 98 0 86 46 85 57 89 57 27 74 45 86 59 75 90 86 92 27 66 89 56 89
35 56 46 72 11 10 48 37 61 46 53 74 47 38 72 50 26 81 95 91 11 64 64 63 61 89 54 33 29 76 10 11 65 51 58 27 73 85 86 23 35 38 21 27 21 28 93 65 42 92 30 25 46 19 28 82 54 68 37 63 65 97 83 72 97 12 35 10 88 40 18 79 52 89 50 61 21 76 80 86 0 12 89 82 24 73 57 13 84 94 53 81 85 30 81 85 26 14 31 65
91 44 54 45 78 85 86 70 31 58 47 91 69 47 47 78 77 18 46 46 13 16 30 15 30 99 10 33 52 84 94 57 80 84 66 37 84 27 73 41 46 45 55 40 76 17 44 64 11 38 44 32 49 58 29 19 11 40 98 86 62 72 26 84 25 64 54 75 97 70 21 57 15 35 41 45 64 66 44 46 12 0 46 61 69 82 40 88 49 35 55 35 14 18 48 91 71 34 80 57
33 69 17 26 28 64 77 95 82 26 23 70 79 86 79 99 52 11 18 38 65 47 26 29 43 64 15 60 32 73 78 53 33 51 29 40 44 96 93 86 56 77 23 94 10 30 74 89 18 53 75 65 43 32 92 55 81 27 98 17 86 63 53 16 42 69 45 23 39 94 82 17 65 48 68 83 71 89 43 85 89 46 0 10 20 13 19 73 89 41 56 42 67 45 55 51 46 46 74 89
21 16 46 58 77 47 94 44 17 28 95 42 70 39 94 88 36 42 63 29 74 52 83 46 72 94 80 35 60 67 84 11 31 56 55 31 21 91 39 73 21 44 47 88 13 54 11 10 93 63 51 13 51 34 19 35 41 97 92 76 43 66 51 55 35 69 65 40 17 73 52 96 60 21 57 70 68 38 57 57 82 61 10 0 83 21 60 81 42 58 90 72 54 12 13 69 79 68 23 42
26 55 11 66 72 45 67 22 18 24 73 13 45 61 43 93 21 76 81 91 44 10 52 93 33 31 89 67 55 68 65 83 59 72 25 32 33 19 23 37 67 58 56 29 21 12 86 63 53 45 11 25 49 84 11 55 80 89 91 43 17 63 98 27 87 98 80 64 56 54 50 53 20 92 71 88 75 56 70 89 24 69 20 83 0 55 49 89 79 25 34 69 17 72 98 92 91 31 94 85
30 90 19 10 60 62 62 43 70 97 11 84 25 22 89 80 45 35 72 47 71 98 31 84 80 81 99 45 54 66 91 68 54 99 79 80 97 44 94 86 18 57 39 97 66 83 91 10 53 91 82 55 98 39 69 67 83 90 22 18 32 92 21 75 81 90 31 79 82 21 71 93 55 89 26 39 59 54 14 57 73 82 13 21 55 0 37 46 98 34 72 15 87 46 32 97 70 99 22 47
38 68 82 75 45 55 65 37 60 24 30 26 25 98 86 71 79 69 71 53 47 44 50 20 17 96 60 88 25 54 27 89 16 37 50 28 13 59 28 96 46 12 35 44 14 79 64 83 43 78 79 56 68 90 29 40 30 18 94 17 65 61 21 73 29 11 41 23 40 51 68 38 65 70 19 61 57 96 77 27 57 40 19 60 49 37 0 83 47 93 50 11 47 96 31 94 44 12 54 55
35 51 39 13 69 13 51 99 36 60 48 65 25 47 94 45 76 78 42 64 90 69 96 91 83 51 44 79 32 65 39 99 37 46 95 36 69 38 15 24 90 90 21 60 24 33 76 44 23 19 91 32 46 83 11 73 30 53 54 53 99 59 45 88 24 39 22 55 82 24 67 16 62 49 42 30 39 85 74 74 13 88 73 81 89 46 83 0 69 48 53 12 47 37 46 89 69 63 68 42
25 47 68 43 83 79 22 14 12 82 69 62 79 64 44 92 35 12 32 53 55 39 93 97 12 37 72 77 85 62 58 46 18 63 64 30 68 70 44 42 47 21 87 18 79 15 82 61 56 24 53 51 27 34 81 72 52 41 28 29 53 77 44 24 99 96 43 21 55 63 53 44 95 23 13 60 73 46 37 45 84 49 89 42 79 98 47 69 0 92 37 82 92 91 20 14 44 31 43 41
59 64 50 50 57 44 30 62 29 54 52 56 54 67 73 70 70 12 80 47 21 77 44 47 91 51 81 86 86 32 87 96 21 63 67 72 55 13 71 78 45 89 54 12 72 37 56 68 67 95 91 99 59 37 98 80 88 70 37 62 18 50 57 89 84 46 34 62 33 48 75 86 21 43 26 82 78 70 20 86 94 35 41 58 25 34 93 48 92 0 13 78 41 46 66 16 52 49 77 85
12 60 33 12 24 91 29 25 54 83 79 95 62 15 90 23 65 66 57 69 58 12 84 42 13 44 82 73 57 74 94 29 75 40 80 75 45 77 78 72 63 36 52 51 43 25 72 15 81 19 45 28 44 74 15 68 79 68 96 51 93 19 60 59 83 98 31 68 76 76 14 80 42 41 12 13 84 65 94 59 53 55 56 90 34 72 50 53 37 13 0 39 27 54 60 98 67 77 14 81
27 27 76 68 51 67 85 64 12 91 84 60 98 17 60 96 21 55 89 67 25 72 89 10 76 94 11 27 12 32 75 10 47 46 75 28 13 42 13 86 12 27 52 25 81 10 97 57 50 76 56 47 48 31 75 80 14 17 19 92 20 71 11 58 78 26 70 95 69 17 40 44 54 72 68 16 41 88 13 75 81 35 42 72 69 15 11 12 82 78 39 0 14 69 68 85 17 37 28 74
19 47 50 50 72 91 35 88 52 34 86 81 39 63 33 12 21 23 59 30 43 61 65 99 91 63 67 93 32 70 40 14 87 28 89 59 83 59 16 27 55 99 58 29 60 98 30 79 91 40 41 25 37 17 43 89 15 99 54 21 56 59 74 88 34 97 23 53 36 96 55 31 50 13 13 20 88 71 30 90 85 14 67 54 17 87 47 47 92 41 27 14 0 91 27 30 75 79 33 42
38 65 64 86 11 31 36 36 92 68 77 70 37 85 20 23 54 43 79 77 11 72 41 90 73 44 56 81 35 45 14 60 72 25 20 27 41 33 50 88 67 73 86 73 91 78 10 61 28 72 30 33 48 63 16 50 59 49 55 22 27 89 76 59 51 60 27 19 76 99 51 23 97 84 17 75 19 12 35 86 30 18 45 12 72 46 96 37 91 46 54 69 91 0 54 43 40 61 93 15
15 28 57 24 16 76 31 48 16 71 44 78 15 91 28 95 59 24 36 96 69 14 39 81 94 54 85 86 78 60 24 78 24 10 82 60 10 80 49 30 52 50 74 63 55 36 18 64 65 66 70 26 47 88 40 66 50 83 94 34 38 63 15 28 19 22 23 95 56 77 11 97 59 25 52 26 19 88 81 92 81 48 55 13 98 32 31 46 20 66 60 68 27 54 0 87 43 31 41 72
12 92 10 79 23 27 61 85 20 73 25 55 49 24 97 40 39 94 33 86 51 18 67 35 54 91 21 70 76 51 99 93 68 66 25 27 88 77 97 78 46 46 62 77 23 50 58 56 69 54 63 30 88 76 38 43 86 51 81 88 79 74 59 82 67 96 45 61 11 78 46 14 31 93 85 23 43 12 68 27 85 91 51 69 92 97 94 89 14 16 98 85 30 43 87 0 19 15 88 24
32 59 95 87 34 64 56 75 19 70 56 35 92 86 41 29 21 83 41 36 29 46 14 16 65 59 36 67 89 14 82 93 29 24 23 88 22 51 54 15 95 34 83 10 51 63 17 65 11 83 72 33 99 97 11 68 71 55 14 13 75 33 85 98 98 29 30 50 28 83 10 28 69 44 70 69 70 39 86 66 26 71 46 79 91 70 44 69 44 52 67 17 75 40 43 19 0 41 14 94
57 61 49 87 80 58 30 45 83 86 48 64 28 12 73 10 77 55 87 30 66 74 17 47 63 49 56 84 63 67 67 18 30 44 10 44 42 39 56 80 15 32 53 81 88 53 85 30 34 48 39 57 52 38 20 85 80 44 18 12 76 18 39 42 68 16 96 21 36 21 65 47 14 28 65 45 45 22 28 89 14 34 46 68 31 99 12 63 31 49 77 37 79 61 31 15 41 0 50 63
91 44 84 44 69 38 66 35 20 40 38 22 33 28 50 26 79 82 68 15 20 35 59 38 70 35 82 99 57 57 61 59 68 61 59 91 75 13 23 87 12 73 72 16 74 34 92 95 83 28 25 97 19 11 20 38 18 66 98 54 29 69 51 40 78 81 46 90 53 45 99 56 14 34 41 43 54 88 29 56 31 80 74 23 94 22 54 68 43 77 14 28 33 93 41 88 14 50 0 11
98 59 45 85 31 71 26 10 56 96 38 56 51 49 43 23 65 32 61 79 51 45 11 50 71 63 86 46 59 92 10 72 73 51 24 43 70 24 54 29 32 62 93 92 13 10 59 59 86 22 42 80 96 17 16 13 60 46 34 79 79 93 23 97 16 88 36 47 16 51 49 77 84 82 73 54 42 44 71 89 65 57 89 42 85 47 55 42 41 85 81 74 42 15 72 24 94 63 11 0