110
0 57 95 41 13 36 14 60 34 77 62 58 82 83 81 56 71 43 37 54 17 32 39 43 85 15 66 62 34 62 47 80 87 87 79 22 20 20 44 11 22 18 43 34 61 50 38 69 10 70 80 93 37 90 96 94 88 18 73 88 74 43 46 72 36 86 25 78 15 88 24 68 14 45 30 58 71 26 15 60 17 50 81 86 45 85 86 72 56 71 22 79 77 90 54 94 97 20 87 47 26 67 48 17 67 43 40 26 14 65
57 0 13 94 96 76 92 13 35 40 86 77 69 88 50 30 53 68 84 74 57 44 59 45 76 24 63 83 62 59 35 97 57 18 25 28 92 79 24 63 65 31 37 22 81 78 45 62 40 20 80 34 71 14 96 73 63 75 90 35 39 25 91 28 34 31 98 65 79 37 15 53 99 98 28 63 85 85 43 12 39 21 90 14 80 64 99 68 70 33 77 73 18 92 47 88 95 24 66 83 20 59 38 40 49 58 52 35 96 92
95 13 0 46 99 87 56 81 62 11 16 21 96 75 30 40 49 65 42 11 56 88 66 58 76 31 25 76 88 64 28 91 91 70 40 73 36 62 18 15 68 81 75 23 53 43 90 56 98 51 37 72 97 38 48 66 61 75 51 60 72 72 82 43 73 52 92 30 19 86 60 11 77 44 53 91 62 55 80 25 23 94 90 62 70 81 91 69 10 67 60 97 82 41 94 16 65 53 35 46 86 84 38 63 88 50 29 33 76 22
41 94 46 0 26 92 54 41 41 80 82 98 74 72 95 25 89 28 51 92 77 34 45 45 90 95 45 34 47 43 85 50 32 47 18 97 50 67 74 88 20 19 21 91 62 47 58 91 19 74 97 20 39 85 15 20 72 50 63 72 71 90 94 85 12 59 47 17 79 83 19 43 79 76 93 21 60 35 92 48 45 91 76 17 38 85 35 81 43 93 55 56 39 96 46 46 72 98 79 80 66 72 10 69 32 69 98 10 52 66
13 96 99 26 0 93 87 69 60 76 50 81 50 13 55 31 49 45 50 38 26 92 15 44 16 24 47 83 45 79 21 78 42 62 92 48 15 82 85 82 62 63 39 43 26 72 28 48 71 37 32 30 18 78 65 30 87 12 93 90 84 58 11 99 79 65 30 14 77 15 64 84 54 93 76 85 94 74 93 55 51 77 18 42 38 78 36 32 72 24 39 15 55 26 90 79 57 86 17 82 61 66 93 79 40 30 69 76 70 67
36 76 87 92 93 0 64 79 90 91 48 21 80 53 92 73 90 33 73 44 10 56 64 15 66 62 73 82 11 41 60 81 98 38 74 70 40 67 21 73 50 72 33 32 82 83 60 97 35 82 95 66 38 84 43 88 19 99 24 91 26 67 89 80 77 68 30 78 82 69 11 13 63 92 23 27 50 51 66 25 71 78 18 82 89 33 16 44 20 96 27 51 11 55 45 76 20 20 21 58 76 88 42 73 52 37 64 18 70 19
14 92 56 54 87 64 0 75 38 64 21 39 95 86 16 34 71 94 60 47 44 48 53 80 30 13 53 89 89 66 16 82 87 73 47 57 23 87 94 17 45 86 16 19 96 74 49 97 67 34 94 83 22 99 44 34 35 11 82 67 57 85 23 98 91 48 21 52 89 53 26 96 30 37 25 34 72 33 20 22 79 23 77 34 23 14 87 27 37 18 37 35 73 56 80 62 60 81 95 82 18 52 79 31 91 59 26 12 98 41
60 13 81 41 69 79 75 0 53 55 85 15 66 42 11 41 27 40 68 99 79 28 45 52 12 27 44 48 51 56 38 86 32 43 80 17 87 28 46 86 72 27 90 76 50 83 17 61 50 58 28 10 75 63 58 85 96 33 10 63 94 83 49 90 49 98 90 35 49 52 58 48 44 39 26 61 94 18 36 73 91 13 22 49 86 24 41 84 29 67 31 42 83 82 42 50 68 15 91 30 12 81 65 86 70 97 39 70 15 46
34 35 62 41 60 90 38 53 0 37 37 99 97 97 14 29 86 31 52 79 56 81 47 26 43 88 77 84 51 18 10 80 86 79 75 15 48 22 24 21 76 66 49 16 77 55 92 25 45 88 32 75 25 34 26 98 29 35 17 81 46 84 52 18 66 16 38 29 24 85 61 30 12 84 19 97 33 83 35 53 59 47 80 48 94 10 84 98 63 55 45 64 99 18 49 68 65 83 24 49 82 87 18 75 17 76 11 70 34 77
77 40 11 80 76 91 64 55 37 0 87 74 59 88 16 99 20 80 41 80 11 34 50 28 76 20 93 99 11 78 94 49 32 91 60 66 59 12 29 91 85 42 37 62 65 48 83 93 26 54 62 83 62 69 68 87 15 35 26 59 59 22 65 17 66 89 57 99 14 90 30 26 51 14 21 56 90 15 19 25 90 95 89 60 22 23 55 19 82 40 23 63 68 25 52 48 78 18 30 86 51 39 91 92 35 77 10 78 95 89
62 86 16 82 50 48 21 85 37 87 0 19 91 13 41 45 17 34 55 58 70 88 85 13 30 91 12 47 54 99 91 27 56 95 65 27 10 60 23 52 26 23 69 39 51 62 72 22 92 15 75 44 30 91 81 74 91 63 95 98 52 23 18 60 23 92 30 45 58 95 73 71 89 23 81 22 53 41 68 66 72 70 41 69 72 47 62 11 24 77 63 24 66 66 99 10 94 94 76 98 89 67 41 37 31 87 26 62 25 56
58 77 21 98 81 21 39 15 99 74 19 0 70 62 93 28 18 77 52 18 21 59 24 11 65 84 65 98 71 28 14 18 64 58 91 79 30 49 63 12 11 11 31 69 99 86 34 14 58 75 87 24 71 64 25 58 18 26 20 69 63 38 95 50 68 80 19 50 87 59 32 93 39 34 89 66 92 80 77 21 28 58 54 21 81 36 81 78 97 54 40 17 52 22 36 76 27 78 28 12 74 32 71 63 78 30 57 27 96 96
82 69 96 74 50 80 95 66 97 59 91 70 0 20 76 33 73 20 57 97 68 96 82 18 11 20 92 75 13 72 47 44 73 61 12 88 29 74 54 58 88 35 38 48 49 86 10 80 55 49 46 51 78 67 50 45 27 53 66 15 28 58 52 90 47 91 73 26 63 41 64 31 82 45 35 28 11 46 33 74 77 12 26 66 38 91 52 42 39 57 38 85 28 41 60 20 47 27 39 33 47 74 48 71 79 68 22 71 39 79
83 88 75 72 13 53 86 42 97 88 13 62 20 0 90 60 37 35 61 23 61 99 20 27 23 58 96 62 74 61 25 16 12 72 68 31 60 62 86 60 97 38 63 81 88 89 70 69 84 35 98 14 88 92 39 70 60 50 26 50 97 85 72 89 30 84 74 63 50 32 87 19 88 33 18 91 10 85 46 94 96 80 61 64 84 47 18 69 90 16 81 62 62 63 25 41 11 16 96 26 10 11 75 82 99 82 81 74 61 88
81 50 30 95 55 92 16 11 14 16 41 93 76 90 0 60 32 18 45 15 76 61 29 23 38 53 62 78 71 27 85 99 51 39 55 36 65 51 25 17 52 50 82 62 46 54 96 17 73 14 77 16 63 45 32 55 18 97 53 64 76 84 62 28 93 79 73 81 51 51 77 75 54 52 52 55 21 17 81 98 35 20 43 12 38 57 35 48 24 34 21 90 37 33 43 59 52 27 62 95 81 61 79 46 29 59 71 42 20 17
56 30 40 25 31 73 34 41 29 99 45 28 33 60 60 0 87 27 90 31 44 32 64 48 54 67 80 20 84 96 84 79 97 13 33 38 32 89 79 87 73 71 34 67 62 42 15 36 29 36 23 62 46 66 27 64 24 49 82 29 34 89 79 58 98 96 18 98 50 46 58 21 71 19 37 21 90 83 28 22 27 99 46 80 88 28 96 81 10 78 66 91 42 49 88 39 20 63 17 20 62 76 75 12 30 15 79 81 68 43
71 53 49 89 49 90 71 27 86 20 17 18 73 37 32 87 0 56 70 26 60 94 24 57 19 54 27 77 10 26 99 28 82 70 38 66 24 37 63 13 99 95 16 66 69 45 96 37 61 69 86 12 23 15 70 39 44 12 69 33 18 36 20 88 60 22 65 40 73 92 43 31 34 85 67 43 89 62 74 49 52 95 23 61 89 93 82 26 24 99 24 98 12 84 52 39 44 24 73 94 87 28 87 95 75 21 50 22 34 98
43 68 65 28 45 33 94 40 31 80 34 77 20 35 18 27 56 0 64 48 96 81 36 40 50 87 42 48 19 60 46 86 33 82 48 70 78 51 31 82 52 76 78 84 71 52 14 36 48 37 78 76 45 59 53 27 68 63 83 11 62 53 52 59 67 11 33 49 66 74 13 93 65 67 30 82 65 29 82 62 79 22 49 38 79 74 95 93 87 89 51 17 62 90 83 16 53 98 56 98 24 37 33 43 72 32 26 47 40 93
37 84 42 51 50 73 60 68 52 41 55 52 57 61 45 90 70 64 0 76 92 72 90 41 98 72 62 88 81 69 34 21 62 33 20 68 89 89 26 20 96 94 66 96 85 88 14 74 72 50 54 98 57 86 44 60 44 56 69 15 80 31 46 78 14 12 32 24 95 98 10 58 27 97 63 87 23 63 75 50 53 76 93 18 39 39 75 97 29 82 66 68 91 96 45 47 23 34 22 52 85 77 80 58 49 31 93 31 15 59
54 74 11 92 38 44 47 99 79 80 58 18 97 23 15 31 26 48 76 0 41 53 51 91 60 40 16 94 72 15 19 40 61 52 86 85 19 38 43 29 30 26 93 86 49 24 81 19 43 72 92 63 97 59 52 66 74 22 85 60 56 18 87 17 79 93 16 24 78 20 59 81 53 99 31 15 45 55 45 91 20 27 28 57 65 45 58 91 36 49 65 13 72 45 67 72 93 87 93 19 14 51 28 58 23 99 71 12 75 58
17 57 56 77 26 10 44 79 56 11 70 21 68 61 76 44 60 96 92 41 0 62 85 20 81 54 83 30 62 62 98 61 83 71 70 81 51 99 94 59 65 71 86 32 66 54 45 87 64 68 58 46 63 77 18 36 27 39 63 51 89 96 29 50 66 49 84 32 65 38 76 84 25 42 49 45 32 58 47 80 19 79 63 88 29 49 42 32 34 25 88 43 32 78 19 75 58 57 81 79 29 14 95 59 28 85 73 89 58 23
32 44 88 34 92 56 48 28 81 34 88 59 96 99 61 32 94 81 72 53 62 0 59 88 97 61 25 38 32 90 93 25 83 64 69 35 44 68 15 22 85 75 54 11 33 50 77 94 53 43 91 75 81 10 83 70 15 66 34 91 14 45 72 32 29 53 19 26 76 11 93 52 45 48 68 10 15 59 74 14 18 37 68 36 32 11 46 12 98 12 92 55 34 47 76 29 17 63 41 25 47 77 57 71 84 18 80 83 35 19
39 59 66 45 15 64 53 45 47 50 85 24 82 20 29 64 24 36 90 51 85 59 0 86 19 86 67 99 63 21 35 59 61 23 45 80 56 41 62 17 54 65 87 98 72 46 89 76 48 31 52 45 17 83 54 62 59 33 58 52 37 57 28 91 78 32 68 92 81 24 12 72 11 49 47 86 79 47 26 68 57 85 74 89 30 95 48 45 50 20 13 66 96 68 53 94 80 24 24 87 75 44 11 71 92 94 53 80 48 29
43 45 58 45 44 15 80 52 26 28 13 11 18 27 23 48 57 40 41 91 20 88 86 0 69 91 53 89 45 94 70 92 35 30 78 97 71 50 32 74 36 49 56 67 84 77 47 20 39 82 92 45 11 59 76 49 50 97 86 32 70 44 84 99 95 20 33 56 12 56 69 16 13 69 55 90 84 26 72 44 74 73 30 89 95 84 28 79 57 29 65 66 10 48 81 63 67 34 79 52 15 14 63 41 63 89 81 24 62 35
85 76 76 90 16 66 30 12 43 76 30 65 11 23 38 54 19 50 98 60 81 97 19 69 0 21 25 43 28 84 74 43 88 68 62 41 87 92 88 36 87 44 45 91 25 48 53 10 91 98 59 94 29 10 59 81 91 89 80 14 24 61 36 81 28 54 65 62 40 46 62 21 17 74 50 47 64 85 64 35 76 37 13 73 17 15 15 62 10 51 27 86 90 37 95 56 22 98 75 65 81 48 56 62 44 37 20 80 58 81
15 24 31 95 24 62 13 27 88 20 91 84 20 58 53 67 54 87 72 40 54 61 86 91 21 0 84 70 37 91 19 71 65 61 58 32 69 97 80 60 18 47 57 59 92 42 13 98 38 87 79 61 74 70 59 98 99 89 85 20 20 44 27 46 36 90 32 43 67 75 12 59 55 21 41 75 61 70 67 83 79 89 57 69 43 93 89 21 57 94 15 11 79 59 92 34 63 24 86 52 94 53 18 30 66 42 45 50 80 78
66 63 25 45 47 73 53 44 77 93 12 65 92 96 62 80 27 42 62 16 83 25 67 53 25 84 0 27 55 86 80 97 43 21 11 26 51 29 49 88 72 73 86 37 36 33 91 30 27 20 16 25 53 41 41 32 20 49 44 84 90 35 11 43 55 77 68 91 50 85 20 32 41 13 26 53 29 98 87 38 16 89 82 15 71 67 15 48 81 65 55 30 97 31 11 12 83 48 92 96 53 58 75 46 99 27 91 18 64 73
62 83 76 34 83 82 89 48 84 99 47 98 75 62 78 20 77 48 88 94 30 38 99 89 43 70 27 0 62 86 88 77 70 13 78 34 43 84 80 67 31 47 14 90 51 62 18 56 98 29 78 87 28 11 62 59 21 26 52 56 50 12 45 48 85 95 83 25 74 77 53 66 54 88 28 47 50 74 74 93 45 73 44 76 63 79 45 68 57 81 76 62 88 96 30 64 49 73 44 89 78 39 47 49 92 44 38 69 25 94
34 62 88 47 45 11 89 51 51 11 54 71 13 74 71 84 10 19 81 72 62 32 63 45 28 37 55 62 0 72 36 13 77 63 48 91 35 55 13 89 75 52 12 46 95 31 92 60 14 82 28 16 37 11 49 91 12 15 79 57 67 87 58 60 41 79 69 74 16 97 48 86 80 29 47 56 88 57 94 27 74 42 96 65 49 95 54 81 91 77 38 27 60 48 65 69 90 89 82 73 17 85 54 38 57 26 26 13 10 19
62 59 64 43 79 41 66 56 18 78 99 28 72 61 27 96 26 60 69 15 62 90 21 94 84 91 86 86 72 0 38 21 63 88 52 28 51 74 94 31 91 85 20 75 45 86 47 79 26 12 41 92 31 87 53 47 82 98 63 59 19 27 40 67 64 49 84 53 75 12 37 70 57 63 28 65 86 35 15 86 65 44 12 66 36 23 53 55 90 27 86 89 41 47 37 57 23 89 16 33 62 58 58 99 68 57 28 66 77 20
47 35 28 85 21 60 16 38 10 94 91 14 47 25 85 84 99 46 34 19 98 93 35 70 74 19 80 88 36 38 0 25 49 75 35 47 80 49 67 74 48 62 80 13 43 94 68 84 48 48 34 16 11 15 36 34 99 26 89 74 47 80 77 24 38 91 82 66 66 20 79 68 66 47 46 56 98 39 80 33 74 73 76 89 63 54 28 43 15 50 62 49 36 68 80 48 99 91 37 55 17 50 32 60 97 93 92 18 62 73
80 97 91 50 78 81 82 86 80 49 27 18 44 16 99 79 28 86 21 40 61 25 59 92 43 71 97 77 13 21 25 0 94 47 50 85 47 12 48 32 33 41 90 40 23 76 78 73 93 19 66 63 30 78 67 46 48 77 93 30 61 35 35 37 44 29 93 40 92 26 93 25 85 18 66 61 98 17 88 73 33 64 78 51 70 81 57 35 60 37 62 26 90 47 28 91 10 87 74 30 93 22 88 78 42 21 84 91 57 15
87 57 91 32 42 98 87 32 86 32 56 64 73 12 51 97 82 33 62 61 83 83 61 35 88 65 43 70 77 63 49 94 0 49 67 87 96 55 64 90 57 28 73 99 36 24 55 36 43 10 22 68 15 81 73 56 85 47 10 12 84 96 24 70 44 75 94 84 59 66 77 86 69 30 47 28 23 36 11 25 53 83 58 89 32 53 80 83 54 73 40 78 94 67 31 16 62 27 61 20 40 81 97 92 83 73 35 73 81 74
87 18 70 47 62 38 73 43 79 91 95 58 61 72 39 13 70 82 33 52 71 64 23 30 68 61 21 13 63 88 75 47 49 0 72 99 92 60 86 25 93 78 29 89 39 29 45 69 66 10 13 11 65 91 44 73 33 72 25 26 15 54 38 28 10 94 45 38 89 67 60 14 97 54 52 32 50 80 20 53 78 34 81 55 39 72 28 44 49 18 80 46 60 99 99 78 55 70 24 40 44 89 35 23 46 52 39 44 71 73
79 25 40 18 92 74 47 80 75 60 65 91 12 68 55 33 38 48 20 86 70 69 45 78 62 58 11 78 48 52 35 50 67 72 0 62 76 49 82 28 92 59 35 76 38 93 97 89 62 45 78 59 56 99 59 94 45 76 36 70 96 61 44 92 30 16 11 10 55 45 34 83 54 62 34 44 99 22 76 28 90 34 71 15 94 30 42 27 27 22 24 97 34 78 51 40 33 65 92 10 12 71 10 22 64 40 33 72 60 55
22 28 73 97 48 70 57 17 15 66 27 79 88 31 36 38 66 70 68 85 81 35 80 97 41 32 26 34 91 28 47 85 87 99 62 0 51 28 36 62 34 82 23 80 27 71 36 52 93 30 97 34 24 10 75 70 43 33 75 62 35 29 13 86 64 16 49 33 68 23 73 74 18 17 96 22 86 42 67 82 66 63 95 77 27 50 66 90 28 53 54 60 17 29 92 95 99 98 82 80 90 82 29 35 83 17 62 71 40 99
20 92 36 50 15 40 23 87 48 59 10 30 29 60 65 32 24 78 89 19 51 44 56 71 87 69 51 43 35 51 80 47 96 92 76 51 0 13 59 51 42 57 93 67 18 62 65 20 48 73 22 61 94 63 25 87 20 83 71 55 64 38 84 64 96 49 50 28 23 30 56 10 67 54 17 82 48 31 36 69 20 45 33 94 71 55 96 79 26 53 83 56 67 31 43 31 23 64 81 96 56 40 99 55 99 96 90 75 69 74
20 79 62 67 82 67 87 28 22 12 60 49 74 62 51 89 37 51 89 38 99 68 41 50 92 97 29 84 55 74 49 12 55 60 49 28 13 0 41 35 55 99 47 53 37 71 50 10 69 19 24 51 20 87 59 38 47 51 75 30 74 93 71 33 20 67 71 88 14 48 41 22 14 94 16 33 84 12 40 50 35 85 67 90 55 87 45 74 49 79 96 38 69 22 41 60 87 85 91 77 41 39 75 92 49 38 72 86 12 58
44 24 18 74 85 21 94 46 24 29 23 63 54 86 25 79 63 31 26 43 94 15 62 32 88 80 49 80 13 94 67 48 64 86 82 36 59 41 0 79 53 93 45 95 48 81 10 75 29 34 40 37 47 51 17 88 28 36 28 53 91 13 66 10 56 80 43 16 28 44 55 52 24 19 53 35 52 70 11 38 51 56 37 79 36 71 97 89 27 90 32 24 83 44 12 59 98 27 64 13 79 33 14 89 63 25 88 33 23 54
11 63 15 88 82 73 17 86 21 91 52 12 58 60 17 87 13 82 20 29 59 22 17 74 36 60 88 67 89 31 74 32 90 25 28 62 51 35 79 0 96 38 43 62 10 22 48 76 31 39 59 67 48 99 29 60 90 66 48 72 56 31 73 59 74 27 61 19 87 83 85 91 46 89 37 74 81 72 58 61 97 75 79 94 91 23 86 63 14 83 20 62 61 27 30 83 60 84 94 47 12 27 74 65 75 88 59 27 57 45
22 65 68 20 62 50 45 72 76 85 26 11 88 97 52 73 99 52 96 30 65 85 54 36 87 18 72 31 75 91 48 33 57 93 92 34 42 55 53 96 0 35 74 21 47 30 10 86 73 89 21 98 21 51 87 53 91 47 98 13 20 50 47 94 28 33 50 32 56 54 92 58 95 23 83 87 55 32 73 20 49 51 20 84 99 20 72 44 67 17 38 93 30 68 71 67 61 82 60 59 26 56 64 13 94 61 69 21 77 17
18 31 81 19 63 72 86 27 66 42 23 11 35 38 50 71 95 76 94 26 71 75 65 49 44 47 73 47 52 85 62 41 28 78 59 82 57 99 93 38 35 0 96 53 63 26 71 20 84 95 88 42 83 31 40 51 72 62 75 67 89 92 16 70 65 43 34 35 93 50 57 63 74 63 24 35 83 24 56 79 57 43 23 33 87 84 77 22 19 37 70 77 86 37 64 78 64 75 78 95 88 45 79 58 55 97 50 27 82 34
43 37 75 21 39 33 16 90 49 37 69 31 38 63 82 34 16 78 66 93 86 54 87 56 45 57 86 14 12 20 80 90 73 29 35 23 93 47 45 43 74 96 0 49 27 50 56 65 83 43 61 69 55 36 88 15 97 41 82 68 34 95 78 95 90 36 41 42 20 62 47 68 95 91 60 90 76 80 42 26 58 73 94 26 10 33 61 74 37 36 69 51 99 94 45 13 27 81 34 12 63 81 13 47 93 36 69 57 79 73
34 22 23 91 43 32 19 76 16 62 39 69 48 81 62 67 66 84 96 86 32 11 98 67 91 59 37 90 46 75 13 40 99 89 76 80 67 53 95 62 21 53 49 0 54 22 23 27 31 87 73 57 80 18 67 57 38 59 48 46 68 82 66 31 60 24 99 45 28 54 81 35 48 94 31 19 65 37 14 57 66 26 25 41 28 24 54 31 19 60 56 19 57 80 44 96 63 90 60 95 14 14 91 57 86 63 86 69 38 50
61 81 53 62 26 82 96 50 77 65 51 99 49 88 46 62 69 71 85 49 66 33 72 84 25 92 36 51 95 45 43 23 36 39 38 27 18 37 48 10 47 63 27 54 0 57 43 30 20 35 21 89 16 91 48 11 52 48 22 99 60 52 62 50 19 43 62 90 63 76 22 48 63 31 17 68 99 35 16 26 33 30 91 91 63 50 47 11 69 86 76 19 15 98 66 76 48 41 89 95 74 99 71 73 16 68 81 81 68 93
50 78 43 47 72 83 74 83 55 48 62 86 86 89 54 42 45 52 88 24 54 50 46 77 48 42 33 62 31 86 94 76 24 29 93 71 62 71 81 22 30 26 50 22 57 0 82 68 80 93 68 14 24 39 29 20 40 40 10 83 26 43 53 45 31 89 49 60 25 54 28 76 55 45 62 20 74 45 42 11 59 40 55 89 96 64 20 23 50 66 92 82 31 27 11 58 89 62 63 44 26 75 87 16 55 28 67 27 45 49
38 45 90 58 28 60 49 17 92 83 72 34 10 70 96 15 96 14 14 81 45 77 89 47 53 13 91 18 92 47 68 78 55 45 97 36 65 50 10 48 10 71 56 23 43 82 0 33 62 96 63 38 55 48 58 40 87 25 65 60 95 36 89 60 84 83 59 89 33 90 73 59 92 61 12 28 43 83 89 20 81 65 24 18 69 99 72 58 23 45 14 25 81 86 12 10 90 85 36 15 26 69 23 56 27 34 30 60 90 80
69 62 56 91 48 97 97 61 25 93 22 14 80 69 17 36 37 36 74 19 87 94 76 20 10 98 30 56 60 79 84 73 36 69 89 52 20 10 75 76 86 20 65 27 30 68 33 0 50 85 84 25 76 20 45 83 81 19 71 26 46 21 94 13 34 90 20 67 80 94 68 59 93 19 54 86 57 22 23 20 97 93 97 38 73 85 13 96 96 59 98 89 21 99 47 86 89 20 88 63 60 33 94 77 27 12 35 50 23 67
10 40 98 19 71 35 67 50 45 26 92 58 55 84 73 29 61 48 72 43 64 53 48 39 91 38 27 98 14 26 48 93 43 66 62 93 48 69 29 31 73 84 83 31 20 80 62 50 0 72 53 77 18 11 67 53 92 20 47 73 91 82 73 61 11 96 46 33 24 58 22 60 62 23 16 56 97 48 76 48 55 53 87 58 51 84 80 88 41 45 64 80 21 24 86 41 65 78 64 38 27 34 39 55 34 51 11 35 10 68
70 20 51 74 37 82 34 58 88 54 15 75 49 35 14 36 69 37 50 72 68 43 31 82 98 87 20 29 82 12 48 19 10 10 45 30 73 19 34 39 89 95 43 87 35 93 96 85 72 0 17 53 63 47 16 51 17 38 27 28 17 77 56 66 35 82 96 34 10 73 61 42 40 66 88 12 59 83 77 74 46 25 72 54 54 93 35 61 68 56 83 45 99 61 82 87 80 45 68 77 87 90 61 31 95 60 98 93 62 34
80 80 37 97 32 95 94 28 32 62 75 87 46 98 77 23 86 78 54 92 58 91 52 92 59 79 16 78 28 41 34 66 22 13 78 97 22 24 40 59 21 88 61 73 21 68 63 84 53 17 0 90 39 54 42 13 81 97 95 80 67 75 73 33 14 84 52 71 26 59 97 55 92 92 82 21 40 94 19 68 79 53 87 83 47 33 23 53 60 46 54 16 37 25 59 85 68 59 75 12 97 81 29 53 10 82 44 32 22 89
93 34 72 20 30 66 83 10 75 83 44 24 51 14 16 62 12 76 98 63 46 75 45 45 94 61 25 87 16 92 16 63 68 11 59 34 61 51 37 67 98 42 69 57 89 14 38 25 77 53 90 0 22 96 82 79 31 23 26 62 12 16 45 25 90 56 93 54 26 40 82 37 13 37 59 84 61 78 66 71 56 96 15 72 26 59 36 47 50 27 35 38 99 73 38 86 32 72 18 40 56 62 38 57 12 75 70 69 76 91
37 71 97 39 18 38 22 75 25 62 30 71 78 88 63 46 23 45 57 97 63 81 17 11 29 74 53 28 37 31 11 30 15 65 56 24 94 20 47 48 21 83 55 80 16 24 55 76 18 63 39 22 0 37 80 90 59 62 12 60 32 33 32 24 34 52 88 83 73 71 77 61 65 64 32 33 36 84 72 76 53 19 11 97 68 13 25 54 44 71 34 50 96 52 48 35 49 40 45 40 52 96 73 51 57 56 76 78 41 27
90 14 38 85 78 84 99 63 34 69 91 64 67 92 45 66 15 59 86 59 77 10 83 59 10 70 41 11 11 87 15 78 81 91 99 10 63 87 51 99 51 31 36 18 91 39 48 20 11 47 54 96 37 0 14 19 19 66 53 62 85 63 59 93 35 42 97 36 11 49 57 61 35 20 40 14 41 26 29 62 14 90 51 35 36 70 72 26 39 98 64 78 75 95 60 89 93 83 75 43 79 15 24 42 88 50 43 73 35 94
96 96 48 15 65 43 44 58 26 68 81 25 50 39 32 27 70 53 44 52 18 83 54 76 59 59 41 62 49 53 36 67 73 44 59 75 25 59 17 29 87 40 88 67 48 29 58 45 67 16 42 82 80 14 0 15 19 66 92 34 37 11 76 10 39 37 59 72 12 12 21 11 37 17 15 43 25 20 78 43 18 51 82 39 83 16 89 13 75 57 79 87 56 29 41 90 52 29 47 45 36 69 43 94 57 69 70 80 63 15
94 73 66 20 30 88 34 85 98 87 74 58 45 70 55 64 39 27 60 66 36 70 62 49 81 98 32 59 91 47 34 46 56 73 94 70 87 38 88 60 53 51 15 57 11 20 40 83 53 51 13 79 90 19 15 0 50 25 77 63 87 57 91 32 32 51 55 51 94 40 45 48 63 12 34 49 31 81 79 19 23 49 62 35 17 45 24 88 24 49 61 13 53 60 66 76 32 81 67 84 97 48 54 24 41 33 20 22 85 57
88 63 61 72 87 19 35 96 29 15 91 18 27 60 18 24 44 68 44 74 27 15 59 50 91 99 20 21 12 82 99 48 85 33 45 43 20 47 28 90 91 72 97 38 52 40 87 81 92 17 81 31 59 19 19 50 0 68 40 66 99 62 63 11 88 93 81 26 67 28 65 67 40 87 10 56 89 68 94 63 14 96 53 41 79 45 97 85 17 54 70 46 72 68 45 16 70 11 17 14 19 67 45 24 51 55 73 26 98 49
18 75 75 50 12 99 11 33 35 35 63 26 53 50 97 49 12 63 56 22 39 66 33 97 89 89 49 26 15 98 26 77 47 72 76 33 83 51 36 66 47 62 41 59 48 40 25 19 20 38 97 23 62 66 66 25 68 0 21 25 26 27 87 62 53 29 96 21 98 52 36 87 51 72 77 11 81 98 31 43 95 34 36 84 89 68 48 94 47 25 14 35 48 59 39 86 62 94 42 62 54 34 50 66 38 72 67 32 19 78
73 90 51 63 93 24 82 10 17 26 95 20 66 26 53 82 69 83 69 85 63 34 58 86 80 85 44 52 79 63 89 93 10 25 36 75 71 75 28 48 98 75 82 48 22 10 65 71 47 27 95 26 12 53 92 77 40 21 0 70 14 66 34 38 74 78 36 98 16 24 17 34 52 53 75 85 79 28 59 15 97 82 80 68 62 79 53 33 35 42 94 19 12 67 69 90 67 21 15 99 72 94 17 38 64 24 19 29 15 92
88 35 60 72 90 91 67 63 81 59 98 69 15 50 64 29 33 11 15 60 51 91 52 32 14 20 84 56 57 59 74 30 12 26 70 62 55 30 53 72 13 67 68 46 99 83 60 26 73 28 80 62 60 62 34 63 66 25 70 0 98 43 63 42 72 39 31 60 49 38 78 19 82 43 66 11 62 52 35 12 49 66 20 51 88 21 14 93 35 23 76 14 89 23 14 47 31 13 95 23 59 47 17 56 14 60 81 63 18 27
74 39 72 71 84 26 57 94 46 59 52 63 28 97 76 34 18 62 80 56 89 14 37 70 24 20 90 50 67 19 47 61 84 15 96 35 64 74 91 56 20 89 34 68 60 26 95 46 91 17 67 12 32 85 37 87 99 26 14 98 0 97 71 83 61 98 30 43 52 53 94 83 40 91 28 85 55 65 53 85 54 65 20 46 51 67 33 51 93 48 14 86 21 73 56 85 79 58 29 61 52 47 19 53 24 91 57 97 57 58
43 25 72 90 58 67 85 83 84 22 23 38 58 85 84 89 36 53 31 18 96 45 57 44 61 44 35 12 87 27 80 35 96 54 61 29 38 93 13 31 50 92 95 82 52 43 36 21 82 77 75 16 33 63 11 57 62 27 66 43 97 0 89 13 36 87 26 81 56 87 70 53 89 70 78 72 40 79 66 43 93 49 12 63 38 54 38 47 40 36 58 71 82 40 44 50 48 17 10 30 82 88 31 78 45 34 23 62 63 46
46 91 82 94 11 89 23 49 52 65 18 95 52 72 62 79 20 52 46 87 29 72 28 84 36 27 11 45 58 40 77 35 24 38 44 13 84 71 66 73 47 16 78 66 62 53 89 94 73 56 73 45 32 59 76 91 63 87 34 63 71 89 0 70 15 80 60 39 33 14 77 34 15 29 90 18 59 51 22 64 42 54 41 57 23 84 62 73 83 37 61 90 68 91 62 30 60 40 76 31 64 21 94 37 93 94 91 72 40 90
72 28 43 85 99 80 98 90 18 17 60 50 90 89 28 58 88 59 78 17 50 32 91 99 81 46 43 48 60 67 24 37 70 28 92 86 64 33 10 59 94 70 95 31 50 45 60 13 61 66 33 25 24 93 10 32 11 62 38 42 83 13 70 0 11 59 52 90 62 75 66 89 45 27 38 24 49 26 83 59 41 54 15 80 18 91 31 49 21 13 44 79 64 82 28 39 29 56 91 46 90 49 66 66 56 13 91 26 91 91
36 34 73 12 79 77 91 49 66 66 23 68 47 30 93 98 60 67 14 79 66 29 78 95 28 36 55 85 41 64 38 44 44 10 30 64 96 20 56 74 28 65 90 60 19 31 84 34 11 35 14 90 34 35 39 32 88 53 74 72 61 36 15 11 0 18 22 65 29 15 58 55 40 38 90 89 76 91 50 25 99 42 17 37 27 20 91 38 10 52 83 14 91 46 24 69 98 96 65 92 45 62 28 91 15 73 10 25 33 57
86 31 52 59 65 68 48 98 16 89 92 80 91 84 79 96 22 11 12 93 49 53 32 20 54 90 77 95 79 49 91 29 75 94 16 16 49 67 80 27 33 43 36 24 43 89 83 90 96 82 84 56 52 42 37 51 93 29 78 39 98 87 80 59 18 0 32 35 42 15 18 42 59 76 58 11 62 24 83 47 45 17 79 72 48 76 93 91 72 40 23 68 57 44 95 61 37 84 83 65 16 82 61 59 57 67 16 99 13 54
25 98 92 47 30 30 21 90 38 57 30 19 73 74 73 18 65 33 32 16 84 19 68 33 65 32 68 83 69 84 82 93 94 45 11 49 50 71 43 61 50 34 41 99 62 49 59 20 46 96 52 93 88 97 59 55 81 96 36 31 30 26 60 52 22 32 0 58 58 42 53 21 59 78 30 29 50 88 59 61 80 53 29 28 69 95 77 19 89 85 98 31 72 48 99 58 11 14 84 51 17 29 41 66 84 94 11 36 86 26
78 65 30 17 14 78 52 35 29 99 45 50 26 63 81 98 40 49 24 24 32 26 92 56 62 43 91 25 74 53 66 40 84 38 10 33 28 88 16 19 32 35 42 45 90 60 89 67 33 34 71 54 83 36 72 51 26 21 98 60 43 81 39 90 65 35 58 0 86 16 87 62 26 73 47 27 18 51 28 85 52 68 72 86 49 57 79 17 48 34 27 28 75 47 23 37 90 92 84 69 14 34 62 57 80 22 57 24 24 58
15 79 19 79 77 82 89 49 24 14 58 87 63 50 51 50 73 66 95 78 65 76 81 12 40 67 50 74 16 75 66 92 59 89 55 68 23 14 28 87 56 93 20 28 63 25 33 80 24 10 26 26 73 11 12 94 67 98 16 49 52 56 33 62 29 42 58 86 0 62 39 95 53 40 58 44 26 17 33 31 68 94 98 92 64 21 27 72 14 61 95 16 94 30 85 11 23 30 59 60 12 14 87 43 77 72 27 47 86 93
88 37 86 83 15 69 53 52 85 90 95 59 41 32 51 46 92 74 98 20 38 11 24 56 46 75 85 77 97 12 20 26 66 67 45 23 30 48 44 83 54 50 62 54 76 54 90 94 58 73 59 40 71 49 12 40 28 52 24 38 53 87 14 75 15 15 42 16 62 0 25 98 52 42 41 44 41 97 76 27 88 74 93 42 51 33 61 72 74 89 39 71 39 99 49 90 91 72 88 33 41 19 36 85 90 60 21 94 71 76
24 15 60 19 64 11 26 58 61 30 73 32 64 87 77 58 43 13 10 59 76 93 12 69 62 12 20 53 48 37 79 93 77 60 34 73 56 41 55 85 92 57 47 81 22 28 73 68 22 61 97 82 77 57 21 45 65 36 17 78 94 70 77 66 58 18 53 87 39 25 0 62 33 82 88 25 24 31 94 69 26 23 27 11 37 35 37 58 99 56 88 62 83 21 93 70 51 93 85 98 10 37 20 57 13 64 84 70 25 94
68 53 11 43 84 13 96 48 30 26 71 93 31 19 75 21 31 93 58 81 84 52 72 16 21 59 32 66 86 70 68 25 86 14 83 74 10 22 52 91 58 63 68 35 48 76 59 59 60 42 55 37 61 61 11 48 67 87 34 19 83 53 34 89 55 42 21 62 95 98 62 0 61 35 32 77 29 34 13 35 24 80 27 29 52 32 44 90 69 27 95 49 33 69 43 98 39 87 76 59 65 38 77 55 12 81 71 57 61 51
14 99 77 79 54 63 30 44 12 51 89 39 82 88 54 71 34 65 27 53 25 45 11 13 17 55 41 54 80 57 66 85 69 97 54 18 67 14 24 46 95 74 95 48 63 55 92 93 62 40 92 13 65 35 37 63 40 51 52 82 40 89 15 45 40 59 59 26 53 52 33 61 0 16 83 62 41 66 81 83 19 56 92 62 72 97 73 25 37 43 14 74 57 13 38 84 76 69 47 54 16 63 87 94 92 72 10 72 96 28
45 98 44 76 93 92 37 39 84 14 23 34 45 33 52 19 85 67 97 99 42 48 49 69 74 21 13 88 29 63 47 18 30 54 62 17 54 94 19 89 23 63 91 94 31 45 61 19 23 66 92 37 64 20 17 12 87 72 53 43 91 70 29 27 38 76 78 73 40 42 82 35 16 0 16 91 46 80 61 91 47 12 68 23 61 46 93 96 12 86 91 37 49 89 52 48 13 56 32 29 31 35 10 38 98 25 68 39 35 36
30 28 53 93 76 23 25 26 19 21 81 89 35 18 52 37 67 30 63 31 49 68 47 55 50 41 26 28 47 28 46 66 47 52 34 96 17 16 53 37 83 24 60 31 17 62 12 54 16 88 82 59 32 40 15 34 10 77 75 66 28 78 90 38 90 58 30 47 58 41 88 32 83 16 0 64 67 80 47 40 99 72 19 76 35 92 75 20 76 91 23 43 34 55 50 24 43 82 83 26 29 91 87 99 93 37 69 38 93 75
58 63 91 21 85 27 34 61 97 56 22 66 28 91 55 21 43 82 87 15 45 10 86 90 47 75 53 47 56 65 56 61 28 32 44 22 82 33 35 74 87 35 90 19 68 20 28 86 56 12 21 84 33 14 43 49 56 11 85 11 85 72 18 24 89 11 29 27 44 44 25 77 62 91 64 0 29 30 98 86 77 83 53 50 13 47 63 65 10 41 96 76 81 19 81 46 83 27 94 77 79 46 34 94 11 37 67 29 91 80
71 85 62 60 94 50 72 94 33 90 53 92 11 10 21 90 89 65 23 45 32 15 79 84 64 61 29 50 88 86 98 98 23 50 99 86 48 84 52 81 55 83 76 65 99 74 43 57 97 59 40 61 36 41 25 31 89 81 79 62 55 40 59 49 76 62 50 18 26 41 24 29 41 46 67 29 0 44 11 34 16 92 70 87 22 57 74 73 97 12 31 30 37 18 29 57 48 89 91 69 68 30 69 30 28 14 46 68 73 43
26 85 55 35 74 51 33 18 83 15 41 80 46 85 17 83 62 29 63 55 58 59 47 26 85 70 98 74 57 35 39 17 36 80 22 42 31 12 70 72 32 24 80 37 35 45 83 22 48 83 94 78 84 26 20 81 68 98 28 52 65 79 51 26 91 24 88 51 17 97 31 34 66 80 80 30 44 0 88 71 28 46 67 20 57 40 95 96 94 89 80 58 39 40 56 22 46 61 87 62 52 39 90 82 76 66 41 79 29 61
15 43 80 92 93 66 20 36 35 19 68 77 33 46 81 28 74 82 75 45 47 74 26 72 64 67 87 74 94 15 80 88 11 20 76 67 36 40 11 58 73 56 42 14 16 42 89 23 76 77 19 66 72 29 78 79 94 31 59 35 53 66 22 83 50 83 59 28 33 76 94 13 81 61 47 98 11 88 0 57 49 51 65 61 64 37 51 22 37 89 42 36 36 42 13 76 83 14 92 42 69 29 15 69 98 64 42 76 18 90
60 12 25 48 55 25 22 73 53 25 66 21 74 94 98 22 49 62 50 91 80 14 68 44 35 83 38 93 27 86 33 73 25 53 28 82 69 50 38 61 20 79 26 57 26 11 20 20 48 74 68 71 76 62 43 19 63 43 15 12 85 43 64 59 25 47 61 85 31 27 69 35 83 91 40 86 34 71 57 0 32 71 15 36 41 87 14 20 78 84 15 82 44 98 97 87 46 13 75 79 97 54 18 39 83 54 63 58 30 22
17 39 23 45 51 71 79 91 59 90 72 28 77 96 35 27 52 79 53 20 19 18 57 74 76 79 16 45 74 65 74 33 53 78 90 66 20 35 51 97 49 57 58 66 33 59 81 97 55 46 79 56 53 14 18 23 14 95 97 49 54 93 42 41 99 45 80 52 68 88 26 24 19 47 99 77 16 28 49 32 0 93 83 75 67 32 59 13 87 95 73 44 38 54 51 82 82 55 58 84 85 43 22 44 87 38 61 73 61 50
50 21 94 91 77 78 23 13 47 95 70 58 12 80 20 99 95 22 76 27 79 37 85 73 37 89 89 73 42 44 73 64 83 34 34 63 45 85 56 75 51 43 73 26 30 40 65 93 53 25 53 96 19 90 51 49 96 34 82 66 65 49 54 54 42 17 53 68 94 74 23 80 56 12 72 83 92 46 51 71 93 0 68 72 61 33 40 71 26 58 55 28 61 53 54 64 18 54 27 14 64 63 63 46 30 86 23 59 88 45
81 90 90 76 18 18 77 22 80 89 41 54 26 61 43 46 23 49 93 28 63 68 74 30 13 57 82 44 96 12 76 78 58 81 71 95 33 67 37 79 20 23 94 25 91 55 24 97 87 72 87 15 11 51 82 62 53 36 80 20 20 12 41 15 17 79 29 72 98 93 27 27 92 68 19 53 70 67 65 15 83 68 0 14 38 70 93 70 37 94 27 26 68 99 71 55 23 71 87 20 56 93 55 48 27 51 30 55 69 74
86 14 62 17 42 82 34 49 48 60 69 21 66 64 12 80 61 38 18 57 88 36 89 89 73 69 15 76 65 66 89 51 89 55 15 77 94 90 79 94 84 33 26 41 91 89 18 38 58 54 83 72 97 35 39 35 41 84 68 51 46 63 57 80 37 72 28 86 92 42 11 29 62 23 76 50 87 20 61 36 75 72 14 0 30 17 45 25 32 79 79 84 11 42 72 72 76 97 28 54 76 17 28 25 78 87 77 74 32 43
45 80 70 38 38 89 23 86 94 22 72 81 38 84 38 88 89 79 39 65 29 32 30 95 17 43 71 63 49 36 63 70 32 39 94 27 71 55 36 91 99 87 10 28 63 96 69 73 51 54 47 26 68 36 83 17 79 89 62 88 51 38 23 18 27 48 69 49 64 51 37 52 72 61 35 13 22 57 64 41 67 61 38 30 0 43 74 33 28 40 42 65 31 12 99 33 43 13 55 27 42 60 50 53 56 45 28 25 37 93
85 64 81 85 78 33 14 24 10 23 47 36 91 47 57 28 93 74 39 45 49 11 95 84 15 93 67 79 95 23 54 81 53 72 30 50 55 87 71 23 20 84 33 24 50 64 99 85 84 93 33 59 13 70 16 45 45 68 79 21 67 54 84 91 20 76 95 57 21 33 35 32 97 46 92 47 57 40 37 87 32 33 70 17 43 0 26 33 63 38 78 37 81 41 93 30 29 52 33 48 91 97 81 39 83 43 13 77 80 44
86 99 91 35 36 16 87 41 84 55 62 81 52 18 35 96 82 95 75 58 42 46 48 28 15 89 15 45 54 53 28 57 80 28 42 66 96 45 97 86 72 77 61 54 47 20 72 13 80 35 23 36 25 72 89 24 97 48 53 14 33 38 62 31 91 93 77 79 27 61 37 44 73 93 75 63 74 95 51 14 59 40 93 45 74 26 0 52 45 30 56 21 93 50 62 43 78 35 95 10 56 37 43 25 64 35 26 99 37 26
72 68 69 81 32 44 27 84 98 19 11 78 42 69 48 81 26 93 97 91 32 12 45 79 62 21 48 68 81 55 43 35 83 44 27 90 79 74 89 63 44 22 74 31 11 23 58 96 88 61 53 47 54 26 13 88 85 94 33 93 51 47 73 49 38 91 19 17 72 72 58 90 25 96 20 65 73 96 22 20 13 71 70 25 33 33 52 0 33 15 45 11 41 43 77 82 58 72 94 46 57 34 25 70 68 52 33 53 82 36
56 70 10 43 72 20 37 29 63 82 24 97 39 90 24 10 24 87 29 36 34 98 50 57 10 57 81 57 91 90 15 60 54 49 27 28 26 49 27 14 67 19 37 19 69 50 23 96 41 68 60 50 44 39 75 24 17 47 35 35 93 40 83 21 10 72 89 48 14 74 99 69 37 12 76 10 97 94 37 78 87 26 37 32 28 63 45 33 0 50 73 94 41 38 83 33 77 86 47 10 92 61 26 92 80 51 20 74 62 16
71 33 67 93 24 96 18 67 55 40 77 54 57 16 34 78 99 89 82 49 25 12 20 29 51 94 65 81 77 27 50 37 73 18 22 53 53 79 90 83 17 37 36 60 86 66 45 59 45 56 46 27 71 98 57 49 54 25 42 23 48 36 37 13 52 40 85 34 61 89 56 27 43 86 91 41 12 89 89 84 95 58 94 79 40 38 30 15 50 0 90 21 51 34 29 31 77 64 29 36 84 16 26 54 65 23 12 59 67 81
22 77 60 55 39 27 37 31 45 23 63 40 38 81 21 66 24 51 66 65 88 92 13 65 27 15 55 76 38 86 62 62 40 80 24 54 83 96 32 20 38 70 69 56 76 92 14 98 64 83 54 35 34 64 79 61 70 14 94 76 14 58 61 44 83 23 98 27 95 39 88 95 14 91 23 96 31 80 42 15 73 55 27 79 42 78 56 45 73 90 0 90 12 99 73 52 83 75 57 19 86 38 59 38 11 24 65 30 51 61
79 73 97 56 15 51 35 42 64 63 24 17 85 62 90 91 98 17 68 13 43 55 66 66 86 11 30 62 27 89 49 26 78 46 97 60 56 38 24 62 93 77 51 19 19 82 25 89 80 45 16 38 50 78 87 13 46 35 19 14 86 71 90 79 14 68 31 28 16 71 62 49 74 37 43 76 30 58 36 82 44 28 26 84 65 37 21 11 94 21 90 0 48 31 93 42 41 45 81 45 44 67 53 38 32 28 36 92 47 67
77 18 82 39 55 11 73 83 99 68 66 52 28 62 37 42 12 62 91 72 32 34 96 10 90 79 97 88 60 41 36 90 94 60 34 17 67 69 83 61 30 86 99 57 15 31 81 21 21 99 37 99 96 75 56 53 72 48 12 89 21 82 68 64 91 57 72 75 94 39 83 33 57 49 34 81 37 39 36 44 38 61 68 11 31 81 93 41 41 51 12 48 0 89 95 99 84 95 67 29 63 97 62 98 39 21 62 88 21 30
90 92 41 96 26 55 56 82 18 25 66 22 41 63 33 49 84 90 96 45 78 47 68 48 37 59 31 96 48 47 68 47 67 99 78 29 31 22 44 27 68 37 94 80 98 27 86 99 24 61 25 73 52 95 29 60 68 59 67 23 73 40 91 82 46 44 48 47 30 99 21 69 13 89 55 19 18 40 42 98 54 53 99 42 12 41 50 43 38 34 99 31 89 0 21 42 92 39 35 18 56 35 81 62 31 83 32 45 70 86
54 47 94 46 90 45 80 42 49 52 99 36 60 25 43 88 52 83 45 67 19 76 53 81 95 92 11 30 65 37 80 28 31 99 51 92 43 41 12 30 71 64 45 44 66 11 12 47 86 82 59 38 48 60 41 66 45 39 69 14 56 44 62 28 24 95 99 23 85 49 93 43 38 52 50 81 29 56 13 97 51 54 71 72 99 93 62 77 83 29 73 93 95 21 0 22 90 90 12 54 32 81 62 54 49 37 55 61 53 19
94 88 16 46 79 76 62 50 68 48 10 76 20 41 59 39 39 16 47 72 75 29 94 63 56 34 12 64 69 57 48 91 16 78 40 95 31 60 59 83 67 78 13 96 76 58 10 86 41 87 85 86 35 89 90 76 16 86 90 47 85 50 30 39 69 61 58 37 11 90 70 98 84 48 24 46 57 22 76 87 82 64 55 72 33 30 43 82 33 31 52 42 99 42 22 0 31 54 49 88 52 58 75 61 34 15 47 12 57 95
97 95 65 72 57 20 60 68 65 78 94 27 47 11 52 20 44 53 23 93 58 17 80 67 22 63 83 49 90 23 99 10 62 55 33 99 23 87 98 60 61 64 27 63 48 89 90 89 65 80 68 32 49 93 52 32 70 62 67 31 79 48 60 29 98 37 11 90 23 91 51 39 76 13 43 83 48 46 83 46 82 18 23 76 43 29 78 58 77 77 83 41 84 92 90 31 0 65 98 21 38 79 17 57 48 39 27 98 89 11
20 24 53 98 86 20 81 15 83 18 94 78 27 16 27 63 24 98 34 87 57 63 24 34 98 24 48 73 89 89 91 87 27 70 65 98 64 85 27 84 82 75 81 90 41 62 85 20 78 45 59 72 40 83 29 81 11 94 21 13 58 17 40 56 96 84 14 92 30 72 93 87 69 56 82 27 89 61 14 13 55 54 71 97 13 52 35 72 86 64 75 45 95 39 90 54 65 0 81 30 24 23 93 40 63 86 32 28 91 42
87 66 35 79 17 21 95 91 24 30 76 28 39 96 62 17 73 56 22 93 81 41 24 79 75 86 92 44 82 16 37 74 61 24 92 82 81 91 64 94 60 78 34 60 89 63 36 88 64 68 75 18 45 75 47 67 17 42 15 95 29 10 76 91 65 83 84 84 59 88 85 76 47 32 83 94 91 87 92 75 58 27 87 28 55 33 95 94 47 29 57 81 67 35 12 49 98 81 0 58 16 32 75 37 54 27 82 24 62 13
47 83 46 80 82 58 82 30 49 86 98 12 33 26 95 20 94 98 52 19 79 25 87 52 65 52 96 89 73 33 55 30 20 40 10 80 96 77 13 47 59 95 12 95 95 44 15 63 38 77 12 40 40 43 45 84 14 62 99 23 61 30 31 46 92 65 51 69 60 33 98 59 54 29 26 77 69 62 42 79 84 14 20 54 27 48 10 46 10 36 19 45 29 18 54 88 21 30 58 0 11 21 68 46 77 39 89 80 66 19
26 20 86 66 61 76 18 12 82 51 89 74 47 10 81 62 87 24 85 14 29 47 75 15 81 94 53 78 17 62 17 93 40 44 12 90 56 41 79 12 26 88 63 14 74 26 26 60 27 87 97 56 52 79 36 97 19 54 72 59 52 82 64 90 45 16 17 14 12 41 10 65 16 31 29 79 68 52 69 97 85 64 56 76 42 91 56 57 92 84 86 44 63 56 32 52 38 24 16 11 0 22 95 11 37 97 30 29 32 52
67 59 84 72 66 88 52 81 87 39 67 32 74 11 61 76 28 37 77 51 14 77 44 14 48 53 58 39 85 58 50 22 81 89 71 82 40 39 33 27 56 45 81 14 99 75 69 33 34 90 81 62 96 15 69 48 67 34 94 47 47 88 21 49 62 82 29 34 14 19 37 38 63 35 91 46 30 39 29 54 43 63 93 17 60 97 37 34 61 16 38 67 97 35 81 58 79 23 32 21 22 0 72 17 70 82 89 29 66 23
48 38 38 10 93 42 79 65 18 91 41 71 48 75 79 75 87 33 80 28 95 57 11 63 56 18 75 47 54 58 32 88 97 35 10 29 99 75 14 74 64 79 13 91 71 87 23 94 39 61 29 38 73 24 43 54 45 50 17 17 19 31 94 66 28 61 41 62 87 36 20 77 87 10 87 34 69 90 15 18 22 63 55 28 50 81 43 25 26 26 59 53 62 81 62 75 17 93 75 68 95 72 0 60 95 77 90 70 46 43
17 40 63 69 79 73 31 86 75 92 37 63 71 82 46 12 95 43 58 58 59 71 71 41 62 30 46 49 38 99 60 78 92 23 22 35 55 92 89 65 13 58 47 57 73 16 56 77 55 31 53 57 51 42 94 24 24 66 38 56 53 78 37 66 91 59 66 57 43 85 57 55 94 38 99 94 30 82 69 39 44 46 48 25 53 39 25 70 92 54 38 38 98 62 54 61 57 40 37 46 11 17 60 0 84 62 86 26 72 53
67 49 88 32 40 52 91 70 17 35 31 78 79 99 29 30 75 72 49 23 28 84 92 63 44 66 99 92 57 68 97 42 83 46 64 83 99 49 63 75 94 55 93 86 16 55 27 27 34 95 10 12 57 88 57 41 51 38 64 14 24 45 93 56 15 57 84 80 77 90 13 12 92 98 93 11 28 76 98 83 87 30 27 78 56 83 64 68 80 65 11 32 39 31 49 34 48 63 54 77 37 70 95 84 0 71 31 14 19 17
43 58 50 69 30 37 59 97 76 77 87 30 68 82 59 15 21 32 31 99 85 18 94 89 37 42 27 44 26 57 93 21 73 52 40 17 96 38 25 88 61 97 36 63 68 28 34 12 51 60 82 75 56 50 69 33 55 72 24 60 91 34 94 13 73 67 94 22 72 60 64 81 72 25 37 37 14 66 64 54 38 86 51 87 45 43 35 52 51 23 24 28 21 83 37 15 39 86 27 39 97 82 77 62 71 0 41 49 56 36
40 52 29 98 69 64 26 39 11 10 26 57 22 81 71 79 50 26 93 71 73 80 53 81 20 45 91 38 26 28 92 84 35 39 33 62 90 72 88 59 69 50 69 86 81 67 30 35 11 98 44 70 76 43 70 20 73 67 19 81 57 23 91 91 10 16 11 57 27 21 84 71 10 68 69 67 46 41 42 63 61 23 30 77 28 13 26 33 20 12 65 36 62 32 55 47 27 32 82 89 30 89 90 86 31 41 0 53 23 84
26 35 33 10 76 18 12 70 70 78 62 27 71 74 42 81 22 47 31 12 89 83 80 24 80 50 18 69 13 66 18 91 73 44 72 71 75 86 33 27 21 27 57 69 81 27 60 50 35 93 32 69 78 73 80 22 26 32 29 63 97 62 72 26 25 99 36 24 47 94 70 57 72 39 38 29 68 79 76 58 73 59 55 74 25 77 99 53 74 59 30 92 88 45 61 12 98 28 24 80 29 29 70 26 14 49 53 0 11 11
14 96 76 52 70 70 98 15 34 95 25 96 39 61 20 68 34 40 15 75 58 35 48 62 58 80 64 25 10 77 62 57 81 71 60 40 69 12 23 57 77 82 79 38 68 45 90 23 10 62 22 76 41 35 63 85 98 19 15 18 57 63 40 91 33 13 86 24 86 71 25 61 96 35 93 91 73 29 18 30 61 88 69 32 37 80 37 82 62 67 51 47 21 70 53 57 89 91 62 66 32 66 46 72 19 56 23 11 0 66
65 92 22 66 67 19 41 46 77 89 56 96 79 88 17 43 98 93 59 58 23 19 29 35 81 78 73 94 19 20 73 15 74 73 55 99 74 58 54 45 17 34 73 50 93 49 80 67 68 34 89 91 27 94 15 57 49 78 92 27 58 46 90 91 57 54 26 58 93 76 94 51 28 36 75 80 43 61 90 22 50 45 74 43 93 44 26 36 16 81 61 67 30 86 19 95 11 42 13 19 52 23 43 53 17 36 84 11 66 0