60
0 35 69 73 60 96 56 92 48 62 67 19 55 74 83 75 94 73 88 58 40 68 87 78 69 45 80 86 45 16 66 63 52 11 50 90 16 26 22 68 36 40 22 76 56 51 99 91 65 75 57 25 17 80 40 38 24 45 61 78
35 0 48 83 72 55 18 54 43 82 85 80 88 62 88 34 85 37 18 87 38 64 55 43 61 57 94 39 90 65 15 65 80 89 22 93 90 29 91 57 29 27 36 31 34 56 11 68 75 64 73 97 43 84 41 31 32 36 44 40
69 48 0 25 21 65 62 72 87 92 27 45 29 74 30 44 91 76 78 71 28 20 24 39 81 84 61 91 92 20 74 39 24 15 64 77 78 26 40 55 23 27 12 98 61 14 70 66 24 59 62 79 18 65 49 51 25 51 63 75
73 83 25 0 35 85 38 77 11 27 52 24 73 92 40 98 31 18 96 28 10 60 67 26 86 78 63 50 64 86 69 72 57 48 37 16 62 96 49 26 20 95 22 49 72 66 72 28 58 66 34 83 32 49 78 50 90 69 73 79
60 72 21 35 0 80 33 25 85 26 41 35 47 60 95 91 26 92 32 61 81 65 56 50 36 94 98 83 93 65 76 29 80 48 13 32 94 48 40 69 69 77 56 85 41 71 90 84 59 28 29 59 73 56 65 41 35 96 32 66
96 55 65 85 80 0 47 11 14 43 29 53 86 77 58 12 58 95 67 11 61 80 74 49 41 75 99 40 33 12 25 54 81 22 88 73 39 85 94 48 18 47 38 51 45 77 87 76 15 11 28 12 64 71 28 90 53 42 96 26
56 18 62 38 33 47 0 10 32 37 75 50 35 83 20 34 83 16 44 86 31 53 39 70 67 10 98 56 32 71 13 88 76 11 91 28 34 20 52 99 36 72 49 53 96 39 13 32 72 49 63 68 56 51 80 64 54 67 87 68
92 54 72 77 25 11 10 0 52 68 83 33 56 56 15 78 70 82 25 75 61 53 53 27 89 68 34 70 31 38 50 53 28 85 10 28 35 38 75 66 99 84 59 93 54 15 19 88 93 98 61 96 45 40 84 53 26 52 32 96
48 43 87 11 85 14 32 52 0 49 13 90 85 19 46 76 38 26 14 35 20 30 76 26 13 46 19 93 33 67 23 44 41 40 69 98 71 41 76 29 71 81 84 42 22 59 13 44 38 77 11 10 98 78 88 63 57 22 11 39
62 82 92 27 26 43 37 68 49 0 55 11 36 14 14 53 71 25 18 99 82 34 34 10 88 37 70 10 39 28 18 40 89 50 39 47 31 82 46 82 11 33 73 53 64 44 78 74 32 27 69 97 38 73 71 83 26 85 95 29
67 85 27 52 41 29 75 83 13 55 0 31 11 95 17 75 33 14 43 62 13 44 13 62 64 67 82 79 49 31 62 31 49 98 16 72 51 66 22 16 45 40 63 61 66 12 42 80 44 32 29 57 95 77 25 67 60 30 17 49
19 80 45 24 35 53 50 33 90 11 31 0 48 24 49 21 82 46 31 21 24 31 58 18 36 53 30 36 79 38 64 61 61 81 55 20 73 56 90 94 77 65 68 25 93 51 27 31 49 32 29 97 78 52 20 65 96 93 10 56
55 88 29 73 47 86 35 56 85 36 11 48 0 40 59 97 99 38 66 65 25 60 78 93 10 59 62 87 97 59 21 95 96 57 64 37 74 52 58 20 75 42 57 12 39 54 51 36 99 85 78 34 73 17 22 94 69 80 71 30
74 62 74 92 60 77 83 56 19 14 95 24 40 0 50 93 53 13 79 51 54 82 68 96 72 33 62 54 27 30 62 39 84 62 96 97 32 62 10 53 68 70 73 43 15 22 42 50 94 55 68 93 99 99 63 25 90 40 28 23
83 88 30 40 95 58 20 15 46 14 17 49 59 50 0 51 32 66 49 28 80 52 20 21 26 74 57 91 83 73 42 26 83 44 79 57 77 45 99 79 45 90 26 65 84 73 70 42 21 59 76 44 31 76 94 60 33 62 98 55
75 34 44 98 91 12 34 78 76 53 75 21 97 93 51 0 52 10 87 53 95 92 91 23 78 45 76 86 78 36 65 99 63 14 73 25 69 40 18 62 21 37 68 49 54 14 41 66 27 63 37 68 85 44 39 11 49 68 91 60
94 85 91 31 26 58 83 70 38 71 33 82 99 53 32 52 0 74 20 26 86 34 58 98 12 27 82 58 91 13 74 48 67 18 62 54 46 23 19 75 56 67 27 21 76 43 15 52 29 29 43 28 30 58 63 12 94 40 33 24
73 37 76 18 92 95 16 82 26 25 14 46 38 13 66 10 74 0 68 69 29 84 42 36 23 14 86 82 23 76 74 68 34 15 87 57 60 80 33 35 16 94 34 96 48 53 56 78 37 46 23 10 14 55 80 55 65 88 22 38
88 18 78 96 32 67 44 25 14 18 43 31 66 79 49 87 20 68 0 29 23 90 43 83 89 93 63 96 45 30 26 61 90 15 83 40 20 80 53 85 16 99 55 97 49 58 62 63 40 57 62 35 93 70 80 96 91 37 16 23
58 87 71 28 61 11 86 75 35 99 62 21 65 51 28 53 26 69 29 0 22 19 29 87 14 29 58 22 45 11 43 97 36 54 76 77 79 46 36 40 94 60 32 18 71 36 14 43 28 89 30 52 15 76 43 93 36 98 64 83
40 38 28 10 81 61 31 61 20 82 13 24 25 54 80 95 86 29 23 22 0 47 67 42 22 20 34 30 81 34 59 80 79 57 46 42 94 32 93 78 29 56 73 48 64 28 57 94 72 82 54 92 11 54 71 10 42 61 33 13
68 64 20 60 65 80 53 53 30 34 44 31 60 82 52 92 34 84 90 19 47 0 31 69 26 72 87 68 95 66 37 88 87 87 17 35 32 51 68 82 27 68 98 49 38 72 61 61 72 91 38 17 80 61 60 68 69 41 21 79
87 55 24 67 56 74 39 53 76 34 13 58 78 68 20 91 58 42 43 29 67 31 0 39 71 64 48 34 93 72 75 76 53 16 30 17 88 72 17 43 88 47 66 95 69 16 97 99 17 50 24 30 35 81 58 25 51 57 28 74
78 43 39 26 50 49 70 27 26 10 62 18 93 96 21 23 98 36 83 87 42 69 39 0 71 55 10 56 22 91 84 12 33 70 27 50 46 58 49 84 63 98 39 55 62 12 32 59 68 26 85 51 17 17 44 62 67 86 85 88
69 61 81 86 36 41 67 89 13 88 64 36 10 72 26 78 12 23 89 14 22 26 71 71 0 61 85 67 56 20 67 57 70 38 31 14 97 65 49 43 84 79 80 64 43 19 21 33 68 70 47 35 11 80 51 49 78 47 24 39
45 57 84 78 94 75 10 68 46 37 67 53 59 33 74 45 27 14 93 29 20 72 64 55 61 0 34 69 75 31 32 27 97 88 41 11 29 86 24 75 71 68 86 80 31 72 31 50 96 95 68 67 64 75 76 53 73 81 66 60
80 94 61 63 98 99 98 34 19 70 82 30 62 62 57 76 82 86 63 58 34 87 48 10 85 34 0 20 27 52 29 88 54 77 75 90 54 77 94 32 34 71 68 60 86 81 53 32 27 96 82 24 63 37 79 49 13 44 18 80
86 39 91 50 83 40 56 70 93 10 79 36 87 54 91 86 58 82 96 22 30 68 34 56 67 69 20 0 76 50 66 21 56 91 67 29 76 58 88 80 48 41 34 46 55 97 58 87 72 68 57 77 27 37 43 96 30 28 47 17
45 90 92 64 93 33 32 31 33 39 49 79 97 27 83 78 91 23 45 45 81 95 93 22 56 75 27 76 0 73 71 30 59 56 74 94 86 69 13 60 40 24 96 17 36 54 35 30 55 30 96 11 96 90 67 15 94 95 44 75
16 65 20 86 65 12 71 38 67 28 31 38 59 30 73 36 13 76 30 11 34 66 72 91 20 31 52 50 73 0 21 41 78 71 34 43 96 89 85 31 31 76 14 39 54 81 42 18 21 60 18 85 68 91 73 87 67 40 36 11
66 15 74 69 76 25 13 50 23 18 62 64 21 62 42 65 74 74 26 43 59 37 75 84 67 32 29 66 71 21 0 79 43 76 95 55 10 43 39 91 23 88 37 60 94 53 53 28 75 10 46 56 31 34 45 60 17 90 61 38
63 65 39 72 29 54 88 53 44 40 31 61 95 39 26 99 48 68 61 97 80 88 76 12 57 27 88 21 30 41 79 0 86 91 89 97 91 16 89 78 18 16 67 92 21 31 79 21 48 38 66 95 77 77 42 95 43 62 69 53
52 80 24 57 80 81 76 28 41 89 49 61 96 84 83 63 67 34 90 36 79 87 53 33 70 97 54 56 59 78 43 86 0 27 98 95 70 34 37 84 56 61 32 88 44 22 97 26 74 59 68 93 50 53 32 30 21 39 68 73
11 89 15 48 48 22 11 85 40 50 98 81 57 62 44 14 18 15 15 54 57 87 16 70 38 88 77 91 56 71 76 91 27 0 39 74 63 37 51 35 17 81 27 88 48 65 83 46 21 18 80 24 30 70 56 94 30 86 36 17
50 22 64 37 13 88 91 10 69 39 16 55 64 96 79 73 62 87 83 76 46 17 30 27 31 41 75 67 74 34 95 89 98 39 0 49 48 17 11 96 26 18 66 86 76 62 77 89 23 28 74 46 73 58 50 41 81 91 88 22
90 93 77 16 32 73 28 28 98 47 72 20 37 97 57 25 54 57 40 77 42 35 17 50 14 11 90 29 94 43 55 97 95 74 49 0 36 93 46 92 57 75 82 22 97 76 77 86 99 71 94 32 63 66 28 13 68 79 20 31
16 90 78 62 94 39 34 35 71 31 51 73 74 32 77 69 46 60 20 79 94 32 88 46 97 29 54 76 86 96 10 91 70 63 48 36 0 14 17 60 48 24 52 49 47 28 52 34 71 89 62 13 89 30 10 44 66 68 69 98
26 29 26 96 48 85 20 38 41 82 66 56 52 62 45 40 23 80 80 46 32 51 72 58 65 86 77 58 69 89 43 16 34 37 17 93 14 0 81 26 89 31 39 26 20 30 64 27 33 52 98 78 43 50 43 47 43 70 68 48
22 91 40 49 40 94 52 75 76 46 22 90 58 10 99 18 19 33 53 36 93 68 17 49 49 24 94 88 13 85 39 89 37 51 11 46 17 81 0 91 69 83 24 96 22 85 60 76 10 15 70 49 21 80 23 26 28 50 10 81
68 57 55 26 69 48 99 66 29 82 16 94 20 53 79 62 75 35 85 40 78 82 43 84 43 75 32 80 60 31 91 78 84 35 96 92 60 26 91 0 13 57 70 60 25 56 33 25 18 37 75 34 27 34 41 23 97 71 91 55
36 29 23 20 69 18 36 99 71 11 45 77 75 68 45 21 56 16 16 94 29 27 88 63 84 71 34 48 40 31 23 18 56 17 26 57 48 89 69 13 0 30 87 99 21 88 51 73 18 73 25 92 91 27 95 43 99 57 89 73
40 27 27 95 77 47 72 84 81 33 40 65 42 70 90 37 67 94 99 60 56 68 47 98 79 68 71 41 24 76 88 16 61 81 18 75 24 31 83 57 30 0 95 75 45 27 38 23 43 93 34 89 51 39 64 55 53 10 48 33
22 36 12 22 56 38 49 59 84 73 63 68 57 73 26 68 27 34 55 32 73 98 66 39 80 86 68 34 96 14 37 67 32 27 66 82 52 39 24 70 87 95 0 32 71 80 74 98 58 64 22 58 35 18 38 73 60 71 69 22
76 31 98 49 85 51 53 93 42 53 61 25 12 43 65 49 21 96 97 18 48 49 95 55 64 80 60 46 17 39 60 92 88 88 86 22 49 26 96 60 99 75 32 0 45 62 50 20 30 30 82 26 98 61 87 18 75 25 99 44
56 34 61 72 41 45 96 54 22 64 66 93 39 15 84 54 76 48 49 71 64 38 69 62 43 31 86 55 36 54 94 21 44 48 76 97 47 20 22 25 21 45 71 45 0 69 45 36 73 21 91 12 90 26 72 97 86 61 71 44
51 56 14 66 71 77 39 15 59 44 12 51 54 22 73 14 43 53 58 36 28 72 16 12 19 72 81 97 54 81 53 31 22 65 62 76 28 30 85 56 88 27 80 62 69 0 39 60 48 98 35 39 71 48 27 86 14 74 29 69
99 11 70 72 90 87 13 19 13 78 42 27 51 42 70 41 15 56 62 14 57 61 97 32 21 31 53 58 35 42 53 79 97 83 77 77 52 64 60 33 51 38 74 50 45 39 0 12 57 93 95 33 68 16 98 44 25 13 21 97
91 68 66 28 84 76 32 88 44 74 80 31 36 50 42 66 52 78 63 43 94 61 99 59 33 50 32 87 30 18 28 21 26 46 89 86 34 27 76 25 73 23 98 20 36 60 12 0 61 12 95 66 88 72 20 69 55 17 75 21
65 75 24 58 59 15 72 93 38 32 44 49 99 94 21 27 29 37 40 28 72 72 17 68 68 96 27 72 55 21 75 48 74 21 23 99 71 33 10 18 18 43 58 30 73 48 57 61 0 29 55 38 81 35 42 51 44 82 22 50
75 64 59 66 28 11 49 98 77 27 32 32 85 55 59 63 29 46 57 89 82 91 50 26 70 95 96 68 30 60 10 38 59 18 28 71 89 52 15 37 73 93 64 30 21 98 93 12 29 0 33 16 37 61 46 11 37 83 66 16
57 73 62 34 29 28 63 61 11 69 29 29 78 68 76 37 43 23 62 30 54 38 24 85 47 68 82 57 96 18 46 66 68 80 74 94 62 98 70 75 25 34 22 82 91 35 95 95 55 33 0 74 22 96 59 24 96 83 84 81
25 97 79 83 59 12 68 96 10 97 57 97 34 93 44 68 28 10 35 52 92 17 30 51 35 67 24 77 11 85 56 95 93 24 46 32 13 78 49 34 92 89 58 26 12 39 33 66 38 16 74 0 77 86 44 56 91 97 77 73
17 43 18 32 73 64 56 45 98 38 95 78 73 99 31 85 30 14 93 15 11 80 35 17 11 64 63 27 96 68 31 77 50 30 73 63 89 43 21 27 91 51 35 98 90 71 68 88 81 37 22 77 0 25 34 90 78 60 54 12
80 84 65 49 56 71 51 40 78 73 77 52 17 99 76 44 58 55 70 76 54 61 81 17 80 75 37 37 90 91 34 77 53 70 58 66 30 50 80 34 27 39 18 61 26 48 16 72 35 61 96 86 25 0 90 16 86 75 52 44
40 41 49 78 65 28 80 84 88 71 25 20 22 63 94 39 63 80 80 43 71 60 58 44 51 76 79 43 67 73 45 42 32 56 50 28 10 43 23 41 95 64 38 87 72 27 98 20 42 46 59 44 34 90 0 76 85 85 52 22
38 31 51 50 41 90 64 53 63 83 67 65 94 25 60 11 12 55 96 93 10 68 25 62 49 53 49 96 15 87 60 95 30 94 41 13 44 47 26 23 43 55 73 18 97 86 44 69 51 11 24 56 90 16 76 0 55 38 22 53
24 32 25 90 35 53 54 26 57 26 60 96 69 90 33 49 94 65 91 36 42 69 51 67 78 73 13 30 94 67 17 43 21 30 81 68 66 43 28 97 99 53 60 75 86 14 25 55 44 37 96 91 78 86 85 55 0 89 75 72
45 36 51 69 96 42 67 52 22 85 30 93 80 40 62 68 40 88 37 98 61 41 57 86 47 81 44 28 95 40 90 62 39 86 91 79 68 70 50 71 57 10 71 25 61 74 13 17 82 83 83 97 60 75 85 38 89 0 72 43
61 44 63 73 32 96 87 32 11 95 17 10 71 28 98 91 33 22 16 64 33 21 28 85 24 66 18 47 44 36 61 69 68 36 88 20 69 68 10 91 89 48 69 99 71 29 21 75 22 66 84 77 54 52 52 22 75 72 0 19
78 40 75 79 66 26 68 96 39 29 49 56 30 23 55 60 24 38 23 83 13 79 74 88 39 60 80 17 75 11 38 53 73 17 22 31 98 48 81 55 73 33 22 44 44 69 97 21 50 16 81 73 12 44 22 53 72 43 19 0