25
0 70 20 31 43 35 15 17 47 86 25 30 19 40 63 91 10 64 76 17 73 73 27 51 30
70 0 79 26 90 98 27 26 47 74 59 25 25 37 58 76 70 91 93 83 40 23 16 62 87
20 79 0 51 68 90 39 16 25 27 66 88 47 74 29 80 30 51 18 89 65 91 79 70 71
31 26 51 0 74 70 48 58 78 12 74 52 64 24 70 41 32 59 14 32 28 43 80 81 87
43 90 68 74 0 11 96 84 56 23 79 63 45 62 95 31 81 51 87 48 40 57 89 85 90
35 98 90 70 11 0 76 43 95 71 85 83 37 51 49 80 59 55 47 42 74 51 21 29 40
15 27 39 48 96 76 0 32 99 58 88 37 43 18 63 71 96 28 30 23 71 34 74 96 72
17 26 16 58 84 43 32 0 28 27 98 24 37 49 19 35 58 94 33 66 43 30 84 97 16
47 47 25 78 56 95 99 28 0 36 46 11 96 30 61 31 60 32 85 68 23 33 58 94 73
86 74 27 12 23 71 58 27 36 0 66 71 39 94 46 77 17 91 44 33 23 72 95 65 96
25 59 66 74 79 85 88 98 46 66 0 74 33 66 49 77 80 18 51 68 85 85 78 54 43
30 25 88 52 63 83 37 24 11 71 74 0 49 44 76 91 46 82 27 32 35 60 96 53 42
19 25 47 64 45 37 43 37 96 39 33 49 0 90 94 15 22 81 51 91 60 75 57 72 23
40 37 74 24 62 51 18 49 30 94 66 44 90 0 14 27 23 84 88 67 33 80 14 29 55
63 58 29 70 95 49 63 19 61 46 49 76 94 14 0 95 54 43 62 30 40 51 28 48 56
91 76 80 41 31 80 71 35 31 77 77 91 15 27 95 0 88 49 57 50 58 62 96 65 88
10 70 30 32 81 59 96 58 60 17 80 46 22 23 54 88 0 74 29 86 55 37 98 37 50
64 91 51 59 51 55 28 94 32 91 18 82 81 84 43 49 74 0 93 26 47 23 26 54 54
76 93 18 14 87 47 30 33 85 44 51 27 51 88 62 57 29 93 0 65 15 50 47 32 61
17 83 89 32 48 42 23 66 68 33 68 32 91 67 30 50 86 26 65 0 83 25 60 71 11
73 40 65 28 40 74 71 43 23 23 85 35 60 33 40 58 55 47 15 83 0 64 11 28 86
73 23 91 43 57 51 34 30 33 72 85 60 75 80 51 62 37 23 50 25 64 0 36 82 67
27 16 79 80 89 21 74 84 58 95 78 96 57 14 28 96 98 26 47 60 11 36 0 90 66
51 62 70 81 85 29 96 97 94 65 54 53 72 29 48 65 37 54 32 71 28 82 90 0 12
30 87 71 87 90 40 72 16 73 96 43 42 23 55 56 88 50 54 61 11 86 67 66 12 0