100
0 67 25 15 39 54 92 75 91 30 97 48 44 37 99 66 92 24 73 88 31 38 64 12 34 22 13 70 51 80 59 72 22 99 92 86 32 67 19 49 83 46 12 28 70 65 39 21 52 78 85 79 65 55 14 24 84 32 99 10 59 28 10 20 46 56 10 61 20 90 51 47 19 24 49 73 97 75 92 91 75 90 47 36 62 18 47 59 72 32 38 39 96 73 97 86 10 70 43 69
67 0 21 83 67 26 46 98 73 23 82 71 38 47 66 63 55 45 67 70 38 55 66 22 72 97 87 35 41 82 59 33 16 36 22 24 43 97 74 37 55 96 48 12 13 78 60 88 23 63 99 64 67 48 71 35 11 93 26 22 18 78 69 19 80 57 31 76 31 29 83 99 65 65 33 51 61 97 83 72 89 90 76 59 59 15 58 17 16 76 99 97 77 87 67 72 26 41 15 64
25 21 0 45 85 34 81 12 41 99 69 55 21 30 82 79 64 19 23 22 46 19 92 13 98 69 55 51 33 24 16 12 74 97 83 59 46 29 70 53 31 61 49 37 40 27 53 85 21 20 71 64 94 91 26 20 43 69 91 23 87 87 17 27 78 31 81 83 29 82 60 78 32 99 50 69 30 64 47 70 66 50 72 10 30 90 82 82 27 48 54 53 71 88 38 36 21 64 10 79
15 83 45 0 64 54 23 51 22 25 83 93 68 51 25 51 79 93 57 41 34 42 43 68 62 83 28 31 62 43 19 91 93 57 97 33 70 27 62 63 29 63 54 83 34 37 74 13 71 93 26 73 82 59 68 40 73 35 54 85 74 55 83 46 74 98 97 61 47 88 59 61 82 71 30 82 53 29 88 15 50 77 51 72 76 88 45 16 57 83 33 93 72 40 70 94 99 19 34 58
39 67 85 64 0 30 63 46 12 96 49 55 59 77 50 11 32 61 87 93 46 86 39 82 87 40 62 89 29 92 21 87 39 43 11 29 11 30 69 21 65 31 34 96 81 54 19 39 84 93 60 69 57 68 32 70 60 44 92 97 16 51 81 69 41 38 10 44 45 23 55 69 95 50 86 90 54 53 44 54 96 36 15 11 82 80 12 19 94 42 12 44 70 12 33 90 43 91 23 80
54 26 34 54 30 0 71 43 19 25 94 65 40 35 11 24 88 96 64 89 50 42 36 61 30 67 62 47 90 96 88 15 31 37 16 20 92 69 77 57 63 83 19 45 25 44 43 78 42 96 48 61 79 48 46 79 89 62 78 56 46 28 46 22 41 15 95 24 87 45 81 15 55 67 41 89 89 28 24 35 16 28 27 21 38 72 54 38 96 85 87 63 49 76 72 50 24 50 68 68
92 46 81 23 63 71 0 20 97 12 73 88 38 31 62 83 26 69 97 57 72 62 69 26 50 44 31 69 75 60 72 81 49 59 38 67 45 17 80 85 83 49 88 93 12 24 24 61 93 18 77 77 24 87 48 24 33 53 18 12 41 80 91 55 17 11 20 40 13 33 91 30 47 23 63 93 71 52 44 13 44 91 71 57 76 80 53 96 31 75 18 69 50 40 99 87 67 87 36 38
75 98 12 51 46 43 20 0 71 38 41 23 80 64 30 12 22 66 86 67 99 18 36 86 58 78 45 72 41 26 68 15 54 97 81 99 78 12 67 63 93 89 65 53 43 12 69 91 60 90 92 69 63 87 81 37 55 54 17 30 33 61 77 62 57 72 84 95 61 14 56 24 52 55 89 34 62 28 62 82 78 61 39 50 71 33 36 45 30 87 81 87 18 58 44 58 96 73 29 30
91 73 41 22 12 19 97 71 0 62 76 11 77 17 38 60 50 74 10 63 13 29 62 22 42 43 73 93 64 21 28 49 55 26 85 92 45 72 99 72 64 92 60 57 15 60 66 85 93 96 79 79 17 82 54 39 19 35 95 46 34 99 13 85 18 60 38 54 41 32 71 58 25 86 82 20 55 84 22 67 78 25 92 53 14 15 44 99 18 85 93 20 93 73 71 64 14 70 51 47
30 23 99 25 96 25 12 38 62 0 98 30 23 59 15 18 15 25 84 49 89 40 35 81 30 79 90 16 96 52 42 34 85 89 36 91 28 70 25 13 54 98 15 30 10 56 20 95 91 23 53 56 34 20 53 22 86 94 72 24 50 50 35 38 33 65 41 76 67 73 34 59 27 54 32 57 45 71 43 66 57 51 69 11 18 32 30 80 44 85 26 37 88 25 60 15 73 50 24 83
97 82 69 83 49 94 73 41 76 98 0 62 34 23 60 95 31 66 99 63 11 11 50 58 83 47 47 80 76 49 96 16 78 92 16 20 23 79 47 24 76 39 91 98 87 54 42 48 60 58 14 15 60 66 72 77 97 12 80 70 37 52 96 72 89 46 96 10 58 56 91 87 45 47 30 28 55 18 19 14 59 48 50 82 33 60 26 21 64 96 50 91 96 96 80 21 29 18 47 91
48 71 55 93 55 65 88 23 11 30 62 0 39 36 42 67 65 45 59 22 93 15 19 65 66 91 31 52 84 76 91 88 25 28 33 28 90 80 39 44 22 49 10 40 22 49 93 59 64 35 31 16 20 52 64 19 37 34 66 34 81 90 72 39 61 87 54 57 82 22 93 23 52 72 12 15 28 57 50 88 33 70 47 57 57 46 51 26 80 64 89 62 92 32 88 56 64 50 12 65
44 38 21 68 59 40 38 80 77 23 34 39 0 63 58 13 97 81 23 40 77 21 16 46 98 28 24 63 50 62 15 68 16 10 12 41 41 11 24 37 28 29 70 67 27 83 97 31 16 72 73 49 63 17 21 50 39 26 15 85 37 48 21 15 94 61 52 39 27 53 19 14 90 50 77 70 63 10 52 59 59 97 89 49 84 17 83 56 18 11 39 12 87 80 92 83 32 78 94 44
37 47 30 51 77 35 31 64 17 59 23 36 63 0 75 45 96 13 70 16 16 48 62 59 61 93 95 20 94 21 96 83 54 43 98 58 49 84 45 96 81 96 93 71 99 46 32 30 63 83 34 81 75 20 37 57 22 31 61 92 76 78 98 71 44 70 52 83 46 65 73 35 12 66 83 66 21 41 28 96 60 68 11 15 65 40 83 63 77 54 93 55 28 44 95 76 48 53 14 38
99 66 82 25 50 11 62 30 38 15 60 42 58 75 0 88 54 77 37 61 48 11 76 71 16 77 75 63 16 27 81 46 97 43 82 15 54 85 96 94 55 52 18 13 58 81 79 12 59 69 56 84 89 77 26 44 70 70 75 85 97 94 28 86 84 97 98 68 23 82 82 47 83 86 25 15 76 46 43 65 51 51 60 99 95 91 60 60 10 11 43 49 87 59 18 64 24 55 19 76
66 63 79 51 11 24 83 12 60 18 95 67 13 45 88 0 96 97 91 18 93 12 58 37 22 21 35 72 45 39 12 64 17 17 26 83 90 87 22 79 34 58 33 48 90 34 20 88 48 61 72 33 54 87 70 95 72 26 28 63 44 45 86 60 67 36 22 11 25 24 21 59 42 21 40 20 26 17 66 11 89 99 24 67 26 28 39 70 23 57 88 32 21 47 82 83 85 49 12 42
92 55 64 79 32 88 26 22 50 15 31 65 97 96 54 96 0 73 48 41 36 29 90 15 30 52 50 24 37 62 51 65 61 65 89 16 55 79 18 50 71 22 14 98 57 22 90 39 28 70 13 32 35 76 52 17 48 65 69 83 41 82 39 38 98 28 17 61 63 38 29 68 32 20 26 87 53 68 90 80 67 81 45 34 77 93 77 36 92 88 68 50 92 34 50 68 17 71 30 55
24 45 19 93 61 96 69 66 74 25 66 45 81 13 77 97 73 0 77 22 82 49 89 16 16 62 38 92 34 69 47 63 70 60 30 51 75 60 40 92 62 26 14 93 81 56 96 92 94 39 12 40 68 25 86 84 78 44 82 29 45 25 60 74 40 71 24 26 33 41 92 58 88 70 47 90 81 59 95 14 93 28 91 29 31 82 87 56 72 54 32 71 70 55 19 81 76 74 43 27
73 67 23 57 87 64 97 86 10 84 99 59 23 70 37 91 48 77 0 52 75 41 36 31 47 19 85 26 33 36 95 66 40 99 11 10 74 42 90 23 21 86 72 36 93 12 34 46 67 85 16 92 11 56 98 65 18 40 16 77 53 98 62 27 88 66 19 64 75 46 41 44 65 94 94 82 59 39 97 78 87 86 15 10 22 38 97 91 60 94 92 44 27 80 32 59 80 84 27 30
88 70 22 41 93 89 57 67 63 49 63 22 40 16 61 18 41 22 52 0 68 45 92 79 20 89 53 93 61 57 56 23 29 55 89 93 66 74 78 25 21 65 70 79 27 80 82 97 12 55 23 74 16 10 98 55 93 41 12 97 49 14 73 78 41 72 10 34 44 58 45 79 24 71 65 53 63 45 47 47 56 80 19 36 93 80 97 56 55 17 62 44 61 67 88 62 19 29 42 69
31 38 46 34 46 50 72 99 13 89 11 93 77 16 48 93 36 82 75 68 0 26 45 67 66 23 50 57 61 34 39 56 21 20 44 55 16 83 68 39 95 57 40 25 49 17 25 21 70 49 68 16 28 65 26 58 93 76 82 89 57 57 32 35 37 26 73 14 81 32 75 12 92 23 72 33 97 74 80 84 81 22 96 87 13 95 76 67 86 55 76 40 37 43 14 88 12 71 57 22
38 55 19 42 86 42 62 18 29 40 11 15 21 48 11 12 29 49 41 45 26 0 81 22 68 49 52 99 35 98 27 90 30 11 85 21 11 70 99 32 23 93 91 69 49 20 64 18 92 31 19 21 47 86 48 90 10 45 81 11 73 58 99 83 81 94 50 88 35 66 48 30 18 97 64 96 24 28 27 49 96 26 99 76 44 59 93 71 66 59 50 95 95 33 38 35 78 67 70 27
64 66 92 43 39 36 69 36 62 35 50 19 16 62 76 58 90 89 36 92 45 81 0 19 66 96 67 51 26 93 26 91 43 30 20 45 86 20 26 24 90 50 72 32 80 36 63 80 15 41 27 78 58 33 36 86 23 48 87 57 36 98 39 77 74 23 22 94 85 26 56 78 60 44 13 85 67 19 59 25 99 58 79 67 52 49 14 97 97 40 33 20 75 39 32 65 48 12 20 94
12 22 13 68 82 61 26 86 22 81 58 65 46 59 71 37 15 16 31 79 67 22 19 0 51 97 22 68 63 96 56 94 22 36 97 23 77 13 96 26 28 42 79 29 96 38 54 57 73 72 15 38 30 93 79 67 80 92 81 38 48 29 15 15 85 78 62 72 68 20 40 10 63 18 53 39 88 15 74 15 24 80 32 46 98 96 98 20 56 76 83 67 77 68 56 67 33 30 10 73
34 72 98 62 87 30 50 58 42 30 83 66 98 61 16 22 30 16 47 20 66 68 66 51 0 11 42 47 25 15 93 85 19 95 55 49 15 40 42 79 23 71 35 87 41 30 77 60 14 14 61 37 80 46 46 80 33 59 20 90 97 63 31 40 24 42 11 61 20 97 22 48 35 13 89 79 14 88 38 80 35 84 39 66 14 34 58 94 26 45 44 59 78 16 30 52 51 44 45 79
22 97 69 83 40 67 44 78 43 79 47 91 28 93 77 21 52 62 19 89 23 49 96 97 11 0 15 66 89 37 13 75 93 96 66 88 91 30 72 91 20 80 84 57 47 68 54 72 90 90 14 34 30 63 37 28 67 15 92 25 20 20 13 31 17 75 33 39 62 47 68 71 19 45 41 38 33 23 82 39 82 56 48 49 38 94 58 29 63 66 28 21 27 96 30 45 64 71 50 42
13 87 55 28 62 62 31 45 73 90 47 31 24 95 75 35 50 38 85 53 50 52 67 22 42 15 0 50 77 30 53 36 14 28 71 61 38 81 17 34 37 58 22 15 86 31 67 72 12 78 82 46 55 69 31 40 67 42 20 20 25 46 77 93 54 68 57 35 60 50 98 61 38 32 44 58 60 45 83 30 78 28 27 78 64 35 60 16 18 70 52 87 18 31 14 80 50 22 13 29
70 35 51 31 89 47 69 72 93 16 80 52 63 20 63 72 24 92 26 93 57 99 51 68 47 66 50 0 63 10 31 67 38 79 49 33 98 41 41 42 83 86 27 26 77 47 33 88 90 80 59 25 55 79 33 64 48 91 39 84 44 27 93 59 18 43 35 67 73 83 41 42 85 63 87 48 60 50 21 68 49 30 45 12 75 34 67 23 92 16 36 63 64 13 68 41 38 18 32 76
51 41 33 62 29 90 75 41 64 96 76 84 50 94 16 45 37 34 33 61 61 35 26 63 25 89 77 63 0 94 45 40 43 14 57 16 84 80 70 16 97 57 90 50 66 54 39 72 73 58 30 99 82 55 91 98 74 12 86 72 78 31 40 36 41 56 26 46 35 57 44 76 99 86 86 51 50 21 36 89 58 53 67 81 35 36 89 90 74 11 40 69 45 96 89 83 77 60 59 42
80 82 24 43 92 96 60 26 21 52 49 76 62 21 27 39 62 69 36 57 34 98 93 96 15 37 30 10 94 0 74 11 57 12 70 28 17 66 28 54 63 55 88 84 60 37 59 44 76 34 39 64 37 97 77 24 71 91 38 17 50 27 77 62 39 79 76 81 31 95 87 44 30 10 43 42 65 70 23 26 72 86 88 72 36 89 23 67 32 53 74 81 65 96 91 88 89 53 11 72
59 59 16 19 21 88 72 68 28 42 96 91 15 96 81 12 51 47 95 56 39 27 26 56 93 13 53 31 45 74 0 19 14 60 38 94 97 95 92 91 52 52 69 14 88 61 72 98 39 27 65 97 84 46 55 20 25 48 56 72 60 32 62 44 29 76 71 22 94 92 66 54 12 88 42 39 90 60 43 79 80 81 77 63 85 94 62 76 83 73 87 70 18 44 13 24 19 95 82 21
72 33 12 91 87 15 81 15 49 34 16 88 68 83 46 64 65 63 66 23 56 90 91 94 85 75 36 67 40 11 19 0 78 34 46 12 92 27 81 52 10 91 88 12 59 73 26 73 14 60 16 60 49 60 73 33 61 82 65 50 33 54 33 18 57 88 48 84 99 39 61 65 96 76 91 83 31 68 22 94 32 99 21 81 17 79 72 75 71 62 88 46 98 39 63 90 88 33 29 60
22 16 74 93 39 31 49 54 55 85 78 25 16 54 97 17 61 70 40 29 21 30 43 22 19 93 14 38 43 57 14 78 0 32 61 76 37 94 69 38 78 71 81 91 12 90 74 57 51 28 57 37 36 48 83 25 83 20 37 54 46 82 10 97 66 53 30 63 32 19 33 67 44 77 90 70 12 21 23 16 78 96 97 91 50 23 66 37 75 24 79 84 80 28 71 75 97 19 22 88
99 36 97 57 43 37 59 97 26 89 92 28 10 43 43 17 65 60 99 55 20 11 30 36 95 96 28 79 14 12 60 34 32 0 95 24 46 90 53 80 51 73 33 16 44 92 92 84 95 90 94 78 51 53 80 13 20 60 51 92 67 65 73 68 93 88 52 39 94 89 61 85 66 38 85 17 65 51 33 50 48 53 37 27 10 17 67 93 90 22 13 72 87 88 90 50 86 48 59 50
92 22 83 97 11 16 38 81 85 36 16 33 12 98 82 26 89 30 11 89 44 85 20 97 55 66 71 49 57 70 38 46 61 95 0 28 44 45 97 29 59 68 96 45 93 21 23 80 48 40 98 26 24 19 12 25 27 59 99 77 19 31 26 46 96 83 19 86 38 87 46 79 35 98 74 10 48 36 65 87 97 36 93 31 61 15 18 52 32 43 28 49 46 99 93 59 43 59 89 46
86 24 59 33 29 20 67 99 92 91 20 28 41 58 15 83 16 51 10 93 55 21 45 23 49 88 61 33 16 28 94 12 76 24 28 0 34 75 70 48 95 80 55 50 96 85 68 68 35 90 41 65 71 35 11 68 93 38 96 43 14 69 83 68 26 70 31 74 94 67 35 15 82 38 81 87 83 12 45 79 90 81 11 11 73 49 29 91 80 68 93 57 95 68 48 44 19 24 15 86
32 43 46 70 11 92 45 78 45 28 23 90 41 49 54 90 55 75 74 66 16 11 86 77 15 91 38 98 84 17 97 92 37 46 44 34 0 93 27 57 90 55 90 53 81 31 82 58 65 77 27 33 39 18 79 19 48 21 49 53 69 97 50 54 59 35 96 68 31 62 26 38 40 84 10 27 38 22 50 86 97 39 27 40 35 77 96 61 13 62 50 53 11 24 91 71 52 22 70 72
67 97 29 27 30 69 17 12 72 70 79 80 11 84 85 87 79 60 42 74 83 70 20 13 40 30 81 41 80 66 95 27 94 90 45 75 93 0 85 71 47 40 75 56 53 85 16 39 15 97 78 96 24 84 14 36 41 59 93 22 94 37 94 42 98 45 75 74 16 67 67 92 81 91 29 30 57 43 57 15 28 12 26 83 33 28 84 48 34 19 86 19 60 73 76 28 48 86 44 58
19 74 70 62 69 77 80 67 99 25 47 39 24 45 96 22 18 40 90 78 68 99 26 96 42 72 17 41 70 28 92 81 69 53 97 70 27 85 0 55 44 95 69 97 33 68 97 79 80 86 93 63 34 71 22 43 31 69 43 89 85 91 39 61 10 86 42 87 88 55 78 62 84 64 66 52 65 21 91 76 67 72 62 17 11 39 90 22 33 40 62 23 26 69 75 18 89 86 60 64
49 37 53 63 21 57 85 63 72 13 24 44 37 96 94 79 50 92 23 25 39 32 24 26 79 91 34 42 16 54 91 52 38 80 29 48 57 71 55 0 44 87 85 66 42 41 28 37 47 18 93 22 13 67 46 42 63 98 13 77 93 40 26 82 40 61 78 22 32 71 68 13 22 46 48 11 75 22 46 36 63 87 76 96 88 93 72 97 42 84 11 64 58 19 78 72 57 27 78 80
83 55 31 29 65 63 83 93 64 54 76 22 28 81 55 34 71 62 21 21 95 23 90 28 23 20 37 83 97 63 52 10 78 51 59 95 90 47 44 44 0 83 68 11 82 68 26 21 77 57 69 67 54 12 64 85 64 92 45 36 47 12 64 30 91 97 29 96 91 94 26 93 82 79 12 80 46 89 15 48 86 13 19 21 50 66 26 32 82 76 56 80 48 38 84 17 48 31 15 75
46 96 61 63 31 83 49 89 92 98 39 49 29 96 52 58 22 26 86 65 57 93 50 42 71 80 58 86 57 55 52 91 71 73 68 80 55 40 95 87 83 0 54 90 60 87 46 87 69 57 63 73 83 65 35 35 66 48 95 53 68 84 27 93 40 53 56 75 10 11 61 87 52 35 60 73 35 49 10 46 35 11 73 96 94 13 11 85 92 45 46 56 68 35 27 55 60 83 75 50
12 48 49 54 34 19 88 65 60 15 91 10 70 93 18 33 14 14 72 70 40 91 72 79 35 84 22 27 90 88 69 88 81 33 96 55 90 75 69 85 68 54 0 13 24 25 48 78 42 12 36 57 15 93 22 94 22 17 10 84 51 42 95 37 48 54 62 95 35 28 20 94 57 93 29 86 68 61 34 25 96 13 34 21 12 81 46 56 83 58 57 84 92 33 87 30 49 35 83 45
28 12 37 83 96 45 93 53 57 30 98 40 67 71 13 48 98 93 36 79 25 69 32 29 87 57 15 26 50 84 14 12 91 16 45 50 53 56 97 66 11 90 13 0 76 23 33 21 14 68 17 27 27 39 33 94 54 10 12 79 31 14 90 61 33 54 13 79 64 88 78 73 82 30 39 83 64 83 27 56 16 63 31 17 58 48 28 28 85 71 61 92 34 39 71 12 40 29 25 59
70 13 40 34 81 25 12 43 15 10 87 22 27 99 58 90 57 81 93 27 49 49 80 96 41 47 86 77 66 60 88 59 12 44 93 96 81 53 33 42 82 60 24 76 0 83 87 44 58 75 75 26 65 72 97 56 85 77 96 40 53 66 89 71 39 88 93 32 15 89 64 86 10 91 36 75 68 14 59 66 68 77 66 60 25 95 35 80 13 71 87 83 11 51 20 78 65 79 33 85
65 78 27 37 54 44 24 12 60 56 54 49 83 46 81 34 22 56 12 80 17 20 36 38 30 68 31 47 54 37 61 73 90 92 21 85 31 85 68 41 68 87 25 23 83 0 39 87 27 11 69 15 41 16 53 12 44 34 32 74 34 88 90 15 27 26 10 86 48 94 17 48 42 43 52 80 14 75 51 98 94 56 47 35 92 40 34 69 81 86 51 98 56 24 57 28 63 31 60 77
39 60 53 74 19 43 24 69 66 20 42 93 97 32 79 20 90 96 34 82 25 64 63 54 77 54 67 33 39 59 72 26 74 92 23 68 82 16 97 28 26 46 48 33 87 39 0 11 43 70 95 75 92 16 62 81 90 97 18 89 93 98 35 65 15 54 92 17 98 36 55 30 42 72 10 54 42 53 29 37 98 93 76 41 95 82 67 89 50 49 13 58 21 15 52 74 22 74 86 65
21 88 85 13 39 78 61 91 85 95 48 59 31 30 12 88 39 92 46 97 21 18 80 57 60 72 72 88 72 44 98 73 57 84 80 68 58 39 79 37 21 87 78 21 44 87 11 0 21 76 24 66 79 28 30 52 56 71 99 77 23 34 14 36 79 92 40 90 42 14 17 23 19 29 52 60 11 14 15 82 40 98 34 22 49 50 10 35 93 81 29 38 64 72 62 85 56 88 28 64
52 23 21 71 84 42 93 60 93 91 60 64 16 63 59 48 28 94 67 12 70 92 15 73 14 90 12 90 73 76 39 14 51 95 48 35 65 15 80 47 77 69 42 14 58 27 43 21 0 68 79 78 10 73 22 31 44 92 66 13 14 63 88 28 59 17 37 72 50 24 53 46 12 78 70 91 81 80 92 31 85 42 57 51 44 97 41 14 21 39 56 50 46 12 25 19 22 28 15 22
78 63 20 93 93 96 18 90 96 23 58 35 72 83 69 61 70 39 85 55 49 31 41 72 14 90 78 80 58 34 27 60 28 90 40 90 77 97 86 18 57 57 12 68 75 11 70 76 68 0 27 21 62 71 16 33 66 78 99 97 78 92 39 90 94 87 30 42 12 78 19 40 64 19 88 12 12 74 57 39 82 97 73 55 10 44 59 69 92 64 99 17 85 89 37 97 87 85 80 62
85 99 71 26 60 48 77 92 79 53 14 31 73 34 56 72 13 12 16 23 68 19 27 15 61 14 82 59 30 39 65 16 57 94 98 41 27 78 93 93 69 63 36 17 75 69 95 24 79 27 0 10 94 13 69 41 93 40 37 34 77 34 72 56 86 79 50 33 25 92 31 18 23 80 18 86 69 50 13 75 16 59 76 85 78 19 91 36 66 29 98 17 81 58 62 24 59 59 17 93
79 64 64 73 69 61 77 69 79 56 15 16 49 81 84 33 32 40 92 74 16 21 78 38 37 34 46 25 99 64 97 60 37 78 26 65 33 96 63 22 67 73 57 27 26 15 75 66 78 21 10 0 47 18 61 20 94 82 52 90 58 67 91 85 36 30 37 30 53 58 45 92 79 86 10 87 37 80 67 27 75 10 97 55 67 56 21 74 92 38 90 29 66 33 82 33 54 43 38 47
65 67 94 82 57 79 24 63 17 34 60 20 63 75 89 54 35 68 11 16 28 47 58 30 80 30 55 55 82 37 84 49 36 51 24 71 39 24 34 13 54 83 15 27 65 41 92 79 10 62 94 47 0 29 79 96 79 18 67 62 88 72 23 34 87 27 73 25 59 13 71 42 51 57 15 17 67 74 58 62 51 73 99 80 19 78 93 21 79 73 74 95 29 99 63 82 56 15 77 33
55 48 91 59 68 48 87 87 82 20 66 52 17 20 77 87 76 25 56 10 65 86 33 93 46 63 69 79 55 97 46 60 48 53 19 35 18 84 71 67 12 65 93 39 72 16 16 28 73 71 13 18 29 0 71 79 84 61 28 99 58 66 52 18 27 45 21 18 11 27 33 85 68 47 75 54 26 36 29 31 70 60 26 61 58 10 71 11 95 49 28 63 19 55 26 86 77 10 55 10
14 71 26 68 32 46 48 81 54 53 72 64 21 37 26 70 52 86 98 98 26 48 36 79 46 37 31 33 91 77 55 73 83 80 12 11 79 14 22 46 64 35 22 33 97 53 62 30 22 16 69 61 79 71 0 45 12 26 29 60 28 26 16 19 82 93 31 47 22 56 19 48 26 13 74 18 91 96 30 76 66 95 19 62 51 26 78 71 36 55 27 45 20 57 89 36 80 29 90 64
24 35 20 40 70 79 24 37 39 22 77 19 50 57 44 95 17 84 65 55 58 90 86 67 80 28 40 64 98 24 20 33 25 13 25 68 19 36 43 42 85 35 94 94 56 12 81 52 31 33 41 20 96 79 45 0 27 29 38 78 45 99 39 85 70 80 10 26 51 94 36 81 79 50 81 22 31 62 89 39 65 69 93 63 45 19 10 75 39 79 21 99 65 44 75 75 66 49 49 65
84 11 43 73 60 89 33 55 19 86 97 37 39 22 70 72 48 78 18 93 93 10 23 80 33 67 67 48 74 71 25 61 83 20 27 93 48 41 31 63 64 66 22 54 85 44 90 56 44 66 93 94 79 84 12 27 0 31 25 85 38 94 32 33 93 67 49 86 86 97 75 67 61 73 29 88 61 96 82 33 40 49 32 37 44 99 65 34 86 41 32 53 97 17 23 83 93 73 32 54
32 93 69 35 44 62 53 54 35 94 12 34 26 31 70 26 65 44 40 41 76 45 48 92 59 15 42 91 12 91 48 82 20 60 59 38 21 59 69 98 92 48 17 10 77 34 97 71 92 78 40 82 18 61 26 29 31 0 70 62 27 88 64 41 77 23 85 36 38 18 96 32 49 84 67 97 39 87 76 58 63 83 64 72 53 48 31 92 19 82 28 98 51 52 45 28 55 30 12 32
99 26 91 54 92 78 18 17 95 72 80 66 15 61 75 28 69 82 16 12 82 81 87 81 20 92 20 39 86 38 56 65 37 51 99 96 49 93 43 13 45 95 10 12 96 32 18 99 66 99 37 52 67 28 29 38 25 70 0 85 53 65 53 11 95 81 56 15 21 24 65 49 37 68 60 78 61 94 47 11 17 77 67 86 91 64 12 30 90 36 82 97 56 88 81 92 81 78 36 59
10 22 23 85 97 56 12 30 46 24 70 34 85 92 85 63 83 29 77 97 89 11 57 38 90 25 20 84 72 17 72 50 54 92 77 43 53 22 89 77 36 53 84 79 40 74 89 77 13 97 34 90 62 99 60 78 85 62 85 0 88 53 52 14 69 17 32 38 92 16 37 83 98 38 60 43 65 26 20 59 64 84 51 29 55 28 85 10 11 92 75 50 71 13 72 37 74 27 73 44
59 18 87 74 16 46 41 33 34 50 37 81 37 76 97 44 41 45 53 49 57 73 36 48 97 20 25 44 78 50 60 33 46 67 19 14 69 94 85 93 47 68 51 31 53 34 93 23 14 78 77 58 88 58 28 45 38 27 53 88 0 63 99 61 88 27 78 27 31 60 24 22 40 45 16 93 45 77 77 36 88 79 28 32 40 25 10 46 85 95 68 38 60 41 67 39 39 25 48 39
28 78 87 55 51 28 80 61 99 50 52 90 48 78 94 45 82 25 98 14 57 58 98 29 63 20 46 27 31 27 32 54 82 65 31 69 97 37 91 40 12 84 42 14 66 88 98 34 63 92 34 67 72 66 26 99 94 88 65 53 63 0 23 99 16 33 54 37 36 99 79 75 96 19 90 68 29 70 39 38 90 68 40 96 14 48 52 51 75 69 58 53 41 28 63 75 46 86 12 28
10 69 17 83 81 46 91 77 13 35 96 72 21 98 28 86 39 60 62 73 32 99 39 15 31 13 77 93 40 77 62 33 10 73 26 83 50 94 39 26 64 27 95 90 89 90 35 14 88 39 72 91 23 52 16 39 32 64 53 52 99 23 0 27 76 10 97 26 54 79 15 21 64 12 61 18 12 59 98 67 29 32 69 61 87 34 51 72 48 21 42 86 67 31 70 55 81 95 60 59
20 19 27 46 69 22 55 62 85 38 72 39 15 71 86 60 38 74 27 78 35 83 77 15 40 31 93 59 36 62 44 18 97 68 46 68 54 42 61 82 30 93 37 61 71 15 65 36 28 90 56 85 34 18 19 85 33 41 11 14 61 99 27 0 26 53 22 52 30 41 96 93 65 72 74 16 84 81 46 49 53 81 50 25 48 25 39 83 32 36 94 59 74 66 33 68 21 81 42 40
46 80 78 74 41 41 17 57 18 33 89 61 94 44 84 67 98 40 88 41 37 81 74 85 24 17 54 18 41 39 29 57 66 93 96 26 59 98 10 40 91 40 48 33 39 27 15 79 59 94 86 36 87 27 82 70 93 77 95 69 88 16 76 26 0 27 93 73 70 57 25 48 61 67 39 92 48 61 80 70 86 90 24 44 89 68 70 45 44 54 58 79 81 70 37 87 29 11 89 83
56 57 31 98 38 15 11 72 60 65 46 87 61 70 97 36 28 71 66 72 26 94 23 78 42 75 68 43 56 79 76 88 53 88 83 70 35 45 86 61 97 53 54 54 88 26 54 92 17 87 79 30 27 45 93 80 67 23 81 17 27 33 10 53 27 0 68 71 31 19 94 34 59 98 85 82 25 31 41 55 89 77 57 34 22 89 16 28 83 79 45 34 19 12 45 23 84 99 62 86
10 31 81 97 10 95 20 84 38 41 96 54 52 52 98 22 17 24 19 10 73 50 22 62 11 33 57 35 26 76 71 48 30 52 19 31 96 75 42 78 29 56 62 13 93 10 92 40 37 30 50 37 73 21 31 10 49 85 56 32 78 54 97 22 93 68 0 50 35 90 43 10 25 17 71 37 54 84 89 34 44 13 34 66 14 97 11 34 16 34 96 54 92 41 14 34 25 48 80 60
61 76 83 61 44 24 40 95 54 76 10 57 39 83 68 11 61 26 64 34 14 88 94 72 61 39 35 67 46 81 22 84 63 39 86 74 68 74 87 22 96 75 95 79 32 86 17 90 72 42 33 30 25 18 47 26 86 36 15 38 27 37 26 52 73 71 50 0 91 30 91 13 86 53 51 92 89 16 12 72 25 87 12 66 51 27 89 49 26 35 61 83 64 56 56 64 29 50 19 19
20 31 29 47 45 87 13 61 41 67 58 82 27 46 23 25 63 33 75 44 81 35 85 68 20 62 60 73 35 31 94 99 32 94 38 94 31 16 88 32 91 10 35 64 15 48 98 42 50 12 25 53 59 11 22 51 86 38 21 92 31 36 54 30 70 31 35 91 0 96 21 62 41 72 53 42 59 30 23 80 79 57 72 39 91 83 67 41 94 24 37 17 15 94 47 40 52 12 92 46
90 29 82 88 23 45 33 14 32 73 56 22 53 65 82 24 38 41 46 58 32 66 26 20 97 47 50 83 57 95 92 39 19 89 87 67 62 67 55 71 94 11 28 88 89 94 36 14 24 78 92 58 13 27 56 94 97 18 24 16 60 99 79 41 57 19 90 30 96 0 99 62 17 89 87 67 72 83 73 82 65 79 25 41 82 10 66 51 97 91 50 98 58 67 68 18 11 22 93 59
51 83 60 59 55 81 91 56 71 34 91 93 19 73 82 21 29 92 41 45 75 48 56 40 22 68 98 41 44 87 66 61 33 61 46 35 26 67 78 68 26 61 20 78 64 17 55 17 53 19 31 45 71 33 19 36 75 96 65 37 24 79 15 96 25 94 43 91 21 99 0 66 92 64 99 37 28 21 11 84 41 33 80 55 22 15 86 21 40 91 40 57 38 37 10 39 86 16 54 75
47 99 78 61 69 15 30 24 58 59 87 23 14 35 47 59 68 58 44 79 12 30 78 10 48 71 61 42 76 44 54 65 67 85 79 15 38 92 62 13 93 87 94 73 86 48 30 23 46 40 18 92 42 85 48 81 67 32 49 83 22 75 21 93 48 34 10 13 62 62 66 0 99 76 85 28 32 45 61 61 32 77 66 99 23 21 28 82 17 30 71 56 95 23 23 46 43 78 75 63
19 65 32 82 95 55 47 52 25 27 45 52 90 12 83 42 32 88 65 24 92 18 60 63 35 19 38 85 99 30 12 96 44 66 35 82 40 81 84 22 82 52 57 82 10 42 42 19 12 64 23 79 51 68 26 79 61 49 37 98 40 96 64 65 61 59 25 86 41 17 92 99 0 26 53 72 33 58 93 76 73 86 76 20 60 87 44 82 67 27 87 74 57 32 21 44 57 19 32 88
24 65 99 71 50 67 23 55 86 54 47 72 50 66 86 21 20 70 94 71 23 97 44 18 13 45 32 63 86 10 88 76 77 38 98 38 84 91 64 46 79 35 93 30 91 43 72 29 78 19 80 86 57 47 13 50 73 84 68 38 45 19 12 72 67 98 17 53 72 89 64 76 26 0 66 81 80 68 27 90 54 89 34 65 44 15 58 37 28 32 38 36 64 86 88 86 35 10 45 26
49 33 50 30 86 41 63 89 82 32 30 12 77 83 25 40 26 47 94 65 72 64 13 53 89 41 44 87 86 43 42 91 90 85 74 81 10 29 66 48 12 60 29 39 36 52 10 52 70 88 18 10 15 75 74 81 29 67 60 60 16 90 61 74 39 85 71 51 53 87 99 85 53 66 0 25 33 13 33 47 16 11 39 23 47 24 98 18 73 34 40 68 61 17 25 41 55 76 80 17
73 51 69 82 90 89 93 34 20 57 28 15 70 66 15 20 87 90 82 53 33 96 85 39 79 38 58 48 51 42 39 83 70 17 10 87 27 30 52 11 80 73 86 83 75 80 54 60 91 12 86 87 17 54 18 22 88 97 78 43 93 68 18 16 92 82 37 92 42 67 37 28 72 81 25 0 85 14 33 94 51 17 36 93 28 18 62 96 22 66 25 73 23 42 69 26 11 46 21 75
97 61 30 53 54 89 71 62 55 45 55 28 63 21 76 26 53 81 59 63 97 24 67 88 14 33 60 60 50 65 90 31 12 65 48 83 38 57 65 75 46 35 68 64 68 14 42 11 81 12 69 37 67 26 91 31 61 39 61 65 45 29 12 84 48 25 54 89 59 72 28 32 33 80 33 85 0 70 66 23 70 24 90 82 14 90 91 44 89 81 12 62 77 16 96 13 23 81 28 71
75 97 64 29 53 28 52 28 84 71 18 57 10 41 46 17 68 59 39 45 74 28 19 15 88 23 45 50 21 70 60 68 21 51 36 12 22 43 21 22 89 49 61 83 14 75 53 14 80 74 50 80 74 36 96 62 96 87 94 26 77 70 59 81 61 31 84 16 30 83 21 45 58 68 13 14 70 0 66 64 17 55 97 77 47 86 63 62 97 69 84 42 42 19 12 42 49 64 60 12
92 83 47 88 44 24 44 62 22 43 19 50 52 28 43 66 90 95 97 47 80 27 59 74 38 82 83 21 36 23 43 22 23 33 65 45 50 57 91 46 15 10 34 27 59 51 29 15 92 57 13 67 58 29 30 89 82 76 47 20 77 39 98 46 80 41 89 12 23 73 11 61 93 27 33 33 66 66 0 85 69 81 36 23 78 39 83 13 18 95 94 75 17 42 68 53 46 16 79 42
91 72 70 15 54 35 13 82 67 66 14 88 59 96 65 11 80 14 78 47 84 49 25 15 80 39 30 68 89 26 79 94 16 50 87 79 86 15 76 36 48 46 25 56 66 98 37 82 31 39 75 27 62 31 76 39 33 58 11 59 36 38 67 49 70 55 34 72 80 82 84 61 76 90 47 94 23 64 85 0 35 96 41 52 22 55 76 12 78 25 41 19 50 30 11 76 22 30 34 70
75 89 66 50 96 16 44 78 78 57 59 33 59 60 51 89 67 93 87 56 81 96 99 24 35 82 78 49 58 72 80 32 78 48 97 90 97 28 67 63 86 35 96 16 68 94 98 40 85 82 16 75 51 70 66 65 40 63 17 64 88 90 29 53 86 89 44 25 79 65 41 32 73 54 16 51 70 17 69 35 0 54 28 68 50 70 87 78 33 61 97 46 80 88 91 22 58 30 60 88
90 90 50 77 36 28 91 61 25 51 48 70 97 68 51 99 81 28 86 80 22 26 58 80 84 56 28 30 53 86 81 99 96 53 36 81 39 12 72 87 13 11 13 63 77 56 93 98 42 97 59 10 73 60 95 69 49 83 77 84 79 68 32 81 90 77 13 87 57 79 33 77 86 89 11 17 24 55 81 96 54 0 35 49 93 17 39 55 77 83 40 41 41 35 80 76 67 95 15 36
47 76 72 51 15 27 71 39 92 69 50 47 89 11 60 24 45 91 15 19 96 99 79 32 39 48 27 45 67 88 77 21 97 37 93 11 27 26 62 76 19 73 34 31 66 47 76 34 57 73 76 97 99 26 19 93 32 64 67 51 28 40 69 50 24 57 34 12 72 25 80 66 76 34 39 36 90 97 36 41 28 35 0 15 25 64 50 98 25 43 19 75 95 97 78 65 63 77 89 53
36 59 10 72 11 21 57 50 53 11 82 57 49 15 99 67 34 29 10 36 87 76 67 46 66 49 78 12 81 72 63 81 91 27 31 11 40 83 17 96 21 96 21 17 60 35 41 22 51 55 85 55 80 61 62 63 37 72 86 29 32 96 61 25 44 34 66 66 39 41 55 99 20 65 23 93 82 77 23 52 68 49 15 0 54 86 89 49 90 45 48 71 52 73 77 19 88 40 59 74
62 59 30 76 82 38 76 71 14 18 33 57 84 65 95 26 77 31 22 93 13 44 52 98 14 38 64 75 35 36 85 17 50 10 61 73 35 33 11 88 50 94 12 58 25 92 95 49 44 10 78 67 19 58 51 45 44 53 91 55 40 14 87 48 89 22 14 51 91 82 22 23 60 44 47 28 14 47 78 22 50 93 25 54 0 32 96 70 26 34 93 52 86 22 42 64 39 46 67 76
18 15 90 88 80 72 80 33 15 32 60 46 17 40 91 28 93 82 38 80 95 59 49 96 34 94 35 34 36 89 94 79 23 17 15 49 77 28 39 93 66 13 81 48 95 40 82 50 97 44 19 56 78 10 26 19 99 48 64 28 25 48 34 25 68 89 97 27 83 10 15 21 87 15 24 18 90 86 39 55 70 17 64 86 32 0 88 24 89 53 54 60 11 78 69 14 43 44 89 73
47 58 82 45 12 54 53 36 44 30 26 51 83 83 60 39 77 87 97 97 76 93 14 98 58 58 60 67 89 23 62 72 66 67 18 29 96 84 90 72 26 11 46 28 35 34 67 10 41 59 91 21 93 71 78 10 65 31 12 85 10 52 51 39 70 16 11 89 67 66 86 28 44 58 98 62 91 63 83 76 87 39 50 89 96 88 0 60 53 35 11 64 41 33 60 92 18 86 76 33
59 17 82 16 19 38 96 45 99 80 21 26 56 63 60 70 36 56 91 56 67 71 97 20 94 29 16 23 90 67 76 75 37 93 52 91 61 48 22 97 32 85 56 28 80 69 89 35 14 69 36 74 21 11 71 75 34 92 30 10 46 51 72 83 45 28 34 49 41 51 21 82 82 37 18 96 44 62 13 12 78 55 98 49 70 24 60 0 68 86 80 20 90 23 28 56 59 94 22 33
72 16 27 57 94 96 31 30 18 44 64 80 18 77 10 23 92 72 60 55 86 66 97 56 26 63 18 92 74 32 83 71 75 90 32 80 13 34 33 42 82 92 83 85 13 81 50 93 21 92 66 92 79 95 36 39 86 19 90 11 85 75 48 32 44 83 16 26 94 97 40 17 67 28 73 22 89 97 18 78 33 77 25 90 26 89 53 68 0 76 28 27 91 59 71 62 30 11 97 66
32 76 48 83 42 85 75 87 85 85 96 64 11 54 11 57 88 54 94 17 55 59 40 76 45 66 70 16 11 53 73 62 24 22 43 68 62 19 40 84 76 45 58 71 71 86 49 81 39 64 29 38 73 49 55 79 41 82 36 92 95 69 21 36 54 79 34 35 24 91 91 30 27 32 34 66 81 69 95 25 61 83 43 45 34 53 35 86 76 0 56 38 90 16 75 81 83 92 19 59
38 99 54 33 12 87 18 81 93 26 50 89 39 93 43 88 68 32 92 62 76 50 33 83 44 28 52 36 40 74 87 88 79 13 28 93 50 86 62 11 56 46 57 61 87 51 13 29 56 99 98 90 74 28 27 21 32 28 82 75 68 58 42 94 58 45 96 61 37 50 40 71 87 38 40 25 12 84 94 41 97 40 19 48 93 54 11 80 28 56 0 94 22 22 84 96 65 68 56 23
39 97 53 93 44 63 69 87 20 37 91 62 12 55 49 32 50 71 44 44 40 95 20 67 59 21 87 63 69 81 70 46 84 72 49 57 53 19 23 64 80 56 84 92 83 98 58 38 50 17 17 29 95 63 45 99 53 98 97 50 38 53 86 59 79 34 54 83 17 98 57 56 74 36 68 73 62 42 75 19 46 41 75 71 52 60 64 20 27 38 94 0 63 99 98 11 48 85 64 60
96 77 71 72 70 49 50 18 93 88 96 92 87 28 87 21 92 70 27 61 37 95 75 77 78 27 18 64 45 65 18 98 80 87 46 95 11 60 26 58 48 68 92 34 11 56 21 64 46 85 81 66 29 19 20 65 97 51 56 71 60 41 67 74 81 19 92 64 15 58 38 95 57 64 61 23 77 42 17 50 80 41 95 52 86 11 41 90 91 90 22 63 0 99 14 56 55 89 53 24
73 87 88 40 12 76 40 58 73 25 96 32 80 44 59 47 34 55 80 67 43 33 39 68 16 96 31 13 96 96 44 39 28 88 99 68 24 73 69 19 38 35 33 39 51 24 15 72 12 89 58 33 99 55 57 44 17 52 88 13 41 28 31 66 70 12 41 56 94 67 37 23 32 86 17 42 16 19 42 30 88 35 97 73 22 78 33 23 59 16 22 99 99 0 46 34 20 47 96 32
97 67 38 70 33 72 99 44 71 60 80 88 92 95 18 82 50 19 32 88 14 38 32 56 30 30 14 68 89 91 13 63 71 90 93 48 91 76 75 78 84 27 87 71 20 57 52 62 25 37 62 82 63 26 89 75 23 45 81 72 67 63 70 33 37 45 14 56 47 68 10 23 21 88 25 69 96 12 68 11 91 80 78 77 42 69 60 28 71 75 84 98 14 46 0 64 59 97 24 71
86 72 36 94 90 50 87 58 64 15 21 56 83 76 64 83 68 81 59 62 88 35 65 67 52 45 80 41 83 88 24 90 75 50 59 44 71 28 18 72 17 55 30 12 78 28 74 85 19 97 24 33 82 86 36 75 83 28 92 37 39 75 55 68 87 23 34 64 40 18 39 46 44 86 41 26 13 42 53 76 22 76 65 19 64 14 92 56 62 81 96 11 56 34 64 0 10 67 72 98
10 26 21 99 43 24 67 96 14 73 29 64 32 48 24 85 17 76 80 19 12 78 48 33 51 64 50 38 77 89 19 88 97 86 43 19 52 48 89 57 48 60 49 40 65 63 22 56 22 87 59 54 56 77 80 66 93 55 81 74 39 46 81 21 29 84 25 29 52 11 86 43 57 35 55 11 23 49 46 22 58 67 63 88 39 43 18 59 30 83 65 48 55 20 59 10 0 61 88 69
70 41 64 19 91 50 87 73 70 50 18 50 78 53 55 49 71 74 84 29 71 67 12 30 44 71 22 18 60 53 95 33 19 48 59 24 22 86 86 27 31 83 35 29 79 31 74 88 28 85 59 43 15 10 29 49 73 30 78 27 25 86 95 81 11 99 48 50 12 22 16 78 19 10 76 46 81 64 16 30 30 95 77 40 46 44 86 94 11 92 68 85 89 47 97 67 61 0 66 30
43 15 10 34 23 68 36 29 51 24 47 12 94 14 19 12 30 43 27 42 57 70 20 10 45 50 13 32 59 11 82 29 22 59 89 15 70 44 60 78 15 75 83 25 33 60 86 28 15 80 17 38 77 55 90 49 32 12 36 73 48 12 60 42 89 62 80 19 92 93 54 75 32 45 80 21 28 60 79 34 60 15 89 59 67 89 76 22 97 19 56 64 53 96 24 72 88 66 0 19
69 64 79 58 80 68 38 30 47 83 91 65 44 38 76 42 55 27 30 69 22 27 94 73 79 42 29 76 42 72 21 60 88 50 46 86 72 58 64 80 75 50 45 59 85 77 65 64 22 62 93 47 33 10 64 65 54 32 59 44 39 28 59 40 83 86 60 19 46 59 75 63 88 26 17 75 71 12 42 70 88 36 53 74 76 73 33 33 66 59 23 60 24 32 71 98 69 30 19 0