90
0 59 95 46 21 71 59 26 33 47 77 48 38 69 96 21 72 69 57 99 89 89 36 60 73 22 24 86 61 28 55 44 85 39 28 72 77 62 94 40 95 43 24 53 28 15 95 55 69 85 74 31 13 81 49 82 77 11 12 86 27 37 50 27 37 46 59 77 20 36 61 98 85 23 70 83 41 16 30 84 67 60 83 15 26 52 58 53 43 29
59 0 54 22 62 81 31 84 81 57 87 56 23 34 48 87 91 96 16 24 12 48 29 32 63 79 34 93 58 66 60 19 70 79 26 19 14 73 49 41 91 51 87 16 85 49 24 80 21 25 99 29 22 16 29 33 28 10 35 81 31 43 19 94 63 46 44 95 91 48 48 64 43 27 32 47 26 20 28 50 91 94 10 94 99 78 89 22 11 16
95 54 0 86 63 91 54 91 47 70 17 80 63 44 53 99 96 71 21 22 90 68 53 71 12 48 55 83 64 47 18 31 75 69 51 16 30 91 31 96 63 45 74 44 31 65 12 67 45 85 88 60 20 19 76 74 94 57 18 99 56 62 43 88 24 22 71 18 46 12 86 75 64 71 90 99 61 99 97 22 21 68 73 64 94 35 64 78 61 60
46 22 86 0 69 83 46 23 40 81 49 78 36 40 39 40 23 65 54 48 75 67 89 15 10 79 31 63 89 63 63 16 43 80 25 34 47 68 59 32 45 12 97 73 98 42 86 28 17 58 48 18 70 76 98 89 51 92 34 76 46 77 44 95 29 23 13 74 49 23 89 57 10 34 94 33 39 75 13 33 91 78 14 74 52 36 45 15 42 49
21 62 63 69 0 34 32 69 87 87 58 64 31 67 74 32 15 92 70 90 69 55 44 33 29 27 84 14 76 95 20 63 41 26 62 83 24 30 45 13 29 56 99 95 85 58 12 18 21 41 36 80 56 23 97 48 67 74 40 17 35 10 27 27 52 67 76 46 55 72 62 46 37 48 61 77 71 27 60 13 71 43 73 23 96 94 86 60 27 60
71 81 91 83 34 0 47 96 18 41 25 84 48 57 41 94 44 65 22 28 76 83 87 51 31 14 38 83 10 61 66 17 68 78 71 42 68 50 61 41 58 30 50 92 40 45 71 76 99 97 20 62 89 48 44 16 22 25 46 48 18 89 69 25 95 88 71 80 70 71 52 49 24 68 69 20 49 83 75 69 90 47 98 60 36 57 89 53 71 17
59 31 54 46 32 47 0 23 50 79 98 90 25 91 63 76 57 71 79 76 81 45 96 48 22 86 65 45 61 74 88 79 68 68 88 83 51 85 54 99 51 21 17 13 12 90 92 11 78 57 80 84 96 24 65 59 68 48 47 72 24 80 78 44 84 30 27 92 92 69 66 46 40 54 77 59 61 74 96 28 96 84 25 28 21 96 78 20 18 68
26 84 91 23 69 96 23 0 57 54 76 59 82 97 16 87 89 35 50 98 49 75 71 65 67 28 54 28 10 44 19 99 73 69 23 68 81 73 52 21 89 18 45 81 95 85 82 97 12 99 79 64 65 33 18 37 11 51 24 78 19 95 42 52 89 56 25 58 10 38 88 39 96 80 11 40 90 89 78 48 55 41 97 61 41 47 32 86 28 58
33 81 47 40 87 18 50 57 0 69 22 34 23 27 37 18 62 93 98 12 76 57 25 37 37 76 90 34 68 80 74 80 23 42 93 57 80 85 48 28 85 41 80 22 26 68 76 53 12 60 50 41 19 58 39 64 47 35 30 84 56 16 49 25 98 43 64 89 13 36 63 17 30 59 94 22 69 47 58 68 25 11 49 91 64 84 66 68 27 18
47 57 70 81 87 41 79 54 69 0 59 13 30 61 41 64 76 46 10 67 59 64 37 13 65 79 42 55 92 75 17 77 38 23 92 37 14 15 77 39 80 21 25 90 83 80 48 72 51 98 18 93 85 42 97 58 99 60 13 40 80 62 40 68 22 61 32 51 99 31 90 15 65 30 32 72 75 14 39 95 50 66 32 94 75 63 25 90 36 42
77 87 17 49 58 25 98 76 22 59 0 10 94 75 15 65 16 77 63 37 43 85 34 53 92 74 29 99 18 59 28 43 53 92 29 36 46 68 32 35 61 98 69 75 10 30 80 99 54 15 50 83 22 19 53 90 58 16 85 62 96 18 91 17 36 47 64 56 68 78 59 70 71 43 96 87 59 87 92 68 71 80 26 50 75 78 90 72 75 77
48 56 80 78 64 84 90 59 34 13 10 0 50 92 64 75 41 44 63 28 91 75 67 88 76 35 88 71 37 34 25 64 99 46 91 54 49 22 55 77 10 69 85 42 72 40 23 59 18 34 45 65 34 33 20 43 44 40 20 25 81 84 45 83 68 62 36 37 68 46 78 26 25 35 64 51 22 34 38 44 86 25 63 32 17 81 91 70 44 53
38 23 63 36 31 48 25 82 23 30 94 50 0 64 14 17 47 35 85 10 92 55 97 30 48 69 46 11 15 64 57 63 43 59 23 71 41 49 33 38 47 23 65 80 99 34 47 89 11 48 15 64 65 32 18 76 70 23 61 42 41 42 21 14 15 10 24 58 93 14 57 44 48 19 96 86 39 43 35 95 45 44 11 58 88 38 56 85 78 67
69 34 44 40 67 57 91 97 27 61 75 92 64 0 18 38 59 76 34 77 89 89 71 15 77 46 70 90 25 18 60 58 59 33 87 75 99 75 67 83 67 31 14 47 93 74 31 49 48 14 78 94 49 79 96 92 20 87 65 56 47 93 79 84 43 11 51 97 65 85 33 64 93 57 75 81 31 21 47 46 42 45 54 13 93 11 46 35 87 23
96 48 53 39 74 41 63 16 37 41 15 64 14 18 0 56 40 71 98 98 10 19 88 47 96 72 97 16 85 13 54 34 57 39 71 10 75 98 27 22 49 39 91 63 25 30 84 16 72 50 35 99 85 86 48 39 11 43 91 77 53 15 96 36 93 92 60 44 60 64 76 35 38 60 17 10 43 20 34 76 95 91 49 32 78 15 36 99 82 67
21 87 99 40 32 94 76 87 18 64 65 75 17 38 56 0 89 88 28 57 89 58 73 21 61 31 85 24 95 43 50 88 77 47 24 20 21 84 47 31 37 57 18 87 71 49 26 45 22 53 16 96 49 61 27 10 96 79 20 81 86 90 44 26 12 38 45 62 44 87 55 73 64 85 26 33 69 95 29 84 40 93 68 12 23 27 47 15 16 14
72 91 96 23 15 44 57 89 62 76 16 41 47 59 40 89 0 55 81 41 85 93 67 82 36 86 91 85 39 28 68 10 50 19 28 72 15 80 78 93 52 93 53 24 65 16 34 51 28 71 49 55 79 92 69 26 60 71 74 75 30 97 60 16 61 51 58 52 31 30 45 74 68 99 46 19 60 67 95 80 90 45 34 29 64 75 27 24 27 98
69 96 71 65 92 65 71 35 93 46 77 44 35 76 71 88 55 0 89 21 30 42 20 30 18 45 11 78 68 57 68 13 13 23 17 29 19 11 68 23 76 42 80 76 15 79 25 87 29 79 81 20 41 23 15 36 31 24 49 25 58 13 33 93 13 91 65 13 28 27 18 56 13 81 48 28 44 86 47 10 33 53 75 52 16 83 49 21 49 17
57 16 21 54 70 22 79 50 98 10 63 63 85 34 98 28 81 89 0 20 65 49 22 24 85 60 68 11 72 14 57 94 89 14 67 24 10 25 74 84 78 69 72 32 75 47 33 93 51 54 71 85 11 37 39 59 72 53 73 32 42 90 91 88 69 75 19 50 18 65 48 80 91 58 59 85 30 24 30 18 12 64 95 95 64 45 38 84 54 33
99 24 22 48 90 28 76 98 12 67 37 28 10 77 98 57 41 21 20 0 10 87 32 31 32 38 38 69 52 86 52 17 72 68 44 85 30 97 78 81 32 47 35 93 46 28 61 24 62 99 37 76 57 59 55 98 93 55 81 94 93 92 96 14 17 29 28 89 34 37 21 78 30 42 92 38 53 37 68 95 73 21 70 20 35 90 91 38 45 10
89 12 90 75 69 76 81 49 76 59 43 91 92 89 10 89 85 30 65 10 0 39 31 46 92 11 96 31 93 67 32 97 51 45 36 13 30 37 12 84 14 52 88 31 70 10 53 28 40 77 75 90 87 32 36 53 71 76 14 57 67 50 99 35 66 42 51 71 10 14 77 40 42 43 23 85 37 67 54 49 11 26 38 20 80 49 71 95 98 92
89 48 68 67 55 83 45 75 57 64 85 75 55 89 19 58 93 42 49 87 39 0 51 23 44 96 20 55 64 88 60 58 23 64 67 15 69 20 74 94 31 67 87 70 46 43 40 47 34 39 60 54 35 57 57 16 71 99 22 70 72 60 50 87 22 14 17 75 22 50 47 14 36 74 95 92 25 78 48 96 64 78 15 26 75 34 74 31 31 69
36 29 53 89 44 87 96 71 25 37 34 67 97 71 88 73 67 20 22 32 31 51 0 63 87 76 46 30 42 37 47 41 40 56 58 31 14 15 50 96 82 86 58 49 10 44 41 37 41 20 17 22 22 22 71 68 59 17 99 47 45 53 54 23 61 38 80 67 64 49 62 56 50 89 21 57 24 81 54 84 51 52 36 80 60 41 90 55 30 58
60 32 71 15 33 51 48 65 37 13 53 88 30 15 47 21 82 30 24 31 46 23 63 0 68 35 95 79 73 66 64 38 50 26 20 53 29 38 61 48 30 10 40 29 49 56 20 13 75 39 61 23 27 71 64 84 83 62 38 35 40 65 13 72 31 31 54 36 51 28 72 95 59 13 56 91 14 31 26 62 19 53 27 55 40 70 61 86 97 28
73 63 12 10 29 31 22 67 37 65 92 76 48 77 96 61 36 18 85 32 92 44 87 68 0 21 26 10 50 50 41 60 33 41 70 94 56 98 82 23 35 27 20 98 79 15 10 95 57 81 76 69 95 32 29 24 86 76 76 15 43 46 57 82 89 45 57 68 12 71 56 16 83 55 50 58 20 85 34 81 54 22 14 77 70 87 62 53 13 38
22 79 48 79 27 14 86 28 76 79 74 35 69 46 72 31 86 45 60 38 11 96 76 35 21 0 41 66 58 75 56 67 31 20 42 82 89 68 44 80 67 58 75 83 89 94 58 69 87 65 77 26 80 56 56 75 12 85 62 34 73 61 13 65 16 58 56 77 36 59 51 87 67 71 64 32 65 37 49 94 26 17 47 75 13 46 38 45 80 79
24 34 55 31 84 38 65 54 90 42 29 88 46 70 97 85 91 11 68 38 96 20 46 95 26 41 0 12 36 91 32 29 64 76 31 34 32 84 64 84 53 46 38 93 75 19 22 94 94 16 32 14 48 32 44 92 85 64 49 82 67 23 29 34 98 67 86 55 51 47 48 31 59 32 99 33 89 99 73 78 52 31 90 95 79 99 27 55 61 25
86 93 83 63 14 83 45 28 34 55 99 71 11 90 16 24 85 78 11 69 31 55 30 79 10 66 12 0 15 99 54 36 20 63 15 34 76 94 98 37 54 26 55 44 86 19 86 82 33 46 43 53 90 13 32 17 93 87 92 56 95 74 99 28 40 34 19 91 52 29 51 66 15 45 45 89 76 91 34 28 16 75 69 81 60 91 11 27 21 25
61 58 64 89 76 10 61 10 68 92 18 37 15 25 85 95 39 68 72 52 93 64 42 73 50 58 36 15 0 82 89 53 66 83 75 86 70 18 39 90 58 68 27 91 37 94 64 57 11 67 95 23 17 66 92 95 57 76 54 26 67 37 47 18 40 17 60 34 36 50 70 39 33 65 11 25 52 27 50 54 75 39 55 85 64 94 93 88 34 50
28 66 47 63 95 61 74 44 80 75 59 34 64 18 13 43 28 57 14 86 67 88 37 66 50 75 91 99 82 0 31 60 67 22 67 24 14 84 21 96 54 81 31 35 21 66 79 14 70 10 10 94 55 24 19 78 65 13 46 48 94 56 24 77 40 71 18 23 45 68 45 43 42 63 55 23 87 89 56 57 63 77 61 44 16 17 35 70 26 28
55 60 18 63 20 66 88 19 74 17 28 25 57 60 54 50 68 68 57 52 32 60 47 64 41 56 32 54 89 31 0 79 24 39 26 13 20 84 85 52 19 47 19 36 85 68 78 35 51 38 38 39 97 50 44 53 36 30 90 58 15 51 83 62 57 66 51 28 23 23 74 79 94 15 64 49 92 60 10 53 64 59 48 57 77 24 35 88 77 35
44 19 31 16 63 17 79 99 80 77 43 64 63 58 34 88 10 13 94 17 97 58 41 38 60 67 29 36 53 60 79 0 92 54 77 87 45 89 63 93 20 85 41 27 76 72 32 66 38 38 63 57 41 88 86 39 39 14 18 10 39 22 47 25 56 68 73 78 36 85 81 88 25 52 68 67 67 71 19 72 73 69 93 15 18 96 95 12 33 29
85 70 75 43 41 68 68 73 23 38 53 99 43 59 57 77 50 13 89 72 51 23 40 50 33 31 64 20 66 67 24 92 0 73 48 28 81 78 63 97 33 22 45 22 99 60 78 27 35 63 52 30 65 79 47 77 81 68 65 44 23 27 77 93 75 19 84 64 96 69 88 27 14 44 41 81 86 81 71 33 99 33 55 49 88 79 34 41 77 96
39 79 69 80 26 78 68 69 42 23 92 46 59 33 39 47 19 23 14 68 45 64 56 26 41 20 76 63 83 22 39 54 73 0 61 74 17 63 18 49 77 16 15 60 19 81 89 90 10 76 97 96 26 19 47 57 51 78 25 54 16 13 52 88 55 22 45 23 88 28 33 49 70 83 61 75 94 79 29 24 93 22 41 84 45 84 70 66 54 24
28 26 51 25 62 71 88 23 93 92 29 91 23 87 71 24 28 17 67 44 36 67 58 20 70 42 31 15 75 67 26 77 48 61 0 50 62 36 98 98 73 99 49 68 41 58 26 86 56 65 30 97 31 78 20 56 26 98 39 76 54 30 41 81 49 15 46 34 52 21 25 84 70 96 34 38 34 65 26 91 67 91 89 54 96 28 56 37 14 25
72 19 16 34 83 42 83 68 57 37 36 54 71 75 10 20 72 29 24 85 13 15 31 53 94 82 34 34 86 24 13 87 28 74 50 0 37 18 39 11 87 23 67 51 78 73 69 77 40 78 48 51 17 30 54 83 12 70 99 86 99 67 55 55 51 36 11 39 40 68 14 19 50 26 16 30 16 67 41 53 15 87 42 57 78 52 32 22 55 32
77 14 30 47 24 68 51 81 80 14 46 49 41 99 75 21 15 19 10 30 30 69 14 29 56 89 32 76 70 14 20 45 81 17 62 37 0 99 49 49 27 46 57 62 76 68 52 73 10 99 40 90 72 41 91 50 45 77 13 28 85 89 99 36 91 92 49 75 68 40 36 15 68 89 47 43 10 75 87 63 16 25 16 31 85 94 68 64 52 72
62 73 91 68 30 50 85 73 85 15 68 22 49 75 98 84 80 11 25 97 37 20 15 38 98 68 84 94 18 84 84 89 78 63 36 18 99 0 35 56 15 95 25 38 38 46 28 70 16 92 48 40 74 15 88 30 10 51 49 32 90 80 17 46 66 56 35 77 74 81 51 12 36 99 27 90 51 28 17 54 83 27 71 82 86 18 98 16 77 36
94 49 31 59 45 61 54 52 48 77 32 55 33 67 27 47 78 68 74 78 12 74 50 61 82 44 64 98 39 21 85 63 63 18 98 39 49 35 0 96 85 26 72 95 15 18 88 90 47 34 92 20 40 54 65 65 89 71 53 21 22 59 33 90 48 70 64 88 29 50 58 84 82 85 64 62 88 48 80 77 84 76 26 21 53 93 29 57 70 27
40 41 96 32 13 41 99 21 28 39 35 77 38 83 22 31 93 23 84 81 84 94 96 48 23 80 84 37 90 96 52 93 97 49 98 11 49 56 96 0 65 69 78 64 28 95 72 24 66 80 85 62 41 18 36 36 36 26 78 39 63 34 93 12 79 18 89 55 76 30 83 41 51 16 77 33 44 54 84 55 81 75 61 30 24 80 47 35 87 88
95 91 63 45 29 58 51 89 85 80 61 10 47 67 49 37 52 76 78 32 14 31 82 30 35 67 53 54 58 54 19 20 33 77 73 87 27 15 85 65 0 66 22 51 61 71 61 79 52 85 16 75 24 45 74 47 70 33 40 55 15 83 13 16 82 11 24 38 70 63 38 59 49 14 49 22 42 15 81 85 25 62 16 96 54 48 84 27 56 36
43 51 45 12 56 30 21 18 41 21 98 69 23 31 39 57 93 42 69 47 52 67 86 10 27 58 46 26 68 81 47 85 22 16 99 23 46 95 26 69 66 0 12 64 77 34 86 16 67 67 21 94 85 83 11 14 24 83 28 20 80 66 11 64 85 37 11 11 55 41 50 14 66 50 64 93 30 84 13 98 91 98 19 29 23 96 30 31 46 23
24 87 74 97 99 50 17 45 80 25 69 85 65 14 91 18 53 80 72 35 88 87 58 40 20 75 38 55 27 31 19 41 45 15 49 67 57 25 72 78 22 12 0 66 94 13 65 18 68 14 85 23 66 39 86 22 54 39 23 30 90 60 66 40 17 34 22 99 14 21 16 50 46 22 91 36 64 70 73 20 47 45 62 14 50 85 57 30 77 79
53 16 44 73 95 92 13 81 22 90 75 42 80 47 63 87 24 76 32 93 31 70 49 29 98 83 93 44 91 35 36 27 22 60 68 51 62 38 95 64 51 64 66 0 67 50 12 90 47 26 28 33 25 36 64 76 59 91 47 82 34 57 11 99 35 75 72 21 34 74 20 91 39 69 45 85 55 65 10 38 11 66 93 26 14 93 76 29 90 14
28 85 31 98 85 40 12 95 26 83 10 72 99 93 25 71 65 15 75 46 70 46 10 49 79 89 75 86 37 21 85 76 99 19 41 78 76 38 15 28 61 77 94 67 0 82 88 13 14 77 97 37 82 20 83 61 44 19 28 81 25 31 82 24 92 62 89 20 43 16 19 16 64 72 82 11 63 83 71 32 98 55 18 77 25 75 94 29 84 12
15 49 65 42 58 45 90 85 68 80 30 40 34 74 30 49 16 79 47 28 10 43 44 56 15 94 19 19 94 66 68 72 60 81 58 73 68 46 18 95 71 34 13 50 82 0 32 27 17 41 27 91 36 34 35 37 71 75 80 78 61 34 56 56 73 37 13 77 53 71 69 58 46 22 51 64 60 13 87 59 71 37 39 50 80 30 83 71 29 77
95 24 12 86 12 71 92 82 76 48 80 23 47 31 84 26 34 25 33 61 53 40 41 20 10 58 22 86 64 79 78 32 78 89 26 69 52 28 88 72 61 86 65 12 88 32 0 64 26 34 80 51 82 47 74 71 85 80 54 51 41 36 97 98 48 70 99 88 67 71 85 19 39 20 37 98 34 65 23 54 31 68 97 80 14 92 72 23 17 29
55 80 67 28 18 76 11 97 53 72 99 59 89 49 16 45 51 87 93 24 28 47 37 13 95 69 94 82 57 14 35 66 27 90 86 77 73 70 90 24 79 16 18 90 13 27 64 0 21 40 89 32 31 61 40 57 62 50 81 59 34 83 77 12 63 95 86 92 71 18 90 31 24 22 66 11 43 22 57 70 68 47 52 81 89 71 15 87 53 11
69 21 45 17 21 99 78 12 12 51 54 18 11 48 72 22 28 29 51 62 40 34 41 75 57 87 94 33 11 70 51 38 35 10 56 40 10 16 47 66 52 67 68 47 14 17 26 21 0 94 24 17 77 24 59 39 39 74 46 14 18 16 76 25 34 50 25 65 14 40 75 60 35 75 65 43 33 79 64 87 17 59 41 29 27 34 56 52 34 90
85 25 85 58 41 97 57 99 60 98 15 34 48 14 50 53 71 79 54 99 77 39 20 39 81 65 16 46 67 10 38 38 63 76 65 78 99 92 34 80 85 67 14 26 77 41 34 40 94 0 35 74 11 84 33 38 82 86 20 60 69 61 39 13 57 87 61 64 33 35 63 16 65 65 76 93 86 95 47 28 12 21 19 21 64 81 72 42 55 44
74 99 88 48 36 20 80 79 50 18 50 45 15 78 35 16 49 81 71 37 75 60 17 61 76 77 32 43 95 10 38 63 52 97 30 48 40 48 92 85 16 21 85 28 97 27 80 89 24 35 0 13 56 70 62 44 48 44 32 24 47 46 98 14 29 16 59 19 11 42 58 81 67 14 69 19 79 46 25 72 21 59 55 90 43 36 45 55 58 17
31 29 60 18 80 62 84 64 41 93 83 65 64 94 99 96 55 20 85 76 90 54 22 23 69 26 14 53 23 94 39 57 30 96 97 51 90 40 20 62 75 94 23 33 37 91 51 32 17 74 13 0 76 86 19 86 71 96 84 74 62 56 13 82 65 83 57 56 32 61 59 26 67 56 74 91 69 19 29 38 24 37 41 19 11 11 74 73 51 24
13 22 20 70 56 89 96 65 19 85 22 34 65 49 85 49 79 41 11 57 87 35 22 27 95 80 48 90 17 55 97 41 65 26 31 17 72 74 40 41 24 85 66 25 82 36 82 31 77 11 56 76 0 53 83 78 80 85 56 77 74 37 72 72 21 53 65 21 82 31 11 26 66 31 87 48 50 51 27 86 90 18 47 71 13 41 72 56 47 65
81 16 19 76 23 48 24 33 58 42 19 33 32 79 86 61 92 23 37 59 32 57 22 71 32 56 32 13 66 24 50 88 79 19 78 30 41 15 54 18 45 83 39 36 20 34 47 61 24 84 70 86 53 0 63 16 40 88 83 94 34 41 33 63 71 61 70 56 69 81 36 18 16 32 94 51 80 64 37 12 23 42 18 40 41 78 81 78 63 77
49 29 76 98 97 44 65 18 39 97 53 20 18 96 48 27 69 15 39 55 36 57 71 64 29 56 44 32 92 19 44 86 47 47 20 54 91 88 65 36 74 11 86 64 83 35 74 40 59 33 62 19 83 63 0 31 42 66 36 26 65 84 96 46 75 20 20 62 65 95 97 17 42 64 61 83 44 30 13 56 80 46 84 58 72 34 32 63 54 43
82 33 74 89 48 16 59 37 64 58 90 43 76 92 39 10 26 36 59 98 53 16 68 84 24 75 92 17 95 78 53 39 77 57 56 83 50 30 65 36 47 14 22 76 61 37 71 57 39 38 44 86 78 16 31 0 64 16 48 87 86 68 55 82 89 10 70 61 24 51 75 94 76 63 57 94 19 66 53 86 77 96 19 91 51 67 85 91 85 90
77 28 94 51 67 22 68 11 47 99 58 44 70 20 11 96 60 31 72 93 71 71 59 83 86 12 85 93 57 65 36 39 81 51 26 12 45 10 89 36 70 24 54 59 44 71 85 62 39 82 48 71 80 40 42 64 0 21 60 29 80 31 14 11 56 36 85 65 27 88 67 51 11 41 80 33 62 67 45 10 33 35 64 48 45 25 37 86 41 79
11 10 57 92 74 25 48 51 35 60 16 40 23 87 43 79 71 24 53 55 76 99 17 62 76 85 64 87 76 13 30 14 68 78 98 70 77 51 71 26 33 83 39 91 19 75 80 50 74 86 44 96 85 88 66 16 21 0 22 75 21 22 40 43 93 23 28 56 42 19 77 42 14 74 40 86 64 43 59 46 15 10 64 23 96 98 54 94 19 96
12 35 18 34 40 46 47 24 30 13 85 20 61 65 91 20 74 49 73 81 14 22 99 38 76 62 49 92 54 46 90 18 65 25 39 99 13 49 53 78 40 28 23 47 28 80 54 81 46 20 32 84 56 83 36 48 60 22 0 84 41 99 30 74 66 83 38 83 81 36 61 17 54 49 53 89 68 48 27 89 98 56 52 29 49 54 55 64 67 78
86 81 99 76 17 48 72 78 84 40 62 25 42 56 77 81 75 25 32 94 57 70 47 35 15 34 82 56 26 48 58 10 44 54 76 86 28 32 21 39 55 20 30 82 81 78 51 59 14 60 24 74 77 94 26 87 29 75 84 0 83 63 11 14 23 85 69 33 58 12 98 17 91 88 31 55 24 51 99 98 59 27 48 38 88 58 46 58 41 98
27 31 56 46 35 18 24 19 56 80 96 81 41 47 53 86 30 58 42 93 67 72 45 40 43 73 67 95 67 94 15 39 23 16 54 99 85 90 22 63 15 80 90 34 25 61 41 34 18 69 47 62 74 34 65 86 80 21 41 83 0 29 23 10 49 74 24 13 16 50 61 32 15 91 26 15 40 70 64 46 97 81 77 28 30 65 12 75 97 73
37 43 62 77 10 89 80 95 16 62 18 84 42 93 15 90 97 13 90 92 50 60 53 65 46 61 23 74 37 56 51 22 27 13 30 67 89 80 59 34 83 66 60 57 31 34 36 83 16 61 46 56 37 41 84 68 31 22 99 63 29 0 80 16 98 61 18 12 86 44 29 30 98 46 33 79 54 35 58 72 58 40 33 97 98 48 98 67 38 49
50 19 43 44 27 69 78 42 49 40 91 45 21 79 96 44 60 33 91 96 99 50 54 13 57 13 29 99 47 24 83 47 77 52 41 55 99 17 33 93 13 11 66 11 82 56 97 77 76 39 98 13 72 33 96 55 14 40 30 11 23 80 0 92 52 29 20 94 64 49 85 57 77 65 70 46 70 63 36 20 70 23 27 96 97 64 80 62 50 64
27 94 88 95 27 25 44 52 25 68 17 83 14 84 36 26 16 93 88 14 35 87 23 72 82 65 34 28 18 77 62 25 93 88 81 55 36 46 90 12 16 64 40 99 24 56 98 12 25 13 14 82 72 63 46 82 11 43 74 14 10 16 92 0 33 10 28 67 24 90 68 76 85 79 86 95 25 40 32 89 88 36 29 34 70 96 93 42 63 10
37 63 24 29 52 95 84 89 98 22 36 68 15 43 93 12 61 13 69 17 66 22 61 31 89 16 98 40 40 40 57 56 75 55 49 51 91 66 48 79 82 85 17 35 92 73 48 63 34 57 29 65 21 71 75 89 56 93 66 23 49 98 52 33 0 18 51 84 84 50 41 15 53 51 32 87 88 19 97 97 52 54 72 42 64 44 90 14 27 55
46 46 22 23 67 88 30 56 43 61 47 62 10 11 92 38 51 91 75 29 42 14 38 31 45 58 67 34 17 71 66 68 19 22 15 36 92 56 70 18 11 37 34 75 62 37 70 95 50 87 16 83 53 61 20 10 36 23 83 85 74 61 29 10 18 0 37 33 37 16 41 61 12 51 10 96 56 40 18 12 42 94 71 14 52 99 59 41 43 69
59 44 71 13 76 71 27 25 64 32 64 36 24 51 60 45 58 65 19 28 51 17 80 54 57 56 86 19 60 18 51 73 84 45 46 11 49 35 64 89 24 11 22 72 89 13 99 86 25 61 59 57 65 70 20 70 85 28 38 69 24 18 20 28 51 37 0 44 86 54 74 36 41 11 58 99 37 59 13 38 31 89 24 66 95 16 97 21 81 51
77 95 18 74 46 80 92 58 89 51 56 37 58 97 44 62 52 13 50 89 71 75 67 36 68 77 55 91 34 23 28 78 64 23 34 39 75 77 88 55 38 11 99 21 20 77 88 92 65 64 19 56 21 56 62 61 65 56 83 33 13 12 94 67 84 33 44 0 72 95 22 97 96 24 19 27 96 62 60 35 42 60 82 56 54 16 49 25 97 61
20 91 46 49 55 70 92 10 13 99 68 68 93 65 60 44 31 28 18 34 10 22 64 51 12 36 51 52 36 45 23 36 96 88 52 40 68 74 29 76 70 55 14 34 43 53 67 71 14 33 11 32 82 69 65 24 27 42 81 58 16 86 64 24 84 37 86 72 0 22 31 66 76 93 40 45 70 36 82 31 79 43 33 90 36 79 72 28 55 71
36 48 12 23 72 71 69 38 36 31 78 46 14 85 64 87 30 27 65 37 14 50 49 28 71 59 47 29 50 68 23 85 69 28 21 68 40 81 50 30 63 41 21 74 16 71 71 18 40 35 42 61 31 81 95 51 88 19 36 12 50 44 49 90 50 16 54 95 22 0 94 50 10 44 44 24 63 72 71 58 83 64 64 87 58 97 31 46 24 35
61 48 86 89 62 52 66 88 63 90 59 78 57 33 76 55 45 18 48 21 77 47 62 72 56 51 48 51 70 45 74 81 88 33 25 14 36 51 58 83 38 50 16 20 19 69 85 90 75 63 58 59 11 36 97 75 67 77 61 98 61 29 85 68 41 41 74 22 31 94 0 20 56 64 19 62 70 36 31 82 30 95 26 31 80 21 93 49 38 17
98 64 75 57 46 49 46 39 17 15 70 26 44 64 35 73 74 56 80 78 40 14 56 95 16 87 31 66 39 43 79 88 27 49 84 19 15 12 84 41 59 14 50 91 16 58 19 31 60 16 81 26 26 18 17 94 51 42 17 17 32 30 57 76 15 61 36 97 66 50 20 0 29 15 12 71 61 55 90 88 35 48 40 72 70 76 88 25 55 10
85 43 64 10 37 24 40 96 30 65 71 25 48 93 38 64 68 13 91 30 42 36 50 59 83 67 59 15 33 42 94 25 14 70 70 50 68 36 82 51 49 66 46 39 64 46 39 24 35 65 67 67 66 16 42 76 11 14 54 91 15 98 77 85 53 12 41 96 76 10 56 29 0 72 45 52 48 66 18 15 52 45 92 97 61 35 95 15 38 16
23 27 71 34 48 68 54 80 59 30 43 35 19 57 60 85 99 81 58 42 43 74 89 13 55 71 32 45 65 63 15 52 44 83 96 26 89 99 85 16 14 50 22 69 72 22 20 22 75 65 14 56 31 32 64 63 41 74 49 88 91 46 65 79 51 51 11 24 93 44 64 15 72 0 19 39 29 35 91 71 27 19 79 16 45 18 34 82 85 63
70 32 90 94 61 69 77 11 94 32 96 64 96 75 17 26 46 48 59 92 23 95 21 56 50 64 99 45 11 55 64 68 41 61 34 16 47 27 64 77 49 64 91 45 82 51 37 66 65 76 69 74 87 94 61 57 80 40 53 31 26 33 70 86 32 10 58 19 40 44 19 12 45 19 0 46 92 59 55 86 84 44 26 84 59 60 30 79 13 57
83 47 99 33 77 20 59 40 22 72 87 51 86 81 10 33 19 28 85 38 85 92 57 91 58 32 33 89 25 23 49 67 81 75 38 30 43 90 62 33 22 93 36 85 11 64 98 11 43 93 19 91 48 51 83 94 33 86 89 55 15 79 46 95 87 96 99 27 45 24 62 71 52 39 46 0 33 51 48 58 66 95 74 27 46 47 97 27 20 71
41 26 61 39 71 49 61 90 69 75 59 22 39 31 43 69 60 44 30 53 37 25 24 14 20 65 89 76 52 87 92 67 86 94 34 16 10 51 88 44 42 30 64 55 63 60 34 43 33 86 79 69 50 80 44 19 62 64 68 24 40 54 70 25 88 56 37 96 70 63 70 61 48 29 92 33 0 23 70 83 50 25 84 27 69 23 43 31 19 52
16 20 99 75 27 83 74 89 47 14 87 34 43 21 20 95 67 86 24 37 67 78 81 31 85 37 99 91 27 89 60 71 81 79 65 67 75 28 48 54 15 84 70 65 83 13 65 22 79 95 46 19 51 64 30 66 67 43 48 51 70 35 63 40 19 40 59 62 36 72 36 55 66 35 59 51 23 0 99 99 34 67 54 69 98 26 15 29 31 28
30 28 97 13 60 75 96 78 58 39 92 38 35 47 34 29 95 47 30 68 54 48 54 26 34 49 73 34 50 56 10 19 71 29 26 41 87 17 80 84 81 13 73 10 71 87 23 57 64 47 25 29 27 37 13 53 45 59 27 99 64 58 36 32 97 18 13 60 82 71 31 90 18 91 55 48 70 99 0 29 54 51 34 20 87 77 51 99 11 41
84 50 22 33 13 69 28 48 68 95 68 44 95 46 76 84 80 10 18 95 49 96 84 62 81 94 78 28 54 57 53 72 33 24 91 53 63 54 77 55 85 98 20 38 32 59 54 70 87 28 72 38 86 12 56 86 10 46 89 98 46 72 20 89 97 12 38 35 31 58 82 88 15 71 86 58 83 99 29 0 91 31 46 65 35 21 92 89 86 35
67 91 21 91 71 90 96 55 25 50 71 86 45 42 95 40 90 33 12 73 11 64 51 19 54 26 52 16 75 63 64 73 99 93 67 15 16 83 84 81 25 91 47 11 98 71 31 68 17 12 21 24 90 23 80 77 33 15 98 59 97 58 70 88 52 42 31 42 79 83 30 35 52 27 84 66 50 34 54 91 0 40 90 96 45 75 45 34 11 83
60 94 68 78 43 47 84 41 11 66 80 25 44 45 91 93 45 53 64 21 26 78 52 53 22 17 31 75 39 77 59 69 33 22 91 87 25 27 76 75 62 98 45 66 55 37 68 47 59 21 59 37 18 42 46 96 35 10 56 27 81 40 23 36 54 94 89 60 43 64 95 48 45 19 44 95 25 67 51 31 40 0 31 14 64 96 24 42 67 27
83 10 73 14 73 98 25 97 49 32 26 63 11 54 49 68 34 75 95 70 38 15 36 27 14 47 90 69 55 61 48 93 55 41 89 42 16 71 26 61 16 19 62 93 18 39 97 52 41 19 55 41 47 18 84 19 64 64 52 48 77 33 27 29 72 71 24 82 33 64 26 40 92 79 26 74 84 54 34 46 90 31 0 63 26 14 43 25 77 28
15 94 64 74 23 60 28 61 91 94 50 32 58 13 32 12 29 52 95 20 20 26 80 55 77 75 95 81 85 44 57 15 49 84 54 57 31 82 21 30 96 29 14 26 77 50 80 81 29 21 90 19 71 40 58 91 48 23 29 38 28 97 96 34 42 14 66 56 90 87 31 72 97 16 84 27 27 69 20 65 96 14 63 0 39 46 25 49 78 45
26 99 94 52 96 36 21 41 64 75 75 17 88 93 78 23 64 16 64 35 80 75 60 40 70 13 79 60 64 16 77 18 88 45 96 78 85 86 53 24 54 23 50 14 25 80 14 89 27 64 43 11 13 41 72 51 45 96 49 88 30 98 97 70 64 52 95 54 36 58 80 70 61 45 59 46 69 98 87 35 45 64 26 39 0 55 40 54 48 18
52 78 35 36 94 57 96 47 84 63 78 81 38 11 15 27 75 83 45 90 49 34 41 70 87 46 99 91 94 17 24 96 79 84 28 52 94 18 93 80 48 96 85 93 75 30 92 71 34 81 36 11 41 78 34 67 25 98 54 58 65 48 64 96 44 99 16 16 79 97 21 76 35 18 60 47 23 26 77 21 75 96 14 46 55 0 22 68 59 30
58 89 64 45 86 89 78 32 66 25 90 91 56 46 36 47 27 49 38 91 71 74 90 61 62 38 27 11 93 35 35 95 34 70 56 32 68 98 29 47 84 30 57 76 94 83 72 15 56 72 45 74 72 81 32 85 37 54 55 46 12 98 80 93 90 59 97 49 72 31 93 88 95 34 30 97 43 15 51 92 45 24 43 25 40 22 0 36 43 22
53 22 78 15 60 53 20 86 68 90 72 70 85 35 99 15 24 21 84 38 95 31 55 86 53 45 55 27 88 70 88 12 41 66 37 22 64 16 57 35 27 31 30 29 29 71 23 87 52 42 55 73 56 78 63 91 86 94 64 58 75 67 62 42 14 41 21 25 28 46 49 25 15 82 79 27 31 29 99 89 34 42 25 49 54 68 36 0 73 48
43 11 61 42 27 71 18 28 27 36 75 44 78 87 82 16 27 49 54 45 98 31 30 97 13 80 61 21 34 26 77 33 77 54 14 55 52 77 70 87 56 46 77 90 84 29 17 53 34 55 58 51 47 63 54 85 41 19 67 41 97 38 50 63 27 43 81 97 55 24 38 55 38 85 13 20 19 31 11 86 11 67 77 78 48 59 43 73 0 70
29 16 60 49 60 17 68 58 18 42 77 53 67 23 67 14 98 17 33 10 92 69 58 28 38 79 25 25 50 28 35 29 96 24 25 32 72 36 27 88 36 23 79 14 12 77 29 11 90 44 17 24 65 77 43 90 79 96 78 98 73 49 64 10 55 69 51 61 71 35 17 10 16 63 57 71 52 28 41 35 83 27 28 45 18 30 22 48 70 0