35
0 42 40 13 42 86 85 32 24 91 16 32 87 21 27 20 88 45 18 28 68 35 21 44 43 82 38 16 18 56 36 12 64 80 34
42 0 12 75 39 79 11 71 53 70 55 46 73 66 78 61 57 75 52 68 95 10 51 52 11 35 60 76 87 79 72 84 13 68 38
40 12 0 40 68 96 54 70 90 65 51 54 75 31 66 28 92 33 80 31 59 51 80 92 12 43 89 90 40 39 24 21 52 45 71
13 75 40 0 88 70 78 50 48 73 63 31 67 76 59 63 86 20 46 96 47 13 71 77 29 43 36 83 12 73 84 25 49 60 81
42 39 68 88 0 68 82 60 87 59 76 92 95 97 83 79 76 37 74 22 60 26 71 83 14 71 98 79 98 24 57 72 14 86 76
86 79 96 70 68 0 90 30 29 22 74 63 37 23 11 77 75 76 82 47 46 62 47 17 68 85 80 64 74 12 62 75 10 63 47
85 11 54 78 82 90 0 89 17 81 87 36 37 68 68 55 34 28 72 45 28 82 93 72 32 80 63 91 16 98 47 47 11 28 80
32 71 70 50 60 30 89 0 45 68 60 41 87 71 83 96 25 45 63 68 26 26 16 29 65 66 12 62 25 12 81 85 91 73 26
24 53 90 48 87 29 17 45 0 69 89 65 91 24 63 55 93 60 50 95 54 65 68 11 15 84 15 74 18 78 61 53 44 98 35
91 70 65 73 59 22 81 68 69 0 42 75 18 13 67 70 12 36 76 14 27 52 66 48 18 32 89 40 45 24 78 43 75 22 32
16 55 51 63 76 74 87 60 89 42 0 46 28 40 13 61 48 81 32 71 17 31 15 93 54 65 87 81 75 50 43 22 67 33 93
32 46 54 31 92 63 36 41 65 75 46 0 93 75 35 75 10 57 72 57 50 58 79 46 69 14 46 62 67 34 67 88 53 77 47
87 73 75 67 95 37 37 87 91 18 28 93 0 59 63 45 86 49 90 14 27 92 99 69 19 72 37 60 31 66 52 51 42 11 50
21 66 31 76 97 23 68 71 24 13 40 75 59 0 39 12 22 29 70 26 82 23 44 98 85 88 20 52 46 60 82 87 68 71 83
27 78 66 59 83 11 68 83 63 67 13 35 63 39 0 40 81 63 55 89 16 43 25 82 55 70 70 84 51 13 94 81 99 45 66
20 61 28 63 79 77 55 96 55 70 61 75 45 12 40 0 76 75 71 65 68 58 17 51 75 51 32 25 15 19 90 55 45 51 23
88 57 92 86 76 75 34 25 93 12 48 10 86 22 81 76 0 44 25 12 48 11 84 52 52 88 37 14 48 47 70 77 47 26 27
45 75 33 20 37 76 28 45 60 36 81 57 49 29 63 75 44 0 38 66 98 87 73 42 32 46 37 82 96 97 10 99 77 84 50
18 52 80 46 74 82 72 63 50 76 32 72 90 70 55 71 25 38 0 34 33 73 15 33 44 58 27 21 84 15 85 22 68 85 54
28 68 31 96 22 47 45 68 95 14 71 57 14 26 89 65 12 66 34 0 73 99 81 47 48 66 45 64 93 63 87 56 55 61 18
68 95 59 47 60 46 28 26 54 27 17 50 27 82 16 68 48 98 33 73 0 45 41 31 61 78 82 99 12 54 93 16 98 41 21
35 10 51 13 26 62 82 26 65 52 31 58 92 23 43 58 11 87 73 99 45 0 18 64 26 33 35 35 19 81 39 56 56 94 47
21 51 80 71 71 47 93 16 68 66 15 79 99 44 25 17 84 73 15 81 41 18 0 37 83 93 41 78 77 91 69 63 15 78 87
44 52 92 77 83 17 72 29 11 48 93 46 69 98 82 51 52 42 33 47 31 64 37 0 75 61 90 93 69 50 46 56 43 68 17
43 11 12 29 14 68 32 65 15 18 54 69 19 85 55 75 52 32 44 48 61 26 83 75 0 92 41 74 99 70 40 56 45 28 46
82 35 43 43 71 85 80 66 84 32 65 14 72 88 70 51 88 46 58 66 78 33 93 61 92 0 13 97 55 99 67 18 32 80 95
38 60 89 36 98 80 63 12 15 89 87 46 37 20 70 32 37 37 27 45 82 35 41 90 41 13 0 22 84 38 53 29 13 30 11
16 76 90 83 79 64 91 62 74 40 81 62 60 52 84 25 14 82 21 64 99 35 78 93 74 97 22 0 65 14 11 44 19 25 87
18 87 40 12 98 74 16 25 18 45 75 67 31 46 51 15 48 96 84 93 12 19 77 69 99 55 84 65 0 75 83 60 69 16 97
56 79 39 73 24 12 98 12 78 24 50 34 66 60 13 19 47 97 15 63 54 81 91 50 70 99 38 14 75 0 93 21 69 48 55
36 72 24 84 57 62 47 81 61 78 43 67 52 82 94 90 70 10 85 87 93 39 69 46 40 67 53 11 83 93 0 30 80 44 27
12 84 21 25 72 75 47 85 53 43 22 88 51 87 81 55 77 99 22 56 16 56 63 56 56 18 29 44 60 21 30 0 21 59 17
64 13 52 49 14 10 11 91 44 75 67 53 42 68 99 45 47 77 68 55 98 56 15 43 45 32 13 19 69 69 80 21 0 54 76
80 68 45 60 86 63 28 73 98 22 33 77 11 71 45 51 26 84 85 61 41 94 78 68 28 80 30 25 16 48 44 59 54 0 77
34 38 71 81 76 47 80 26 35 32 93 47 50 83 66 23 27 50 54 18 21 47 87 17 46 95 11 87 97 55 27 17 76 77 0