45
0 21 16 79 94 94 12 86 37 12 74 89 78 19 84 67 23 61 86 44 50 19 61 23 45 78 36 16 66 26 95 77 69 10 78 86 18 15 34 39 82 51 67 29 81
21 0 67 91 67 90 49 46 21 48 79 44 43 93 13 36 47 39 22 58 20 12 91 73 65 85 42 86 52 53 83 96 97 53 27 48 42 38 16 74 74 16 43 79 42
16 67 0 33 35 22 49 54 70 59 81 55 92 45 63 70 33 91 41 17 20 35 11 10 38 92 26 22 74 56 24 89 56 38 31 68 38 90 44 96 97 75 67 66 51
79 91 33 0 71 51 97 18 57 97 57 93 13 56 28 61 96 26 30 14 33 10 47 75 85 52 86 97 12 88 76 40 85 54 19 24 75 60 90 59 79 27 92 47 61
94 67 35 71 0 95 46 85 53 14 12 67 73 39 55 16 46 21 50 68 21 78 71 49 47 63 13 38 90 51 20 22 17 18 30 94 43 80 36 18 66 99 73 64 44
94 90 22 51 95 0 34 35 47 10 53 34 90 65 25 54 26 19 26 54 11 63 78 83 17 73 68 29 12 47 24 93 98 49 43 15 16 38 12 12 22 93 68 22 14
12 49 49 97 46 34 0 40 14 20 42 86 54 97 83 15 24 21 34 19 75 97 15 67 74 89 21 49 94 39 69 72 47 61 77 97 86 70 63 62 51 28 14 54 86
86 46 54 18 85 35 40 0 41 24 84 92 68 46 15 74 74 41 74 88 60 38 82 71 78 57 27 55 76 57 11 34 99 55 32 26 52 49 28 86 48 98 39 60 81
37 21 70 57 53 47 14 41 0 55 39 24 42 61 25 97 52 65 54 24 10 93 73 97 96 88 38 13 45 58 96 23 77 49 61 56 32 82 84 78 84 42 91 95 18
12 48 59 97 14 10 20 24 55 0 80 86 73 40 34 57 81 32 27 28 87 56 68 47 19 35 42 38 79 91 18 98 28 49 88 14 80 47 94 48 45 25 10 92 94
74 79 81 57 12 53 42 84 39 80 0 46 29 16 83 47 70 41 60 78 78 66 10 13 24 26 62 34 70 61 72 35 31 96 41 40 29 65 24 67 28 26 70 15 68
89 44 55 93 67 34 86 92 24 86 46 0 48 79 38 51 42 86 56 70 13 31 38 37 85 24 78 51 76 15 27 86 56 58 38 57 55 21 54 15 38 97 80 63 46
78 43 92 13 73 90 54 68 42 73 29 48 0 55 52 43 43 20 86 37 59 45 92 29 74 21 62 95 66 12 13 30 20 87 62 26 94 14 45 30 58 65 32 10 14
19 93 45 56 39 65 97 46 61 40 16 79 55 0 92 71 43 84 83 84 20 73 16 36 48 86 69 66 46 91 95 43 61 67 11 39 45 74 63 23 46 12 92 30 60
84 13 63 28 55 25 83 15 25 34 83 38 52 92 0 53 74 55 83 36 24 66 74 98 73 24 22 19 90 36 59 70 22 36 56 63 21 44 40 98 64 61 87 34 15
67 36 70 61 16 54 15 74 97 57 47 51 43 71 53 0 96 33 61 36 38 42 28 74 11 91 69 56 71 54 81 41 45 86 16 17 86 34 43 88 67 24 78 35 51
23 47 33 96 46 26 24 74 52 81 70 42 43 43 74 96 0 61 19 42 23 68 72 74 48 68 91 93 85 48 12 33 29 39 90 57 12 57 86 35 67 32 80 74 67
61 39 91 26 21 19 21 41 65 32 41 86 20 84 55 33 61 0 53 86 58 74 40 68 73 64 96 79 86 36 82 79 67 51 27 61 10 80 89 40 39 84 93 58 19
86 22 41 30 50 26 34 74 54 27 60 56 86 83 83 61 19 53 0 47 74 15 43 36 97 12 37 85 38 79 95 29 70 26 87 80 58 30 95 87 36 41 72 72 23
44 58 17 14 68 54 19 88 24 28 78 70 37 84 36 36 42 86 47 0 29 60 61 14 33 62 22 98 96 23 27 90 66 84 40 46 50 80 17 87 59 75 71 38 51
50 20 20 33 21 11 75 60 10 87 78 13 59 20 24 38 23 58 74 29 0 22 40 74 11 56 11 76 54 56 30 58 38 64 40 94 86 26 69 31 97 51 15 74 62
19 12 35 10 78 63 97 38 93 56 66 31 45 73 66 42 68 74 15 60 22 0 90 30 85 81 72 98 82 30 99 92 23 68 14 53 53 28 16 55 70 38 37 47 65
61 91 11 47 71 78 15 82 73 68 10 38 92 16 74 28 72 40 43 61 40 90 0 59 80 97 38 99 32 96 93 13 33 52 17 59 66 46 84 71 84 73 98 26 74
23 73 10 75 49 83 67 71 97 47 13 37 29 36 98 74 74 68 36 14 74 30 59 0 49 97 75 79 64 30 92 25 12 95 22 27 33 16 26 36 87 96 21 33 64
45 65 38 85 47 17 74 78 96 19 24 85 74 48 73 11 48 73 97 33 11 85 80 49 0 68 66 54 47 94 41 46 11 34 95 29 32 17 53 50 46 94 99 55 41
78 85 92 52 63 73 89 57 88 35 26 24 21 86 24 91 68 64 12 62 56 81 97 97 68 0 18 51 45 49 13 90 34 96 35 14 89 20 21 61 30 12 18 29 42
36 42 26 86 13 68 21 27 38 42 62 78 62 69 22 69 91 96 37 22 11 72 38 75 66 18 0 35 89 19 98 29 45 46 39 61 91 36 29 10 21 15 95 96 68
16 86 22 97 38 29 49 55 13 38 34 51 95 66 19 56 93 79 85 98 76 98 99 79 54 51 35 0 40 24 28 77 37 38 62 90 84 97 79 90 51 90 10 85 13
66 52 74 12 90 12 94 76 45 79 70 76 66 46 90 71 85 86 38 96 54 82 32 64 47 45 89 40 0 41 39 94 92 80 47 13 92 14 17 57 21 44 98 75 82
26 53 56 88 51 47 39 57 58 91 61 15 12 91 36 54 48 36 79 23 56 30 96 30 94 49 19 24 41 0 35 53 64 64 41 13 24 14 60 88 38 92 33 50 45
95 83 24 76 20 24 69 11 96 18 72 27 13 95 59 81 12 82 95 27 30 99 93 92 41 13 98 28 39 35 0 25 35 68 45 78 38 11 73 59 70 74 38 91 22
77 96 89 40 22 93 72 34 23 98 35 86 30 43 70 41 33 79 29 90 58 92 13 25 46 90 29 77 94 53 25 0 53 76 19 65 33 55 76 37 89 94 87 26 47
69 97 56 85 17 98 47 99 77 28 31 56 20 61 22 45 29 67 70 66 38 23 33 12 11 34 45 37 92 64 35 53 0 44 52 82 83 41 22 41 32 65 37 78 97
10 53 38 54 18 49 61 55 49 49 96 58 87 67 36 86 39 51 26 84 64 68 52 95 34 96 46 38 80 64 68 76 44 0 50 70 62 55 33 33 78 57 22 48 47
78 27 31 19 30 43 77 32 61 88 41 38 62 11 56 16 90 27 87 40 40 14 17 22 95 35 39 62 47 41 45 19 52 50 0 39 57 67 58 80 41 88 18 33 73
86 48 68 24 94 15 97 26 56 14 40 57 26 39 63 17 57 61 80 46 94 53 59 27 29 14 61 90 13 13 78 65 82 70 39 0 92 94 74 43 53 29 86 45 24
18 42 38 75 43 16 86 52 32 80 29 55 94 45 21 86 12 10 58 50 86 53 66 33 32 89 91 84 92 24 38 33 83 62 57 92 0 30 33 50 20 99 53 70 17
15 38 90 60 80 38 70 49 82 47 65 21 14 74 44 34 57 80 30 80 26 28 46 16 17 20 36 97 14 14 11 55 41 55 67 94 30 0 36 66 63 24 33 83 40
34 16 44 90 36 12 63 28 84 94 24 54 45 63 40 43 86 89 95 17 69 16 84 26 53 21 29 79 17 60 73 76 22 33 58 74 33 36 0 70 89 58 42 57 12
39 74 96 59 18 12 62 86 78 48 67 15 30 23 98 88 35 40 87 87 31 55 71 36 50 61 10 90 57 88 59 37 41 33 80 43 50 66 70 0 33 69 39 89 59
82 74 97 79 66 22 51 48 84 45 28 38 58 46 64 67 67 39 36 59 97 70 84 87 46 30 21 51 21 38 70 89 32 78 41 53 20 63 89 33 0 28 31 97 23
51 16 75 27 99 93 28 98 42 25 26 97 65 12 61 24 32 84 41 75 51 38 73 96 94 12 15 90 44 92 74 94 65 57 88 29 99 24 58 69 28 0 86 95 47
67 43 67 92 73 68 14 39 91 10 70 80 32 92 87 78 80 93 72 71 15 37 98 21 99 18 95 10 98 33 38 87 37 22 18 86 53 33 42 39 31 86 0 25 75
29 79 66 47 64 22 54 60 95 92 15 63 10 30 34 35 74 58 72 38 74 47 26 33 55 29 96 85 75 50 91 26 78 48 33 45 70 83 57 89 97 95 25 0 52
81 42 51 61 44 14 86 81 18 94 68 46 14 60 15 51 67 19 23 51 62 65 74 64 41 42 68 13 82 45 22 47 97 47 73 24 17 40 12 59 23 47 75 52 0