70
0 16 45 92 92 29 26 81 56 11 97 47 66 38 82 54 50 20 98 72 75 26 86 60 69 91 64 80 74 61 48 92 40 89 93 62 57 19 75 88 72 48 71 61 55 48 71 21 82 23 99 65 10 56 71 50 64 63 95 40 91 44 36 45 59 23 17 23 90 67
16 0 17 77 33 12 63 33 27 32 66 30 10 50 72 83 64 32 23 64 40 69 96 15 14 52 11 91 91 10 93 36 75 93 79 28 67 50 45 28 27 66 62 74 35 16 34 50 25 85 14 76 49 43 31 14 97 26 84 16 63 22 22 80 67 18 90 30 96 50
45 17 0 70 48 16 50 57 84 60 22 64 86 20 41 37 70 76 20 61 90 95 83 65 68 47 19 15 34 81 30 81 69 73 64 93 14 53 81 47 89 56 72 51 19 50 34 85 94 83 25 27 58 44 63 61 63 52 50 56 27 17 11 30 60 97 36 34 80 62
92 77 70 0 29 61 30 82 86 89 30 37 57 46 89 45 18 60 80 76 74 29 56 64 47 81 26 10 92 19 22 46 85 56 41 76 87 59 41 57 33 58 58 84 16 83 56 51 45 92 55 95 18 99 55 30 49 78 88 39 60 27 30 25 65 63 32 18 13 93
92 33 48 29 0 79 22 49 68 36 55 25 12 16 47 36 24 85 91 41 56 10 54 33 64 79 91 36 65 72 71 95 70 47 16 13 32 98 59 48 68 79 66 80 98 38 59 46 81 87 90 77 19 42 45 12 37 34 50 68 47 92 49 45 71 30 19 93 59 23
29 12 16 61 79 0 40 50 93 40 20 49 36 95 78 67 10 15 41 56 27 81 51 18 73 62 57 42 63 14 19 67 64 55 17 81 13 34 75 37 54 11 14 90 25 30 32 21 53 98 31 17 37 22 12 57 24 40 51 98 87 26 47 30 98 22 30 35 95 52
26 63 50 30 22 40 0 99 72 61 41 41 32 54 60 92 14 66 15 83 93 68 65 65 20 11 19 29 50 26 62 71 91 58 52 14 22 34 77 97 19 95 61 41 24 40 73 76 75 46 25 63 59 11 36 69 62 42 81 40 39 68 17 30 73 80 35 48 37 74
81 33 57 82 49 50 99 0 81 82 67 98 16 19 60 78 67 41 81 56 76 10 13 86 75 38 27 18 13 93 24 52 96 53 47 17 25 57 96 86 74 32 96 79 30 83 97 44 82 81 38 21 10 88 96 44 50 76 50 87 55 47 98 78 95 43 33 74 20 87
56 27 84 86 68 93 72 81 0 13 11 24 60 38 28 45 43 67 24 40 30 48 82 49 87 50 51 75 53 69 87 95 97 74 47 97 52 99 29 80 42 97 81 44 49 10 72 68 59 49 66 51 89 63 73 21 17 76 69 35 33 83 40 65 97 19 12 87 63 94
11 32 60 89 36 40 61 82 13 0 34 63 79 25 10 17 17 11 38 44 46 10 40 36 90 69 79 99 71 91 39 27 27 15 72 85 62 42 41 94 42 55 14 79 73 66 43 67 24 11 54 57 68 38 83 87 19 28 51 90 94 31 50 33 20 89 29 31 93 81
97 66 22 30 55 20 41 67 11 34 0 75 46 83 46 44 66 99 69 32 70 65 33 67 33 38 15 79 39 21 40 41 67 58 61 23 72 28 93 78 90 92 90 78 78 44 85 86 22 32 36 11 12 11 14 53 45 57 20 86 60 46 87 16 83 60 97 90 85 76
47 30 64 37 25 49 41 98 24 63 75 0 18 66 74 72 96 23 46 32 55 26 44 87 98 67 66 10 69 95 51 55 87 49 25 76 94 14 92 97 69 70 77 12 23 33 79 93 14 33 71 22 65 51 25 15 89 79 54 33 90 64 57 12 33 85 38 64 24 57
66 10 86 57 12 36 32 16 60 79 46 18 0 20 55 88 55 42 17 59 58 41 77 69 68 24 20 96 10 21 54 63 96 61 94 76 98 61 19 34 57 21 78 58 12 55 70 27 88 31 63 38 29 59 50 54 13 24 98 87 17 63 41 93 50 68 10 32 43 80
38 50 20 46 16 95 54 19 38 25 83 66 20 0 32 18 25 18 16 30 81 77 93 83 36 91 23 95 33 85 12 72 21 47 90 41 50 66 14 68 88 38 15 82 33 99 50 44 82 47 99 56 13 78 71 31 56 93 57 59 62 12 21 43 62 33 46 87 51 99
82 72 41 89 47 78 60 60 28 10 46 74 55 32 0 70 21 89 25 58 84 40 88 93 78 54 89 24 49 62 20 80 57 81 84 27 11 58 85 71 60 10 53 87 49 40 15 15 71 73 79 71 66 76 67 78 56 21 90 65 87 69 91 35 85 19 77 15 57 46
54 83 37 45 36 67 92 78 45 17 44 72 88 18 70 0 61 70 78 53 33 24 26 71 61 45 82 40 91 29 17 57 70 76 98 79 44 70 92 62 34 87 67 39 26 53 85 79 94 78 63 96 64 40 58 55 27 88 19 58 88 93 16 43 57 79 30 12 64 77
50 64 70 18 24 10 14 67 43 17 66 96 55 25 21 61 0 89 44 73 97 39 30 13 51 92 26 40 99 83 35 46 68 56 32 33 14 69 65 61 30 34 13 92 76 64 60 92 16 73 99 82 53 53 73 61 35 37 22 12 45 93 89 75 48 73 31 71 37 16
20 32 76 60 85 15 66 41 67 11 99 23 42 18 89 70 89 0 24 42 63 74 29 34 47 52 18 45 61 12 64 98 72 10 53 45 24 35 89 87 24 16 52 53 75 76 70 70 72 45 19 57 67 44 33 61 67 66 75 70 28 47 19 28 33 50 60 51 65 55
98 23 20 80 91 41 15 81 24 38 69 46 17 16 25 78 44 24 0 66 13 38 80 53 79 69 91 86 48 51 74 11 11 61 32 68 77 66 62 74 50 84 58 23 55 36 25 86 81 74 39 12 29 46 38 62 13 21 65 18 73 67 18 77 92 59 31 36 19 80
72 64 61 76 41 56 83 56 40 44 32 32 59 30 58 53 73 42 66 0 35 26 86 19 42 96 87 22 88 25 65 53 68 53 20 31 65 56 44 71 25 67 18 22 84 23 26 40 72 98 34 77 78 42 41 61 78 75 87 59 60 23 65 67 15 20 25 24 57 99
75 40 90 74 56 27 93 76 30 46 70 55 58 81 84 33 97 63 13 35 0 63 43 10 27 43 47 35 11 83 38 11 71 13 10 53 66 59 72 27 56 92 94 53 46 75 69 43 49 25 42 53 69 73 66 54 60 82 78 89 56 45 84 45 99 96 98 77 65 20
26 69 95 29 10 81 68 10 48 10 65 26 41 77 40 24 39 74 38 26 63 0 10 97 45 94 17 69 45 98 83 14 46 85 70 14 37 72 37 18 30 80 14 22 83 72 74 76 13 81 60 92 82 39 13 39 54 72 14 75 48 92 57 46 66 90 42 59 72 42
86 96 83 56 54 51 65 13 82 40 33 44 77 93 88 26 30 29 80 86 43 10 0 25 93 32 91 15 24 95 88 38 64 46 99 33 79 65 60 17 95 83 69 90 88 41 15 75 85 17 52 13 35 42 93 96 20 44 33 23 14 56 68 20 51 16 43 91 63 73
60 15 65 64 33 18 65 86 49 36 67 87 69 83 93 71 13 34 53 19 10 97 25 0 22 91 77 69 93 89 43 77 63 95 35 91 85 63 26 20 25 13 70 16 80 37 67 75 26 95 23 11 62 38 89 33 97 40 26 99 13 47 54 59 55 34 73 23 45 32
69 14 68 47 64 73 20 75 87 90 33 98 68 36 78 61 51 47 79 42 27 45 93 22 0 69 43 61 90 19 85 40 48 14 56 51 14 50 96 80 37 38 67 70 13 85 29 45 45 90 15 91 88 17 52 18 70 96 59 77 59 15 58 55 16 27 78 67 95 82
91 52 47 81 79 62 11 38 50 69 38 67 24 91 54 45 92 52 69 96 43 94 32 91 69 0 11 72 33 27 58 12 57 73 55 26 45 39 63 47 56 56 41 31 49 52 83 77 65 45 54 49 54 99 82 42 62 75 31 73 16 19 98 22 54 35 14 27 88 50
64 11 19 26 91 57 19 27 51 79 15 66 20 23 89 82 26 18 91 87 47 17 91 77 43 11 0 24 85 90 95 12 82 99 54 90 33 63 87 95 87 35 15 63 43 33 64 97 90 77 70 70 19 78 96 13 22 76 33 54 47 51 81 48 92 64 90 32 46 21
80 91 15 10 36 42 29 18 75 99 79 10 96 95 24 40 40 45 86 22 35 69 15 69 61 72 24 0 75 37 64 72 83 53 65 67 39 92 19 21 43 62 79 90 68 14 48 54 30 42 16 31 43 41 62 91 39 59 86 66 40 91 75 70 32 45 97 94 46 68
74 91 34 92 65 63 50 13 53 71 39 69 10 33 49 91 99 61 48 88 11 45 24 93 90 33 85 75 0 90 36 75 43 62 55 21 49 76 89 63 47 56 13 20 29 92 35 42 34 92 42 93 72 80 15 69 46 50 58 96 32 11 18 88 27 84 52 67 21 55
61 10 81 19 72 14 26 93 69 91 21 95 21 85 62 29 83 12 51 25 83 98 95 89 19 27 90 37 90 0 89 49 32 60 37 83 47 93 35 63 13 68 99 23 32 66 63 49 37 29 37 39 22 20 96 69 97 85 85 14 62 48 71 92 82 31 63 90 15 91
48 93 30 22 71 19 62 24 87 39 40 51 54 12 20 17 35 64 74 65 38 83 88 43 85 58 95 64 36 89 0 17 91 92 83 32 67 45 68 23 90 95 70 15 16 85 15 20 60 86 86 47 57 93 95 53 86 47 16 78 79 56 71 95 91 19 48 67 85 73
92 36 81 46 95 67 71 52 95 27 41 55 63 72 80 57 46 98 11 53 11 14 38 77 40 12 12 72 75 49 17 0 58 30 89 85 32 54 79 79 89 88 81 10 27 28 48 61 40 67 62 82 83 18 77 76 35 64 95 33 17 27 83 24 93 60 78 78 66 64
40 75 69 85 70 64 91 96 97 27 67 87 96 21 57 70 68 72 11 68 71 46 64 63 48 57 82 83 43 32 91 58 0 91 83 71 62 16 49 49 38 11 49 44 11 21 28 34 85 11 41 83 18 25 95 52 92 75 83 54 65 44 64 92 35 63 53 20 70 32
89 93 73 56 47 55 58 53 74 15 58 49 61 47 81 76 56 10 61 53 13 85 46 95 14 73 99 53 62 60 92 30 91 0 82 37 31 93 81 72 35 88 99 98 28 83 91 41 53 29 94 57 97 41 50 71 62 24 81 18 55 60 93 83 71 58 58 98 75 18
93 79 64 41 16 17 52 47 47 72 61 25 94 90 84 98 32 53 32 20 10 70 99 35 56 55 54 65 55 37 83 89 83 82 0 97 41 86 22 44 87 23 74 98 51 99 28 62 89 21 49 57 49 72 74 87 71 46 70 82 83 53 45 21 34 40 58 92 28 63
62 28 93 76 13 81 14 17 97 85 23 76 76 41 27 79 33 45 68 31 53 14 33 91 51 26 90 67 21 83 32 85 71 37 97 0 81 17 64 46 80 98 15 65 45 68 74 20 69 32 79 48 52 52 24 53 53 45 54 96 53 39 40 83 48 61 30 94 94 52
57 67 14 87 32 13 22 25 52 62 72 94 98 50 11 44 14 24 77 65 66 37 79 85 14 45 33 39 49 47 67 32 62 31 41 81 0 84 58 84 40 25 58 53 59 46 18 72 38 79 99 75 27 74 19 25 84 13 47 26 28 68 88 15 38 23 82 80 85 30
19 50 53 59 98 34 34 57 99 42 28 14 61 66 58 70 69 35 66 56 59 72 65 63 50 39 63 92 76 93 45 54 16 93 86 17 84 0 68 70 61 25 54 79 45 90 23 26 66 85 21 31 35 90 12 22 45 78 48 57 95 65 91 29 85 93 69 87 91 63
75 45 81 41 59 75 77 96 29 41 93 92 19 14 85 92 65 89 62 44 72 37 60 26 96 63 87 19 89 35 68 79 49 81 22 64 58 68 0 30 39 95 23 76 33 72 65 23 29 35 36 97 42 69 92 16 87 32 17 88 54 59 16 18 52 89 14 86 90 63
88 28 47 57 48 37 97 86 80 94 78 97 34 68 71 62 61 87 74 71 27 18 17 20 80 47 95 21 63 63 23 79 49 72 44 46 84 70 30 0 23 99 25 77 59 33 53 50 85 47 82 72 40 14 28 60 61 98 80 52 13 44 69 88 82 16 24 82 73 53
72 27 89 33 68 54 19 74 42 42 90 69 57 88 60 34 30 24 50 25 56 30 95 25 37 56 87 43 47 13 90 89 38 35 87 80 40 61 39 23 0 82 18 92 57 91 86 92 65 16 94 59 20 54 17 76 65 40 94 52 91 65 45 86 74 96 66 54 65 61
48 66 56 58 79 11 95 32 97 55 92 70 21 38 10 87 34 16 84 67 92 80 83 13 38 56 35 62 56 68 95 88 11 88 23 98 25 25 95 99 82 0 71 14 94 79 12 90 73 18 62 75 68 86 95 67 91 30 39 25 64 13 88 50 87 81 41 24 27 23
71 62 72 58 66 14 61 96 81 14 90 77 78 15 53 67 13 52 58 18 94 14 69 70 67 41 15 79 13 99 70 81 49 99 74 15 58 54 23 25 18 71 0 60 18 93 87 18 16 72 15 10 30 99 12 98 82 74 73 13 89 34 45 75 91 11 56 61 27 79
61 74 51 84 80 90 41 79 44 79 78 12 58 82 87 39 92 53 23 22 53 22 90 16 70 31 63 90 20 23 15 10 44 98 98 65 53 79 76 77 92 14 60 0 38 41 56 28 46 66 12 30 78 47 49 18 20 84 50 37 11 19 43 34 18 49 50 25 33 29
55 35 19 16 98 25 24 30 49 73 78 23 12 33 49 26 76 75 55 84 46 83 88 80 13 49 43 68 29 32 16 27 11 28 51 45 59 45 33 59 57 94 18 38 0 16 67 85 13 19 11 80 53 47 23 22 53 42 14 18 65 86 38 14 36 73 69 99 40 57
48 16 50 83 38 30 40 83 10 66 44 33 55 99 40 53 64 76 36 23 75 72 41 37 85 52 33 14 92 66 85 28 21 83 99 68 46 90 72 33 91 79 93 41 16 0 53 20 94 41 29 65 98 65 20 30 63 48 16 90 52 94 47 91 26 67 89 80 15 71
71 34 34 56 59 32 73 97 72 43 85 79 70 50 15 85 60 70 25 26 69 74 15 67 29 83 64 48 35 63 15 48 28 91 28 74 18 23 65 53 86 12 87 56 67 53 0 86 88 59 68 59 75 49 87 21 16 45 22 91 87 93 59 93 63 29 47 86 32 13
21 50 85 51 46 21 76 44 68 67 86 93 27 44 15 79 92 70 86 40 43 76 75 75 45 77 97 54 42 49 20 61 34 41 62 20 72 26 23 50 92 90 18 28 85 20 86 0 73 41 52 14 51 15 16 47 38 82 50 91 15 46 21 73 63 15 17 93 74 54
82 25 94 45 81 53 75 82 59 24 22 14 88 82 71 94 16 72 81 72 49 13 85 26 45 65 90 30 34 37 60 40 85 53 89 69 38 66 29 85 65 73 16 46 13 94 88 73 0 27 49 10 46 19 25 20 24 50 78 86 62 91 91 28 21 30 78 74 46 34
23 85 83 92 87 98 46 81 49 11 32 33 31 47 73 78 73 45 74 98 25 81 17 95 90 45 77 42 92 29 86 67 11 29 21 32 79 85 35 47 16 18 72 66 19 41 59 41 27 0 65 91 57 16 98 79 54 98 72 50 87 47 98 81 13 49 46 43 57 97
99 14 25 55 90 31 25 38 66 54 36 71 63 99 79 63 99 19 39 34 42 60 52 23 15 54 70 16 42 37 86 62 41 94 49 79 99 21 36 82 94 62 15 12 11 29 68 52 49 65 0 29 82 48 78 57 59 33 40 36 24 28 26 94 40 98 20 43 24 42
65 76 27 95 77 17 63 21 51 57 11 22 38 56 71 96 82 57 12 77 53 92 13 11 91 49 70 31 93 39 47 82 83 57 57 48 75 31 97 72 59 75 10 30 80 65 59 14 10 91 29 0 92 20 88 58 31 29 78 69 96 58 72 55 85 20 46 87 98 86
10 49 58 18 19 37 59 10 89 68 12 65 29 13 66 64 53 67 29 78 69 82 35 62 88 54 19 43 72 22 57 83 18 97 49 52 27 35 42 40 20 68 30 78 53 98 75 51 46 57 82 92 0 62 79 72 11 19 26 50 50 27 72 89 25 76 55 40 49 77
56 43 44 99 42 22 11 88 63 38 11 51 59 78 76 40 53 44 46 42 73 39 42 38 17 99 78 41 80 20 93 18 25 41 72 52 74 90 69 14 54 86 99 47 47 65 49 15 19 16 48 20 62 0 37 92 72 35 74 23 25 18 66 86 28 94 95 73 42 65
71 31 63 55 45 12 36 96 73 83 14 25 50 71 67 58 73 33 38 41 66 13 93 89 52 82 96 62 15 96 95 77 95 50 74 24 19 12 92 28 17 95 12 49 23 20 87 16 25 98 78 88 79 37 0 88 89 24 14 69 47 99 68 95 85 32 34 34 99 74
50 14 61 30 12 57 69 44 21 87 53 15 54 31 78 55 61 61 62 61 54 39 96 33 18 42 13 91 69 69 53 76 52 71 87 53 25 22 16 60 76 67 98 18 22 30 21 47 20 79 57 58 72 92 88 0 17 44 84 32 30 98 76 95 93 35 21 28 19 64
64 97 63 49 37 24 62 50 17 19 45 89 13 56 56 27 35 67 13 78 60 54 20 97 70 62 22 39 46 97 86 35 92 62 71 53 84 45 87 61 65 91 82 20 53 63 16 38 24 54 59 31 11 72 89 17 0 12 32 33 14 34 69 98 29 75 72 56 71 35
63 26 52 78 34 40 42 76 76 28 57 79 24 93 21 88 37 66 21 75 82 72 44 40 96 75 76 59 50 85 47 64 75 24 46 45 13 78 32 98 40 30 74 84 42 48 45 82 50 98 33 29 19 35 24 44 12 0 99 52 63 15 57 29 32 45 57 35 49 50
95 84 50 88 50 51 81 50 69 51 20 54 98 57 90 19 22 75 65 87 78 14 33 26 59 31 33 86 58 85 16 95 83 81 70 54 47 48 17 80 94 39 73 50 14 16 22 50 78 72 40 78 26 74 14 84 32 99 0 75 18 55 43 52 51 19 70 55 59 66
40 16 56 39 68 98 40 87 35 90 86 33 87 59 65 58 12 70 18 59 89 75 23 99 77 73 54 66 96 14 78 33 54 18 82 96 26 57 88 52 52 25 13 37 18 90 91 91 86 50 36 69 50 23 69 32 33 52 75 0 57 30 65 77 37 14 43 41 92 26
91 63 27 60 47 87 39 55 33 94 60 90 17 62 87 88 45 28 73 60 56 48 14 13 59 16 47 40 32 62 79 17 65 55 83 53 28 95 54 13 91 64 89 11 65 52 87 15 62 87 24 96 50 25 47 30 14 63 18 57 0 67 93 77 50 79 11 63 69 83
44 22 17 27 92 26 68 47 83 31 46 64 63 12 69 93 93 47 67 23 45 92 56 47 15 19 51 91 11 48 56 27 44 60 53 39 68 65 59 44 65 13 34 19 86 94 93 46 91 47 28 58 27 18 99 98 34 15 55 30 67 0 54 32 41 30 52 44 74 66
36 22 11 30 49 47 17 98 40 50 87 57 41 21 91 16 89 19 18 65 84 57 68 54 58 98 81 75 18 71 71 83 64 93 45 40 88 91 16 69 45 88 45 43 38 47 59 21 91 98 26 72 72 66 68 76 69 57 43 65 93 54 0 88 71 86 45 95 47 28
45 80 30 25 45 30 30 78 65 33 16 12 93 43 35 43 75 28 77 67 45 46 20 59 55 22 48 70 88 92 95 24 92 83 21 83 15 29 18 88 86 50 75 34 14 91 93 73 28 81 94 55 89 86 95 95 98 29 52 77 77 32 88 0 97 11 80 96 47 99
59 67 60 65 71 98 73 95 97 20 83 33 50 62 85 57 48 33 92 15 99 66 51 55 16 54 92 32 27 82 91 93 35 71 34 48 38 85 52 82 74 87 91 18 36 26 63 63 21 13 40 85 25 28 85 93 29 32 51 37 50 41 71 97 0 47 56 60 81 41
23 18 97 63 30 22 80 43 19 89 60 85 68 33 19 79 73 50 59 20 96 90 16 34 27 35 64 45 84 31 19 60 63 58 40 61 23 93 89 16 96 81 11 49 73 67 29 15 30 49 98 20 76 94 32 35 75 45 19 14 79 30 86 11 47 0 64 11 29 45
17 90 36 32 19 30 35 33 12 29 97 38 10 46 77 30 31 60 31 25 98 42 43 73 78 14 90 97 52 63 48 78 53 58 58 30 82 69 14 24 66 41 56 50 69 89 47 17 78 46 20 46 55 95 34 21 72 57 70 43 11 52 45 80 56 64 0 37 31 38
23 30 34 18 93 35 48 74 87 31 90 64 32 87 15 12 71 51 36 24 77 59 91 23 67 27 32 94 67 90 67 78 20 98 92 94 80 87 86 82 54 24 61 25 99 80 86 93 74 43 43 87 40 73 34 28 56 35 55 41 63 44 95 96 60 11 37 0 65 79
90 96 80 13 59 95 37 20 63 93 85 24 43 51 57 64 37 65 19 57 65 72 63 45 95 88 46 46 21 15 85 66 70 75 28 94 85 91 90 73 65 27 27 33 40 15 32 74 46 57 24 98 49 42 99 19 71 49 59 92 69 74 47 47 81 29 31 65 0 42
67 50 62 93 23 52 74 87 94 81 76 57 80 99 46 77 16 55 80 99 20 42 73 32 82 50 21 68 55 91 73 64 32 18 63 52 30 63 63 53 61 23 79 29 57 71 13 54 34 97 42 86 77 65 74 64 35 50 66 26 83 66 28 99 41 45 38 79 42 0