105
0 25 65 39 99 17 65 41 43 62 35 79 41 46 59 23 93 68 79 62 90 44 57 20 63 27 31 60 38 37 73 90 47 81 19 75 80 46 66 63 49 51 77 18 26 14 95 69 66 41 19 79 16 41 68 61 46 58 18 84 15 16 71 96 74 99 99 15 45 60 86 88 25 29 96 83 80 50 10 44 75 18 97 69 90 41 22 83 39 15 79 83 73 18 71 57 91 77 74 28 39 19 87 27 22
25 0 94 42 18 96 43 23 60 55 30 86 80 29 94 29 91 26 96 53 77 29 37 87 85 69 68 56 40 60 71 22 85 20 93 80 18 23 58 61 22 10 80 44 77 60 65 19 69 30 83 39 29 30 91 69 51 85 86 68 91 37 65 67 69 83 55 59 40 52 92 66 99 80 21 78 46 97 59 18 17 10 53 98 94 50 21 28 15 52 75 71 15 77 14 19 51 96 44 60 28 13 54 93 38
65 94 0 75 58 79 44 43 15 12 96 16 19 15 73 30 18 70 54 48 86 90 50 16 28 83 30 77 85 57 95 22 23 68 43 14 52 95 88 79 11 69 24 89 19 39 70 51 36 19 79 91 57 29 64 68 28 67 87 67 27 54 25 98 10 44 17 79 49 33 27 50 62 84 31 98 25 97 56 86 87 58 19 25 41 47 50 45 54 26 81 40 74 26 63 21 95 84 85 50 79 72 10 10 15
39 42 75 0 47 20 96 87 87 70 37 93 11 98 45 43 67 52 80 25 97 97 53 78 25 23 20 20 57 99 46 20 55 42 49 10 21 15 47 91 53 33 76 98 21 72 86 81 87 36 88 32 62 48 23 46 61 22 85 89 63 68 96 27 80 71 22 60 84 51 39 15 35 91 76 78 19 78 60 66 27 71 56 20 14 32 32 47 90 43 17 69 69 78 70 17 97 65 15 91 67 50 96 37 14
99 18 58 47 0 76 24 77 56 27 84 33 94 42 95 60 15 64 76 21 29 76 29 90 39 67 10 36 58 63 24 14 58 77 14 69 14 56 77 53 28 71 54 49 92 28 76 24 17 57 64 97 62 76 53 10 23 76 81 20 15 81 99 36 72 70 94 24 89 99 20 12 32 34 25 63 91 27 96 61 65 41 42 66 78 67 50 87 68 64 77 60 59 16 45 15 66 81 83 20 98 94 95 69 12
17 96 79 20 76 0 97 50 93 92 90 85 83 70 33 64 46 58 28 46 34 12 54 88 15 49 70 42 18 44 55 17 83 79 84 90 14 14 11 65 17 13 31 95 64 41 25 16 56 47 66 88 54 43 75 82 90 53 51 44 37 49 86 40 59 78 63 59 87 42 44 86 59 39 12 40 36 23 74 40 80 51 94 92 33 97 73 22 71 57 64 24 74 85 47 79 12 66 64 61 67 52 65 98 69
65 43 44 96 24 97 0 23 82 77 13 58 16 53 69 76 43 69 56 77 27 67 57 44 84 13 23 65 84 27 20 92 87 59 56 50 60 65 11 41 85 18 78 25 32 99 66 63 58 64 58 52 34 88 83 22 38 63 66 94 11 14 57 55 74 60 61 34 79 29 93 22 61 79 39 19 72 54 45 91 12 80 82 56 66 67 74 50 46 63 82 67 70 42 65 56 43 17 92 72 87 52 14 25 29
41 23 43 87 77 50 23 0 10 47 26 26 83 14 65 31 13 33 17 28 91 25 11 37 45 63 29 43 79 36 11 78 31 79 77 30 14 36 71 13 37 70 82 57 16 84 71 59 71 64 74 12 28 42 33 70 97 54 95 68 22 65 90 41 67 98 39 21 18 26 41 88 98 23 10 54 68 52 78 92 88 33 85 84 84 11 43 59 86 17 45 27 70 84 25 33 92 74 91 48 47 26 52 39 74
43 60 15 87 56 93 82 10 0 59 75 50 84 40 57 60 47 84 76 32 56 71 44 14 96 55 52 44 35 37 20 86 67 80 64 90 82 46 19 73 79 32 53 11 51 54 24 60 12 37 58 78 52 20 62 71 10 58 35 98 38 96 65 76 53 41 55 58 65 96 68 87 73 58 50 52 95 41 82 73 55 45 31 53 85 35 91 11 21 17 83 30 83 10 75 83 65 35 20 16 76 95 75 51 59
62 55 12 70 27 92 77 47 59 0 92 43 87 39 18 36 74 41 44 83 68 57 78 20 17 82 81 27 37 42 83 70 24 34 94 19 73 12 60 21 15 79 12 92 62 33 62 33 64 28 77 76 37 18 41 49 46 26 11 59 44 48 70 48 89 38 88 68 19 54 87 44 25 13 59 42 26 47 51 33 78 84 56 63 18 14 72 52 69 73 22 96 48 69 73 55 33 97 17 62 81 86 66 79 24
35 30 96 37 84 90 13 26 75 92 0 34 15 40 82 17 93 10 25 11 49 26 73 97 61 60 74 17 89 60 70 32 87 24 82 78 35 96 92 69 48 53 37 74 25 41 92 67 61 25 18 78 52 14 24 30 51 84 24 68 19 83 99 74 81 39 15 78 98 61 87 97 31 55 93 56 45 57 39 27 63 14 74 65 50 95 54 27 38 81 86 54 20 33 69 41 85 94 14 80 30 45 23 98 15
79 86 16 93 33 85 58 26 50 43 34 0 97 19 34 10 11 84 43 26 83 80 58 37 46 91 89 75 97 50 49 49 37 72 67 57 87 91 52 48 41 14 72 86 76 82 34 91 85 31 51 28 91 17 35 42 21 31 26 36 83 13 19 99 15 21 81 79 14 94 71 99 63 44 90 75 76 63 91 10 58 63 94 79 49 80 96 19 86 74 50 62 49 13 36 24 25 53 69 18 75 21 28 28 98
41 80 19 11 94 83 16 83 84 87 15 97 0 25 68 38 96 95 88 49 49 62 90 37 99 97 66 49 86 56 25 91 27 15 98 35 76 81 24 81 39 25 15 90 36 58 95 76 17 61 64 35 83 59 16 84 39 39 14 62 76 73 26 31 86 14 56 51 41 16 28 90 97 71 41 21 37 17 99 20 32 68 89 27 24 75 59 25 44 34 53 44 37 70 70 27 71 75 98 67 89 41 38 61 39
46 29 15 98 42 70 53 14 40 39 40 19 25 0 22 90 86 78 74 73 72 17 49 94 95 97 23 61 82 56 53 80 49 37 86 73 73 13 69 54 84 63 88 59 61 58 53 30 33 73 39 79 24 65 91 35 59 13 85 44 67 85 87 31 23 78 38 80 32 61 44 99 90 73 81 94 44 71 97 41 19 59 11 52 98 65 21 31 41 54 32 11 23 97 27 26 89 59 54 43 73 81 11 21 34
59 94 73 45 95 33 69 65 57 18 82 34 68 22 0 66 28 40 58 97 40 77 17 76 93 12 81 47 61 35 97 26 58 54 80 19 66 65 61 77 14 80 35 58 10 63 69 81 62 27 19 57 99 11 46 58 23 65 49 73 94 16 25 24 54 26 46 22 10 26 47 67 13 32 11 65 49 17 18 91 87 29 56 76 44 26 97 41 49 97 89 30 27 34 76 81 31 57 31 60 32 39 67 13 22
23 29 30 43 60 64 76 31 60 36 17 10 38 90 66 0 37 82 82 39 95 45 11 88 62 20 74 92 69 93 57 62 83 32 28 48 18 52 47 41 26 90 19 83 25 65 40 71 79 37 79 29 19 85 78 27 91 57 86 45 48 66 83 91 45 44 43 67 46 23 62 47 50 75 23 92 92 48 75 20 19 96 94 95 39 92 12 54 88 95 61 75 81 29 40 70 30 30 42 31 26 47 70 25 14
93 91 18 67 15 46 43 13 47 74 93 11 96 86 28 37 0 42 67 70 45 58 66 35 94 51 45 81 30 97 43 51 42 72 89 33 76 34 83 26 65 34 46 70 62 90 83 32 87 50 63 68 64 63 74 20 27 45 82 36 51 68 48 12 87 34 21 41 13 89 70 83 53 28 47 65 30 24 43 45 10 63 35 84 65 40 17 72 79 91 95 54 35 43 43 27 83 15 95 70 12 49 96 70 47
68 26 70 52 64 58 69 33 84 41 10 84 95 78 40 82 42 0 45 34 20 36 23 99 71 68 77 93 22 67 23 16 73 85 79 57 73 87 76 90 43 47 24 90 91 55 10 21 34 62 51 62 65 56 51 83 17 44 95 38 22 40 71 38 57 70 94 66 65 25 66 59 47 48 14 97 64 44 21 56 96 59 82 20 27 39 94 56 36 63 45 24 84 90 74 82 77 54 37 33 32 41 26 38 64
79 96 54 80 76 28 56 17 76 44 25 43 88 74 58 82 67 45 0 47 75 52 48 82 76 25 21 19 96 60 48 65 26 10 72 65 65 50 59 11 53 53 58 95 73 84 71 31 83 57 81 31 27 43 99 24 31 69 15 88 34 35 73 68 46 13 95 44 67 92 95 47 10 17 45 37 20 71 69 95 54 20 16 79 92 35 57 14 51 86 92 59 12 81 63 61 63 60 47 98 85 57 18 48 93
62 53 48 25 21 46 77 28 32 83 11 26 49 73 97 39 70 34 47 0 31 78 22 51 74 28 90 49 82 95 81 86 35 86 90 36 42 10 48 90 58 77 33 27 92 49 95 10 44 60 11 19 94 79 80 68 27 13 38 58 58 25 35 34 99 18 14 83 47 65 85 93 67 35 86 68 79 27 88 62 23 63 27 55 65 50 88 55 52 31 35 86 68 59 79 92 54 34 89 25 88 47 43 93 43
90 77 86 97 29 34 27 91 56 68 49 83 49 72 40 95 45 20 75 31 0 78 57 71 85 63 96 29 46 52 74 37 33 75 58 74 41 68 24 93 79 30 86 72 38 26 30 59 41 71 25 90 80 76 38 93 16 40 72 53 47 30 98 29 76 10 14 52 91 94 35 50 57 10 67 49 49 40 21 77 51 28 17 20 10 75 86 35 77 27 10 48 47 86 93 39 74 13 35 97 31 55 86 74 82
44 29 90 97 76 12 67 25 71 57 26 80 62 17 77 45 58 36 52 78 78 0 96 55 59 26 46 57 76 33 53 28 78 86 23 92 27 27 33 35 87 40 17 20 66 68 75 90 81 33 65 81 82 90 74 58 63 71 85 34 34 56 80 31 41 36 44 24 12 23 98 14 40 94 80 47 12 98 83 60 67 19 32 92 64 26 83 28 88 41 41 87 84 47 38 20 83 19 56 98 57 95 29 75 73
57 37 50 53 29 54 57 11 44 78 73 58 90 49 17 11 66 23 48 22 57 96 0 31 37 95 90 51 33 21 86 24 92 36 20 11 71 62 96 29 39 51 92 86 86 60 27 44 47 79 70 87 83 45 40 97 67 70 17 35 24 19 95 88 97 18 27 64 70 88 57 30 11 59 39 45 87 17 92 57 87 77 14 76 74 99 94 13 52 78 47 20 90 69 48 87 57 23 68 39 88 45 67 51 69
20 87 16 78 90 88 44 37 14 20 97 37 37 94 76 88 35 99 82 51 71 55 31 0 49 35 68 30 26 75 83 41 77 35 62 59 38 64 50 74 71 80 75 42 16 90 85 29 25 15 57 29 10 88 33 65 82 39 83 16 47 48 50 32 53 82 59 62 89 14 58 56 26 76 95 50 17 14 77 83 34 96 20 49 87 73 60 97 58 61 33 36 31 85 65 42 23 98 47 28 79 49 33 36 99
63 85 28 25 39 15 84 45 96 17 61 46 99 95 93 62 94 71 76 74 85 59 37 49 0 49 54 63 12 59 69 39 24 78 67 55 60 59 90 48 13 20 62 50 17 96 55 56 97 15 76 23 43 72 38 78 89 33 21 86 12 56 16 44 62 27 79 35 33 80 50 32 11 82 94 99 42 47 71 63 17 64 82 68 66 46 38 74 53 55 63 10 98 92 25 65 74 43 51 95 50 81 86 44 46
27 69 83 23 67 49 13 63 55 82 60 91 97 97 12 20 51 68 25 28 63 26 95 35 49 0 41 91 91 33 98 42 34 64 68 57 30 69 38 86 73 87 99 70 57 23 82 60 92 48 74 96 30 74 12 22 62 71 52 15 89 69 74 35 45 19 20 53 28 46 30 86 71 95 15 98 64 67 28 12 73 80 36 56 16 81 12 43 92 76 76 58 63 69 41 83 84 41 44 38 71 65 86 56 73
31 68 30 20 10 70 23 29 52 81 74 89 66 23 81 74 45 77 21 90 96 46 90 68 54 41 0 51 49 26 71 51 21 74 36 98 63 73 88 67 83 57 17 23 69 15 24 51 36 71 83 40 23 89 84 99 83 41 34 95 60 77 56 92 71 81 72 37 56 63 59 82 87 17 60 64 72 44 57 34 20 38 77 63 93 84 65 29 31 31 24 55 99 71 47 42 61 43 53 86 48 76 77 99 78
60 56 77 20 36 42 65 43 44 27 17 75 49 61 47 92 81 93 19 49 29 57 51 30 63 91 51 0 43 19 91 80 33 60 16 68 65 21 18 24 74 44 88 65 55 87 98 35 19 79 20 79 20 44 21 77 54 28 17 13 35 74 95 28 70 78 23 26 97 51 33 21 54 30 91 18 76 34 74 47 14 36 63 21 12 83 11 21 49 25 97 92 80 47 78 11 34 30 20 60 61 34 17 49 74
38 40 85 57 58 18 84 79 35 37 89 97 86 82 61 69 30 22 96 82 46 76 33 26 12 91 49 43 0 39 68 67 70 46 98 65 75 39 58 35 44 21 85 32 21 92 31 28 80 90 87 95 29 11 28 67 42 11 11 35 97 28 39 32 29 44 21 37 97 56 41 88 34 41 34 52 98 12 37 41 17 76 96 55 85 75 51 47 56 17 87 73 84 11 16 43 44 34 99 38 61 15 82 56 93
37 60 57 99 63 44 27 36 37 42 60 50 56 56 35 93 97 67 60 95 52 33 21 75 59 33 26 19 39 0 81 54 23 91 11 18 82 83 92 63 42 60 25 57 55 48 28 56 14 47 67 73 76 79 26 85 51 26 66 86 74 25 89 61 89 14 41 57 56 38 64 36 39 42 37 86 90 97 31 32 97 94 74 11 21 88 28 53 68 34 43 21 29 45 10 40 35 50 31 66 59 90 94 89 89
73 71 95 46 24 55 20 11 20 83 70 49 25 53 97 57 43 23 48 81 74 53 86 83 69 98 71 91 68 81 0 75 17 82 13 50 86 70 74 24 86 72 49 61 13 85 61 35 64 51 25 27 22 87 94 12 40 47 27 76 90 54 41 16 32 23 31 66 75 81 65 21 66 25 28 23 63 59 18 58 96 48 77 11 68 44 92 32 83 63 50 11 88 98 33 37 67 59 97 18 67 71 23 14 96
90 22 22 20 14 17 92 78 86 70 32 49 91 80 26 62 51 16 65 86 37 28 24 41 39 42 51 80 67 54 75 0 92 41 74 77 23 43 33 60 83 10 61 60 31 67 96 94 79 17 73 27 79 62 76 94 81 36 30 23 60 65 70 76 99 82 78 22 16 75 96 61 46 83 21 36 80 20 29 33 20 32 30 89 38 51 32 67 93 55 14 31 44 70 59 24 40 59 61 45 83 47 29 42 52
47 85 23 55 58 83 87 31 67 24 87 37 27 49 58 83 42 73 26 35 33 78 92 77 24 34 21 33 70 23 17 92 0 48 61 46 43 15 22 56 78 85 39 17 18 20 40 42 84 14 31 28 43 97 64 33 66 82 32 32 77 34 59 76 28 62 39 13 84 69 43 48 30 94 87 61 69 34 96 23 90 76 16 72 56 20 93 58 52 66 99 13 79 35 47 75 80 16 65 64 94 18 78 81 69
81 20 68 42 77 79 59 79 80 34 24 72 15 37 54 32 72 85 10 86 75 86 36 35 78 64 74 60 46 91 82 41 48 0 69 48 39 29 67 36 65 50 18 37 15 86 15 25 11 48 68 43 71 78 82 61 91 83 30 42 74 17 80 29 96 59 48 28 54 44 87 84 66 35 22 40 25 18 85 29 28 36 94 83 28 78 27 77 32 18 64 56 18 44 11 26 14 52 45 52 63 40 85 80 17
19 93 43 49 14 84 56 77 64 94 82 67 98 86 80 28 89 79 72 90 58 23 20 62 67 68 36 16 98 11 13 74 61 69 0 51 78 25 96 41 64 56 57 65 57 93 42 77 24 88 42 24 26 97 14 86 54 50 60 50 80 86 13 32 10 35 15 33 89 37 86 93 45 59 45 70 60 79 17 34 34 54 91 83 81 20 11 79 57 82 93 36 11 64 71 39 65 65 64 63 81 18 61 21 19
75 80 14 10 69 90 50 30 90 19 78 57 35 73 19 48 33 57 65 36 74 92 11 59 55 57 98 68 65 18 50 77 46 48 51 0 50 87 88 61 72 52 35 27 83 87 50 58 61 75 77 73 82 56 16 68 32 45 78 49 88 85 32 90 89 49 14 24 93 71 20 13 73 95 51 53 42 65 51 11 23 22 49 60 90 95 39 38 91 97 95 12 47 63 74 35 95 24 20 81 82 36 34 77 26
80 18 52 21 14 14 60 14 82 73 35 87 76 73 66 18 76 73 65 42 41 27 71 38 60 30 63 65 75 82 86 23 43 39 78 50 0 32 14 18 12 39 96 82 33 21 90 26 50 43 42 96 59 90 67 62 66 23 76 56 81 53 29 73 83 28 81 21 53 41 28 12 22 55 27 16 47 99 66 80 39 63 66 49 66 44 36 71 41 54 75 60 66 75 90 68 80 17 56 35 75 33 40 63 53
46 23 95 15 56 14 65 36 46 12 96 91 81 13 65 52 34 87 50 10 68 27 62 64 59 69 73 21 39 83 70 43 15 29 25 87 32 0 66 91 66 56 76 41 93 22 72 21 73 90 61 53 37 73 51 84 82 98 88 88 16 55 95 78 74 90 59 58 46 36 28 53 72 17 42 98 75 47 95 22 81 73 34 61 88 54 20 84 66 39 24 37 79 34 36 21 27 95 98 92 65 90 45 51 73
66 58 88 47 77 11 11 71 19 60 92 52 24 69 61 47 83 76 59 48 24 33 96 50 90 38 88 18 58 92 74 33 22 67 96 88 14 66 0 52 72 64 36 33 72 72 61 69 97 28 48 51 86 12 10 20 14 83 36 58 44 44 52 35 52 72 98 54 13 51 84 47 44 61 81 16 40 38 20 64 39 84 27 61 73 69 45 74 27 44 11 79 45 59 63 90 80 19 63 28 70 79 98 22 40
63 61 79 91 53 65 41 13 73 21 69 48 81 54 77 41 26 90 11 90 93 35 29 74 48 86 67 24 35 63 24 60 56 36 41 61 18 91 52 0 65 75 66 44 90 91 71 91 76 25 16 56 58 88 97 72 67 15 76 51 14 16 57 19 61 32 39 78 19 37 48 67 29 25 61 99 19 83 89 63 95 59 25 53 12 41 81 58 41 15 51 22 60 90 10 49 26 75 84 86 93 73 47 15 90
49 22 11 53 28 17 85 37 79 15 48 41 39 84 14 26 65 43 53 58 79 87 39 71 13 73 83 74 44 42 86 83 78 65 64 72 12 66 72 65 0 13 92 98 80 78 27 28 17 48 18 42 49 75 67 99 90 32 82 69 86 91 33 19 52 12 59 38 77 65 61 85 77 99 44 76 32 64 49 60 29 35 96 22 14 79 46 72 65 86 79 96 27 75 75 28 85 79 18 76 83 61 57 23 81
51 10 69 33 71 13 18 70 32 79 53 14 25 63 80 90 34 47 53 77 30 40 51 80 20 87 57 44 21 60 72 10 85 50 56 52 39 56 64 75 13 0 84 20 62 69 89 88 97 69 65 46 63 65 23 69 92 63 78 13 67 45 52 93 26 59 64 92 76 14 95 13 95 90 94 63 86 64 26 50 43 26 85 52 49 70 24 97 21 33 57 34 54 39 53 21 56 96 22 61 32 66 39 64 23
77 80 24 76 54 31 78 82 53 12 37 72 15 88 35 19 46 24 58 33 86 17 92 75 62 99 17 88 85 25 49 61 39 18 57 35 96 76 36 66 92 84 0 53 12 47 29 26 40 56 14 31 52 11 35 32 58 31 17 89 41 45 74 59 45 99 92 62 48 41 55 39 28 49 61 15 93 77 30 54 15 62 18 65 21 47 58 21 15 47 26 84 76 40 99 14 77 32 85 42 32 41 47 74 66
18 44 89 98 49 95 25 57 11 92 74 86 90 59 58 83 70 90 95 27 72 20 86 42 50 70 23 65 32 57 61 60 17 37 65 27 82 41 33 44 98 20 53 0 55 76 38 45 83 71 71 86 15 94 50 74 57 61 78 98 35 89 48 15 95 10 52 25 66 81 48 72 20 61 21 84 54 14 47 24 72 44 11 32 14 96 50 58 52 84 43 53 83 48 85 94 88 80 24 51 10 26 83 80 74
26 77 19 21 92 64 32 16 51 62 25 76 36 61 10 25 62 91 73 92 38 66 86 16 17 57 69 55 21 55 13 31 18 15 57 83 33 93 72 90 80 62 12 55 0 82 32 53 76 25 87 47 87 20 20 80 74 76 57 89 34 43 30 25 55 72 31 48 82 29 87 44 78 64 42 77 58 30 40 77 70 52 17 52 90 31 74 96 30 83 38 79 98 58 29 93 24 98 52 24 30 17 75 91 92
14 60 39 72 28 41 99 84 54 33 41 82 58 58 63 65 90 55 84 49 26 68 60 90 96 23 15 87 92 48 85 67 20 86 93 87 21 22 72 91 78 69 47 76 82 0 96 61 45 98 52 50 98 52 94 92 32 78 96 84 77 72 14 58 62 34 83 55 70 96 12 45 14 86 58 48 76 87 17 75 33 28 90 77 13 78 58 54 82 66 83 33 88 17 45 37 91 75 90 93 77 52 21 94 84
95 65 70 86 76 25 66 71 24 62 92 34 95 53 69 40 83 10 71 95 30 75 27 85 55 82 24 98 31 28 61 96 40 15 42 50 90 72 61 71 27 89 29 38 32 96 0 73 55 72 45 80 17 21 13 67 80 11 80 92 44 13 20 19 77 49 15 11 29 78 20 43 59 90 84 13 72 67 92 18 25 50 56 10 92 42 32 72 76 68 17 34 67 57 82 87 52 89 55 69 69 98 40 39 94
69 19 51 81 24 16 63 59 60 33 67 91 76 30 81 71 32 21 31 10 59 90 44 29 56 60 51 35 28 56 35 94 42 25 77 58 26 21 69 91 28 88 26 45 53 61 73 0 20 36 59 65 34 45 18 63 52 89 96 27 37 26 77 63 85 58 94 13 99 71 41 25 46 26 87 90 14 16 94 43 39 24 54 10 75 75 90 98 28 58 19 51 29 32 20 89 68 90 39 68 25 84 91 47 52
66 69 36 87 17 56 58 71 12 64 61 85 17 33 62 79 87 34 83 44 41 81 47 25 97 92 36 19 80 14 64 79 84 11 24 61 50 73 97 76 17 97 40 83 76 45 55 20 0 49 98 33 43 17 11 38 42 82 17 13 55 96 50 42 90 76 14 18 17 10 50 34 55 99 79 15 54 79 72 50 59 91 54 16 49 44 22 36 21 88 66 30 34 43 89 80 52 64 20 72 72 51 57 30 99
41 30 19 36 57 47 64 64 37 28 25 31 61 73 27 37 50 62 57 60 71 33 79 15 15 48 71 79 90 47 51 17 14 48 88 75 43 90 28 25 48 69 56 71 25 98 72 36 49 0 41 74 21 20 79 80 75 81 37 17 75 57 51 68 28 18 85 18 70 17 44 88 28 82 75 43 24 88 11 51 19 24 73 94 13 60 74 32 32 37 93 27 17 60 90 54 25 88 97 83 79 62 74 72 98
19 83 79 88 64 66 58 74 58 77 18 51 64 39 19 79 63 51 81 11 25 65 70 57 76 74 83 20 87 67 25 73 31 68 42 77 42 61 48 16 18 65 14 71 87 52 45 59 98 41 0 41 89 34 19 41 77 69 70 84 73 74 26 50 17 95 92 49 49 89 10 15 65 19 11 53 51 85 64 19 51 21 35 56 53 51 61 16 36 92 85 62 18 28 76 82 75 13 75 33 53 31 10 52 34
79 39 91 32 97 88 52 12 78 76 78 28 35 79 57 29 68 62 31 19 90 81 87 29 23 96 40 79 95 73 27 27 28 43 24 73 96 53 51 56 42 46 31 86 47 50 80 65 33 74 41 0 81 91 87 21 40 23 12 42 78 78 95 28 48 64 24 80 40 22 11 60 79 20 32 72 52 73 62 32 18 16 13 65 69 94 89 23 41 76 75 36 19 78 14 67 41 21 42 91 78 41 30 93 46
16 29 57 62 62 54 34 28 52 37 52 91 83 24 99 19 64 65 27 94 80 82 83 10 43 30 23 20 29 76 22 79 43 71 26 82 59 37 86 58 49 63 52 15 87 98 17 34 43 21 89 81 0 45 78 81 88 85 30 48 37 21 61 31 20 27 12 81 89 12 10 68 76 61 50 20 56 84 44 23 62 97 73 25 45 57 23 20 10 50 52 62 40 28 19 91 15 84 33 66 10 65 52 83 35
41 30 29 48 76 43 88 42 20 18 14 17 59 65 11 85 63 56 43 79 76 90 45 88 72 74 89 44 11 79 87 62 97 78 97 56 90 73 12 88 75 65 11 94 20 52 21 45 17 20 34 91 45 0 71 87 74 36 34 53 43 32 89 53 16 12 14 10 29 19 30 29 73 65 67 52 46 89 53 40 67 38 82 34 81 56 87 97 71 52 65 48 73 50 90 87 60 40 76 79 46 20 41 60 93
68 91 64 23 53 75 83 33 62 41 24 35 16 91 46 78 74 51 99 80 38 74 40 33 38 12 84 21 28 26 94 76 64 82 14 16 67 51 10 97 67 23 35 50 20 94 13 18 11 79 19 87 78 71 0 11 97 67 84 53 48 34 24 90 64 37 11 54 16 91 99 92 18 55 48 54 63 25 63 94 37 84 33 82 71 55 54 52 44 90 99 10 26 51 96 79 56 80 76 43 41 22 61 23 44
61 69 68 46 10 82 22 70 71 49 30 42 84 35 58 27 20 83 24 68 93 58 97 65 78 22 99 77 67 85 12 94 33 61 86 68 62 84 20 72 99 69 32 74 80 92 67 63 38 80 41 21 81 87 11 0 69 13 29 10 89 25 77 73 17 87 95 70 29 54 81 10 63 27 59 89 35 60 71 89 96 76 24 94 37 88 18 42 80 96 47 64 49 76 13 23 89 85 44 27 11 82 62 66 50
46 51 28 61 23 90 38 97 10 46 51 21 39 59 23 91 27 17 31 27 16 63 67 82 89 62 83 54 42 51 40 81 66 91 54 32 66 82 14 67 90 92 58 57 74 32 80 52 42 75 77 40 88 74 97 69 0 45 52 84 54 89 31 29 18 62 38 31 13 45 82 95 11 86 75 14 19 28 35 96 91 89 60 80 47 54 12 71 70 53 39 38 31 79 81 93 97 99 56 57 22 20 45 41 70
58 85 67 22 76 53 63 54 58 26 84 31 39 13 65 57 45 44 69 13 40 71 70 39 33 71 41 28 11 26 47 36 82 83 50 45 23 98 83 15 32 63 31 61 76 78 11 89 82 81 69 23 85 36 67 13 45 0 80 68 57 69 39 25 93 73 21 62 74 74 27 17 35 71 70 80 51 74 63 27 49 54 24 73 12 46 15 37 44 58 45 27 34 39 69 92 20 18 90 57 11 93 93 27 56
18 86 87 85 81 51 66 95 35 11 24 26 14 85 49 86 82 95 15 38 72 85 17 83 21 52 34 17 11 66 27 30 32 30 60 78 76 88 36 76 82 78 17 78 57 96 80 96 17 37 70 12 30 34 84 29 52 80 0 11 62 24 52 65 36 44 40 34 32 36 26 82 60 34 96 43 63 45 51 99 16 26 99 21 94 52 25 38 76 40 88 79 64 83 12 95 73 33 23 39 52 67 69 42 76
84 68 67 89 20 44 94 68 98 59 68 36 62 44 73 45 36 38 88 58 53 34 35 16 86 15 95 13 35 86 76 23 32 42 50 49 56 88 58 51 69 13 89 98 89 84 92 27 13 17 84 42 48 53 53 10 84 68 11 0 26 90 66 28 34 33 97 98 22 66 24 58 11 45 99 24 63 86 32 66 11 74 78 61 16 21 55 45 38 49 92 25 82 73 25 47 60 37 57 98 34 23 97 49 41
15 91 27 63 15 37 11 22 38 44 19 83 76 67 94 48 51 22 34 58 47 34 24 47 12 89 60 35 97 74 90 60 77 74 80 88 81 16 44 14 86 67 41 35 34 77 44 37 55 75 73 78 37 43 48 89 54 57 62 26 0 43 30 83 59 82 62 91 85 23 36 30 39 15 80 38 18 50 61 77 73 79 77 65 82 37 14 15 37 99 56 43 88 34 58 99 20 59 31 84 98 79 25 24 76
16 37 54 68 81 49 14 65 96 48 83 13 73 85 16 66 68 40 35 25 30 56 19 48 56 69 77 74 28 25 54 65 34 17 86 85 53 55 44 16 91 45 45 89 43 72 13 26 96 57 74 78 21 32 34 25 89 69 24 90 43 0 38 45 50 76 91 74 33 92 98 45 89 21 96 54 86 95 25 52 50 95 44 92 36 59 78 60 72 27 50 74 22 74 31 63 84 93 38 49 84 47 67 55 20
71 65 25 96 99 86 57 90 65 70 99 19 26 87 25 83 48 71 73 35 98 80 95 50 16 74 56 95 39 89 41 70 59 80 13 32 29 95 52 57 33 52 74 48 30 14 20 77 50 51 26 95 61 89 24 77 31 39 52 66 30 38 0 66 95 98 72 32 54 40 37 95 48 71 41 89 97 66 72 41 58 40 63 86 96 10 55 49 41 71 17 17 95 74 94 82 85 37 58 36 88 95 17 88 18
96 67 98 27 36 40 55 41 76 48 74 99 31 31 24 91 12 38 68 34 29 31 88 32 44 35 92 28 32 61 16 76 76 29 32 90 73 78 35 19 19 93 59 15 25 58 19 63 42 68 50 28 31 53 90 73 29 25 65 28 83 45 66 0 22 45 74 88 27 89 74 17 75 62 11 96 77 20 19 13 20 87 27 92 33 20 96 97 56 80 19 16 37 75 63 40 32 55 68 16 61 18 91 61 86
74 69 10 80 72 59 74 67 53 89 81 15 86 23 54 45 87 57 46 99 76 41 97 53 62 45 71 70 29 89 32 99 28 96 10 89 83 74 52 61 52 26 45 95 55 62 77 85 90 28 17 48 20 16 64 17 18 93 36 34 59 50 95 22 0 98 76 10 33 46 40 37 88 40 15 94 97 87 75 13 66 79 31 47 26 46 24 94 55 93 72 90 46 14 70 94 77 32 28 97 29 98 25 82 71
99 83 44 71 70 78 60 98 41 38 39 21 14 78 26 44 34 70 13 18 10 36 18 82 27 19 81 78 44 14 23 82 62 59 35 49 28 90 72 32 12 59 99 10 72 34 49 58 76 18 95 64 27 12 37 87 62 73 44 33 82 76 98 45 98 0 55 43 13 32 93 64 87 22 33 62 88 96 36 69 23 68 54 95 83 68 10 63 27 72 68 44 55 16 58 91 83 46 77 44 28 62 14 46 81
99 55 17 22 94 63 61 39 55 88 15 81 56 38 46 43 21 94 95 14 14 44 27 59 79 20 72 23 21 41 31 78 39 48 15 14 81 59 98 39 59 64 92 52 31 83 15 94 14 85 92 24 12 14 11 95 38 21 40 97 62 91 72 74 76 55 0 86 36 31 14 21 84 57 99 49 61 97 39 22 51 48 19 93 86 17 47 76 29 93 12 19 48 51 23 38 93 58 36 36 16 59 66 98 77
15 59 79 60 24 59 34 21 58 68 78 79 51 80 22 67 41 66 44 83 52 24 64 62 35 53 37 26 37 57 66 22 13 28 33 24 21 58 54 78 38 92 62 25 48 55 11 13 18 18 49 80 81 10 54 70 31 62 34 98 91 74 32 88 10 43 86 0 55 37 51 26 95 63 88 45 52 14 38 58 69 46 18 11 91 38 97 33 80 64 56 13 73 16 97 56 44 41 49 86 27 16 49 12 91
45 40 49 84 89 87 79 18 65 19 98 14 41 32 10 46 13 65 67 47 91 12 70 89 33 28 56 97 97 56 75 16 84 54 89 93 53 46 13 19 77 76 48 66 82 70 29 99 17 70 49 40 89 29 16 29 13 74 32 22 85 33 54 27 33 13 36 55 0 46 20 36 29 17 89 27 90 85 97 76 68 43 51 82 24 68 14 13 92 63 30 96 27 23 88 28 64 85 19 28 31 15 58 51 91
60 52 33 51 99 42 29 26 96 54 61 94 16 61 26 23 89 25 92 65 94 23 88 14 80 46 63 51 56 38 81 75 69 44 37 71 41 36 51 37 65 14 41 81 29 96 78 71 10 17 89 22 12 19 91 54 45 74 36 66 23 92 40 89 46 32 31 37 46 0 19 13 51 61 11 20 55 38 42 44 89 39 17 54 60 97 97 61 24 54 52 39 37 45 86 77 54 85 66 70 77 33 64 86 43
86 92 27 39 20 44 93 41 68 87 87 71 28 44 47 62 70 66 95 85 35 98 57 58 50 30 59 33 41 64 65 96 43 87 86 20 28 28 84 48 61 95 55 48 87 12 20 41 50 44 10 11 10 30 99 81 82 27 26 24 36 98 37 74 40 93 14 51 20 19 0 26 63 77 45 36 76 70 72 31 87 35 89 61 37 10 92 87 77 56 44 49 52 25 91 37 12 30 67 94 56 37 12 58 61
88 66 50 15 12 86 22 88 87 44 97 99 90 99 67 47 83 59 47 93 50 14 30 56 32 86 82 21 88 36 21 61 48 84 93 13 12 53 47 67 85 13 39 72 44 45 43 25 34 88 15 60 68 29 92 10 95 17 82 58 30 45 95 17 37 64 21 26 36 13 26 0 95 50 12 64 63 17 82 90 28 92 24 35 83 95 78 75 37 19 86 99 86 75 68 34 51 48 11 62 69 90 43 14 58
25 99 62 35 32 59 61 98 73 25 31 63 97 90 13 50 53 47 10 67 57 40 11 26 11 71 87 54 34 39 66 46 30 66 45 73 22 72 44 29 77 95 28 20 78 14 59 46 55 28 65 79 76 73 18 63 11 35 60 11 39 89 48 75 88 87 84 95 29 51 63 95 0 47 97 73 74 76 78 16 56 60 24 28 71 30 55 24 88 18 55 15 50 73 15 16 35 37 95 91 90 22 55 88 47
29 80 84 91 34 39 79 23 58 13 55 44 71 73 32 75 28 48 17 35 10 94 59 76 82 95 17 30 41 42 25 83 94 35 59 95 55 17 61 25 99 90 49 61 64 86 90 26 99 82 19 20 61 65 55 27 86 71 34 45 15 21 71 62 40 22 57 63 17 61 77 50 47 0 23 19 85 73 26 46 11 93 20 60 30 94 30 92 89 68 33 70 53 70 40 15 76 93 26 87 88 99 73 13 25
96 21 31 76 25 12 39 10 50 59 93 90 41 81 11 23 47 14 45 86 67 80 39 95 94 15 60 91 34 37 28 21 87 22 45 51 27 42 81 61 44 94 61 21 42 58 84 87 79 75 11 32 50 67 48 59 75 70 96 99 80 96 41 11 15 33 99 88 89 11 45 12 97 23 0 69 88 13 61 88 16 51 93 85 91 48 53 44 92 88 98 95 93 10 86 15 18 51 28 61 95 22 23 62 37
83 78 98 78 63 40 19 54 52 42 56 75 21 94 65 92 65 97 37 68 49 47 45 50 99 98 64 18 52 86 23 36 61 40 70 53 16 98 16 99 76 63 15 84 77 48 13 90 15 43 53 72 20 52 54 89 14 80 43 24 38 54 89 96 94 62 49 45 27 20 36 64 73 19 69 0 55 18 21 40 58 34 75 54 82 23 55 59 20 35 38 45 94 95 80 95 57 24 55 13 53 36 74 93 30
80 46 25 19 91 36 72 68 95 26 45 76 37 44 49 92 30 64 20 79 49 12 87 17 42 64 72 76 98 90 63 80 69 25 60 42 47 75 40 19 32 86 93 54 58 76 72 14 54 24 51 52 56 46 63 35 19 51 63 63 18 86 97 77 97 88 61 52 90 55 76 63 74 85 88 55 0 22 90 58 49 64 13 34 59 35 68 81 75 30 53 40 21 15 74 62 80 40 91 79 63 99 49 96 48
50 97 97 78 27 23 54 52 41 47 57 63 17 71 17 48 24 44 71 27 40 98 17 14 47 67 44 34 12 97 59 20 34 18 79 65 99 47 38 83 64 64 77 14 30 87 67 16 79 88 85 73 84 89 25 60 28 74 45 86 50 95 66 20 87 96 97 14 85 38 70 17 76 73 13 18 22 0 18 58 72 31 96 59 58 80 75 19 79 87 90 13 85 39 66 38 15 27 81 28 79 68 82 16 72
10 59 56 60 96 74 45 78 82 51 39 91 99 97 18 75 43 21 69 88 21 83 92 77 71 28 57 74 37 31 18 29 96 85 17 51 66 95 20 89 49 26 30 47 40 17 92 94 72 11 64 62 44 53 63 71 35 63 51 32 61 25 72 19 75 36 39 38 97 42 72 82 78 26 61 21 90 18 0 82 63 20 20 47 62 59 80 23 68 32 52 20 88 86 25 52 64 93 44 64 22 83 45 28 98
44 18 86 66 61 40 91 92 73 33 27 10 20 41 91 20 45 56 95 62 77 60 57 83 63 12 34 47 41 32 58 33 23 29 34 11 80 22 64 63 60 50 54 24 77 75 18 43 50 51 19 32 23 40 94 89 96 27 99 66 77 52 41 13 13 69 22 58 76 44 31 90 16 46 88 40 58 58 82 0 16 97 49 67 64 71 47 78 10 58 62 75 64 37 79 73 68 14 25 89 58 85 78 61 55
75 17 87 27 65 80 12 88 55 78 63 58 32 19 87 19 10 96 54 23 51 67 87 34 17 73 20 14 17 97 96 20 90 28 34 23 39 81 39 95 29 43 15 72 70 33 25 39 59 19 51 18 62 67 37 96 91 49 16 11 73 50 58 20 66 23 51 69 68 89 87 28 56 11 16 58 49 72 63 16 0 18 35 62 46 53 21 60 63 75 93 92 51 29 97 97 56 63 77 22 55 35 88 37 95
18 10 58 71 41 51 80 33 45 84 14 63 68 59 29 96 63 59 20 63 28 19 77 96 64 80 38 36 76 94 48 32 76 36 54 22 63 73 84 59 35 26 62 44 52 28 50 24 91 24 21 16 97 38 84 76 89 54 26 74 79 95 40 87 79 68 48 46 43 39 35 92 60 93 51 34 64 31 20 97 18 0 42 93 14 41 50 54 99 67 91 79 53 21 76 29 22 99 68 41 18 26 40 11 37
97 53 19 56 42 94 82 85 31 56 74 94 89 11 56 94 35 82 16 27 17 32 14 20 82 36 77 63 96 74 77 30 16 94 91 49 66 34 27 25 96 85 18 11 17 90 56 54 54 73 35 13 73 82 33 24 60 24 99 78 77 44 63 27 31 54 19 18 51 17 89 24 24 20 93 75 13 96 20 49 35 42 0 49 34 81 19 44 63 45 91 89 12 24 54 69 79 17 18 70 57 65 98 96 80
69 98 25 20 66 92 56 84 53 63 65 79 27 52 76 95 84 20 79 55 20 92 76 49 68 56 63 21 55 11 11 89 72 83 83 60 49 61 61 53 22 52 65 32 52 77 10 10 16 94 56 65 25 34 82 94 80 73 21 61 65 92 86 92 47 95 93 11 82 54 61 35 28 60 85 54 34 59 47 67 62 93 49 0 74 90 49 55 58 39 28 23 10 31 98 27 27 85 26 85 87 55 26 38 47
90 94 41 14 78 33 66 84 85 18 50 49 24 98 44 39 65 27 92 65 10 64 74 87 66 16 93 12 85 21 68 38 56 28 81 90 66 88 73 12 14 49 21 14 90 13 92 75 49 13 53 69 45 81 71 37 47 12 94 16 82 36 96 33 26 83 86 91 24 60 37 83 71 30 91 82 59 58 62 64 46 14 34 74 0 88 45 74 21 78 65 94 97 34 27 25 39 17 14 28 33 56 71 38 15
41 50 47 32 67 97 67 11 35 14 95 80 75 65 26 92 40 39 35 50 75 26 99 73 46 81 84 83 75 88 44 51 20 78 20 95 44 54 69 41 79 70 47 96 31 78 42 75 44 60 51 94 57 56 55 88 54 46 52 21 37 59 10 20 46 68 17 38 68 97 10 95 30 94 48 23 35 80 59 71 53 41 81 90 88 0 15 59 50 48 64 41 24 23 13 67 77 53 25 68 41 46 47 93 27
22 21 50 32 50 73 74 43 91 72 54 96 59 21 97 12 17 94 57 88 86 83 94 60 38 12 65 11 51 28 92 32 93 27 11 39 36 20 45 81 46 24 58 50 74 58 32 90 22 74 61 89 23 87 54 18 12 15 25 55 14 78 55 96 24 10 47 97 14 97 92 78 55 30 53 55 68 75 80 47 21 50 19 49 45 15 0 78 46 25 32 90 41 40 35 29 24 49 59 65 87 82 19 34 17
83 28 45 47 87 22 50 59 11 52 27 19 25 31 41 54 72 56 14 55 35 28 13 97 74 43 29 21 47 53 32 67 58 77 79 38 71 84 74 58 72 97 21 58 96 54 72 98 36 32 16 23 20 97 52 42 71 37 38 45 15 60 49 97 94 63 76 33 13 61 87 75 24 92 44 59 81 19 23 78 60 54 44 55 74 59 78 0 83 20 24 19 66 42 81 19 25 13 18 72 48 85 12 80 56
39 15 54 90 68 71 46 86 21 69 38 86 44 41 49 88 79 36 51 52 77 88 52 58 53 92 31 49 56 68 83 93 52 32 57 91 41 66 27 41 65 21 15 52 30 82 76 28 21 32 36 41 10 71 44 80 70 44 76 38 37 72 41 56 55 27 29 80 92 24 77 37 88 89 92 20 75 79 68 10 63 99 63 58 21 50 46 83 0 10 70 43 80 51 56 67 89 18 80 59 89 44 72 42 12
15 52 26 43 64 57 63 17 17 73 81 74 34 54 97 95 91 63 86 31 27 41 78 61 55 76 31 25 17 34 63 55 66 18 82 97 54 39 44 15 86 33 47 84 83 66 68 58 88 37 92 76 50 52 90 96 53 58 40 49 99 27 71 80 93 72 93 64 63 54 56 19 18 68 88 35 30 87 32 58 75 67 45 39 78 48 25 20 10 0 23 99 58 77 23 97 65 46 17 18 23 32 40 37 90
79 75 81 17 77 64 82 45 83 22 86 50 53 32 89 61 95 45 92 35 10 41 47 33 63 76 24 97 87 43 50 14 99 64 93 95 75 24 11 51 79 57 26 43 38 83 17 19 66 93 85 75 52 65 99 47 39 45 88 92 56 50 17 19 72 68 12 56 30 52 44 86 55 33 98 38 53 90 52 62 93 91 91 28 65 64 32 24 70 23 0 29 32 74 11 84 67 43 18 26 20 60 96 37 53
83 71 40 69 60 24 67 27 30 96 54 62 44 11 30 75 54 24 59 86 48 87 20 36 10 58 55 92 73 21 11 31 13 56 36 12 60 37 79 22 96 34 84 53 79 33 34 51 30 27 62 36 62 48 10 64 38 27 79 25 43 74 17 16 90 44 19 13 96 39 49 99 15 70 95 45 40 13 20 75 92 79 89 23 94 41 90 19 43 99 29 0 47 92 29 16 55 92 77 42 66 56 93 81 79
73 15 74 69 59 74 70 70 83 48 20 49 37 23 27 81 35 84 12 68 47 84 90 31 98 63 99 80 84 29 88 44 79 18 11 47 66 79 45 60 27 54 76 83 98 88 67 29 34 17 18 19 40 73 26 49 31 34 64 82 88 22 95 37 46 55 48 73 27 37 52 86 50 53 93 94 21 85 88 64 51 53 12 10 97 24 41 66 80 58 32 47 0 22 35 47 28 82 90 66 56 15 12 98 58
18 77 26 78 16 85 42 84 10 69 33 13 70 97 34 29 43 90 81 59 86 47 69 85 92 69 71 47 11 45 98 70 35 44 64 63 75 34 59 90 75 39 40 48 58 17 57 32 43 60 28 78 28 50 51 76 79 39 83 73 34 74 74 75 14 16 51 16 23 45 25 75 73 70 10 95 15 39 86 37 29 21 24 31 34 23 40 42 51 77 74 92 22 0 71 54 78 41 42 58 77 43 75 37 85
71 14 63 70 45 47 65 25 75 73 69 36 70 27 76 40 43 74 63 79 93 38 48 65 25 41 47 78 16 10 33 59 47 11 71 74 90 36 63 10 75 53 99 85 29 45 82 20 89 90 76 14 19 90 96 13 81 69 12 25 58 31 94 63 70 58 23 97 88 86 91 68 15 40 86 80 74 66 25 79 97 76 54 98 27 13 35 81 56 23 11 29 35 71 0 86 73 37 76 15 68 62 28 84 12
57 19 21 17 15 79 56 33 83 55 41 24 27 26 81 70 27 82 61 92 39 20 87 42 65 83 42 11 43 40 37 24 75 26 39 35 68 21 90 49 28 21 14 94 93 37 87 89 80 54 82 67 91 87 79 23 93 92 95 47 99 63 82 40 94 91 38 56 28 77 37 34 16 15 15 95 62 38 52 73 97 29 69 27 25 67 29 19 67 97 84 16 47 54 86 0 55 78 15 32 36 55 66 98 43
91 51 95 97 66 12 43 92 65 33 85 25 71 89 31 30 83 77 63 54 74 83 57 23 74 84 61 34 44 35 67 40 80 14 65 95 80 27 80 26 85 56 77 88 24 91 52 68 52 25 75 41 15 60 56 89 97 20 73 60 20 84 85 32 77 83 93 44 64 54 12 51 35 76 18 57 80 15 64 68 56 22 79 27 39 77 24 25 89 65 67 55 28 78 73 55 0 16 44 94 72 46 51 12 30
77 96 84 65 81 66 17 74 35 97 94 53 75 59 57 30 15 54 60 34 13 19 23 98 43 41 43 30 34 50 59 59 16 52 65 24 17 95 19 75 79 96 32 80 98 75 89 90 64 88 13 21 84 40 80 85 99 18 33 37 59 93 37 55 32 46 58 41 85 85 30 48 37 93 51 24 40 27 93 14 63 99 17 85 17 53 49 13 18 46 43 92 82 41 37 78 16 0 14 87 22 26 45 96 61
74 44 85 15 83 64 92 91 20 17 14 69 98 54 31 42 95 37 47 89 35 56 68 47 51 44 53 20 99 31 97 61 65 45 64 20 56 98 63 84 18 22 85 24 52 90 55 39 20 97 75 42 33 76 76 44 56 90 23 57 31 38 58 68 28 77 36 49 19 66 67 11 95 26 28 55 91 81 44 25 77 68 18 26 14 25 59 18 80 17 18 77 90 42 76 15 44 14 0 84 99 18 40 77 55
28 60 50 91 20 61 72 48 16 62 80 18 67 43 60 31 70 33 98 25 97 98 39 28 95 38 86 60 38 66 18 45 64 52 63 81 35 92 28 86 76 61 42 51 24 93 69 68 72 83 33 91 66 79 43 27 57 57 39 98 84 49 36 16 97 44 36 86 28 70 94 62 91 87 61 13 79 28 64 89 22 41 70 85 28 68 65 72 59 18 26 42 66 58 15 32 94 87 84 0 34 26 35 69 56
39 28 79 67 98 67 87 47 76 81 30 75 89 73 32 26 12 32 85 88 31 57 88 79 50 71 48 61 61 59 67 83 94 63 81 82 75 65 70 93 83 32 32 10 30 77 69 25 72 79 53 78 10 46 41 11 22 11 52 34 98 84 88 61 29 28 16 27 31 77 56 69 90 88 95 53 63 79 22 58 55 18 57 87 33 41 87 48 89 23 20 66 56 77 68 36 72 22 99 34 0 14 27 11 27
19 13 72 50 94 52 52 26 95 86 45 21 41 81 39 47 49 41 57 47 55 95 45 49 81 65 76 34 15 90 71 47 18 40 18 36 33 90 79 73 61 66 41 26 17 52 98 84 51 62 31 41 65 20 22 82 20 93 67 23 79 47 95 18 98 62 59 16 15 33 37 90 22 99 22 36 99 68 83 85 35 26 65 55 56 46 82 85 44 32 60 56 15 43 62 55 46 26 18 26 14 0 57 55 17
87 54 10 96 95 65 14 52 75 66 23 28 38 11 67 70 96 26 18 43 86 29 67 33 86 86 77 17 82 94 23 29 78 85 61 34 40 45 98 47 57 39 47 83 75 21 40 91 57 74 10 30 52 41 61 62 45 93 69 97 25 67 17 91 25 14 66 49 58 64 12 43 55 73 23 74 49 82 45 78 88 40 98 26 71 47 19 12 72 40 96 93 12 75 28 66 51 45 40 35 27 57 0 34 99
27 93 10 37 69 98 25 39 51 79 98 28 61 21 13 25 70 38 48 93 74 75 51 36 44 56 99 49 56 89 14 42 81 80 21 77 63 51 22 15 23 64 74 80 91 94 39 47 30 72 52 93 83 60 23 66 41 27 42 49 24 55 88 61 82 46 98 12 51 86 58 14 88 13 62 93 96 16 28 61 37 11 96 38 38 93 34 80 42 37 37 81 98 37 84 98 12 96 77 69 11 55 34 0 26
22 38 15 14 12 69 29 74 59 24 15 98 39 34 22 14 47 64 93 43 82 73 69 99 46 73 78 74 93 89 96 52 69 17 19 26 53 73 40 90 81 23 66 74 92 84 94 52 99 98 34 46 35 93 44 50 70 56 76 41 76 20 18 86 71 81 77 91 91 43 61 58 47 25 37 30 48 72 98 55 95 37 80 47 15 27 17 56 12 90 53 79 58 85 12 43 30 61 55 56 27 17 99 26 0