95
0 87 52 21 30 51 20 70 33 21 95 20 85 70 77 73 44 28 90 71 58 72 49 45 52 55 17 39 85 10 30 69 88 65 47 55 56 65 83 92 41 54 43 25 86 24 94 66 48 58 23 35 10 26 67 65 30 47 90 24 93 71 74 33 14 92 72 87 94 37 97 91 22 37 75 97 51 91 15 85 69 53 51 72 68 63 47 90 79 34 71 63 51 25 71
87 0 67 50 22 44 37 61 84 19 76 34 85 17 38 25 93 12 77 21 92 93 95 32 15 71 88 90 38 90 17 24 89 47 92 11 70 36 53 43 69 60 28 50 89 56 32 10 72 92 85 13 96 34 64 59 53 41 71 70 60 80 12 74 98 32 65 83 42 46 52 44 34 78 50 41 68 23 53 59 78 89 24 10 67 65 33 75 13 24 57 24 67 12 35
52 67 0 40 33 72 55 17 91 57 83 63 27 95 60 50 25 53 83 19 65 16 17 42 63 38 32 55 96 11 47 53 37 95 20 44 61 42 62 22 31 60 64 41 59 29 81 50 26 39 42 11 15 24 51 85 19 78 67 16 81 79 83 18 51 25 63 44 58 79 38 72 41 19 15 26 90 68 39 41 84 96 57 70 18 88 48 23 62 11 58 46 94 76 70
21 50 40 0 73 75 34 42 11 84 29 21 59 54 69 11 86 52 72 60 85 65 96 36 99 63 14 85 34 41 29 63 56 25 67 52 80 42 92 70 41 96 31 25 71 76 39 24 24 42 86 75 96 79 53 75 86 19 62 53 25 51 39 62 44 92 69 91 12 41 19 37 59 21 26 17 55 71 96 90 42 77 99 26 38 32 76 18 70 48 96 63 12 82 34
30 22 33 73 0 49 80 66 64 88 62 53 40 46 98 81 91 28 65 53 32 97 56 28 36 25 27 37 28 36 94 38 69 20 99 14 11 42 66 85 25 95 34 88 86 17 32 53 96 77 71 41 76 51 99 88 29 44 75 40 34 50 75 25 49 18 11 73 65 29 50 95 28 48 19 18 75 92 45 99 44 63 97 92 89 11 30 51 65 32 57 23 74 63 26
51 44 72 75 49 0 68 27 12 52 56 99 94 23 49 55 89 37 10 36 81 63 15 59 30 41 66 40 78 55 38 71 18 57 36 98 95 79 97 31 41 57 88 75 76 73 68 49 20 29 32 29 29 80 78 74 32 79 61 94 94 77 22 69 61 62 74 61 10 94 57 94 87 38 71 21 66 84 85 17 58 83 77 39 98 88 38 58 57 48 88 77 40 47 18
20 37 55 34 80 68 0 38 54 80 35 66 12 15 16 76 87 31 62 86 43 79 26 84 46 56 86 30 61 28 65 61 63 75 40 10 45 11 48 66 29 28 30 51 49 76 75 74 79 46 79 52 89 83 30 28 42 19 37 30 48 23 40 19 57 39 42 54 69 20 58 93 33 88 30 32 79 63 46 10 16 61 59 76 86 15 19 80 46 35 88 76 41 86 29
70 61 17 42 66 27 38 0 64 28 39 40 21 10 12 43 38 11 91 56 45 26 87 53 85 68 63 13 50 83 74 29 77 76 33 92 94 66 94 66 13 64 39 24 34 75 86 39 85 52 15 17 36 16 83 45 58 80 85 22 99 47 13 81 90 45 48 59 68 24 24 15 33 55 79 91 67 96 18 90 38 66 70 57 12 95 38 68 78 81 11 84 28 34 28
33 84 91 11 64 12 54 64 0 94 34 12 28 82 65 48 58 82 96 29 29 73 82 71 68 20 31 27 58 83 74 19 71 38 40 70 86 33 48 24 85 93 46 82 46 81 79 30 64 26 18 80 13 41 66 11 19 94 51 57 54 74 32 84 84 25 26 79 21 23 25 87 83 88 10 80 59 87 98 51 27 14 71 46 82 35 93 86 37 15 56 77 26 80 34
21 19 57 84 88 52 80 28 94 0 44 85 65 86 72 21 50 27 54 36 13 70 84 68 81 92 45 16 36 69 17 89 87 84 32 53 57 45 71 89 48 88 97 16 83 34 52 85 28 31 97 82 74 67 76 29 80 50 74 16 19 94 21 78 76 25 18 99 23 55 61 59 80 89 56 97 82 28 18 32 83 63 46 18 13 52 74 38 54 50 51 91 16 24 49
95 76 83 29 62 56 35 39 34 44 0 41 58 69 49 68 75 46 88 85 19 66 66 59 14 78 46 22 53 22 53 43 84 31 84 92 76 59 72 84 97 93 86 43 27 50 22 84 81 64 59 85 98 14 23 17 82 70 35 31 75 61 36 22 88 19 48 60 64 40 95 85 40 40 15 45 73 75 97 42 41 67 49 95 91 70 58 19 91 81 42 43 15 63 93
20 34 63 21 53 99 66 40 12 85 41 0 97 79 78 29 81 82 16 53 19 76 97 13 48 12 44 26 82 62 36 12 25 23 49 37 87 30 17 30 79 26 42 71 27 11 78 66 35 81 47 59 18 79 78 35 75 32 44 61 52 89 65 79 41 62 30 72 79 14 22 59 81 83 19 51 37 61 47 91 30 91 16 40 46 71 35 31 78 30 34 87 42 60 71
85 85 27 59 40 94 12 21 28 65 58 97 0 92 97 88 79 84 15 28 95 19 95 64 61 27 52 62 21 19 63 27 98 44 24 89 86 65 34 31 18 64 27 64 80 21 56 53 71 71 60 60 15 44 12 46 63 19 10 43 48 84 69 22 50 23 71 44 49 54 83 61 77 94 31 52 87 99 45 21 84 27 42 70 63 98 39 41 94 29 47 98 55 52 74
70 17 95 54 46 23 15 10 82 86 69 79 92 0 35 80 14 86 30 98 11 85 77 83 31 51 87 23 35 87 89 18 80 43 72 23 80 24 28 11 54 11 78 96 13 79 11 51 84 22 62 51 51 66 62 94 48 80 29 64 12 41 60 99 77 42 99 53 27 34 45 79 47 41 11 86 15 74 44 72 71 48 18 64 79 80 26 20 27 49 27 38 22 19 86
77 38 60 69 98 49 16 12 65 72 49 78 97 35 0 45 71 27 68 78 40 66 94 11 87 31 31 50 91 76 58 23 48 55 89 16 72 17 57 89 90 14 45 52 70 85 55 46 70 13 24 67 85 86 50 42 22 27 11 51 25 13 40 11 65 80 63 48 21 43 90 92 65 32 99 26 18 11 12 77 82 99 37 74 56 78 30 63 41 98 58 26 61 20 67
73 25 50 11 81 55 76 43 48 21 68 29 88 80 45 0 45 32 65 62 30 64 30 45 71 97 60 85 69 56 34 81 99 47 32 92 77 92 57 51 35 31 17 14 79 14 43 95 69 55 11 84 66 17 28 63 29 92 52 21 84 71 57 15 47 11 51 20 29 31 96 20 80 39 26 51 60 64 20 68 82 68 28 80 13 25 77 90 10 73 55 94 19 30 31
44 93 25 86 91 89 87 38 58 50 75 81 79 14 71 45 0 48 54 89 34 92 96 71 30 39 94 60 94 37 90 53 52 88 39 99 79 22 11 56 60 72 28 97 32 46 58 28 59 80 24 31 85 53 14 94 26 49 77 22 86 29 28 40 22 44 10 28 15 78 52 29 62 21 46 58 79 25 90 68 90 12 51 14 95 33 55 15 25 50 45 23 61 22 90
28 12 53 52 28 37 31 11 82 27 46 82 84 86 27 32 48 0 13 61 64 43 80 96 15 80 29 74 14 71 20 28 57 43 32 25 87 41 42 75 70 60 43 90 25 33 27 33 55 15 36 78 41 88 86 53 37 89 51 99 70 59 23 80 64 66 52 34 96 85 76 32 71 43 46 88 17 66 35 35 57 45 46 17 47 79 63 94 41 32 73 45 23 70 49
90 77 83 72 65 10 62 91 96 54 88 16 15 30 68 65 54 13 0 40 61 85 11 56 36 29 79 24 85 49 36 58 89 41 45 74 21 83 49 39 77 65 74 22 83 53 71 44 18 50 56 38 79 28 84 20 39 67 26 70 22 40 49 69 69 37 26 91 52 54 89 74 14 96 96 41 96 59 54 99 26 19 25 33 68 78 43 95 43 66 65 94 25 30 47
71 21 19 60 53 36 86 56 29 36 85 53 28 98 78 62 89 61 40 0 13 17 39 38 10 42 28 57 97 91 64 33 10 96 21 50 61 15 25 42 22 95 37 85 95 34 86 82 95 71 63 52 88 82 74 46 97 79 73 91 41 44 58 20 32 68 15 54 21 25 71 63 42 16 96 15 48 41 77 38 23 17 19 94 44 11 74 81 35 24 30 80 83 68 43
58 92 65 85 32 81 43 45 29 13 19 19 95 11 40 30 34 64 61 13 0 55 23 32 31 42 69 31 46 74 85 77 18 17 63 83 87 55 44 38 22 31 85 68 87 40 46 43 52 85 92 10 28 71 35 13 58 89 27 35 77 31 59 78 13 60 70 11 57 92 32 87 35 43 38 42 41 82 76 76 61 38 98 15 19 53 15 74 25 27 57 28 55 36 15
72 93 16 65 97 63 79 26 73 70 66 76 19 85 66 64 92 43 85 17 55 0 14 17 22 44 45 83 54 90 88 87 87 26 60 39 62 69 46 46 59 82 25 18 74 68 70 77 98 76 47 97 37 98 98 20 88 52 23 77 96 89 73 81 78 66 33 52 34 17 27 39 68 99 61 35 73 47 56 23 39 23 90 40 79 48 14 58 84 19 27 91 32 78 62
49 95 17 96 56 15 26 87 82 84 66 97 95 77 94 30 96 80 11 39 23 14 0 92 36 11 59 88 60 14 88 70 47 74 79 31 12 39 47 41 43 51 69 37 28 58 14 86 83 80 14 81 65 52 38 10 62 11 54 18 64 71 53 51 94 73 11 27 70 59 63 47 53 16 38 47 89 82 88 93 23 51 76 30 11 88 65 25 71 12 35 37 48 44 14
45 32 42 36 28 59 84 53 71 68 59 13 64 83 11 45 71 96 56 38 32 17 92 0 67 58 85 23 82 37 72 38 57 74 13 38 37 71 77 52 48 23 62 22 50 89 72 61 29 23 26 30 16 95 78 43 60 90 31 40 27 36 38 63 99 51 16 51 32 13 95 60 10 84 19 31 29 49 23 92 16 61 60 28 27 25 92 71 21 32 44 10 56 66 31
52 15 63 99 36 30 46 85 68 81 14 48 61 31 87 71 30 15 36 10 31 22 36 67 0 45 57 14 13 83 12 79 16 57 92 92 69 32 31 52 44 86 81 24 27 82 57 14 75 77 48 70 52 25 46 94 98 83 33 89 89 14 74 24 20 70 90 93 20 57 75 55 79 64 50 14 73 59 33 56 38 48 11 54 77 58 19 73 19 60 45 89 55 41 13
55 71 38 63 25 41 56 68 20 92 78 12 27 51 31 97 39 80 29 42 42 44 11 58 45 0 97 12 87 19 36 96 90 90 40 54 74 75 29 19 15 89 36 30 18 77 86 16 66 52 66 13 77 51 36 61 77 74 22 34 46 45 97 72 53 45 85 46 25 32 57 22 93 67 39 66 13 45 86 31 77 10 11 62 76 53 16 28 43 70 10 65 82 23 58
17 88 32 14 27 66 86 63 31 45 46 44 52 87 31 60 94 29 79 28 69 45 59 85 57 97 0 83 14 45 70 18 26 71 84 99 52 36 66 26 11 10 15 34 24 14 37 90 90 67 89 91 72 58 78 20 34 60 71 61 59 98 98 49 11 99 58 21 75 67 88 77 79 73 83 65 98 49 69 85 55 61 63 43 22 17 41 91 43 88 95 43 97 28 83
39 90 55 85 37 40 30 13 27 16 22 26 62 23 50 85 60 74 24 57 31 83 88 23 14 12 83 0 10 57 34 69 35 35 16 19 92 61 31 65 66 33 11 51 31 22 47 57 61 54 50 46 11 17 17 58 33 10 46 20 75 53 89 35 29 64 66 40 92 62 44 33 89 31 83 44 33 52 63 81 83 38 35 55 53 79 57 89 64 92 82 32 87 36 54
85 38 96 34 28 78 61 50 58 36 53 82 21 35 91 69 94 14 85 97 46 54 60 82 13 87 14 10 0 94 69 19 97 60 22 98 79 28 88 49 83 29 25 18 13 50 60 85 18 84 36 77 45 49 43 69 74 75 90 65 25 98 15 35 38 73 16 55 47 95 14 38 85 72 89 30 62 39 15 14 97 92 88 44 76 18 89 60 98 86 78 35 67 22 45
10 90 11 41 36 55 28 83 83 69 22 62 19 87 76 56 37 71 49 91 74 90 14 37 83 19 45 57 94 0 93 86 50 97 95 81 80 97 99 77 71 57 92 94 59 87 45 78 84 20 75 78 41 76 45 41 75 78 76 82 57 28 19 40 72 98 41 16 51 21 84 20 68 22 47 27 76 66 37 84 59 12 80 86 55 23 98 79 39 40 13 44 96 51 58
30 17 47 29 94 38 65 74 74 17 53 36 63 89 58 34 90 20 36 64 85 88 88 72 12 36 70 34 69 93 0 41 16 25 22 55 95 65 49 27 33 50 52 50 51 70 28 98 39 97 33 74 13 14 82 10 22 47 36 38 75 24 50 83 93 98 95 53 89 39 73 86 69 23 22 52 63 19 84 99 39 44 58 11 61 60 34 63 25 51 79 20 23 22 50
69 24 53 63 38 71 61 29 19 89 43 12 27 18 23 81 53 28 58 33 77 87 70 38 79 96 18 69 19 86 41 0 19 27 46 26 74 40 16 60 69 78 87 86 16 19 34 97 73 53 12 97 65 53 98 15 23 88 75 97 51 92 32 12 25 96 63 12 81 68 78 42 98 85 68 60 38 77 57 29 99 71 89 46 75 19 96 42 89 21 38 96 22 72 68
88 89 37 56 69 18 63 77 71 87 84 25 98 80 48 99 52 57 89 10 18 87 47 57 16 90 26 35 97 50 16 19 0 86 49 48 24 57 65 15 66 13 86 93 10 39 36 85 90 77 39 54 34 66 96 28 37 77 70 71 39 45 79 79 29 40 71 13 53 67 31 64 53 50 76 36 21 92 57 24 58 32 80 75 20 89 94 72 46 88 66 53 88 22 21
65 47 95 25 20 57 75 76 38 84 31 23 44 43 55 47 88 43 41 96 17 26 74 74 57 90 71 35 60 97 25 27 86 0 53 20 15 84 33 93 15 82 98 53 72 93 73 30 59 48 27 24 31 91 80 32 57 51 98 74 19 60 43 14 45 43 23 37 62 30 42 14 16 67 46 84 72 85 55 23 91 40 51 86 69 24 86 47 96 70 30 70 24 83 14
47 92 20 67 99 36 40 33 40 32 84 49 24 72 89 32 39 32 45 21 63 60 79 13 92 40 84 16 22 95 22 46 49 53 0 73 55 77 96 31 12 37 17 18 51 54 28 24 31 65 81 12 37 62 74 65 56 12 80 28 26 11 38 20 58 76 59 68 25 17 80 61 98 68 39 45 31 35 50 89 87 65 91 64 34 84 55 49 81 60 85 62 19 34 29
55 11 44 52 14 98 10 92 70 53 92 37 89 23 16 92 99 25 74 50 83 39 31 38 92 54 99 19 98 81 55 26 48 20 73 0 40 70 25 95 27 45 63 71 40 41 87 60 29 77 83 52 50 53 77 10 29 70 20 90 20 95 78 97 12 10 88 20 83 24 86 84 16 33 49 95 53 28 14 20 76 78 68 24 29 47 32 59 85 21 71 57 75 58 65
56 70 61 80 11 95 45 94 86 57 76 87 86 80 72 77 79 87 21 61 87 62 12 37 69 74 52 92 79 80 95 74 24 15 55 40 0 95 39 69 59 79 88 40 17 58 16 70 44 51 37 12 12 39 95 64 33 73 60 38 82 93 71 99 41 60 28 59 25 72 21 41 81 55 18 17 56 70 35 35 87 70 43 78 84 63 32 31 37 20 42 62 59 19 95
65 36 42 42 42 79 11 66 33 45 59 30 65 24 17 92 22 41 83 15 55 69 39 71 32 75 36 61 28 97 65 40 57 84 77 70 95 0 39 18 41 96 38 96 60 92 89 85 75 89 70 83 37 31 49 78 22 46 69 72 59 50 75 76 55 78 23 98 65 35 40 14 39 42 62 82 37 46 13 92 58 87 30 42 29 74 63 59 58 91 22 88 97 83 64
83 53 62 92 66 97 48 94 48 71 72 17 34 28 57 57 11 42 49 25 44 46 47 77 31 29 66 31 88 99 49 16 65 33 96 25 39 39 0 47 30 63 88 78 27 17 54 32 28 57 64 28 24 70 87 49 94 49 31 64 68 30 28 44 58 44 71 58 18 45 10 35 71 94 21 96 89 73 13 17 86 51 25 40 43 36 27 91 74 87 62 92 59 56 16
92 43 22 70 85 31 66 66 24 89 84 30 31 11 89 51 56 75 39 42 38 46 41 52 52 19 26 65 49 77 27 60 15 93 31 95 69 18 47 0 48 50 81 57 43 94 29 59 36 29 98 55 92 82 69 20 75 28 71 70 12 77 28 23 28 61 32 68 28 42 17 49 89 36 26 18 78 27 24 34 50 36 12 25 51 24 84 82 40 39 52 49 29 95 34
41 69 31 41 25 41 29 13 85 48 97 79 18 54 90 35 60 70 77 22 22 59 43 48 44 15 11 66 83 71 33 69 66 15 12 27 59 41 30 48 0 66 13 88 59 60 94 34 59 59 95 33 19 71 44 98 62 70 13 10 86 33 31 91 41 86 13 21 92 10 37 27 14 10 20 34 19 96 54 59 93 83 78 58 23 30 22 20 49 49 67 20 36 22 11
54 60 60 96 95 57 28 64 93 88 93 26 64 11 14 31 72 60 65 95 31 82 51 23 86 89 10 33 29 57 50 78 13 82 37 45 79 96 63 50 66 0 75 35 13 56 44 28 90 93 39 76 76 82 57 22 69 76 98 68 60 99 93 98 43 44 39 36 76 86 93 90 20 99 20 20 67 59 37 52 37 38 97 56 94 29 93 23 98 27 39 27 82 48 81
43 28 64 31 34 88 30 39 46 97 86 42 27 78 45 17 28 43 74 37 85 25 69 62 81 36 15 11 25 92 52 87 86 98 17 63 88 38 88 81 13 75 0 25 19 82 11 33 63 28 36 41 40 14 74 93 27 34 40 93 69 70 10 66 25 59 97 78 53 32 98 86 45 60 92 90 52 14 58 58 32 56 97 36 60 89 64 80 26 91 56 25 60 71 16
25 50 41 25 88 75 51 24 82 16 43 71 64 96 52 14 97 90 22 85 68 18 37 22 24 30 34 51 18 94 50 86 93 53 18 71 40 96 78 57 88 35 25 0 18 77 71 96 53 57 36 38 11 40 29 80 32 76 59 66 81 27 47 13 67 75 63 66 75 88 49 80 93 55 37 19 54 95 33 83 46 41 35 15 33 83 43 87 97 94 39 80 68 97 87
86 89 59 71 86 76 49 34 46 83 27 27 80 13 70 79 32 25 83 95 87 74 28 50 27 18 24 31 13 59 51 16 10 72 51 40 17 60 27 43 59 13 19 18 0 62 15 12 74 63 51 44 90 87 55 96 26 91 86 47 91 47 55 29 73 86 20 84 32 59 33 53 45 62 92 42 57 21 75 83 40 29 51 91 92 88 83 50 30 20 26 74 87 25 13
24 56 29 76 17 73 76 75 81 34 50 11 21 79 85 14 46 33 53 34 40 68 58 89 82 77 14 22 50 87 70 19 39 93 54 41 58 92 17 94 60 56 82 77 62 0 47 65 94 93 22 49 15 82 21 36 67 48 62 82 80 91 30 99 28 95 80 63 53 88 45 36 91 64 67 84 18 43 72 33 11 38 65 81 19 73 28 51 25 54 19 38 48 86 10
94 32 81 39 32 68 75 86 79 52 22 78 56 11 55 43 58 27 71 86 46 70 14 72 57 86 37 47 60 45 28 34 36 73 28 87 16 89 54 29 94 44 11 71 15 47 0 78 54 74 78 93 29 87 13 51 48 74 64 27 79 31 73 77 78 66 10 67 27 10 37 68 54 33 82 33 10 20 19 18 32 93 41 66 73 11 54 73 23 42 71 47 59 67 85
66 10 50 24 53 49 74 39 30 85 84 66 53 51 46 95 28 33 44 82 43 77 86 61 14 16 90 57 85 78 98 97 85 30 24 60 70 85 32 59 34 28 33 96 12 65 78 0 75 51 55 34 72 65 35 43 32 71 94 91 90 88 73 11 15 85 26 86 73 89 34 95 46 93 17 77 88 88 77 43 79 46 13 18 96 41 85 66 38 81 76 85 85 89 39
48 72 26 24 96 20 79 85 64 28 81 35 71 84 70 69 59 55 18 95 52 98 83 29 75 66 90 61 18 84 39 73 90 59 31 29 44 75 28 36 59 90 63 53 74 94 54 75 0 59 76 65 80 38 47 10 36 76 49 36 80 83 40 52 91 26 44 95 46 35 20 43 35 11 91 59 70 13 34 23 96 86 34 30 34 18 87 53 35 59 53 30 56 22 14
58 92 39 42 77 29 46 52 26 31 64 81 71 22 13 55 80 15 50 71 85 76 80 23 77 52 67 54 84 20 97 53 77 48 65 77 51 89 57 29 59 93 28 57 63 93 74 51 59 0 60 20 30 25 70 26 51 13 76 16 26 37 10 82 98 43 16 37 29 34 42 71 21 46 18 94 76 31 36 69 39 78 70 23 51 57 30 43 23 50 15 60 75 22 59
23 85 42 86 71 32 79 15 18 97 59 47 60 62 24 11 24 36 56 63 92 47 14 26 48 66 89 50 36 75 33 12 39 27 81 83 37 70 64 98 95 39 36 36 51 22 78 55 76 60 0 68 86 73 84 60 29 48 42 37 56 90 30 49 51 24 36 65 71 93 26 19 21 99 74 31 92 50 20 90 21 72 61 84 47 40 65 62 59 94 75 86 37 55 99
35 13 11 75 41 29 52 17 80 82 85 59 60 51 67 84 31 78 38 52 10 97 81 30 70 13 91 46 77 78 74 97 54 24 12 52 12 83 28 55 33 76 41 38 44 49 93 34 65 20 68 0 43 10 28 12 88 25 54 49 28 98 83 33 17 25 83 16 69 87 50 40 72 59 24 66 49 57 16 15 82 96 21 89 19 77 54 27 76 27 79 61 36 75 96
10 96 15 96 76 29 89 36 13 74 98 18 15 51 85 66 85 41 79 88 28 37 65 16 52 77 72 11 45 41 13 65 34 31 37 50 12 37 24 92 19 76 40 11 90 15 29 72 80 30 86 43 0 37 46 39 69 12 65 40 59 66 54 81 99 34 49 10 80 12 83 44 25 69 69 62 54 81 74 19 55 42 15 40 89 45 94 48 80 74 78 37 59 15 50
26 34 24 79 51 80 83 16 41 67 14 79 44 66 86 17 53 88 28 82 71 98 52 95 25 51 58 17 49 76 14 53 66 91 62 53 39 31 70 82 71 82 14 40 87 82 87 65 38 25 73 10 37 0 69 73 73 97 89 65 67 86 85 85 33 42 16 34 26 94 91 12 29 87 82 43 22 77 69 61 43 41 67 22 17 47 23 55 37 22 44 49 70 95 83
67 64 51 53 99 78 30 83 66 76 23 78 12 62 50 28 14 86 84 74 35 98 38 78 46 36 78 17 43 45 82 98 96 80 74 77 95 49 87 69 44 57 74 29 55 21 13 35 47 70 84 28 46 69 0 28 92 21 19 50 37 17 86 52 99 72 68 92 78 62 40 63 48 83 34 52 34 79 34 68 63 51 46 70 80 34 73 21 81 79 47 33 47 30 40
65 59 85 75 88 74 28 45 11 29 17 35 46 94 42 63 94 53 20 46 13 20 10 43 94 61 20 58 69 41 10 15 28 32 65 10 64 78 49 20 98 22 93 80 96 36 51 43 10 26 60 12 39 73 28 0 75 84 48 72 44 99 41 93 66 74 54 91 37 91 50 51 53 37 58 75 72 53 83 45 87 99 88 41 19 48 21 91 64 72 47 14 31 23 97
30 53 19 86 29 32 42 58 19 80 82 75 63 48 22 29 26 37 39 97 58 88 62 60 98 77 34 33 74 75 22 23 37 57 56 29 33 22 94 75 62 69 27 32 26 67 48 32 36 51 29 88 69 73 92 75 0 49 44 83 57 18 81 12 33 23 64 39 85 41 18 57 32 38 68 59 38 83 67 68 59 57 67 12 55 78 51 73 97 12 88 44 60 96 10
47 41 78 19 44 79 19 80 94 50 70 32 19 80 27 92 49 89 67 79 89 52 11 90 83 74 60 10 75 78 47 88 77 51 12 70 73 46 49 28 70 76 34 76 91 48 74 71 76 13 48 25 12 97 21 84 49 0 73 12 47 66 55 64 71 55 43 96 66 27 84 29 90 17 93 72 19 39 99 20 47 61 85 74 26 81 78 26 97 29 44 43 96 19 28
90 71 67 62 75 61 37 85 51 74 35 44 10 29 11 52 77 51 26 73 27 23 54 31 33 22 71 46 90 76 36 75 70 98 80 20 60 69 31 71 13 98 40 59 86 62 64 94 49 76 42 54 65 89 19 48 44 73 0 59 15 83 40 94 16 90 92 52 48 44 85 19 47 90 67 73 77 76 40 83 10 32 16 62 17 97 88 68 50 65 61 21 43 41 66
24 70 16 53 40 94 30 22 57 16 31 61 43 64 51 21 22 99 70 91 35 77 18 40 89 34 61 20 65 82 38 97 71 74 28 90 38 72 64 70 10 68 93 66 47 82 27 91 36 16 37 49 40 65 50 72 83 12 59 0 76 89 30 35 44 18 85 32 47 76 67 24 92 75 63 95 20 51 47 82 96 69 60 20 40 30 33 48 27 66 77 10 55 81 30
93 60 81 25 34 94 48 99 54 19 75 52 48 12 25 84 86 70 22 41 77 96 64 27 89 46 59 75 25 57 75 51 39 19 26 20 82 59 68 12 86 60 69 81 91 80 79 90 80 26 56 28 59 67 37 44 57 47 15 76 0 82 84 96 62 27 25 14 87 56 36 45 75 21 56 12 45 42 83 68 99 21 34 80 30 64 76 63 12 75 79 53 22 13 87
71 80 79 51 50 77 23 47 74 94 61 89 84 41 13 71 29 59 40 44 31 89 71 36 14 45 98 53 98 28 24 92 45 60 11 95 93 50 30 77 33 99 70 27 47 91 31 88 83 37 90 98 66 86 17 99 18 66 83 89 82 0 93 63 57 80 31 91 35 89 39 59 21 69 67 85 86 95 81 40 66 72 43 53 79 55 33 41 80 87 52 59 38 94 14
74 12 83 39 75 22 40 13 32 21 36 65 69 60 40 57 28 23 49 58 59 73 53 38 74 97 98 89 15 19 50 32 79 43 38 78 71 75 28 28 31 93 10 47 55 30 73 73 40 10 30 83 54 85 86 41 81 55 40 30 84 93 0 95 10 70 41 73 21 71 35 28 96 41 73 35 18 79 83 28 24 79 37 51 42 97 22 85 64 94 33 36 81 50 38
33 74 18 62 25 69 19 81 84 78 22 79 22 99 11 15 40 80 69 20 78 81 51 63 24 72 49 35 35 40 83 12 79 14 20 97 99 76 44 23 91 98 66 13 29 99 77 11 52 82 49 33 81 85 52 93 12 64 94 35 96 63 95 0 17 80 25 48 30 68 57 67 88 31 10 79 86 67 50 86 25 47 35 60 66 75 32 83 24 94 21 57 26 16 22
14 98 51 44 49 61 57 90 84 76 88 41 50 77 65 47 22 64 69 32 13 78 94 99 20 53 11 29 38 72 93 25 29 45 58 12 41 55 58 28 41 43 25 67 73 28 78 15 91 98 51 17 99 33 99 66 33 71 16 44 62 57 10 17 0 98 26 96 56 82 95 47 84 36 20 79 28 91 58 22 87 66 30 36 34 20 93 74 53 18 51 58 64 15 52
92 32 25 92 18 62 39 45 25 25 19 62 23 42 80 11 44 66 37 68 60 66 73 51 70 45 99 64 73 98 98 96 40 43 76 10 60 78 44 61 86 44 59 75 86 95 66 85 26 43 24 25 34 42 72 74 23 55 90 18 27 80 70 80 98 0 48 77 60 20 17 17 86 50 47 51 17 23 55 83 53 97 42 88 32 60 51 50 30 67 95 53 59 62 93
72 65 63 69 11 74 42 48 26 18 48 30 71 99 63 51 10 52 26 15 70 33 11 16 90 85 58 66 16 41 95 63 71 23 59 88 28 23 71 32 13 39 97 63 20 80 10 26 44 16 36 83 49 16 68 54 64 43 92 85 25 31 41 25 26 48 0 82 53 44 55 82 71 30 39 71 99 76 33 59 39 73 56 76 11 11 30 41 16 97 87 39 66 54 89
87 83 44 91 73 61 54 59 79 99 60 72 44 53 48 20 28 34 91 54 11 52 27 51 93 46 21 40 55 16 53 12 13 37 68 20 59 98 58 68 21 36 78 66 84 63 67 86 95 37 65 16 10 34 92 91 39 96 52 32 14 91 73 48 96 77 82 0 13 18 47 22 15 61 16 63 88 72 50 25 19 88 50 77 82 83 10 85 71 77 32 39 51 29 65
94 42 58 12 65 10 69 68 21 23 64 79 49 27 21 29 15 96 52 21 57 34 70 32 20 25 75 92 47 51 89 81 53 62 25 83 25 65 18 28 92 76 53 75 32 53 27 73 46 29 71 69 80 26 78 37 85 66 48 47 87 35 21 30 56 60 53 13 0 86 92 80 40 29 25 37 61 43 27 31 74 38 83 54 74 50 59 75 37 83 22 33 99 34 35
37 46 79 41 29 94 20 24 23 55 40 14 54 34 43 31 78 85 54 25 92 17 59 13 57 32 67 62 95 21 39 68 67 30 17 24 72 35 45 42 10 86 32 88 59 88 10 89 35 34 93 87 12 94 62 91 41 27 44 76 56 89 71 68 82 20 44 18 86 0 24 37 12 76 13 54 72 74 59 13 52 14 59 48 92 86 64 86 86 35 54 18 96 25 36
97 52 38 19 50 57 58 24 25 61 95 22 83 45 90 96 52 76 89 71 32 27 63 95 75 57 88 44 14 84 73 78 31 42 80 86 21 40 10 17 37 93 98 49 33 45 37 34 20 42 26 50 83 91 40 50 18 84 85 67 36 39 35 57 95 17 55 47 92 24 0 20 48 58 56 42 79 48 19 26 38 81 78 87 49 50 24 57 34 59 15 38 92 26 23
91 44 72 37 95 94 93 15 87 59 85 59 61 79 92 20 29 32 74 63 87 39 47 60 55 22 77 33 38 20 86 42 64 14 61 84 41 14 35 49 27 90 86 80 53 36 68 95 43 71 19 40 44 12 63 51 57 29 19 24 45 59 28 67 47 17 82 22 80 37 20 0 69 25 53 55 74 46 34 99 99 58 18 47 74 27 10 70 74 24 50 25 65 52 67
22 34 41 59 28 87 33 33 83 80 40 81 77 47 65 80 62 71 14 42 35 68 53 10 79 93 79 89 85 68 69 98 53 16 98 16 81 39 71 89 14 20 45 93 45 91 54 46 35 21 21 72 25 29 48 53 32 90 47 92 75 21 96 88 84 86 71 15 40 12 48 69 0 34 11 30 80 77 27 59 45 55 69 47 65 44 13 42 37 58 26 12 74 98 79
37 78 19 21 48 38 88 55 88 89 40 83 94 41 32 39 21 43 96 16 43 99 16 84 64 67 73 31 72 22 23 85 50 67 68 33 55 42 94 36 10 99 60 55 62 64 33 93 11 46 99 59 69 87 83 37 38 17 90 75 21 69 41 31 36 50 30 61 29 76 58 25 34 0 19 86 78 89 22 63 46 25 15 85 70 12 91 52 54 70 32 87 14 55 14
75 50 15 26 19 71 30 79 10 56 15 19 31 11 99 26 46 46 96 96 38 61 38 19 50 39 83 83 89 47 22 68 76 46 39 49 18 62 21 26 20 20 92 37 92 67 82 17 91 18 74 24 69 82 34 58 68 93 67 63 56 67 73 10 20 47 39 16 25 13 56 53 11 19 0 40 96 96 10 96 62 53 19 53 51 80 44 49 61 57 32 36 18 40 80
97 41 26 17 18 21 32 91 80 97 45 51 52 86 26 51 58 88 41 15 42 35 47 31 14 66 65 44 30 27 52 60 36 84 45 95 17 82 96 18 34 20 90 19 42 84 33 77 59 94 31 66 62 43 52 75 59 72 73 95 12 85 35 79 79 51 71 63 37 54 42 55 30 86 40 0 63 81 75 80 20 66 51 45 62 12 43 41 81 88 79 70 39 90 25
51 68 90 55 75 66 79 67 59 82 73 37 87 15 18 60 79 17 96 48 41 73 89 29 73 13 98 33 62 76 63 38 21 72 31 53 56 37 89 78 19 67 52 54 57 18 10 88 70 76 92 49 54 22 34 72 38 19 77 20 45 86 18 86 28 17 99 88 61 72 79 74 80 78 96 63 0 48 49 32 21 67 91 83 56 70 93 38 11 47 70 80 74 38 48
91 23 68 71 92 84 63 96 87 28 75 61 99 74 11 64 25 66 59 41 82 47 82 49 59 45 49 52 39 66 19 77 92 85 35 28 70 46 73 27 96 59 14 95 21 43 20 88 13 31 50 57 81 77 79 53 83 39 76 51 42 95 79 67 91 23 76 72 43 74 48 46 77 89 96 81 48 0 67 77 98 72 78 29 23 78 34 18 33 40 61 73 38 66 83
15 53 39 96 45 85 46 18 98 18 97 47 45 44 12 20 90 35 54 77 76 56 88 23 33 86 69 63 15 37 84 57 57 55 50 14 35 13 13 24 54 37 58 33 75 72 19 77 34 36 20 16 74 69 34 83 67 99 40 47 83 81 83 50 58 55 33 50 27 59 19 34 27 22 10 75 49 67 0 58 47 74 79 29 59 36 68 56 86 20 84 39 41 78 60
85 59 41 90 99 17 10 90 51 32 42 91 21 72 77 68 68 35 99 38 76 23 93 92 56 31 85 81 14 84 99 29 24 23 89 20 35 92 17 34 59 52 58 83 83 33 18 43 23 69 90 15 19 61 68 45 68 20 83 82 68 40 28 86 22 83 59 25 31 13 26 99 59 63 96 80 32 77 58 0 91 71 68 78 62 53 46 74 59 49 36 83 15 49 84
69 78 84 42 44 58 16 38 27 83 41 30 84 71 82 82 90 57 26 23 61 39 23 16 38 77 55 83 97 59 39 99 58 91 87 76 87 58 86 50 93 37 32 46 40 11 32 79 96 39 21 82 55 43 63 87 59 47 10 96 99 66 24 25 87 53 39 19 74 52 38 99 45 46 62 20 21 98 47 91 0 73 32 37 95 93 95 75 56 86 88 40 65 83 51
53 89 96 77 63 83 61 66 14 63 67 91 27 48 99 68 12 45 19 17 38 23 51 61 48 10 61 38 92 12 44 71 32 40 65 78 70 87 51 36 83 38 56 41 29 38 93 46 86 78 72 96 42 41 51 99 57 61 32 69 21 72 79 47 66 97 73 88 38 14 81 58 55 25 53 66 67 72 74 71 73 0 68 64 69 19 32 87 26 55 75 86 18 63 40
51 24 57 99 97 77 59 70 71 46 49 16 42 18 37 28 51 46 25 19 98 90 76 60 11 11 63 35 88 80 58 89 80 51 91 68 43 30 25 12 78 97 97 35 51 65 41 13 34 70 61 21 15 67 46 88 67 85 16 60 34 43 37 35 30 42 56 50 83 59 78 18 69 15 19 51 91 78 79 68 32 68 0 29 37 72 28 49 22 10 39 49 98 82 33
72 10 70 26 92 39 76 57 46 18 95 40 70 64 74 80 14 17 33 94 15 40 30 28 54 62 43 55 44 86 11 46 75 86 64 24 78 42 40 25 58 56 36 15 91 81 66 18 30 23 84 89 40 22 70 41 12 74 62 20 80 53 51 60 36 88 76 77 54 48 87 47 47 85 53 45 83 29 29 78 37 64 29 0 82 96 17 34 65 87 94 12 56 30 95
68 67 18 38 89 98 86 12 82 13 91 46 63 79 56 13 95 47 68 44 19 79 11 27 77 76 22 53 76 55 61 75 20 69 34 29 84 29 43 51 23 94 60 33 92 19 73 96 34 51 47 19 89 17 80 19 55 26 17 40 30 79 42 66 34 32 11 82 74 92 49 74 65 70 51 62 56 23 59 62 95 69 37 82 0 88 38 27 48 35 56 43 78 81 64
63 65 88 32 11 88 15 95 35 52 70 71 98 80 78 25 33 79 78 11 53 48 88 25 58 53 17 79 18 23 60 19 89 24 84 47 63 74 36 24 30 29 89 83 88 73 11 41 18 57 40 77 45 47 34 48 78 81 97 30 64 55 97 75 20 60 11 83 50 86 50 27 44 12 80 12 70 78 36 53 93 19 72 96 88 0 52 11 50 67 46 60 94 74 59
47 33 48 76 30 38 19 38 93 74 58 35 39 26 30 77 55 63 43 74 15 14 65 92 19 16 41 57 89 98 34 96 94 86 55 32 32 63 27 84 22 93 64 43 83 28 54 85 87 30 65 54 94 23 73 21 51 78 88 33 76 33 22 32 93 51 30 10 59 64 24 10 13 91 44 43 93 34 68 46 95 32 28 17 38 52 0 35 77 85 45 37 98 58 69
90 75 23 18 51 58 80 68 86 38 19 31 41 20 63 90 15 94 95 81 74 58 25 71 73 28 91 89 60 79 63 42 72 47 49 59 31 59 91 82 20 23 80 87 50 51 73 66 53 43 62 27 48 55 21 91 73 26 68 48 63 41 85 83 74 50 41 85 75 86 57 70 42 52 49 41 38 18 56 74 75 87 49 34 27 11 35 0 95 30 81 65 58 57 54
79 13 62 70 65 57 46 78 37 54 91 78 94 27 41 10 25 41 43 35 25 84 71 21 19 43 43 64 98 39 25 89 46 96 81 85 37 58 74 40 49 98 26 97 30 25 23 38 35 23 59 76 80 37 81 64 97 97 50 27 12 80 64 24 53 30 16 71 37 86 34 74 37 54 61 81 11 33 86 59 56 26 22 65 48 50 77 95 0 45 62 39 10 47 11
34 24 11 48 32 48 35 81 15 50 81 30 29 49 98 73 50 32 66 24 27 19 12 32 60 70 88 92 86 40 51 21 88 70 60 21 20 91 87 39 49 27 91 94 20 54 42 81 59 50 94 27 74 22 79 72 12 29 65 66 75 87 94 94 18 67 97 77 83 35 59 24 58 70 57 88 47 40 20 49 86 55 10 87 35 67 85 30 45 0 76 27 28 48 76
71 57 58 96 57 88 88 11 56 51 42 34 47 27 58 55 45 73 65 30 57 27 35 44 45 10 95 82 78 13 79 38 66 30 85 71 42 22 62 52 67 39 56 39 26 19 71 76 53 15 75 79 78 44 47 47 88 44 61 77 79 52 33 21 51 95 87 32 22 54 15 50 26 32 32 79 70 61 84 36 88 75 39 94 56 46 45 81 62 76 0 91 91 71 55
63 24 46 63 23 77 76 84 77 91 43 87 98 38 26 94 23 45 94 80 28 91 37 10 89 65 43 32 35 44 20 96 53 70 62 57 62 88 92 49 20 27 25 80 74 38 47 85 30 60 86 61 37 49 33 14 44 43 21 10 53 59 36 57 58 53 39 39 33 18 38 25 12 87 36 70 80 73 39 83 40 86 49 12 43 60 37 65 39 27 91 0 74 57 72
51 67 94 12 74 40 41 28 26 16 15 42 55 22 61 19 61 23 25 83 55 32 48 56 55 82 97 87 67 96 23 22 88 24 19 75 59 97 59 29 36 82 60 68 87 48 59 85 56 75 37 36 59 70 47 31 60 96 43 55 22 38 81 26 64 59 66 51 99 96 92 65 74 14 18 39 74 38 41 15 65 18 98 56 78 94 98 58 10 28 91 74 0 37 77
25 12 76 82 63 47 86 34 80 24 63 60 52 19 20 30 22 70 30 68 36 78 44 66 41 23 28 36 22 51 22 72 22 83 34 58 19 83 56 95 22 48 71 97 25 86 67 89 22 22 55 75 15 95 30 23 96 19 41 81 13 94 50 16 15 62 54 29 34 25 26 52 98 55 40 90 38 66 78 49 83 63 82 30 81 74 58 57 47 48 71 57 37 0 84
71 35 70 34 26 18 29 28 34 49 93 71 74 86 67 31 90 49 47 43 15 62 14 31 13 58 83 54 45 58 50 68 21 14 29 65 95 64 16 34 11 81 16 87 13 10 85 39 14 59 99 96 50 83 40 97 10 28 66 30 87 14 38 22 52 93 89 65 35 36 23 67 79 14 80 25 48 83 60 84 51 40 33 95 64 59 69 54 11 76 55 72 77 84 0