85
0 86 90 98 57 71 91 57 26 53 23 28 54 38 16 26 36 41 38 35 28 98 36 27 38 78 48 51 45 25 43 80 96 99 49 18 59 91 35 47 83 25 70 64 48 19 39 60 61 99 78 16 95 31 18 58 29 84 77 87 94 93 58 49 99 36 16 65 88 76 59 49 49 33 56 35 77 89 93 83 25 83 75 53 28
86 0 73 69 40 52 44 14 60 50 83 22 94 41 73 50 45 56 18 86 54 95 23 24 64 50 53 36 56 92 42 22 49 72 38 92 46 39 21 11 63 12 68 75 64 99 43 17 10 93 37 31 86 28 85 53 91 58 57 54 18 55 89 96 27 28 90 70 99 83 86 84 61 80 53 21 51 42 27 34 87 49 81 17 66
90 73 0 33 24 99 58 54 56 40 54 61 51 74 18 57 38 36 66 37 49 19 45 87 37 41 22 16 27 88 63 70 57 87 97 54 17 13 96 11 79 68 16 35 84 93 86 60 27 91 30 42 98 13 71 10 57 34 45 68 46 24 96 64 64 41 49 46 11 73 56 67 56 68 81 20 34 13 47 81 50 99 27 18 57
98 69 33 0 71 48 60 43 52 31 33 24 67 98 69 46 76 50 36 33 62 46 47 81 95 84 76 45 38 49 81 36 62 11 59 80 49 70 22 84 59 81 22 84 63 89 33 10 73 42 24 48 68 66 79 58 72 50 52 56 47 91 63 33 24 52 26 84 22 77 52 65 51 97 64 66 98 27 35 34 85 50 11 61 10
57 40 24 71 0 17 83 67 63 31 16 24 38 79 65 43 60 97 24 51 24 26 13 83 28 87 53 37 99 76 53 28 72 78 89 65 55 21 50 15 80 50 10 89 73 79 61 36 86 86 35 92 31 92 30 95 28 17 56 23 89 38 80 29 89 50 94 14 88 37 82 87 67 63 69 37 57 80 38 35 73 94 76 44 15
71 52 99 48 17 0 26 86 98 34 24 63 23 33 70 80 41 23 49 73 55 66 46 74 65 86 86 34 81 28 87 16 20 28 15 23 43 32 20 80 42 73 28 90 16 34 61 57 41 59 83 69 39 42 82 88 52 77 77 44 74 14 67 82 79 72 92 27 55 50 43 38 59 48 41 25 73 50 62 63 58 86 22 26 91
91 44 58 60 83 26 0 98 49 41 83 33 82 55 84 71 70 41 61 81 99 18 78 58 22 23 82 56 47 59 63 49 31 98 17 98 65 41 38 32 20 94 26 54 51 55 98 89 69 85 90 86 20 26 97 38 37 92 27 95 66 71 48 73 60 42 95 71 16 28 25 85 75 67 67 29 28 78 17 53 49 88 94 24 78
57 14 54 43 67 86 98 0 77 34 86 67 97 75 93 42 44 99 77 97 60 13 87 23 43 63 92 85 97 19 16 79 43 25 76 44 29 12 52 82 22 50 40 96 34 94 27 59 62 63 64 31 62 41 36 69 79 28 32 28 77 87 43 55 15 86 20 87 29 82 85 24 81 43 46 75 70 77 38 38 93 30 24 58 64
26 60 56 52 63 98 49 77 0 77 77 26 70 31 82 97 77 53 27 46 47 83 94 90 65 77 52 36 12 39 29 46 44 92 34 67 21 22 47 14 39 27 24 14 77 53 24 47 27 17 32 46 22 82 57 34 82 86 91 11 80 27 21 57 66 88 53 87 92 96 52 18 47 26 63 33 44 24 62 57 57 30 80 67 83
53 50 40 31 31 34 41 34 77 0 98 16 47 49 77 58 34 56 94 68 12 52 25 20 56 94 71 29 30 75 76 69 41 53 93 66 73 49 29 38 74 55 93 40 58 56 74 16 71 80 42 98 11 27 21 42 91 38 78 68 77 56 88 21 22 14 35 27 11 62 57 39 79 41 44 12 92 54 96 31 20 83 14 47 60
23 83 54 33 16 24 83 86 77 98 0 61 43 17 59 94 60 96 23 25 40 40 85 67 92 28 59 15 23 22 51 75 99 60 47 84 54 33 12 78 31 83 79 41 78 98 21 65 21 16 86 22 25 40 36 25 72 41 30 66 36 94 49 14 33 20 89 23 81 74 54 58 24 73 42 15 89 66 85 48 90 62 33 72 74
28 22 61 24 24 63 33 67 26 16 61 0 64 70 10 60 84 20 99 95 87 42 70 84 59 83 30 26 97 27 12 27 82 90 42 67 64 20 72 81 15 35 50 75 73 39 36 97 65 83 93 86 27 66 18 30 24 97 33 22 88 94 45 95 88 34 86 93 51 75 80 90 80 76 35 86 81 19 38 93 18 54 21 90 76
54 94 51 67 38 23 82 97 70 47 43 64 0 61 21 38 33 19 47 45 46 99 35 57 57 82 66 75 12 17 24 73 51 62 32 95 27 75 94 74 45 19 17 55 75 29 14 12 77 73 73 34 27 16 67 19 42 15 89 46 33 29 56 46 69 21 67 31 82 86 84 25 38 52 94 39 97 49 38 15 34 31 53 50 51
38 41 74 98 79 33 55 75 31 49 17 70 61 0 24 62 44 35 62 82 44 62 49 16 98 38 23 26 91 67 90 93 54 40 33 87 47 34 86 35 22 93 94 63 13 55 39 90 52 20 70 61 68 99 65 49 16 22 64 26 43 43 18 29 90 61 16 69 50 98 31 81 98 52 22 87 88 98 78 98 23 96 68 57 47
16 73 18 69 65 70 84 93 82 77 59 10 21 24 0 99 30 48 58 92 94 97 12 40 20 98 58 37 18 18 65 20 50 40 60 22 13 82 94 14 19 99 79 38 42 62 13 90 60 44 84 61 97 44 79 95 89 63 49 33 89 44 70 15 23 56 85 88 69 86 78 40 44 39 97 67 49 30 85 22 63 12 65 32 62
26 50 57 46 43 80 71 42 97 58 94 60 38 62 99 0 40 51 15 73 82 37 51 79 89 73 87 43 96 41 69 27 64 70 88 89 96 15 65 24 86 52 64 74 93 89 98 49 16 84 92 51 20 28 50 46 93 37 98 48 58 70 11 77 65 76 71 71 95 63 48 26 22 47 42 15 38 19 75 57 98 18 87 38 41
36 45 38 76 60 41 70 44 77 34 60 84 33 44 30 40 0 32 32 32 56 98 61 49 56 96 19 24 92 72 41 17 12 39 53 97 49 54 58 40 49 93 39 78 64 91 51 86 25 83 38 75 37 68 93 29 10 89 91 24 83 51 14 55 29 27 13 48 97 63 97 96 61 24 93 91 82 86 94 80 70 44 11 77 22
41 56 36 50 97 23 41 99 53 56 96 20 19 35 48 51 32 0 48 89 14 19 34 15 35 14 46 98 19 10 45 76 31 58 69 90 63 18 58 13 27 38 83 75 87 64 69 14 29 27 80 21 46 38 93 37 56 85 63 88 16 81 14 87 25 37 98 39 28 12 65 20 60 29 52 66 86 67 82 63 62 79 28 24 68
38 18 66 36 24 49 61 77 27 94 23 99 47 62 58 15 32 48 0 59 37 72 92 46 56 76 91 57 61 65 75 16 28 23 63 11 64 75 20 39 84 12 91 52 12 84 82 93 91 21 56 35 37 41 45 26 46 36 33 32 10 51 36 60 38 45 24 98 10 72 19 36 81 36 74 75 34 80 30 79 92 95 48 68 90
35 86 37 33 51 73 81 97 46 68 25 95 45 82 92 73 32 89 59 0 59 28 29 65 60 58 52 67 72 60 72 84 92 76 11 97 47 45 59 83 41 70 30 85 86 96 98 99 18 62 44 51 57 60 80 72 84 32 72 36 83 41 52 65 32 18 95 27 56 91 49 63 20 68 65 14 46 85 29 16 36 78 10 79 84
28 54 49 62 24 55 99 60 47 12 40 87 46 44 94 82 56 14 37 59 0 84 75 11 50 78 37 92 74 43 49 23 70 83 27 11 99 94 68 63 99 28 56 57 72 87 13 44 46 36 37 84 68 32 10 13 63 56 84 23 71 15 37 45 70 92 33 60 83 95 27 61 74 53 99 30 23 68 42 50 36 30 49 92 94
98 95 19 46 26 66 18 13 83 52 40 42 99 62 97 37 98 19 72 28 84 0 75 17 20 41 42 66 81 14 88 74 74 68 86 92 17 89 94 83 51 89 96 91 83 20 23 90 99 21 28 94 81 41 23 50 36 85 11 22 90 99 57 11 84 33 94 15 21 62 97 69 42 94 77 82 95 36 69 34 93 58 11 35 37
36 23 45 47 13 46 78 87 94 25 85 70 35 49 12 51 61 34 92 29 75 75 0 50 33 75 21 37 74 94 96 33 90 24 19 29 12 57 91 95 32 81 47 54 38 70 64 21 39 56 50 98 44 79 76 54 13 80 33 27 86 97 61 52 95 14 78 39 40 40 10 76 98 10 51 20 20 13 77 77 11 81 87 46 69
27 24 87 81 83 74 58 23 90 20 67 84 57 16 40 79 49 15 46 65 11 17 50 0 71 82 50 23 82 96 94 23 12 98 27 55 51 94 64 21 41 96 10 19 76 70 36 27 62 88 30 71 15 83 51 33 60 36 32 57 88 31 57 46 32 84 45 65 92 24 74 63 42 91 69 89 79 85 28 97 99 75 91 32 80
38 64 37 95 28 65 22 43 65 56 92 59 57 98 20 89 56 35 56 60 50 20 33 71 0 85 37 95 32 84 26 60 19 41 51 10 24 33 63 77 21 54 30 87 67 66 49 75 97 81 60 41 48 97 48 22 16 46 20 42 81 86 63 51 25 86 47 52 70 62 88 87 77 95 54 86 36 31 89 27 20 11 29 63 82
78 50 41 84 87 86 23 63 77 94 28 83 82 38 98 73 96 14 76 58 78 41 75 82 85 0 28 35 59 95 61 77 18 83 49 63 16 13 79 18 89 32 34 56 24 11 33 62 72 61 75 46 19 65 65 63 41 31 68 29 74 12 89 20 96 38 48 70 11 61 76 22 28 52 40 63 66 83 70 53 33 16 84 78 91
48 53 22 76 53 86 82 92 52 71 59 30 66 23 58 87 19 46 91 52 37 42 21 50 37 28 0 89 84 95 84 95 24 73 41 29 97 96 22 10 76 35 68 41 57 20 38 49 23 91 49 82 91 12 45 91 68 50 89 44 86 17 52 43 10 40 44 56 15 82 66 89 55 72 31 66 10 57 78 65 57 86 51 73 19
51 36 16 45 37 34 56 85 36 29 15 26 75 26 37 43 24 98 57 67 92 66 37 23 95 35 89 0 79 72 63 45 35 62 14 79 80 71 18 59 82 49 82 64 54 22 14 35 78 92 52 31 47 33 57 27 21 59 23 90 14 36 60 53 92 99 80 48 29 82 68 26 28 77 23 29 60 13 18 97 90 30 71 73 72
45 56 27 38 99 81 47 97 12 30 23 97 12 91 18 96 92 19 61 72 74 81 74 82 32 59 84 79 0 54 80 50 25 60 18 83 47 17 21 60 62 24 26 39 47 90 79 74 20 15 55 69 24 58 25 30 44 67 90 12 75 61 58 12 34 80 14 50 67 73 15 20 39 63 43 91 34 16 78 41 58 99 26 79 87
25 92 88 49 76 28 59 19 39 75 22 27 17 67 18 41 72 10 65 60 43 14 94 96 84 95 95 72 54 0 20 83 99 71 58 70 80 38 86 83 63 75 27 76 39 52 26 86 18 59 16 22 84 25 24 24 81 99 29 53 37 15 44 87 13 66 54 30 23 35 44 44 36 72 87 56 67 76 20 23 95 23 45 48 74
43 42 63 81 53 87 63 16 29 76 51 12 24 90 65 69 41 45 75 72 49 88 96 94 26 61 84 63 80 20 0 34 51 73 33 72 86 18 10 82 83 23 92 65 70 28 19 50 10 50 96 20 92 59 17 11 60 34 48 60 74 38 55 60 22 29 65 89 66 70 85 57 69 36 91 41 21 98 38 10 31 88 84 90 15
80 22 70 36 28 16 49 79 46 69 75 27 73 93 20 27 17 76 16 84 23 74 33 23 60 77 95 45 50 83 34 0 70 62 12 42 83 88 49 47 51 87 54 26 69 91 92 31 66 88 74 15 35 63 61 85 23 78 89 56 23 80 44 98 34 65 16 71 24 23 70 82 20 93 20 37 18 85 58 30 78 63 75 47 47
96 49 57 62 72 20 31 43 44 41 99 82 51 54 50 64 12 31 28 92 70 74 90 12 19 18 24 35 25 99 51 70 0 58 67 88 95 51 56 60 93 72 21 91 84 27 13 99 37 11 15 30 89 43 28 96 13 77 13 34 85 84 81 79 59 70 88 76 88 12 24 52 97 77 69 63 80 34 36 31 49 76 24 25 43
99 72 87 11 78 28 98 25 92 53 60 90 62 40 40 70 39 58 23 76 83 68 24 98 41 83 73 62 60 71 73 62 58 0 60 95 83 42 91 53 97 94 14 96 39 76 75 91 69 82 17 84 94 63 24 39 99 12 78 41 67 39 30 53 53 37 40 34 63 39 47 29 34 25 42 37 84 32 15 21 91 60 89 66 57
49 38 97 59 89 15 17 76 34 93 47 42 32 33 60 88 53 69 63 11 27 86 19 27 51 49 41 14 18 58 33 12 67 60 0 95 49 84 23 89 46 46 26 71 42 36 46 41 23 33 38 63 12 41 15 80 18 12 42 72 63 61 17 19 25 70 94 17 30 55 40 76 96 98 97 49 87 50 16 93 33 56 51 90 10
18 92 54 80 65 23 98 44 67 66 84 67 95 87 22 89 97 90 11 97 11 92 29 55 10 63 29 79 83 70 72 42 88 95 95 0 83 55 93 66 75 47 62 42 39 67 19 73 12 43 56 51 80 84 86 24 33 37 16 61 75 83 43 59 89 54 71 80 54 85 15 43 28 35 51 51 95 17 87 41 31 32 33 14 90
59 46 17 49 55 43 65 29 21 73 54 64 27 47 13 96 49 63 64 47 99 17 12 51 24 16 97 80 47 80 86 83 95 83 49 83 0 17 55 44 11 70 57 86 98 90 83 65 65 11 77 36 75 65 50 23 40 95 50 75 42 54 97 56 84 94 68 97 74 96 54 32 18 71 67 28 31 73 12 37 69 38 12 69 22
91 39 13 70 21 32 41 12 22 49 33 20 75 34 82 15 54 18 75 45 94 89 57 94 33 13 96 71 17 38 18 88 51 42 84 55 17 0 47 11 26 78 70 86 63 28 35 11 88 19 19 79 31 74 43 32 31 17 23 52 37 34 52 44 36 77 31 53 83 92 86 84 13 71 27 61 87 99 70 29 10 12 80 90 92
35 21 96 22 50 20 38 52 47 29 12 72 94 86 94 65 58 58 20 59 68 94 91 64 63 79 22 18 21 86 10 49 56 91 23 93 55 47 0 87 43 30 52 62 29 26 14 76 15 96 42 86 52 72 12 71 86 10 61 34 40 59 14 17 25 95 59 82 64 59 68 66 50 25 33 81 62 55 34 97 41 88 98 11 98
47 11 11 84 15 80 32 82 14 38 78 81 74 35 14 24 40 13 39 83 63 83 95 21 77 18 10 59 60 83 82 47 60 53 89 66 44 11 87 0 71 33 46 91 86 24 99 31 84 60 40 94 69 30 45 69 12 23 52 43 10 85 22 25 37 76 21 25 62 73 43 22 94 58 37 78 38 34 20 13 47 14 15 61 82
83 63 79 59 80 42 20 22 39 74 31 15 45 22 19 86 49 27 84 41 99 51 32 41 21 89 76 82 62 63 83 51 93 97 46 75 11 26 43 71 0 49 15 55 46 39 77 40 75 44 16 68 64 32 20 42 62 45 52 85 94 18 67 12 33 14 35 83 85 87 85 56 56 40 51 58 18 90 23 15 20 53 37 46 85
25 12 68 81 50 73 94 50 27 55 83 35 19 93 99 52 93 38 12 70 28 89 81 96 54 32 35 49 24 75 23 87 72 94 46 47 70 78 30 33 49 0 78 44 84 24 80 29 37 59 38 83 19 70 98 62 29 88 48 94 77 47 91 89 71 38 58 31 19 19 46 26 76 79 17 85 82 44 28 71 68 25 37 52 32
70 68 16 22 10 28 26 40 24 93 79 50 17 94 79 64 39 83 91 30 56 96 47 10 30 34 68 82 26 27 92 54 21 14 26 62 57 70 52 46 15 78 0 73 47 23 94 31 97 52 20 39 30 78 13 31 63 72 68 34 59 44 10 28 90 13 79 85 94 94 93 58 75 39 93 38 93 62 56 60 54 94 23 56 41
64 75 35 84 89 90 54 96 14 40 41 75 55 63 38 74 78 75 52 85 57 91 54 19 87 56 41 64 39 76 65 26 91 96 71 42 86 86 62 91 55 44 73 0 33 99 78 24 21 70 23 87 20 56 41 22 49 70 47 15 57 71 98 54 92 60 23 74 85 83 60 21 10 80 22 37 13 42 61 59 40 35 30 57 93
48 64 84 63 73 16 51 34 77 58 78 73 75 13 42 93 64 87 12 86 72 83 38 76 67 24 57 54 47 39 70 69 84 39 42 39 98 63 29 86 46 84 47 33 0 45 23 47 43 48 65 41 12 69 40 64 30 61 22 44 61 78 10 46 28 89 57 97 32 65 61 54 93 47 71 65 56 32 65 99 68 22 52 93 94
19 99 93 89 79 34 55 94 53 56 98 39 29 55 62 89 91 64 84 96 87 20 70 70 66 11 20 22 90 52 28 91 27 76 36 67 90 28 26 24 39 24 23 99 45 0 79 45 48 65 35 93 64 14 52 26 78 42 78 19 44 88 45 96 14 36 23 48 55 33 64 79 47 29 98 74 36 53 28 30 85 14 75 19 28
39 43 86 33 61 61 98 27 24 74 21 36 14 39 13 98 51 69 82 98 13 23 64 36 49 33 38 14 79 26 19 92 13 75 46 19 83 35 14 99 77 80 94 78 23 79 0 11 73 18 69 66 84 11 92 72 22 61 21 66 57 32 42 98 40 14 89 36 68 44 92 29 49 88 31 20 83 36 46 25 46 45 12 38 81
60 17 60 10 36 57 89 59 47 16 65 97 12 90 90 49 86 14 93 99 44 90 21 27 75 62 49 35 74 86 50 31 99 91 41 73 65 11 76 31 40 29 31 24 47 45 11 0 51 94 52 44 70 95 98 58 83 70 45 80 58 11 30 82 82 58 64 82 27 23 97 42 44 94 14 14 34 59 62 45 97 42 26 52 22
61 10 27 73 86 41 69 62 27 71 21 65 77 52 60 16 25 29 91 18 46 99 39 62 97 72 23 78 20 18 10 66 37 69 23 12 65 88 15 84 75 37 97 21 43 48 73 51 0 97 14 97 12 89 51 10 83 38 77 44 36 32 42 30 93 96 83 71 65 76 59 30 92 18 88 13 78 35 84 87 53 22 47 65 46
99 93 91 42 86 59 85 63 17 80 16 83 73 20 44 84 83 27 21 62 36 21 56 88 81 61 91 92 15 59 50 88 11 82 33 43 11 19 96 60 44 59 52 70 48 65 18 94 97 0 19 61 33 68 74 22 65 44 27 81 29 65 77 12 14 20 87 71 81 69 27 58 79 73 23 48 49 88 86 41 51 37 83 17 67
78 37 30 24 35 83 90 64 32 42 86 93 73 70 84 92 38 80 56 44 37 28 50 30 60 75 49 52 55 16 96 74 15 17 38 56 77 19 42 40 16 38 20 23 65 35 69 52 14 19 0 61 18 69 62 25 95 69 67 50 97 84 55 74 12 32 99 35 40 63 65 42 39 38 19 50 54 16 66 59 77 83 16 72 70
16 31 42 48 92 69 86 31 46 98 22 86 34 61 61 51 75 21 35 51 84 94 98 71 41 46 82 31 69 22 20 15 30 84 63 51 36 79 86 94 68 83 39 87 41 93 66 44 97 61 61 0 73 18 22 78 95 28 28 30 43 46 35 21 47 86 49 46 69 94 51 15 47 15 74 30 53 39 16 28 71 79 26 59 78
95 86 98 68 31 39 20 62 22 11 25 27 27 68 97 20 37 46 37 57 68 81 44 15 48 19 91 47 24 84 92 35 89 94 12 80 75 31 52 69 64 19 30 20 12 64 84 70 12 33 18 73 0 41 55 66 79 58 19 90 65 28 64 96 46 13 28 28 45 10 46 65 16 74 28 87 33 58 23 82 33 42 58 16 36
31 28 13 66 92 42 26 41 82 27 40 66 16 99 44 28 68 38 41 60 32 41 79 83 97 65 12 33 58 25 59 63 43 63 41 84 65 74 72 30 32 70 78 56 69 14 11 95 89 68 69 18 41 0 93 35 62 45 62 37 69 70 37 33 23 59 46 46 58 74 16 99 34 56 86 59 69 47 46 86 59 94 68 27 39
18 85 71 79 30 82 97 36 57 21 36 18 67 65 79 50 93 93 45 80 10 23 76 51 48 65 45 57 25 24 17 61 28 24 15 86 50 43 12 45 20 98 13 41 40 52 92 98 51 74 62 22 55 93 0 24 16 70 36 56 73 57 67 41 12 52 62 92 30 90 95 55 43 61 90 91 39 47 85 24 24 71 98 38 50
58 53 10 58 95 88 38 69 34 42 25 30 19 49 95 46 29 37 26 72 13 50 54 33 22 63 91 27 30 24 11 85 96 39 80 24 23 32 71 69 42 62 31 22 64 26 72 58 10 22 25 78 66 35 24 0 31 32 70 31 13 39 57 59 69 93 14 90 30 94 35 15 78 90 70 71 83 11 88 50 38 98 11 37 19
29 91 57 72 28 52 37 79 82 91 72 24 42 16 89 93 10 56 46 84 63 36 13 60 16 41 68 21 44 81 60 23 13 99 18 33 40 31 86 12 62 29 63 49 30 78 22 83 83 65 95 95 79 62 16 31 0 16 53 91 48 52 33 58 17 10 56 37 65 55 29 20 27 95 87 34 56 68 54 19 67 31 55 57 80
84 58 34 50 17 77 92 28 86 38 41 97 15 22 63 37 89 85 36 32 56 85 80 36 46 31 50 59 67 99 34 78 77 12 12 37 95 17 10 23 45 88 72 70 61 42 61 70 38 44 69 28 58 45 70 32 16 0 10 74 52 21 43 10 70 85 55 58 47 40 94 91 49 15 68 58 94 94 34 51 17 69 82 17 34
77 57 45 52 56 77 27 32 91 78 30 33 89 64 49 98 91 63 33 72 84 11 33 32 20 68 89 23 90 29 48 89 13 78 42 16 50 23 61 52 52 48 68 47 22 78 21 45 77 27 67 28 19 62 36 70 53 10 0 89 42 96 53 74 23 58 33 43 41 12 29 32 70 66 49 22 64 93 69 79 12 17 98 19 54
87 54 68 56 23 44 95 28 11 68 66 22 46 26 33 48 24 88 32 36 23 22 27 57 42 29 44 90 12 53 60 56 34 41 72 61 75 52 34 43 85 94 34 15 44 19 66 80 44 81 50 30 90 37 56 31 91 74 89 0 75 71 53 66 94 99 63 95 65 56 47 23 22 37 81 53 95 59 92 28 66 80 60 19 21
94 18 46 47 89 74 66 77 80 77 36 88 33 43 89 58 83 16 10 83 71 90 86 88 81 74 86 14 75 37 74 23 85 67 63 75 42 37 40 10 94 77 59 57 61 44 57 58 36 29 97 43 65 69 73 13 48 52 42 75 0 95 85 61 91 75 91 41 38 58 61 57 32 89 96 58 53 82 58 51 91 79 86 26 18
93 55 24 91 38 14 71 87 27 56 94 94 29 43 44 70 51 81 51 41 15 99 97 31 86 12 17 36 61 15 38 80 84 39 61 83 54 34 59 85 18 47 44 71 78 88 32 11 32 65 84 46 28 70 57 39 52 21 96 71 95 0 83 25 30 33 44 93 50 89 43 35 25 60 68 54 50 94 98 33 43 25 91 97 91
58 89 96 63 80 67 48 43 21 88 49 45 56 18 70 11 14 14 36 52 37 57 61 57 63 89 52 60 58 44 55 44 81 30 17 43 97 52 14 22 67 91 10 98 10 45 42 30 42 77 55 35 64 37 67 57 33 43 53 53 85 83 0 47 56 18 52 28 93 16 76 91 23 27 88 40 57 73 74 71 69 58 75 87 86
49 96 64 33 29 82 73 55 57 21 14 95 46 29 15 77 55 87 60 65 45 11 52 46 51 20 43 53 12 87 60 98 79 53 19 59 56 44 17 25 12 89 28 54 46 96 98 82 30 12 74 21 96 33 41 59 58 10 74 66 61 25 47 0 19 41 16 92 32 26 49 15 66 80 94 48 48 49 23 67 44 31 99 11 59
99 27 64 24 89 79 60 15 66 22 33 88 69 90 23 65 29 25 38 32 70 84 95 32 25 96 10 92 34 13 22 34 59 53 25 89 84 36 25 37 33 71 90 92 28 14 40 82 93 14 12 47 46 23 12 69 17 70 23 94 91 30 56 19 0 80 30 98 10 90 60 40 62 18 35 67 49 46 82 32 97 15 39 65 84
36 28 41 52 50 72 42 86 88 14 20 34 21 61 56 76 27 37 45 18 92 33 14 84 86 38 40 99 80 66 29 65 70 37 70 54 94 77 95 76 14 38 13 60 89 36 14 58 96 20 32 86 13 59 52 93 10 85 58 99 75 33 18 41 80 0 24 80 81 74 76 14 71 79 59 60 24 63 55 85 43 70 86 46 55
16 90 49 26 94 92 95 20 53 35 89 86 67 16 85 71 13 98 24 95 33 94 78 45 47 48 44 80 14 54 65 16 88 40 94 71 68 31 59 21 35 58 79 23 57 23 89 64 83 87 99 49 28 46 62 14 56 55 33 63 91 44 52 16 30 24 0 76 16 80 56 71 20 92 53 90 11 18 40 77 46 70 91 61 87
65 70 46 84 14 27 71 87 87 27 23 93 31 69 88 71 48 39 98 27 60 15 39 65 52 70 56 48 50 30 89 71 76 34 17 80 97 53 82 25 83 31 85 74 97 48 36 82 71 71 35 46 28 46 92 90 37 58 43 95 41 93 28 92 98 80 76 0 63 65 84 17 39 14 25 50 12 15 85 57 57 51 14 81 58
88 99 11 22 88 55 16 29 92 11 81 51 82 50 69 95 97 28 10 56 83 21 40 92 70 11 15 29 67 23 66 24 88 63 30 54 74 83 64 62 85 19 94 85 32 55 68 27 65 81 40 69 45 58 30 30 65 47 41 65 38 50 93 32 10 81 16 63 0 56 33 61 85 13 41 70 13 17 85 96 38 99 24 56 22
76 83 73 77 37 50 28 82 96 62 74 75 86 98 86 63 63 12 72 91 95 62 40 24 62 61 82 82 73 35 70 23 12 39 55 85 96 92 59 73 87 19 94 83 65 33 44 23 76 69 63 94 10 74 90 94 55 40 12 56 58 89 16 26 90 74 80 65 56 0 41 23 99 90 29 88 57 38 34 32 36 11 20 16 33
59 86 56 52 82 43 25 85 52 57 54 80 84 31 78 48 97 65 19 49 27 97 10 74 88 76 66 68 15 44 85 70 24 47 40 15 54 86 68 43 85 46 93 60 61 64 92 97 59 27 65 51 46 16 95 35 29 94 29 47 61 43 76 49 60 76 56 84 33 41 0 75 77 35 20 62 80 92 67 12 55 93 55 65 22
49 84 67 65 87 38 85 24 18 39 58 90 25 81 40 26 96 20 36 63 61 69 76 63 87 22 89 26 20 44 57 82 52 29 76 43 32 84 66 22 56 26 58 21 54 79 29 42 30 58 42 15 65 99 55 15 20 91 32 23 57 35 91 15 40 14 71 17 61 23 75 0 82 32 73 37 41 34 86 89 46 96 59 51 94
49 61 56 51 67 59 75 81 47 79 24 80 38 98 44 22 61 60 81 20 74 42 98 42 77 28 55 28 39 36 69 20 97 34 96 28 18 13 50 94 56 76 75 10 93 47 49 44 92 79 39 47 16 34 43 78 27 49 70 22 32 25 23 66 62 71 20 39 85 99 77 82 0 29 73 65 67 77 67 86 70 43 49 82 81
33 80 68 97 63 48 67 43 26 41 73 76 52 52 39 47 24 29 36 68 53 94 10 91 95 52 72 77 63 72 36 93 77 25 98 35 71 71 25 58 40 79 39 80 47 29 88 94 18 73 38 15 74 56 61 90 95 15 66 37 89 60 27 80 18 79 92 14 13 90 35 32 29 0 40 24 22 23 42 59 44 12 13 25 19
56 53 81 64 69 41 67 46 63 44 42 35 94 22 97 42 93 52 74 65 99 77 51 69 54 40 31 23 43 87 91 20 69 42 97 51 67 27 33 37 51 17 93 22 71 98 31 14 88 23 19 74 28 86 90 70 87 68 49 81 96 68 88 94 35 59 53 25 41 29 20 73 73 40 0 87 55 56 60 67 53 95 36 10 44
35 21 20 66 37 25 29 75 33 12 15 86 39 87 67 15 91 66 75 14 30 82 20 89 86 63 66 29 91 56 41 37 63 37 49 51 28 61 81 78 58 85 38 37 65 74 20 14 13 48 50 30 87 59 91 71 34 58 22 53 58 54 40 48 67 60 90 50 70 88 62 37 65 24 87 0 97 76 24 79 59 65 67 22 34
77 51 34 98 57 73 28 70 44 92 89 81 97 88 49 38 82 86 34 46 23 95 20 79 36 66 10 60 34 67 21 18 80 84 87 95 31 87 62 38 18 82 93 13 56 36 83 34 78 49 54 53 33 69 39 83 56 94 64 95 53 50 57 48 49 24 11 12 13 57 80 41 67 22 55 97 0 49 86 60 62 62 49 61 65
89 42 13 27 80 50 78 77 24 54 66 19 49 98 30 19 86 67 80 85 68 36 13 85 31 83 57 13 16 76 98 85 34 32 50 17 73 99 55 34 90 44 62 42 32 53 36 59 35 88 16 39 58 47 47 11 68 94 93 59 82 94 73 49 46 63 18 15 17 38 92 34 77 23 56 76 49 0 60 10 91 97 79 17 42
93 27 47 35 38 62 17 38 62 96 85 38 38 78 85 75 94 82 30 29 42 69 77 28 89 70 78 18 78 20 38 58 36 15 16 87 12 70 34 20 23 28 56 61 65 28 46 62 84 86 66 16 23 46 85 88 54 34 69 92 58 98 74 23 82 55 40 85 85 34 67 86 67 42 60 24 86 60 0 87 58 69 78 52 78
83 34 81 34 35 63 53 38 57 31 48 93 15 98 22 57 80 63 79 16 50 34 77 97 27 53 65 97 41 23 10 30 31 21 93 41 37 29 97 13 15 71 60 59 99 30 25 45 87 41 59 28 82 86 24 50 19 51 79 28 51 33 71 67 32 85 77 57 96 32 12 89 86 59 67 79 60 10 87 0 75 86 43 52 14
25 87 50 85 73 58 49 93 57 20 90 18 34 23 63 98 70 62 92 36 36 93 11 99 20 33 57 90 58 95 31 78 49 91 33 31 69 10 41 47 20 68 54 40 68 85 46 97 53 51 77 71 33 59 24 38 67 17 12 66 91 43 69 44 97 43 46 57 38 36 55 46 70 44 53 59 62 91 58 75 0 76 66 41 96
83 49 99 50 94 86 88 30 30 83 62 54 31 96 12 18 44 79 95 78 30 58 81 75 11 16 86 30 99 23 88 63 76 60 56 32 38 12 88 14 53 25 94 35 22 14 45 42 22 37 83 79 42 94 71 98 31 69 17 80 79 25 58 31 15 70 70 51 99 11 93 96 43 12 95 65 62 97 69 86 76 0 30 10 32
75 81 27 11 76 22 94 24 80 14 33 21 53 68 65 87 11 28 48 10 49 11 87 91 29 84 51 71 26 45 84 75 24 89 51 33 12 80 98 15 37 37 23 30 52 75 12 26 47 83 16 26 58 68 98 11 55 82 98 60 86 91 75 99 39 86 91 14 24 20 55 59 49 13 36 67 49 79 78 43 66 30 0 84 59
53 17 18 61 44 26 24 58 67 47 72 90 50 57 32 38 77 24 68 79 92 35 46 32 63 78 73 73 79 48 90 47 25 66 90 14 69 90 11 61 46 52 56 57 93 19 38 52 65 17 72 59 16 27 38 37 57 17 19 19 26 97 87 11 65 46 61 81 56 16 65 51 82 25 10 22 61 17 52 52 41 10 84 0 17
28 66 57 10 15 91 78 64 83 60 74 76 51 47 62 41 22 68 90 84 94 37 69 80 82 91 19 72 87 74 15 47 43 57 10 90 22 92 98 82 85 32 41 93 94 28 81 22 46 67 70 78 36 39 50 19 80 34 54 21 18 91 86 59 84 55 87 58 22 33 22 94 81 19 44 34 65 42 78 14 96 32 59 17 0