95
0 41 43 31 40 56 15 83 77 15 38 57 56 57 89 89 32 77 29 42 57 83 59 67 17 33 17 68 31 22 69 46 70 15 37 76 92 81 64 81 77 17 49 86 74 50 25 57 30 32 37 47 55 11 96 59 59 30 52 31 10 73 85 26 45 52 80 40 86 60 11 47 49 43 64 90 31 94 38 21 54 23 18 23 66 54 12 15 87 53 12 84 11 43 77
41 0 80 54 31 22 38 34 16 26 79 13 61 69 23 51 86 83 58 38 34 35 49 67 38 19 88 69 39 90 96 31 97 10 75 19 13 39 34 97 47 95 12 24 67 57 61 37 13 41 32 94 16 13 14 70 89 83 76 36 94 58 55 20 81 37 41 46 10 63 48 30 72 87 66 47 26 57 19 12 92 90 33 21 81 41 27 70 75 20 21 48 74 33 56
43 80 0 52 27 55 19 82 29 31 92 27 96 12 68 19 10 86 88 21 57 71 48 13 41 42 18 46 76 84 21 20 84 88 91 94 11 81 45 66 62 58 12 12 86 40 83 41 13 46 12 72 35 45 61 42 73 64 64 37 24 12 56 96 58 10 77 71 27 49 59 41 19 37 93 56 37 58 28 62 77 55 26 31 63 15 18 80 88 21 41 88 87 95 59
31 54 52 0 90 56 71 68 59 74 68 23 21 22 77 60 96 80 94 16 69 19 58 52 37 55 25 63 56 64 79 21 73 42 85 73 50 40 54 39 14 94 55 97 58 38 51 12 79 90 51 13 26 72 46 77 13 45 36 59 75 44 73 14 81 66 46 41 74 79 40 29 75 12 64 15 11 89 36 17 24 13 18 78 72 96 57 63 17 83 61 99 88 93 33
40 31 27 90 0 99 76 44 78 61 12 31 82 56 60 65 60 11 86 45 39 67 89 51 18 57 32 56 80 53 47 14 43 65 33 33 36 48 43 49 34 37 54 80 72 20 73 65 83 22 59 83 82 59 26 97 73 89 49 26 10 29 87 27 18 24 91 30 48 95 88 25 43 20 70 86 59 98 99 45 54 16 65 21 15 85 51 92 98 62 71 67 98 32 79
56 22 55 56 99 0 52 62 21 88 25 76 66 35 29 58 46 95 84 39 41 97 40 22 96 18 30 33 92 28 12 33 73 89 72 58 93 87 47 57 30 79 99 31 65 68 33 60 16 71 67 23 65 51 28 53 39 18 74 49 13 87 55 24 70 59 10 37 30 51 92 28 10 98 11 98 55 66 54 15 51 18 74 99 62 57 32 76 55 48 17 11 50 93 19
15 38 19 71 76 52 0 29 17 48 21 17 19 18 93 62 66 74 10 59 77 43 59 52 58 55 41 37 41 26 43 67 36 92 59 17 75 44 74 56 45 78 37 74 85 36 29 77 51 83 69 47 14 87 84 67 94 25 52 88 43 80 61 51 59 95 43 73 85 53 66 19 82 19 52 79 44 20 12 71 83 36 94 56 13 62 75 52 85 58 34 19 79 37 62
83 34 82 68 44 62 29 0 45 26 43 96 39 94 44 21 78 81 81 24 93 87 60 30 40 59 32 27 14 81 49 17 20 62 13 94 35 46 55 63 23 47 65 51 87 35 31 61 28 11 83 92 77 25 87 21 54 69 30 43 75 40 25 69 91 96 22 44 54 56 69 95 21 30 83 24 91 36 46 94 10 77 14 54 53 67 33 59 40 36 71 23 40 99 70
77 16 29 59 78 21 17 45 0 75 77 96 20 87 89 54 90 32 85 98 74 39 70 84 20 78 26 93 20 11 31 71 81 31 16 40 61 32 50 29 33 54 32 98 35 13 59 75 75 88 25 34 72 80 86 94 23 99 14 83 20 33 86 92 23 15 28 27 19 74 65 17 98 93 62 26 18 63 41 21 25 51 93 49 94 72 88 25 62 21 41 38 42 18 57
15 26 31 74 61 88 48 26 75 0 80 32 37 21 33 16 67 12 67 61 46 73 11 65 85 74 68 45 84 65 63 72 97 67 65 62 27 91 13 40 38 87 88 21 14 70 73 12 64 15 20 36 61 35 38 93 96 83 91 24 39 78 29 60 24 23 56 91 94 71 46 81 95 30 70 72 44 95 78 71 34 13 20 90 73 66 28 91 21 65 80 60 91 37 28
38 79 92 68 12 25 21 43 77 80 0 64 42 93 92 29 46 66 76 50 61 87 16 73 85 73 70 19 13 16 56 42 40 71 70 76 17 95 72 17 97 37 25 89 14 16 75 60 79 29 28 79 28 85 70 70 44 95 57 93 56 98 84 25 13 52 80 63 76 81 16 82 92 53 40 63 11 66 49 49 98 27 56 58 31 86 77 87 86 65 52 56 93 13 61
57 13 27 23 31 76 17 96 96 32 64 0 76 19 35 64 70 24 71 21 34 50 73 68 91 81 74 98 42 35 82 73 12 77 48 10 66 87 24 66 74 39 58 53 87 25 98 24 38 80 17 54 76 81 69 56 27 80 26 88 56 26 85 55 31 59 98 53 87 19 81 64 65 15 67 90 14 37 74 96 54 26 67 40 42 30 84 87 72 90 82 57 63 15 81
56 61 96 21 82 66 19 39 20 37 42 76 0 92 76 68 78 89 15 64 98 32 16 82 96 82 21 69 35 93 70 55 86 40 72 46 33 43 70 90 40 33 91 45 41 44 61 48 90 68 89 17 68 22 71 37 66 12 57 81 86 66 98 54 88 93 77 46 71 50 16 28 89 61 30 94 92 31 20 46 60 39 36 93 17 42 98 68 15 72 75 22 45 36 31
57 69 12 22 56 35 18 94 87 21 93 19 92 0 73 13 15 66 55 73 64 69 28 88 88 96 11 98 64 97 74 81 88 89 66 19 87 61 26 48 19 54 19 17 56 95 78 69 43 69 91 65 84 49 37 64 85 48 47 18 28 72 57 89 94 38 44 35 94 86 79 50 17 62 83 14 93 81 26 77 47 44 96 88 56 94 71 48 13 81 17 30 89 87 80
89 23 68 77 60 29 93 44 89 33 92 35 76 73 0 98 62 72 80 28 71 76 25 94 74 82 21 17 82 72 37 19 55 67 54 67 95 43 47 54 54 75 41 53 58 96 70 44 63 56 48 64 99 39 32 44 42 69 10 11 45 71 10 49 19 48 68 25 93 55 16 60 11 59 76 54 10 44 95 31 65 41 13 90 92 58 91 96 88 39 11 60 76 93 86
89 51 19 60 65 58 62 21 54 16 29 64 68 13 98 0 28 94 53 66 47 13 88 46 22 84 85 86 44 37 83 11 47 28 80 52 66 55 84 67 43 23 38 20 30 76 79 86 86 84 70 10 98 37 32 62 16 61 63 45 61 61 86 77 35 53 40 98 70 39 20 79 46 74 48 21 45 11 30 78 98 17 63 45 93 48 83 74 91 90 56 14 98 57 86
32 86 10 96 60 46 66 78 90 67 46 70 78 15 62 28 0 37 46 23 93 16 71 45 45 71 51 34 15 83 28 82 10 41 53 84 19 95 66 44 39 49 66 67 57 83 27 70 83 46 54 53 19 20 41 13 23 14 34 66 87 25 81 88 80 72 37 52 66 36 83 43 23 66 83 64 39 19 89 10 70 77 59 36 18 63 56 95 87 87 43 56 95 13 38
77 83 86 80 11 95 74 81 32 12 66 24 89 66 72 94 37 0 37 57 69 84 99 73 95 62 18 51 79 44 67 40 95 18 40 67 64 10 27 87 69 19 83 80 46 19 25 76 60 95 16 72 13 84 37 25 68 55 45 65 92 40 14 40 59 97 84 80 33 86 70 64 46 21 20 44 58 71 81 55 22 54 43 59 60 40 49 45 16 37 62 70 86 17 38
29 58 88 94 86 84 10 81 85 67 76 71 15 55 80 53 46 37 0 77 96 92 51 59 11 16 66 72 44 43 84 74 89 46 36 23 88 59 31 68 35 49 90 74 59 34 49 41 32 95 29 47 51 81 18 45 36 60 33 21 35 44 22 79 89 26 57 74 10 63 47 31 85 91 44 50 95 13 14 37 51 27 59 34 90 56 74 36 60 87 30 15 36 11 76
42 38 21 16 45 39 59 24 98 61 50 21 64 73 28 66 23 57 77 0 15 49 91 43 14 25 68 46 21 73 40 61 81 35 46 92 90 55 12 66 53 50 42 90 58 88 34 93 55 51 94 55 77 58 43 83 45 86 81 97 55 26 49 43 18 57 61 91 51 36 30 45 79 47 20 34 43 74 24 87 88 31 10 52 47 42 86 51 83 82 12 72 11 32 79
57 34 57 69 39 41 77 93 74 46 61 34 98 64 71 47 93 69 96 15 0 66 88 55 67 93 80 54 62 83 29 36 48 92 53 97 26 44 78 22 79 50 32 12 28 45 79 51 13 79 96 81 98 48 56 36 83 65 59 50 22 96 65 22 47 60 37 80 83 40 83 46 99 33 39 41 79 95 16 38 19 82 93 26 10 31 89 41 23 20 29 29 12 39 14
83 35 71 19 67 97 43 87 39 73 87 50 32 69 76 13 16 84 92 49 66 0 55 46 51 51 42 17 96 62 90 12 87 24 18 81 64 36 32 73 93 49 26 49 90 42 98 55 17 13 23 55 10 25 48 64 40 84 53 87 91 38 66 74 17 83 48 44 36 64 24 97 50 75 81 75 56 31 51 50 24 12 56 46 67 61 98 50 59 65 46 67 75 31 91
59 49 48 58 89 40 59 60 70 11 16 73 16 28 25 88 71 99 51 91 88 55 0 95 45 56 30 98 56 46 32 98 84 89 79 16 32 68 18 88 82 59 99 76 53 21 47 78 92 42 52 35 57 95 42 32 90 92 65 82 66 16 51 85 92 81 91 59 24 72 88 66 12 99 41 29 87 99 85 58 92 96 78 44 47 57 77 78 92 32 45 98 48 67 11
67 67 13 52 51 22 52 30 84 65 73 68 82 88 94 46 45 73 59 43 55 46 95 0 23 66 24 67 40 18 88 98 18 36 76 99 15 56 69 96 85 69 64 38 98 61 17 80 61 18 24 78 96 44 39 53 81 16 82 39 15 12 37 65 37 21 74 49 66 26 93 45 66 92 50 90 30 44 84 48 87 25 50 49 85 90 50 81 33 52 16 78 59 95 60
17 38 41 37 18 96 58 40 20 85 85 91 96 88 74 22 45 95 11 14 67 51 45 23 0 17 61 74 76 17 57 33 59 90 42 48 64 26 78 98 93 73 52 28 36 18 20 41 42 11 77 17 83 19 60 62 60 46 26 78 53 35 20 96 26 23 96 32 99 32 15 66 22 27 59 75 15 95 82 17 56 26 47 88 79 15 63 80 21 96 16 19 86 78 64
33 19 42 55 57 18 55 59 78 74 73 81 82 96 82 84 71 62 16 25 93 51 56 66 17 0 82 98 84 50 66 85 94 40 98 11 18 33 48 22 75 58 39 20 96 20 37 16 47 82 58 25 94 81 32 49 78 91 19 75 68 85 12 44 58 32 52 45 87 71 18 70 80 46 30 74 94 21 61 21 61 92 19 67 33 14 64 61 61 53 58 56 24 18 14
17 88 18 25 32 30 41 32 26 68 70 74 21 11 21 85 51 18 66 68 80 42 30 24 61 82 0 80 63 90 45 40 29 25 65 12 19 86 77 68 49 81 85 30 58 17 68 99 77 17 96 68 10 50 82 61 63 23 28 44 31 68 32 64 67 24 81 69 98 47 18 81 74 10 67 12 90 75 58 98 70 71 98 10 39 28 27 39 23 74 59 35 75 59 30
68 69 46 63 56 33 37 27 93 45 19 98 69 98 17 86 34 51 72 46 54 17 98 67 74 98 80 0 41 42 45 64 78 24 11 94 42 31 34 66 92 94 10 52 37 98 26 75 41 42 66 44 97 53 72 24 23 27 63 63 38 31 12 68 64 75 38 59 37 48 27 16 59 75 36 47 92 44 88 67 36 44 67 90 47 41 14 40 30 14 40 49 92 36 63
31 39 76 56 80 92 41 14 20 84 13 42 35 64 82 44 15 79 44 21 62 96 56 40 76 84 63 41 0 75 38 89 77 18 84 84 78 10 25 42 17 10 67 53 89 94 68 80 73 57 14 20 80 72 48 68 30 56 85 88 54 74 98 13 67 83 10 56 87 20 93 11 77 30 55 83 42 12 92 88 99 63 27 79 59 11 49 60 53 37 87 92 35 50 66
22 90 84 64 53 28 26 81 11 65 16 35 93 97 72 37 83 44 43 73 83 62 46 18 17 50 90 42 75 0 38 10 82 22 30 40 51 93 60 37 66 60 94 65 76 74 64 83 74 56 50 57 61 60 49 27 31 50 74 84 61 42 11 13 48 12 83 98 42 56 57 87 33 48 81 63 90 61 93 32 60 12 28 12 23 67 18 65 78 86 97 78 92 95 32
69 96 21 79 47 12 43 49 31 63 56 82 70 74 37 83 28 67 84 40 29 90 32 88 57 66 45 45 38 38 0 37 14 22 59 36 65 52 45 22 91 22 85 85 29 91 70 37 60 52 14 66 62 30 37 65 46 95 83 31 96 22 70 64 31 38 52 67 33 84 31 56 43 20 95 93 90 17 80 99 38 50 97 60 33 64 28 45 79 84 36 10 94 68 14
46 31 20 21 14 33 67 17 71 72 42 73 55 81 19 11 82 40 74 61 36 12 98 98 33 85 40 64 89 10 37 0 69 90 14 90 27 28 93 45 98 62 40 96 21 63 96 50 68 21 28 94 14 59 36 46 70 17 53 31 74 13 56 76 17 90 67 66 69 97 59 23 98 60 58 87 37 14 59 79 80 53 96 82 82 24 92 40 55 30 53 63 92 83 64
70 97 84 73 43 73 36 20 81 97 40 12 86 88 55 47 10 95 89 81 48 87 84 18 59 94 29 78 77 82 14 69 0 82 17 26 85 38 50 57 88 48 68 91 49 37 26 95 26 27 44 85 25 73 55 19 35 99 48 49 17 59 30 81 42 52 32 18 18 33 63 46 15 14 52 99 43 14 22 14 12 24 84 27 35 74 94 77 96 85 63 15 78 88 25
15 10 88 42 65 89 92 62 31 67 71 77 40 89 67 28 41 18 46 35 92 24 89 36 90 40 25 24 18 22 22 90 82 0 84 62 63 23 49 61 24 71 88 41 62 44 37 38 90 32 23 95 28 10 56 20 89 19 72 28 26 44 38 95 40 51 41 71 76 87 61 20 59 36 42 17 57 53 82 19 79 92 20 32 97 65 15 48 45 19 33 55 27 32 90
37 75 91 85 33 72 59 13 16 65 70 48 72 66 54 80 53 40 36 46 53 18 79 76 42 98 65 11 84 30 59 14 17 84 0 85 82 70 42 11 96 16 72 36 98 38 11 49 24 22 19 31 44 24 53 36 65 32 72 16 22 33 52 62 20 92 48 46 81 33 82 11 17 55 88 24 85 13 65 42 79 84 45 37 24 24 56 76 67 36 19 65 11 22 11
76 19 94 73 33 58 17 94 40 62 76 10 46 19 67 52 84 67 23 92 97 81 16 99 48 11 12 94 84 40 36 90 26 62 85 0 27 69 50 54 69 44 44 71 33 66 85 38 23 16 23 16 85 35 41 30 55 79 58 71 37 42 75 96 91 37 53 38 95 12 79 73 71 90 87 88 23 49 33 56 61 78 23 48 63 30 38 88 85 63 92 32 65 13 28
92 13 11 50 36 93 75 35 61 27 17 66 33 87 95 66 19 64 88 90 26 64 32 15 64 18 19 42 78 51 65 27 85 63 82 27 0 65 27 55 96 58 20 42 35 78 34 25 87 11 17 58 29 56 96 83 42 25 46 26 46 95 66 23 12 52 86 98 44 75 18 20 83 61 20 78 66 11 58 51 86 46 13 64 60 25 94 51 75 79 33 69 11 54 22
81 39 81 40 48 87 44 46 32 91 95 87 43 61 43 55 95 10 59 55 44 36 68 56 26 33 86 31 10 93 52 28 38 23 70 69 65 0 85 63 32 52 63 43 78 26 27 70 78 16 58 85 28 83 13 55 71 69 38 31 19 36 57 63 87 82 35 30 34 68 69 53 41 37 40 37 44 22 72 56 39 77 61 17 55 74 62 56 71 96 17 23 27 89 47
64 34 45 54 43 47 74 55 50 13 72 24 70 26 47 84 66 27 31 12 78 32 18 69 78 48 77 34 25 60 45 93 50 49 42 50 27 85 0 33 82 65 24 97 63 78 77 13 56 18 20 58 33 59 22 53 68 80 68 23 10 39 36 69 48 41 82 14 24 83 63 93 41 32 83 54 99 32 37 32 52 79 96 84 97 89 42 94 51 68 26 73 55 52 66
81 97 66 39 49 57 56 63 29 40 17 66 90 48 54 67 44 87 68 66 22 73 88 96 98 22 68 66 42 37 22 45 57 61 11 54 55 63 33 0 39 88 61 71 90 16 90 85 60 31 78 92 66 62 49 68 84 23 88 79 70 38 11 65 51 51 48 83 61 62 30 89 17 89 22 46 36 27 16 30 94 86 14 36 98 38 93 93 57 68 10 93 74 49 96
77 47 62 14 34 30 45 23 33 38 97 74 40 19 54 43 39 69 35 53 79 93 82 85 93 75 49 92 17 66 91 98 88 24 96 69 96 32 82 39 0 14 37 62 47 25 11 37 72 57 88 83 73 27 50 96 27 75 22 27 73 61 39 20 94 80 89 42 15 45 69 26 40 83 25 46 30 43 56 43 10 13 30 54 30 31 52 92 33 82 81 20 42 94 79
17 95 58 94 37 79 78 47 54 87 37 39 33 54 75 23 49 19 49 50 50 49 59 69 73 58 81 94 10 60 22 62 48 71 16 44 58 52 65 88 14 0 18 72 46 16 35 36 57 75 70 82 96 13 70 21 73 82 10 58 93 31 57 81 14 41 85 92 77 71 93 37 50 55 73 50 91 84 89 93 93 83 35 37 63 81 86 54 28 99 42 84 41 79 78
49 12 12 55 54 99 37 65 32 88 25 58 91 19 41 38 66 83 90 42 32 26 99 64 52 39 85 10 67 94 85 40 68 88 72 44 20 63 24 61 37 18 0 57 91 99 33 19 58 38 89 85 46 29 34 80 82 46 68 65 78 96 62 84 34 30 87 11 97 63 64 72 87 32 69 56 80 33 11 76 83 79 51 94 52 57 81 22 89 15 30 79 13 93 27
86 24 12 97 80 31 74 51 98 21 89 53 45 17 53 20 67 80 74 90 12 49 76 38 28 20 30 52 53 65 85 96 91 41 36 71 42 43 97 71 62 72 57 0 92 27 38 95 83 38 41 96 80 44 58 50 71 59 49 36 54 51 55 10 21 43 88 56 33 47 87 25 10 53 88 65 50 45 57 30 56 83 21 76 67 79 65 36 57 11 78 93 46 58 69
74 67 86 58 72 65 85 87 35 14 14 87 41 56 58 30 57 46 59 58 28 90 53 98 36 96 58 37 89 76 29 21 49 62 98 33 35 78 63 90 47 46 91 92 0 59 62 48 53 61 60 62 23 57 45 18 31 93 67 14 46 85 83 11 57 74 83 48 10 40 75 58 82 72 62 22 71 25 88 19 67 13 26 68 32 53 33 90 20 81 59 64 43 42 92
50 57 40 38 20 68 36 35 13 70 16 25 44 95 96 76 83 19 34 88 45 42 21 61 18 20 17 98 94 74 91 63 37 44 38 66 78 26 78 16 25 16 99 27 59 0 72 27 25 72 46 38 42 32 93 36 80 92 96 86 90 34 99 74 53 53 28 54 73 77 60 11 83 22 31 98 71 93 83 79 44 37 52 36 16 35 45 34 40 77 77 72 20 65 41
25 61 83 51 73 33 29 31 59 73 75 98 61 78 70 79 27 25 49 34 79 98 47 17 20 37 68 26 68 64 70 96 26 37 11 85 34 27 77 90 11 35 33 38 62 72 0 39 71 69 99 16 40 68 84 53 21 38 68 50 25 60 33 62 92 43 94 84 48 61 63 96 99 92 47 65 45 60 79 12 25 76 83 30 34 38 52 17 76 86 62 23 79 80 50
57 37 41 12 65 60 77 61 75 12 60 24 48 69 44 86 70 76 41 93 51 55 78 80 41 16 99 75 80 83 37 50 95 38 49 38 25 70 13 85 37 36 19 95 48 27 39 0 30 28 90 61 44 67 63 85 51 34 88 17 28 10 26 73 13 62 87 60 33 76 64 25 49 79 16 48 11 39 20 89 51 70 30 65 56 59 67 50 34 42 68 95 62 28 19
30 13 13 79 83 16 51 28 75 64 79 38 90 43 63 86 83 60 32 55 13 17 92 61 42 47 77 41 73 74 60 68 26 90 24 23 87 78 56 60 72 57 58 83 53 25 71 30 0 80 67 18 99 15 74 70 23 44 94 63 49 22 67 31 89 74 53 29 30 12 28 55 98 65 42 33 78 86 76 82 65 58 15 10 43 82 30 31 87 17 78 68 87 52 68
32 41 46 90 22 71 83 11 88 15 29 80 68 69 56 84 46 95 95 51 79 13 42 18 11 82 17 42 57 56 52 21 27 32 22 16 11 16 18 31 57 75 38 38 61 72 69 28 80 0 58 88 10 97 87 12 55 78 51 70 86 84 16 13 38 40 37 29 23 44 68 24 42 32 89 45 32 17 27 85 18 74 76 28 86 28 56 37 53 69 29 96 91 29 19
37 32 12 51 59 67 69 83 25 20 28 17 89 91 48 70 54 16 29 94 96 23 52 24 77 58 96 66 14 50 14 28 44 23 19 23 17 58 20 78 88 70 89 41 60 46 99 90 67 58 0 79 59 49 10 35 16 70 82 98 57 46 58 83 79 86 97 83 64 16 42 39 83 85 75 85 57 46 39 19 94 75 95 88 40 74 74 32 63 17 24 24 66 10 26
47 94 72 13 83 23 47 92 34 36 79 54 17 65 64 10 53 72 47 55 81 55 35 78 17 25 68 44 20 57 66 94 85 95 31 16 58 85 58 92 83 82 85 96 62 38 16 61 18 88 79 0 74 58 73 46 23 96 60 76 29 61 95 55 24 85 95 93 43 61 10 90 43 89 71 19 86 56 42 18 27 34 72 83 83 15 25 16 63 97 40 58 17 84 69
55 16 35 26 82 65 14 77 72 61 28 76 68 84 99 98 19 13 51 77 98 10 57 96 83 94 10 97 80 61 62 14 25 28 44 85 29 28 33 66 73 96 46 80 23 42 40 44 99 10 59 74 0 49 25 84 21 52 66 66 50 41 63 27 80 16 42 99 35 92 80 36 27 95 54 64 14 65 37 10 33 40 77 80 11 64 20 26 38 50 51 97 65 80 24
11 13 45 72 59 51 87 25 80 35 85 81 22 49 39 37 20 84 81 58 48 25 95 44 19 81 50 53 72 60 30 59 73 10 24 35 56 83 59 62 27 13 29 44 57 32 68 67 15 97 49 58 49 0 54 89 34 69 55 68 72 31 94 90 66 39 54 30 72 35 23 39 83 36 45 14 31 93 67 62 25 15 70 98 10 18 56 89 60 66 99 64 98 84 76
96 14 61 46 26 28 84 87 86 38 70 69 71 37 32 32 41 37 18 43 56 48 42 39 60 32 82 72 48 49 37 36 55 56 53 41 96 13 22 49 50 70 34 58 45 93 84 63 74 87 10 73 25 54 0 71 45 37 12 72 89 31 42 15 26 65 94 52 63 82 52 20 45 47 48 95 53 47 32 66 61 12 18 97 72 21 59 34 56 24 51 71 47 57 99
59 70 42 77 97 53 67 21 94 93 70 56 37 64 44 62 13 25 45 83 36 64 32 53 62 49 61 24 68 27 65 46 19 20 36 30 83 55 53 68 96 21 80 50 18 36 53 85 70 12 35 46 84 89 71 0 46 11 30 68 86 19 25 93 37 40 98 79 83 79 95 25 95 84 92 75 83 71 28 84 76 56 98 19 89 28 91 28 98 97 62 45 64 57 43
59 89 73 13 73 39 94 54 23 96 44 27 66 85 42 16 23 68 36 45 83 40 90 81 60 78 63 23 30 31 46 70 35 89 65 55 42 71 68 84 27 73 82 71 31 80 21 51 23 55 16 23 21 34 45 46 0 27 80 32 85 75 41 30 55 76 26 21 10 30 68 15 32 30 88 70 69 38 13 47 37 45 17 85 78 13 48 66 10 70 50 89 72 91 83
30 83 64 45 89 18 25 69 99 83 95 80 12 48 69 61 14 55 60 86 65 84 92 16 46 91 23 27 56 50 95 17 99 19 32 79 25 69 80 23 75 82 46 59 93 92 38 34 44 78 70 96 52 69 37 11 27 0 89 80 68 59 42 85 23 51 22 11 72 95 16 43 54 93 95 25 55 58 94 28 57 18 46 70 12 53 57 45 37 90 87 96 22 40 65
52 76 64 36 49 74 52 30 14 91 57 26 57 47 10 63 34 45 33 81 59 53 65 82 26 19 28 63 85 74 83 53 48 72 72 58 46 38 68 88 22 10 68 49 67 96 68 88 94 51 82 60 66 55 12 30 80 89 0 44 18 58 76 15 75 81 74 22 25 37 60 17 46 66 10 73 58 21 25 43 21 46 67 22 18 84 43 29 33 82 97 11 25 62 17
31 36 37 59 26 49 88 43 83 24 93 88 81 18 11 45 66 65 21 97 50 87 82 39 78 75 44 63 88 84 31 31 49 28 16 71 26 31 23 79 27 58 65 36 14 86 50 17 63 70 98 76 66 68 72 68 32 80 44 0 86 31 40 98 28 47 80 78 61 25 99 82 70 88 12 97 60 88 59 63 58 84 14 16 93 44 70 76 64 67 16 22 71 28 42
10 94 24 75 10 13 43 75 20 39 56 56 86 28 45 61 87 92 35 55 22 91 66 15 53 68 31 38 54 61 96 74 17 26 22 37 46 19 10 70 73 93 78 54 46 90 25 28 49 86 57 29 50 72 89 86 85 68 18 86 0 81 29 63 95 79 82 59 64 64 75 38 71 20 94 74 30 49 79 37 51 11 35 14 94 54 66 47 79 97 56 39 22 95 69
73 58 12 44 29 87 80 40 33 78 98 26 66 72 71 61 25 40 44 26 96 38 16 12 35 85 68 31 74 42 22 13 59 44 33 42 95 36 39 38 61 31 96 51 85 34 60 10 22 84 46 61 41 31 31 19 75 59 58 31 81 0 42 46 13 56 47 37 13 73 62 28 79 60 10 42 51 29 68 31 81 14 27 63 39 30 48 80 57 50 83 81 17 25 54
85 55 56 73 87 55 61 25 86 29 84 85 98 57 10 86 81 14 22 49 65 66 51 37 20 12 32 12 98 11 70 56 30 38 52 75 66 57 36 11 39 57 62 55 83 99 33 26 67 16 58 95 63 94 42 25 41 42 76 40 29 42 0 64 32 54 87 85 37 42 15 46 88 36 50 17 48 50 89 50 18 57 64 40 97 15 57 80 59 83 42 13 67 56 12
26 20 96 14 27 24 51 69 92 60 25 55 54 89 49 77 88 40 79 43 22 74 85 65 96 44 64 68 13 13 64 76 81 95 62 96 23 63 69 65 20 81 84 10 11 74 62 73 31 13 83 55 27 90 15 93 30 85 15 98 63 46 64 0 26 46 12 10 16 89 78 94 64 89 64 67 83 83 26 65 11 21 85 24 81 36 40 83 31 79 14 39 46 81 67
45 81 58 81 18 70 59 91 23 24 13 31 88 94 19 35 80 59 89 18 47 17 92 37 26 58 67 64 67 48 31 17 42 40 20 91 12 87 48 51 94 14 34 21 57 53 92 13 89 38 79 24 80 66 26 37 55 23 75 28 95 13 32 26 0 88 97 77 52 81 30 96 90 40 98 73 56 76 24 83 70 14 68 95 71 72 78 51 18 61 25 73 83 86 46
52 37 10 66 24 59 95 96 15 23 52 59 93 38 48 53 72 97 26 57 60 83 81 21 23 32 24 75 83 12 38 90 52 51 92 37 52 82 41 51 80 41 30 43 74 53 43 62 74 40 86 85 16 39 65 40 76 51 81 47 79 56 54 46 88 0 33 99 44 72 70 38 89 52 54 31 64 95 50 11 58 16 16 57 28 52 88 48 47 45 31 92 68 79 21
80 41 77 46 91 10 43 22 28 56 80 98 77 44 68 40 37 84 57 61 37 48 91 74 96 52 81 38 10 83 52 67 32 41 48 53 86 35 82 48 89 85 87 88 83 28 94 87 53 37 97 95 42 54 94 98 26 22 74 80 82 47 87 12 97 33 0 26 38 73 14 24 18 20 49 88 10 18 87 88 17 44 11 11 23 85 82 91 96 41 29 43 45 27 28
40 46 71 41 30 37 73 44 27 91 63 53 46 35 25 98 52 80 74 91 80 44 59 49 32 45 69 59 56 98 67 66 18 71 46 38 98 30 14 83 42 92 11 56 48 54 84 60 29 29 83 93 99 30 52 79 21 11 22 78 59 37 85 10 77 99 26 0 34 68 23 51 78 83 92 58 82 57 31 19 55 27 46 88 82 30 93 83 93 28 71 52 97 19 89
86 10 27 74 48 30 85 54 19 94 76 87 71 94 93 70 66 33 10 51 83 36 24 66 99 87 98 37 87 42 33 69 18 76 81 95 44 34 24 61 15 77 97 33 10 73 48 33 30 23 64 43 35 72 63 83 10 72 25 61 64 13 37 16 52 44 38 34 0 88 85 53 35 11 32 82 74 14 40 81 51 72 38 61 84 54 76 86 80 23 51 88 59 36 54
60 63 49 79 95 51 53 56 74 71 81 19 50 86 55 39 36 86 63 36 40 64 72 26 32 71 47 48 20 56 84 97 33 87 33 12 75 68 83 62 45 71 63 47 40 77 61 76 12 44 16 61 92 35 82 79 30 95 37 25 64 73 42 89 81 72 73 68 88 0 84 19 69 38 22 34 75 10 40 45 89 78 41 81 33 76 81 17 44 80 48 89 40 61 25
11 48 59 40 88 92 66 69 65 46 16 81 16 79 16 20 83 70 47 30 83 24 88 93 15 18 18 27 93 57 31 59 63 61 82 79 18 69 63 30 69 93 64 87 75 60 63 64 28 68 42 10 80 23 52 95 68 16 60 99 75 62 15 78 30 70 14 23 85 84 0 98 94 66 64 39 21 73 68 83 55 28 20 81 68 99 52 56 66 88 38 31 96 36 91
47 30 41 29 25 28 19 95 17 81 82 64 28 50 60 79 43 64 31 45 46 97 66 45 66 70 81 16 11 87 56 23 46 20 11 73 20 53 93 89 26 37 72 25 58 11 96 25 55 24 39 90 36 39 20 25 15 43 17 82 38 28 46 94 96 38 24 51 53 19 98 0 14 55 65 84 49 68 38 95 23 61 51 37 98 88 74 48 13 79 25 15 12 19 14
49 72 19 75 43 10 82 21 98 95 92 65 89 17 11 46 23 46 85 79 99 50 12 66 22 80 74 59 77 33 43 98 15 59 17 71 83 41 41 17 40 50 87 10 82 83 99 49 98 42 83 43 27 83 45 95 32 54 46 70 71 79 88 64 90 89 18 78 35 69 94 14 0 86 73 15 31 79 92 69 68 30 89 10 36 37 81 14 90 37 25 34 16 84 43
43 87 37 12 20 98 19 30 93 30 53 15 61 62 59 74 66 21 91 47 33 75 99 92 27 46 10 75 30 48 20 60 14 36 55 90 61 37 32 89 83 55 32 53 72 22 92 79 65 32 85 89 95 36 47 84 30 93 66 88 20 60 36 89 40 52 20 83 11 38 66 55 86 0 75 62 51 45 66 74 79 17 43 29 95 46 79 28 81 19 19 81 12 73 42
64 66 93 64 70 11 52 83 62 70 40 67 30 83 76 48 83 20 44 20 39 81 41 50 59 30 67 36 55 81 95 58 52 42 88 87 20 40 83 22 25 73 69 88 62 31 47 16 42 89 75 71 54 45 48 92 88 95 10 12 94 10 50 64 98 54 49 92 32 22 64 65 73 75 0 56 84 43 82 51 74 24 17 66 15 30 65 40 17 92 64 81 81 58 87
90 47 56 15 86 98 79 24 26 72 63 90 94 14 54 21 64 44 50 34 41 75 29 90 75 74 12 47 83 63 93 87 99 17 24 88 78 37 54 46 46 50 56 65 22 98 65 48 33 45 85 19 64 14 95 75 70 25 73 97 74 42 17 67 73 31 88 58 82 34 39 84 15 62 56 0 94 31 46 45 98 92 26 44 23 18 45 16 57 84 70 55 35 80 56
31 26 37 11 59 55 44 91 18 44 11 14 92 93 10 45 39 58 95 43 79 56 87 30 15 94 90 92 42 90 90 37 43 57 85 23 66 44 99 36 30 91 80 50 71 71 45 11 78 32 57 86 14 31 53 83 69 55 58 60 30 51 48 83 56 64 10 82 74 75 21 49 31 51 84 94 0 16 64 71 43 84 42 14 57 63 79 54 70 75 33 52 76 85 83
94 57 58 89 98 66 20 36 63 95 66 37 31 81 44 11 19 71 13 74 95 31 99 44 95 21 75 44 12 61 17 14 14 53 13 49 11 22 32 27 43 84 33 45 25 93 60 39 86 17 46 56 65 93 47 71 38 58 21 88 49 29 50 83 76 95 18 57 14 10 73 68 79 45 43 31 16 0 13 34 80 78 62 42 87 30 42 80 38 97 45 12 37 93 60
38 19 28 36 99 54 12 46 41 78 49 74 20 26 95 30 89 81 14 24 16 51 85 84 82 61 58 88 92 93 80 59 22 82 65 33 58 72 37 16 56 89 11 57 88 83 79 20 76 27 39 42 37 67 32 28 13 94 25 59 79 68 89 26 24 50 87 31 40 40 68 38 92 66 82 46 64 13 0 33 13 12 43 75 11 94 89 30 47 53 52 71 81 56 20
21 12 62 17 45 15 71 94 21 71 49 96 46 77 31 78 10 55 37 87 38 50 58 48 17 21 98 67 88 32 99 79 14 19 42 56 51 56 32 30 43 93 76 30 19 79 12 89 82 85 19 18 10 62 66 84 47 28 43 63 37 31 50 65 83 11 88 19 81 45 83 95 69 74 51 45 71 34 33 0 48 18 52 23 62 37 25 60 76 37 51 16 15 55 43
54 92 77 24 54 51 83 10 25 34 98 54 60 47 65 98 70 22 51 88 19 24 92 87 56 61 70 36 99 60 38 80 12 79 79 61 86 39 52 94 10 93 83 56 67 44 25 51 65 18 94 27 33 25 61 76 37 57 21 58 51 81 18 11 70 58 17 55 51 89 55 23 68 79 74 98 43 80 13 48 0 41 75 70 45 53 41 49 34 24 66 61 87 97 93
23 90 55 13 16 18 36 77 51 13 27 26 39 44 41 17 77 54 27 31 82 12 96 25 26 92 71 44 63 12 50 53 24 92 84 78 46 77 79 86 13 83 79 83 13 37 76 70 58 74 75 34 40 15 12 56 45 18 46 84 11 14 57 21 14 16 44 27 72 78 28 61 30 17 24 92 84 78 12 18 41 0 54 57 62 61 31 48 34 79 74 82 63 85 76
18 33 26 18 65 74 94 14 93 20 56 67 36 96 13 63 59 43 59 10 93 56 78 50 47 19 98 67 27 28 97 96 84 20 45 23 13 61 96 14 30 35 51 21 26 52 83 30 15 76 95 72 77 70 18 98 17 46 67 14 35 27 64 85 68 16 11 46 38 41 20 51 89 43 17 26 42 62 43 52 75 54 0 14 52 52 78 14 34 72 23 88 65 36 39
23 21 31 78 21 99 56 54 49 90 58 40 93 88 90 45 36 59 34 52 26 46 44 49 88 67 10 90 79 12 60 82 27 32 37 48 64 17 84 36 54 37 94 76 68 36 30 65 10 28 88 83 80 98 97 19 85 70 22 16 14 63 40 24 95 57 11 88 61 81 81 37 10 29 66 44 14 42 75 23 70 57 14 0 57 98 99 72 95 87 53 38 87 38 89
66 81 63 72 15 62 13 53 94 73 31 42 17 56 92 93 18 60 90 47 10 67 47 85 79 33 39 47 59 23 33 82 35 97 24 63 60 55 97 98 30 63 52 67 32 16 34 56 43 86 40 83 11 10 72 89 78 12 18 93 94 39 97 81 71 28 23 82 84 33 68 98 36 95 15 23 57 87 11 62 45 62 52 57 0 69 64 42 70 70 98 43 88 59 23
54 41 15 96 85 57 62 67 72 66 86 30 42 94 58 48 63 40 56 42 31 61 57 90 15 14 28 41 11 67 64 24 74 65 24 30 25 74 89 38 31 81 57 79 53 35 38 59 82 28 74 15 64 18 21 28 13 53 84 44 54 30 15 36 72 52 85 30 54 76 99 88 37 46 30 18 63 30 94 37 53 61 52 98 69 0 60 21 83 11 91 55 42 16 17
12 27 18 57 51 32 75 33 88 28 77 84 98 71 91 83 56 49 74 86 89 98 77 50 63 64 27 14 49 18 28 92 94 15 56 38 94 62 42 93 52 86 81 65 33 45 52 67 30 56 74 25 20 56 59 91 48 57 43 70 66 48 57 40 78 88 82 93 76 81 52 74 81 79 65 45 79 42 89 25 41 31 78 99 64 60 0 85 39 58 65 93 82 25 67
15 70 80 63 92 76 52 59 25 91 87 87 68 48 96 74 95 45 36 51 41 50 78 81 80 61 39 40 60 65 45 40 77 48 76 88 51 56 94 93 92 54 22 36 90 34 17 50 31 37 32 16 26 89 34 28 66 45 29 76 47 80 80 83 51 48 91 83 86 17 56 48 14 28 40 16 54 80 30 60 49 48 14 72 42 21 85 0 67 48 94 75 41 96 59
87 75 88 17 98 55 85 40 62 21 86 72 15 13 88 91 87 16 60 83 23 59 92 33 21 61 23 30 53 78 79 55 96 45 67 85 75 71 51 57 33 28 89 57 20 40 76 34 87 53 63 63 38 60 56 98 10 37 33 64 79 57 59 31 18 47 96 93 80 44 66 13 90 81 17 57 70 38 47 76 34 34 34 95 70 83 39 67 0 35 89 55 89 61 74
53 20 21 83 62 48 58 36 21 65 65 90 72 81 39 90 87 37 87 82 20 65 32 52 96 53 74 14 37 86 84 30 85 19 36 63 79 96 68 68 82 99 15 11 81 77 86 42 17 69 17 97 50 66 24 97 70 90 82 67 97 50 83 79 61 45 41 28 23 80 88 79 37 19 92 84 75 97 53 37 24 79 72 87 70 11 58 48 35 0 97 66 66 21 65
12 21 41 61 71 17 34 71 41 80 52 82 75 17 11 56 43 62 30 12 29 46 45 16 16 58 59 40 87 97 36 53 63 33 19 92 33 17 26 10 81 42 30 78 59 77 62 68 78 29 24 40 51 99 51 62 50 87 97 16 56 83 42 14 25 31 29 71 51 48 38 25 25 19 64 70 33 45 52 51 66 74 23 53 98 91 65 94 89 97 0 61 86 13 77
84 48 88 99 67 11 19 23 38 60 56 57 22 30 60 14 56 70 15 72 29 67 98 78 19 56 35 49 92 78 10 63 15 55 65 32 69 23 73 93 20 84 79 93 64 72 23 95 68 96 24 58 97 64 71 45 89 96 11 22 39 81 13 39 73 92 43 52 88 89 31 15 34 81 81 55 52 12 71 16 61 82 88 38 43 55 93 75 55 66 61 0 78 18 75
11 74 87 88 98 50 79 40 42 91 93 63 45 89 76 98 95 86 36 11 12 75 48 59 86 24 75 92 35 92 94 92 78 27 11 65 11 27 55 74 42 41 13 46 43 20 79 62 87 91 66 17 65 98 47 64 72 22 25 71 22 17 67 46 83 68 45 97 59 40 96 12 16 12 81 35 76 37 81 15 87 63 65 87 88 42 82 41 89 66 86 78 0 55 65
43 33 95 93 32 93 37 99 18 37 13 15 36 87 93 57 13 17 11 32 39 31 67 95 78 18 59 36 50 95 68 83 88 32 22 13 54 89 52 49 94 79 93 58 42 65 80 28 52 29 10 84 80 84 57 57 91 40 62 28 95 25 56 81 86 79 27 19 36 61 36 19 84 73 58 80 85 93 56 55 97 85 36 38 59 16 25 96 61 21 13 18 55 0 55
77 56 59 33 79 19 62 70 57 28 61 81 31 80 86 86 38 38 76 79 14 91 11 60 64 14 30 63 66 32 14 64 25 90 11 28 22 47 66 96 79 78 27 69 92 41 50 19 68 19 26 69 24 76 99 43 83 65 17 42 69 54 12 67 46 21 28 89 54 25 91 14 43 42 87 56 83 60 20 43 93 76 39 89 23 17 67 59 74 65 77 75 65 55 0