140
0 62 89 78 73 64 41 52 30 24 68 18 14 83 91 80 15 34 50 77 30 36 74 58 62 70 89 97 50 48 15 65 51 92 71 63 32 77 29 14 90 69 44 25 71 24 48 21 81 72 91 39 44 45 78 43 20 20 51 14 59 18 90 15 27 37 87 75 18 26 90 11 75 30 30 33 23 89 69 41 34 42 81 93 87 19 46 79 28 96 30 52 28 56 19 53 43 50 86 94 86 21 87 98 68 95 34 83 51 81 39 16 56 53 71 66 17 50 26 86 39 63 94 38 92 46 15 82 89 75 79 29 20 48 67 39 31 34 36 61
62 0 44 66 24 20 30 53 94 18 20 53 69 14 97 83 11 91 77 97 52 92 18 31 67 37 30 63 18 96 75 30 60 67 71 21 77 11 93 90 57 65 19 62 66 67 83 21 97 23 89 94 74 86 23 33 40 75 92 46 50 12 13 19 50 84 48 48 54 43 29 93 33 65 83 69 96 23 93 27 23 23 91 33 30 76 13 46 88 13 28 41 43 68 80 88 37 32 40 81 51 56 94 15 96 85 11 24 85 37 14 91 15 22 54 10 73 54 73 38 31 56 97 99 88 76 75 28 68 70 62 56 15 71 77 85 45 56 58 89
89 44 0 53 74 95 91 11 67 76 98 31 20 17 99 98 21 25 76 64 98 96 45 15 88 56 61 77 99 30 30 43 83 95 83 25 38 75 28 74 86 89 80 17 98 46 78 26 70 12 25 18 35 93 83 60 29 98 44 46 75 97 73 86 71 60 81 35 37 15 89 15 24 67 15 58 28 96 39 87 71 27 54 73 50 82 25 63 59 77 51 19 98 36 77 70 99 49 69 90 81 59 76 72 81 20 16 35 83 65 56 22 25 33 75 87 72 23 75 96 82 61 71 80 36 73 14 33 63 14 29 96 99 32 74 41 44 88 16 82
78 66 53 0 48 67 42 61 19 78 38 63 57 12 58 39 92 27 87 83 20 92 72 66 48 34 31 41 15 31 88 46 67 33 33 47 86 28 69 74 72 25 93 57 25 83 89 52 72 12 68 13 17 45 92 13 44 62 41 64 33 14 56 76 47 19 59 58 89 49 97 71 41 55 40 89 40 94 44 16 87 48 19 39 28 82 34 56 77 67 74 13 75 75 14 18 58 91 68 71 88 19 77 43 25 42 73 49 66 53 97 92 63 47 55 30 51 56 13 62 72 45 19 63 24 56 54 98 23 27 88 57 13 87 74 28 30 76 22 95
73 24 74 48 0 24 69 35 72 37 95 33 42 64 57 48 75 70 84 49 59 91 90 31 97 97 95 69 81 66 11 79 48 21 36 15 44 41 59 36 72 70 99 90 51 71 11 93 25 83 72 68 61 19 45 42 32 26 15 45 43 94 77 90 97 81 39 65 67 13 47 67 69 70 54 23 69 98 94 16 94 25 21 85 52 85 60 33 56 76 68 88 74 52 40 24 23 42 33 94 91 34 82 76 51 66 70 43 90 86 30 56 29 88 54 25 88 17 63 37 52 45 64 83 59 24 91 75 24 67 61 16 44 31 96 87 47 91 56 97
64 20 95 67 24 0 27 37 88 10 28 62 53 63 99 13 36 11 25 60 50 77 60 28 20 83 40 66 30 76 86 64 75 24 16 56 92 33 20 48 50 63 73 42 53 13 97 15 31 70 72 88 71 68 38 62 79 86 41 96 23 44 23 11 10 39 46 97 50 92 74 81 44 75 68 32 66 25 74 94 36 16 86 98 15 36 37 83 58 72 85 69 81 46 10 11 58 98 88 55 86 62 10 42 67 44 53 28 78 52 34 11 32 86 40 90 11 88 11 68 95 92 42 97 35 40 68 44 30 41 58 93 59 16 16 94 22 12 53 78
41 30 91 42 69 27 0 90 82 28 90 10 86 28 26 53 50 60 53 97 79 39 60 15 78 47 62 35 51 60 82 97 53 96 99 14 11 58 59 52 46 86 25 42 23 61 54 36 95 54 69 35 39 58 44 67 88 51 22 16 34 59 89 79 75 44 63 82 29 74 28 43 37 55 91 48 10 51 46 57 54 91 37 81 13 59 65 17 53 40 47 50 50 37 26 20 67 67 81 74 69 12 68 11 42 63 52 36 70 60 44 81 38 42 36 60 43 37 75 77 28 20 74 41 68 54 54 29 38 29 46 62 34 30 16 77 26 58 40 16
52 53 11 61 35 37 90 0 66 30 21 44 58 70 88 96 89 51 55 23 33 17 49 95 31 78 14 78 98 59 49 81 35 75 63 80 35 97 47 22 97 54 34 88 96 28 86 38 74 25 21 53 99 43 16 12 72 78 98 47 42 88 54 54 95 29 28 54 57 99 54 18 88 66 38 46 81 23 78 96 56 91 56 40 66 29 93 25 64 92 17 55 49 27 40 54 67 23 31 13 34 38 17 92 47 58 11 29 23 71 64 95 84 33 90 70 84 55 25 99 56 43 55 34 69 94 11 41 93 59 65 66 87 59 80 21 55 54 30 40
30 94 67 19 72 88 82 66 0 89 16 55 66 30 37 12 91 42 75 17 31 58 27 61 82 25 26 85 59 44 23 14 89 72 99 16 16 63 53 77 45 86 16 97 70 43 60 81 95 25 99 22 49 27 44 77 62 43 71 63 64 45 13 28 15 25 17 33 47 10 49 79 24 76 32 91 77 49 29 79 44 86 34 34 14 34 77 84 41 54 72 39 60 73 66 22 17 87 13 27 57 73 42 76 61 93 63 21 24 35 98 41 19 67 88 17 94 16 93 52 21 64 88 10 69 95 22 77 83 35 64 19 51 13 33 25 71 83 70 68
24 18 76 78 37 10 28 30 89 0 46 80 89 97 59 93 22 85 57 45 40 56 20 14 55 57 37 62 78 23 77 43 99 67 78 64 27 67 39 56 30 40 73 88 26 93 25 49 88 59 40 57 51 33 70 76 20 30 55 77 27 83 61 26 53 40 28 55 97 85 41 75 14 11 27 24 50 75 71 92 60 77 24 65 34 91 76 63 76 64 44 72 80 78 97 26 75 30 92 91 59 81 36 65 21 93 26 32 40 96 37 52 97 62 20 13 60 89 67 35 52 59 81 57 97 96 62 23 38 39 23 42 33 47 25 78 92 62 89 44
68 20 98 38 95 28 90 21 16 46 0 56 64 30 91 22 70 24 93 54 77 42 68 12 81 14 35 75 60 10 96 92 55 16 95 34 88 29 75 96 15 47 32 97 75 98 10 14 13 49 36 24 74 15 28 52 95 45 38 75 99 88 32 95 73 73 81 75 95 10 25 39 89 40 76 31 44 57 18 15 69 56 67 68 40 30 45 34 46 91 65 14 98 25 15 54 26 47 95 54 73 55 83 78 32 99 30 63 20 39 72 58 46 58 87 25 56 83 58 50 90 21 35 88 78 13 46 28 25 96 60 82 60 95 71 67 59 45 38 85
18 53 31 63 33 62 10 44 55 80 56 0 92 75 69 79 80 52 85 47 38 32 59 38 25 11 45 31 11 83 60 50 19 98 15 48 13 53 90 15 78 58 95 52 98 99 80 70 76 27 42 29 75 89 69 35 21 16 41 58 86 68 70 15 41 90 68 78 16 93 19 90 65 61 11 97 16 49 88 59 58 28 38 67 50 31 42 69 65 44 82 96 45 60 73 16 69 31 77 33 67 25 48 68 13 86 36 70 35 25 74 39 18 84 83 41 13 25 63 22 48 72 68 13 27 35 22 92 80 53 75 42 75 27 35 78 38 55 93 53
14 69 20 57 42 53 86 58 66 89 64 92 0 47 60 53 77 14 92 31 63 62 53 23 45 23 71 34 60 76 64 51 66 87 52 42 93 69 49 31 17 59 63 89 30 64 38 43 42 90 80 71 31 81 41 56 76 29 86 59 57 75 22 40 45 60 34 25 26 71 86 48 85 56 17 17 20 72 94 24 84 57 86 50 58 47 52 12 87 61 31 96 35 89 28 61 96 88 80 72 93 28 55 27 54 35 43 31 84 16 27 99 32 71 92 89 88 91 14 62 69 16 24 89 86 33 94 16 36 79 41 97 73 36 40 33 65 99 29 44
83 14 17 12 64 63 28 70 30 97 30 75 47 0 59 36 19 55 45 10 37 59 30 75 80 32 44 46 36 95 92 76 26 73 32 24 48 61 48 96 26 47 52 81 71 75 30 33 82 97 53 68 33 41 20 37 37 87 28 37 22 54 82 23 87 72 61 93 38 53 77 50 56 12 34 90 36 55 22 24 37 53 44 45 62 77 37 96 43 21 24 87 41 71 22 87 62 35 74 74 37 48 24 14 54 74 24 98 47 94 72 33 53 32 57 37 37 64 23 13 47 17 28 23 35 11 81 25 52 92 70 16 40 61 69 76 20 58 26 65
91 97 99 58 57 99 26 88 37 59 91 69 60 59 0 94 89 55 40 56 11 65 66 87 95 90 95 84 55 70 21 57 96 83 77 80 51 61 84 76 95 90 28 93 33 82 29 70 46 12 29 48 16 87 66 31 22 16 98 68 43 53 37 41 51 56 84 37 22 36 86 47 63 88 55 62 50 68 50 64 89 25 20 42 23 71 24 85 56 70 43 23 55 37 14 93 58 83 51 46 55 55 70 11 93 98 77 94 96 43 25 82 26 37 67 36 58 93 39 67 57 56 45 59 25 81 82 94 81 60 96 89 73 43 43 25 16 84 64 57
80 83 98 39 48 13 53 96 12 93 22 79 53 36 94 0 52 71 65 23 61 31 67 30 94 23 86 75 47 97 40 41 13 45 33 95 19 82 23 19 61 61 21 92 28 38 72 24 58 62 10 19 71 53 26 47 14 14 94 52 88 58 31 52 90 13 29 50 27 38 89 26 65 73 40 99 94 65 99 18 96 35 33 13 52 44 22 51 46 40 71 59 60 23 79 67 82 30 15 91 68 49 83 74 40 92 12 60 16 60 62 95 63 66 61 78 84 71 47 26 40 50 67 63 81 16 64 79 84 58 57 75 65 82 95 87 78 52 43 61
15 11 21 92 75 36 50 89 91 22 70 80 77 19 89 52 0 57 79 48 64 15 78 72 42 39 11 93 22 30 52 99 49 39 64 22 17 61 93 44 12 27 47 51 35 93 30 85 93 88 64 81 14 81 44 83 87 75 17 95 36 37 42 22 66 96 92 98 93 51 73 14 79 75 54 26 67 85 98 84 28 66 67 74 18 74 94 88 29 64 68 20 70 37 49 94 89 61 63 33 47 90 25 22 81 61 48 38 27 70 72 44 88 84 67 19 72 34 35 85 24 66 91 50 78 61 36 78 60 46 36 44 96 74 57 91 72 62 13 90
34 91 25 27 70 11 60 51 42 85 24 52 14 55 55 71 57 0 71 56 10 55 34 89 97 92 60 55 32 98 74 25 67 27 15 32 56 47 99 42 76 74 43 23 37 91 12 64 45 21 51 44 30 34 38 78 19 38 29 16 47 54 10 23 40 18 47 31 24 70 72 37 49 36 97 24 41 55 54 54 95 18 96 63 57 25 13 38 92 98 51 62 42 47 35 12 25 69 10 77 43 86 79 55 93 78 51 28 20 74 82 79 45 24 36 10 97 33 81 31 99 83 62 15 76 77 45 40 65 44 85 30 39 49 57 46 65 37 37 73
50 77 76 87 84 25 53 55 75 57 93 85 92 45 40 65 79 71 0 21 16 15 95 65 22 53 55 77 15 37 57 19 24 85 81 39 14 25 84 75 78 55 94 25 18 46 49 78 74 77 11 82 51 89 84 43 99 30 11 71 86 85 81 64 65 16 19 81 46 65 24 38 87 66 48 48 49 26 42 22 67 27 45 66 75 74 87 49 42 71 80 56 35 88 28 75 66 87 19 11 98 61 21 80 85 91 43 72 22 86 18 22 52 20 52 17 26 44 16 45 25 48 33 25 63 12 67 74 17 26 36 37 50 45 26 71 89 17 74 55
77 97 64 83 49 60 97 23 17 45 54 47 31 10 56 23 48 56 21 0 43 28 33 21 49 98 15 99 90 68 39 88 12 66 28 19 65 26 55 57 65 71 37 43 15 47 38 21 87 16 69 15 27 49 30 70 72 83 80 63 15 99 11 41 90 64 44 49 18 53 78 86 58 27 61 15 23 13 43 39 19 26 27 22 30 54 96 10 18 33 72 10 72 83 63 48 45 98 70 80 99 85 38 55 37 71 57 97 70 98 95 17 46 45 89 91 59 16 46 79 66 91 71 50 92 50 93 59 17 55 86 31 70 92 92 83 39 78 15 34
30 52 98 20 59 50 79 33 31 40 77 38 63 37 11 61 64 10 16 43 0 44 33 23 34 75 33 79 35 60 18 97 46 54 45 90 26 31 12 79 76 31 61 44 96 26 91 52 56 74 97 55 88 12 91 23 19 42 65 45 78 32 31 20 80 84 77 31 83 43 52 75 38 83 93 41 29 96 26 15 85 39 53 76 64 93 46 63 16 16 74 85 33 68 18 82 52 75 12 67 14 18 18 59 60 95 25 19 68 12 35 58 89 73 53 61 58 66 51 14 32 12 25 46 12 31 72 39 77 32 92 51 46 58 33 25 72 54 29 82
36 92 96 92 91 77 39 17 58 56 42 32 62 59 65 31 15 55 15 28 44 0 56 53 98 89 77 78 50 42 29 46 11 61 97 96 82 32 91 96 64 58 54 40 41 83 13 85 19 55 41 51 30 33 75 63 14 26 93 99 64 53 94 36 23 20 42 51 53 98 16 23 99 74 11 33 28 83 59 40 11 26 80 71 15 10 84 65 79 31 25 74 60 18 14 68 39 21 86 15 59 86 56 25 97 18 26 53 16 78 75 87 38 83 94 69 68 66 10 42 85 33 61 90 17 91 92 16 82 89 50 58 82 91 77 69 39 94 69 83
74 18 45 72 90 60 60 49 27 20 68 59 53 30 66 67 78 34 95 33 33 56 0 39 74 68 45 97 23 88 43 67 39 68 72 34 20 50 33 70 13 69 73 55 98 10 84 27 70 16 81 90 57 83 35 72 46 31 78 99 76 71 57 92 48 77 93 64 71 94 51 48 50 86 91 53 38 77 19 38 44 54 84 17 26 99 15 48 13 59 86 70 26 97 89 22 32 55 44 31 12 60 28 45 75 11 37 51 43 39 33 31 75 64 16 64 70 38 40 69 24 98 99 66 72 68 91 16 23 39 25 21 34 41 31 11 75 67 92 56
58 31 15 66 31 28 15 95 61 14 12 38 23 75 87 30 72 89 65 21 23 53 39 0 43 50 25 38 23 72 82 93 89 52 24 92 87 93 38 53 76 56 32 33 68 26 57 44 91 65 66 99 32 39 37 61 98 81 47 43 46 35 27 17 19 89 23 82 79 62 68 89 83 86 82 55 48 66 87 58 56 98 38 11 78 56 47 18 28 11 75 15 30 12 18 26 18 65 10 90 87 19 44 85 33 52 72 70 31 89 28 99 25 11 34 38 42 86 10 84 41 49 13 66 79 36 84 25 58 17 40 70 26 51 87 93 87 66 46 77
62 67 88 48 97 20 78 31 82 55 81 25 45 80 95 94 42 97 22 49 34 98 74 43 0 22 98 13 73 80 66 79 93 88 93 29 10 90 60 22 14 66 41 85 54 53 15 75 59 22 41 27 37 83 26 73 33 33 36 80 62 25 97 53 46 57 22 45 70 94 65 83 98 68 10 17 76 32 99 12 66 71 52 61 19 49 82 54 82 84 82 10 56 18 70 44 99 42 58 18 34 12 23 47 63 87 41 73 28 30 60 86 15 81 51 58 71 32 59 59 69 25 71 94 34 12 79 86 35 43 25 48 64 61 52 99 76 25 58 89
70 37 56 34 97 83 47 78 25 57 14 11 23 32 90 23 39 92 53 98 75 89 68 50 22 0 43 17 96 59 39 97 75 20 81 49 22 16 16 58 84 39 99 51 43 34 78 47 89 77 52 99 18 27 40 90 79 70 12 33 29 39 51 33 93 91 13 81 26 72 44 61 53 38 34 93 91 96 94 99 32 98 30 84 78 21 51 54 41 92 69 64 49 23 84 42 44 68 82 73 58 93 55 66 79 17 53 45 73 88 55 78 63 69 70 58 17 74 90 86 81 56 51 84 63 49 64 72 59 84 83 72 18 53 88 65 27 62 89 51
89 30 61 31 95 40 62 14 26 37 35 45 71 44 95 86 11 60 55 15 33 77 45 25 98 43 0 89 71 65 78 47 30 23 63 35 73 77 57 53 43 62 28 79 16 51 87 68 76 35 92 30 30 26 83 35 98 33 33 48 85 64 31 93 59 66 86 10 45 91 88 41 78 28 78 10 61 19 61 24 44 20 93 20 42 85 75 66 77 22 30 37 28 95 59 63 50 10 58 80 49 13 66 34 85 12 24 46 93 39 61 51 83 96 88 64 50 74 94 10 69 74 51 87 31 98 57 96 95 43 21 27 92 30 34 89 98 25 19 43
97 63 77 41 69 66 35 78 85 62 75 31 34 46 84 75 93 55 77 99 79 78 97 38 13 17 89 0 96 17 31 72 47 31 59 65 22 53 45 84 61 56 90 87 80 17 50 27 58 68 75 80 66 55 35 58 18 47 72 31 25 97 62 53 77 26 11 67 24 98 42 52 51 76 69 14 45 22 78 21 72 18 94 95 39 93 67 92 65 60 86 14 99 72 81 38 24 68 14 87 21 71 98 57 87 23 53 64 27 42 66 58 43 51 31 95 16 79 90 80 89 78 19 46 72 58 35 41 18 36 53 49 28 24 35 58 76 14 71 59
50 18 99 15 81 30 51 98 59 78 60 11 60 36 55 47 22 32 15 90 35 50 23 23 73 96 71 96 0 10 95 97 73 59 94 53 62 51 34 21 50 47 42 75 45 75 19 57 53 88 20 42 65 63 24 30 88 36 70 70 64 75 21 63 80 35 16 25 93 60 64 48 13 45 66 13 78 87 23 43 83 31 16 84 24 76 28 31 60 10 83 92 35 25 93 98 86 40 59 89 67 46 95 82 59 65 73 42 28 52 53 71 70 81 54 13 97 80 68 21 40 63 32 59 48 16 14 15 82 71 65 62 25 65 43 47 77 27 13 19
48 96 30 31 66 76 60 59 44 23 10 83 76 95 70 97 30 98 37 68 60 42 88 72 80 59 65 17 10 0 36 27 93 67 86 98 27 51 94 60 44 50 72 87 61 44 38 47 37 75 76 99 62 41 62 58 76 88 82 93 27 97 80 60 19 78 50 86 54 54 20 41 44 79 21 67 85 28 78 43 52 89 86 75 48 29 32 36 84 28 45 93 56 12 96 28 27 44 28 42 83 55 30 40 82 58 30 80 59 35 76 67 12 94 37 74 22 89 19 94 51 62 45 11 15 63 49 86 91 18 72 46 36 71 75 80 17 73 74 19
15 75 30 88 11 86 82 49 23 77 96 60 64 92 21 40 52 74 57 39 18 29 43 82 66 39 78 31 95 36 0 38 81 11 45 52 18 75 59 74 13 56 35 99 33 38 70 58 51 76 91 46 74 48 13 70 54 84 48 20 10 43 79 55 82 61 59 14 25 65 80 91 42 23 85 71 71 76 64 21 41 88 67 78 35 92 82 50 11 61 15 32 91 35 72 53 13 65 16 70 34 83 78 52 67 86 33 44 99 43 50 77 19 42 68 50 50 82 58 34 43 79 61 41 75 16 34 22 34 55 24 63 97 11 96 26 57 64 14 66
65 30 43 46 79 64 97 81 14 43 92 50 51 76 57 41 99 25 19 88 97 46 67 93 79 97 47 72 97 27 38 0 62 30 87 11 88 43 17 21 13 56 75 76 60 99 32 95 54 89 46 13 70 26 49 42 58 59 85 89 95 53 95 83 45 33 68 77 11 11 67 58 82 73 94 66 55 55 14 58 76 82 17 34 59 23 43 44 84 21 25 99 48 72 62 66 83 69 58 61 42 83 18 65 62 93 75 46 65 68 10 35 81 28 63 47 51 78 43 10 61 49 59 62 73 25 73 90 91 11 77 81 55 50 85 26 96 94 23 23
51 60 83 67 48 75 53 35 89 99 55 19 66 26 96 13 49 67 24 12 46 11 39 89 93 75 30 47 73 93 81 62 0 25 62 16 81 50 16 87 44 73 43 21 20 97 16 15 58 83 27 66 29 94 92 86 20 51 33 85 28 45 91 60 59 12 95 74 18 97 38 19 21 83 85 80 66 10 66 24 18 51 99 34 31 94 22 99 28 16 42 61 83 69 45 31 52 41 17 26 16 65 14 35 13 39 23 56 70 38 82 90 78 49 30 55 82 88 70 22 61 30 57 14 68 16 80 99 13 45 11 73 38 87 33 43 34 72 23 93
92 67 95 33 21 24 96 75 72 67 16 98 87 73 83 45 39 27 85 66 54 61 68 52 88 20 23 31 59 67 11 30 25 0 30 62 37 67 92 83 63 71 61 90 73 44 93 35 88 16 38 21 76 52 33 92 82 23 43 89 77 31 72 53 29 47 32 22 91 30 45 45 88 23 12 73 20 11 73 16 93 75 34 32 15 92 59 81 48 22 62 23 55 11 53 57 20 15 62 97 94 27 21 47 95 66 44 76 27 61 87 30 80 81 57 73 96 38 57 43 95 97 88 48 32 53 28 33 77 75 83 86 93 30 17 99 83 95 16 67
71 71 83 33 36 16 99 63 99 78 95 15 52 32 77 33 64 15 81 28 45 97 72 24 93 81 63 59 94 86 45 87 62 30 0 54 63 26 82 99 30 21 48 71 68 66 40 11 66 93 12 19 29 37 27 17 20 35 99 83 51 71 90 46 34 18 50 17 40 19 94 12 81 64 65 31 50 19 69 32 54 63 85 10 47 49 69 34 91 12 26 94 13 50 56 49 35 11 42 99 64 82 45 64 89 65 28 25 40 74 41 56 86 70 83 27 90 87 16 85 43 50 37 45 83 64 95 54 50 91 30 27 44 38 83 26 39 62 99 15
63 21 25 47 15 56 14 80 16 64 34 48 42 24 80 95 22 32 39 19 90 96 34 92 29 49 35 65 53 98 52 11 16 62 54 0 93 42 98 42 42 85 92 80 85 43 98 88 36 37 74 22 47 32 21 99 41 22 12 37 37 84 29 19 38 59 11 27 48 65 67 84 77 80 20 56 18 61 23 75 23 63 15 84 28 77 21 75 24 21 99 64 19 83 30 51 94 61 71 55 10 62 39 20 63 72 87 40 74 83 21 79 37 52 59 80 22 63 26 81 67 45 72 38 92 58 40 24 95 87 52 79 75 50 51 60 55 22 91 24
32 77 38 86 44 92 11 35 16 27 88 13 93 48 51 19 17 56 14 65 26 82 20 87 10 22 73 22 62 27 18 88 81 37 63 93 0 44 70 70 56 47 33 43 80 95 50 86 28 65 53 16 48 48 54 18 83 70 33 85 40 32 58 77 29 77 46 47 15 53 83 36 24 10 56 37 52 65 54 35 77 98 34 70 36 72 13 29 77 93 64 97 47 34 16 53 70 55 41 72 26 33 53 31 54 43 85 58 46 34 33 20 95 53 11 50 19 17 95 27 69 33 41 66 43 57 89 70 42 43 33 78 52 71 60 67 51 18 10 41
77 11 75 28 41 33 58 97 63 67 29 53 69 61 61 82 61 47 25 26 31 32 50 93 90 16 77 53 51 51 75 43 50 67 26 42 44 0 64 17 73 78 65 39 76 18 80 27 31 47 71 99 71 29 11 65 17 37 49 40 49 66 72 62 10 13 81 49 77 22 48 26 37 42 24 64 94 55 95 42 75 66 87 43 89 46 62 28 11 25 75 65 10 63 48 25 25 50 35 45 49 53 97 44 36 81 46 99 15 91 32 64 94 77 58 47 39 36 28 79 73 30 23 42 77 86 83 81 87 19 39 34 96 82 89 93 74 78 38 77
29 93 28 69 59 20 59 47 53 39 75 90 49 48 84 23 93 99 84 55 12 91 33 38 60 16 57 45 34 94 59 17 16 92 82 98 70 64 0 54 76 97 75 23 51 28 26 83 18 70 52 12 66 73 56 89 42 97 12 30 56 57 84 54 92 40 96 89 68 31 65 80 83 83 21 59 72 57 90 73 56 88 43 50 86 52 20 22 90 37 47 19 31 36 54 97 98 96 16 31 83 91 75 86 51 87 39 85 49 91 39 54 33 86 44 37 64 53 80 15 69 50 20 55 36 36 90 66 23 44 10 82 44 19 53 16 90 29 53 66
14 90 74 74 36 48 52 22 77 56 96 15 31 96 76 19 44 42 75 57 79 96 70 53 22 58 53 84 21 60 74 21 87 83 99 42 70 17 54 0 11 96 81 45 29 91 75 29 92 63 23 88 24 78 11 58 55 51 83 35 66 33 36 32 49 99 68 24 97 73 77 72 25 48 48 83 18 62 56 94 44 92 14 81 35 15 65 19 39 69 85 12 98 11 69 67 54 82 64 18 54 93 77 42 75 14 85 52 96 24 36 10 29 61 97 37 41 97 53 72 13 41 81 56 99 39 99 24 86 77 14 26 76 84 72 69 15 37 94 96
90 57 86 72 72 50 46 97 45 30 15 78 17 26 95 61 12 76 78 65 76 64 13 76 14 84 43 61 50 44 13 13 44 63 30 42 56 73 76 11 0 61 81 72 65 60 51 54 33 58 55 58 79 52 83 93 45 61 79 30 90 95 72 16 90 20 23 39 60 74 60 69 10 86 60 53 41 78 49 40 47 50 89 92 73 27 71 50 65 34 24 29 52 87 18 68 69 37 41 11 61 13 18 66 11 28 54 70 48 52 88 47 23 66 89 63 13 35 80 65 59 67 11 19 46 71 80 33 17 68 30 42 75 90 35 88 92 42 62 41
69 65 89 25 70 63 86 54 86 40 47 58 59 47 90 61 27 74 55 71 31 58 69 56 66 39 62 56 47 50 56 56 73 71 21 85 47 78 97 96 61 0 61 86 60 13 59 97 65 93 68 60 67 25 41 84 44 20 40 36 15 24 39 47 13 74 29 12 50 16 87 86 66 44 58 44 86 12 93 60 22 63 61 42 49 11 65 78 91 67 32 91 55 40 39 85 24 62 87 15 75 98 91 40 18 25 12 32 41 22 46 13 91 53 70 97 19 70 38 98 46 24 70 99 84 64 97 24 98 99 22 46 23 11 73 22 24 32 83 88
44 19 80 93 99 73 25 34 16 73 32 95 63 52 28 21 47 43 94 37 61 54 73 32 41 99 28 90 42 72 35 75 43 61 48 92 33 65 75 81 81 61 0 56 13 38 50 47 24 95 84 19 63 75 53 56 33 28 24 47 60 36 80 26 64 75 31 79 80 69 20 66 67 76 78 75 14 49 73 89 36 63 59 91 38 67 82 77 96 67 30 99 21 77 72 76 98 51 91 60 67 24 28 88 63 76 21 68 81 23 53 62 22 55 26 66 82 27 43 28 51 58 55 96 98 77 92 64 63 33 57 41 45 53 93 23 59 41 13 38
25 62 17 57 90 42 42 88 97 88 97 52 89 81 93 92 51 23 25 43 44 40 55 33 85 51 79 87 75 87 99 76 21 90 71 80 43 39 23 45 72 86 56 0 99 50 54 26 63 51 97 94 83 42 85 86 22 10 80 83 33 74 67 70 21 69 54 73 27 47 40 17 82 60 38 76 67 12 89 80 97 26 21 10 94 67 86 77 39 33 71 71 24 19 52 36 47 63 71 70 66 38 13 59 90 43 33 30 24 95 71 24 12 66 29 50 92 80 10 32 56 19 56 90 54 87 69 76 20 63 76 17 88 53 34 53 35 88 98 88
71 66 98 25 51 53 23 96 70 26 75 98 30 71 33 28 35 37 18 15 96 41 98 68 54 43 16 80 45 61 33 60 20 73 68 85 80 76 51 29 65 60 13 99 0 19 92 94 94 53 73 10 44 17 13 97 24 90 83 89 15 72 31 31 49 15 82 47 99 22 77 46 21 49 69 79 45 14 29 82 28 36 67 14 83 32 26 44 66 36 80 29 26 85 98 33 98 30 33 37 72 42 55 29 58 69 99 92 39 82 71 38 26 81 41 88 72 77 48 55 54 67 24 54 75 24 84 47 97 11 39 26 35 95 48 70 68 58 99 57
24 67 46 83 71 13 61 28 43 93 98 99 64 75 82 38 93 91 46 47 26 83 10 26 53 34 51 17 75 44 38 99 97 44 66 43 95 18 28 91 60 13 38 50 19 0 44 34 40 55 34 36 59 77 10 93 72 75 22 10 50 51 73 58 87 84 17 62 75 58 51 78 25 35 92 20 97 25 43 96 72 61 84 58 32 56 48 51 65 77 74 12 59 51 32 58 92 93 40 98 25 43 48 45 59 99 10 71 54 42 70 44 28 16 31 25 67 46 78 19 52 46 42 88 63 74 76 95 34 79 39 63 54 46 12 68 95 44 40 67
48 83 78 89 11 97 54 86 60 25 10 80 38 30 29 72 30 12 49 38 91 13 84 57 15 78 87 50 19 38 70 32 16 93 40 98 50 80 26 75 51 59 50 54 92 44 0 91 95 75 50 97 49 23 74 46 29 70 22 70 62 89 15 74 64 24 69 97 48 87 85 71 61 65 78 89 58 30 39 23 74 89 64 99 93 63 58 70 43 99 59 15 34 69 11 69 26 70 22 90 54 56 21 54 30 81 45 55 51 72 72 44 14 63 19 78 57 71 31 57 62 14 26 46 54 17 25 31 24 46 60 75 10 91 27 69 63 34 93 62
21 21 26 52 93 15 36 38 81 49 14 70 43 33 70 24 85 64 78 21 52 85 27 44 75 47 68 27 57 47 58 95 15 35 11 88 86 27 83 29 54 97 47 26 94 34 91 0 90 15 30 62 11 34 74 76 34 95 24 30 89 64 78 69 79 96 19 12 40 96 25 86 35 57 87 62 58 38 87 95 22 45 71 12 64 35 78 14 94 46 92 46 26 32 40 23 67 77 83 86 74 47 86 50 65 78 82 16 98 26 50 74 33 53 97 96 95 82 97 93 22 84 86 66 64 17 80 80 30 56 23 62 51 55 54 79 71 79 83 62
81 97 70 72 25 31 95 74 95 88 13 76 42 82 46 58 93 45 74 87 56 19 70 91 59 89 76 58 53 37 51 54 58 88 66 36 28 31 18 92 33 65 24 63 94 40 95 90 0 58 29 62 13 15 95 77 98 23 23 78 58 38 18 60 85 72 78 76 68 99 21 67 52 94 48 71 63 30 87 26 90 78 13 65 59 29 77 68 86 95 80 22 67 47 55 99 60 82 50 57 85 71 72 99 86 13 46 34 26 76 14 24 89 62 31 45 73 65 92 65 28 73 39 94 20 95 62 29 17 21 83 47 79 85 53 79 52 31 23 94
72 23 12 12 83 70 54 25 25 59 49 27 90 97 12 62 88 21 77 16 74 55 16 65 22 77 35 68 88 75 76 89 83 16 93 37 65 47 70 63 58 93 95 51 53 55 75 15 58 0 28 51 30 42 78 49 38 76 48 28 72 82 60 92 16 80 48 38 39 35 38 18 34 15 38 57 30 61 93 63 78 29 13 48 89 97 56 62 50 86 74 42 23 56 67 75 37 34 70 77 30 98 27 75 37 34 78 50 36 40 12 22 92 31 87 44 40 48 69 33 73 48 11 50 46 91 40 44 73 12 71 30 12 45 82 51 44 19 60 99
91 89 25 68 72 72 69 21 99 40 36 42 80 53 29 10 64 51 11 69 97 41 81 66 41 52 92 75 20 76 91 46 27 38 12 74 53 71 52 23 55 68 84 97 73 34 50 30 29 28 0 39 19 30 35 58 74 16 76 48 95 66 55 31 55 45 19 44 61 31 99 75 20 30 36 35 34 17 29 95 77 13 60 60 82 96 36 73 38 43 98 26 34 11 60 37 89 76 30 44 34 43 68 10 78 50 98 95 26 98 78 22 45 26 28 78 99 30 81 54 95 49 48 97 45 58 92 49 32 14 88 86 52 96 24 74 57 39 71 65
39 94 18 13 68 88 35 53 22 57 24 29 71 68 48 19 81 44 82 15 55 51 90 99 27 99 30 80 42 99 46 13 66 21 19 22 16 99 12 88 58 60 19 94 10 36 97 62 62 51 39 0 69 59 12 96 10 17 97 78 46 22 61 69 23 39 12 84 44 33 66 58 28 31 39 59 98 84 42 96 16 42 59 90 66 27 49 28 28 85 65 66 25 32 31 73 20 17 17 17 49 19 47 22 98 89 90 10 82 96 68 45 68 13 80 32 82 24 73 16 71 25 64 43 92 72 83 67 81 44 52 26 62 23 98 54 75 34 54 79
44 74 35 17 61 71 39 99 49 51 74 75 31 33 16 71 14 30 51 27 88 30 57 32 37 18 30 66 65 62 74 70 29 76 29 47 48 71 66 24 79 67 63 83 44 59 49 11 13 30 19 69 0 77 59 66 89 36 32 66 97 81 69 73 79 39 68 71 23 71 60 64 76 24 72 88 93 87 88 84 62 70 80 80 44 37 50 42 77 97 97 47 80 33 79 82 16 65 49 97 81 61 88 10 32 83 85 24 25 63 81 60 34 57 62 44 61 49 20 88 10 86 46 28 87 56 45 79 53 63 26 96 69 81 53 24 83 53 80 38
45 86 93 45 19 68 58 43 27 33 15 89 81 41 87 53 81 34 89 49 12 33 83 39 83 27 26 55 63 41 48 26 94 52 37 32 48 29 73 78 52 25 75 42 17 77 23 34 15 42 30 59 77 0 95 65 10 68 35 58 35 40 25 46 92 45 58 90 61 49 84 70 81 63 17 39 89 74 39 74 70 27 96 54 33 68 90 74 59 94 91 42 54 35 66 51 17 25 61 88 42 33 28 63 69 79 96 63 52 54 28 37 46 20 58 43 54 49 31 49 55 71 37 42 56 49 65 19 83 45 42 86 22 77 92 17 54 71 85 10
78 23 83 92 45 38 44 16 44 70 28 69 41 20 66 26 44 38 84 30 91 75 35 37 26 40 83 35 24 62 13 49 92 33 27 21 54 11 56 11 83 41 53 85 13 10 74 74 95 78 35 12 59 95 0 63 73 37 91 31 40 80 26 81 19 48 85 78 23 73 19 75 53 85 92 78 93 45 67 88 73 68 20 95 83 26 54 55 68 80 92 22 26 89 64 20 38 80 12 50 54 21 10 36 21 57 49 41 73 22 17 38 43 76 87 57 33 51 94 93 91 43 12 40 40 62 79 25 18 28 26 73 39 25 64 23 85 85 90 70
43 33 60 13 42 62 67 12 77 76 52 35 56 37 31 47 83 78 43 70 23 63 72 61 73 90 35 58 30 58 70 42 86 92 17 99 18 65 89 58 93 84 56 86 97 93 46 76 77 49 58 96 66 65 63 0 54 17 49 81 21 81 18 58 51 42 38 80 50 21 78 60 18 62 54 67 75 59 23 43 50 86 66 87 23 25 78 26 36 41 94 34 71 92 70 73 92 54 19 38 88 40 32 63 20 95 27 55 87 43 25 16 32 90 53 21 28 81 40 89 38 72 81 80 69 47 80 55 16 55 35 68 48 31 45 76 49 25 45 98
20 40 29 44 32 79 88 72 62 20 95 21 76 37 22 14 87 19 99 72 19 14 46 98 33 79 98 18 88 76 54 58 20 82 20 41 83 17 42 55 45 44 33 22 24 72 29 34 98 38 74 10 89 10 73 54 0 91 79 74 46 64 98 26 74 29 20 22 72 92 73 58 66 80 64 38 89 90 89 60 82 78 52 74 61 18 77 15 40 49 84 73 48 97 47 28 67 11 98 70 85 61 45 16 52 82 59 37 11 62 49 94 99 38 34 59 89 51 44 46 24 26 92 64 91 60 85 60 75 85 80 27 69 61 21 95 12 62 36 71
20 75 98 62 26 86 51 78 43 30 45 16 29 87 16 14 75 38 30 83 42 26 31 81 33 70 33 47 36 88 84 59 51 23 35 22 70 37 97 51 61 20 28 10 90 75 70 95 23 76 16 17 36 68 37 17 91 0 21 23 64 73 66 99 46 80 60 57 26 60 52 67 85 72 75 30 98 94 41 26 93 72 29 98 41 81 65 81 58 32 92 99 89 77 94 95 24 95 91 83 33 83 70 61 22 35 65 71 42 35 41 72 50 51 18 76 96 71 10 59 90 36 82 78 69 71 24 40 96 47 93 49 99 20 30 28 75 85 63 35
51 92 44 41 15 41 22 98 71 55 38 41 86 28 98 94 17 29 11 80 65 93 78 47 36 12 33 72 70 82 48 85 33 43 99 12 33 49 12 83 79 40 24 80 83 22 22 24 23 48 76 97 32 35 91 49 79 21 0 85 13 38 32 20 23 29 12 74 46 62 34 73 60 44 47 79 54 35 76 32 32 62 35 12 81 64 67 74 35 79 59 79 87 85 64 26 88 23 77 75 32 51 87 90 29 97 12 66 75 49 54 12 96 68 71 25 22 85 36 63 24 47 34 27 79 94 34 74 90 92 27 55 13 19 38 35 38 52 51 93
14 46 46 64 45 96 16 47 63 77 75 58 59 37 68 52 95 16 71 63 45 99 99 43 80 33 48 31 70 93 20 89 85 89 83 37 85 40 30 35 30 36 47 83 89 10 70 30 78 28 48 78 66 58 31 81 74 23 85 0 93 84 22 27 25 77 89 83 31 21 32 99 23 51 67 75 26 59 81 82 67 35 62 29 54 72 89 67 24 74 70 77 81 82 25 85 85 96 22 70 20 28 54 58 36 20 74 78 44 54 42 35 61 86 50 45 94 85 42 53 68 72 82 11 40 81 68 69 20 79 90 16 25 71 18 55 60 54 65 77
59 50 75 33 43 23 34 42 64 27 99 86 57 22 43 88 36 47 86 15 78 64 76 46 62 29 85 25 64 27 10 95 28 77 51 37 40 49 56 66 90 15 60 33 15 50 62 89 58 72 95 46 97 35 40 21 46 64 13 93 0 57 71 85 83 97 20 65 47 68 68 73 54 29 44 24 95 42 63 11 63 11 68 29 11 49 49 86 47 25 67 46 43 27 42 76 28 52 73 95 63 47 59 32 20 13 51 63 89 99 28 62 36 28 48 56 58 18 31 47 56 18 56 93 61 18 44 82 12 68 71 28 97 99 29 33 69 26 33 85
18 12 97 14 94 44 59 88 45 83 88 68 75 54 53 58 37 54 85 99 32 53 71 35 25 39 64 97 75 97 43 53 45 31 71 84 32 66 57 33 95 24 36 74 72 51 89 64 38 82 66 22 81 40 80 81 64 73 38 84 57 0 55 22 96 85 59 56 55 11 91 39 34 93 10 90 35 35 60 83 74 16 94 54 47 93 12 98 30 20 91 75 30 69 23 51 15 16 52 87 71 55 56 96 59 80 46 99 93 19 39 15 57 21 95 79 19 40 84 31 70 53 94 82 89 88 96 91 41 40 78 66 58 22 61 81 78 42 78 91
90 13 73 56 77 23 89 54 13 61 32 70 22 82 37 31 42 10 81 11 31 94 57 27 97 51 31 62 21 80 79 95 91 72 90 29 58 72 84 36 72 39 80 67 31 73 15 78 18 60 55 61 69 25 26 18 98 66 32 22 71 55 0 52 82 88 19 92 24 19 23 95 37 89 26 44 32 23 57 64 96 83 49 81 76 63 39 90 51 23 33 80 70 82 22 38 45 68 89 87 33 46 91 18 94 33 39 96 69 97 97 83 89 43 25 36 31 46 84 25 74 65 70 11 47 22 83 85 62 20 34 68 46 13 49 81 29 95 29 11
15 19 86 76 90 11 79 54 28 26 95 15 40 23 41 52 22 23 64 41 20 36 92 17 53 33 93 53 63 60 55 83 60 53 46 19 77 62 54 32 16 47 26 70 31 58 74 69 60 92 31 69 73 46 81 58 26 99 20 27 85 22 52 0 27 67 52 35 11 34 42 30 32 11 36 61 80 29 64 63 61 81 39 15 24 96 33 53 50 10 62 90 27 95 75 53 49 46 40 99 25 35 24 24 69 26 99 74 57 85 95 33 91 74 94 63 42 80 90 52 46 21 79 48 37 33 76 10 41 93 52 59 34 69 78 59 81 80 12 29
27 50 71 47 97 10 75 95 15 53 73 41 45 87 51 90 66 40 65 90 80 23 48 19 46 93 59 77 80 19 82 45 59 29 34 38 29 10 92 49 90 13 64 21 49 87 64 79 85 16 55 23 79 92 19 51 74 46 23 25 83 96 82 27 0 65 19 50 23 49 51 19 61 52 37 15 97 31 24 44 49 65 78 20 67 61 41 34 88 11 29 17 99 32 57 43 12 18 61 11 80 20 83 68 70 56 56 80 78 15 73 52 16 57 12 22 49 24 30 20 66 71 13 19 12 10 77 98 64 41 66 89 83 59 80 43 62 21 41 89
37 84 60 19 81 39 44 29 25 40 73 90 60 72 56 13 96 18 16 64 84 20 77 89 57 91 66 26 35 78 61 33 12 47 18 59 77 13 40 99 20 74 75 69 15 84 24 96 72 80 45 39 39 45 48 42 29 80 29 77 97 85 88 67 65 0 61 14 41 16 67 58 57 20 31 89 46 64 15 79 36 54 11 88 39 48 86 10 86 92 99 22 70 18 32 81 87 32 31 49 98 91 19 23 82 25 54 29 86 51 80 81 77 94 45 45 49 25 32 83 22 22 63 64 86 91 38 10 23 49 55 66 11 46 23 55 56 57 45 90
87 48 81 59 39 46 63 28 17 28 81 68 34 61 84 29 92 47 19 44 77 42 93 23 22 13 86 11 16 50 59 68 95 32 50 11 46 81 96 68 23 29 31 54 82 17 69 19 78 48 19 12 68 58 85 38 20 60 12 89 20 59 19 52 19 61 0 42 57 80 94 43 23 87 39 92 32 32 12 63 37 12 50 76 47 32 35 88 90 57 36 78 45 20 23 52 87 22 13 18 29 80 33 71 99 68 45 97 87 75 69 79 79 81 59 52 18 61 55 24 54 75 24 40 76 94 90 96 64 53 24 69 82 51 21 61 96 69 20 20
75 48 35 58 65 97 82 54 33 55 75 78 25 93 37 50 98 31 81 49 31 51 64 82 45 81 10 67 25 86 14 77 74 22 17 27 47 49 89 24 39 12 79 73 47 62 97 12 76 38 44 84 71 90 78 80 22 57 74 83 65 56 92 35 50 14 42 0 90 88 17 33 38 20 33 55 54 88 86 40 44 12 83 46 34 43 76 54 47 22 82 78 48 60 40 54 62 34 13 96 97 56 29 58 16 35 37 79 40 89 11 17 62 54 11 38 40 83 77 86 16 14 61 30 82 37 20 34 53 10 83 92 33 13 17 84 59 16 44 94
18 54 37 89 67 50 29 57 47 97 95 16 26 38 22 27 93 24 46 18 83 53 71 79 70 26 45 24 93 54 25 11 18 91 40 48 15 77 68 97 60 50 80 27 99 75 48 40 68 39 61 44 23 61 23 50 72 26 46 31 47 55 24 11 23 41 57 90 0 15 82 36 54 26 60 26 72 86 19 56 73 79 26 23 71 29 61 13 56 15 84 44 43 20 79 16 20 89 85 79 13 90 62 66 13 49 71 97 59 84 14 51 62 57 10 91 36 60 49 43 38 96 30 77 47 23 68 52 56 35 38 58 87 46 31 55 64 70 14 42
26 43 15 49 13 92 74 99 10 85 10 93 71 53 36 38 51 70 65 53 43 98 94 62 94 72 91 98 60 54 65 11 97 30 19 65 53 22 31 73 74 16 69 47 22 58 87 96 99 35 31 33 71 49 73 21 92 60 62 21 68 11 19 34 49 16 80 88 15 0 98 50 62 94 11 21 39 87 93 13 54 76 57 15 83 92 96 89 80 21 71 27 18 79 60 27 32 50 25 57 18 77 67 82 92 43 48 27 51 71 33 23 29 86 10 67 35 46 79 76 73 49 94 72 13 98 56 16 88 50 12 60 28 69 61 24 59 77 51 68
90 29 89 97 47 74 28 54 49 41 25 19 86 77 86 89 73 72 24 78 52 16 51 68 65 44 88 42 64 20 80 67 38 45 94 67 83 48 65 77 60 87 20 40 77 51 85 25 21 38 99 66 60 84 19 78 73 52 34 32 68 91 23 42 51 67 94 17 82 98 0 13 49 78 46 60 30 97 65 51 32 29 16 30 48 70 59 85 88 99 44 58 15 21 22 51 22 15 42 64 65 42 39 11 56 50 71 66 27 85 67 60 35 44 78 74 93 73 98 57 95 98 80 55 95 91 11 74 48 24 57 10 13 28 10 44 15 12 77 85
11 93 15 71 67 81 43 18 79 75 39 90 48 50 47 26 14 37 38 86 75 23 48 89 83 61 41 52 48 41 91 58 19 45 12 84 36 26 80 72 69 86 66 17 46 78 71 86 67 18 75 58 64 70 75 60 58 67 73 99 73 39 95 30 19 58 43 33 36 50 13 0 88 17 99 24 51 15 75 91 36 15 42 36 10 74 71 52 51 80 25 46 61 28 98 53 59 78 97 96 33 75 60 45 28 59 67 34 21 87 34 50 46 71 73 60 68 75 94 82 49 63 72 89 58 24 12 59 14 25 57 90 71 96 80 70 78 37 66 32
75 33 24 41 69 44 37 88 24 14 89 65 85 56 63 65 79 49 87 58 38 99 50 83 98 53 78 51 13 44 42 82 21 88 81 77 24 37 83 25 10 66 67 82 21 25 61 35 52 34 20 28 76 81 53 18 66 85 60 23 54 34 37 32 61 57 23 38 54 62 49 88 0 15 74 73 80 18 37 62 85 15 97 12 56 57 58 87 33 25 75 51 83 45 96 97 39 55 80 72 14 68 57 10 11 28 90 84 26 43 45 58 38 31 78 59 26 73 63 28 99 74 50 57 19 22 97 74 70 62 27 80 78 68 40 80 85 48 17 20
30 65 67 55 70 75 55 66 76 11 40 61 56 12 88 73 75 36 66 27 83 74 86 86 68 38 28 76 45 79 23 73 83 23 64 80 10 42 83 48 86 44 76 60 49 35 65 57 94 15 30 31 24 63 85 62 80 72 44 51 29 93 89 11 52 20 87 20 26 94 78 17 15 0 38 87 89 87 57 85 85 30 70 16 51 61 16 12 52 82 38 11 35 98 66 68 62 40 68 62 35 68 94 92 93 16 65 77 13 88 36 61 47 22 63 36 39 97 18 12 11 50 44 24 58 98 45 91 75 45 38 89 88 92 41 99 89 10 64 11
30 83 15 40 54 68 91 38 32 27 76 11 17 34 55 40 54 97 48 61 93 11 91 82 10 34 78 69 66 21 85 94 85 12 65 20 56 24 21 48 60 58 78 38 69 92 78 87 48 38 36 39 72 17 92 54 64 75 47 67 44 10 26 36 37 31 39 33 60 11 46 99 74 38 0 36 42 57 60 19 98 14 16 75 10 70 76 91 63 95 45 94 84 89 11 80 21 76 54 14 29 11 28 18 69 65 67 97 59 91 57 60 17 82 87 63 22 14 73 83 92 51 28 21 14 20 87 10 36 22 30 54 10 19 37 17 62 19 70 73
33 69 58 89 23 32 48 46 91 24 31 97 17 90 62 99 26 24 48 15 41 33 53 55 17 93 10 14 13 67 71 66 80 73 31 56 37 64 59 83 53 44 75 76 79 20 89 62 71 57 35 59 88 39 78 67 38 30 79 75 24 90 44 61 15 89 92 55 26 21 60 24 73 87 36 0 17 92 40 32 42 13 42 47 17 79 84 21 11 26 28 33 30 39 32 51 31 54 64 26 92 18 32 62 34 58 68 45 89 40 31 34 87 62 37 81 19 60 32 16 97 39 25 22 53 78 84 38 68 99 89 15 11 46 14 45 44 48 65 88
23 96 28 40 69 66 10 81 77 50 44 16 20 36 50 94 67 41 49 23 29 28 38 48 76 91 61 45 78 85 71 55 66 20 50 18 52 94 72 18 41 86 14 67 45 97 58 58 63 30 34 98 93 89 93 75 89 98 54 26 95 35 32 80 97 46 32 54 72 39 30 51 80 89 42 17 0 24 16 39 31 47 84 75 48 77 26 37 55 22 82 64 64 92 78 23 61 13 35 10 81 17 85 73 56 87 45 24 17 82 75 70 16 44 58 96 24 39 92 95 71 64 22 27 71 77 91 82 67 48 10 49 88 91 45 13 80 47 16 72
89 23 96 94 98 25 51 23 49 75 57 49 72 55 68 65 85 55 26 13 96 83 77 66 32 96 19 22 87 28 76 55 10 11 19 61 65 55 57 62 78 12 49 12 14 25 30 38 30 61 17 84 87 74 45 59 90 94 35 59 42 35 23 29 31 64 32 88 86 87 97 15 18 87 57 92 24 0 14 50 30 92 56 23 40 24 58 37 90 47 80 58 61 15 82 42 31 96 72 40 22 10 69 56 87 85 55 42 83 31 50 15 87 89 91 58 16 19 58 14 82 50 56 15 51 81 45 70 87 11 57 55 23 96 68 84 98 41 62 38
69 93 39 44 94 74 46 78 29 71 18 88 94 22 50 99 98 54 42 43 26 59 19 87 99 94 61 78 23 78 64 14 66 73 69 23 54 95 90 56 49 93 73 89 29 43 39 87 87 93 29 42 88 39 67 23 89 41 76 81 63 60 57 64 24 15 12 86 19 93 65 75 37 57 60 40 16 14 0 20 10 69 86 38 13 53 29 98 84 58 11 73 92 81 67 94 65 26 57 44 95 49 22 57 31 25 20 82 59 67 42 47 66 77 82 29 57 36 54 30 41 70 81 18 34 55 97 87 45 17 73 87 81 19 77 12 15 23 65 97
41 27 87 16 16 94 57 96 79 92 15 59 24 24 64 18 84 54 22 39 15 40 38 58 12 99 24 21 43 43 21 58 24 16 32 75 35 42 73 94 40 60 89 80 82 96 23 95 26 63 95 96 84 74 88 43 60 26 32 82 11 83 64 63 44 79 63 40 56 13 51 91 62 85 19 32 39 50 20 0 65 65 46 74 16 57 96 19 50 18 81 65 10 27 67 31 79 47 68 13 98 73 62 87 17 58 19 40 93 38 87 44 55 42 87 96 44 70 59 61 74 46 90 62 28 27 75 41 31 72 62 83 54 18 53 19 81 78 29 44
34 23 71 87 94 36 54 56 44 60 69 58 84 37 89 96 28 95 67 19 85 11 44 56 66 32 44 72 83 52 41 76 18 93 54 23 77 75 56 44 47 22 36 97 28 72 74 22 90 78 77 16 62 70 73 50 82 93 32 67 63 74 96 61 49 36 37 44 73 54 32 36 85 85 98 42 31 30 10 65 0 81 16 97 93 49 28 90 20 77 85 21 75 73 26 31 37 38 38 48 29 84 52 36 37 13 45 35 19 68 17 71 98 18 40 77 75 73 74 17 85 48 84 10 75 73 91 65 86 92 47 68 16 16 56 43 20 75 20 73
42 23 27 48 25 16 91 91 86 77 56 28 57 53 25 35 66 18 27 26 39 26 54 98 71 98 20 18 31 89 88 82 51 75 63 63 98 66 88 92 50 63 63 26 36 61 89 45 78 29 13 42 70 27 68 86 78 72 62 35 11 16 83 81 65 54 12 12 79 76 29 15 15 30 14 13 47 92 69 65 81 0 16 80 73 22 82 52 99 33 53 95 67 70 59 94 16 78 27 59 40 66 29 34 47 51 12 32 99 22 72 26 51 13 80 62 16 34 63 68 92 52 88 86 53 16 25 76 68 66 63 75 22 14 68 33 80 84 24 39
81 91 54 19 21 86 37 56 34 24 67 38 86 44 20 33 67 96 45 27 53 80 84 38 52 30 93 94 16 86 67 17 99 34 85 15 34 87 43 14 89 61 59 21 67 84 64 71 13 13 60 59 80 96 20 66 52 29 35 62 68 94 49 39 78 11 50 83 26 57 16 42 97 70 16 42 84 56 86 46 16 16 0 66 68 72 42 25 79 88 46 91 30 25 56 45 86 11 61 15 12 57 63 77 34 62 62 90 74 79 97 80 79 26 76 87 40 60 82 10 38 93 90 92 41 47 51 86 57 46 38 85 56 53 47 19 85 50 45 53
93 33 73 39 85 98 81 40 34 65 68 67 50 45 42 13 74 63 66 22 76 71 17 11 61 84 20 95 84 75 78 34 34 32 10 84 70 43 50 81 92 42 91 10 14 58 99 12 65 48 60 90 80 54 95 87 74 98 12 29 29 54 81 15 20 88 76 46 23 15 30 36 12 16 75 47 75 23 38 74 97 80 66 0 52 24 88 46 70 61 29 21 39 24 52 60 21 31 70 92 30 87 35 74 48 67 81 30 45 24 86 80 75 74 16 46 31 74 89 87 17 78 47 54 44 60 87 72 62 98 94 19 52 76 42 11 63 32 98 43
87 30 50 28 52 15 13 66 14 34 40 50 58 62 23 52 18 57 75 30 64 15 26 78 19 78 42 39 24 48 35 59 31 15 47 28 36 89 86 35 73 49 38 94 83 32 93 64 59 89 82 66 44 33 83 23 61 41 81 54 11 47 76 24 67 39 47 34 71 83 48 10 56 51 10 17 48 40 13 16 93 73 68 52 0 45 91 89 26 86 46 30 11 52 52 32 11 53 58 95 84 54 90 99 58 64 36 18 75 40 87 62 79 22 58 43 73 49 93 19 64 20 73 21 73 25 77 74 20 34 75 52 86 58 88 69 96 32 58 11
19 76 82 82 85 36 59 29 34 91 30 31 47 77 71 44 74 25 74 54 93 10 99 56 49 21 85 93 76 29 92 23 94 92 49 77 72 46 52 15 27 11 67 67 32 56 63 35 29 97 96 27 37 68 26 25 18 81 64 72 49 93 63 96 61 48 32 43 29 92 70 74 57 61 70 79 77 24 53 57 49 22 72 24 45 0 36 42 75 13 11 20 34 98 65 20 19 96 11 87 93 98 37 53 63 73 70 79 79 96 27 12 10 64 27 32 30 79 21 38 53 98 87 76 14 19 72 91 74 86 91 95 26 68 84 11 42 16 59 15
46 13 25 34 60 37 65 93 77 76 45 42 52 37 24 22 94 13 87 96 46 84 15 47 82 51 75 67 28 32 82 43 22 59 69 21 13 62 20 65 71 65 82 86 26 48 58 78 77 56 36 49 50 90 54 78 77 65 67 89 49 12 39 33 41 86 35 76 61 96 59 71 58 16 76 84 26 58 29 96 28 82 42 88 91 36 0 92 17 47 48 34 53 59 22 67 26 68 88 93 17 84 28 64 50 38 42 32 51 81 12 60 11 54 33 13 42 54 94 64 27 33 51 35 88 74 24 51 66 29 18 53 10 78 48 45 78 13 13 25
79 46 63 56 33 83 17 25 84 63 34 69 12 96 85 51 88 38 49 10 63 65 48 18 54 54 66 92 31 36 50 44 99 81 34 75 29 28 22 19 50 78 77 77 44 51 70 14 68 62 73 28 42 74 55 26 15 81 74 67 86 98 90 53 34 10 88 54 13 89 85 52 87 12 91 21 37 37 98 19 90 52 25 46 89 42 92 0 71 89 22 20 81 34 29 64 77 20 61 71 74 72 13 22 87 40 23 53 11 85 29 31 93 85 85 11 13 17 93 59 16 90 15 78 89 57 28 53 12 92 66 46 33 74 15 40 70 47 11 61
28 88 59 77 56 58 53 64 41 76 46 65 87 43 56 46 29 92 42 18 16 79 13 28 82 41 77 65 60 84 11 84 28 48 91 24 77 11 90 39 65 91 96 39 66 65 43 94 86 50 38 28 77 59 68 36 40 58 35 24 47 30 51 50 88 86 90 47 56 80 88 51 33 52 63 11 55 90 84 50 20 99 79 70 26 75 17 71 0 14 11 52 97 27 70 48 16 55 49 97 96 82 18 55 58 56 25 65 79 35 24 35 10 80 10 27 89 57 52 67 16 79 72 32 57 93 33 74 76 62 76 55 55 75 38 20 42 28 98 93
96 13 77 67 76 72 40 92 54 64 91 44 61 21 70 40 64 98 71 33 16 31 59 11 84 92 22 60 10 28 61 21 16 22 12 21 93 25 37 69 34 67 67 33 36 77 99 46 95 86 43 85 97 94 80 41 49 32 79 74 25 20 23 10 11 92 57 22 15 21 99 80 25 82 95 26 22 47 58 18 77 33 88 61 86 13 47 89 14 0 27 56 17 88 43 57 22 76 87 70 58 67 99 56 30 64 21 34 60 81 43 90 46 70 87 33 10 31 12 43 12 71 10 43 88 61 13 67 10 55 10 31 56 54 54 52 43 84 90 27
30 28 51 74 68 85 47 17 72 44 65 82 31 24 43 71 68 51 80 72 74 25 86 75 82 69 30 86 83 45 15 25 42 62 26 99 64 75 47 85 24 32 30 71 80 74 59 92 80 74 98 65 97 91 92 94 84 92 59 70 67 91 33 62 29 99 36 82 84 71 44 25 75 38 45 28 82 80 11 81 85 53 46 29 46 11 48 22 11 27 0 96 44 58 86 84 45 84 64 31 47 28 78 10 26 23 43 23 95 83 42 54 38 10 76 91 33 46 38 62 18 38 22 76 24 82 87 12 45 73 67 71 33 10 91 49 98 38 78 13
52 41 19 13 88 69 50 55 39 72 14 96 96 87 23 59 20 62 56 10 85 74 70 15 10 64 37 14 92 93 32 99 61 23 94 64 97 65 19 12 29 91 99 71 29 12 15 46 22 42 26 66 47 42 22 34 73 99 79 77 46 75 80 90 17 22 78 78 44 27 58 46 51 11 94 33 64 58 73 65 21 95 91 21 30 20 34 20 52 56 96 0 83 29 25 55 40 19 24 47 90 29 20 47 23 10 19 20 28 62 92 47 64 49 10 49 62 46 78 87 17 14 75 45 67 45 44 90 68 46 57 72 55 99 67 45 12 23 73 48
28 43 98 75 74 81 50 49 60 80 98 45 35 41 55 60 70 42 35 72 33 60 26 30 56 49 28 99 35 56 91 48 83 55 13 19 47 10 31 98 52 55 21 24 26 59 34 26 67 23 34 25 80 54 26 71 48 89 87 81 43 30 70 27 99 70 45 48 43 18 15 61 83 35 84 30 64 61 92 10 75 67 30 39 11 34 53 81 97 17 44 83 0 21 26 45 64 96 54 13 26 99 27 99 64 85 21 72 47 50 23 91 65 47 38 99 67 74 89 18 34 77 72 79 49 47 67 29 13 45 87 71 30 62 47 12 93 90 42 73
56 68 36 75 52 46 37 27 73 78 25 60 89 71 37 23 37 47 88 83 68 18 97 12 18 23 95 72 25 12 35 72 69 11 50 83 34 63 36 11 87 40 77 19 85 51 69 32 47 56 11 32 33 35 89 92 97 77 85 82 27 69 82 95 32 18 20 60 20 79 21 28 45 98 89 39 92 15 81 27 73 70 25 24 52 98 59 34 27 88 58 29 21 0 58 97 19 92 71 98 98 52 64 14 60 68 17 22 48 96 61 80 81 72 22 35 67 23 35 22 38 19 34 41 13 27 59 56 93 45 16 68 42 57 78 26 21 79 59 82
19 80 77 14 40 10 26 40 66 97 15 73 28 22 14 79 49 35 28 63 18 14 89 18 70 84 59 81 93 96 72 62 45 53 56 30 16 48 54 69 18 39 72 52 98 32 11 40 55 67 60 31 79 66 64 70 47 94 64 25 42 23 22 75 57 32 23 40 79 60 22 98 96 66 11 32 78 82 67 67 26 59 56 52 52 65 22 29 70 43 86 25 26 58 0 54 86 97 30 29 15 94 13 18 89 78 72 37 36 28 28 39 22 30 47 70 75 96 42 95 89 99 50 19 19 34 59 95 77 91 10 96 60 47 77 67 40 41 26 41
53 88 70 18 24 11 20 54 22 26 54 16 61 87 93 67 94 12 75 48 82 68 22 26 44 42 63 38 98 28 53 66 31 57 49 51 53 25 97 67 68 85 76 36 33 58 69 23 99 75 37 73 82 51 20 73 28 95 26 85 76 51 38 53 43 81 52 54 16 27 51 53 97 68 80 51 23 42 94 31 31 94 45 60 32 20 67 64 48 57 84 55 45 97 54 0 57 29 73 67 43 13 92 98 90 51 17 91 32 38 19 50 17 53 48 11 24 40 21 21 42 80 93 13 65 45 75 28 79 91 44 95 30 10 71 33 87 41 34 73
43 37 99 58 23 58 67 67 17 75 26 69 96 62 58 82 89 25 66 45 52 39 32 18 99 44 50 24 86 27 13 83 52 20 35 94 70 25 98 54 69 24 98 47 98 92 26 67 60 37 89 20 16 17 38 92 67 24 88 85 28 15 45 49 12 87 87 62 20 32 22 59 39 62 21 31 61 31 65 79 37 16 86 21 11 19 26 77 16 22 45 40 64 19 86 57 0 49 29 74 26 92 31 97 65 93 17 71 46 75 78 27 45 40 67 35 97 68 83 12 56 29 73 56 66 43 22 72 12 54 34 93 61 50 74 28 50 37 10 59
50 32 49 91 42 98 67 23 87 30 47 31 88 35 83 30 61 69 87 98 75 21 55 65 42 68 10 68 40 44 65 69 41 15 11 61 55 50 96 82 37 62 51 63 30 93 70 77 82 34 76 17 65 25 80 54 11 95 23 96 52 16 68 46 18 32 22 34 89 50 15 78 55 40 76 54 13 96 26 47 38 78 11 31 53 96 68 20 55 76 84 19 96 92 97 29 49 0 46 83 43 73 65 59 37 85 17 77 70 90 69 71 37 96 58 72 79 77 62 84 50 98 18 74 25 20 10 42 62 56 70 78 37 99 32 57 89 56 73 27
86 40 69 68 33 88 81 31 13 92 95 77 80 74 51 15 63 10 19 70 12 86 44 10 58 82 58 14 59 28 16 58 17 62 42 71 41 35 16 64 41 87 91 71 33 40 22 83 50 70 30 17 49 61 12 19 98 91 77 22 73 52 89 40 61 31 13 13 85 25 42 97 80 68 54 64 35 72 57 68 38 27 61 70 58 11 88 61 49 87 64 24 54 71 30 73 29 46 0 27 33 54 44 13 15 31 82 88 54 96 98 27 86 88 17 12 45 52 63 42 99 15 95 36 20 33 63 37 49 26 94 56 59 97 90 84 58 54 82 39
94 81 90 71 94 55 74 13 27 91 54 33 72 74 46 91 33 77 11 80 67 15 31 90 18 73 80 87 89 42 70 61 26 97 99 55 72 45 31 18 11 15 60 70 37 98 90 86 57 77 44 17 97 88 50 38 70 83 75 70 95 87 87 99 11 49 18 96 79 57 64 96 72 62 14 26 10 40 44 13 48 59 15 92 95 87 93 71 97 70 31 47 13 98 29 67 74 83 27 0 19 55 43 44 50 76 69 36 37 43 54 67 95 48 58 55 18 24 84 90 56 20 61 79 38 83 33 65 52 30 21 40 42 15 50 13 38 47 45 87
86 51 81 88 91 86 69 34 57 59 73 67 93 37 55 68 47 43 98 99 14 59 12 87 34 58 49 21 67 83 34 42 16 94 64 10 26 49 83 54 61 75 67 66 72 25 54 74 85 30 34 49 81 42 54 88 85 33 32 20 63 71 33 25 80 98 29 97 13 18 65 33 14 35 29 92 81 22 95 98 29 40 12 30 84 93 17 74 96 58 47 90 26 98 15 43 26 43 33 19 0 29 56 29 74 83 64 27 10 89 37 48 37 96 59 20 39 20 16 38 69 82 22 10 76 37 45 94 61 72 54 94 12 75 56 74 77 86 11 43
21 56 59 19 34 62 12 38 73 81 55 25 28 48 55 49 90 86 61 85 18 86 60 19 12 93 13 71 46 55 83 83 65 27 82 62 33 53 91 93 13 98 24 38 42 43 56 47 71 98 43 19 61 33 21 40 61 83 51 28 47 55 46 35 20 91 80 56 90 77 42 75 68 68 11 18 17 10 49 73 84 66 57 87 54 98 84 72 82 67 28 29 99 52 94 13 92 73 54 55 29 0 17 21 34 95 12 24 86 37 33 69 68 22 90 71 15 20 33 27 15 58 44 52 14 18 54 22 95 22 67 40 70 42 21 82 29 47 87 57
87 94 76 77 82 10 68 17 42 36 83 48 55 24 70 83 25 79 21 38 18 56 28 44 23 55 66 98 95 30 78 18 14 21 45 39 53 97 75 77 18 91 28 13 55 48 21 86 72 27 68 47 88 28 10 32 45 70 87 54 59 56 91 24 83 19 33 29 62 67 39 60 57 94 28 32 85 69 22 62 52 29 63 35 90 37 28 13 18 99 78 20 27 64 13 92 31 65 44 43 56 17 0 82 44 68 89 37 18 79 30 35 64 40 62 75 97 10 54 19 98 23 62 51 35 15 19 39 89 18 33 84 69 95 70 14 36 70 66 60
98 15 72 43 76 42 11 92 76 65 78 68 27 14 11 74 22 55 80 55 59 25 45 85 47 66 34 57 82 40 52 65 35 47 64 20 31 44 86 42 66 40 88 59 29 45 54 50 99 75 10 22 10 63 36 63 16 61 90 58 32 96 18 24 68 23 71 58 66 82 11 45 10 92 18 62 73 56 57 87 36 34 77 74 99 53 64 22 55 56 10 47 99 14 18 98 97 59 13 44 29 21 82 0 74 35 54 62 79 44 38 82 52 83 53 57 19 24 24 27 94 96 76 18 59 39 11 83 71 80 96 43 70 35 75 51 89 65 32 62
68 96 81 25 51 67 42 47 61 21 32 13 54 54 93 40 81 93 85 37 60 97 75 33 63 79 85 87 59 82 67 62 13 95 89 63 54 36 51 75 11 18 63 90 58 59 30 65 86 37 78 98 32 69 21 20 52 22 29 36 20 59 94 69 70 82 99 16 13 92 56 28 11 93 69 34 56 87 31 17 37 47 34 48 58 63 50 87 58 30 26 23 64 60 89 90 65 37 15 50 74 34 44 74 0 53 32 61 11 79 55 74 60 25 43 80 98 80 44 84 46 89 35 48 64 92 38 22 79 70 86 52 38 42 50 22 46 84 78 70
95 85 20 42 66 44 63 58 93 93 99 86 35 74 98 92 61 78 91 71 95 18 11 52 87 17 12 23 65 58 86 93 39 66 65 72 43 81 87 14 28 25 76 43 69 99 81 78 13 34 50 89 83 79 57 95 82 35 97 20 13 80 33 26 56 25 68 35 49 43 50 59 28 16 65 58 87 85 25 58 13 51 62 67 64 73 38 40 56 64 23 10 85 68 78 51 93 85 31 76 83 95 68 35 53 0 27 36 71 82 77 15 59 61 66 96 71 88 92 16 57 68 97 99 82 16 98 81 57 57 53 11 56 72 71 31 44 53 46 51
34 11 16 73 70 53 52 11 63 26 30 36 43 24 77 12 48 51 43 57 25 26 37 72 41 53 24 53 73 30 33 75 23 44 28 87 85 46 39 85 54 12 21 33 99 10 45 82 46 78 98 90 85 96 49 27 59 65 12 74 51 46 39 99 56 54 45 37 71 48 71 67 90 65 67 68 45 55 20 19 45 12 62 81 36 70 42 23 25 21 43 19 21 17 72 17 17 17 82 69 64 12 89 54 32 27 0 14 71 52 56 62 90 19 71 88 70 60 49 63 48 45 80 95 82 75 17 52 24 50 57 77 63 86 53 28 53 80 29 32
83 24 35 49 43 28 36 29 21 32 63 70 31 98 94 60 38 28 72 97 19 53 51 70 73 45 46 64 42 80 44 46 56 76 25 40 58 99 85 52 70 32 68 30 92 71 55 16 34 50 95 10 24 63 41 55 37 71 66 78 63 99 96 74 80 29 97 79 97 27 66 34 84 77 97 45 24 42 82 40 35 32 90 30 18 79 32 53 65 34 23 20 72 22 37 91 71 77 88 36 27 24 37 62 61 36 14 0 61 76 29 91 65 49 35 67 81 71 13 88 66 94 14 95 41 59 38 29 35 30 23 11 34 80 24 62 85 33 68 98
51 85 83 66 90 78 70 23 24 40 20 35 84 47 96 16 27 20 22 70 68 16 43 31 28 73 93 27 28 59 99 65 70 27 40 74 46 15 49 96 48 41 81 24 39 54 51 98 26 36 26 82 25 52 73 87 11 42 75 44 89 93 69 57 78 86 87 40 59 51 27 21 26 13 59 89 17 83 59 93 19 99 74 45 75 79 51 11 79 60 95 28 47 48 36 32 46 70 54 37 10 86 18 79 11 71 71 61 0 72 82 49 31 76 23 35 24 58 94 62 45 44 91 62 21 79 54 87 83 77 82 20 80 70 58 84 29 49 77 70
81 37 65 53 86 52 60 71 35 96 39 25 16 94 43 60 70 74 86 98 12 78 39 89 30 88 39 42 52 35 43 68 38 61 74 83 34 91 91 24 52 22 23 95 82 42 72 26 76 40 98 96 63 54 22 43 62 35 49 54 99 19 97 85 15 51 75 89 84 71 85 87 43 88 91 40 82 31 67 38 68 22 79 24 40 96 81 85 35 81 83 62 50 96 28 38 75 90 96 43 89 37 79 44 79 82 52 76 72 0 78 57 70 36 45 49 19 50 92 28 69 96 97 96 46 73 29 44 67 22 74 41 73 46 45 76 74 70 75 59
39 14 56 97 30 34 44 64 98 37 72 74 27 72 25 62 72 82 18 95 35 75 33 28 60 55 61 66 53 76 50 10 82 87 41 21 33 32 39 36 88 46 53 71 71 70 72 50 14 12 78 68 81 28 17 25 49 41 54 42 28 39 97 95 73 80 69 11 14 33 67 34 45 36 57 31 75 50 42 87 17 72 97 86 87 27 12 29 24 43 42 92 23 61 28 19 78 69 98 54 37 33 30 38 55 77 56 29 82 78 0 60 44 17 23 97 33 90 88 12 50 47 83 43 32 38 27 43 44 26 32 84 49 39 31 38 65 90 63 15
16 91 22 92 56 11 81 95 41 52 58 39 99 33 82 95 44 79 22 17 58 87 31 99 86 78 51 58 71 67 77 35 90 30 56 79 20 64 54 10 47 13 62 24 38 44 44 74 24 22 22 45 60 37 38 16 94 72 12 35 62 15 83 33 52 81 79 17 51 23 60 50 58 61 60 34 70 15 47 44 71 26 80 80 62 12 60 31 35 90 54 47 91 80 39 50 27 71 27 67 48 69 35 82 74 15 62 91 49 57 60 0 21 95 81 44 82 32 81 42 98 65 93 47 54 12 68 35 16 31 15 82 95 53 68 11 82 70 33 88
56 15 25 63 29 32 38 84 19 97 46 18 32 53 26 63 88 45 52 46 89 38 75 25 15 63 83 43 70 12 19 81 78 80 86 37 95 94 33 29 23 91 22 12 26 28 14 33 89 92 45 68 34 46 43 32 99 50 96 61 36 57 89 91 16 77 79 62 62 29 35 46 38 47 17 87 16 87 66 55 98 51 79 75 79 10 11 93 10 46 38 64 65 81 22 17 45 37 86 95 37 68 64 52 60 59 90 65 31 70 44 21 0 25 26 51 30 37 96 83 36 43 86 34 33 40 54 92 21 70 57 35 44 40 45 98 56 46 82 61
53 22 33 47 88 86 42 33 67 62 58 84 71 32 37 66 84 24 20 45 73 83 64 11 81 69 96 51 81 94 42 28 49 81 70 52 53 77 86 61 66 53 55 66 81 16 63 53 62 31 26 13 57 20 76 90 38 51 68 86 28 21 43 74 57 94 81 54 57 86 44 71 31 22 82 62 44 89 77 42 18 13 26 74 22 64 54 85 80 70 10 49 47 72 30 53 40 96 88 48 96 22 40 83 25 61 19 49 76 36 17 95 25 0 14 30 23 37 12 16 69 60 21 53 51 75 24 45 48 47 43 24 87 58 42 89 87 54 60 78
71 54 75 55 54 40 36 90 88 20 87 83 92 57 67 61 67 36 52 89 53 94 16 34 51 70 88 31 54 37 68 63 30 57 83 59 11 58 44 97 89 70 26 29 41 31 19 97 31 87 28 80 62 58 87 53 34 18 71 50 48 95 25 94 12 45 59 11 10 10 78 73 78 63 87 37 58 91 82 87 40 80 76 16 58 27 33 85 10 87 76 10 38 22 47 48 67 58 17 58 59 90 62 53 43 66 71 35 23 45 23 81 26 14 0 48 92 35 22 76 10 87 20 62 10 45 94 66 33 45 13 72 83 12 27 16 32 15 45 49
66 10 87 30 25 90 60 70 17 13 25 41 89 37 36 78 19 10 17 91 61 69 64 38 58 58 64 95 13 74 50 47 55 73 27 80 50 47 37 37 63 97 66 50 88 25 78 96 45 44 78 32 44 43 57 21 59 76 25 45 56 79 36 63 22 45 52 38 91 67 74 60 59 36 63 81 96 58 29 96 77 62 87 46 43 32 13 11 27 33 91 49 99 35 70 11 35 72 12 55 20 71 75 57 80 96 88 67 35 49 97 44 51 30 48 0 99 96 80 30 38 41 54 62 25 52 68 96 43 45 80 64 14 96 41 58 57 90 33 57
17 73 72 51 88 11 43 84 94 60 56 13 88 37 58 84 72 97 26 59 58 68 70 42 71 17 50 16 97 22 50 51 82 96 90 22 19 39 64 41 13 19 82 92 72 67 57 95 73 40 99 82 61 54 33 28 89 96 22 94 58 19 31 42 49 49 18 40 36 35 93 68 26 39 22 19 24 16 57 44 75 16 40 31 73 30 42 13 89 10 33 62 67 67 75 24 97 79 45 18 39 15 97 19 98 71 70 81 24 19 33 82 30 23 92 99 0 46 31 10 16 34 66 42 26 14 90 88 13 68 49 80 96 46 96 56 17 22 79 74
50 54 23 56 17 88 37 55 16 89 83 25 91 64 93 71 34 33 44 16 66 66 38 86 32 74 74 79 80 89 82 78 88 38 87 63 17 36 53 97 35 70 27 80 77 46 71 82 65 48 30 24 49 49 51 81 51 71 85 85 18 40 46 80 24 25 61 83 60 46 73 75 73 97 14 60 39 19 36 70 73 34 60 74 49 79 54 17 57 31 46 46 74 23 96 40 68 77 52 24 20 20 10 24 80 88 60 71 58 50 90 32 37 37 35 96 46 0 38 63 54 50 16 74 50 45 87 73 85 11 98 77 98 43 44 58 35 10 43 83
26 73 75 13 63 11 75 25 93 67 58 63 14 23 39 47 35 81 16 46 51 10 40 10 59 90 94 90 68 19 58 43 70 57 16 26 95 28 80 53 80 38 43 10 48 78 31 97 92 69 81 73 20 31 94 40 44 10 36 42 31 84 84 90 30 32 55 77 49 79 98 94 63 18 73 32 92 58 54 59 74 63 82 89 93 21 94 93 52 12 38 78 89 35 42 21 83 62 63 84 16 33 54 24 44 92 49 13 94 92 88 81 96 12 22 80 31 38 0 57 44 94 52 42 39 76 20 22 41 20 14 30 42 16 35 95 30 58 61 38
86 38 96 62 37 68 77 99 52 35 50 22 62 13 67 26 85 31 45 79 14 42 69 84 59 86 10 80 21 94 34 10 22 43 85 81 27 79 15 72 65 98 28 32 55 19 57 93 65 33 54 16 88 49 93 89 46 59 63 53 47 31 25 52 20 83 24 86 43 76 57 82 28 12 83 16 95 14 30 61 17 68 10 87 19 38 64 59 67 43 62 87 18 22 95 21 12 84 42 90 38 27 19 27 84 16 63 88 62 28 12 42 83 16 76 30 10 63 57 0 26 42 41 43 53 47 11 90 47 90 62 41 84 18 44 82 38 91 96 26
39 31 82 72 52 95 28 56 21 52 90 48 69 47 57 40 24 99 25 66 32 85 24 41 69 81 69 89 40 51 43 61 61 95 43 67 69 73 69 13 59 46 51 56 54 52 62 22 28 73 95 71 10 55 91 38 24 90 24 68 56 70 74 46 66 22 54 16 38 73 95 49 99 11 92 97 71 82 41 74 85 92 38 17 64 53 27 16 16 12 18 17 34 38 89 42 56 50 99 56 69 15 98 94 46 57 48 66 45 69 50 98 36 69 10 38 16 54 44 26 0 82 56 15 43 38 50 15 21 59 27 13 46 81 76 21 38 13 95 22
63 56 61 45 45 92 20 43 64 59 21 72 16 17 56 50 66 83 48 91 12 33 98 49 25 56 74 78 63 62 79 49 30 97 50 45 33 30 50 41 67 24 58 19 67 46 14 84 73 48 49 25 86 71 43 72 26 36 47 72 18 53 65 21 71 22 75 14 96 49 98 63 74 50 51 39 64 50 70 46 48 52 93 78 20 98 33 90 79 71 38 14 77 19 99 80 29 98 15 20 82 58 23 96 89 68 45 94 44 96 47 65 43 60 87 41 34 50 94 42 82 0 47 98 31 80 89 24 59 67 77 42 78 37 37 99 64 98 33 80
94 97 71 19 64 42 74 55 88 81 35 68 24 28 45 67 91 62 33 71 25 61 99 13 71 51 51 19 32 45 61 59 57 88 37 72 41 23 20 81 11 70 55 56 24 42 26 86 39 11 48 64 46 37 12 81 92 82 34 82 56 94 70 79 13 63 24 61 30 94 80 72 50 44 28 25 22 56 81 90 84 88 90 47 73 87 51 15 72 10 22 75 72 34 50 93 73 18 95 61 22 44 62 76 35 97 80 14 91 97 83 93 86 21 20 54 66 16 52 41 56 47 0 60 50 59 46 46 88 32 41 15 51 77 94 20 67 81 18 24
38 99 80 63 83 97 41 34 10 57 88 13 89 23 59 63 50 15 25 50 46 90 66 66 94 84 87 46 59 11 41 62 14 48 45 38 66 42 55 56 19 99 96 90 54 88 46 66 94 50 97 43 28 42 40 80 64 78 27 11 93 82 11 48 19 64 40 30 77 72 55 89 57 24 21 22 27 15 18 62 10 86 92 54 21 76 35 78 32 43 76 45 79 41 19 13 56 74 36 79 10 52 51 18 48 99 95 95 62 96 43 47 34 53 62 62 42 74 42 43 15 98 60 0 39 87 72 74 93 76 54 71 55 62 22 36 42 24 75 20
92 88 36 24 59 35 68 69 69 97 78 27 86 35 25 81 78 76 63 92 12 17 72 79 34 63 31 72 48 15 75 73 68 32 83 92 43 77 36 99 46 84 98 54 75 63 54 64 20 46 45 92 87 56 40 69 91 69 79 40 61 89 47 37 12 86 76 82 47 13 95 58 19 58 14 53 71 51 34 28 75 53 41 44 73 14 88 89 57 88 24 67 49 13 19 65 66 25 20 38 76 14 35 59 64 82 82 41 21 46 32 54 33 51 10 25 26 50 39 53 43 31 50 39 0 61 52 53 70 53 78 63 83 57 25 32 72 78 11 71
46 76 73 56 24 40 54 94 95 96 13 35 33 11 81 16 61 77 12 50 31 91 68 36 12 49 98 58 16 63 16 25 16 53 64 58 57 86 36 39 71 64 77 87 24 74 17 17 95 91 58 72 56 49 62 47 60 71 94 81 18 88 22 33 10 91 94 37 23 98 91 24 22 98 20 78 77 81 55 27 73 16 47 60 25 19 74 57 93 61 82 45 47 27 34 45 43 20 33 83 37 18 15 39 92 16 75 59 79 73 38 12 40 75 45 52 14 45 76 47 38 80 59 87 61 0 64 31 43 94 14 87 53 99 95 97 41 49 64 81
15 75 14 54 91 68 54 11 22 62 46 22 94 81 82 64 36 45 67 93 72 92 91 84 79 64 57 35 14 49 34 73 80 28 95 40 89 83 90 99 80 97 92 69 84 76 25 80 62 40 92 83 45 65 79 80 85 24 34 68 44 96 83 76 77 38 90 20 68 56 11 12 97 45 87 84 91 45 97 75 91 25 51 87 77 72 24 28 33 13 87 44 67 59 59 75 22 10 63 33 45 54 19 11 38 98 17 38 54 29 27 68 54 24 94 68 90 87 20 11 50 89 46 72 52 64 0 15 18 21 82 58 82 73 70 17 70 20 21 68
82 28 33 98 75 44 29 41 77 23 28 92 16 25 94 79 78 40 74 59 39 16 16 25 86 72 96 41 15 86 22 90 99 33 54 24 70 81 66 24 33 24 64 76 47 95 31 80 29 44 49 67 79 19 25 55 60 40 74 69 82 91 85 10 98 10 96 34 52 16 74 59 74 91 10 38 82 70 87 41 65 76 86 72 74 91 51 53 74 67 12 90 29 56 95 28 72 42 37 65 94 22 39 83 22 81 52 29 87 44 43 35 92 45 66 96 88 73 22 90 15 24 46 74 53 31 15 0 92 46 10 29 67 47 50 85 29 11 65 68
89 68 63 23 24 30 38 93 83 38 25 80 36 52 81 84 60 65 17 17 77 82 23 58 35 59 95 18 82 91 34 91 13 77 50 95 42 87 23 86 17 98 63 20 97 34 24 30 17 73 32 81 53 83 18 16 75 96 90 20 12 41 62 41 64 23 64 53 56 88 48 14 70 75 36 68 67 87 45 31 86 68 57 62 20 74 66 12 76 10 45 68 13 93 77 79 12 62 49 52 61 95 89 71 79 57 24 35 83 67 44 16 21 48 33 43 13 85 41 47 21 59 88 93 70 43 18 92 0 14 39 69 64 83 67 86 47 57 94 15
75 70 14 27 67 41 29 59 35 39 96 53 79 92 60 58 46 44 26 55 32 89 39 17 43 84 43 36 71 18 55 11 45 75 91 87 43 19 44 77 68 99 33 63 11 79 46 56 21 12 14 44 63 45 28 55 85 47 92 79 68 40 20 93 41 49 53 10 35 50 24 25 62 45 22 99 48 11 17 72 92 66 46 98 34 86 29 92 62 55 73 46 45 45 91 91 54 56 26 30 72 22 18 80 70 57 50 30 77 22 26 31 70 47 45 45 68 11 20 90 59 67 32 76 53 94 21 46 14 0 30 27 63 19 85 32 22 29 88 57
79 62 29 88 61 58 46 65 64 23 60 75 41 70 96 57 36 85 36 86 92 50 25 40 25 83 21 53 65 72 24 77 11 83 30 52 33 39 10 14 30 22 57 76 39 39 60 23 83 71 88 52 26 42 26 35 80 93 27 90 71 78 34 52 66 55 24 83 38 12 57 57 27 38 30 89 10 57 73 62 47 63 38 94 75 91 18 66 76 10 67 57 87 16 10 44 34 70 94 21 54 67 33 96 86 53 57 23 82 74 32 15 57 43 13 80 49 98 14 62 27 77 41 54 78 14 82 10 39 30 0 53 30 97 83 27 28 71 95 86
29 56 96 57 16 93 62 66 19 42 82 42 97 16 89 75 44 30 37 31 51 58 21 70 48 72 27 49 62 46 63 81 73 86 27 79 78 34 82 26 42 46 41 17 26 63 75 62 47 30 86 26 96 86 73 68 27 49 55 16 28 66 68 59 89 66 69 92 58 60 10 90 80 89 54 15 49 55 87 83 68 75 85 19 52 95 53 46 55 31 71 72 71 68 96 95 93 78 56 40 94 40 84 43 52 11 77 11 20 41 84 82 35 24 72 64 80 77 30 41 13 42 15 71 63 87 58 29 69 27 53 0 67 82 89 92 86 32 63 77
20 15 99 13 44 59 34 87 51 33 60 75 73 40 73 65 96 39 50 70 46 82 34 26 64 18 92 28 25 36 97 55 38 93 44 75 52 96 44 76 75 23 45 88 35 54 10 51 79 12 52 62 69 22 39 48 69 99 13 25 97 58 46 34 83 11 82 33 87 28 13 71 78 88 10 11 88 23 81 54 16 22 56 52 86 26 10 33 55 56 33 55 30 42 60 30 61 37 59 42 12 70 69 70 38 56 63 34 80 73 49 95 44 87 83 14 96 98 42 84 46 78 51 55 83 53 82 67 64 63 30 67 0 69 41 54 93 29 91 40
48 71 32 87 31 16 30 59 13 47 95 27 36 61 43 82 74 49 45 92 58 91 41 51 61 53 30 24 65 71 11 50 87 30 38 50 71 82 19 84 90 11 53 53 95 46 91 55 85 45 96 23 81 77 25 31 61 20 19 71 99 22 13 69 59 46 51 13 46 69 28 96 68 92 19 46 91 96 19 18 16 14 53 76 58 68 78 74 75 54 10 99 62 57 47 10 50 99 97 15 75 42 95 35 42 72 86 80 70 46 39 53 40 58 12 96 46 43 16 18 81 37 77 62 57 99 73 47 83 19 97 82 69 0 11 83 25 69 81 17
67 77 74 74 96 16 16 80 33 25 71 35 40 69 43 95 57 57 26 92 33 77 31 87 52 88 34 35 43 75 96 85 33 17 83 51 60 89 53 72 35 73 93 34 48 12 27 54 53 82 24 98 53 92 64 45 21 30 38 18 29 61 49 78 80 23 21 17 31 61 10 80 40 41 37 14 45 68 77 53 56 68 47 42 88 84 48 15 38 54 91 67 47 78 77 71 74 32 90 50 56 21 70 75 50 71 53 24 58 45 31 68 45 42 27 41 96 44 35 44 76 37 94 22 25 95 70 50 67 85 83 89 41 11 0 22 43 13 61 89
39 85 41 28 87 94 77 21 25 78 67 78 33 76 25 87 91 46 71 83 25 69 11 93 99 65 89 58 47 80 26 26 43 99 26 60 67 93 16 69 88 22 23 53 70 68 69 79 79 51 74 54 24 17 23 76 95 28 35 55 33 81 81 59 43 55 61 84 55 24 44 70 80 99 17 45 13 84 12 19 43 33 19 11 69 11 45 40 20 52 49 45 12 26 67 33 28 57 84 13 74 82 14 51 22 31 28 62 84 76 38 11 98 89 16 58 56 58 95 82 21 99 20 36 32 97 17 85 86 32 27 92 54 83 22 0 37 64 20 31
31 45 44 30 47 22 26 55 71 92 59 38 65 20 16 78 72 65 89 39 72 39 75 87 76 27 98 76 77 17 57 96 34 83 39 55 51 74 90 15 92 24 59 35 68 95 63 71 52 44 57 75 83 54 85 49 12 75 38 60 69 78 29 81 62 56 96 59 64 59 15 78 85 89 62 44 80 98 15 81 20 80 85 63 96 42 78 70 42 43 98 12 93 21 40 87 50 89 58 38 77 29 36 89 46 44 53 85 29 74 65 82 56 87 32 57 17 35 30 38 38 64 67 42 72 41 70 29 47 22 28 86 93 25 43 37 0 69 92 71
34 56 88 76 91 12 58 54 83 62 45 55 99 58 84 52 62 37 17 78 54 94 67 66 25 62 25 14 27 73 64 94 72 95 62 22 18 78 29 37 42 32 41 88 58 44 34 79 31 19 39 34 53 71 85 25 62 85 52 54 26 42 95 80 21 57 69 16 70 77 12 37 48 10 19 48 47 41 23 78 75 84 50 32 32 16 13 47 28 84 38 23 90 79 41 41 37 56 54 47 86 47 70 65 84 53 80 33 49 70 90 70 46 54 15 90 22 10 58 91 13 98 81 24 78 49 20 11 57 29 71 32 29 69 13 64 69 0 86 58
36 58 16 22 56 53 40 30 70 89 38 93 29 26 64 43 13 37 74 15 29 69 92 46 58 89 19 71 13 74 14 23 23 16 99 91 10 38 53 94 62 83 13 98 99 40 93 83 23 60 71 54 80 85 90 45 36 63 51 65 33 78 29 12 41 45 20 44 14 51 77 66 17 64 70 65 16 62 65 29 20 24 45 98 58 59 13 11 98 90 78 73 42 59 26 34 10 73 82 45 11 87 66 32 78 46 29 68 77 75 63 33 82 60 45 33 79 43 61 96 95 33 18 75 11 64 21 65 94 88 95 63 91 81 61 20 92 86 0 60
61 89 82 95 97 78 16 40 68 44 85 53 44 65 57 61 90 73 55 34 82 83 56 77 89 51 43 59 19 19 66 23 93 67 15 24 41 77 66 96 41 88 38 88 57 67 62 62 94 99 65 79 38 10 70 98 71 35 93 77 85 91 11 29 89 90 20 94 42 68 85 32 20 11 73 88 72 38 97 44 73 39 53 43 11 15 25 61 93 27 13 48 73 82 41 73 59 27 39 87 43 57 60 62 70 51 32 98 70 59 15 88 61 78 49 57 74 83 38 26 22 80 24 20 71 81 68 68 15 57 86 77 40 17 89 31 71 58 60 0