140
0 42 21 26 12 96 75 65 60 67 88 55 62 26 52 95 43 64 18 79 35 41 46 37 67 68 73 87 18 10 27 25 10 27 65 14 12 98 76 31 70 14 68 80 47 56 24 31 18 12 77 50 52 53 36 90 86 67 75 22 91 41 21 88 82 67 99 78 96 28 79 91 97 86 35 97 15 87 95 68 88 93 17 98 69 76 48 86 52 54 54 90 66 94 43 32 95 22 54 41 36 26 34 77 72 84 53 37 48 58 20 23 84 98 39 77 79 47 90 65 83 40 44 53 32 13 41 97 18 41 70 61 53 68 47 99 78 30 66 68
42 0 28 53 39 14 16 70 28 16 51 97 21 27 19 98 93 39 42 88 17 83 20 40 90 70 43 14 62 30 15 18 56 71 34 98 64 46 60 58 44 72 84 13 30 87 65 44 78 82 53 84 10 92 66 78 84 42 73 75 69 23 65 69 43 13 35 34 48 81 90 87 59 40 46 54 93 39 12 40 64 83 27 66 23 62 27 50 64 33 92 33 75 28 74 29 37 22 23 49 41 51 23 60 21 83 70 81 24 51 99 14 88 61 64 12 35 49 15 87 51 87 39 84 83 35 23 70 21 16 70 20 97 43 67 59 75 41 52 70
21 28 0 81 50 52 68 61 22 18 30 68 65 31 43 79 93 12 12 35 74 50 84 30 99 63 37 34 28 46 62 11 56 75 77 64 58 74 31 88 33 20 26 55 22 91 69 15 55 34 28 58 16 31 84 31 82 69 44 43 60 54 98 93 46 50 73 23 60 12 54 66 64 47 95 30 80 78 28 22 56 49 76 30 16 65 10 58 72 10 61 73 78 39 95 84 51 14 99 95 25 61 21 66 79 91 66 87 52 63 23 40 45 45 32 36 97 16 46 10 90 74 29 10 41 83 69 78 33 98 69 99 92 44 72 75 76 18 65 26
26 53 81 0 62 53 94 89 97 12 47 64 46 28 96 63 46 38 29 66 47 15 71 17 67 13 57 25 84 57 53 18 67 58 94 42 71 53 75 31 67 92 32 64 45 61 56 78 14 84 50 60 71 48 30 29 87 12 98 14 42 11 94 71 36 45 94 97 29 65 50 10 88 46 18 63 28 17 56 65 52 58 32 41 25 65 18 57 16 24 85 49 57 42 58 25 68 25 56 13 84 90 97 63 19 26 12 60 92 57 75 65 86 68 44 92 78 34 39 42 76 45 54 70 77 59 46 38 85 14 90 62 56 92 21 83 46 98 18 83
12 39 50 62 0 36 54 30 64 73 91 57 21 64 95 22 35 48 95 63 61 55 69 20 84 40 50 18 77 90 53 51 27 14 93 27 62 40 58 71 52 65 48 84 30 88 33 77 47 22 59 31 79 83 69 19 39 99 45 98 37 72 75 15 76 36 26 50 79 36 72 41 81 19 12 38 92 20 55 52 54 25 45 27 97 22 96 41 58 72 57 95 73 53 66 16 24 30 34 90 31 47 38 82 10 14 60 80 16 54 30 96 42 49 86 69 42 75 29 79 26 53 57 57 61 23 62 70 10 38 63 50 18 52 62 53 48 67 69 60
96 14 52 53 36 0 47 36 65 13 28 36 68 87 23 91 78 72 53 55 99 54 18 23 61 94 81 55 73 46 30 23 65 64 34 29 40 27 60 29 40 21 98 82 89 93 67 18 96 42 71 56 36 83 22 79 55 29 71 95 31 21 53 74 47 11 51 17 56 40 70 38 19 47 77 92 82 69 45 83 38 92 84 42 16 46 92 61 51 59 68 97 37 87 96 11 13 59 20 64 41 56 70 49 33 28 29 26 95 72 68 63 82 71 11 21 44 50 95 87 72 83 17 63 61 66 84 42 44 16 60 41 68 85 80 58 46 89 80 32
75 16 68 94 54 47 0 80 33 49 70 92 21 82 57 12 59 46 63 63 49 96 38 44 29 13 60 87 23 44 26 59 37 86 96 33 78 61 34 73 62 50 95 56 42 84 59 28 42 59 88 49 70 32 20 72 66 53 83 74 65 96 12 81 45 66 45 28 29 26 83 61 97 89 94 93 34 44 30 11 39 88 72 35 26 68 15 63 94 34 25 30 78 12 18 95 28 26 71 48 29 71 96 65 56 69 94 93 91 41 62 48 16 33 30 50 60 46 45 74 59 61 17 80 93 34 90 41 86 48 21 48 97 50 35 17 86 98 46 63
65 70 61 89 30 36 80 0 69 64 31 57 60 99 79 83 83 97 39 89 34 23 26 90 65 56 61 16 50 21 66 74 86 97 75 73 18 98 95 70 99 87 32 27 51 31 32 40 21 11 74 32 73 53 58 17 52 70 98 85 31 66 65 46 15 36 30 67 71 16 75 92 63 90 31 24 67 41 64 49 13 29 56 46 18 26 78 21 12 93 94 61 48 87 68 91 65 73 55 86 74 83 57 98 60 76 11 78 33 98 65 22 32 85 46 45 17 64 28 61 68 46 82 34 97 23 28 31 89 40 55 56 46 24 46 92 51 78 41 44
60 28 22 97 64 65 33 69 0 32 28 92 29 83 29 63 10 96 87 32 44 52 37 53 38 55 38 75 35 66 29 21 94 11 15 47 91 30 38 50 52 49 16 80 96 40 48 22 46 50 24 18 96 64 48 96 52 57 21 41 12 33 92 56 60 95 93 85 57 69 52 12 37 59 32 19 17 89 28 30 17 58 74 76 31 12 44 44 76 29 36 54 75 56 38 46 29 20 42 45 28 51 84 78 63 18 10 59 43 62 78 69 22 76 65 18 45 12 55 33 92 19 39 27 23 82 85 36 21 87 41 90 66 80 72 33 29 40 96 10
67 16 18 12 73 13 49 64 32 0 84 10 73 74 71 60 74 29 53 98 97 56 74 94 68 64 17 82 74 23 28 81 62 58 29 82 46 78 83 42 91 93 44 23 84 13 35 93 45 36 59 28 15 63 18 12 24 36 22 60 44 75 60 69 56 10 33 35 97 35 92 72 53 56 48 70 13 99 66 52 86 81 78 25 46 70 37 34 20 98 83 35 16 95 72 56 10 21 39 17 60 54 97 15 72 42 66 20 50 50 20 62 71 51 52 85 17 62 11 84 59 73 59 70 76 48 78 52 40 82 54 14 24 10 54 15 98 55 45 14
88 51 30 47 91 28 70 31 28 84 0 39 42 72 35 71 30 15 36 74 25 23 73 74 40 76 51 35 39 47 99 16 34 31 95 27 85 69 83 78 39 92 36 11 42 17 44 34 49 27 28 38 47 38 39 47 55 44 58 42 44 62 48 77 63 27 19 11 43 37 33 24 80 52 63 60 32 76 89 15 62 79 92 30 68 35 50 48 78 87 78 44 98 81 23 85 44 90 76 11 30 85 38 96 37 69 22 28 14 81 77 56 66 83 66 63 64 64 45 42 50 94 67 11 83 97 88 43 36 78 51 20 23 32 79 78 95 81 27 77
55 97 68 64 57 36 92 57 92 10 39 0 59 80 82 61 15 36 37 55 49 10 59 80 54 12 37 51 11 92 89 82 76 99 90 18 50 31 43 25 33 21 69 64 82 77 55 42 41 52 26 70 25 95 27 33 85 20 35 97 96 13 75 95 38 78 61 58 41 58 68 95 73 60 90 76 81 63 15 23 23 51 21 61 66 19 66 26 16 18 31 99 56 36 15 71 25 43 44 92 12 11 21 48 28 64 26 21 27 75 70 38 93 42 45 34 51 34 25 65 32 63 34 22 90 75 47 78 52 54 90 55 55 62 14 41 60 41 64 62
62 21 65 46 21 68 21 60 29 73 42 59 0 68 92 87 78 41 78 59 71 79 94 31 91 80 36 35 15 95 46 83 68 63 18 10 77 50 12 24 90 47 72 61 76 96 40 38 59 36 56 56 39 75 92 86 60 67 38 32 65 80 61 74 15 43 77 39 32 37 81 34 83 39 85 85 66 17 75 83 32 49 96 54 47 48 18 48 88 85 23 43 50 28 24 41 81 48 47 80 15 19 48 86 13 42 57 32 71 83 33 28 11 79 48 11 21 69 61 25 69 74 36 78 23 66 24 82 69 50 64 50 54 59 35 86 51 60 66 15
26 27 31 28 64 87 82 99 83 74 72 80 68 0 18 78 86 76 70 95 19 69 95 70 43 39 61 77 84 35 32 30 97 50 48 29 48 90 19 95 56 11 38 92 94 24 96 55 80 40 63 19 38 32 50 19 47 92 13 42 16 47 43 94 67 56 98 19 22 94 69 43 17 72 18 94 74 78 40 89 88 40 98 99 84 96 66 53 98 60 98 85 78 61 36 63 68 52 38 89 92 16 42 87 37 11 48 24 90 65 44 13 27 44 63 80 77 19 72 34 39 14 82 13 75 18 87 59 90 67 89 80 49 84 86 10 41 29 74 73
52 19 43 96 95 23 57 79 29 71 35 82 92 18 0 80 17 78 17 22 96 79 77 69 59 61 21 73 94 98 79 89 17 11 14 27 75 18 59 69 46 37 56 11 28 64 27 78 67 59 81 57 37 51 96 98 23 28 82 60 59 59 66 25 11 28 86 66 25 67 15 11 91 14 87 37 80 12 86 19 79 26 38 44 38 27 18 47 29 60 92 31 15 77 57 65 81 50 99 33 48 42 22 84 46 96 78 98 55 11 62 93 44 31 27 13 72 26 49 52 70 71 31 24 59 63 73 98 47 78 23 28 79 31 33 88 49 73 37 32
95 98 79 63 22 91 12 83 63 60 71 61 87 78 80 0 52 21 13 34 44 68 59 12 17 13 31 65 67 71 97 43 72 99 96 80 63 89 85 42 96 14 72 94 73 50 12 73 33 69 27 25 56 20 40 65 37 14 54 64 94 72 18 26 77 92 68 28 58 28 24 99 68 23 51 83 75 90 81 94 70 13 47 60 73 77 34 73 92 78 44 56 95 45 28 32 20 27 28 73 27 58 72 57 56 21 27 41 82 27 32 77 28 90 72 13 69 74 61 42 33 29 73 68 94 75 43 46 35 53 65 54 58 90 92 16 18 37 96 80
43 93 93 46 35 78 59 83 10 74 30 15 78 86 17 52 0 14 80 29 69 56 27 77 26 84 47 66 20 10 54 89 38 65 21 20 44 78 38 80 50 85 65 66 73 82 20 59 59 58 99 24 94 95 77 69 78 70 98 12 22 48 60 20 91 41 58 65 33 25 56 81 21 31 92 18 95 55 47 28 62 70 25 29 94 67 67 98 25 89 81 96 21 31 32 43 77 12 93 15 30 71 45 15 76 88 51 98 59 92 37 33 20 15 49 96 73 83 19 74 55 58 70 65 59 84 78 36 99 93 13 83 72 84 40 78 99 40 33 98
64 39 12 38 48 72 46 97 96 29 15 36 41 76 78 21 14 0 27 11 61 83 34 42 53 89 89 12 34 56 34 81 71 29 35 25 36 42 57 12 34 35 77 63 48 59 75 39 14 74 37 52 15 93 11 25 81 88 89 75 53 73 23 87 97 22 39 55 42 31 89 56 89 42 54 74 76 18 97 69 28 69 92 30 64 57 43 31 58 47 44 68 91 30 98 34 12 90 49 55 41 28 47 17 95 92 96 10 11 18 70 43 31 37 49 12 88 19 56 78 27 61 98 17 78 49 29 51 31 88 82 88 99 77 93 15 68 18 42 97
18 42 12 29 95 53 63 39 87 53 36 37 78 70 17 13 80 27 0 15 57 33 71 26 16 37 15 59 46 78 36 29 66 79 52 64 67 42 66 11 12 58 42 11 12 77 66 88 75 82 13 14 16 94 41 71 16 72 11 75 88 30 42 65 54 79 29 41 51 85 48 17 12 82 77 10 65 61 18 41 57 16 60 43 14 12 20 71 74 16 76 30 42 50 48 98 14 34 67 28 98 71 86 61 73 40 37 43 79 86 45 82 62 62 70 59 97 24 90 25 62 87 69 17 68 10 16 47 36 34 73 98 38 47 62 22 77 11 68 50
79 88 35 66 63 55 63 89 32 98 74 55 59 95 22 34 29 11 15 0 43 94 57 73 37 32 69 24 51 37 25 40 69 57 48 67 80 21 63 85 21 24 38 46 53 13 15 68 84 81 15 88 12 66 18 84 40 62 46 94 66 26 24 31 77 29 63 83 52 43 84 26 77 38 40 63 82 26 89 67 76 44 94 23 57 38 81 84 85 59 67 20 15 64 78 64 11 25 89 82 48 27 26 79 26 29 92 27 89 69 95 73 88 29 84 58 79 35 72 21 55 59 52 52 67 22 89 63 81 10 59 13 29 70 72 61 36 28 17 21
35 17 74 47 61 99 49 34 44 97 25 49 71 19 96 44 69 61 57 43 0 39 68 57 98 81 92 48 38 57 54 80 76 95 24 79 53 99 81 68 88 77 84 78 48 84 34 97 65 93 18 54 40 66 26 83 53 48 71 43 42 59 28 82 20 39 88 31 46 58 11 37 51 42 88 57 68 16 81 71 39 31 21 65 12 55 86 59 76 99 68 14 52 90 20 80 37 62 84 81 22 93 83 67 28 17 91 67 29 93 10 36 56 90 18 57 75 51 44 21 63 10 58 83 64 50 87 26 89 48 10 47 19 35 83 65 88 88 94 60
41 83 50 15 55 54 96 23 52 56 23 10 79 69 79 68 56 83 33 94 39 0 51 54 41 56 32 19 91 53 65 40 68 28 93 10 55 43 21 16 72 17 26 18 74 83 79 44 63 98 86 97 42 85 43 75 71 81 34 84 20 59 18 96 23 13 34 95 98 79 13 67 15 89 85 37 14 95 99 49 14 62 77 99 98 33 43 55 90 12 81 46 49 90 94 99 65 25 46 18 73 76 58 21 40 52 28 37 64 86 44 62 86 78 14 63 91 73 58 28 15 20 92 81 89 37 77 53 34 30 10 35 43 58 34 13 73 65 46 60
46 20 84 71 69 18 38 26 37 74 73 59 94 95 77 59 27 34 71 57 68 51 0 49 28 93 71 15 95 10 56 50 39 39 80 68 88 36 19 59 64 60 33 84 83 79 64 89 25 68 63 98 60 75 18 50 24 35 76 64 65 82 26 87 17 76 52 74 59 26 21 54 85 56 26 81 74 26 62 27 20 94 83 43 86 67 45 58 29 45 61 15 85 64 55 67 97 37 17 19 99 26 82 38 87 53 82 45 11 26 76 44 44 39 84 23 33 80 55 87 67 13 45 93 76 89 94 50 49 89 40 38 96 45 85 43 47 94 26 55
37 40 30 17 20 23 44 90 53 94 74 80 31 70 69 12 77 42 26 73 57 54 49 0 71 38 81 93 58 77 77 19 47 84 26 67 36 90 74 17 54 23 51 54 57 18 47 47 67 55 41 93 28 12 54 42 47 92 84 69 33 60 23 40 58 58 27 85 76 16 72 17 73 35 66 75 78 46 35 25 36 61 99 70 60 27 46 53 25 10 47 30 42 66 21 78 84 11 32 89 74 20 88 75 48 22 76 82 37 51 43 43 37 86 61 33 19 48 96 35 21 41 27 38 76 37 75 66 31 26 92 47 94 37 82 41 44 26 29 48
67 90 99 67 84 61 29 65 38 68 40 54 91 43 59 17 26 53 16 37 98 41 28 71 0 58 76 72 29 30 26 80 56 79 65 57 61 72 54 39 76 60 24 68 11 20 10 99 88 41 34 94 54 30 62 39 39 26 73 69 85 64 86 12 68 58 73 29 21 31 79 17 34 53 36 89 81 85 48 47 42 28 81 63 78 10 90 26 89 40 72 37 38 18 80 27 91 27 16 27 52 49 44 39 57 81 59 40 30 91 25 96 22 67 97 13 67 94 73 13 91 31 77 46 43 80 34 98 86 23 18 91 29 97 57 66 35 90 83 56
68 70 63 13 40 94 13 56 55 64 76 12 80 39 61 13 84 89 37 32 81 56 93 38 58 0 83 73 19 50 42 34 84 84 85 59 26 24 49 40 74 42 33 86 21 78 40 81 35 47 91 96 45 52 44 14 83 51 66 10 47 50 84 41 71 70 71 66 10 27 42 51 80 69 51 75 53 53 33 68 86 34 90 47 48 36 31 47 81 31 52 87 49 18 67 98 99 48 87 68 64 85 21 36 25 75 21 52 10 90 44 39 10 78 43 63 48 32 69 65 28 84 40 90 24 45 14 18 63 75 49 79 66 48 62 28 60 73 45 31
73 43 37 57 50 81 60 61 38 17 51 37 36 61 21 31 47 89 15 69 92 32 71 81 76 83 0 51 80 10 64 65 24 91 79 40 97 16 88 93 86 47 90 60 15 19 26 87 56 52 99 67 75 69 64 98 92 59 83 15 38 41 93 81 88 67 63 93 13 67 17 44 75 55 12 48 41 89 48 81 91 87 58 71 24 14 55 60 63 17 41 19 72 61 97 60 91 86 89 68 60 68 89 59 92 20 97 30 95 47 53 56 45 68 96 79 42 49 92 30 41 86 12 37 42 84 93 33 72 36 79 19 24 62 62 88 30 78 43 99
87 14 34 25 18 55 87 16 75 82 35 51 35 77 73 65 66 12 59 24 48 19 15 93 72 73 51 0 91 26 49 20 39 65 86 98 84 66 72 62 74 44 58 18 63 81 44 48 24 73 33 33 69 99 45 11 94 10 48 36 14 20 68 56 12 29 45 14 99 34 37 60 51 65 40 55 46 83 59 30 99 83 52 77 24 42 25 35 38 67 83 90 18 63 81 49 70 74 72 77 21 43 53 50 35 21 84 64 40 27 38 49 77 15 66 95 36 79 65 71 24 31 84 75 29 79 53 85 86 80 74 29 73 58 42 43 87 37 39 51
18 62 28 84 77 73 23 50 35 74 39 11 15 84 94 67 20 34 46 51 38 91 95 58 29 19 80 91 0 38 48 43 45 31 17 32 61 38 77 61 66 60 83 15 46 61 13 80 74 16 71 17 64 64 24 42 20 67 97 58 58 86 51 62 94 59 37 73 32 92 95 30 88 56 39 22 62 44 83 17 95 89 58 77 12 66 86 36 57 80 75 38 41 45 80 97 94 89 94 97 39 74 12 95 71 61 17 53 43 34 10 86 77 85 24 84 42 82 95 47 62 44 95 12 61 95 82 89 97 38 12 65 61 23 35 96 89 72 68 61
10 30 46 57 90 46 44 21 66 23 47 92 95 35 98 71 10 56 78 37 57 53 10 77 30 50 10 26 38 0 54 27 64 70 41 25 29 43 49 80 34 61 98 52 12 42 67 20 42 82 12 26 49 59 11 27 40 36 91 30 87 92 73 16 97 20 24 22 76 98 99 66 93 82 47 41 22 70 52 80 29 96 80 83 70 75 79 61 12 45 52 17 74 14 95 96 14 79 24 39 63 71 74 75 38 35 40 59 85 65 10 92 20 95 30 80 25 27 22 41 24 75 43 92 91 19 66 45 64 70 43 20 14 48 15 18 60 68 32 19
27 15 62 53 53 30 26 66 29 28 99 89 46 32 79 97 54 34 36 25 54 65 56 77 26 42 64 49 48 54 0 85 62 48 94 46 76 57 32 87 85 10 65 86 14 85 23 27 12 97 32 99 66 79 68 65 52 90 15 81 11 42 23 87 88 74 29 35 30 94 37 16 21 92 41 69 44 53 44 14 65 95 14 56 31 77 33 41 30 14 44 43 13 78 35 19 68 82 63 38 41 64 52 93 19 70 77 89 93 16 57 30 46 59 23 41 27 61 14 44 22 21 94 22 12 20 47 44 54 65 38 64 32 86 30 80 43 47 83 69
25 18 11 18 51 23 59 74 21 81 16 82 83 30 89 43 89 81 29 40 80 40 50 19 80 34 65 20 43 27 85 0 92 36 36 49 16 50 34 37 78 48 23 10 82 20 80 82 26 33 80 74 10 87 15 57 29 46 46 53 92 69 91 55 43 36 23 75 15 42 80 97 12 21 11 79 31 23 95 78 21 93 58 53 24 38 69 80 16 17 41 85 69 91 33 57 65 68 57 99 89 92 48 89 76 55 94 40 45 33 55 96 35 97 27 71 40 78 50 33 51 93 13 25 48 44 89 16 99 25 13 17 45 71 22 24 61 41 57 58
10 56 56 67 27 65 37 86 94 62 34 76 68 97 17 72 38 71 66 69 76 68 39 47 56 84 24 39 45 64 62 92 0 25 59 23 61 40 80 77 43 39 86 57 74 14 55 11 78 52 70 32 51 57 59 95 10 43 42 11 76 96 35 19 77 89 78 74 13 80 80 42 41 62 58 90 96 77 35 56 73 53 75 73 63 43 60 92 43 77 39 32 76 34 79 35 31 94 51 31 56 65 97 74 67 98 86 54 36 14 31 24 72 63 99 52 45 55 84 63 66 64 44 33 11 54 36 55 93 44 26 66 32 46 57 25 74 46 89 40
27 71 75 58 14 64 86 97 11 58 31 99 63 50 11 99 65 29 79 57 95 28 39 84 79 84 91 65 31 70 48 36 25 0 85 48 11 90 15 69 58 21 79 29 37 65 12 43 85 93 93 57 98 32 55 89 71 83 97 46 88 30 42 73 10 94 74 10 99 52 79 27 22 74 61 19 78 48 92 81 59 95 29 80 96 93 53 32 34 63 14 57 39 62 40 25 28 34 98 11 77 99 92 26 66 33 83 69 55 78 78 22 26 60 48 11 37 12 67 41 57 52 11 93 68 58 21 99 66 75 85 38 30 40 46 48 87 94 11 12
65 34 77 94 93 34 96 75 15 29 95 90 18 48 14 96 21 35 52 48 24 93 80 26 65 85 79 86 17 41 94 36 59 85 0 25 89 98 39 39 15 12 27 62 82 93 11 12 33 42 53 17 82 88 13 25 96 76 90 66 86 58 13 43 60 49 38 38 83 80 91 42 64 20 37 68 81 49 60 26 22 40 98 31 54 65 73 59 20 77 72 98 62 30 28 76 42 96 98 63 97 18 62 60 31 62 90 78 43 83 14 19 15 29 21 38 19 18 99 45 90 41 32 34 64 16 91 46 19 37 34 45 68 25 25 59 62 45 62 32
14 98 64 42 27 29 33 73 47 82 27 18 10 29 27 80 20 25 64 67 79 10 68 67 57 59 40 98 32 25 46 49 23 48 25 0 32 36 60 35 98 89 56 79 94 93 58 96 97 82 49 19 59 58 12 26 59 43 87 34 20 53 11 99 67 65 70 18 98 70 29 14 20 43 32 73 22 15 76 83 29 54 80 70 76 45 30 32 47 57 98 32 52 65 19 47 19 49 27 71 39 12 68 28 57 76 56 54 62 17 99 31 21 25 91 46 90 70 19 66 14 15 18 64 20 95 38 83 77 21 75 48 56 19 72 30 16 48 35 81
12 64 58 71 62 40 78 18 91 46 85 50 77 48 75 63 44 36 67 80 53 55 88 36 61 26 97 84 61 29 76 16 61 11 89 32 0 34 55 83 56 70 91 73 89 88 50 89 74 35 18 30 26 79 96 40 47 26 54 66 70 44 72 63 89 96 79 16 97 30 23 55 24 13 72 43 13 81 71 20 83 43 54 14 63 59 23 20 63 59 44 72 23 77 65 37 69 62 67 73 99 43 27 44 66 42 81 86 33 45 28 75 53 22 48 26 51 89 68 27 67 84 59 59 51 67 22 65 56 48 59 33 96 15 87 67 94 53 26 22
98 46 74 53 40 27 61 98 30 78 69 31 50 90 18 89 78 42 42 21 99 43 36 90 72 24 16 66 38 43 57 50 40 90 98 36 34 0 12 56 34 93 78 98 38 87 51 64 65 56 99 12 89 11 77 89 92 18 25 80 47 31 59 51 65 34 46 91 94 67 16 90 95 43 22 31 34 10 29 76 92 43 71 74 77 42 96 14 68 70 25 73 15 65 94 14 99 89 43 43 20 38 39 65 35 66 44 80 91 35 57 57 82 13 72 28 50 70 79 59 34 86 57 73 62 63 61 85 11 33 77 91 64 53 34 14 26 20 43 45
76 60 31 75 58 60 34 95 38 83 83 43 12 19 59 85 38 57 66 63 81 21 19 74 54 49 88 72 77 49 32 34 80 15 39 60 55 12 0 89 54 76 44 83 39 29 81 28 39 57 99 43 43 52 51 25 13 40 42 31 65 73 32 76 68 87 13 84 41 86 75 13 23 69 28 97 61 25 18 88 35 87 82 38 28 63 91 68 92 56 70 82 61 54 33 54 22 27 32 32 77 64 52 60 58 21 53 17 61 20 53 89 90 84 24 48 57 74 12 64 68 94 33 91 51 68 17 11 61 35 75 86 58 23 17 76 40 80 87 66
31 58 88 31 71 29 73 70 50 42 78 25 24 95 69 42 80 12 11 85 68 16 59 17 39 40 93 62 61 80 87 37 77 69 39 35 83 56 89 0 46 24 89 42 67 61 65 21 36 57 72 31 21 63 18 46 72 28 63 66 28 30 84 65 74 45 85 88 56 16 29 25 39 48 86 83 97 84 44 90 22 97 15 33 62 73 73 27 18 70 36 81 76 73 17 43 64 85 77 36 12 83 91 52 72 29 30 95 94 18 71 90 62 34 40 90 62 19 36 11 49 77 64 82 41 70 82 47 76 16 47 55 38 83 87 19 24 82 18 74
70 44 33 67 52 40 62 99 52 91 39 33 90 56 46 96 50 34 12 21 88 72 64 54 76 74 86 74 66 34 85 78 43 58 15 98 56 34 54 46 0 34 46 69 17 53 62 43 34 85 48 86 69 66 64 45 88 97 15 84 83 43 60 49 81 15 92 49 68 26 31 87 84 76 71 12 60 36 59 56 22 93 26 85 23 62 38 99 63 88 75 33 23 16 24 60 17 37 12 47 14 59 35 43 48 54 21 16 60 47 36 22 71 95 75 45 60 22 11 55 10 81 87 97 41 55 31 41 93 83 21 21 48 97 99 77 29 79 80 23
14 72 20 92 65 21 50 87 49 93 92 21 47 11 37 14 85 35 58 24 77 17 60 23 60 42 47 44 60 61 10 48 39 21 12 89 70 93 76 24 34 0 72 77 85 45 15 64 91 32 38 24 36 89 71 81 69 97 93 36 61 34 73 31 39 78 46 95 99 64 90 46 96 66 40 60 40 96 25 49 18 35 23 44 75 68 25 56 65 33 63 62 59 79 86 93 28 79 17 65 65 50 10 24 84 24 70 30 15 52 33 64 54 55 12 79 65 65 30 75 81 49 66 80 62 80 78 31 11 83 30 84 40 23 70 74 96 40 77 80
68 84 26 32 48 98 95 32 16 44 36 69 72 38 56 72 65 77 42 38 84 26 33 51 24 33 90 58 83 98 65 23 86 79 27 56 91 78 44 89 46 72 0 52 52 33 61 84 63 87 95 36 58 99 35 21 23 67 25 53 48 94 49 35 80 23 29 81 72 85 69 87 41 40 19 67 85 23 31 67 28 33 69 63 68 75 56 37 77 46 17 36 24 81 62 54 29 88 50 58 33 19 85 59 86 30 18 81 16 62 37 17 73 27 32 67 87 76 76 81 12 84 42 31 34 33 84 47 69 95 60 57 39 78 94 23 25 42 98 44
80 13 55 64 84 82 56 27 80 23 11 64 61 92 11 94 66 63 11 46 78 18 84 54 68 86 60 18 15 52 86 10 57 29 62 79 73 98 83 42 69 77 52 0 54 37 52 71 83 96 21 31 22 43 84 26 25 38 42 75 13 29 91 19 82 61 61 96 13 68 90 78 35 69 44 40 38 94 57 52 53 46 95 95 33 58 68 95 45 35 40 70 48 90 37 39 28 44 11 66 35 14 80 80 39 46 73 89 52 77 98 86 59 62 15 59 54 24 52 40 18 28 60 60 14 99 63 15 71 57 33 12 51 39 87 79 79 77 96 23
47 30 22 45 30 89 42 51 96 84 42 82 76 94 28 73 73 48 12 53 48 74 83 57 11 21 15 63 46 12 14 82 74 37 82 94 89 38 39 67 17 85 52 54 0 86 50 12 30 12 88 53 31 32 46 94 80 49 67 77 62 36 61 23 17 86 95 72 90 99 41 96 29 97 82 36 22 19 25 78 52 35 73 92 46 45 56 59 63 60 50 72 46 75 91 10 25 96 71 12 86 88 87 38 22 52 41 66 99 81 19 41 37 19 33 20 13 58 32 55 10 54 77 65 67 54 23 58 21 54 27 71 99 43 93 33 40 65 35 78
56 87 91 61 88 93 84 31 40 13 17 77 96 24 64 50 82 59 77 13 84 83 79 18 20 78 19 81 61 42 85 20 14 65 93 93 88 87 29 61 53 45 33 37 86 0 39 98 64 62 37 91 55 65 29 60 27 87 46 90 90 70 22 10 15 82 77 34 35 52 30 24 87 32 10 93 57 82 40 83 40 32 27 72 60 13 19 96 68 56 11 60 89 60 80 89 52 60 46 76 65 52 57 52 62 55 46 47 58 31 94 27 27 54 42 25 25 27 65 38 55 31 96 46 24 39 38 12 53 36 73 29 84 18 88 43 91 17 43 67
24 65 69 56 33 67 59 32 48 35 44 55 40 96 27 12 20 75 66 15 34 79 64 47 10 40 26 44 13 67 23 80 55 12 11 58 50 51 81 65 62 15 61 52 50 39 0 26 32 53 25 20 25 95 22 98 83 26 11 62 43 97 37 68 55 92 75 75 95 21 77 38 28 50 93 35 17 89 86 43 52 94 86 41 72 87 74 68 55 43 10 32 99 91 34 67 58 33 61 57 36 85 94 43 68 43 51 21 80 67 66 98 44 89 89 35 87 55 34 52 40 12 95 96 38 65 89 41 10 92 36 27 79 90 86 79 22 39 30 70
31 44 15 78 77 18 28 40 22 93 34 42 38 55 78 73 59 39 88 68 97 44 89 47 99 81 87 48 80 20 27 82 11 43 12 96 89 64 28 21 43 64 84 71 12 98 26 0 58 46 30 73 37 72 68 32 20 20 93 80 91 51 78 17 36 29 95 74 12 94 90 30 89 51 12 77 43 76 25 29 52 78 45 20 29 71 49 45 76 21 42 40 39 52 64 60 74 39 77 30 82 40 35 58 74 33 75 20 55 68 18 53 79 37 52 82 14 15 92 52 93 62 79 62 82 59 49 44 22 60 65 41 33 89 41 36 17 38 17 90
18 78 55 14 47 96 42 21 46 45 49 41 59 80 67 33 59 14 75 84 65 63 25 67 88 35 56 24 74 42 12 26 78 85 33 97 74 65 39 36 34 91 63 83 30 64 32 58 0 17 33 90 44 39 49 35 54 13 57 62 49 97 21 43 24 82 38 63 79 50 76 36 52 47 76 39 45 10 79 40 62 21 38 96 36 12 16 25 18 85 62 89 52 52 42 67 95 81 37 77 88 21 20 24 75 93 37 65 28 68 18 25 15 52 28 38 55 38 82 47 55 87 11 55 50 75 36 79 89 72 11 29 61 65 81 82 37 65 82 40
12 82 34 84 22 42 59 11 50 36 27 52 36 40 59 69 58 74 82 81 93 98 68 55 41 47 52 73 16 82 97 33 52 93 42 82 35 56 57 57 85 32 87 96 12 62 53 46 17 0 15 56 15 92 61 16 18 30 67 41 49 34 56 99 43 43 24 50 90 85 48 11 51 61 11 98 49 31 92 11 69 81 66 55 54 51 18 85 21 50 43 72 76 97 82 18 86 64 89 84 15 31 30 32 27 26 44 89 16 72 58 49 86 45 93 90 31 31 14 94 75 90 58 33 97 65 76 79 36 39 89 32 91 12 37 23 26 28 86 41
77 53 28 50 59 71 88 74 24 59 28 26 56 63 81 27 99 37 13 15 18 86 63 41 34 91 99 33 71 12 32 80 70 93 53 49 18 99 99 72 48 38 95 21 88 37 25 30 33 15 0 28 50 35 37 26 54 24 35 94 49 63 57 61 56 28 43 69 39 79 23 71 30 69 49 99 35 58 29 97 96 71 60 32 71 42 83 20 36 50 46 23 41 18 99 35 66 55 47 36 99 78 81 94 77 24 50 87 62 22 89 86 53 82 90 66 50 25 21 23 10 34 69 10 85 56 88 10 72 54 76 65 15 78 37 71 12 76 72 27
50 84 58 60 31 56 49 32 18 28 38 70 56 19 57 25 24 52 14 88 54 97 98 93 94 96 67 33 17 26 99 74 32 57 17 19 30 12 43 31 86 24 36 31 53 91 20 73 90 56 28 0 71 65 21 64 39 96 82 85 98 86 96 39 97 78 45 87 23 88 58 21 15 71 51 80 32 96 35 65 46 49 99 51 54 52 78 22 22 40 78 32 79 75 30 76 74 72 32 23 22 46 16 72 28 45 68 40 62 35 47 31 96 89 47 19 74 94 15 20 87 57 39 50 51 42 55 74 92 39 40 58 59 31 20 35 95 61 75 35
52 10 16 71 79 36 70 73 96 15 47 25 39 38 37 56 94 15 16 12 40 42 60 28 54 45 75 69 64 49 66 10 51 98 82 59 26 89 43 21 69 36 58 22 31 55 25 37 44 15 50 71 0 88 77 25 64 67 55 97 67 11 63 80 35 13 27 89 97 76 87 25 81 17 62 80 86 26 36 67 98 48 21 98 85 42 39 80 91 66 84 51 12 78 34 81 78 68 93 94 33 20 22 30 22 80 62 94 58 94 52 95 24 51 66 12 31 52 30 78 41 87 59 63 70 43 50 77 45 27 79 98 62 25 53 64 98 32 52 83
53 92 31 48 83 83 32 53 64 63 38 95 75 32 51 20 95 93 94 66 66 85 75 12 30 52 69 99 64 59 79 87 57 32 88 58 79 11 52 63 66 89 99 43 32 65 95 72 39 92 35 65 88 0 37 42 39 41 31 94 17 30 90 29 56 57 47 21 11 98 11 14 53 63 83 81 25 72 72 92 17 88 10 66 38 12 74 14 33 32 19 25 64 46 41 13 96 30 91 46 33 11 38 15 76 35 87 81 65 83 65 45 35 77 69 44 23 25 21 32 42 51 88 69 84 94 63 57 41 68 60 65 20 41 85 94 72 18 41 88
36 66 84 30 69 22 20 58 48 18 39 27 92 50 96 40 77 11 41 18 26 43 18 54 62 44 64 45 24 11 68 15 59 55 13 12 96 77 51 18 64 71 35 84 46 29 22 68 49 61 37 21 77 37 0 40 98 69 91 44 48 44 42 30 42 59 17 29 21 97 10 24 62 32 87 55 99 62 86 66 40 21 65 83 12 56 89 92 18 37 30 73 47 32 46 59 40 10 14 82 43 47 22 68 88 96 43 60 59 57 33 90 46 71 59 99 99 28 88 73 10 75 70 14 31 27 67 62 65 58 63 21 58 86 76 64 19 77 75 87
90 78 31 29 19 79 72 17 96 12 47 33 86 19 98 65 69 25 71 84 83 75 50 42 39 14 98 11 42 27 65 57 95 89 25 26 40 89 25 46 45 81 21 26 94 60 98 32 35 16 26 64 25 42 40 0 87 97 19 50 76 76 24 14 72 33 36 68 29 59 15 54 63 22 76 40 96 79 65 18 50 15 49 98 38 47 51 99 45 25 19 79 53 22 19 81 12 94 70 80 91 63 91 90 31 68 63 96 70 73 12 12 56 80 62 86 64 38 57 40 13 61 16 57 44 23 87 22 30 20 88 77 14 77 26 66 57 79 39 67
86 84 82 87 39 55 66 52 52 24 55 85 60 47 23 37 78 81 16 40 53 71 24 47 39 83 92 94 20 40 52 29 10 71 96 59 47 92 13 72 88 69 23 25 80 27 83 20 54 18 54 39 64 39 98 87 0 35 64 86 49 52 21 14 71 84 83 95 24 86 66 85 94 25 83 32 77 33 48 26 31 62 32 93 95 78 24 72 88 66 95 81 52 91 88 13 17 30 41 20 20 47 15 76 91 74 15 39 99 11 64 67 13 80 67 49 11 88 25 30 10 45 15 68 29 90 98 84 89 36 58 67 75 34 31 17 94 18 81 98
67 42 69 12 99 29 53 70 57 36 44 20 67 92 28 14 70 88 72 62 48 81 35 92 26 51 59 10 67 36 90 46 43 83 76 43 26 18 40 28 97 97 67 38 49 87 26 20 13 30 24 96 67 41 69 97 35 0 21 25 43 31 63 74 76 34 88 71 78 57 15 55 59 74 98 12 16 31 82 37 66 83 90 34 55 45 17 73 85 76 10 34 86 66 15 22 30 35 31 92 44 13 52 69 35 66 42 40 10 35 56 62 60 93 58 91 97 33 42 58 32 11 73 75 34 41 10 60 11 91 69 10 22 33 72 58 64 31 76 41
75 73 44 98 45 71 83 98 21 22 58 35 38 13 82 54 98 89 11 46 71 34 76 84 73 66 83 48 97 91 15 46 42 97 90 87 54 25 42 63 15 93 25 42 67 46 11 93 57 67 35 82 55 31 91 19 64 21 0 70 42 15 14 50 67 20 48 85 86 61 80 74 66 86 31 70 53 39 57 60 76 99 66 92 91 22 51 94 28 45 58 69 73 25 69 92 75 82 15 39 95 34 71 64 73 82 64 71 66 29 47 86 55 59 98 52 26 59 49 75 58 18 30 40 57 69 81 10 44 77 12 70 45 77 61 66 34 58 25 54
22 75 43 14 98 95 74 85 41 60 42 97 32 42 60 64 12 75 75 94 43 84 64 69 69 10 15 36 58 30 81 53 11 46 66 34 66 80 31 66 84 36 53 75 77 90 62 80 62 41 94 85 97 94 44 50 86 25 70 0 43 37 46 25 55 88 25 81 74 56 82 26 64 10 32 98 51 64 43 67 39 55 47 59 51 46 23 91 15 86 69 51 10 96 15 72 36 86 48 13 77 27 96 68 96 70 69 34 48 31 49 83 75 68 17 35 12 28 44 21 71 85 30 10 63 86 84 52 44 26 86 28 88 97 22 29 18 22 24 16
91 69 60 42 37 31 65 31 12 44 44 96 65 16 59 94 22 53 88 66 42 20 65 33 85 47 38 14 58 87 11 92 76 88 86 20 70 47 65 28 83 61 48 13 62 90 43 91 49 49 49 98 67 17 48 76 49 43 42 43 0 73 86 62 72 45 65 41 40 62 27 72 76 75 49 21 26 12 47 51 49 61 12 67 66 68 46 59 80 50 93 62 48 58 90 48 71 34 18 39 90 94 13 18 11 16 24 71 57 29 95 25 98 34 27 37 46 53 56 66 86 64 19 24 14 82 20 70 20 78 23 81 97 60 53 47 75 25 75 39
41 23 54 11 72 21 96 66 33 75 62 13 80 47 59 72 48 73 30 26 59 59 82 60 64 50 41 20 86 92 42 69 96 30 58 53 44 31 73 30 43 34 94 29 36 70 97 51 97 34 63 86 11 30 44 76 52 31 15 37 73 0 54 73 16 85 52 11 33 17 36 98 29 58 70 13 29 42 70 78 34 41 12 81 30 75 90 56 60 69 41 12 73 87 32 51 11 71 55 70 58 11 60 52 14 31 90 88 44 92 37 43 74 97 88 47 92 98 64 75 88 14 22 69 87 90 94 40 92 65 40 39 94 20 32 69 32 27 42 70
21 65 98 94 75 53 12 65 92 60 48 75 61 43 66 18 60 23 42 24 28 18 26 23 86 84 93 68 51 73 23 91 35 42 13 11 72 59 32 84 60 73 49 91 61 22 37 78 21 56 57 96 63 90 42 24 21 63 14 46 86 54 0 83 40 61 76 82 33 20 85 73 58 16 28 10 49 37 49 13 26 44 70 76 91 91 33 90 25 55 48 79 71 86 42 64 67 23 39 46 98 28 96 60 94 75 19 20 73 61 13 42 37 44 74 50 81 27 82 57 60 42 19 13 24 64 96 35 24 36 37 92 57 58 63 57 24 39 91 89
88 69 93 71 15 74 81 46 56 69 77 95 74 94 25 26 20 87 65 31 82 96 87 40 12 41 81 56 62 16 87 55 19 73 43 99 63 51 76 65 49 31 35 19 23 10 68 17 43 99 61 39 80 29 30 14 14 74 50 25 62 73 83 0 34 48 40 17 15 79 69 70 59 88 42 68 94 98 77 71 47 42 94 58 27 77 78 61 67 26 89 68 72 35 22 72 25 31 50 14 80 29 43 23 27 44 24 58 71 80 42 49 15 98 57 98 31 63 13 13 33 28 29 64 81 25 31 72 42 38 18 28 40 40 47 13 73 86 49 46
82 43 46 36 76 47 45 15 60 56 63 38 15 67 11 77 91 97 54 77 20 23 17 58 68 71 88 12 94 97 88 43 77 10 60 67 89 65 68 74 81 39 80 82 17 15 55 36 24 43 56 97 35 56 42 72 71 76 67 55 72 16 40 34 0 70 34 25 58 74 90 41 20 41 12 46 33 13 56 60 92 20 75 69 62 58 40 25 30 16 77 54 44 65 31 85 50 39 18 32 27 21 13 93 87 44 75 35 19 54 38 93 77 63 97 20 37 28 46 75 23 92 64 81 65 40 55 85 35 17 83 76 28 71 85 20 88 42 59 26
67 13 50 45 36 11 66 36 95 10 27 78 43 56 28 92 41 22 79 29 39 13 76 58 58 70 67 29 59 20 74 36 89 94 49 65 96 34 87 45 15 78 23 61 86 82 92 29 82 43 28 78 13 57 59 33 84 34 20 88 45 85 61 48 70 0 75 28 61 19 49 45 35 12 54 68 35 25 11 82 33 15 56 98 97 90 66 97 72 17 29 21 23 18 62 28 81 40 97 86 18 78 27 55 95 96 91 54 88 10 25 85 38 93 82 16 29 52 31 90 97 71 27 13 43 23 83 55 76 13 27 37 34 45 30 55 72 60 41 92
99 35 73 94 26 51 45 30 93 33 19 61 77 98 86 68 58 39 29 63 88 34 52 27 73 71 63 45 37 24 29 23 78 74 38 70 79 46 13 85 92 46 29 61 95 77 75 95 38 24 43 45 27 47 17 36 83 88 48 25 65 52 76 40 34 75 0 66 85 74 48 33 27 44 30 60 94 61 94 77 17 40 21 71 59 21 86 17 78 70 35 38 59 80 35 40 81 51 28 56 81 98 46 80 24 78 45 63 90 61 93 54 10 63 56 85 15 83 34 54 63 35 45 25 24 71 70 74 49 20 23 51 38 47 24 26 18 18 16 88
78 34 23 97 50 17 28 67 85 35 11 58 39 19 66 28 65 55 41 83 31 95 74 85 29 66 93 14 73 22 35 75 74 10 38 18 16 91 84 88 49 95 81 96 72 34 75 74 63 50 69 87 89 21 29 68 95 71 85 81 41 11 82 17 25 28 66 0 53 16 41 46 72 84 40 69 20 56 63 77 55 37 59 93 29 62 60 72 30 24 58 15 74 68 94 81 99 55 90 96 45 34 50 19 37 20 31 75 70 86 83 47 60 65 16 79 72 79 24 28 10 22 80 26 40 68 77 82 94 50 21 29 19 79 75 88 58 16 27 20
96 48 60 29 79 56 29 71 57 97 43 41 32 22 25 58 33 42 51 52 46 98 59 76 21 10 13 99 32 76 30 15 13 99 83 98 97 94 41 56 68 99 72 13 90 35 95 12 79 90 39 23 97 11 21 29 24 78 86 74 40 33 33 15 58 61 85 53 0 30 74 30 84 98 40 71 65 71 13 35 73 81 31 76 12 53 55 57 83 26 40 30 73 80 55 96 96 73 57 64 22 32 93 74 42 75 11 61 84 19 98 31 69 67 48 64 53 30 68 81 39 43 22 34 51 49 91 53 15 59 66 29 94 27 46 96 18 39 27 95
28 81 12 65 36 40 26 16 69 35 37 58 37 94 67 28 25 31 85 43 58 79 26 16 31 27 67 34 92 98 94 42 80 52 80 70 30 67 86 16 26 64 85 68 99 52 21 94 50 85 79 88 76 98 97 59 86 57 61 56 62 17 20 79 74 19 74 16 30 0 61 32 92 65 48 14 70 56 28 14 33 75 34 38 75 44 30 71 14 96 20 52 83 51 93 80 42 59 29 94 29 77 46 87 67 18 35 60 59 17 47 98 98 29 26 82 76 15 22 38 59 32 64 48 14 43 81 68 20 13 41 45 49 46 71 60 47 51 62 27
79 90 54 50 72 70 83 75 52 92 33 68 81 69 15 24 56 89 48 84 11 13 21 72 79 42 17 37 95 99 37 80 80 79 91 29 23 16 75 29 31 90 69 90 41 30 77 90 76 48 23 58 87 11 10 15 66 15 80 82 27 36 85 69 90 49 48 41 74 61 0 51 56 69 99 25 21 46 88 23 41 75 81 79 22 84 52 35 68 93 97 38 74 53 78 30 84 65 65 45 27 68 65 81 15 24 60 15 18 34 76 29 61 76 87 41 12 97 56 13 77 15 47 66 39 16 69 69 62 93 99 36 70 46 10 88 23 46 72 53
91 87 66 10 41 38 61 92 12 72 24 95 34 43 11 99 81 56 17 26 37 67 54 17 17 51 44 60 30 66 16 97 42 27 42 14 55 90 13 25 87 46 87 78 96 24 38 30 36 11 71 21 25 14 24 54 85 55 74 26 72 98 73 70 41 45 33 46 30 32 51 0 49 74 64 58 87 29 67 54 35 33 10 79 50 83 74 25 10 25 82 76 18 24 95 87 73 41 48 61 47 75 14 27 93 72 47 32 67 90 81 10 73 36 39 61 49 81 98 25 90 46 47 49 66 21 73 51 62 54 23 22 36 11 26 75 54 36 99 52
97 59 64 88 81 19 97 63 37 53 80 73 83 17 91 68 21 89 12 77 51 15 85 73 34 80 75 51 88 93 21 12 41 22 64 20 24 95 23 39 84 96 41 35 29 87 28 89 52 51 30 15 81 53 62 63 94 59 66 64 76 29 58 59 20 35 27 72 84 92 56 49 0 39 33 82 94 83 50 72 52 99 96 66 53 81 37 80 50 61 30 77 84 77 69 22 27 53 26 27 74 53 40 10 62 31 20 96 56 19 85 21 32 18 18 40 76 88 41 40 79 54 21 84 10 93 34 95 45 72 60 57 67 41 29 54 67 81 24 33
86 40 47 46 19 47 89 90 59 56 52 60 39 72 14 23 31 42 82 38 42 89 56 35 53 69 55 65 56 82 92 21 62 74 20 43 13 43 69 48 76 66 40 69 97 32 50 51 47 61 69 71 17 63 32 22 25 74 86 10 75 58 16 88 41 12 44 84 98 65 69 74 39 0 36 94 72 57 76 68 82 56 42 83 43 60 67 48 56 27 40 13 51 63 19 82 49 50 84 34 25 70 10 91 56 38 89 24 72 55 60 13 70 13 20 61 29 69 90 61 58 62 59 53 20 48 84 12 63 33 12 71 18 97 15 91 97 78 92 24
35 46 95 18 12 77 94 31 32 48 63 90 85 18 87 51 92 54 77 40 88 85 26 66 36 51 12 40 39 47 41 11 58 61 37 32 72 22 28 86 71 40 19 44 82 10 93 12 76 11 49 51 62 83 87 76 83 98 31 32 49 70 28 42 12 54 30 40 40 48 99 64 33 36 0 16 78 17 95 10 45 94 79 36 19 16 40 83 16 34 68 38 91 58 82 23 74 55 18 34 16 41 39 47 94 96 89 87 42 76 80 79 82 95 55 45 76 20 67 72 17 24 14 46 35 22 76 69 68 96 21 35 22 98 26 63 82 62 22 45
97 54 30 63 38 92 93 24 19 70 60 76 85 94 37 83 18 74 10 63 57 37 81 75 89 75 48 55 22 41 69 79 90 19 68 73 43 31 97 83 12 60 67 40 36 93 35 77 39 98 99 80 80 81 55 40 32 12 70 98 21 13 10 68 46 68 60 69 71 14 25 58 82 94 16 0 28 85 83 43 90 60 51 62 12 41 98 13 98 77 17 87 97 40 82 36 47 97 12 37 64 74 23 28 20 25 76 99 18 89 97 75 73 14 67 54 40 26 70 63 76 89 36 61 20 43 62 95 80 38 68 68 70 68 63 44 63 37 88 71
15 93 80 28 92 82 34 67 17 13 32 81 66 74 80 75 95 76 65 82 68 14 74 78 81 53 41 46 62 22 44 31 96 78 81 22 13 34 61 97 60 40 85 38 22 57 17 43 45 49 35 32 86 25 99 96 77 16 53 51 26 29 49 94 33 35 94 20 65 70 21 87 94 72 78 28 0 49 86 36 63 36 97 68 55 79 11 98 12 55 93 48 73 35 97 42 82 72 88 15 12 21 46 65 64 74 54 36 68 19 95 21 52 88 18 48 31 69 77 99 41 31 79 95 29 24 58 90 31 82 87 36 34 15 11 66 43 30 49 41
87 39 78 17 20 69 44 41 89 99 76 63 17 78 12 90 55 18 61 26 16 95 26 46 85 53 89 83 44 70 53 23 77 48 49 15 81 10 25 84 36 96 23 94 19 82 89 76 10 31 58 96 26 72 62 79 33 31 39 64 12 42 37 98 13 25 61 56 71 56 46 29 83 57 17 85 49 0 43 83 49 37 16 43 69 52 70 54 24 65 17 10 85 63 16 98 59 66 66 90 22 11 52 88 69 30 54 54 63 69 59 42 70 93 11 36 49 54 28 38 51 40 62 19 42 51 75 61 92 43 78 36 39 16 96 14 55 28 27 71
95 12 28 56 55 45 30 64 28 66 89 15 75 40 86 81 47 97 18 89 81 99 62 35 48 33 48 59 83 52 44 95 35 92 60 76 71 29 18 44 59 25 31 57 25 40 86 25 79 92 29 35 36 72 86 65 48 82 57 43 47 70 49 77 56 11 94 63 13 28 88 67 50 76 95 83 86 43 0 13 37 79 70 94 89 83 88 69 63 73 31 78 76 16 43 89 11 17 69 59 35 65 48 42 54 41 13 73 53 49 97 43 21 73 20 14 28 45 35 27 59 89 78 28 21 34 64 89 71 59 92 43 45 86 87 99 54 24 80 95
68 40 22 65 52 83 11 49 30 52 15 23 83 89 19 94 28 69 41 67 71 49 27 25 47 68 81 30 17 80 14 78 56 81 26 83 20 76 88 90 56 49 67 52 78 83 43 29 40 11 97 65 67 92 66 18 26 37 60 67 51 78 13 71 60 82 77 77 35 14 23 54 72 68 10 43 36 83 13 0 71 42 80 28 74 70 60 50 79 71 62 21 44 67 39 81 53 26 12 28 31 13 31 19 52 83 26 19 27 37 26 29 28 73 93 40 94 99 87 77 64 28 99 28 78 98 37 66 73 10 12 41 19 74 77 69 55 74 68 78
88 64 56 52 54 38 39 13 17 86 62 23 32 88 79 70 62 28 57 76 39 14 20 36 42 86 91 99 95 29 65 21 73 59 22 29 83 92 35 22 22 18 28 53 52 40 52 52 62 69 96 46 98 17 40 50 31 66 76 39 49 34 26 47 92 33 17 55 73 33 41 35 52 82 45 90 63 49 37 71 0 22 93 29 76 63 38 99 99 57 88 86 91 74 51 88 45 71 21 92 99 85 38 76 29 16 64 59 43 47 56 88 43 84 42 94 20 60 92 12 68 14 30 79 58 81 10 80 13 76 13 19 50 80 46 18 22 68 44 79
93 83 49 58 25 92 88 29 58 81 79 51 49 40 26 13 70 69 16 44 31 62 94 61 28 34 87 83 89 96 95 93 53 95 40 54 43 43 87 97 93 35 33 46 35 32 94 78 21 81 71 49 48 88 21 15 62 83 99 55 61 41 44 42 20 15 40 37 81 75 75 33 99 56 94 60 36 37 79 42 22 0 49 64 77 54 56 50 80 96 37 11 15 49 35 46 67 61 45 51 20 12 30 14 53 39 60 88 30 33 96 60 27 67 51 79 71 54 16 55 55 46 30 52 99 57 74 51 34 46 11 95 96 89 15 62 39 71 51 46
17 27 76 32 45 84 72 56 74 78 92 21 96 98 38 47 25 92 60 94 21 77 83 99 81 90 58 52 58 80 14 58 75 29 98 80 54 71 82 15 26 23 69 95 73 27 86 45 38 66 60 99 21 10 65 49 32 90 66 47 12 12 70 94 75 56 21 59 31 34 81 10 96 42 79 51 97 16 70 80 93 49 0 29 17 54 54 33 74 31 32 68 72 93 26 34 26 67 93 19 66 93 74 52 36 97 63 31 22 87 36 52 57 11 78 58 63 22 26 26 63 16 89 56 24 85 50 36 34 37 80 99 30 20 82 11 74 29 25 37
98 66 30 41 27 42 35 46 76 25 30 61 54 99 44 60 29 30 43 23 65 99 43 70 63 47 71 77 77 83 56 53 73 80 31 70 14 74 38 33 85 44 63 95 92 72 41 20 96 55 32 51 98 66 83 98 93 34 92 59 67 81 76 58 69 98 71 93 76 38 79 79 66 83 36 62 68 43 94 28 29 64 29 0 45 97 76 57 29 99 25 69 46 72 16 91 52 93 63 18 92 15 97 36 85 10 83 30 10 54 70 15 62 55 89 55 41 29 40 80 98 19 34 66 22 81 93 12 66 85 72 62 14 15 31 25 27 92 81 26
69 23 16 25 97 16 26 18 31 46 68 66 47 84 38 73 94 64 14 57 12 98 86 60 78 48 24 24 12 70 31 24 63 96 54 76 63 77 28 62 23 75 68 33 46 60 72 29 36 54 71 54 85 38 12 38 95 55 91 51 66 30 91 27 62 97 59 29 12 75 22 50 53 43 19 12 55 69 89 74 76 77 17 45 0 37 73 56 18 49 84 97 61 13 57 76 93 67 27 94 67 36 20 14 42 11 22 54 25 86 64 25 15 30 45 56 25 63 15 49 20 68 89 19 44 31 25 43 28 83 81 35 25 53 77 11 21 43 54 73
76 62 65 65 22 46 68 26 12 70 35 19 48 96 27 77 67 57 12 38 55 33 67 27 10 36 14 42 66 75 77 38 43 93 65 45 59 42 63 73 62 68 75 58 45 13 87 71 12 51 42 52 42 12 56 47 78 45 22 46 68 75 91 77 58 90 21 62 53 44 84 83 81 60 16 41 79 52 83 70 63 54 54 97 37 0 81 65 88 42 16 69 57 90 55 32 78 27 96 55 37 50 74 24 22 45 78 65 28 68 58 90 79 16 80 31 86 40 93 77 62 31 63 53 58 94 61 20 97 76 73 99 81 41 26 44 76 85 90 15
48 27 10 18 96 92 15 78 44 37 50 66 18 66 18 34 67 43 20 81 86 43 45 46 90 31 55 25 86 79 33 69 60 53 73 30 23 96 91 73 38 25 56 68 56 19 74 49 16 18 83 78 39 74 89 51 24 17 51 23 46 90 33 78 40 66 86 60 55 30 52 74 37 67 40 98 11 70 88 60 38 56 54 76 73 81 0 24 42 71 74 68 77 15 60 51 59 10 77 33 52 31 56 31 98 46 31 18 33 70 54 47 33 31 87 28 10 34 30 78 34 35 43 24 59 94 20 96 12 74 99 10 17 74 47 70 50 25 59 71
86 50 58 57 41 61 63 21 44 34 48 26 48 53 47 73 98 31 71 84 59 55 58 53 26 47 60 35 36 61 41 80 92 32 59 32 20 14 68 27 99 56 37 95 59 96 68 45 25 85 20 22 80 14 92 99 72 73 94 91 59 56 90 61 25 97 17 72 57 71 35 25 80 48 83 13 98 54 69 50 99 50 33 57 56 65 24 0 62 56 84 74 41 20 82 90 57 26 81 67 24 44 27 16 61 49 66 42 91 22 74 20 13 53 41 95 68 65 77 66 59 10 43 30 32 24 63 97 51 98 61 18 43 66 75 29 71 46 30 85
52 64 72 16 58 51 94 12 76 20 78 16 88 98 29 92 25 58 74 85 76 90 29 25 89 81 63 38 57 12 30 16 43 34 20 47 63 68 92 18 63 65 77 45 63 68 55 76 18 21 36 22 91 33 18 45 88 85 28 15 80 60 25 67 30 72 78 30 83 14 68 10 50 56 16 98 12 24 63 79 99 80 74 29 18 88 42 62 0 29 32 82 59 53 55 78 45 62 53 13 68 38 71 83 70 13 17 70 95 90 29 29 94 42 70 40 34 84 51 98 29 72 34 55 69 97 51 62 72 74 81 92 58 54 70 81 96 27 55 19
54 33 10 24 72 59 34 93 29 98 87 18 85 60 60 78 89 47 16 59 99 12 45 10 40 31 17 67 80 45 14 17 77 63 77 57 59 70 56 70 88 33 46 35 60 56 43 21 85 50 50 40 66 32 37 25 66 76 45 86 50 69 55 26 16 17 70 24 26 96 93 25 61 27 34 77 55 65 73 71 57 96 31 99 49 42 71 56 29 0 94 39 57 14 17 21 93 41 93 46 73 96 52 60 37 98 54 12 91 66 73 89 60 57 27 70 67 58 91 87 81 45 54 37 60 58 36 52 10 89 59 78 81 41 72 35 35 77 56 88
54 92 61 85 57 68 25 94 36 83 78 31 23 98 92 44 81 44 76 67 68 81 61 47 72 52 41 83 75 52 44 41 39 14 72 98 44 25 70 36 75 63 17 40 50 11 10 42 62 43 46 78 84 19 30 19 95 10 58 69 93 41 48 89 77 29 35 58 40 20 97 82 30 40 68 17 93 17 31 62 88 37 32 25 84 16 74 84 32 94 0 98 25 68 30 95 35 91 88 31 87 50 41 37 84 13 26 30 16 54 51 16 94 94 66 46 79 77 36 61 61 85 94 87 84 51 31 37 32 73 84 12 99 17 20 44 67 92 25 87
90 33 73 49 95 97 30 61 54 35 44 99 43 85 31 56 96 68 30 20 14 46 15 30 37 87 19 90 38 17 43 85 32 57 98 32 72 73 82 81 33 62 36 70 72 60 32 40 89 72 23 32 51 25 73 79 81 34 69 51 62 12 79 68 54 21 38 15 30 52 38 76 77 13 38 87 48 10 78 21 86 11 68 69 97 69 68 74 82 39 98 0 51 98 28 83 62 47 75 84 23 46 25 46 44 90 44 63 26 34 79 23 10 36 63 59 55 56 80 53 52 63 86 99 88 90 42 11 37 58 80 53 46 58 16 22 58 76 57 13
66 75 78 57 73 37 78 48 75 16 98 56 50 78 15 95 21 91 42 15 52 49 85 42 38 49 72 18 41 74 13 69 76 39 62 52 23 15 61 76 23 59 24 48 46 89 99 39 52 76 41 79 12 64 47 53 52 86 73 10 48 73 71 72 44 23 59 74 73 83 74 18 84 51 91 97 73 85 76 44 91 15 72 46 61 57 77 41 59 57 25 51 0 34 86 57 88 16 49 76 86 97 68 71 96 15 72 56 69 91 38 47 14 26 86 52 17 83 96 15 49 82 38 89 91 81 84 45 82 54 53 24 56 80 89 27 57 15 87 69
94 28 39 42 53 87 12 87 56 95 81 36 28 61 77 45 31 30 50 64 90 90 64 66 18 18 61 63 45 14 78 91 34 62 30 65 77 65 54 73 16 79 81 90 75 60 91 52 52 97 18 75 78 46 32 22 91 66 25 96 58 87 86 35 65 18 80 68 80 51 53 24 77 63 58 40 35 63 16 67 74 49 93 72 13 90 15 20 53 14 68 98 34 0 22 58 43 43 77 80 15 46 81 44 68 81 94 11 89 93 58 34 67 28 34 77 85 43 22 57 41 79 64 21 54 86 29 16 60 80 25 36 41 60 55 50 77 82 93 38
43 74 95 58 66 96 18 68 38 72 23 15 24 36 57 28 32 98 48 78 20 94 55 21 80 67 97 81 80 95 35 33 79 40 28 19 65 94 33 17 24 86 62 37 91 80 34 64 42 82 99 30 34 41 46 19 88 15 69 15 90 32 42 22 31 62 35 94 55 93 78 95 69 19 82 82 97 16 43 39 51 35 26 16 57 55 60 82 55 17 30 28 86 22 0 94 99 12 54 16 95 78 14 41 41 38 13 14 70 51 14 41 91 55 52 88 17 29 30 45 69 67 62 34 73 73 57 67 55 41 86 92 31 68 47 75 81 77 95 22
32 29 84 25 16 11 95 91 46 56 85 71 41 63 65 32 43 34 98 64 80 99 67 78 27 98 60 49 97 96 19 57 35 25 76 47 37 14 54 43 60 93 54 39 10 89 67 60 67 18 35 76 81 13 59 81 13 22 92 72 48 51 64 72 85 28 40 81 96 80 30 87 22 82 23 36 42 98 89 81 88 46 34 91 76 32 51 90 78 21 95 83 57 58 94 0 80 11 64 46 58 58 57 86 79 64 84 87 68 57 93 11 47 43 22 96 19 87 44 80 45 18 79 54 95 73 68 48 54 55 81 76 49 72 56 53 69 21 24 62
95 37 51 68 24 13 28 65 29 10 44 25 81 68 81 20 77 12 14 11 37 65 97 84 91 99 91 70 94 14 68 65 31 28 42 19 69 99 22 64 17 28 29 28 25 52 58 74 95 86 66 74 78 96 40 12 17 30 75 36 71 11 67 25 50 81 81 99 96 42 84 73 27 49 74 47 82 59 11 53 45 67 26 52 93 78 59 57 45 93 35 62 88 43 99 80 0 87 61 34 36 53 14 55 18 18 22 65 93 43 19 70 68 19 88 65 82 22 28 54 12 87 91 80 35 69 98 96 36 72 50 85 10 44 29 17 96 71 75 69
22 22 14 25 30 59 26 73 20 21 90 43 48 52 50 27 12 90 34 25 62 25 37 11 27 48 86 74 89 79 82 68 94 34 96 49 62 89 27 85 37 79 88 44 96 60 33 39 81 64 55 72 68 30 10 94 30 35 82 86 34 71 23 31 39 40 51 55 73 59 65 41 53 50 55 97 72 66 17 26 71 61 67 93 67 27 10 26 62 41 91 47 16 43 12 11 87 0 39 13 26 83 31 73 39 45 38 72 46 99 46 87 39 52 42 61 88 88 15 80 81 71 15 33 67 95 61 75 32 99 24 80 77 24 29 82 57 75 90 85
54 23 99 56 34 20 71 55 42 39 76 44 47 38 99 28 93 49 67 89 84 46 17 32 16 87 89 72 94 24 63 57 51 98 98 27 67 43 32 77 12 17 50 11 71 46 61 77 37 89 47 32 93 91 14 70 41 31 15 48 18 55 39 50 18 97 28 90 57 29 65 48 26 84 18 12 88 66 69 12 21 45 93 63 27 96 77 81 53 93 88 75 49 77 54 64 61 39 0 38 34 98 81 74 56 98 69 99 53 52 41 48 46 80 30 63 51 16 26 51 69 87 23 22 37 52 88 92 15 19 80 26 61 91 46 39 32 14 77 33
41 49 95 13 90 64 48 86 45 17 11 92 80 89 33 73 15 55 28 82 81 18 19 89 27 68 68 77 97 39 38 99 31 11 63 71 73 43 32 36 47 65 58 66 12 76 57 30 77 84 36 23 94 46 82 80 20 92 39 13 39 70 46 14 32 86 56 96 64 94 45 61 27 34 34 37 15 90 59 28 92 51 19 18 94 55 33 67 13 46 31 84 76 80 16 46 34 13 38 0 69 98 81 20 40 96 47 64 38 47 65 93 34 44 51 47 58 21 91 22 90 88 11 28 48 45 74 73 65 95 58 24 47 87 14 90 67 93 35 93
36 41 25 84 31 41 29 74 28 60 30 12 15 92 48 27 30 41 98 48 22 73 99 74 52 64 60 21 39 63 41 89 56 77 97 39 99 20 77 12 14 65 33 35 86 65 36 82 88 15 99 22 33 33 43 91 20 44 95 77 90 58 98 80 27 18 81 45 22 29 27 47 74 25 16 64 12 22 35 31 99 20 66 92 67 37 52 24 68 73 87 23 86 15 95 58 36 26 34 69 0 36 16 12 55 37 19 54 59 68 66 72 96 61 88 86 54 73 36 98 53 13 39 82 60 50 99 54 98 45 99 59 68 65 35 38 63 35 96 91
26 51 61 90 47 56 71 83 51 54 85 11 19 16 42 58 71 28 71 27 93 76 26 20 49 85 68 43 74 71 64 92 65 99 18 12 43 38 64 83 59 50 19 14 88 52 85 40 21 31 78 46 20 11 47 63 47 13 34 27 94 11 28 29 21 78 98 34 32 77 68 75 53 70 41 74 21 11 65 13 85 12 93 15 36 50 31 44 38 96 50 46 97 46 78 58 53 83 98 98 36 0 29 22 72 46 59 14 33 58 22 50 30 30 38 30 78 86 72 22 21 32 77 92 71 41 34 65 72 28 28 91 73 46 73 67 57 62 90 85
34 23 21 97 38 70 96 57 84 97 38 21 48 42 22 72 45 47 86 26 83 58 82 88 44 21 89 53 12 74 52 48 97 92 62 68 27 39 52 91 35 10 85 80 87 57 94 35 20 30 81 16 22 38 22 91 15 52 71 96 13 60 96 43 13 27 46 50 93 46 65 14 40 10 39 23 46 52 48 31 38 30 74 97 20 74 56 27 71 52 41 25 68 81 14 57 14 31 81 81 16 29 0 96 50 71 10 49 29 62 67 49 11 61 19 88 30 19 22 51 28 38 81 87 15 64 41 86 63 11 81 73 99 66 89 76 72 33 23 92
77 60 66 63 82 49 65 98 78 15 96 48 86 87 84 57 15 17 61 79 67 21 38 75 39 36 59 50 95 75 93 89 74 26 60 28 44 65 60 52 43 24 59 80 38 52 43 58 24 32 94 72 30 15 68 90 76 69 64 68 18 52 60 23 93 55 80 19 74 87 81 27 10 91 47 28 65 88 42 19 76 14 52 36 14 24 31 16 83 60 37 46 71 44 41 86 55 73 74 20 12 22 96 0 54 53 31 88 47 58 99 60 19 27 40 56 74 78 92 34 91 72 46 38 89 68 38 15 70 38 86 87 83 39 37 40 97 36 39 84
72 21 79 19 10 33 56 60 63 72 37 28 13 37 46 56 76 95 73 26 28 40 87 48 57 25 92 35 71 38 19 76 67 66 31 57 66 35 58 72 48 84 86 39 22 62 68 74 75 27 77 28 22 76 88 31 91 35 73 96 11 14 94 27 87 95 24 37 42 67 15 93 62 56 94 20 64 69 54 52 29 53 36 85 42 22 98 61 70 37 84 44 96 68 41 79 18 39 56 40 55 72 50 54 0 74 89 51 28 45 54 43 53 91 83 11 25 11 47 56 68 15 12 65 31 36 98 88 19 20 69 33 45 71 68 61 42 82 99 57
84 83 91 26 14 28 69 76 18 42 69 64 42 11 96 21 88 92 40 29 17 52 53 22 81 75 20 21 61 35 70 55 98 33 62 76 42 66 21 29 54 24 30 46 52 55 43 33 93 26 24 45 80 35 96 68 74 66 82 70 16 31 75 44 44 96 78 20 75 18 24 72 31 38 96 25 74 30 41 83 16 39 97 10 11 45 46 49 13 98 13 90 15 81 38 64 18 45 98 96 37 46 71 53 74 0 12 85 65 63 38 98 60 99 39 74 28 90 21 63 47 52 70 18 86 10 29 89 99 68 70 13 59 96 32 74 68 46 36 52
53 70 66 12 60 29 94 11 10 66 22 26 57 48 78 27 51 96 37 92 91 28 82 76 59 21 97 84 17 40 77 94 86 83 90 56 81 44 53 30 21 70 18 73 41 46 51 75 37 44 50 68 62 87 43 63 15 42 64 69 24 90 19 24 75 91 45 31 11 35 60 47 20 89 89 76 54 54 13 26 64 60 63 83 22 78 31 66 17 54 26 44 72 94 13 84 22 38 69 47 19 59 10 31 89 12 0 19 97 89 48 52 73 38 43 61 92 57 66 72 74 61 65 44 36 94 22 29 14 35 25 28 76 63 17 91 52 22 45 19
37 81 87 60 80 26 93 78 59 20 28 21 32 24 98 41 98 10 43 27 67 37 45 82 40 52 30 64 53 59 89 40 54 69 78 54 86 80 17 95 16 30 81 89 66 47 21 20 65 89 87 40 94 81 60 96 39 40 71 34 71 88 20 58 35 54 63 75 61 60 15 32 96 24 87 99 36 54 73 19 59 88 31 30 54 65 18 42 70 12 30 63 56 11 14 87 65 72 99 64 54 14 49 88 51 85 19 0 98 20 38 41 34 70 34 94 43 53 76 19 18 50 34 48 68 62 65 72 17 55 76 12 41 77 82 87 12 78 68 86
48 24 52 92 16 95 91 33 43 50 14 27 71 90 55 82 59 11 79 89 29 64 11 37 30 10 95 40 43 85 93 45 36 55 43 62 33 91 61 94 60 15 16 52 99 58 80 55 28 16 62 62 58 65 59 70 99 10 66 48 57 44 73 71 19 88 90 70 84 59 18 67 56 72 42 18 68 63 53 27 43 30 22 10 25 28 33 91 95 91 16 26 69 89 70 68 93 46 53 38 59 33 29 47 28 65 97 98 0 30 40 48 23 93 30 33 84 33 90 27 61 94 24 75 83 67 44 79 82 68 68 36 19 80 39 35 51 90 88 45
58 51 63 57 54 72 41 98 62 50 81 75 83 65 11 27 92 18 86 69 93 86 26 51 91 90 47 27 34 65 16 33 14 78 83 17 45 35 20 18 47 52 62 77 81 31 67 68 68 72 22 35 94 83 57 73 11 35 29 31 29 92 61 80 54 10 61 86 19 17 34 90 19 55 76 89 19 69 49 37 47 33 87 54 86 68 70 22 90 66 54 34 91 93 51 57 43 99 52 47 68 58 62 58 45 63 89 20 30 0 85 26 56 32 87 60 43 84 44 43 66 72 72 79 68 62 75 44 89 16 37 63 56 17 42 38 71 37 94 70
20 99 23 75 30 68 62 65 78 20 77 70 33 44 62 32 37 70 45 95 10 44 76 43 25 44 53 38 10 10 57 55 31 78 14 99 28 57 53 71 36 33 37 98 19 94 66 18 18 58 89 47 52 65 33 12 64 56 47 49 95 37 13 42 38 25 93 83 98 47 76 81 85 60 80 97 95 59 97 26 56 96 36 70 64 58 54 74 29 73 51 79 38 58 14 93 19 46 41 65 66 22 67 99 54 38 48 38 40 85 0 71 28 86 92 69 89 15 58 40 91 24 22 22 14 84 11 33 44 48 69 95 21 39 45 99 66 73 28 10
23 14 40 65 96 63 48 22 69 62 56 38 28 13 93 77 33 43 82 73 36 62 44 43 96 39 56 49 86 92 30 96 24 22 19 31 75 57 89 90 22 64 17 86 41 27 98 53 25 49 86 31 95 45 90 12 67 62 86 83 25 43 42 49 93 85 54 47 31 98 29 10 21 13 79 75 21 42 43 29 88 60 52 15 25 90 47 20 29 89 16 23 47 34 41 11 70 87 48 93 72 50 49 60 43 98 52 41 48 26 71 0 35 84 97 10 60 23 14 95 88 72 77 39 75 87 16 57 92 13 36 40 12 14 99 23 37 62 53 16
84 88 45 86 42 82 16 32 22 71 66 93 11 27 44 28 20 31 62 88 56 86 44 37 22 10 45 77 77 20 46 35 72 26 15 21 53 82 90 62 71 54 73 59 37 27 44 79 15 86 53 96 24 35 46 56 13 60 55 75 98 74 37 15 77 38 10 60 69 98 61 73 32 70 82 73 52 70 21 28 43 27 57 62 15 79 33 13 94 60 94 10 14 67 91 47 68 39 46 34 96 30 11 19 53 60 73 34 23 56 28 35 0 20 57 45 92 18 73 45 21 78 82 28 27 67 59 93 88 69 68 97 93 78 37 27 68 52 73 22
98 61 45 68 49 71 33 85 76 51 83 42 79 44 31 90 15 37 62 29 90 78 39 86 67 78 68 15 85 95 59 97 63 60 29 25 22 13 84 34 95 55 27 62 19 54 89 37 52 45 82 89 51 77 71 80 80 93 59 68 34 97 44 98 63 93 63 65 67 29 76 36 18 13 95 14 88 93 73 73 84 67 11 55 30 16 31 53 42 57 94 36 26 28 55 43 19 52 80 44 61 30 61 27 91 99 38 70 93 32 86 84 20 0 37 35 81 61 29 15 61 58 95 86 26 81 74 51 59 88 33 76 48 42 93 31 62 84 86 74
39 64 32 44 86 11 30 46 65 52 66 45 48 63 27 72 49 49 70 84 18 14 84 61 97 43 96 66 24 30 23 27 99 48 21 91 48 72 24 40 75 12 32 15 33 42 89 52 28 93 90 47 66 69 59 62 67 58 98 17 27 88 74 57 97 82 56 16 48 26 87 39 18 20 55 67 18 11 20 93 42 51 78 89 45 80 87 41 70 27 66 63 86 34 52 22 88 42 30 51 88 38 19 40 83 39 43 34 30 87 92 97 57 37 0 63 45 32 89 50 85 87 51 48 45 43 72 73 55 61 16 32 83 54 32 87 67 81 62 96
77 12 36 92 69 21 50 45 18 85 63 34 11 80 13 13 96 12 59 58 57 63 23 33 13 63 79 95 84 80 41 71 52 11 38 46 26 28 48 90 45 79 67 59 20 25 35 82 38 90 66 19 12 44 99 86 49 91 52 35 37 47 50 98 20 16 85 79 64 82 41 61 40 61 45 54 48 36 14 40 94 79 58 55 56 31 28 95 40 70 46 59 52 77 88 96 65 61 63 47 86 30 88 56 11 74 61 94 33 60 69 10 45 35 63 0 39 77 48 76 53 29 99 60 35 80 76 64 88 36 18 73 27 65 33 64 79 72 51 28
79 35 97 78 42 44 60 17 45 17 64 51 21 77 72 69 73 88 97 79 75 91 33 19 67 48 42 36 42 25 27 40 45 37 19 90 51 50 57 62 60 65 87 54 13 25 87 14 55 31 50 74 31 23 99 64 11 97 26 12 46 92 81 31 37 29 15 72 53 76 12 49 76 29 76 40 31 49 28 94 20 71 63 41 25 86 10 68 34 67 79 55 17 85 17 19 82 88 51 58 54 78 30 74 25 28 92 43 84 43 89 60 92 81 45 39 0 85 57 50 10 22 50 15 83 68 96 12 32 30 53 93 11 56 95 26 45 32 66 78
47 49 16 34 75 50 46 64 12 62 64 34 69 19 26 74 83 19 24 35 51 73 80 48 94 32 49 79 82 27 61 78 55 12 18 70 89 70 74 19 22 65 76 24 58 27 55 15 38 31 25 94 52 25 28 38 88 33 59 28 53 98 27 63 28 52 83 79 30 15 97 81 88 69 20 26 69 54 45 99 60 54 22 29 63 40 34 65 84 58 77 56 83 43 29 87 22 88 16 21 73 86 19 78 11 90 57 53 33 84 15 23 18 61 32 77 85 0 24 29 93 81 62 82 82 42 72 31 16 54 34 39 50 69 44 63 21 97 40 29
90 15 46 39 29 95 45 28 55 11 45 25 61 72 49 61 19 56 90 72 44 58 55 96 73 69 92 65 95 22 14 50 84 67 99 19 68 79 12 36 11 30 76 52 32 65 34 92 82 14 21 15 30 21 88 57 25 42 49 44 56 64 82 13 46 31 34 24 68 22 56 98 41 90 67 70 77 28 35 87 92 16 26 40 15 93 30 77 51 91 36 80 96 22 30 44 28 15 26 91 36 72 22 92 47 21 66 76 90 44 58 14 73 29 89 48 57 24 0 86 49 86 30 23 52 54 80 16 56 28 34 13 43 43 85 81 44 40 33 52
65 87 10 42 79 87 74 61 33 84 42 65 25 34 52 42 74 78 25 21 21 28 87 35 13 65 30 71 47 41 44 33 63 41 45 66 27 59 64 11 55 75 81 40 55 38 52 52 47 94 23 20 78 32 73 40 30 58 75 21 66 75 57 13 75 90 54 28 81 38 13 25 40 61 72 63 99 38 27 77 12 55 26 80 49 77 78 66 98 87 61 53 15 57 45 80 54 80 51 22 98 22 51 34 56 63 72 19 27 43 40 95 45 15 50 76 50 29 86 0 34 12 12 95 64 35 30 18 53 92 69 88 59 58 25 70 82 10 92 95
83 51 90 76 26 72 59 68 92 59 50 32 69 39 70 33 55 27 62 55 63 15 67 21 91 28 41 24 62 24 22 51 66 57 90 14 67 34 68 49 10 81 12 18 10 55 40 93 55 75 10 87 41 42 10 13 10 32 58 71 86 88 60 33 23 97 63 10 39 59 77 90 79 58 17 76 41 51 59 64 68 55 63 98 20 62 34 59 29 81 61 52 49 41 69 45 12 81 69 90 53 21 28 91 68 47 74 18 61 66 91 88 21 61 85 53 10 93 49 34 0 84 89 51 52 27 11 12 79 77 60 37 80 28 43 43 64 79 39 49
40 87 74 45 53 83 61 46 19 73 94 63 74 14 71 29 58 61 87 59 10 20 13 41 31 84 86 31 44 75 21 93 64 52 41 15 84 86 94 77 81 49 84 28 54 31 12 62 87 90 34 57 87 51 75 61 45 11 18 85 64 14 42 28 92 71 35 22 43 32 15 46 54 62 24 89 31 40 89 28 14 46 16 19 68 31 35 10 72 45 85 63 82 79 67 18 87 71 87 88 13 32 38 72 15 52 61 50 94 72 24 72 78 58 87 29 22 81 86 12 84 0 53 32 12 63 12 97 19 51 81 74 74 74 93 60 18 94 88 40
44 39 29 54 57 17 17 82 39 59 67 34 36 82 31 73 70 98 69 52 58 92 45 27 77 40 12 84 95 43 94 13 44 11 32 18 59 57 33 64 87 66 42 60 77 96 95 79 11 58 69 39 59 88 70 16 15 73 30 30 19 22 19 29 64 27 45 80 22 64 47 47 21 59 14 36 79 62 78 99 30 30 89 34 89 63 43 43 34 54 94 86 38 64 62 79 91 15 23 11 39 77 81 46 12 70 65 34 24 72 22 77 82 95 51 99 50 62 30 12 89 53 0 10 86 70 55 24 90 36 19 44 77 79 18 73 82 19 42 96
53 84 10 70 57 63 80 34 27 70 11 22 78 13 24 68 65 17 17 52 83 81 93 38 46 90 37 75 12 92 22 25 33 93 34 64 59 73 91 82 97 80 31 60 65 46 96 62 55 33 10 50 63 69 14 57 68 75 40 10 24 69 13 64 81 13 25 26 34 48 66 49 84 53 46 61 95 19 28 28 79 52 56 66 19 53 24 30 55 37 87 99 89 21 34 54 80 33 22 28 82 92 87 38 65 18 44 48 75 79 22 39 28 86 48 60 15 82 23 95 51 32 10 0 64 95 46 14 44 61 59 10 55 90 11 49 22 45 64 80
32 83 41 77 61 61 93 97 23 76 83 90 23 75 59 94 59 78 68 67 64 89 76 76 43 24 42 29 61 91 12 48 11 68 64 20 51 62 51 41 41 62 34 14 67 24 38 82 50 97 85 51 70 84 31 44 29 34 57 63 14 87 24 81 65 43 24 40 51 14 39 66 10 20 35 20 29 42 21 78 58 99 24 22 44 58 59 32 69 60 84 88 91 54 73 95 35 67 37 48 60 71 15 89 31 86 36 68 83 68 14 75 27 26 45 35 83 82 52 64 52 12 86 64 0 10 95 20 41 33 53 50 13 69 68 61 77 99 98 43
13 35 83 59 23 66 34 23 82 48 97 75 66 18 63 75 84 49 10 22 50 37 89 37 80 45 84 79 95 19 20 44 54 58 16 95 67 63 68 70 55 80 33 99 54 39 65 59 75 65 56 42 43 94 27 23 90 41 69 86 82 90 64 25 40 23 71 68 49 43 16 21 93 48 22 43 24 51 34 98 81 57 85 81 31 94 94 24 97 58 51 90 81 86 73 73 69 95 52 45 50 41 64 68 36 10 94 62 67 62 84 87 67 81 43 80 68 42 54 35 27 63 70 95 10 0 69 35 88 11 14 12 92 76 30 51 54 57 15 29
41 23 69 46 62 84 90 28 85 78 88 47 24 87 73 43 78 29 16 89 87 77 94 75 34 14 93 53 82 66 47 89 36 21 91 38 22 61 17 82 31 78 84 63 23 38 89 49 36 76 88 55 50 63 67 87 98 10 81 84 20 94 96 31 55 83 70 77 91 81 69 73 34 84 76 62 58 75 64 37 10 74 50 93 25 61 20 63 51 36 31 42 84 29 57 68 98 61 88 74 99 34 41 38 98 29 22 65 44 75 11 16 59 74 72 76 96 72 80 30 11 12 55 46 95 69 0 54 76 26 35 42 98 77 94 85 44 46 31 84
97 70 78 38 70 42 41 31 36 52 43 78 82 59 98 46 36 51 47 63 26 53 50 66 98 18 33 85 89 45 44 16 55 99 46 83 65 85 11 47 41 31 47 15 58 12 41 44 79 79 10 74 77 57 62 22 84 60 10 52 70 40 35 72 85 55 74 82 53 68 69 51 95 12 69 95 90 61 89 66 80 51 36 12 43 20 96 97 62 52 37 11 45 16 67 48 96 75 92 73 54 65 86 15 88 89 29 72 79 44 33 57 93 51 73 64 12 31 16 18 12 97 24 14 20 35 54 0 54 16 65 23 33 11 72 17 86 32 68 83
18 21 33 85 10 44 86 89 21 40 36 52 69 90 47 35 99 31 36 81 89 34 49 31 86 63 72 86 97 64 54 99 93 66 19 77 56 11 61 76 93 11 69 71 21 53 10 22 89 36 72 92 45 41 65 30 89 11 44 44 20 92 24 42 35 76 49 94 15 20 62 62 45 63 68 80 31 92 71 73 13 34 34 66 28 97 12 51 72 10 32 37 82 60 55 54 36 32 15 65 98 72 63 70 19 99 14 17 82 89 44 92 88 59 55 88 32 16 56 53 79 19 90 44 41 88 76 54 0 84 71 17 96 51 91 69 68 96 86 72
41 16 98 14 38 16 48 40 87 82 78 54 50 67 78 53 93 88 34 10 48 30 89 26 23 75 36 80 38 70 65 25 44 75 37 21 48 33 35 16 83 83 95 57 54 36 92 60 72 39 54 39 27 68 58 20 36 91 77 26 78 65 36 38 17 13 20 50 59 13 93 54 72 33 96 38 82 43 59 10 76 46 37 85 83 76 74 98 74 89 73 58 54 80 41 55 72 99 19 95 45 28 11 38 20 68 35 55 68 16 48 13 69 88 61 36 30 54 28 92 77 51 36 61 33 11 26 16 84 0 51 76 42 73 87 29 25 35 83 24
70 70 69 90 63 60 21 55 41 54 51 90 64 89 23 65 13 82 73 59 10 10 40 92 18 49 79 74 12 43 38 13 26 85 34 75 59 77 75 47 21 30 60 33 27 73 36 65 11 89 76 40 79 60 63 88 58 69 12 86 23 40 37 18 83 27 23 21 66 41 99 23 60 12 21 68 87 78 92 12 13 11 80 72 81 73 99 61 81 59 84 80 53 25 86 81 50 24 80 58 99 28 81 86 69 70 25 76 68 37 69 36 68 33 16 18 53 34 34 69 60 81 19 59 53 14 35 65 71 51 0 96 14 98 21 76 48 83 73 62
61 20 99 62 50 41 48 56 90 14 20 55 50 80 28 54 83 88 98 13 47 35 38 47 91 79 19 29 65 20 64 17 66 38 45 48 33 91 86 55 21 84 57 12 71 29 27 41 29 32 65 58 98 65 21 77 67 10 70 28 81 39 92 28 76 37 51 29 29 45 36 22 57 71 35 68 36 36 43 41 19 95 99 62 35 99 10 18 92 78 12 53 24 36 92 76 85 80 26 24 59 91 73 87 33 13 28 12 36 63 95 40 97 76 32 73 93 39 13 88 37 74 44 10 50 12 42 23 17 76 96 0 25 63 94 24 11 59 76 35
53 97 92 56 18 68 97 46 66 24 23 55 54 49 79 58 72 99 38 29 19 43 96 94 29 66 24 73 61 14 32 45 32 30 68 56 96 64 58 38 48 40 39 51 99 84 79 33 61 91 15 59 62 20 58 14 75 22 45 88 97 94 57 40 28 34 38 19 94 49 70 36 67 18 22 70 34 39 45 19 50 96 30 14 25 81 17 43 58 81 99 46 56 41 31 49 10 77 61 47 68 73 99 83 45 59 76 41 19 56 21 12 93 48 83 27 11 50 43 59 80 74 77 55 13 92 98 33 96 42 14 25 0 78 83 15 73 31 79 39
68 43 44 92 52 85 50 24 80 10 32 62 59 84 31 90 84 77 47 70 35 58 45 37 97 48 62 58 23 48 86 71 46 40 25 19 15 53 23 83 97 23 78 39 43 18 90 89 65 12 78 31 25 41 86 77 34 33 77 97 60 20 58 40 71 45 47 79 27 46 46 11 41 97 98 68 15 16 86 74 80 89 20 15 53 41 74 66 54 41 17 58 80 60 68 72 44 24 91 87 65 46 66 39 71 96 63 77 80 17 39 14 78 42 54 65 56 69 43 58 28 74 79 90 69 76 77 11 51 73 98 63 78 0 47 25 46 79 17 15
47 67 72 21 62 80 35 46 72 54 79 14 35 86 33 92 40 93 62 72 83 34 85 82 57 62 62 42 35 15 30 22 57 46 25 72 87 34 17 87 99 70 94 87 93 88 86 41 81 37 37 20 53 85 76 26 31 72 61 22 53 32 63 47 85 30 24 75 46 71 10 26 29 15 26 63 11 96 87 77 46 15 82 31 77 26 47 75 70 72 20 16 89 55 47 56 29 29 46 14 35 73 89 37 68 32 17 82 39 42 45 99 37 93 32 33 95 44 85 25 43 93 18 11 68 30 94 72 91 87 21 94 83 47 0 74 59 56 45 21
99 59 75 83 53 58 17 92 33 15 78 41 86 10 88 16 78 15 22 61 65 13 43 41 66 28 88 43 96 18 80 24 25 48 59 30 67 14 76 19 77 74 23 79 33 43 79 36 82 23 71 35 64 94 64 66 17 58 66 29 47 69 57 13 20 55 26 88 96 60 88 75 54 91 63 44 66 14 99 69 18 62 11 25 11 44 70 29 81 35 44 22 27 50 75 53 17 82 39 90 38 67 76 40 61 74 91 87 35 38 99 23 27 31 87 64 26 63 81 70 43 60 73 49 61 51 85 17 69 29 76 24 15 25 74 0 88 43 33 47
78 75 76 46 48 46 86 51 29 98 95 60 51 41 49 18 99 68 77 36 88 73 47 44 35 60 30 87 89 60 43 61 74 87 62 16 94 26 40 24 29 96 25 79 40 91 22 17 37 26 12 95 98 72 19 57 94 64 34 18 75 32 24 73 88 72 18 58 18 47 23 54 67 97 82 63 43 55 54 55 22 39 74 27 21 76 50 71 96 35 67 58 57 77 81 69 96 57 32 67 63 57 72 97 42 68 52 12 51 71 66 37 68 62 67 79 45 21 44 82 64 18 82 22 77 54 44 86 68 25 48 11 73 46 59 88 0 12 27 81
30 41 18 98 67 89 98 78 40 55 81 41 60 29 73 37 40 18 11 28 88 65 94 26 90 73 78 37 72 68 47 41 46 94 45 48 53 20 80 82 79 40 42 77 65 17 39 38 65 28 76 61 32 18 77 79 18 31 58 22 25 27 39 86 42 60 18 16 39 51 46 36 81 78 62 37 30 28 24 74 68 71 29 92 43 85 25 46 27 77 92 76 15 82 77 21 71 75 14 93 35 62 33 36 82 46 22 78 90 37 73 62 52 84 81 72 32 97 40 10 79 94 19 45 99 57 46 32 96 35 83 59 31 79 56 43 12 0 10 55
66 52 65 18 69 80 46 41 96 45 27 64 66 74 37 96 33 42 68 17 94 46 26 29 83 45 43 39 68 32 83 57 89 11 62 35 26 43 87 18 80 77 98 96 35 43 30 17 82 86 72 75 52 41 75 39 81 76 25 24 75 42 91 49 59 41 16 27 27 62 72 99 24 92 22 88 49 27 80 68 44 51 25 81 54 90 59 30 55 56 25 57 87 93 95 24 75 90 77 35 96 90 23 39 99 36 45 68 88 94 28 53 73 86 62 51 66 40 33 92 39 88 42 64 98 15 31 68 86 83 73 76 79 17 45 33 27 10 0 79
68 70 26 83 60 32 63 44 10 14 77 62 15 73 32 80 98 97 50 21 60 60 55 48 56 31 99 51 61 19 69 58 40 12 32 81 22 45 66 74 23 80 44 23 78 67 70 90 40 41 27 35 83 88 87 67 98 41 54 16 39 70 89 46 26 92 88 20 95 27 53 52 33 24 45 71 41 71 95 78 79 46 37 26 73 15 71 85 19 88 87 13 69 38 22 62 69 85 33 93 91 85 92 84 57 52 19 86 45 70 10 16 22 74 96 28 78 29 52 95 49 40 96 80 43 29 84 83 72 24 62 35 39 15 21 47 81 55 79 0