80
0 40 14 24 56 18 49 26 78 80 62 53 26 64 66 89 39 98 83 66 93 21 33 91 70 57 88 15 57 19 90 97 62 20 48 52 36 74 24 35 68 23 17 65 87 95 27 78 44 42 59 24 65 41 30 46 20 65 63 87 72 18 33 67 57 75 13 60 90 81 12 80 11 82 79 17 57 75 74 99
40 0 38 44 68 58 63 31 94 73 30 30 37 39 25 20 72 46 96 68 49 88 97 19 86 57 43 82 26 24 88 85 97 88 85 31 53 91 54 72 61 62 71 81 60 51 69 34 54 25 34 56 39 63 51 40 88 38 70 38 84 15 53 93 53 90 47 14 28 73 24 46 54 11 41 54 25 14 77 36
14 38 0 33 32 91 28 27 42 17 56 56 75 76 83 23 77 86 32 12 66 94 81 79 74 56 10 89 52 50 68 21 97 50 66 90 90 80 93 72 63 69 91 98 29 72 32 53 69 68 25 18 90 48 34 52 43 83 42 64 56 71 81 23 78 67 55 18 48 34 19 11 33 35 32 67 40 15 81 28
24 44 33 0 35 19 12 29 38 22 29 57 35 74 13 39 81 32 94 98 32 14 75 20 30 14 11 50 81 93 64 21 90 14 65 93 94 37 17 55 58 18 64 92 58 86 52 93 57 78 29 93 80 43 68 74 73 10 57 42 18 84 43 43 23 21 84 79 12 38 11 20 51 42 40 65 90 68 92 72
56 68 32 35 0 50 82 89 98 88 16 60 61 81 76 17 75 78 45 14 32 10 54 20 44 51 31 53 16 28 61 75 86 83 58 82 62 88 75 15 59 88 86 64 65 24 76 25 89 33 18 37 10 42 44 33 52 65 45 65 39 54 78 23 70 53 95 35 52 26 83 53 26 15 91 71 24 19 27 46
18 58 91 19 50 0 52 15 50 14 69 68 73 98 44 98 27 64 62 15 48 79 35 60 21 79 63 50 80 22 73 92 88 25 36 25 22 80 95 95 90 91 11 94 79 43 92 76 82 76 84 23 76 44 52 46 68 65 30 52 39 50 85 38 73 60 28 49 26 42 55 49 31 74 45 58 33 71 17 15
49 63 28 12 82 52 0 13 91 94 49 91 99 96 11 23 61 16 71 60 95 60 76 46 46 55 34 65 29 16 64 67 62 70 61 14 20 95 96 27 38 42 75 71 89 26 71 29 88 14 21 24 84 99 77 77 22 73 96 25 84 14 92 75 75 60 20 22 51 45 59 46 90 26 60 22 85 97 13 98
26 31 27 29 89 15 13 0 29 24 32 58 46 58 20 54 49 69 93 66 65 87 72 61 89 85 89 36 46 42 62 55 31 71 74 14 68 91 66 11 48 49 91 90 99 58 72 14 29 44 98 45 52 36 40 74 69 46 58 42 48 61 13 33 75 22 36 96 61 68 23 97 54 82 11 39 56 64 50 19
78 94 42 38 98 50 91 29 0 66 92 16 83 78 86 62 57 65 76 61 45 66 87 89 84 52 70 23 53 96 47 96 65 35 94 54 13 82 83 79 82 74 18 27 23 88 97 94 86 93 85 62 95 45 74 31 78 25 83 96 91 42 37 62 21 28 71 82 17 27 98 24 67 44 56 86 17 60 19 99
80 73 17 22 88 14 94 24 66 0 27 83 29 16 17 73 72 42 82 95 64 49 68 99 98 83 43 17 26 27 61 79 99 25 11 28 39 36 31 58 60 74 51 11 40 89 70 12 44 74 97 74 56 40 11 89 28 31 17 19 59 70 51 65 71 39 24 16 28 48 77 94 55 47 22 73 68 16 24 37
62 30 56 29 16 69 49 32 92 27 0 79 25 81 18 33 49 68 39 68 69 33 94 76 79 63 56 27 54 75 54 29 13 80 14 33 96 71 85 82 99 58 31 81 61 92 14 21 38 20 88 93 33 96 43 68 94 63 12 52 56 12 62 21 68 14 96 41 38 41 41 55 61 80 32 55 58 43 64 66
53 30 56 57 60 68 91 58 16 83 79 0 57 47 63 53 45 78 51 39 27 62 77 48 27 87 61 68 74 77 30 19 31 48 50 80 34 64 10 36 36 29 43 52 42 47 13 17 70 93 18 92 57 96 36 83 81 29 61 23 32 24 58 46 77 38 43 69 83 97 51 43 66 53 36 81 49 85 51 22
26 37 75 35 61 73 99 46 83 29 25 57 0 95 74 29 27 91 58 74 19 71 85 57 79 62 56 17 20 65 81 94 10 31 76 44 96 21 21 69 71 75 81 24 77 90 22 34 66 92 41 89 28 27 55 49 81 25 10 79 80 62 53 35 69 67 41 23 70 75 25 33 78 39 26 45 71 31 30 22
64 39 76 74 81 98 96 58 78 16 81 47 95 0 45 30 93 19 47 87 46 71 55 65 83 47 82 70 74 62 99 17 20 16 47 77 25 13 89 16 35 64 76 94 80 58 33 24 38 92 25 67 62 31 62 37 70 45 31 41 25 52 63 78 41 84 13 15 17 94 93 20 58 97 38 60 70 22 46 81
66 25 83 13 76 44 11 20 86 17 18 63 74 45 0 86 34 80 65 47 50 97 90 39 99 61 26 97 80 50 88 14 99 20 58 97 47 50 76 37 80 48 31 60 52 35 23 71 49 39 65 85 59 50 70 32 15 62 55 11 92 43 64 41 20 98 93 48 50 51 53 46 85 73 36 55 56 53 81 59
89 20 23 39 17 98 23 54 62 73 33 53 29 30 86 0 50 34 36 14 82 26 31 24 23 28 30 10 63 23 20 19 93 56 24 99 62 50 37 40 35 34 88 75 84 72 68 62 92 68 88 59 26 74 74 83 64 62 53 49 82 45 10 19 34 79 22 97 87 45 83 45 64 92 52 70 40 70 76 57
39 72 77 81 75 27 61 49 57 72 49 45 27 93 34 50 0 59 50 78 69 99 20 26 72 87 98 26 35 82 69 80 89 11 79 12 12 94 74 65 77 96 50 40 17 55 75 43 29 58 25 13 65 60 49 17 79 28 59 97 17 67 55 83 83 59 49 71 13 75 55 19 48 64 54 44 75 76 71 60
98 46 86 32 78 64 16 69 65 42 68 78 91 19 80 34 59 0 97 93 96 70 44 64 34 21 10 58 40 46 41 98 74 56 21 14 74 71 92 61 66 62 21 54 54 55 89 68 69 27 77 75 77 20 97 21 39 56 98 30 33 96 56 42 17 79 19 78 94 53 37 66 49 23 47 94 96 83 86 77
83 96 32 94 45 62 71 93 76 82 39 51 58 47 65 36 50 97 0 64 70 65 52 51 83 43 73 49 99 64 75 59 80 72 29 34 45 45 60 73 47 18 76 32 34 25 62 24 92 36 64 89 99 19 32 15 90 56 51 76 76 17 29 17 87 64 71 40 61 10 74 54 24 69 86 22 35 22 98 10
66 68 12 98 14 15 60 66 61 95 68 39 74 87 47 14 78 93 64 0 36 66 25 49 47 85 81 78 64 88 24 31 19 40 25 12 15 42 19 66 61 59 25 79 79 59 92 32 18 83 48 30 87 27 55 83 88 37 97 70 15 78 25 27 89 64 31 19 67 16 68 68 77 99 41 37 68 29 13 26
93 49 66 32 32 48 95 65 45 64 69 27 19 46 50 82 69 96 70 36 0 83 75 36 82 44 97 20 58 60 58 97 69 19 22 75 79 15 26 49 17 46 69 47 97 60 72 82 66 53 43 65 97 24 69 24 83 56 25 68 98 64 50 39 42 47 20 34 10 44 91 92 80 43 72 68 16 33 25 98
21 88 94 14 10 79 60 87 66 49 33 62 71 71 97 26 99 70 65 66 83 0 55 31 21 73 16 41 69 35 24 14 68 86 36 97 11 69 29 24 69 29 46 53 47 65 28 27 85 70 27 87 67 93 68 23 59 24 47 41 11 74 53 87 50 91 62 62 26 39 61 62 86 27 17 76 26 70 73 82
33 97 81 75 54 35 76 72 87 68 94 77 85 55 90 31 20 44 52 25 75 55 0 19 63 64 56 94 16 92 24 48 98 66 40 21 17 55 41 73 27 48 54 47 26 99 65 34 60 71 66 71 33 34 65 11 72 32 93 33 82 82 10 42 58 55 19 10 30 96 39 52 87 64 78 25 50 21 27 37
91 19 79 20 20 60 46 61 89 99 76 48 57 65 39 24 26 64 51 49 36 31 19 0 81 30 62 86 75 86 81 18 28 67 45 56 52 14 98 58 58 69 62 35 74 80 61 83 80 19 60 50 73 48 50 99 21 22 49 74 94 80 32 10 65 84 58 50 14 62 69 88 37 32 61 39 97 64 26 31
70 86 74 30 44 21 46 89 84 98 79 27 79 83 99 23 72 34 83 47 82 21 63 81 0 70 76 40 28 48 16 75 36 64 34 76 54 83 27 38 37 24 65 96 12 19 61 21 26 87 10 61 92 21 26 72 49 40 34 57 65 30 59 31 79 28 91 91 94 51 39 43 73 20 64 60 17 39 99 26
57 57 56 14 51 79 55 85 52 83 63 87 62 47 61 28 87 21 43 85 44 73 64 30 70 0 60 24 60 16 79 96 86 16 37 35 53 26 10 50 43 71 77 30 70 98 61 91 30 40 48 49 33 17 59 22 50 20 53 23 50 81 33 36 37 87 55 47 59 49 68 95 57 21 97 46 30 13 23 65
88 43 10 11 31 63 34 89 70 43 56 61 56 82 26 30 98 10 73 81 97 16 56 62 76 60 0 69 24 34 23 11 10 72 13 38 44 41 49 97 66 26 23 58 36 61 62 57 50 27 91 57 56 89 51 16 10 88 46 63 88 55 55 44 44 60 73 18 16 98 75 14 36 35 79 39 67 37 14 11
15 82 89 50 53 50 65 36 23 17 27 68 17 70 97 10 26 58 49 78 20 41 94 86 40 24 69 0 99 62 83 72 43 84 72 54 92 35 31 42 95 67 60 23 84 58 47 36 14 57 48 45 26 34 36 33 84 84 10 14 39 62 41 85 10 30 44 83 42 45 24 72 44 78 88 44 78 58 57 56
57 26 52 81 16 80 29 46 53 26 54 74 20 74 80 63 35 40 99 64 58 69 16 75 28 60 24 99 0 56 98 49 14 71 30 68 53 46 95 44 40 39 15 54 16 33 46 84 96 13 82 86 65 41 28 36 96 89 31 45 19 50 94 25 24 32 59 68 39 97 37 37 86 36 50 95 19 63 23 54
19 24 50 93 28 22 16 42 96 27 75 77 65 62 50 23 82 46 64 88 60 35 92 86 48 16 34 62 56 0 57 51 25 13 38 17 88 44 12 70 69 31 12 96 23 18 90 61 85 32 50 15 67 27 53 66 47 26 37 84 90 30 74 87 97 27 26 49 36 97 21 92 20 25 88 93 14 10 31 11
90 88 68 64 61 73 64 62 47 61 54 30 81 99 88 20 69 41 75 24 58 24 24 81 16 79 23 83 98 57 0 88 91 43 58 72 94 87 74 98 47 24 40 81 23 87 30 43 66 27 71 45 84 53 78 62 50 61 32 45 50 94 99 39 34 32 92 88 19 33 48 30 20 55 46 89 89 95 14 85
97 85 21 21 75 92 67 55 96 79 29 19 94 17 14 19 80 98 59 31 97 14 48 18 75 96 11 72 49 51 88 0 90 90 99 86 65 97 19 63 54 20 71 87 59 32 69 66 39 10 19 80 69 12 96 87 15 27 88 89 64 52 10 21 88 82 18 40 96 91 38 21 97 88 48 82 43 50 87 80
62 97 97 90 86 88 62 31 65 99 13 31 10 20 99 93 89 74 80 19 69 68 98 28 36 86 10 43 14 25 91 90 0 63 90 26 73 42 81 27 85 36 70 98 90 93 88 19 83 40 61 10 33 76 92 72 53 78 98 62 24 46 61 49 89 16 92 17 31 28 59 95 17 58 47 79 46 61 52 22
20 88 50 14 83 25 70 71 35 25 80 48 31 16 20 56 11 56 72 40 19 86 66 67 64 16 72 84 71 13 43 90 63 0 76 52 60 98 32 87 55 37 89 18 13 13 45 40 80 44 36 76 31 21 28 43 68 64 78 62 88 53 33 97 24 87 22 64 53 19 83 72 16 97 61 11 89 82 74 42
48 85 66 65 58 36 61 74 94 11 14 50 76 47 58 24 79 21 29 25 22 36 40 45 34 37 13 72 30 38 58 99 90 76 0 64 57 35 44 28 84 94 85 91 10 41 59 12 84 17 79 77 85 14 51 15 65 78 57 34 47 36 34 61 34 30 95 78 82 35 25 39 54 47 28 55 73 85 20 77
52 31 90 93 82 25 14 14 54 28 33 80 44 77 97 99 12 14 34 12 75 97 21 56 76 35 38 54 68 17 72 86 26 52 64 0 80 84 16 33 81 17 44 39 91 56 70 59 45 55 82 67 40 72 95 25 31 74 72 24 89 78 83 94 30 99 13 20 22 23 98 17 17 83 46 28 42 85 82 63
36 53 90 94 62 22 20 68 13 39 96 34 96 25 47 62 12 74 45 15 79 11 17 52 54 53 44 92 53 88 94 65 73 60 57 80 0 60 38 45 30 63 71 18 64 23 62 70 87 32 93 21 89 48 39 95 94 37 93 26 55 78 36 66 90 47 38 22 76 28 12 76 50 57 19 46 87 18 10 95
74 91 80 37 88 80 95 91 82 36 71 64 21 13 50 50 94 71 45 42 15 69 55 14 83 26 41 35 46 44 87 97 42 98 35 84 60 0 30 54 80 81 31 62 51 68 68 54 35 40 66 32 49 80 41 85 77 79 19 16 66 67 19 31 41 67 67 80 26 44 62 81 31 38 70 75 50 66 99 49
24 54 93 17 75 95 96 66 83 31 85 10 21 89 76 37 74 92 60 19 26 29 41 98 27 10 49 31 95 12 74 19 81 32 44 16 38 30 0 59 61 18 10 82 29 95 88 98 17 38 25 14 18 20 60 99 53 18 49 31 23 47 60 46 79 66 88 81 26 50 20 86 12 19 21 20 15 28 20 91
35 72 72 55 15 95 27 11 79 58 82 36 69 16 37 40 65 61 73 66 49 24 73 58 38 50 97 42 44 70 98 63 27 87 28 33 45 54 59 0 56 66 43 97 20 12 20 79 26 15 47 31 82 28 48 19 94 68 45 71 79 78 30 48 51 93 12 62 65 49 40 73 61 21 44 52 46 17 99 62
68 61 63 58 59 90 38 48 82 60 99 36 71 35 80 35 77 66 47 61 17 69 27 58 37 43 66 95 40 69 47 54 85 55 84 81 30 80 61 56 0 62 93 97 80 66 87 63 61 83 89 71 28 32 35 58 55 61 74 55 44 76 19 28 43 45 70 86 65 41 67 58 99 42 43 40 39 80 95 97
23 62 69 18 88 91 42 49 74 74 58 29 75 64 48 34 96 62 18 59 46 29 48 69 24 71 26 67 39 31 24 20 36 37 94 17 63 81 18 66 62 0 98 79 11 59 90 15 26 29 81 61 81 11 96 87 44 29 36 25 90 90 47 28 48 13 74 90 75 34 37 72 57 70 60 96 88 77 79 36
17 71 91 64 86 11 75 91 18 51 31 43 81 76 31 88 50 21 76 25 69 46 54 62 65 77 23 60 15 12 40 71 70 89 85 44 71 31 10 43 93 98 0 63 56 20 28 79 45 24 92 44 25 68 49 37 23 98 20 49 43 46 14 44 56 79 79 50 42 93 52 49 57 81 40 65 55 30 31 47
65 81 98 92 64 94 71 90 27 11 81 52 24 94 60 75 40 54 32 79 47 53 47 35 96 30 58 23 54 96 81 87 98 18 91 39 18 62 82 97 97 79 63 0 47 66 20 32 62 65 20 20 12 14 87 56 40 79 70 61 52 51 43 56 12 97 70 72 41 14 69 93 98 32 12 38 27 90 50 27
87 60 29 58 65 79 89 99 23 40 61 42 77 80 52 84 17 54 34 79 97 47 26 74 12 70 36 84 16 23 23 59 90 13 10 91 64 51 29 20 80 11 56 47 0 48 31 79 10 38 21 80 48 30 40 19 47 89 85 63 55 14 72 98 57 60 23 41 71 23 89 62 23 62 67 21 62 43 90 71
95 51 72 86 24 43 26 58 88 89 92 47 90 58 35 72 55 55 25 59 60 65 99 80 19 98 61 58 33 18 87 32 93 13 41 56 23 68 95 12 66 59 20 66 48 0 85 16 88 78 78 76 24 50 14 54 46 16 52 36 84 47 13 78 47 32 28 54 53 58 27 64 59 36 42 85 68 70 83 91
27 69 32 52 76 92 71 72 97 70 14 13 22 33 23 68 75 89 62 92 72 28 65 61 61 61 62 47 46 90 30 69 88 45 59 70 62 68 88 20 87 90 28 20 31 85 0 44 99 73 95 13 43 89 27 39 25 39 83 73 27 32 42 65 99 20 23 36 18 27 10 46 77 46 43 67 89 24 56 66
78 34 53 93 25 76 29 14 94 12 21 17 34 24 71 62 43 68 24 32 82 27 34 83 21 91 57 36 84 61 43 66 19 40 12 59 70 54 98 79 63 15 79 32 79 16 44 0 26 38 10 20 41 19 77 84 65 40 62 63 12 17 25 15 21 41 39 69 80 52 76 17 75 27 33 12 63 69 14 68
44 54 69 57 89 82 88 29 86 44 38 70 66 38 49 92 29 69 92 18 66 85 60 80 26 30 50 14 96 85 66 39 83 80 84 45 87 35 17 26 61 26 45 62 10 88 99 26 0 71 30 91 92 65 57 81 77 96 94 53 43 51 18 92 36 45 97 88 79 32 64 19 47 42 97 64 47 31 77 96
42 25 68 78 33 76 14 44 93 74 20 93 92 92 39 68 58 27 36 83 53 70 71 19 87 40 27 57 13 32 27 10 40 44 17 55 32 40 38 15 83 29 24 65 38 78 73 38 71 0 37 88 87 73 67 20 43 15 19 78 21 26 21 37 44 60 90 94 23 23 72 78 54 91 23 87 14 34 20 20
59 34 25 29 18 84 21 98 85 97 88 18 41 25 65 88 25 77 64 48 43 27 66 60 10 48 91 48 82 50 71 19 61 36 79 82 93 66 25 47 89 81 92 20 21 78 95 10 30 37 0 58 95 94 93 82 90 38 32 65 35 27 96 86 79 73 60 31 78 37 40 86 64 93 55 39 86 75 37 57
24 56 18 93 37 23 24 45 62 74 93 92 89 67 85 59 13 75 89 30 65 87 71 50 61 49 57 45 86 15 45 80 10 76 77 67 21 32 14 31 71 61 44 20 80 76 13 20 91 88 58 0 88 29 56 45 83 30 43 50 57 46 68 90 38 92 45 66 76 26 29 91 70 13 38 85 50 62 80 79
65 39 90 80 10 76 84 52 95 56 33 57 28 62 59 26 65 77 99 87 97 67 33 73 92 33 56 26 65 67 84 69 33 31 85 40 89 49 18 82 28 81 25 12 48 24 43 41 92 87 95 88 0 52 81 85 22 82 13 78 10 28 85 12 94 97 47 65 51 92 33 62 75 93 53 65 61 34 42 14
41 63 48 43 42 44 99 36 45 40 96 96 27 31 50 74 60 20 19 27 24 93 34 48 21 17 89 34 41 27 53 12 76 21 14 72 48 80 20 28 32 11 68 14 30 50 89 19 65 73 94 29 52 0 76 52 76 52 42 37 37 10 84 92 11 31 39 42 96 60 97 18 77 48 52 36 56 65 80 72
30 51 34 68 44 52 77 40 74 11 43 36 55 62 70 74 49 97 32 55 69 68 65 50 26 59 51 36 28 53 78 96 92 28 51 95 39 41 60 48 35 96 49 87 40 14 27 77 57 67 93 56 81 76 0 15 95 53 38 45 32 60 14 13 13 89 12 66 36 99 73 13 92 10 23 80 60 80 41 36
46 40 52 74 33 46 77 74 31 89 68 83 49 37 32 83 17 21 15 83 24 23 11 99 72 22 16 33 36 66 62 87 72 43 15 25 95 85 99 19 58 87 37 56 19 54 39 84 81 20 82 45 85 52 15 0 38 99 99 18 37 78 72 61 22 25 16 22 58 85 44 13 97 39 78 52 46 28 38 58
20 88 43 73 52 68 22 69 78 28 94 81 81 70 15 64 79 39 90 88 83 59 72 21 49 50 10 84 96 47 50 15 53 68 65 31 94 77 53 94 55 44 23 40 47 46 25 65 77 43 90 83 22 76 95 38 0 75 48 21 26 60 27 16 87 87 68 91 52 75 31 87 27 89 96 95 89 29 71 52
65 38 83 10 65 65 73 46 25 31 63 29 25 45 62 62 28 56 56 37 56 24 32 22 40 20 88 84 89 26 61 27 78 64 78 74 37 79 18 68 61 29 98 79 89 16 39 40 96 15 38 30 82 52 53 99 75 0 30 61 25 16 96 21 83 92 11 39 17 16 15 94 45 80 68 35 73 93 86 86
63 70 42 57 45 30 96 58 83 17 12 61 10 31 55 53 59 98 51 97 25 47 93 49 34 53 46 10 31 37 32 88 98 78 57 72 93 19 49 45 74 36 20 70 85 52 83 62 94 19 32 43 13 42 38 99 48 30 0 86 83 53 71 89 44 80 42 38 49 44 42 71 28 50 78 10 77 34 18 75
87 38 64 42 65 52 25 42 96 19 52 23 79 41 11 49 97 30 76 70 68 41 33 74 57 23 63 14 45 84 45 89 62 62 34 24 26 16 31 71 55 25 49 61 63 36 73 63 53 78 65 50 78 37 45 18 21 61 86 0 28 85 23 80 68 83 13 48 24 86 72 18 50 65 22 10 23 88 70 83
72 84 56 18 39 39 84 48 91 59 56 32 80 25 92 82 17 33 76 15 98 11 82 94 65 50 88 39 19 90 50 64 24 88 47 89 55 66 23 79 44 90 43 52 55 84 27 12 43 21 35 57 10 37 32 37 26 25 83 28 0 46 83 89 43 65 44 80 80 60 73 50 91 93 31 87 97 31 86 12
18 15 71 84 54 50 14 61 42 70 12 24 62 52 43 45 67 96 17 78 64 74 82 80 30 81 55 62 50 30 94 52 46 53 36 78 78 67 47 78 76 90 46 51 14 47 32 17 51 26 27 46 28 10 60 78 60 16 53 85 46 0 10 22 44 33 29 46 52 46 43 69 36 30 74 50 84 19 27 70
33 53 81 43 78 85 92 13 37 51 62 58 53 63 64 10 55 56 29 25 50 53 10 32 59 33 55 41 94 74 99 10 61 33 34 83 36 19 60 30 19 47 14 43 72 13 42 25 18 21 96 68 85 84 14 72 27 96 71 23 83 10 0 64 69 38 16 54 73 41 16 31 37 96 85 71 27 78 10 29
67 93 23 43 23 38 75 33 62 65 21 46 35 78 41 19 83 42 17 27 39 87 42 10 31 36 44 85 25 87 39 21 49 97 61 94 66 31 46 48 28 28 44 56 98 78 65 15 92 37 86 90 12 92 13 61 16 21 89 80 89 22 64 0 10 22 60 37 41 36 18 80 64 61 21 10 72 30 16 24
57 53 78 23 70 73 75 75 21 71 68 77 69 41 20 34 83 17 87 89 42 50 58 65 79 37 44 10 24 97 34 88 89 24 34 30 90 41 79 51 43 48 56 12 57 47 99 21 36 44 79 38 94 11 13 22 87 83 44 68 43 44 69 10 0 47 20 73 89 50 46 88 83 94 12 32 41 20 62 96
75 90 67 21 53 60 60 22 28 39 14 38 67 84 98 79 59 79 64 64 47 91 55 84 28 87 60 30 32 27 32 82 16 87 30 99 47 67 66 93 45 13 79 97 60 32 20 41 45 60 73 92 97 31 89 25 87 92 80 83 65 33 38 22 47 0 19 94 59 15 74 55 62 43 23 91 53 19 68 92
13 47 55 84 95 28 20 36 71 24 96 43 41 13 93 22 49 19 71 31 20 62 19 58 91 55 73 44 59 26 92 18 92 22 95 13 38 67 88 12 70 74 79 70 23 28 23 39 97 90 60 45 47 39 12 16 68 11 42 13 44 29 16 60 20 19 0 63 41 55 32 83 84 11 52 13 48 15 74 83
60 14 18 79 35 49 22 96 82 16 41 69 23 15 48 97 71 78 40 19 34 62 10 50 91 47 18 83 68 49 88 40 17 64 78 20 22 80 81 62 86 90 50 72 41 54 36 69 88 94 31 66 65 42 66 22 91 39 38 48 80 46 54 37 73 94 63 0 92 53 68 23 99 58 45 32 71 96 47 63
90 28 48 12 52 26 51 61 17 28 38 83 70 17 50 87 13 94 61 67 10 26 30 14 94 59 16 42 39 36 19 96 31 53 82 22 76 26 26 65 65 75 42 41 71 53 18 80 79 23 78 76 51 96 36 58 52 17 49 24 80 52 73 41 89 59 41 92 0 48 32 35 55 84 86 64 66 68 34 45
81 73 34 38 26 42 45 68 27 48 41 97 75 94 51 45 75 53 10 16 44 39 96 62 51 49 98 45 97 97 33 91 28 19 35 23 28 44 50 49 41 34 93 14 23 58 27 52 32 23 37 26 92 60 99 85 75 16 44 86 60 46 41 36 50 15 55 53 48 0 72 41 76 95 80 65 56 33 14 22
12 24 19 11 83 55 59 23 98 77 41 51 25 93 53 83 55 37 74 68 91 61 39 69 39 68 75 24 37 21 48 38 59 83 25 98 12 62 20 40 67 37 52 69 89 27 10 76 64 72 40 29 33 97 73 44 31 15 42 72 73 43 16 18 46 74 32 68 32 72 0 63 59 59 91 79 58 21 43 40
80 46 11 20 53 49 46 97 24 94 55 43 33 20 46 45 19 66 54 68 92 62 52 88 43 95 14 72 37 92 30 21 95 72 39 17 76 81 86 73 58 72 49 93 62 64 46 17 19 78 86 91 62 18 13 13 87 94 71 18 50 69 31 80 88 55 83 23 35 41 63 0 10 93 63 10 58 26 92 21
11 54 33 51 26 31 90 54 67 55 61 66 78 58 85 64 48 49 24 77 80 86 87 37 73 57 36 44 86 20 20 97 17 16 54 17 50 31 12 61 99 57 57 98 23 59 77 75 47 54 64 70 75 77 92 97 27 45 28 50 91 36 37 64 83 62 84 99 55 76 59 10 0 23 17 60 11 15 80 12
82 11 35 42 15 74 26 82 44 47 80 53 39 97 73 92 64 23 69 99 43 27 64 32 20 21 35 78 36 25 55 88 58 97 47 83 57 38 19 21 42 70 81 32 62 36 46 27 42 91 93 13 93 48 10 39 89 80 50 65 93 30 96 61 94 43 11 58 84 95 59 93 23 0 72 59 61 21 50 55
79 41 32 40 91 45 60 11 56 22 32 36 26 38 36 52 54 47 86 41 72 17 78 61 64 97 79 88 50 88 46 48 47 61 28 46 19 70 21 44 43 60 40 12 67 42 43 33 97 23 55 38 53 52 23 78 96 68 78 22 31 74 85 21 12 23 52 45 86 80 91 63 17 72 0 67 93 48 13 59
17 54 67 65 71 58 22 39 86 73 55 81 45 60 55 70 44 94 22 37 68 76 25 39 60 46 39 44 95 93 89 82 79 11 55 28 46 75 20 52 40 96 65 38 21 85 67 12 64 87 39 85 65 36 80 52 95 35 10 10 87 50 71 10 32 91 13 32 64 65 79 10 60 59 67 0 26 69 87 54
57 25 40 90 24 33 85 56 17 68 58 49 71 70 56 40 75 96 35 68 16 26 50 97 17 30 67 78 19 14 89 43 46 89 73 42 87 50 15 46 39 88 55 27 62 68 89 63 47 14 86 50 61 56 60 46 89 73 77 23 97 84 27 72 41 53 48 71 66 56 58 58 11 61 93 26 0 17 65 43
75 14 15 68 19 71 97 64 60 16 43 85 31 22 53 70 76 83 22 29 33 70 21 64 39 13 37 58 63 10 95 50 61 82 85 85 18 66 28 17 80 77 30 90 43 70 24 69 31 34 75 62 34 65 80 28 29 93 34 88 31 19 78 30 20 19 15 96 68 33 21 26 15 21 48 69 17 0 20 84
74 77 81 92 27 17 13 50 19 24 64 51 30 46 81 76 71 86 98 13 25 73 27 26 99 23 14 57 23 31 14 87 52 74 20 82 10 99 20 99 95 79 31 50 90 83 56 14 77 20 37 80 42 80 41 38 71 86 18 70 86 27 10 16 62 68 74 47 34 14 43 92 80 50 13 87 65 20 0 58
99 36 28 72 46 15 98 19 99 37 66 22 22 81 59 57 60 77 10 26 98 82 37 31 26 65 11 56 54 11 85 80 22 42 77 63 95 49 91 62 97 36 47 27 71 91 66 68 96 20 57 79 14 72 36 58 52 86 75 83 12 70 29 24 96 92 83 63 45 22 40 21 12 55 59 54 43 84 58 0