135
0 39 50 35 27 61 70 16 92 56 82 38 82 49 33 78 22 54 69 84 78 22 76 38 26 14 24 21 68 24 11 45 12 51 18 60 21 96 53 46 35 71 73 77 85 89 53 64 34 12 94 48 35 42 74 20 30 14 20 79 31 17 12 30 21 11 24 17 19 46 24 86 68 62 17 25 82 49 82 49 80 12 76 99 79 90 34 94 68 47 88 83 31 12 19 26 71 18 34 71 80 70 18 77 37 11 58 95 96 85 51 56 68 70 17 30 10 10 96 51 87 90 85 40 54 80 61 54 86 60 93 44 11 90 59
39 0 98 44 18 46 39 43 14 77 27 13 24 23 22 36 73 50 72 36 17 50 32 59 29 13 72 22 90 32 11 15 35 98 71 77 16 15 80 68 18 55 67 56 24 74 62 12 20 16 20 88 97 68 86 93 38 61 84 59 92 20 40 96 93 26 88 44 54 15 77 33 98 83 27 22 47 67 64 30 39 19 95 12 26 37 57 78 83 84 65 53 19 73 99 16 66 39 27 15 61 43 90 35 84 86 63 91 69 59 10 70 27 47 72 78 96 16 52 55 37 17 80 94 30 68 80 89 81 57 83 90 64 71 63
50 98 0 28 71 80 58 24 17 55 99 72 74 83 72 90 59 83 30 90 33 41 13 17 50 61 88 98 76 41 42 75 36 55 44 80 65 57 16 59 47 88 56 78 49 98 90 74 59 59 20 45 73 75 68 70 42 71 22 59 38 23 26 96 59 71 73 23 64 21 69 68 62 14 47 45 70 26 88 65 44 42 59 82 29 64 63 87 84 59 75 78 72 11 37 65 79 67 89 50 59 31 90 73 89 86 11 70 46 55 89 44 14 24 42 10 25 89 50 61 83 49 52 30 21 39 24 48 22 24 18 32 24 96 72
35 44 28 0 64 74 29 71 44 70 60 78 11 76 10 85 95 25 36 96 77 86 63 19 24 20 48 32 26 67 83 72 38 68 61 61 50 33 23 99 19 72 40 67 60 53 79 22 51 41 25 91 69 79 69 30 28 60 89 80 85 42 10 94 56 29 32 31 37 18 52 75 17 42 77 29 53 44 29 34 58 47 52 67 48 69 64 79 25 49 14 73 60 72 23 11 84 44 26 35 17 89 68 88 45 76 14 49 22 39 11 30 14 43 22 61 63 22 94 68 46 30 88 21 41 53 86 44 53 85 19 87 42 60 45
27 18 71 64 0 77 65 37 84 79 67 10 60 55 94 43 37 99 53 20 99 85 43 78 90 95 14 48 34 10 47 41 28 32 35 19 76 54 45 98 40 56 58 26 69 44 62 17 93 79 75 61 49 99 28 54 79 60 21 95 60 19 63 48 16 51 44 99 46 34 99 28 65 36 65 49 84 57 41 87 30 65 76 60 36 37 94 93 55 91 36 98 91 55 78 45 25 22 27 17 65 33 16 39 33 45 39 72 35 81 84 38 87 13 96 97 85 85 41 33 77 95 11 46 86 18 99 32 82 89 33 20 14 60 44
61 46 80 74 77 0 60 26 46 57 96 66 59 23 42 75 79 63 47 48 37 47 99 97 60 77 96 92 48 48 79 73 72 24 96 22 38 43 84 98 72 47 96 13 81 80 44 63 53 59 20 41 14 38 36 60 67 82 88 50 47 40 76 22 16 45 88 68 19 89 30 83 70 31 59 83 17 85 74 21 24 36 47 91 73 67 55 58 53 82 97 38 45 99 61 36 69 37 81 30 69 74 67 20 62 35 66 69 80 18 28 96 40 25 41 85 45 65 88 69 47 43 15 57 57 94 77 31 78 42 54 81 86 20 68
70 39 58 29 65 60 0 62 90 98 94 23 78 19 36 98 53 13 64 35 94 56 60 24 71 12 49 37 80 92 68 87 84 56 62 32 83 42 14 37 83 54 99 49 55 15 36 47 64 61 38 55 29 95 74 53 61 19 82 90 48 50 28 12 17 27 61 81 52 95 15 81 97 71 17 90 46 23 65 98 40 53 63 38 96 10 25 66 54 74 11 15 71 73 97 31 94 88 47 54 71 12 30 20 44 15 13 95 55 83 13 42 54 47 17 64 21 21 11 75 93 75 44 66 47 14 61 81 26 44 53 97 29 77 42
16 43 24 71 37 26 62 0 67 80 46 60 13 98 50 21 65 90 90 75 14 26 65 33 78 78 15 23 40 34 40 95 75 41 51 95 14 46 79 26 87 65 11 43 12 88 60 44 92 79 95 29 24 28 89 26 14 66 39 70 18 45 83 74 66 45 95 93 40 60 95 53 80 15 61 24 30 33 56 55 22 98 51 68 19 35 72 35 14 15 69 18 43 49 97 65 85 38 69 41 73 59 61 70 45 89 54 55 94 16 84 21 56 10 22 43 29 36 96 29 65 42 84 81 92 45 29 73 53 27 78 65 85 29 35
92 14 17 44 84 46 90 67 0 21 66 43 88 77 46 20 41 80 48 67 69 29 62 95 87 77 41 11 96 38 76 14 25 87 31 93 76 36 88 85 26 60 33 96 69 84 34 13 52 35 23 23 22 33 64 70 65 61 82 13 37 27 30 92 75 73 95 24 42 60 60 60 52 49 17 56 87 61 51 46 42 74 82 78 31 10 73 43 64 62 98 97 30 98 28 97 96 71 45 42 20 40 64 50 77 86 36 31 95 60 99 98 81 55 71 23 67 94 17 45 88 59 71 68 11 61 58 32 64 27 96 16 46 26 76
56 77 55 70 79 57 98 80 21 0 25 73 10 39 52 27 89 79 97 49 77 90 74 92 17 19 75 97 81 96 59 41 23 79 53 30 85 84 80 38 87 91 37 99 95 76 42 78 68 34 96 55 93 89 37 16 95 90 99 59 87 16 35 76 41 56 38 35 47 79 70 46 27 57 28 47 51 51 17 12 50 26 54 69 62 62 68 58 84 58 29 87 14 97 68 73 48 11 11 84 10 83 31 31 57 35 37 66 14 17 22 84 18 57 95 82 13 99 39 23 53 97 15 14 75 25 21 19 65 80 15 80 66 10 74
82 27 99 60 67 96 94 46 66 25 0 99 91 37 53 32 30 30 15 59 24 87 78 81 66 54 90 61 93 13 13 34 84 91 66 33 96 45 95 25 47 73 29 51 87 36 18 30 67 84 73 15 20 25 91 93 65 12 28 59 52 77 82 65 58 53 45 93 64 44 63 24 59 81 90 73 83 45 66 62 62 82 14 54 34 18 82 20 16 52 16 43 90 70 58 60 30 61 48 49 58 96 82 86 16 85 35 74 41 52 40 86 85 32 81 85 50 25 73 40 37 57 70 43 98 66 40 18 59 67 97 70 96 65 12
38 13 72 78 10 66 23 60 43 73 99 0 62 66 65 36 93 11 15 31 71 47 81 78 74 80 15 33 31 10 66 75 25 61 53 43 20 41 37 24 83 14 75 94 62 28 87 92 54 43 15 98 43 72 88 47 91 56 70 31 38 52 70 71 30 24 22 41 22 60 75 44 39 63 14 89 88 36 34 92 70 29 46 31 15 14 88 68 88 27 25 15 56 46 24 63 38 11 69 41 77 79 70 52 32 33 88 23 59 45 64 13 49 54 65 81 92 80 40 68 57 94 90 19 92 39 32 14 53 13 78 79 22 71 70
82 24 74 11 60 59 78 13 88 10 91 62 0 60 67 24 93 59 19 68 29 98 13 85 69 28 91 39 56 82 44 98 56 36 48 72 26 77 33 10 61 40 20 75 80 61 85 87 19 51 82 31 23 28 91 48 62 97 90 82 54 94 65 93 77 67 45 39 62 67 90 73 32 78 48 88 96 78 12 46 83 19 67 50 85 90 57 53 63 17 27 62 84 42 48 88 17 62 55 40 88 58 73 15 56 77 35 16 77 45 99 92 63 94 47 44 82 32 94 40 86 82 42 14 27 90 81 97 94 80 84 43 49 34 17
49 23 83 76 55 23 19 98 77 39 37 66 60 0 93 54 26 43 80 40 40 40 41 54 42 33 68 25 66 88 81 24 10 27 22 34 95 99 33 82 87 36 98 61 85 66 22 23 41 70 98 44 93 41 54 44 17 57 32 28 95 12 74 78 75 24 37 43 80 80 39 85 74 64 20 26 82 68 51 85 85 98 98 22 39 49 14 74 89 32 37 24 94 45 93 13 22 85 86 14 86 83 99 93 58 77 71 36 61 61 78 58 45 13 78 63 81 58 54 66 63 80 22 12 69 12 42 30 57 65 64 59 71 72 77
33 22 72 10 94 42 36 50 46 52 53 65 67 93 0 63 93 40 51 11 47 23 37 99 75 50 76 78 39 88 51 40 54 19 75 81 87 56 79 91 99 43 55 42 21 13 23 74 43 99 61 22 71 73 70 68 45 91 94 43 39 69 65 34 60 66 74 42 89 42 19 66 30 45 59 10 34 89 97 36 40 36 14 76 85 40 85 37 54 30 75 69 62 99 46 44 39 85 92 20 93 79 89 44 54 34 58 99 65 45 96 64 79 62 56 16 91 24 74 80 97 34 95 56 83 89 73 30 42 27 11 35 16 93 50
78 36 90 85 43 75 98 21 20 27 32 36 24 54 63 0 22 24 51 34 65 30 91 94 89 99 35 17 69 13 57 38 56 63 33 70 58 36 71 49 69 56 20 77 67 42 56 95 44 13 54 29 16 13 59 58 97 39 22 60 31 76 11 10 97 97 53 32 22 19 19 82 21 95 22 38 97 65 19 25 98 35 44 69 57 27 46 21 65 38 64 38 90 87 54 17 58 88 66 12 60 86 12 51 34 56 93 49 33 37 34 54 23 53 74 62 22 16 59 11 37 62 82 29 88 70 84 72 22 90 59 75 30 89 91
22 73 59 95 37 79 53 65 41 89 30 93 93 26 93 22 0 36 33 23 48 30 33 49 42 56 91 85 70 85 75 46 21 87 30 16 39 72 87 52 41 78 71 28 77 46 20 13 40 38 35 78 28 61 96 91 79 34 52 96 78 71 61 49 27 31 65 70 56 34 35 88 97 82 56 45 21 53 99 37 85 19 33 89 94 80 75 72 14 26 87 50 40 16 19 94 23 78 28 58 25 85 86 73 10 82 12 58 45 85 18 36 68 87 90 17 48 75 69 52 44 66 22 60 87 78 85 54 88 82 16 43 33 90 26
54 50 83 25 99 63 13 90 80 79 30 11 59 43 40 24 36 0 86 97 23 53 33 30 75 54 29 64 82 49 88 59 89 74 13 22 43 22 89 67 38 88 96 63 50 91 42 60 35 87 63 14 36 20 47 62 87 98 78 52 38 15 44 16 57 26 16 46 15 91 85 59 29 95 78 45 72 47 46 85 28 36 29 77 98 59 35 64 33 36 23 42 64 73 31 17 28 29 14 61 50 82 31 19 65 15 12 66 52 82 17 19 11 19 72 98 60 39 92 60 15 18 88 62 65 47 28 14 22 88 90 32 46 89 27
69 72 30 36 53 47 64 90 48 97 15 15 19 80 51 51 33 86 0 29 50 39 27 63 58 21 84 67 92 33 97 69 74 13 25 96 59 68 88 99 30 14 15 65 67 46 61 26 35 21 72 96 73 14 62 80 60 74 41 11 79 77 56 93 52 48 90 84 69 39 63 98 37 53 66 78 45 50 98 69 69 50 26 46 26 26 85 82 49 55 17 74 84 43 29 86 11 79 75 73 27 29 19 35 91 64 61 39 70 35 35 44 66 37 44 46 82 31 97 11 19 56 80 92 91 98 94 47 97 30 94 53 51 56 42
84 36 90 96 20 48 35 75 67 49 59 31 68 40 11 34 23 97 29 0 22 47 57 94 30 43 89 61 88 80 44 81 35 53 60 84 33 23 81 69 97 63 48 17 45 82 19 28 58 34 82 83 48 46 90 95 71 21 53 74 42 15 82 92 22 12 10 74 19 92 79 50 59 36 32 10 15 48 20 61 48 12 68 97 88 97 46 71 83 14 15 75 35 10 77 67 24 89 84 13 41 23 97 41 40 69 36 48 78 40 47 10 93 45 70 66 30 22 59 51 68 25 55 64 72 41 94 29 41 67 89 20 87 36 90
78 17 33 77 99 37 94 14 69 77 24 71 29 40 47 65 48 23 50 22 0 35 17 13 22 10 52 61 47 49 99 63 98 95 23 45 31 76 63 66 31 36 29 70 35 95 81 55 28 63 99 96 13 42 85 66 89 18 25 51 35 15 45 34 80 33 18 79 11 91 51 65 13 98 96 31 87 11 69 81 75 68 30 27 41 62 36 32 28 94 55 41 74 67 63 88 52 44 53 89 28 69 43 33 43 99 28 19 38 66 37 89 43 30 15 75 92 19 21 57 62 66 56 49 88 79 75 25 74 90 47 25 59 13 45
22 50 41 86 85 47 56 26 29 90 87 47 98 40 23 30 30 53 39 47 35 0 22 40 10 93 32 50 59 89 74 40 36 38 69 58 13 61 58 69 91 15 84 77 55 89 20 40 88 37 97 20 42 44 61 59 83 17 12 22 58 19 70 87 33 55 22 95 16 60 16 37 66 28 49 49 68 65 98 34 18 32 91 43 91 35 33 30 27 71 44 30 32 56 92 96 90 98 78 66 52 19 67 93 18 29 70 11 84 56 28 90 55 59 37 47 63 11 85 19 64 58 81 18 55 34 34 38 68 26 21 58 61 93 22
76 32 13 63 43 99 60 65 62 74 78 81 13 41 37 91 33 33 27 57 17 22 0 30 23 33 24 48 68 32 42 85 18 42 74 87 70 42 62 68 84 70 83 84 67 76 83 95 42 36 35 94 39 92 74 98 57 28 99 14 73 36 49 41 10 70 25 48 23 54 22 12 98 18 56 53 63 41 53 32 85 13 80 28 50 39 37 90 60 24 15 10 12 58 32 97 88 70 52 94 91 89 75 97 57 99 45 10 85 54 71 98 67 61 74 58 10 52 33 22 99 49 69 21 13 77 92 73 50 49 50 82 95 10 51
38 59 17 19 78 97 24 33 95 92 81 78 85 54 99 94 49 30 63 94 13 40 30 0 95 14 43 38 57 81 78 17 20 93 20 41 20 47 54 77 15 90 86 58 52 68 50 49 88 23 79 91 53 49 45 96 53 16 42 73 69 82 76 48 44 34 86 41 57 16 80 69 88 24 83 72 29 94 43 40 36 99 17 19 95 88 44 60 77 68 98 24 73 60 83 69 14 30 60 39 14 73 52 99 37 80 56 50 75 82 64 79 96 94 41 26 16 73 73 41 13 56 59 63 72 79 35 53 84 66 29 72 64 95 64
26 29 50 24 90 60 71 78 87 17 66 74 69 42 75 89 42 75 58 30 22 10 23 95 0 37 72 67 67 68 18 86 27 81 41 49 68 25 25 12 57 24 25 56 58 23 10 51 80 37 11 41 91 71 20 18 14 11 25 70 73 52 11 22 74 38 10 36 56 88 99 39 97 87 89 45 73 61 80 94 86 49 34 64 54 84 90 65 82 90 63 67 11 91 98 38 85 16 98 99 74 96 11 61 81 76 90 28 30 39 47 92 77 34 64 70 67 65 99 28 92 17 57 32 83 93 60 85 98 70 60 14 15 32 89
14 13 61 20 95 77 12 78 77 19 54 80 28 33 50 99 56 54 21 43 10 93 33 14 37 0 50 76 83 99 55 21 23 60 31 46 45 45 86 64 61 62 42 83 93 62 83 63 52 84 42 71 71 15 70 98 21 66 80 97 92 49 33 10 99 88 81 46 92 94 16 88 34 95 38 98 91 40 65 60 62 80 68 60 54 83 37 58 73 41 27 17 20 30 89 47 88 64 33 60 86 39 18 47 63 48 28 61 89 15 69 43 83 98 15 11 69 64 55 14 30 25 48 83 91 84 32 88 17 19 67 16 39 35 16
24 72 88 48 14 96 49 15 41 75 90 15 91 68 76 35 91 29 84 89 52 32 24 43 72 50 0 19 28 59 41 57 69 82 72 40 54 25 66 67 87 41 12 40 88 21 12 96 62 57 80 62 66 34 56 72 93 88 71 58 70 42 76 90 29 80 32 43 50 92 21 41 49 75 90 59 74 66 56 20 21 98 61 71 37 44 49 72 42 30 43 67 96 19 25 52 40 20 60 13 68 24 37 22 22 20 94 27 49 80 84 32 15 73 62 69 40 75 14 44 77 67 19 47 55 47 85 81 78 82 38 54 76 46 68
21 22 98 32 48 92 37 23 11 97 61 33 39 25 78 17 85 64 67 61 61 50 48 38 67 76 19 0 18 83 91 53 51 36 92 65 18 63 49 17 56 12 88 80 14 39 46 65 99 39 68 43 84 54 16 49 42 25 95 52 91 45 39 36 14 70 32 98 97 49 63 14 42 16 61 32 29 62 54 75 55 14 94 31 67 65 38 51 76 89 19 23 13 32 71 10 48 31 11 62 17 87 32 42 52 71 50 88 72 13 46 69 80 21 84 24 43 92 85 39 54 44 38 79 86 91 53 20 28 13 69 58 77 20 81
68 90 76 26 34 48 80 40 96 81 93 31 56 66 39 69 70 82 92 88 47 59 68 57 67 83 28 18 0 46 55 33 61 65 68 17 96 10 18 79 57 38 23 64 60 93 70 88 34 31 48 27 51 83 54 23 53 33 28 99 49 57 64 89 50 40 51 80 88 27 33 80 30 83 21 15 97 78 32 57 66 98 21 65 96 36 90 86 46 88 92 41 54 37 66 22 34 27 45 14 41 91 75 24 12 33 19 61 22 49 43 84 15 83 49 69 93 34 80 45 62 36 11 32 79 14 72 92 51 14 80 81 25 61 38
24 32 41 67 10 48 92 34 38 96 13 10 82 88 88 13 85 49 33 80 49 89 32 81 68 99 59 83 46 0 11 20 40 67 41 76 30 66 72 11 69 80 66 88 63 67 15 97 57 62 34 47 52 46 62 43 20 12 48 85 77 94 43 48 48 46 25 48 88 24 93 95 23 19 65 61 63 82 86 96 42 82 55 59 15 31 10 39 53 37 80 26 99 62 65 99 96 57 36 90 84 17 48 22 38 48 40 63 42 10 91 21 60 14 19 66 84 81 73 89 13 27 85 62 58 40 42 70 26 28 61 73 14 77 23
11 11 42 83 47 79 68 40 76 59 13 66 44 81 51 57 75 88 97 44 99 74 42 78 18 55 41 91 55 11 0 85 32 91 35 27 49 56 69 16 35 90 10 44 52 41 63 48 11 85 96 77 54 71 59 28 38 54 71 84 97 87 38 83 55 58 71 51 30 56 53 32 48 63 79 42 45 95 32 29 48 75 37 67 79 52 29 79 73 45 14 35 57 11 94 66 73 72 50 85 48 72 91 31 11 84 57 49 68 63 84 66 31 48 92 13 46 52 88 97 59 44 67 75 30 41 64 23 43 94 26 14 29 72 52
45 15 75 72 41 73 87 95 14 41 34 75 98 24 40 38 46 59 69 81 63 40 85 17 86 21 57 53 33 20 85 0 20 44 27 22 99 49 83 74 86 97 69 17 88 36 75 95 24 86 56 73 93 98 14 94 52 79 44 40 93 38 65 57 78 14 66 87 13 96 54 21 10 51 24 25 14 89 84 85 48 88 14 79 87 37 50 29 71 69 20 44 36 20 37 97 40 22 26 60 29 50 44 58 90 16 47 47 90 41 71 91 92 60 16 33 55 45 52 21 10 84 84 23 74 78 12 48 68 69 67 97 62 97 95
12 35 36 38 28 72 84 75 25 23 84 25 56 10 54 56 21 89 74 35 98 36 18 20 27 23 69 51 61 40 32 20 0 49 14 26 23 22 35 70 40 88 52 63 66 96 47 65 44 51 66 84 28 22 36 59 91 92 37 29 46 26 71 35 55 65 63 78 96 85 74 35 69 12 49 95 67 83 92 50 20 99 84 83 31 76 68 45 20 91 63 63 37 76 25 29 53 77 85 29 82 54 85 74 26 51 99 52 30 23 98 28 35 69 52 85 59 94 44 89 10 37 21 23 41 47 18 12 43 82 31 22 63 88 62
51 98 55 68 32 24 56 41 87 79 91 61 36 27 19 63 87 74 13 53 95 38 42 93 81 60 82 36 65 67 91 44 49 0 34 32 39 52 76 15 63 11 85 23 21 81 22 18 17 92 97 87 23 75 92 57 85 13 39 61 36 99 25 57 14 26 27 89 78 17 83 90 84 80 34 30 69 62 67 57 88 66 23 80 64 40 11 13 71 88 84 89 56 47 64 34 26 90 51 33 99 77 33 82 87 26 67 33 47 33 84 69 28 95 42 72 77 11 50 25 29 49 44 52 91 55 47 95 37 78 65 31 70 45 91
18 71 44 61 35 96 62 51 31 53 66 53 48 22 75 33 30 13 25 60 23 69 74 20 41 31 72 92 68 41 35 27 14 34 0 41 86 84 92 17 43 66 47 72 48 80 91 26 73 34 83 69 68 63 25 13 92 69 98 87 55 63 71 84 28 55 57 63 93 35 53 52 73 17 73 69 90 79 59 76 36 58 42 86 32 75 82 96 36 89 63 38 23 77 57 29 39 61 89 33 40 89 74 17 79 37 32 27 37 41 82 59 53 80 31 60 13 27 70 76 38 62 95 69 40 80 27 31 35 37 21 66 79 76 33
60 77 80 61 19 22 32 95 93 30 33 43 72 34 81 70 16 22 96 84 45 58 87 41 49 46 40 65 17 76 27 22 26 32 41 0 66 98 57 85 83 73 37 14 79 67 15 97 12 56 21 79 51 33 58 30 36 94 94 66 32 86 71 39 78 49 87 12 83 63 51 45 69 44 61 57 75 99 78 49 67 22 68 39 79 18 88 14 64 77 88 95 63 67 69 52 98 64 48 53 99 55 28 49 20 90 59 21 78 85 98 44 99 16 24 40 19 47 42 58 25 13 47 11 46 88 42 65 62 38 75 11 24 30 51
21 16 65 50 76 38 83 14 76 85 96 20 26 95 87 58 39 43 59 33 31 13 70 20 68 45 54 18 96 30 49 99 23 39 86 66 0 94 22 46 98 52 40 49 87 16 88 37 53 64 39 46 16 69 16 13 85 87 90 35 90 81 83 65 73 77 32 90 56 82 34 53 26 81 42 14 34 90 30 74 70 89 18 36 93 78 57 97 14 13 57 82 58 65 81 13 94 87 94 96 62 52 41 52 19 34 62 97 96 53 21 10 38 29 67 71 23 65 29 96 77 88 78 55 14 28 50 44 19 81 85 20 58 94 25
96 15 57 33 54 43 42 46 36 84 45 41 77 99 56 36 72 22 68 23 76 61 42 47 25 45 25 63 10 66 56 49 22 52 84 98 94 0 83 34 63 49 91 63 86 72 31 72 42 48 71 98 72 50 84 33 90 76 53 45 14 35 94 17 64 33 46 88 82 91 19 78 76 35 98 86 34 35 29 29 90 14 46 19 83 25 91 14 78 24 67 40 16 64 10 63 42 23 71 27 74 45 72 74 24 25 29 84 12 31 36 50 12 83 64 30 61 12 45 13 75 64 31 15 98 42 97 26 91 27 38 59 69 75 85
53 80 16 23 45 84 14 79 88 80 95 37 33 33 79 71 87 89 88 81 63 58 62 54 25 86 66 49 18 72 69 83 35 76 92 57 22 83 0 80 39 85 78 53 42 69 75 54 72 55 77 47 59 38 51 57 99 79 38 23 29 56 55 92 73 44 76 38 20 17 35 60 56 90 29 64 34 16 18 80 91 31 82 29 85 25 85 48 38 24 12 29 90 76 47 61 15 33 12 25 54 79 76 12 16 68 28 96 81 51 40 65 40 44 98 91 74 77 25 35 66 74 82 99 20 44 87 52 97 82 93 61 50 45 54
46 68 59 99 98 98 37 26 85 38 25 24 10 82 91 49 52 67 99 69 66 69 68 77 12 64 67 17 79 11 16 74 70 15 17 85 46 34 80 0 16 96 89 25 42 85 65 12 43 85 24 34 91 33 82 74 86 17 75 41 29 40 38 97 54 80 57 23 40 66 50 36 82 38 19 90 30 84 75 79 94 30 49 63 90 42 50 35 75 63 90 46 59 73 75 47 34 80 15 40 71 51 16 23 70 11 22 17 20 19 47 67 45 37 47 76 15 48 73 58 38 73 27 84 36 22 23 97 49 18 38 21 26 95 59
35 18 47 19 40 72 83 87 26 87 47 83 61 87 99 69 41 38 30 97 31 91 84 15 57 61 87 56 57 69 35 86 40 63 43 83 98 63 39 16 0 79 29 38 32 83 10 24 52 85 37 14 38 21 78 73 23 73 18 63 18 48 48 37 99 80 88 16 28 28 83 19 29 46 94 14 29 56 48 98 64 12 94 79 29 50 96 12 91 17 22 42 77 27 42 14 35 82 97 84 32 28 66 99 52 32 51 21 63 53 20 20 25 39 36 26 55 90 89 51 79 13 88 25 64 33 99 41 54 12 71 38 64 79 30
71 55 88 72 56 47 54 65 60 91 73 14 40 36 43 56 78 88 14 63 36 15 70 90 24 62 41 12 38 80 90 97 88 11 66 73 52 49 85 96 79 0 39 12 70 74 22 92 46 15 36 30 41 67 72 69 26 13 80 25 32 82 13 18 35 52 49 72 23 30 87 87 61 26 13 25 64 21 49 99 62 46 55 63 39 28 57 45 77 89 24 37 61 62 57 42 46 91 17 91 34 68 25 92 53 65 66 56 98 36 55 97 23 92 49 25 93 12 88 42 67 97 14 12 48 32 68 46 64 91 75 46 14 15 92
73 67 56 40 58 96 99 11 33 37 29 75 20 98 55 20 71 96 15 48 29 84 83 86 25 42 12 88 23 66 10 69 52 85 47 37 40 91 78 89 29 39 0 91 59 19 31 57 16 80 40 90 95 34 76 96 87 27 14 73 91 58 89 32 31 16 48 10 52 33 25 68 62 66 75 41 93 19 25 82 65 15 33 80 71 58 29 41 24 70 33 88 65 74 55 13 80 96 83 58 68 36 81 85 17 89 41 24 93 86 93 60 45 85 73 19 59 52 25 47 58 41 26 77 67 76 73 58 24 87 51 92 33 21 94
77 56 78 67 26 13 49 43 96 99 51 94 75 61 42 77 28 63 65 17 70 77 84 58 56 83 40 80 64 88 44 17 63 23 72 14 49 63 53 25 38 12 91 0 89 25 98 86 23 80 31 96 14 73 59 86 38 84 24 53 22 23 72 48 48 61 95 76 53 38 11 51 84 86 95 92 55 33 84 28 97 99 71 47 77 48 42 46 35 12 31 76 99 53 24 22 50 24 60 64 87 77 92 40 89 49 16 69 11 50 74 71 82 97 86 32 33 61 34 20 72 92 94 97 85 21 37 28 27 96 27 67 80 87 15
85 24 49 60 69 81 55 12 69 95 87 62 80 85 21 67 77 50 67 45 35 55 67 52 58 93 88 14 60 63 52 88 66 21 48 79 87 86 42 42 32 70 59 89 0 86 20 16 72 39 44 27 76 99 35 50 40 68 48 30 67 69 35 96 30 58 94 15 36 15 61 44 68 51 23 66 82 68 61 62 55 80 60 85 69 54 75 81 68 13 61 30 69 85 94 25 66 43 44 66 82 55 48 85 98 74 81 89 96 88 72 35 65 43 51 21 72 54 78 66 11 38 83 33 50 80 29 21 46 60 66 49 11 69 57
89 74 98 53 44 80 15 88 84 76 36 28 61 66 13 42 46 91 46 82 95 89 76 68 23 62 21 39 93 67 41 36 96 81 80 67 16 72 69 85 83 74 19 25 86 0 46 47 62 67 40 82 91 39 56 66 93 94 60 61 80 26 62 92 83 80 75 80 62 47 62 66 31 86 44 29 32 75 13 89 54 79 18 44 98 33 43 42 76 51 50 24 21 63 86 87 34 89 85 97 37 60 43 37 85 78 90 61 96 43 14 25 81 37 39 79 86 50 38 20 36 74 36 90 97 17 50 31 96 31 16 16 86 45 11
53 62 90 79 62 44 36 60 34 42 18 87 85 22 23 56 20 42 61 19 81 20 83 50 10 83 12 46 70 15 63 75 47 22 91 15 88 31 75 65 10 22 31 98 20 46 0 81 57 91 26 99 39 26 90 20 47 87 56 32 80 20 59 90 80 13 43 18 79 12 62 59 11 40 77 99 39 93 62 90 27 60 20 91 47 53 28 66 62 43 57 11 19 47 96 55 72 13 65 36 39 89 67 16 19 70 35 92 43 83 11 69 54 68 70 17 94 11 24 14 73 39 56 53 99 94 84 53 43 31 18 89 53 41 94
64 12 74 22 17 63 47 44 13 78 30 92 87 23 74 95 13 60 26 28 55 40 95 49 51 63 96 65 88 97 48 95 65 18 26 97 37 72 54 12 24 92 57 86 16 47 81 0 57 73 84 79 98 61 47 56 11 53 66 44 31 35 13 48 87 18 57 70 75 27 56 29 10 74 37 33 60 98 91 32 41 20 78 57 53 44 32 94 79 65 63 60 83 35 17 64 74 18 93 86 67 82 22 34 27 11 96 52 65 40 79 31 99 67 36 90 74 11 20 80 69 59 43 67 47 59 64 12 22 97 90 51 69 94 31
34 20 59 51 93 53 64 92 52 68 67 54 19 41 43 44 40 35 35 58 28 88 42 88 80 52 62 99 34 57 11 24 44 17 73 12 53 42 72 43 52 46 16 23 72 62 57 57 0 53 99 24 41 44 23 28 75 34 70 60 84 61 93 36 75 77 10 20 66 76 23 46 40 26 31 88 89 83 87 71 42 97 32 30 66 12 63 95 25 75 84 93 40 14 39 76 79 21 85 36 17 51 23 41 72 11 54 62 93 94 32 31 93 12 76 98 59 10 54 48 49 66 60 79 64 76 24 76 69 98 62 39 70 64 11
12 16 59 41 79 59 61 79 35 34 84 43 51 70 99 13 38 87 21 34 63 37 36 23 37 84 57 39 31 62 85 86 51 92 34 56 64 48 55 85 85 15 80 80 39 67 91 73 53 0 76 58 75 41 28 39 53 45 80 12 34 48 25 93 90 29 76 84 95 61 42 92 97 60 97 58 87 39 23 79 13 11 64 50 63 96 67 49 55 17 29 22 72 64 68 77 28 66 98 27 61 20 89 23 97 82 62 99 42 98 20 31 69 54 28 76 64 95 41 81 66 13 95 37 76 42 36 58 46 81 86 49 12 45 86
94 20 20 25 75 20 38 95 23 96 73 15 82 98 61 54 35 63 72 82 99 97 35 79 11 42 80 68 48 34 96 56 66 97 83 21 39 71 77 24 37 36 40 31 44 40 26 84 99 76 0 13 36 87 66 95 61 95 31 95 54 22 96 21 73 75 68 30 97 42 98 44 85 19 36 58 96 10 29 39 47 49 61 81 86 63 56 45 34 56 43 93 50 92 52 25 85 60 53 95 28 39 64 61 58 49 42 72 39 83 51 41 24 50 57 68 79 26 63 33 50 93 62 94 42 86 78 81 43 74 50 65 53 31 14
48 88 45 91 61 41 55 29 23 55 15 98 31 44 22 29 78 14 96 83 96 20 94 91 41 71 62 43 27 47 77 73 84 87 69 79 46 98 47 34 14 30 90 96 27 82 99 79 24 58 13 0 55 45 91 89 71 88 58 23 47 13 43 44 52 45 42 75 64 88 79 20 73 74 89 30 54 50 22 21 26 39 70 44 85 61 56 52 29 68 45 48 39 53 22 24 52 38 57 64 63 30 83 38 30 71 29 59 98 20 11 37 85 51 69 43 56 39 65 57 57 29 80 32 60 85 84 84 85 68 11 12 85 42 18
35 97 73 69 49 14 29 24 22 93 20 43 23 93 71 16 28 36 73 48 13 42 39 53 91 71 66 84 51 52 54 93 28 23 68 51 16 72 59 91 38 41 95 14 76 91 39 98 41 75 36 55 0 40 84 34 80 39 85 85 24 29 83 21 80 33 94 94 40 96 57 97 37 52 51 81 27 19 37 88 67 56 37 97 59 55 47 87 90 83 48 10 17 20 34 82 40 58 65 12 54 38 91 60 90 59 37 46 19 86 65 95 77 26 31 38 81 51 68 48 59 23 89 66 35 81 76 85 94 69 95 56 20 78 45
42 68 75 79 99 38 95 28 33 89 25 72 28 41 73 13 61 20 14 46 42 44 92 49 71 15 34 54 83 46 71 98 22 75 63 33 69 50 38 33 21 67 34 73 99 39 26 61 44 41 87 45 40 0 92 66 22 85 30 69 25 94 89 69 93 32 47 40 13 89 26 17 10 54 77 51 54 15 90 71 75 20 28 44 98 35 11 75 30 84 28 63 68 92 94 82 81 60 50 40 75 76 74 43 21 11 73 34 78 76 21 20 74 49 92 53 99 96 17 73 57 90 98 79 82 95 55 85 30 19 76 14 13 25 67
74 86 68 69 28 36 74 89 64 37 91 88 91 54 70 59 96 47 62 90 85 61 74 45 20 70 56 16 54 62 59 14 36 92 25 58 16 84 51 82 78 72 76 59 35 56 90 47 23 28 66 91 84 92 0 38 36 76 45 13 53 63 29 78 73 47 70 35 29 44 86 36 98 70 32 91 46 92 47 32 48 64 25 80 56 62 58 64 88 22 55 89 82 44 65 12 56 59 33 66 40 11 35 65 56 21 44 86 69 84 69 75 27 39 90 90 10 64 48 12 85 43 52 74 94 53 94 89 56 21 72 24 46 43 70
20 93 70 30 54 60 53 26 70 16 93 47 48 44 68 58 91 62 80 95 66 59 98 96 18 98 72 49 23 43 28 94 59 57 13 30 13 33 57 74 73 69 96 86 50 66 20 56 28 39 95 89 34 66 38 0 50 19 51 60 22 54 80 46 13 61 57 78 80 49 92 43 45 83 82 15 72 23 47 72 58 27 33 25 22 51 69 45 42 71 71 55 18 91 34 45 83 24 42 14 79 68 80 78 33 80 82 74 10 15 23 29 20 58 58 65 21 42 79 43 62 57 56 90 11 49 84 22 13 52 53 35 34 15 15
30 38 42 28 79 67 61 14 65 95 65 91 62 17 45 97 79 87 60 71 89 83 57 53 14 21 93 42 53 20 38 52 91 85 92 36 85 90 99 86 23 26 87 38 40 93 47 11 75 53 61 71 80 22 36 50 0 81 97 66 15 38 20 49 57 59 16 30 49 11 84 41 62 69 64 97 94 32 66 49 77 48 19 24 52 37 59 44 45 78 55 44 63 29 82 39 85 41 35 83 99 77 77 42 15 58 72 63 88 52 92 99 97 74 33 23 31 10 52 86 75 51 67 29 37 61 57 37 12 26 74 96 85 30 18
14 61 71 60 60 82 19 66 61 90 12 56 97 57 91 39 34 98 74 21 18 17 28 16 11 66 88 25 33 12 54 79 92 13 69 94 87 76 79 17 73 13 27 84 68 94 87 53 34 45 95 88 39 85 76 19 81 0 28 60 30 20 73 36 29 50 14 16 73 77 84 39 84 42 31 45 16 75 24 81 28 14 30 38 76 53 80 78 88 42 82 62 11 23 39 69 64 69 57 98 96 29 46 86 55 30 51 15 73 71 94 43 24 41 74 39 91 46 11 82 89 40 78 94 49 87 93 95 63 19 24 76 80 71 61
20 84 22 89 21 88 82 39 82 99 28 70 90 32 94 22 52 78 41 53 25 12 99 42 25 80 71 95 28 48 71 44 37 39 98 94 90 53 38 75 18 80 14 24 48 60 56 66 70 80 31 58 85 30 45 51 97 28 0 71 91 98 92 96 99 42 29 80 89 78 74 18 42 67 56 61 36 86 21 99 16 85 11 50 30 88 54 40 56 95 75 44 68 36 46 59 42 28 75 25 54 65 45 87 14 82 61 94 19 79 86 56 27 99 33 42 94 63 18 16 10 17 79 96 24 15 73 71 85 51 35 22 74 52 51
79 59 59 80 95 50 90 70 13 59 59 31 82 28 43 60 96 52 11 74 51 22 14 73 70 97 58 52 99 85 84 40 29 61 87 66 35 45 23 41 63 25 73 53 30 61 32 44 60 12 95 23 85 69 13 60 66 60 71 0 27 14 85 83 92 21 66 51 23 75 18 77 59 68 83 84 42 67 31 63 88 57 88 35 32 69 32 62 46 92 77 68 95 64 30 49 81 99 15 76 53 54 20 77 23 50 72 29 39 18 46 22 82 18 54 57 86 52 33 23 59 32 25 75 26 32 96 43 46 65 47 13 19 41 21
31 92 38 85 60 47 48 18 37 87 52 38 54 95 39 31 78 38 79 42 35 58 73 69 73 92 70 91 49 77 97 93 46 36 55 32 90 14 29 29 18 32 91 22 67 80 80 31 84 34 54 47 24 25 53 22 15 30 91 27 0 32 89 57 96 98 72 49 21 73 70 34 81 63 89 60 50 24 51 75 22 58 61 22 55 26 28 32 42 82 48 58 22 51 51 75 72 79 73 76 99 97 15 69 90 92 75 91 76 63 41 13 90 53 30 85 67 13 97 74 31 36 10 67 63 71 19 15 87 15 63 90 77 46 39
17 20 23 42 19 40 50 45 27 16 77 52 94 12 69 76 71 15 77 15 15 19 36 82 52 49 42 45 57 94 87 38 26 99 63 86 81 35 56 40 48 82 58 23 69 26 20 35 61 48 22 13 29 94 63 54 38 20 98 14 32 0 62 47 20 92 45 61 47 13 92 20 20 39 19 81 75 50 58 27 74 57 50 73 87 82 18 20 12 24 85 52 97 71 84 45 96 43 86 50 96 33 88 47 76 21 35 33 66 84 10 11 11 81 45 48 60 33 31 46 43 18 33 37 27 32 71 81 50 23 59 43 36 72 39
12 40 26 10 63 76 28 83 30 35 82 70 65 74 65 11 61 44 56 82 45 70 49 76 11 33 76 39 64 43 38 65 71 25 71 71 83 94 55 38 48 13 89 72 35 62 59 13 93 25 96 43 83 89 29 80 20 73 92 85 89 62 0 20 39 97 80 95 34 25 76 85 87 63 53 42 54 91 45 49 69 20 23 57 53 75 70 21 79 28 47 46 66 56 47 56 95 66 40 30 36 70 39 77 91 76 21 38 47 10 60 59 94 28 84 55 61 65 86 20 17 37 76 40 33 44 72 64 19 84 21 75 37 15 76
30 96 96 94 48 22 12 74 92 76 65 71 93 78 34 10 49 16 93 92 34 87 41 48 22 10 90 36 89 48 83 57 35 57 84 39 65 17 92 97 37 18 32 48 96 92 90 48 36 93 21 44 21 69 78 46 49 36 96 83 57 47 20 0 39 72 47 50 52 31 61 70 86 21 58 24 28 89 52 82 37 50 73 94 35 42 50 65 63 66 83 32 93 67 27 96 82 68 90 47 92 91 52 17 71 21 10 29 54 23 78 17 71 29 10 78 76 24 32 50 98 21 11 95 96 41 76 87 37 69 75 22 67 24 56
21 93 59 56 16 16 17 66 75 41 58 30 77 75 60 97 27 57 52 22 80 33 10 44 74 99 29 14 50 48 55 78 55 14 28 78 73 64 73 54 99 35 31 48 30 83 80 87 75 90 73 52 80 93 73 13 57 29 99 92 96 20 39 39 0 49 76 89 10 26 46 15 51 73 92 75 99 26 66 82 27 52 20 14 26 13 31 57 64 10 83 37 87 72 57 37 36 30 93 86 21 74 93 75 67 43 57 94 71 85 12 78 46 73 68 20 53 89 41 57 50 97 37 45 81 37 65 63 49 92 20 28 98 82 45
11 26 71 29 51 45 27 45 73 56 53 24 67 24 66 97 31 26 48 12 33 55 70 34 38 88 80 70 40 46 58 14 65 26 55 49 77 33 44 80 80 52 16 61 58 80 13 18 77 29 75 45 33 32 47 61 59 50 42 21 98 92 97 72 49 0 78 67 52 67 64 53 33 96 96 40 89 90 12 73 83 68 69 87 34 53 73 95 24 40 71 68 45 76 82 87 87 51 63 61 61 51 12 87 15 46 90 19 20 96 62 93 93 13 58 59 88 39 61 36 33 28 56 51 24 90 15 76 65 11 98 22 17 58 20
24 88 73 32 44 88 61 95 95 38 45 22 45 37 74 53 65 16 90 10 18 22 25 86 10 81 32 32 51 25 71 66 63 27 57 87 32 46 76 57 88 49 48 95 94 75 43 57 10 76 68 42 94 47 70 57 16 14 29 66 72 45 80 47 76 78 0 88 82 80 21 94 77 86 44 52 97 80 36 38 43 36 14 27 67 40 85 21 61 69 63 78 64 48 19 20 85 79 44 70 26 70 40 22 24 23 84 62 35 44 20 68 77 25 26 68 56 22 28 41 75 14 76 61 38 70 48 68 62 19 38 40 70 44 19
17 44 23 31 99 68 81 93 24 35 93 41 39 43 42 32 70 46 84 74 79 95 48 41 36 46 43 98 80 48 51 87 78 89 63 12 90 88 38 23 16 72 10 76 15 80 18 70 20 84 30 75 94 40 35 78 30 16 80 51 49 61 95 50 89 67 88 0 12 17 51 48 20 31 33 47 77 63 42 15 45 65 66 55 58 62 38 12 12 26 72 84 19 62 64 61 32 61 54 29 39 86 11 91 44 51 88 42 91 85 17 10 18 15 89 19 15 71 61 47 92 78 46 26 84 16 61 44 33 11 19 42 29 85 95
19 54 64 37 46 19 52 40 42 47 64 22 62 80 89 22 56 15 69 19 11 16 23 57 56 92 50 97 88 88 30 13 96 78 93 83 56 82 20 40 28 23 52 53 36 62 79 75 66 95 97 64 40 13 29 80 49 73 89 23 21 47 34 52 10 52 82 12 0 34 93 25 95 82 71 71 79 90 38 15 84 44 25 10 40 20 19 84 42 85 84 31 62 45 54 37 13 26 18 17 24 71 53 51 76 99 38 79 86 75 21 59 96 21 16 28 68 60 76 92 29 29 86 56 11 77 11 97 62 87 28 77 49 36 18
46 15 21 18 34 89 95 60 60 79 44 60 67 80 42 19 34 91 39 92 91 60 54 16 88 94 92 49 27 24 56 96 85 17 35 63 82 91 17 66 28 30 33 38 15 47 12 27 76 61 42 88 96 89 44 49 11 77 78 75 73 13 25 31 26 67 80 17 34 0 12 21 80 92 29 34 64 35 52 85 18 68 41 18 62 93 84 17 76 14 38 54 63 34 86 89 54 69 97 83 42 70 61 47 23 82 61 15 77 36 66 28 40 62 42 95 19 20 35 51 48 75 87 91 33 79 87 92 50 11 48 69 65 27 17
24 77 69 52 99 30 15 95 60 70 63 75 90 39 19 19 35 85 63 79 51 16 22 80 99 16 21 63 33 93 53 54 74 83 53 51 34 19 35 50 83 87 25 11 61 62 62 56 23 42 98 79 57 26 86 92 84 84 74 18 70 92 76 61 46 64 21 51 93 12 0 27 38 81 95 79 51 39 23 38 97 35 59 94 20 26 64 58 79 13 74 43 83 14 96 54 39 86 39 73 86 53 69 86 27 20 71 80 72 19 77 83 91 85 77 78 55 92 40 66 90 19 22 72 38 31 81 32 88 60 13 40 43 65 42
86 33 68 75 28 83 81 53 60 46 24 44 73 85 66 82 88 59 98 50 65 37 12 69 39 88 41 14 80 95 32 21 35 90 52 45 53 78 60 36 19 87 68 51 44 66 59 29 46 92 44 20 97 17 36 43 41 39 18 77 34 20 85 70 15 53 94 48 25 21 27 0 64 40 96 71 63 90 77 37 65 59 82 88 16 94 30 68 51 57 72 61 95 42 22 20 91 86 94 77 15 81 98 81 13 76 65 55 44 38 84 77 21 93 70 43 16 71 48 18 75 31 59 80 30 19 86 13 45 41 81 72 19 71 23
68 98 62 17 65 70 97 80 52 27 59 39 32 74 30 21 97 29 37 59 13 66 98 88 97 34 49 42 30 23 48 10 69 84 73 69 26 76 56 82 29 61 62 84 68 31 11 10 40 97 85 73 37 10 98 45 62 84 42 59 81 20 87 86 51 33 77 20 95 80 38 64 0 16 11 66 86 84 43 36 94 64 96 54 72 92 15 14 53 69 61 70 42 99 42 41 78 98 90 34 72 21 39 91 10 50 20 15 22 93 96 78 82 10 57 72 37 63 95 15 94 62 87 15 46 91 25 63 27 99 37 81 87 93 67
62 83 14 42 36 31 71 15 49 57 81 63 78 64 45 95 82 95 53 36 98 28 18 24 87 95 75 16 83 19 63 51 12 80 17 44 81 35 90 38 46 26 66 86 51 86 40 74 26 60 19 74 52 54 70 83 69 42 67 68 63 39 63 21 73 96 86 31 82 92 81 40 16 0 33 13 79 49 92 30 26 53 29 14 27 51 63 56 65 34 33 26 92 48 82 86 20 16 16 72 31 78 22 82 68 12 93 60 75 93 87 25 13 34 81 47 43 42 40 18 42 71 10 69 19 18 83 31 96 52 95 37 13 13 49
17 27 47 77 65 59 17 61 17 28 90 14 48 20 59 22 56 78 66 32 96 49 56 83 89 38 90 61 21 65 79 24 49 34 73 61 42 98 29 19 94 13 75 95 23 44 77 37 31 97 36 89 51 77 32 82 64 31 56 83 89 19 53 58 92 96 44 33 71 29 95 96 11 33 0 54 25 38 93 93 54 20 74 36 18 92 59 53 10 20 93 22 68 96 63 22 15 73 52 66 20 37 57 81 80 90 15 37 11 40 88 99 27 28 31 91 11 88 85 91 82 89 46 31 26 87 71 82 16 94 25 27 69 16 41
25 22 45 29 49 83 90 24 56 47 73 89 88 26 10 38 45 45 78 10 31 49 53 72 45 98 59 32 15 61 42 25 95 30 69 57 14 86 64 90 14 25 41 92 66 29 99 33 88 58 58 30 81 51 91 15 97 45 61 84 60 81 42 24 75 40 52 47 71 34 79 71 66 13 54 0 69 55 98 75 52 68 30 78 43 98 22 41 70 23 50 58 89 58 70 57 62 80 82 84 60 43 98 65 57 89 69 10 39 95 96 67 78 74 22 52 82 91 12 96 98 65 41 87 60 74 59 32 58 92 82 51 53 73 77
82 47 70 53 84 17 46 30 87 51 83 88 96 82 34 97 21 72 45 15 87 68 63 29 73 91 74 29 97 63 45 14 67 69 90 75 34 34 34 30 29 64 93 55 82 32 39 60 89 87 96 54 27 54 46 72 94 16 36 42 50 75 54 28 99 89 97 77 79 64 51 63 86 79 25 69 0 43 36 53 61 35 79 61 41 47 50 68 12 13 89 68 42 46 94 65 73 14 67 69 32 67 25 47 32 72 18 28 29 17 90 31 19 84 18 12 95 43 89 74 51 44 48 27 51 85 40 28 53 42 74 68 13 91 80
49 67 26 44 57 85 23 33 61 51 45 36 78 68 89 65 53 47 50 48 11 65 41 94 61 40 66 62 78 82 95 89 83 62 79 99 90 35 16 84 56 21 19 33 68 75 93 98 83 39 10 50 19 15 92 23 32 75 86 67 24 50 91 89 26 90 80 63 90 35 39 90 84 49 38 55 43 0 10 45 55 32 43 79 40 77 19 86 13 81 82 45 55 76 30 23 35 13 35 30 97 78 96 46 28 21 63 75 14 77 84 43 59 66 78 74 66 93 86 46 86 97 57 66 67 88 25 40 15 83 69 24 24 20 84
82 64 88 29 41 74 65 56 51 17 66 34 12 51 97 19 99 46 98 20 69 98 53 43 80 65 56 54 32 86 32 84 92 67 59 78 30 29 18 75 48 49 25 84 61 13 62 91 87 23 29 22 37 90 47 47 66 24 21 31 51 58 45 52 66 12 36 42 38 52 23 77 43 92 93 98 36 10 0 97 49 29 35 91 63 88 23 15 86 23 54 77 74 47 65 30 43 70 92 82 73 50 45 31 83 12 69 40 36 34 19 95 77 82 33 11 46 16 88 68 34 99 75 13 52 88 90 70 50 94 48 43 54 79 52
49 30 65 34 87 21 98 55 46 12 62 92 46 85 36 25 37 85 69 61 81 34 32 40 94 60 20 75 57 96 29 85 50 57 76 49 74 29 80 79 98 99 82 28 62 89 90 32 71 79 39 21 88 71 32 72 49 81 99 63 75 27 49 82 82 73 38 15 15 85 38 37 36 30 93 75 53 45 97 0 91 72 56 73 29 18 39 52 18 77 45 38 47 77 19 31 81 58 24 41 68 70 53 95 64 93 50 94 39 49 10 31 31 58 92 59 95 30 90 25 85 61 41 19 97 94 35 17 87 34 29 98 71 41 91
80 39 44 58 30 24 40 22 42 50 62 70 83 85 40 98 85 28 69 48 75 18 85 36 86 62 21 55 66 42 48 48 20 88 36 67 70 90 91 94 64 62 65 97 55 54 27 41 42 13 47 26 67 75 48 58 77 28 16 88 22 74 69 37 27 83 43 45 84 18 97 65 94 26 54 52 61 55 49 91 0 41 49 19 15 63 66 66 24 82 28 11 31 31 74 53 45 21 79 15 20 78 83 77 92 82 68 70 67 82 53 97 54 19 92 61 92 41 65 28 17 11 77 88 54 24 19 23 16 66 94 68 90 56 93
12 19 42 47 65 36 53 98 74 26 82 29 19 98 36 35 19 36 50 12 68 32 13 99 49 80 98 14 98 82 75 88 99 66 58 22 89 14 31 30 12 46 15 99 80 79 60 20 97 11 49 39 56 20 64 27 48 14 85 57 58 57 20 50 52 68 36 65 44 68 35 59 64 53 20 68 35 32 29 72 41 0 81 18 21 60 87 74 86 43 18 44 99 58 68 43 96 72 53 47 33 46 65 28 10 43 78 84 62 10 55 87 42 59 79 85 57 53 47 26 78 52 20 78 84 34 35 20 86 65 28 75 63 72 41
76 95 59 52 76 47 63 51 82 54 14 46 67 98 14 44 33 29 26 68 30 91 80 17 34 68 61 94 21 55 37 14 84 23 42 68 18 46 82 49 94 55 33 71 60 18 20 78 32 64 61 70 37 28 25 33 19 30 11 88 61 50 23 73 20 69 14 66 25 41 59 82 96 29 74 30 79 43 35 56 49 81 0 24 99 44 47 58 83 89 53 48 12 13 61 68 29 26 24 44 49 75 26 24 41 12 81 50 74 62 71 96 81 98 88 54 69 27 13 18 46 78 29 48 61 82 59 95 54 71 92 99 20 71 29
99 12 82 67 60 91 38 68 78 69 54 31 50 22 76 69 89 77 46 97 27 43 28 19 64 60 71 31 65 59 67 79 83 80 86 39 36 19 29 63 79 63 80 47 85 44 91 57 30 50 81 44 97 44 80 25 24 38 50 35 22 73 57 94 14 87 27 55 10 18 94 88 54 14 36 78 61 79 91 73 19 18 24 0 67 31 85 44 53 12 73 76 59 75 22 32 79 43 53 35 22 53 31 38 76 74 64 87 21 95 34 10 58 87 87 91 41 80 92 54 23 97 15 34 83 52 78 17 26 77 64 85 96 39 55
79 26 29 48 36 73 96 19 31 62 34 15 85 39 85 57 94 98 26 88 41 91 50 95 54 54 37 67 96 15 79 87 31 64 32 79 93 83 85 90 29 39 71 77 69 98 47 53 66 63 86 85 59 98 56 22 52 76 30 32 55 87 53 35 26 34 67 58 40 62 20 16 72 27 18 43 41 40 63 29 15 21 99 67 0 57 15 41 90 79 66 21 19 73 27 47 19 44 59 40 80 41 86 75 53 80 59 61 41 57 52 89 28 68 14 99 41 20 22 28 18 97 64 84 38 62 81 45 98 65 29 71 57 70 85
90 37 64 69 37 67 10 35 10 62 18 14 90 49 40 27 80 59 26 97 62 35 39 88 84 83 44 65 36 31 52 37 76 40 75 18 78 25 25 42 50 28 58 48 54 33 53 44 12 96 63 61 55 35 62 51 37 53 88 69 26 82 75 42 13 53 40 62 20 93 26 94 92 51 92 98 47 77 88 18 63 60 44 31 57 0 39 95 96 97 60 97 12 90 59 48 43 75 31 57 38 88 16 81 70 71 75 57 48 13 88 70 76 97 18 73 54 86 37 27 51 81 31 30 78 98 28 92 28 93 34 51 58 41 69
34 57 63 64 94 55 25 72 73 68 82 88 57 14 85 46 75 35 85 46 36 33 37 44 90 37 49 38 90 10 29 50 68 11 82 88 57 91 85 50 96 57 29 42 75 43 28 32 63 67 56 56 47 11 58 69 59 80 54 32 28 18 70 50 31 73 85 38 19 84 64 30 15 63 59 22 50 19 23 39 66 87 47 85 15 39 0 17 32 22 50 64 17 22 28 29 92 48 11 81 77 99 68 89 38 23 23 47 47 18 71 29 93 52 90 44 27 20 29 33 40 83 55 21 15 97 39 77 41 24 25 66 48 59 13
94 78 87 79 93 58 66 35 43 58 20 68 53 74 37 21 72 64 82 71 32 30 90 60 65 58 72 51 86 39 79 29 45 13 96 14 97 14 48 35 12 45 41 46 81 42 66 94 95 49 45 52 87 75 64 45 44 78 40 62 32 20 21 65 57 95 21 12 84 17 58 68 14 56 53 41 68 86 15 52 66 74 58 44 41 95 17 0 39 58 41 11 45 80 29 80 66 57 83 26 84 76 71 47 48 79 72 27 82 18 64 56 98 90 27 11 95 59 67 41 38 94 42 77 70 59 25 43 12 74 72 50 99 20 17
68 83 84 25 55 53 54 14 64 84 16 88 63 89 54 65 14 33 49 83 28 27 60 77 82 73 42 76 46 53 73 71 20 71 36 64 14 78 38 75 91 77 24 35 68 76 62 79 25 55 34 29 90 30 88 42 45 88 56 46 42 12 79 63 64 24 61 12 42 76 79 51 53 65 10 70 12 13 86 18 24 86 83 53 90 96 32 39 0 67 73 83 74 69 45 87 88 32 66 57 23 27 94 30 73 26 56 23 37 19 36 24 65 37 82 87 80 23 66 35 91 72 62 78 57 37 47 16 90 66 76 13 85 94 30
47 84 59 49 91 82 74 15 62 58 52 27 17 32 30 38 26 36 55 14 94 71 24 68 90 41 30 89 88 37 45 69 91 88 89 77 13 24 24 63 17 89 70 12 13 51 43 65 75 17 56 68 83 84 22 71 78 42 95 92 82 24 28 66 10 40 69 26 85 14 13 57 69 34 20 23 13 81 23 77 82 43 89 12 79 97 22 58 67 0 92 40 77 40 35 80 39 53 10 87 87 64 86 43 77 98 31 63 28 61 21 40 76 46 30 68 56 41 26 33 92 39 34 73 92 78 66 11 62 26 76 63 25 95 10
88 65 75 14 36 97 11 69 98 29 16 25 27 37 75 64 87 23 17 15 55 44 15 98 63 27 43 19 92 80 14 20 63 84 63 88 57 67 12 90 22 24 33 31 61 50 57 63 84 29 43 45 48 28 55 71 55 82 75 77 48 85 47 83 83 71 63 72 84 38 74 72 61 33 93 50 89 82 54 45 28 18 53 73 66 60 50 41 73 92 0 11 91 88 13 86 74 24 58 79 78 18 88 34 88 95 60 27 75 78 76 95 38 18 49 50 23 61 30 70 97 82 47 48 76 86 55 58 63 69 45 62 22 30 73
83 53 78 73 98 38 15 18 97 87 43 15 62 24 69 38 50 42 74 75 41 30 10 24 67 17 67 23 41 26 35 44 63 89 38 95 82 40 29 46 42 37 88 76 30 24 11 60 93 22 93 48 10 63 89 55 44 62 44 68 58 52 46 32 37 68 78 84 31 54 43 61 70 26 22 58 68 45 77 38 11 44 48 76 21 97 64 11 83 40 11 0 74 19 62 88 45 97 81 31 68 98 45 68 43 17 86 92 13 31 47 54 34 81 87 86 72 35 40 10 49 82 81 93 43 10 82 95 89 63 16 80 69 57 42
31 19 72 60 91 45 71 43 30 14 90 56 84 94 62 90 40 64 84 35 74 32 12 73 11 20 96 13 54 99 57 36 37 56 23 63 58 16 90 59 77 61 65 99 69 21 19 83 40 72 50 39 17 68 82 18 63 11 68 95 22 97 66 93 87 45 64 19 62 63 83 95 42 92 68 89 42 55 74 47 31 99 12 59 19 12 17 45 74 77 91 74 0 63 83 51 24 35 14 46 18 83 41 34 63 45 14 86 79 37 70 54 58 27 30 75 48 96 23 63 17 56 51 24 71 36 88 85 48 19 14 43 31 62 17
12 73 11 72 55 99 73 49 98 97 70 46 42 45 99 87 16 73 43 10 67 56 58 60 91 30 19 32 37 62 11 20 76 47 77 67 65 64 76 73 27 62 74 53 85 63 47 35 14 64 92 53 20 92 44 91 29 23 36 64 51 71 56 67 72 76 48 62 45 34 14 42 99 48 96 58 46 76 47 77 31 58 13 75 73 90 22 80 69 40 88 19 63 0 12 41 62 97 95 25 31 94 89 46 76 84 22 67 37 33 13 43 21 41 82 65 33 22 77 12 32 39 23 29 30 86 54 20 78 78 40 11 38 42 49
19 99 37 23 78 61 97 97 28 68 58 24 48 93 46 54 19 31 29 77 63 92 32 83 98 89 25 71 66 65 94 37 25 64 57 69 81 10 47 75 42 57 55 24 94 86 96 17 39 68 52 22 34 94 65 34 82 39 46 30 51 84 47 27 57 82 19 64 54 86 96 22 42 82 63 70 94 30 65 19 74 68 61 22 27 59 28 29 45 35 13 62 83 12 0 24 81 63 21 95 16 30 43 73 64 47 51 58 56 35 74 13 16 34 69 75 87 83 51 54 10 87 98 56 85 82 20 32 35 98 89 11 80 77 93
26 16 65 11 45 36 31 65 97 73 60 63 88 13 44 17 94 17 86 67 88 96 97 69 38 47 52 10 22 99 66 97 29 34 29 52 13 63 61 47 14 42 13 22 25 87 55 64 76 77 25 24 82 82 12 45 39 69 59 49 75 45 56 96 37 87 20 61 37 89 54 20 41 86 22 57 65 23 30 31 53 43 68 32 47 48 29 80 87 80 86 88 51 41 24 0 54 24 64 10 89 67 76 71 10 32 32 85 55 46 57 11 80 88 92 57 42 55 32 78 62 97 65 58 56 54 49 61 76 24 68 68 72 69 43
71 66 79 84 25 69 94 85 96 48 30 38 17 22 39 58 23 28 11 24 52 90 88 14 85 88 40 48 34 96 73 40 53 26 39 98 94 42 15 34 35 46 80 50 66 34 72 74 79 28 85 52 40 81 56 83 85 64 42 81 72 96 95 82 36 87 85 32 13 54 39 91 78 20 15 62 73 35 43 81 45 96 29 79 19 43 92 66 88 39 74 45 24 62 81 54 0 93 39 47 30 78 50 76 87 94 24 64 54 98 78 94 23 25 38 96 90 22 29 37 83 66 77 65 40 79 47 52 81 89 35 77 25 69 60
18 39 67 44 22 37 88 38 71 11 61 11 62 85 85 88 78 29 79 89 44 98 70 30 16 64 20 31 27 57 72 22 77 90 61 64 87 23 33 80 82 91 96 24 43 89 13 18 21 66 60 38 58 60 59 24 41 69 28 99 79 43 66 68 30 51 79 61 26 69 86 86 98 16 73 80 14 13 70 58 21 72 26 43 44 75 48 57 32 53 24 97 35 97 63 24 93 0 95 70 30 89 45 35 47 20 81 58 66 34 14 43 95 70 52 13 45 89 19 15 41 53 32 22 79 66 23 95 64 79 36 80 93 52 60
34 27 89 26 27 81 47 69 45 11 48 69 55 86 92 66 28 14 75 84 53 78 52 60 98 33 60 11 45 36 50 26 85 51 89 48 94 71 12 15 97 17 83 60 44 85 65 93 85 98 53 57 65 50 33 42 35 57 75 15 73 86 40 90 93 63 44 54 18 97 39 94 90 16 52 82 67 35 92 24 79 53 24 53 59 31 11 83 66 10 58 81 14 95 21 64 39 95 0 61 80 39 58 87 69 17 15 53 98 23 85 18 68 52 63 35 71 45 76 71 93 11 68 40 98 42 23 77 64 55 52 32 20 87 71
71 15 50 35 17 30 54 41 42 84 49 41 40 14 20 12 58 61 73 13 89 66 94 39 99 60 13 62 14 90 85 60 29 33 33 53 96 27 25 40 84 91 58 64 66 97 36 86 36 27 95 64 12 40 66 14 83 98 25 76 76 50 30 47 86 61 70 29 17 83 73 77 34 72 66 84 69 30 82 41 15 47 44 35 40 57 81 26 57 87 79 31 46 25 95 10 47 70 61 0 87 12 39 82 53 90 20 65 90 23 95 14 17 86 81 16 44 66 69 29 22 64 71 62 84 32 40 94 97 81 24 27 13 85 26
80 61 59 17 65 69 71 73 20 10 58 77 88 86 93 60 25 50 27 41 28 52 91 14 74 86 68 17 41 84 48 29 82 99 40 99 62 74 54 71 32 34 68 87 82 37 39 67 17 61 28 63 54 75 40 79 99 96 54 53 99 96 36 92 21 61 26 39 24 42 86 15 72 31 20 60 32 97 73 68 20 33 49 22 80 38 77 84 23 87 78 68 18 31 16 89 30 30 80 87 0 62 60 71 54 15 20 71 83 46 27 40 18 30 29 17 89 51 96 21 67 57 74 55 98 84 57 35 18 49 65 79 71 16 16
70 43 31 89 33 74 12 59 40 83 96 79 58 83 79 86 85 82 29 23 69 19 89 73 96 39 24 87 91 17 72 50 54 77 89 55 52 45 79 51 28 68 36 77 55 60 89 82 51 20 39 30 38 76 11 68 77 29 65 54 97 33 70 91 74 51 70 86 71 70 53 81 21 78 37 43 67 78 50 70 78 46 75 53 41 88 99 76 27 64 18 98 83 94 30 67 78 89 39 12 62 0 71 49 86 25 97 51 48 29 53 31 37 37 65 77 87 30 70 48 13 11 82 15 83 21 89 85 96 68 52 47 93 19 79
18 90 90 68 16 67 30 61 64 31 82 70 73 99 89 12 86 31 19 97 43 67 75 52 11 18 37 32 75 48 91 44 85 33 74 28 41 72 76 16 66 25 81 92 48 43 67 22 23 89 64 83 91 74 35 80 77 46 45 20 15 88 39 52 93 12 40 11 53 61 69 98 39 22 57 98 25 96 45 53 83 65 26 31 86 16 68 71 94 86 88 45 41 89 43 76 50 45 58 39 60 71 0 91 84 22 80 71 76 63 74 97 98 36 49 64 18 96 38 36 23 90 34 87 77 37 69 62 39 94 61 74 49 59 77
77 35 73 88 39 20 20 70 50 31 86 52 15 93 44 51 73 19 35 41 33 93 97 99 61 47 22 42 24 22 31 58 74 82 17 49 52 74 12 23 99 92 85 40 85 37 16 34 41 23 61 38 60 43 65 78 42 86 87 77 69 47 77 17 75 87 22 91 51 47 86 81 91 82 81 65 47 46 31 95 77 28 24 38 75 81 89 47 30 43 34 68 34 46 73 71 76 35 87 82 71 49 91 0 74 31 85 17 13 23 66 61 92 97 46 94 99 29 34 41 29 12 71 13 71 57 53 64 25 75 82 43 77 84 29
37 84 89 45 33 62 44 45 77 57 16 32 56 58 54 34 10 65 91 40 43 18 57 37 81 63 22 52 12 38 11 90 26 87 79 20 19 24 16 70 52 53 17 89 98 85 19 27 72 97 58 30 90 21 56 33 15 55 14 23 90 76 91 71 67 15 24 44 76 23 27 13 10 68 80 57 32 28 83 64 92 10 41 76 53 70 38 48 73 77 88 43 63 76 64 10 87 47 69 53 54 86 84 74 0 84 83 93 53 72 27 63 77 88 41 50 71 88 90 55 12 23 20 26 50 61 57 97 44 94 43 56 46 82 32
11 86 86 76 45 35 15 89 86 35 85 33 77 77 34 56 82 15 64 69 99 29 99 80 76 48 20 71 33 48 84 16 51 26 37 90 34 25 68 11 32 65 89 49 74 78 70 11 11 82 49 71 59 11 21 80 58 30 82 50 92 21 76 21 43 46 23 51 99 82 20 76 50 12 90 89 72 21 12 93 82 43 12 74 80 71 23 79 26 98 95 17 45 84 47 32 94 20 17 90 15 25 22 31 84 0 69 91 33 45 16 96 46 95 76 41 49 39 37 92 65 16 81 50 32 95 95 68 28 54 39 28 57 76 90
58 63 11 14 39 66 13 54 36 37 35 88 35 71 58 93 12 12 61 36 28 70 45 56 90 28 94 50 19 40 57 47 99 67 32 59 62 29 28 22 51 66 41 16 81 90 35 96 54 62 42 29 37 73 44 82 72 51 61 72 75 35 21 10 57 90 84 88 38 61 71 65 20 93 15 69 18 63 69 50 68 78 81 64 59 75 23 72 56 31 60 86 14 22 51 32 24 81 15 20 20 97 80 85 83 69 0 28 97 94 20 45 83 46 28 34 58 19 61 51 74 32 41 96 74 49 38 40 30 86 64 17 69 57 11
95 91 70 49 72 69 95 55 31 66 74 23 16 36 99 49 58 66 39 48 19 11 10 50 28 61 27 88 61 63 49 47 52 33 27 21 97 84 96 17 21 56 24 69 89 61 92 52 62 99 72 59 46 34 86 74 63 15 94 29 91 33 38 29 94 19 62 42 79 15 80 55 15 60 37 10 28 75 40 94 70 84 50 87 61 57 47 27 23 63 27 92 86 67 58 85 64 58 53 65 71 51 71 17 93 91 28 0 39 59 15 84 25 50 57 66 42 18 43 93 66 13 66 25 19 21 60 15 43 42 14 38 52 76 11
96 69 46 22 35 80 55 94 95 14 41 59 77 61 65 33 45 52 70 78 38 84 85 75 30 89 49 72 22 42 68 90 30 47 37 78 96 12 81 20 63 98 93 11 96 96 43 65 93 42 39 98 19 78 69 10 88 73 19 39 76 66 47 54 71 20 35 91 86 77 72 44 22 75 11 39 29 14 36 39 67 62 74 21 41 48 47 82 37 28 75 13 79 37 56 55 54 66 98 90 83 48 76 13 53 33 97 39 0 10 87 99 42 49 98 42 64 83 66 37 11 21 57 29 72 82 46 95 28 61 13 55 83 49 21
85 59 55 39 81 18 83 16 60 17 52 45 45 61 45 37 85 82 35 40 66 56 54 82 39 15 80 13 49 10 63 41 23 33 41 85 53 31 51 19 53 36 86 50 88 43 83 40 94 98 83 20 86 76 84 15 52 71 79 18 63 84 10 23 85 96 44 85 75 36 19 38 93 93 40 95 17 77 34 49 82 10 62 95 57 13 18 18 19 61 78 31 37 33 35 46 98 34 23 23 46 29 63 23 72 45 94 59 10 0 39 29 56 30 99 47 70 85 47 54 86 37 42 88 37 23 63 12 78 21 34 54 43 16 11
51 10 89 11 84 28 13 84 99 22 40 64 99 78 96 34 18 17 35 47 37 28 71 64 47 69 84 46 43 91 84 71 98 84 82 98 21 36 40 47 20 55 93 74 72 14 11 79 32 20 51 11 65 21 69 23 92 94 86 46 41 10 60 78 12 62 20 17 21 66 77 84 96 87 88 96 90 84 19 10 53 55 71 34 52 88 71 64 36 21 76 47 70 13 74 57 78 14 85 95 27 53 74 66 27 16 20 15 87 39 0 74 64 18 92 14 11 51 13 27 40 89 99 38 61 16 20 30 18 29 46 53 52 16 97
56 70 44 30 38 96 42 21 98 84 86 13 92 58 64 54 36 19 44 10 89 90 98 79 92 43 32 69 84 21 66 91 28 69 59 44 10 50 65 67 20 97 60 71 35 25 69 31 31 31 41 37 95 20 75 29 99 43 56 22 13 11 59 17 78 93 68 10 59 28 83 77 78 25 99 67 31 43 95 31 97 87 96 10 89 70 29 56 24 40 95 54 54 43 13 11 94 43 18 14 40 31 97 61 63 96 45 84 99 29 74 0 16 18 79 61 38 87 20 57 44 88 10 80 23 99 15 99 99 44 76 39 69 65 87
68 27 14 14 87 40 54 56 81 18 85 49 63 45 79 23 68 11 66 93 43 55 67 96 77 83 15 80 15 60 31 92 35 28 53 99 38 12 40 45 25 23 45 82 65 81 54 99 93 69 24 85 77 74 27 20 97 24 27 82 90 11 94 71 46 93 77 18 96 40 91 21 82 13 27 78 19 59 77 31 54 42 81 58 28 76 93 98 65 76 38 34 58 21 16 80 23 95 68 17 18 37 98 92 77 46 83 25 42 56 64 16 0 20 91 36 22 13 62 81 71 20 83 11 95 89 35 67 56 70 29 56 54 99 78
70 47 24 43 13 25 47 10 55 57 32 54 94 13 62 53 87 19 37 45 30 59 61 94 34 98 73 21 83 14 48 60 69 95 80 16 29 83 44 37 39 92 85 97 43 37 68 67 12 54 50 51 26 49 39 58 74 41 99 18 53 81 28 29 73 13 25 15 21 62 85 93 10 34 28 74 84 66 82 58 19 59 98 87 68 97 52 90 37 46 18 81 27 41 34 88 25 70 52 86 30 37 36 97 88 95 46 50 49 30 18 18 20 0 50 45 76 32 90 71 20 39 13 68 47 75 47 59 99 28 51 16 73 76 25
17 72 42 22 96 41 17 22 71 95 81 65 47 78 56 74 90 72 44 70 15 37 74 41 64 15 62 84 49 19 92 16 52 42 31 24 67 64 98 47 36 49 73 86 51 39 70 36 76 28 57 69 31 92 90 58 33 74 33 54 30 45 84 10 68 58 26 89 16 42 77 70 57 81 31 22 18 78 33 92 92 79 88 87 14 18 90 27 82 30 49 87 30 82 69 92 38 52 63 81 29 65 49 46 41 76 28 57 98 99 92 79 91 50 0 31 49 11 49 69 23 88 86 42 84 36 17 31 18 98 56 40 76 48 54
30 78 10 61 97 85 64 43 23 82 85 81 44 63 16 62 17 98 46 66 75 47 58 26 70 11 69 24 69 66 13 33 85 72 60 40 71 30 91 76 26 25 19 32 21 79 17 90 98 76 68 43 38 53 90 65 23 39 42 57 85 48 55 78 20 59 68 19 28 95 78 43 72 47 91 52 12 74 11 59 61 85 54 91 99 73 44 11 87 68 50 86 75 65 75 57 96 13 35 16 17 77 64 94 50 41 34 66 42 47 14 61 36 45 31 0 55 23 77 35 60 79 90 18 52 16 30 97 31 74 15 54 20 92 67
10 96 25 63 85 45 21 29 67 13 50 92 82 81 91 22 48 60 82 30 92 63 10 16 67 69 40 43 93 84 46 55 59 77 13 19 23 61 74 15 55 93 59 33 72 86 94 74 59 64 79 56 81 99 10 21 31 91 94 86 67 60 61 76 53 88 56 15 68 19 55 16 37 43 11 82 95 66 46 95 92 57 69 41 41 54 27 95 80 56 23 72 48 33 87 42 90 45 71 44 89 87 18 99 71 49 58 42 64 70 11 38 22 76 49 55 0 30 33 36 21 74 46 28 25 81 40 93 19 72 57 39 80 41 55
10 16 89 22 85 65 21 36 94 99 25 80 32 58 24 16 75 39 31 22 19 11 52 73 65 64 75 92 34 81 52 45 94 11 27 47 65 12 77 48 90 12 52 61 54 50 11 11 10 95 26 39 51 96 64 42 10 46 63 52 13 33 65 24 89 39 22 71 60 20 92 71 63 42 88 91 43 93 16 30 41 53 27 80 20 86 20 59 23 41 61 35 96 22 83 55 22 89 45 66 51 30 96 29 88 39 19 18 83 85 51 87 13 32 11 23 30 0 64 96 28 88 94 24 21 21 34 83 91 21 64 14 19 33 24
96 52 50 94 41 88 11 96 17 39 73 40 94 54 74 59 69 92 97 59 21 85 33 73 99 55 14 85 80 73 88 52 44 50 70 42 29 45 25 73 89 88 25 34 78 38 24 20 54 41 63 65 68 17 48 79 52 11 18 33 97 31 86 32 41 61 28 61 76 35 40 48 95 40 85 12 89 86 88 90 65 47 13 92 22 37 29 67 66 26 30 40 23 77 51 32 29 19 76 69 96 70 38 34 90 37 61 43 66 47 13 20 62 90 49 77 33 64 0 49 42 52 32 85 92 89 57 65 72 53 68 40 94 59 79
51 55 61 68 33 69 75 29 45 23 40 68 40 66 80 11 52 60 11 51 57 19 22 41 28 14 44 39 45 89 97 21 89 25 76 58 96 13 35 58 51 42 47 20 66 20 14 80 48 81 33 57 48 73 12 43 86 82 16 23 74 46 20 50 57 36 41 47 92 51 66 18 15 18 91 96 74 46 68 25 28 26 18 54 28 27 33 41 35 33 70 10 63 12 54 78 37 15 71 29 21 48 36 41 55 92 51 93 37 54 27 57 81 71 69 35 36 96 49 0 80 92 32 60 67 61 74 64 45 37 23 39 74 53 71
87 37 83 46 77 47 93 65 88 53 37 57 86 63 97 37 44 15 19 68 62 64 99 13 92 30 77 54 62 13 59 10 10 29 38 25 77 75 66 38 79 67 58 72 11 36 73 69 49 66 50 57 59 57 85 62 75 89 10 59 31 43 17 98 50 33 75 92 29 48 90 75 94 42 82 98 51 86 34 85 17 78 46 23 18 51 40 38 91 92 97 49 17 32 10 62 83 41 93 22 67 13 23 29 12 65 74 66 11 86 40 44 71 20 23 60 21 28 42 80 0 37 14 93 81 66 22 38 66 49 69 51 63 54 93
90 17 49 30 95 43 75 42 59 97 57 94 82 80 34 62 66 18 56 25 66 58 49 56 17 25 67 44 36 27 44 84 37 49 62 13 88 64 74 73 13 97 41 92 38 74 39 59 66 13 93 29 23 90 43 57 51 40 17 32 36 18 37 21 97 28 14 78 29 75 19 31 62 71 89 65 44 97 99 61 11 52 78 97 97 81 83 94 72 39 82 82 56 39 87 97 66 53 11 64 57 11 90 12 23 16 32 13 21 37 89 88 20 39 88 79 74 88 52 92 37 0 92 10 29 46 94 56 34 60 34 47 94 27 15
85 80 52 88 11 15 44 84 71 15 70 90 42 22 95 82 22 88 80 55 56 81 69 59 57 48 19 38 11 85 67 84 21 44 95 47 78 31 82 27 88 14 26 94 83 36 56 43 60 95 62 80 89 98 52 56 67 78 79 25 10 33 76 11 37 56 76 46 86 87 22 59 87 10 46 41 48 57 75 41 77 20 29 15 64 31 55 42 62 34 47 81 51 23 98 65 77 32 68 71 74 82 34 71 20 81 41 66 57 42 99 10 83 13 86 90 46 94 32 32 14 92 0 31 56 43 84 45 87 88 51 30 62 89 65
40 94 30 21 46 57 66 81 68 14 43 19 14 12 56 29 60 62 92 64 49 18 21 63 32 83 47 79 32 62 75 23 23 52 69 11 55 15 99 84 25 12 77 97 33 90 53 67 79 37 94 32 66 79 74 90 29 94 96 75 67 37 40 95 45 51 61 26 56 91 72 80 15 69 31 87 27 66 13 19 88 78 48 34 84 30 21 77 78 73 48 93 24 29 56 58 65 22 40 62 55 15 87 13 26 50 96 25 29 88 38 80 11 68 42 18 28 24 85 60 93 10 31 0 10 14 67 82 37 12 55 77 33 40 37
54 30 21 41 86 57 47 92 11 75 98 92 27 69 83 88 87 65 91 72 88 55 13 72 83 91 55 86 79 58 30 74 41 91 40 46 14 98 20 36 64 48 67 85 50 97 99 47 64 76 42 60 35 82 94 11 37 49 24 26 63 27 33 96 81 24 38 84 11 33 38 30 46 19 26 60 51 67 52 97 54 84 61 83 38 78 15 70 57 92 76 43 71 30 85 56 40 79 98 84 98 83 77 71 50 32 74 19 72 37 61 23 95 47 84 52 25 21 92 67 81 29 56 10 0 49 74 46 90 57 17 37 96 59 18
80 68 39 53 18 94 14 45 61 25 66 39 90 12 89 70 78 47 98 41 79 34 77 79 93 84 47 91 14 40 41 78 47 55 80 88 28 42 44 22 33 32 76 21 80 17 94 59 76 42 86 85 81 95 53 49 61 87 15 32 71 32 44 41 37 90 70 16 77 79 31 19 91 18 87 74 85 88 88 94 24 34 82 52 62 98 97 59 37 78 86 10 36 86 82 54 79 66 42 32 84 21 37 57 61 95 49 21 82 23 16 99 89 75 36 16 81 21 89 61 66 46 43 14 49 0 87 13 38 41 95 29 56 40 28
61 80 24 86 99 77 61 29 58 21 40 32 81 42 73 84 85 28 94 94 75 34 92 35 60 32 85 53 72 42 64 12 18 47 27 42 50 97 87 23 99 68 73 37 29 50 84 64 24 36 78 84 76 55 94 84 57 93 73 96 19 71 72 76 65 15 48 61 11 87 81 86 25 83 71 59 40 25 90 35 19 35 59 78 81 28 39 25 47 66 55 82 88 54 20 49 47 23 23 40 57 89 69 53 57 95 38 60 46 63 20 15 35 47 17 30 40 34 57 74 22 94 84 67 74 87 0 55 32 74 89 75 24 96 65
54 89 48 44 32 31 81 73 32 19 18 14 97 30 30 72 54 14 47 29 25 38 73 53 85 88 81 20 92 70 23 48 12 95 31 65 44 26 52 97 41 46 58 28 21 31 53 12 76 58 81 84 85 85 89 22 37 95 71 43 15 81 64 87 63 76 68 44 97 92 32 13 63 31 82 32 28 40 70 17 23 20 95 17 45 92 77 43 16 11 58 95 85 20 32 61 52 95 77 94 35 85 62 64 97 68 40 15 95 12 30 99 67 59 31 97 93 83 65 64 38 56 45 82 46 13 55 0 84 88 68 13 66 31 14
86 81 22 53 82 78 26 53 64 65 59 53 94 57 42 22 88 22 97 41 74 68 50 84 98 17 78 28 51 26 43 68 43 37 35 62 19 91 97 49 54 64 24 27 46 96 43 22 69 46 43 85 94 30 56 13 12 63 85 46 87 50 19 37 49 65 62 33 62 50 88 45 27 96 16 58 53 15 50 87 16 86 54 26 98 28 41 12 90 62 63 89 48 78 35 76 81 64 64 97 18 96 39 25 44 28 30 43 28 78 18 99 56 99 18 31 19 91 72 45 66 34 87 37 90 38 32 84 0 96 33 10 81 72 73
60 57 24 85 89 42 44 27 27 80 67 13 80 65 27 90 82 88 30 67 90 26 49 66 70 19 82 13 14 28 94 69 82 78 37 38 81 27 82 18 12 91 87 96 60 31 31 97 98 81 74 68 69 19 21 52 26 19 51 65 15 23 84 69 92 11 19 11 87 11 60 41 99 52 94 92 42 83 94 34 66 65 71 77 65 93 24 74 66 26 69 63 19 78 98 24 89 79 55 81 49 68 94 75 94 54 86 42 61 21 29 44 70 28 98 74 72 21 53 37 49 60 88 12 57 41 74 88 96 0 50 54 18 78 76
93 83 18 19 33 54 53 78 96 15 97 78 84 64 11 59 16 90 94 89 47 21 50 29 60 67 38 69 80 61 26 67 31 65 21 75 85 38 93 38 71 75 51 27 66 16 18 90 62 86 50 11 95 76 72 53 74 24 35 47 63 59 21 75 20 98 38 19 28 48 13 81 37 95 25 82 74 69 48 29 94 28 92 64 29 34 25 72 76 76 45 16 14 40 89 68 35 36 52 24 65 52 61 82 43 39 64 14 13 34 46 76 29 51 56 15 57 64 68 23 69 34 51 55 17 95 89 68 33 50 0 49 42 26 18
44 90 32 87 20 81 97 65 16 80 70 79 43 59 35 75 43 32 53 20 25 58 82 72 14 16 54 58 81 73 14 97 22 31 66 11 20 59 61 21 38 46 92 67 49 16 89 51 39 49 65 12 56 14 24 35 96 76 22 13 90 43 75 22 28 22 40 42 77 69 40 72 81 37 27 51 68 24 43 98 68 75 99 85 71 51 66 50 13 63 62 80 43 11 11 68 77 80 32 27 79 47 74 43 56 28 17 38 55 54 53 39 56 16 40 54 39 14 40 39 51 47 30 77 37 29 75 13 10 54 49 0 74 81 58
11 64 24 42 14 86 29 85 46 66 96 22 49 71 16 30 33 46 51 87 59 61 95 64 15 39 76 77 25 14 29 62 63 70 79 24 58 69 50 26 64 14 33 80 11 86 53 69 70 12 53 85 20 13 46 34 85 80 74 19 77 36 37 67 98 17 70 29 49 65 43 19 87 13 69 53 13 24 54 71 90 63 20 96 57 58 48 99 85 25 22 69 31 38 80 72 25 93 20 13 71 93 49 77 46 57 69 52 83 43 52 69 54 73 76 20 80 19 94 74 63 94 62 33 96 56 24 66 81 18 42 74 0 37 18
90 71 96 60 60 20 77 29 26 10 65 71 34 72 93 89 90 89 56 36 13 93 10 95 32 35 46 20 61 77 72 97 88 45 76 30 94 75 45 95 79 15 21 87 69 45 41 94 64 45 31 42 78 25 43 15 30 71 52 41 46 72 15 24 82 58 44 85 36 27 65 71 93 13 16 73 91 20 79 41 56 72 71 39 70 41 59 20 94 95 30 57 62 42 77 69 69 52 87 85 16 19 59 84 82 76 57 76 49 16 16 65 99 76 48 92 41 33 59 53 54 27 89 40 59 40 96 31 72 78 26 81 37 0 66
59 63 72 45 44 68 42 35 76 74 12 70 17 77 50 91 26 27 42 90 45 22 51 64 89 16 68 81 38 23 52 95 62 91 33 51 25 85 54 59 30 92 94 15 57 11 94 31 11 86 14 18 45 67 70 15 18 61 51 21 39 39 76 56 45 20 19 95 18 17 42 23 67 49 41 77 80 84 52 91 93 41 29 55 85 69 13 17 30 10 73 42 17 49 93 43 60 60 71 26 16 79 77 29 32 90 11 11 21 11 97 87 78 25 54 67 55 24 79 71 93 15 65 37 18 28 65 14 73 76 18 58 18 66 0