125
0 52 78 47 67 73 19 67 11 92 51 66 54 27 88 21 91 42 69 93 94 46 90 50 27 42 97 42 91 89 89 71 52 85 80 81 87 68 10 88 63 30 24 45 21 20 47 16 73 47 70 73 47 54 23 79 25 80 69 60 46 86 46 32 70 61 15 64 99 38 94 13 95 80 20 37 61 23 96 57 11 57 19 98 90 47 45 38 33 76 13 28 59 17 71 18 33 95 29 28 95 63 99 43 33 56 71 16 67 42 28 33 33 80 50 75 14 76 78 59 26 79 59 37 77
52 0 50 97 21 55 61 73 97 72 24 41 18 90 87 30 39 47 31 15 93 46 72 34 14 47 22 54 32 86 87 47 24 75 27 52 94 75 50 80 60 65 69 94 84 83 28 17 21 23 79 11 90 59 63 21 52 65 63 52 51 86 79 28 10 36 82 87 71 92 90 85 81 23 25 78 32 88 96 44 32 64 97 67 26 83 66 98 25 45 30 67 54 18 35 61 81 57 11 31 47 74 20 24 97 65 19 19 37 18 63 57 52 52 75 99 42 38 72 83 76 18 96 10 58
78 50 0 64 55 68 76 24 33 21 17 26 35 70 81 14 88 17 37 33 67 90 33 22 49 50 68 53 21 52 41 22 90 58 30 10 17 99 78 51 86 85 10 25 99 61 23 15 50 49 92 68 57 97 36 70 40 36 67 39 85 26 86 52 52 31 31 63 71 21 85 60 73 70 49 30 39 29 75 17 13 98 85 65 67 41 21 49 97 87 83 61 40 76 16 21 54 93 35 95 32 47 77 45 96 13 12 38 18 28 95 78 69 56 90 25 52 23 40 32 79 14 90 11 12
47 97 64 0 85 17 53 37 89 99 83 37 61 18 57 10 44 32 94 24 93 45 32 73 67 43 88 11 55 49 86 62 68 25 38 45 67 47 11 71 27 49 79 26 25 98 35 81 87 66 81 66 80 41 26 61 30 17 92 19 34 20 36 65 93 57 36 47 40 33 99 41 89 33 84 51 19 50 29 80 74 80 54 72 78 34 67 52 94 32 50 97 91 51 96 67 77 87 65 13 39 81 39 91 95 45 56 39 23 87 30 29 33 67 98 86 46 49 82 38 75 99 43 60 72
67 21 55 85 0 63 33 38 54 99 72 71 27 60 44 34 57 57 64 51 93 94 83 34 32 43 50 21 85 13 73 12 55 11 28 55 51 27 21 50 77 43 24 19 78 91 57 13 15 71 49 68 66 40 41 81 51 39 71 12 58 54 87 85 95 59 11 54 69 25 80 82 80 27 16 10 32 25 83 37 33 81 98 71 11 28 40 14 21 26 52 16 58 60 60 65 70 84 13 37 10 28 21 11 40 91 68 90 81 39 37 70 58 85 66 21 20 10 84 33 47 76 10 56 46
73 55 68 17 63 0 83 50 41 15 51 71 34 86 76 55 46 27 28 49 98 68 58 44 79 17 94 94 65 95 90 84 69 50 66 18 52 72 90 82 59 37 77 77 80 32 31 51 57 47 59 29 37 99 58 83 59 62 96 65 25 91 18 90 79 47 28 27 20 93 97 30 93 26 56 98 48 55 84 92 73 39 62 83 75 29 41 48 92 59 13 25 83 56 33 28 58 64 53 25 11 21 83 99 46 56 58 81 57 52 46 29 72 50 24 25 84 90 88 97 16 30 74 90 20
19 61 76 53 33 83 0 73 35 72 31 86 73 11 68 10 38 27 38 93 44 42 89 36 73 99 69 91 37 97 86 61 72 77 39 28 12 60 91 77 51 22 51 59 14 98 18 65 32 55 40 44 69 85 65 92 22 41 52 16 80 84 96 67 10 36 45 29 45 47 60 52 64 37 39 78 18 14 32 90 69 82 47 17 17 16 26 12 50 19 28 69 34 62 24 91 44 17 30 65 21 89 49 11 49 32 15 30 33 24 39 70 15 48 18 35 83 29 53 70 60 64 45 91 96
67 73 24 37 38 50 73 0 68 88 23 24 29 21 25 82 76 16 45 66 18 15 63 42 89 45 17 30 24 50 62 49 32 34 26 47 59 98 41 48 63 45 39 21 48 58 62 94 73 65 52 93 77 23 16 27 35 27 51 43 18 19 25 34 80 31 44 77 35 63 26 43 95 38 54 29 24 45 83 25 63 74 96 63 10 15 21 12 16 77 15 39 44 66 62 16 30 55 65 82 52 85 96 53 13 20 91 69 58 12 80 63 91 81 50 12 54 80 69 95 40 45 78 95 58
11 97 33 89 54 41 35 68 0 66 23 42 45 97 41 41 13 46 38 95 44 90 29 28 59 15 33 89 85 17 76 32 67 99 36 73 40 32 33 43 40 46 59 16 12 71 19 92 24 92 29 20 39 44 20 14 65 88 45 34 64 98 99 77 98 40 52 96 89 16 53 47 48 13 11 63 99 62 45 72 55 98 79 12 99 97 11 50 76 96 22 76 42 98 36 89 70 95 96 42 75 46 32 21 96 77 59 69 92 27 13 53 73 11 94 94 50 81 80 97 19 14 13 17 20
92 72 21 99 99 15 72 88 66 0 49 92 40 82 39 15 54 59 90 43 81 39 31 13 53 78 19 42 69 15 75 89 48 26 72 63 13 53 26 98 97 74 99 46 54 39 24 84 14 51 85 45 38 98 40 94 90 20 61 41 64 65 51 15 94 56 41 20 34 44 77 40 41 59 92 85 34 84 56 77 59 17 99 83 29 14 43 75 86 41 26 65 24 93 25 12 76 93 31 68 91 43 96 38 86 56 50 43 70 63 54 77 14 17 45 47 27 94 73 53 60 60 46 64 58
51 24 17 83 72 51 31 23 23 49 0 29 39 78 22 27 42 74 95 13 93 40 49 51 66 88 88 52 35 49 18 97 12 77 16 65 77 57 78 18 39 42 20 83 17 73 15 96 16 92 77 29 67 40 63 80 94 86 25 88 26 38 13 49 42 19 84 16 53 30 20 62 76 12 21 72 28 19 67 28 53 31 60 22 79 56 49 44 40 25 69 78 77 21 81 53 55 57 90 18 97 90 26 26 90 32 89 55 19 26 37 90 57 76 65 75 31 27 53 61 67 16 44 31 54
66 41 26 37 71 71 86 24 42 92 29 0 55 56 68 53 61 18 41 26 78 30 89 40 17 78 87 19 93 58 86 14 91 16 94 27 40 89 75 90 45 78 13 96 47 21 54 79 81 99 81 45 28 60 96 72 69 56 93 73 34 69 81 56 96 58 52 30 70 92 86 55 96 10 55 23 56 41 76 10 88 84 87 41 50 75 87 56 85 18 43 72 10 90 10 13 97 81 78 12 69 86 34 62 39 11 34 89 67 89 75 57 85 86 77 55 69 60 39 80 92 99 20 82 59
54 18 35 61 27 34 73 29 45 40 39 55 0 54 80 60 26 13 76 26 43 99 55 53 80 25 54 24 50 46 91 80 29 74 43 56 30 32 81 64 13 55 81 56 40 43 28 52 32 15 55 43 38 24 23 20 49 65 58 88 39 73 33 93 32 56 46 84 95 99 14 89 23 44 29 85 41 20 61 18 22 48 52 74 78 71 62 66 23 58 86 48 93 79 68 81 15 80 20 43 36 16 30 10 45 71 65 48 60 76 46 21 95 86 13 64 80 81 37 47 15 94 76 90 28
27 90 70 18 60 86 11 21 97 82 78 56 54 0 28 47 61 39 13 38 45 48 63 35 10 86 72 38 85 35 78 55 92 96 40 15 99 10 36 18 41 55 50 15 88 60 28 98 96 31 74 14 43 90 85 35 49 32 85 69 31 57 96 93 31 60 69 15 89 67 65 44 77 74 96 35 45 37 20 99 22 92 78 72 71 98 16 46 60 99 58 67 12 77 71 43 78 30 43 80 26 41 50 69 64 92 92 11 69 92 35 33 35 26 32 92 13 26 75 39 30 22 79 96 86
88 87 81 57 44 76 68 25 41 39 22 68 80 28 0 41 40 97 63 22 35 20 10 35 23 48 30 17 12 71 75 61 31 75 53 64 83 15 11 63 62 84 38 59 86 93 42 33 67 27 66 58 79 57 16 53 73 80 63 53 43 80 96 33 13 97 68 51 83 34 86 98 94 79 66 85 87 11 79 21 93 45 66 46 47 86 22 90 42 28 56 62 24 60 30 36 29 67 25 10 45 46 21 21 68 62 74 44 57 26 71 44 93 29 74 67 37 66 21 20 89 78 78 40 53
21 30 14 10 34 55 10 82 41 15 27 53 60 47 41 0 24 71 27 80 60 42 34 74 52 49 49 34 65 23 21 72 40 24 47 64 95 14 18 60 84 14 98 88 12 73 12 39 64 27 44 47 23 70 48 20 32 15 33 77 60 57 32 63 91 91 82 38 66 26 51 77 96 37 84 76 23 87 59 47 69 56 65 65 82 11 23 29 10 43 98 27 25 16 26 36 86 28 41 91 50 58 18 60 76 83 66 64 74 66 89 71 68 78 86 74 13 32 97 92 61 28 90 21 93
91 39 88 44 57 46 38 76 13 54 42 61 26 61 40 24 0 41 76 30 91 72 17 41 63 84 95 22 23 30 49 12 63 18 16 13 56 32 44 32 21 29 15 53 63 76 38 30 15 81 49 12 15 76 93 26 56 85 22 14 92 49 43 40 70 75 17 40 18 44 67 54 94 34 64 94 38 57 71 38 33 15 40 76 50 54 59 75 47 10 45 96 97 59 81 19 15 12 10 88 26 33 35 81 30 74 32 84 37 50 29 68 39 95 48 93 48 98 52 54 35 97 58 75 25
42 47 17 32 57 27 27 16 46 59 74 18 13 39 97 71 41 0 93 53 82 11 91 57 68 85 58 19 52 20 36 94 27 57 54 43 14 59 47 94 97 22 11 76 18 47 45 77 23 76 31 41 47 68 17 15 92 32 91 38 93 65 78 26 94 66 88 80 78 58 70 80 61 69 60 33 86 55 95 46 88 51 29 50 36 17 51 95 20 33 77 35 98 72 88 83 34 70 55 89 94 22 30 46 63 38 51 10 28 77 82 45 39 55 13 81 23 94 30 49 94 19 28 22 60
69 31 37 94 64 28 38 45 38 90 95 41 76 13 63 27 76 93 0 23 40 93 75 35 21 62 68 70 53 94 38 94 41 10 72 85 62 91 89 63 56 99 95 95 75 10 54 89 66 96 33 80 11 41 10 71 23 99 60 18 65 25 70 92 54 99 14 10 60 91 34 67 14 98 21 44 15 77 64 72 89 40 25 44 95 24 40 96 64 46 66 70 97 25 12 33 45 79 78 98 58 76 43 82 55 26 99 91 72 78 30 10 77 25 42 36 33 43 38 58 48 75 11 42 58
93 15 33 24 51 49 93 66 95 43 13 26 26 38 22 80 30 53 23 0 27 56 99 89 24 95 24 83 95 26 90 87 81 18 23 65 64 66 98 68 53 66 18 63 68 68 86 62 81 47 62 10 11 99 40 54 80 56 65 43 91 83 88 87 47 46 68 79 34 33 40 80 25 37 47 56 66 56 51 45 12 25 11 87 50 64 99 34 75 70 36 20 52 16 15 72 91 88 98 50 99 40 49 89 83 17 32 58 97 98 16 24 38 93 40 79 57 67 87 24 84 48 70 96 73
94 93 67 93 93 98 44 18 44 81 93 78 43 45 35 60 91 82 40 27 0 92 55 82 31 14 70 76 17 28 68 62 95 11 84 45 63 29 89 42 53 70 41 34 27 12 23 89 51 14 14 95 59 23 37 85 59 78 68 36 41 33 55 22 44 37 64 25 85 44 12 89 32 53 74 66 13 49 25 94 75 52 80 90 90 86 57 70 31 16 11 43 20 29 51 99 21 24 92 20 27 21 52 46 75 26 60 87 34 90 31 45 25 26 21 74 73 45 76 26 70 72 31 55 39
46 46 90 45 94 68 42 15 90 39 40 30 99 48 20 42 72 11 93 56 92 0 36 93 76 59 58 23 12 46 17 25 87 70 57 65 43 28 64 78 78 75 10 33 53 30 39 95 80 49 86 41 72 15 18 69 17 78 26 20 13 77 33 44 85 25 99 91 46 11 96 47 42 45 98 51 43 54 75 86 25 27 88 29 59 59 38 99 59 54 10 82 62 41 29 34 36 93 43 45 29 18 76 26 51 61 37 78 17 28 92 22 67 65 21 40 63 73 78 13 77 64 63 52 45
90 72 33 32 83 58 89 63 29 31 49 89 55 63 10 34 17 91 75 99 55 36 0 39 93 15 99 30 75 94 83 82 57 50 69 76 82 98 36 55 86 60 52 10 10 58 43 29 44 29 13 35 49 60 50 57 73 86 51 71 70 69 38 40 85 67 31 89 52 29 58 11 92 35 36 57 45 46 80 66 17 37 40 33 44 71 19 79 13 65 85 10 53 50 39 11 15 76 12 60 31 79 38 11 41 32 12 71 88 51 90 36 81 20 65 25 66 59 17 48 53 11 90 16 30
50 34 22 73 34 44 36 42 28 13 51 40 53 35 35 74 41 57 35 89 82 93 39 0 84 33 32 26 80 73 88 88 14 93 33 84 56 72 57 13 73 45 87 38 63 48 79 50 57 84 76 22 22 35 17 62 56 62 79 34 11 42 98 77 54 62 83 10 87 27 35 21 74 70 57 97 50 83 99 17 65 83 25 18 47 72 71 66 28 53 53 39 98 20 73 31 50 63 72 51 24 66 58 21 39 27 94 42 27 17 11 92 66 89 56 34 71 53 72 24 59 33 70 53 70
27 14 49 67 32 79 73 89 59 53 66 17 80 10 23 52 63 68 21 24 31 76 93 84 0 41 69 22 40 42 95 27 93 77 96 43 24 43 98 31 38 84 53 43 42 91 55 31 33 13 27 52 55 92 95 23 89 64 24 85 48 71 30 78 76 53 41 47 78 90 78 98 75 70 16 97 68 18 70 86 60 61 47 38 33 26 39 30 57 63 83 13 65 64 94 33 72 55 49 10 23 75 55 68 11 34 58 44 79 43 11 97 47 46 14 41 44 29 80 11 12 17 38 38 46
42 47 50 43 43 17 99 45 15 78 88 78 25 86 48 49 84 85 62 95 14 59 15 33 41 0 18 59 19 68 58 26 48 81 86 35 39 22 20 52 97 28 14 70 78 57 46 67 31 77 97 92 20 82 73 95 88 93 18 65 12 23 83 83 68 39 71 53 39 80 52 73 47 75 47 17 94 57 23 61 93 85 86 85 97 91 48 95 42 47 71 13 24 65 54 26 37 36 74 18 71 92 98 67 82 37 39 95 98 88 64 85 99 35 88 29 83 70 31 62 67 54 95 72 11
97 22 68 88 50 94 69 17 33 19 88 87 54 72 30 49 95 58 68 24 70 58 99 32 69 18 0 84 63 45 58 36 99 22 53 39 25 45 87 34 57 74 31 33 17 11 75 87 95 33 22 57 18 83 77 22 17 16 29 12 44 97 66 61 86 67 14 52 11 85 71 99 80 18 60 76 34 35 86 38 35 87 69 68 10 98 37 67 25 86 25 21 59 77 95 46 39 90 34 82 82 41 73 35 83 71 43 55 75 58 26 93 15 28 88 91 34 66 49 83 30 74 27 42 67
42 54 53 11 21 94 91 30 89 42 52 19 24 38 17 34 22 19 70 83 76 23 30 26 22 59 84 0 71 20 84 80 80 87 91 24 54 42 70 52 12 80 71 48 35 31 36 66 49 10 73 38 66 18 94 98 42 19 64 88 45 12 39 16 94 67 41 63 22 63 48 69 38 34 88 12 88 93 73 89 97 96 17 53 94 43 37 57 41 78 93 86 35 24 67 98 70 32 65 93 85 38 94 27 43 15 15 90 15 24 41 64 28 83 49 59 87 34 23 72 22 88 34 46 19
91 32 21 55 85 65 37 24 85 69 35 93 50 85 12 65 23 52 53 95 17 12 75 80 40 19 63 71 0 97 12 69 71 73 35 89 41 96 44 95 37 31 83 64 45 23 95 60 63 29 36 92 22 87 36 28 30 33 81 99 12 39 79 70 80 76 16 90 51 91 74 44 28 53 23 14 61 52 39 25 63 72 84 71 58 38 60 37 19 26 33 71 87 85 76 74 43 47 22 51 67 95 86 25 35 34 76 94 73 63 56 29 82 67 31 99 13 18 65 22 47 56 67 43 33
89 86 52 49 13 95 97 50 17 15 49 58 46 35 71 23 30 20 94 26 28 46 94 73 42 68 45 20 97 0 60 17 47 80 92 41 95 41 80 63 80 81 32 37 70 46 58 24 50 79 28 28 87 43 32 60 63 86 65 70 57 46 88 85 10 27 34 98 34 43 51 34 70 48 72 38 55 40 40 46 97 96 92 95 38 36 79 89 46 84 57 17 34 20 40 73 51 63 41 89 26 37 89 24 50 50 59 77 74 91 39 65 97 41 74 63 98 30 26 57 45 30 53 84 96
89 87 41 86 73 90 86 62 76 75 18 86 91 78 75 21 49 36 38 90 68 17 83 88 95 58 58 84 12 60 0 74 30 90 63 50 24 58 71 54 88 25 71 30 57 41 19 20 42 70 14 37 17 60 37 24 10 54 72 14 90 78 40 41 44 98 40 83 41 41 40 86 18 27 98 27 15 43 73 27 94 22 21 39 11 24 42 11 80 62 15 13 97 54 15 51 40 14 59 55 92 76 75 55 18 99 17 25 32 44 95 24 69 35 26 52 91 67 84 75 94 83 50 32 98
71 47 22 62 12 84 61 49 32 89 97 14 80 55 61 72 12 94 94 87 62 25 82 88 27 26 36 80 69 17 74 0 60 72 91 46 17 87 66 68 89 84 37 35 43 31 47 10 84 66 67 59 76 36 87 61 12 35 42 84 57 30 87 82 79 86 90 84 10 38 81 47 68 83 27 79 85 66 87 39 38 70 83 34 13 37 23 11 88 69 49 92 84 36 66 15 77 96 10 25 56 75 24 98 71 42 96 86 30 62 93 57 26 67 89 99 62 41 96 13 25 90 17 36 17
52 24 90 68 55 69 72 32 67 48 12 91 29 92 31 40 63 27 41 81 95 87 57 14 93 48 99 80 71 47 30 60 0 34 89 89 95 61 68 78 10 25 87 62 13 92 60 21 44 83 63 56 27 18 67 50 86 58 96 91 98 19 61 66 85 35 27 13 69 79 23 17 75 11 89 90 64 57 81 16 87 37 62 86 37 43 48 54 22 88 87 91 25 73 63 21 89 12 84 53 36 93 70 50 41 38 14 32 77 24 14 23 16 83 75 68 80 83 27 88 11 92 60 37 61
85 75 58 25 11 50 77 34 99 26 77 16 74 96 75 24 18 57 10 18 11 70 50 93 77 81 22 87 73 80 90 72 34 0 19 33 79 53 20 73 34 88 18 13 71 23 77 30 35 30 81 69 72 45 34 48 44 11 27 32 91 41 62 75 92 21 24 85 40 96 52 70 22 31 97 60 25 65 68 58 74 69 11 23 74 91 92 48 43 95 92 75 62 58 83 41 93 94 88 24 65 21 11 26 63 56 51 30 19 37 33 65 74 55 65 12 96 31 29 76 86 77 28 49 46
80 27 30 38 28 66 39 26 36 72 16 94 43 40 53 47 16 54 72 23 84 57 69 33 96 86 53 91 35 92 63 91 89 19 0 93 50 40 71 28 16 34 24 90 53 81 73 84 54 81 50 43 70 78 91 70 61 10 72 73 12 92 70 53 21 16 13 10 30 52 72 33 61 83 58 44 66 63 94 16 86 11 69 11 12 72 99 93 48 14 73 92 21 37 59 91 70 68 31 88 86 99 14 11 47 87 88 64 57 90 79 33 28 27 10 93 77 26 31 61 59 72 53 56 52
81 52 10 45 55 18 28 47 73 63 65 27 56 15 64 64 13 43 85 65 45 65 76 84 43 35 39 24 89 41 50 46 89 33 93 0 16 89 20 39 75 52 44 56 55 68 46 52 89 58 26 76 99 50 97 71 57 58 32 36 54 99 32 56 79 62 60 66 33 70 41 49 97 33 36 36 95 94 88 28 17 72 58 94 92 33 87 13 31 71 88 17 98 10 27 72 56 77 32 71 93 93 99 67 14 94 97 16 68 16 45 54 58 80 47 29 23 18 39 74 65 34 83 95 48
87 94 17 67 51 52 12 59 40 13 77 40 30 99 83 95 56 14 62 64 63 43 82 56 24 39 25 54 41 95 24 17 95 79 50 16 0 88 95 29 29 77 36 75 26 68 22 61 74 27 11 16 11 14 89 18 74 83 66 87 89 65 13 18 71 37 47 65 83 76 82 96 46 72 29 89 18 82 59 34 95 20 67 19 35 62 64 38 32 42 90 85 71 23 53 21 17 13 99 57 13 36 13 93 10 16 29 65 83 80 65 26 31 13 67 82 61 10 32 29 64 97 26 56 73
68 75 99 47 27 72 60 98 32 53 57 89 32 10 15 14 32 59 91 66 29 28 98 72 43 22 45 42 96 41 58 87 61 53 40 89 88 0 20 42 43 18 51 26 97 28 78 83 45 45 21 62 32 96 23 10 74 90 48 93 38 89 55 15 48 85 19 12 73 94 97 50 79 49 71 46 11 84 60 82 86 95 82 63 31 82 10 77 19 49 56 29 93 42 29 44 54 18 97 71 92 92 54 16 47 38 20 62 65 57 64 73 18 51 96 17 28 68 88 99 57 95 42 94 14
10 50 78 11 21 90 91 41 33 26 78 75 81 36 11 18 44 47 89 98 89 64 36 57 98 20 87 70 44 80 71 66 68 20 71 20 95 20 0 17 84 97 33 77 69 43 44 41 65 38 35 72 22 66 28 89 71 51 96 36 10 40 34 13 87 12 20 96 56 87 49 41 96 41 13 93 46 28 50 19 99 80 42 94 33 48 20 38 73 10 78 30 92 77 71 93 54 44 65 92 53 28 21 26 56 28 42 35 20 55 72 70 90 80 43 51 67 67 81 97 49 46 41 53 23
88 80 51 71 50 82 77 48 43 98 18 90 64 18 63 60 32 94 63 68 42 78 55 13 31 52 34 52 95 63 54 68 78 73 28 39 29 42 17 0 15 68 68 71 30 46 53 68 53 20 63 96 96 76 60 76 19 41 50 85 95 39 73 48 30 10 59 10 53 68 16 38 68 57 77 71 58 79 91 32 28 39 26 18 61 66 39 69 70 32 54 92 75 56 31 22 85 27 40 40 93 46 23 73 94 10 81 88 58 19 40 19 82 54 96 57 23 70 33 43 43 22 61 66 26
63 60 86 27 77 59 51 63 40 97 39 45 13 41 62 84 21 97 56 53 53 78 86 73 38 97 57 12 37 80 88 89 10 34 16 75 29 43 84 15 0 89 77 57 22 29 39 61 75 65 48 60 85 92 66 19 78 56 94 58 71 93 57 34 76 99 12 18 72 27 77 10 22 62 70 24 46 90 50 97 91 10 15 27 20 28 78 27 11 85 96 20 43 38 78 54 25 47 40 64 81 54 39 76 98 22 38 32 64 26 84 90 14 29 28 41 31 44 71 62 48 21 51 56 99
30 65 85 49 43 37 22 45 46 74 42 78 55 55 84 14 29 22 99 66 70 75 60 45 84 28 74 80 31 81 25 84 25 88 34 52 77 18 97 68 89 0 14 13 82 84 86 28 39 42 58 67 96 75 34 48 54 83 99 76 61 56 14 82 41 24 60 59 59 52 50 97 62 62 18 12 11 17 78 45 30 26 85 93 92 83 65 99 86 35 67 98 37 66 76 63 79 54 71 59 77 87 42 28 19 19 94 22 22 34 72 37 64 75 57 42 38 67 34 67 51 27 64 94 12
24 69 10 79 24 77 51 39 59 99 20 13 81 50 38 98 15 11 95 18 41 10 52 87 53 14 31 71 83 32 71 37 87 18 24 44 36 51 33 68 77 14 0 77 65 43 27 92 67 51 61 29 74 37 92 61 37 68 86 75 32 36 82 84 52 34 64 84 68 43 80 76 46 29 77 83 85 24 19 38 94 85 84 41 74 61 70 30 22 82 12 28 32 74 48 40 50 40 76 14 52 77 85 26 98 27 74 29 54 32 42 40 18 80 99 33 47 95 12 39 25 61 63 77 84
45 94 25 26 19 77 59 21 16 46 83 96 56 15 59 88 53 76 95 63 34 33 10 38 43 70 33 48 64 37 30 35 62 13 90 56 75 26 77 71 57 13 77 0 94 83 19 64 71 52 32 18 50 59 37 59 89 57 10 47 52 33 91 32 32 65 80 96 14 83 38 41 41 97 86 14 22 79 87 87 79 40 88 90 63 64 85 10 95 35 74 97 37 52 48 19 84 54 35 36 19 14 68 38 28 28 79 90 61 73 12 57 64 82 10 57 65 76 88 97 25 59 44 89 66
21 84 99 25 78 80 14 48 12 54 17 47 40 88 86 12 63 18 75 68 27 53 10 63 42 78 17 35 45 70 57 43 13 71 53 55 26 97 69 30 22 82 65 94 0 38 57 92 34 34 71 34 12 52 33 28 69 86 57 51 66 35 81 59 73 76 19 33 97 47 40 11 85 29 78 71 10 98 92 72 26 87 34 26 88 59 92 36 46 38 48 47 83 14 43 46 24 94 63 43 21 72 94 61 54 73 60 98 66 24 50 25 85 87 37 30 77 99 83 24 67 49 30 14 13
20 83 61 98 91 32 98 58 71 39 73 21 43 60 93 73 76 47 10 68 12 30 58 48 91 57 11 31 23 46 41 31 92 23 81 68 68 28 43 46 29 84 43 83 38 0 18 47 27 28 49 60 39 31 49 91 39 11 28 89 15 32 58 50 74 35 30 81 75 83 30 80 89 19 93 62 46 50 18 21 78 89 77 13 52 11 56 20 66 48 27 44 50 98 98 11 82 96 32 91 27 73 96 35 33 56 57 69 24 72 53 88 61 51 96 31 85 93 84 38 14 48 57 41 85
47 28 23 35 57 31 18 62 19 24 15 54 28 28 42 12 38 45 54 86 23 39 43 79 55 46 75 36 95 58 19 47 60 77 73 46 22 78 44 53 39 86 27 19 57 18 0 49 47 50 35 67 53 77 10 60 39 36 59 79 53 13 93 61 94 74 61 76 66 11 47 35 50 83 95 62 39 57 89 42 73 12 41 40 90 70 27 26 35 42 37 18 86 20 94 43 66 57 75 66 41 25 41 62 27 17 97 24 59 45 77 20 29 44 88 37 81 49 39 76 12 11 13 15 54
16 17 15 81 13 51 65 94 92 84 96 79 52 98 33 39 30 77 89 62 89 95 29 50 31 67 87 66 60 24 20 10 21 30 84 52 61 83 41 68 61 28 92 64 92 47 49 0 53 82 86 62 66 15 26 58 33 25 28 84 97 80 11 50 66 77 98 55 78 76 74 97 94 20 60 88 79 53 77 85 18 49 64 53 76 80 58 75 83 38 15 76 26 39 70 46 85 87 93 40 12 43 91 18 32 68 87 85 79 56 33 38 65 72 52 72 66 34 76 12 52 92 56 59 94
73 21 50 87 15 57 32 73 24 14 16 81 32 96 67 64 15 23 66 81 51 80 44 57 33 31 95 49 63 50 42 84 44 35 54 89 74 45 65 53 75 39 67 71 34 27 47 53 0 28 70 94 15 83 29 32 67 78 51 96 28 83 45 45 18 33 32 20 28 21 74 83 61 20 19 89 25 22 26 36 84 96 64 79 35 73 81 19 15 59 82 50 68 17 20 27 68 49 96 59 41 96 70 46 69 77 55 43 10 61 62 50 95 57 64 16 82 39 66 94 21 23 45 57 71
47 23 49 66 71 47 55 65 92 51 92 99 15 31 27 27 81 76 96 47 14 49 29 84 13 77 33 10 29 79 70 66 83 30 81 58 27 45 38 20 65 42 51 52 34 28 50 82 28 0 60 31 76 22 37 25 57 89 85 41 33 52 64 15 89 66 85 71 83 58 84 56 48 41 12 40 26 76 44 73 80 58 87 63 63 26 20 34 97 34 41 90 89 23 77 78 64 69 55 42 31 19 35 26 68 91 84 83 23 42 70 74 86 68 81 32 55 27 91 94 83 88 23 61 73
70 79 92 81 49 59 40 52 29 85 77 81 55 74 66 44 49 31 33 62 14 86 13 76 27 97 22 73 36 28 14 67 63 81 50 26 11 21 35 63 48 58 61 32 71 49 35 86 70 60 0 22 25 42 86 69 11 86 10 65 25 78 79 75 49 23 54 33 57 98 87 89 20 30 79 26 45 15 54 10 89 51 94 37 13 41 38 36 47 21 14 82 27 11 59 75 15 66 97 75 76 29 23 11 93 79 47 79 48 29 76 41 76 36 83 37 50 18 92 69 10 12 88 71 74
73 11 68 66 68 29 44 93 20 45 29 45 43 14 58 47 12 41 80 10 95 41 35 22 52 92 57 38 92 28 37 59 56 69 43 76 16 62 72 96 60 67 29 18 34 60 67 62 94 31 22 0 55 56 88 16 36 78 52 22 40 83 47 55 93 97 65 97 15 87 44 11 84 79 55 20 16 63 68 52 97 93 17 74 21 75 81 95 26 95 43 80 15 66 83 10 24 17 28 65 25 67 79 75 30 29 54 83 73 70 12 23 99 34 87 91 22 29 37 85 22 99 45 81 25
47 90 57 80 66 37 69 77 39 38 67 28 38 43 79 23 15 47 11 11 59 72 49 22 55 20 18 66 22 87 17 76 27 72 70 99 11 32 22 96 85 96 74 50 12 39 53 66 15 76 25 55 0 88 86 27 96 87 72 39 65 36 32 43 40 45 65 61 84 33 79 44 82 16 55 35 46 20 42 82 16 86 87 20 45 38 96 26 65 58 82 63 63 47 18 31 15 26 84 55 77 11 47 64 57 87 81 11 10 16 72 77 43 73 95 40 25 55 41 49 28 19 22 41 98
54 59 97 41 40 99 85 23 44 98 40 60 24 90 57 70 76 68 41 99 23 15 60 35 92 82 83 18 87 43 60 36 18 45 78 50 14 96 66 76 92 75 37 59 52 31 77 15 83 22 42 56 88 0 89 10 76 28 39 78 42 72 86 44 86 97 60 42 87 73 60 35 30 44 64 74 39 56 30 85 61 77 95 23 68 48 42 78 40 28 39 37 97 60 51 94 48 90 56 18 12 30 85 45 54 38 86 50 28 28 55 13 59 43 67 62 28 88 61 22 86 26 22 56 55
23 63 36 26 41 58 65 16 20 40 63 96 23 85 16 48 93 17 10 40 37 18 50 17 95 73 77 94 36 32 37 87 67 34 91 97 89 23 28 60 66 34 92 37 33 49 10 26 29 37 86 88 86 89 0 65 37 12 72 52 89 65 29 77 77 54 11 14 27 63 94 52 14 70 16 70 51 86 83 67 86 28 36 87 80 44 81 59 36 10 45 84 47 13 48 23 68 44 86 72 80 31 29 10 21 60 22 18 49 22 47 49 84 82 42 28 10 41 90 79 92 35 39 53 54
79 21 70 61 81 83 92 27 14 94 80 72 20 35 53 20 26 15 71 54 85 69 57 62 23 95 22 98 28 60 24 61 50 48 70 71 18 10 89 76 19 48 61 59 28 91 60 58 32 25 69 16 27 10 65 0 55 47 30 65 24 51 18 42 85 58 51 49 86 67 59 37 97 43 29 36 15 84 19 51 97 85 72 25 13 36 76 69 26 25 83 97 69 93 81 10 16 11 58 50 34 90 35 92 27 49 53 44 48 61 96 92 57 50 91 44 70 94 72 10 63 94 53 25 71
25 52 40 30 51 59 22 35 65 90 94 69 49 49 73 32 56 92 23 80 59 17 73 56 89 88 17 42 30 63 10 12 86 44 61 57 74 74 71 19 78 54 37 89 69 39 39 33 67 57 11 36 96 76 37 55 0 60 94 23 81 33 60 13 46 83 76 97 70 56 76 70 55 49 19 60 74 72 67 59 91 39 65 63 60 88 44 45 45 77 87 52 25 37 44 25 71 85 34 12 99 16 17 40 76 71 53 97 63 86 57 99 26 90 90 75 53 53 87 42 83 24 77 19 22
80 65 36 17 39 62 41 27 88 20 86 56 65 32 80 15 85 32 99 56 78 78 86 62 64 93 16 19 33 86 54 35 58 11 10 58 83 90 51 41 56 83 68 57 86 11 36 25 78 89 86 78 87 28 12 47 60 0 96 97 43 35 17 28 75 35 88 88 32 55 39 22 37 78 86 68 38 90 88 54 22 65 18 48 95 23 54 33 23 96 61 46 84 28 65 55 89 70 41 73 13 50 95 87 67 20 36 60 43 65 79 52 74 16 62 42 88 69 12 38 80 63 92 21 81
69 63 67 92 71 96 52 51 45 61 25 93 58 85 63 33 22 91 60 65 68 26 51 79 24 18 29 64 81 65 72 42 96 27 72 32 66 48 96 50 94 99 86 10 57 28 59 28 51 85 10 52 72 39 72 30 94 96 0 23 35 24 53 11 41 50 43 99 89 68 63 69 85 85 71 27 11 21 90 35 23 27 19 67 43 13 71 96 58 30 71 69 31 40 76 58 76 62 98 84 91 19 10 72 66 93 53 58 23 33 14 86 92 53 40 62 11 10 29 28 54 71 44 73 16
60 52 39 19 12 65 16 43 34 41 88 73 88 69 53 77 14 38 18 43 36 20 71 34 85 65 12 88 99 70 14 84 91 32 73 36 87 93 36 85 58 76 75 47 51 89 79 84 96 41 65 22 39 78 52 65 23 97 23 0 25 92 74 83 44 30 63 36 34 26 22 95 23 39 73 91 25 17 36 82 96 98 24 54 53 40 28 60 76 37 18 87 23 55 49 39 21 23 58 80 49 30 51 32 36 93 52 34 81 41 96 64 66 77 73 81 18 98 24 63 22 39 64 56 46
46 51 85 34 58 25 80 18 64 64 26 34 39 31 43 60 92 93 65 91 41 13 70 11 48 12 44 45 12 57 90 57 98 91 12 54 89 38 10 95 71 61 32 52 66 15 53 97 28 33 25 40 65 42 89 24 81 43 35 25 0 51 75 52 78 63 36 19 60 31 61 31 27 42 48 68 43 90 42 33 35 10 31 43 94 56 64 45 19 72 13 91 56 56 29 51 31 13 33 44 86 52 53 58 21 54 52 31 71 81 79 21 34 10 77 23 85 43 74 24 78 85 31 48 97
86 86 26 20 54 91 84 19 98 65 38 69 73 57 80 57 49 65 25 83 33 77 69 42 71 23 97 12 39 46 78 30 19 41 92 99 65 89 40 39 93 56 36 33 35 32 13 80 83 52 78 83 36 72 65 51 33 35 24 92 51 0 49 89 92 39 19 17 53 30 45 61 38 90 35 73 84 35 16 77 28 85 12 82 95 41 92 51 46 25 83 18 14 55 72 78 26 60 62 22 93 44 13 28 97 46 59 36 42 17 73 60 10 57 51 51 81 44 37 34 92 14 81 24 84
46 79 86 36 87 18 96 25 99 51 13 81 33 96 96 32 43 78 70 88 55 33 38 98 30 83 66 39 79 88 40 87 61 62 70 32 13 55 34 73 57 14 82 91 81 58 93 11 45 64 79 47 32 86 29 18 60 17 53 74 75 49 0 29 28 64 72 92 71 11 34 57 30 74 35 35 39 40 57 68 12 67 80 95 50 58 60 68 80 84 97 34 77 19 92 12 57 46 13 67 41 54 22 26 31 16 74 85 55 59 17 83 40 53 60 65 71 69 97 17 80 52 99 81 54
32 28 52 65 85 90 67 34 77 15 49 56 93 93 33 63 40 26 92 87 22 44 40 77 78 83 61 16 70 85 41 82 66 75 53 56 18 15 13 48 34 82 84 32 59 50 61 50 45 15 75 55 43 44 77 42 13 28 11 83 52 89 29 0 41 55 61 48 59 38 33 10 39 95 55 68 76 70 75 77 60 59 27 94 40 60 83 19 58 27 35 67 86 61 14 47 32 38 73 63 40 26 48 57 37 83 72 32 71 62 72 12 39 38 45 96 41 11 15 76 44 57 24 12 60
70 10 52 93 95 79 10 80 98 94 42 96 32 31 13 91 70 94 54 47 44 85 85 54 76 68 86 94 80 10 44 79 85 92 21 79 71 48 87 30 76 41 52 32 73 74 94 66 18 89 49 93 40 86 77 85 46 75 41 44 78 92 28 41 0 10 69 21 83 17 41 29 49 87 51 23 69 96 63 71 96 71 30 98 95 61 61 97 22 40 24 60 93 68 18 67 77 89 52 92 13 90 68 56 32 81 66 23 55 17 71 61 10 57 74 86 75 78 92 43 66 96 11 68 19
61 36 31 57 59 47 36 31 40 56 19 58 56 60 97 91 75 66 99 46 37 25 67 62 53 39 67 67 76 27 98 86 35 21 16 62 37 85 12 10 99 24 34 65 76 35 74 77 33 66 23 97 45 97 54 58 83 35 50 30 63 39 64 55 10 0 36 61 92 50 53 76 43 46 13 62 84 85 79 26 68 39 62 16 37 92 49 10 87 44 49 78 17 53 56 21 58 89 83 97 42 21 49 31 26 17 18 97 22 61 48 83 13 96 37 16 16 31 44 47 59 51 36 31 96
15 82 31 36 11 28 45 44 52 41 84 52 46 69 68 82 17 88 14 68 64 99 31 83 41 71 14 41 16 34 40 90 27 24 13 60 47 19 20 59 12 60 64 80 19 30 61 98 32 85 54 65 65 60 11 51 76 88 43 63 36 19 72 61 69 36 0 32 55 10 28 61 48 32 19 66 91 50 33 14 40 20 27 72 69 97 92 33 73 96 87 54 28 55 11 57 73 10 28 77 29 38 26 79 67 86 70 60 25 68 40 31 79 53 35 97 47 28 94 40 28 71 52 26 97
64 87 63 47 54 27 29 77 96 20 16 30 84 15 51 38 40 80 10 79 25 91 89 10 47 53 52 63 90 98 83 84 13 85 10 66 65 12 96 10 18 59 84 96 33 81 76 55 20 71 33 97 61 42 14 49 97 88 99 36 19 17 92 48 21 61 32 0 26 78 22 34 49 43 49 35 67 95 71 18 17 79 90 57 81 10 15 61 21 48 36 71 54 47 15 85 38 52 42 61 45 12 84 19 78 11 90 34 76 42 33 73 87 47 15 20 17 47 61 14 93 73 77 65 32
99 71 71 40 69 20 45 35 89 34 53 70 95 89 83 66 18 78 60 34 85 46 52 87 78 39 11 22 51 34 41 10 69 40 30 33 83 73 56 53 72 59 68 14 97 75 66 78 28 83 57 15 84 87 27 86 70 32 89 34 60 53 71 59 83 92 55 26 0 51 23 85 90 98 43 63 38 11 88 76 14 89 26 26 59 32 71 87 30 12 89 86 65 74 28 41 81 51 77 54 87 23 73 92 19 55 81 60 16 34 75 98 84 70 20 98 43 76 32 86 41 84 21 65 98
38 92 21 33 25 93 47 63 16 44 30 92 99 67 34 26 44 58 91 33 44 11 29 27 90 80 85 63 91 43 41 38 79 96 52 70 76 94 87 68 27 52 43 83 47 83 11 76 21 58 98 87 33 73 63 67 56 55 68 26 31 30 11 38 17 50 10 78 51 0 90 11 50 29 23 51 70 72 44 92 52 80 46 12 18 60 10 73 40 30 88 92 97 53 61 16 89 36 82 77 36 98 16 26 48 13 41 75 35 51 56 16 65 56 42 75 90 34 34 13 50 78 67 79 61
94 90 85 99 80 97 60 26 53 77 20 86 14 65 86 51 67 70 34 40 12 96 58 35 78 52 71 48 74 51 40 81 23 52 72 41 82 97 49 16 77 50 80 38 40 30 47 74 74 84 87 44 79 60 94 59 76 39 63 22 61 45 34 33 41 53 28 22 23 90 0 12 12 94 10 99 83 71 28 44 28 47 22 24 66 19 78 16 21 70 79 97 69 68 17 23 69 49 92 36 57 58 90 97 94 55 67 14 40 21 82 46 34 37 60 16 55 11 90 32 22 44 55 89 27
13 85 60 41 82 30 52 43 47 40 62 55 89 44 98 77 54 80 67 80 89 47 11 21 98 73 99 69 44 34 86 47 17 70 33 49 96 50 41 38 10 97 76 41 11 80 35 97 83 56 89 11 44 35 52 37 70 22 69 95 31 61 57 10 29 76 61 34 85 11 12 0 43 31 36 16 57 45 74 62 98 36 35 54 54 68 82 87 15 95 58 97 33 62 60 41 74 28 75 75 28 20 35 67 41 34 12 61 69 62 13 72 33 80 26 55 97 90 18 20 97 12 74 28 40
95 81 73 89 80 93 64 95 48 41 76 96 23 77 94 96 94 61 14 25 32 42 92 74 75 47 80 38 28 70 18 68 75 22 61 97 46 79 96 68 22 62 46 41 85 89 50 94 61 48 20 84 82 30 14 97 55 37 85 23 27 38 30 39 49 43 48 49 90 50 12 43 0 50 24 69 48 13 43 66 36 58 95 67 28 43 28 48 39 75 30 70 97 35 63 97 71 74 18 51 48 53 56 95 27 34 21 80 89 94 48 85 68 51 67 37 62 47 13 84 54 40 16 44 36
80 23 70 33 27 26 37 38 13 59 12 10 44 74 79 37 34 69 98 37 53 45 35 70 70 75 18 34 53 48 27 83 11 31 83 33 72 49 41 57 62 62 29 97 29 19 83 20 20 41 30 79 16 44 70 43 49 78 85 39 42 90 74 95 87 46 32 43 98 29 94 31 50 0 23 34 20 30 72 49 34 45 17 71 53 51 30 56 74 15 98 76 81 24 89 75 58 94 49 78 70 51 85 26 86 66 76 46 57 78 37 45 95 29 29 97 81 79 13 26 32 24 16 95 61
20 25 49 84 16 56 39 54 11 92 21 55 29 96 66 84 64 60 21 47 74 98 36 57 16 47 60 88 23 72 98 27 89 97 58 36 29 71 13 77 70 18 77 86 78 93 95 60 19 12 79 55 55 64 16 29 19 86 71 73 48 35 35 55 51 13 19 49 43 23 10 36 24 23 0 19 30 91 49 55 26 54 44 64 35 88 46 53 52 57 52 11 96 65 39 33 67 12 92 60 60 93 21 24 72 63 21 46 58 10 88 92 31 33 70 95 10 79 58 95 77 82 83 84 18
37 78 30 51 10 98 78 29 63 85 72 23 85 35 85 76 94 33 44 56 66 51 57 97 97 17 76 12 14 38 27 79 90 60 44 36 89 46 93 71 24 12 83 14 71 62 62 88 89 40 26 20 35 74 70 36 60 68 27 91 68 73 35 68 23 62 66 35 63 51 99 16 69 34 19 0 26 35 19 58 24 44 30 82 17 39 63 33 11 79 35 33 83 51 83 82 52 21 84 65 22 98 90 21 10 28 50 53 13 67 77 11 74 38 29 24 43 67 72 27 30 51 39 40 85
61 32 39 19 32 48 18 24 99 34 28 56 41 45 87 23 38 86 15 66 13 43 45 50 68 94 34 88 61 55 15 85 64 25 66 95 18 11 46 58 46 11 85 22 10 46 39 79 25 26 45 16 46 39 51 15 74 38 11 25 43 84 39 76 69 84 91 67 38 70 83 57 48 20 30 26 0 13 55 92 79 77 10 76 54 66 55 83 48 51 85 29 49 57 62 43 81 65 38 25 23 85 68 57 69 91 54 14 28 75 27 31 58 39 17 20 27 52 94 98 12 66 64 30 40
23 88 29 50 25 55 14 45 62 84 19 41 20 37 11 87 57 55 77 56 49 54 46 83 18 57 35 93 52 40 43 66 57 65 63 94 82 84 28 79 90 17 24 79 98 50 57 53 22 76 15 63 20 56 86 84 72 90 21 17 90 35 40 70 96 85 50 95 11 72 71 45 13 30 91 35 13 0 69 99 89 79 12 90 41 28 34 36 17 47 82 48 39 99 41 72 69 53 77 76 91 80 69 39 33 78 53 17 24 91 33 50 84 39 55 68 21 15 48 57 65 35 18 91 34
96 96 75 29 83 84 32 83 45 56 67 76 61 20 79 59 71 95 64 51 25 75 80 99 70 23 86 73 39 40 73 87 81 68 94 88 59 60 50 91 50 78 19 87 92 18 89 77 26 44 54 68 42 30 83 19 67 88 90 36 42 16 57 75 63 79 33 71 88 44 28 74 43 72 49 19 55 69 0 80 82 87 16 76 74 40 21 85 41 78 77 85 76 49 13 79 22 22 29 60 49 64 88 72 80 90 67 47 82 40 39 93 46 37 93 33 89 48 40 54 56 80 67 34 79
57 44 17 80 37 92 90 25 72 77 28 10 18 99 21 47 38 46 72 45 94 86 66 17 86 61 38 89 25 46 27 39 16 58 16 28 34 82 19 32 97 45 38 87 72 21 42 85 36 73 10 52 82 85 67 51 59 54 35 82 33 77 68 77 71 26 14 18 76 92 44 62 66 49 55 58 92 99 80 0 17 49 45 98 31 93 74 30 54 29 37 44 41 28 66 75 68 80 76 86 12 94 33 14 82 11 20 97 24 62 45 26 30 64 54 24 80 25 21 83 33 90 13 40 99
11 32 13 74 33 73 69 63 55 59 53 88 22 22 93 69 33 88 89 12 75 25 17 65 60 93 35 97 63 97 94 38 87 74 86 17 95 86 99 28 91 30 94 79 26 78 73 18 84 80 89 97 16 61 86 97 91 22 23 96 35 28 12 60 96 68 40 17 14 52 28 98 36 34 26 24 79 89 82 17 0 84 47 99 47 74 19 79 65 81 21 88 78 54 45 89 83 21 94 40 60 27 86 98 67 47 64 69 70 27 50 80 54 49 72 89 37 53 17 80 65 53 78 80 26
57 64 98 80 81 39 82 74 98 17 31 84 48 92 45 56 15 51 40 25 52 27 37 83 61 85 87 96 72 96 22 70 37 69 11 72 20 95 80 39 10 26 85 40 87 89 12 49 96 58 51 93 86 77 28 85 39 65 27 98 10 85 67 59 71 39 20 79 89 80 47 36 58 45 54 44 77 79 87 49 84 0 54 97 28 83 23 54 51 27 27 88 73 55 16 50 91 20 66 78 14 42 77 88 67 19 44 61 83 33 58 41 27 70 72 88 75 62 70 24 63 78 36 54 58
19 97 85 54 98 62 47 96 79 99 60 87 52 78 66 65 40 29 25 11 80 88 40 25 47 86 69 17 84 92 21 83 62 11 69 58 67 82 42 26 15 85 84 88 34 77 41 64 64 87 94 17 87 95 36 72 65 18 19 24 31 12 80 27 30 62 27 90 26 46 22 35 95 17 44 30 10 12 16 45 47 54 0 39 80 29 76 11 86 87 71 49 32 48 56 44 51 39 32 19 13 82 94 13 57 65 90 24 53 64 29 58 81 45 36 63 39 91 77 61 59 33 74 47 56
98 67 65 72 71 83 17 63 12 83 22 41 74 72 46 65 76 50 44 87 90 29 33 18 38 85 68 53 71 95 39 34 86 23 11 94 19 63 94 18 27 93 41 90 26 13 40 53 79 63 37 74 20 23 87 25 63 48 67 54 43 82 95 94 98 16 72 57 26 12 24 54 67 71 64 82 76 90 76 98 99 97 39 0 72 50 82 66 12 83 89 51 13 59 18 19 30 29 55 78 52 39 13 88 27 45 71 76 46 43 80 23 51 18 89 41 55 93 82 54 48 15 55 92 33
90 26 67 78 11 75 17 10 99 29 79 50 78 71 47 82 50 36 95 50 90 59 44 47 33 97 10 94 58 38 11 13 37 74 12 92 35 31 33 61 20 92 74 63 88 52 90 76 35 63 13 21 45 68 80 13 60 95 43 53 94 95 50 40 95 37 69 81 59 18 66 54 28 53 35 17 54 41 74 31 47 28 80 72 0 43 58 42 16 92 78 15 20 85 23 83 15 59 66 45 66 64 39 61 46 17 63 65 74 90 52 38 76 67 70 58 90 78 84 79 40 31 74 95 52
47 83 41 34 28 29 16 15 97 14 56 75 71 98 86 11 54 17 24 64 86 59 71 72 26 91 98 43 38 36 24 37 43 91 72 33 62 82 48 66 28 83 61 64 59 11 70 80 73 26 41 75 38 48 44 36 88 23 13 40 56 41 58 60 61 92 97 10 32 60 19 68 43 51 88 39 66 28 40 93 74 83 29 50 43 0 27 61 47 61 44 18 18 25 21 72 86 58 24 28 64 42 12 52 60 42 13 47 31 70 29 80 40 41 31 32 39 31 77 38 50 30 80 51 22
45 66 21 67 40 41 26 21 11 43 49 87 62 16 22 23 59 51 40 99 57 38 19 71 39 48 37 37 60 79 42 23 48 92 99 87 64 10 20 39 78 65 70 85 92 56 27 58 81 20 38 81 96 42 81 76 44 54 71 28 64 92 60 83 61 49 92 15 71 10 78 82 28 30 46 63 55 34 21 74 19 23 76 82 58 27 0 17 16 28 61 71 68 40 73 69 31 52 16 30 52 80 88 68 64 88 31 17 84 35 54 14 63 92 88 81 29 33 12 35 85 81 66 15 71
38 98 49 52 14 48 12 12 50 75 44 56 66 46 90 29 75 95 96 34 70 99 79 66 30 95 67 57 37 89 11 11 54 48 93 13 38 77 38 69 27 99 30 10 36 20 26 75 19 34 36 95 26 78 59 69 45 33 96 60 45 51 68 19 97 10 33 61 87 73 16 87 48 56 53 33 83 36 85 30 79 54 11 66 42 61 17 0 45 54 49 48 68 40 74 32 70 35 34 46 90 52 53 98 36 97 66 14 64 76 94 69 30 18 46 54 88 24 13 93 57 41 39 10 83
33 25 97 94 21 92 50 16 76 86 40 85 23 60 42 10 47 20 64 75 31 59 13 28 57 42 25 41 19 46 80 88 22 43 48 31 32 19 73 70 11 86 22 95 46 66 35 83 15 97 47 26 65 40 36 26 45 23 58 76 19 46 80 58 22 87 73 21 30 40 21 15 39 74 52 11 48 17 41 54 65 51 86 12 16 47 16 45 0 51 92 74 21 99 48 41 74 67 51 31 35 78 35 26 58 93 64 80 52 35 19 49 29 77 37 28 50 48 82 36 96 79 58 35 69
76 45 87 32 26 59 19 77 96 41 25 18 58 99 28 43 10 33 46 70 16 54 65 53 63 47 86 78 26 84 62 69 88 95 14 71 42 49 10 32 85 35 82 35 38 48 42 38 59 34 21 95 58 28 10 25 77 96 30 37 72 25 84 27 40 44 96 48 12 30 70 95 75 15 57 79 51 47 78 29 81 27 87 83 92 61 28 54 51 0 99 74 92 91 45 70 90 76 59 35 92 52 65 39 25 93 64 23 73 57 17 36 82 60 14 73 72 74 96 97 62 82 14 76 94
13 30 83 50 52 13 28 15 22 26 69 43 86 58 56 98 45 77 66 36 11 10 85 53 83 71 25 93 33 57 15 49 87 92 73 88 90 56 78 54 96 67 12 74 48 27 37 15 82 41 14 43 82 39 45 83 87 61 71 18 13 83 97 35 24 49 87 36 89 88 79 58 30 98 52 35 85 82 77 37 21 27 71 89 78 44 61 49 92 99 0 24 49 23 53 56 88 38 41 81 65 97 79 83 43 73 66 63 13 63 39 30 89 55 86 90 94 76 92 84 40 12 79 24 75
28 67 61 97 16 25 69 39 76 65 78 72 48 67 62 27 96 35 70 20 43 82 10 39 13 13 21 86 71 17 13 92 91 75 92 17 85 29 30 92 20 98 28 97 47 44 18 76 50 90 82 80 63 37 84 97 52 46 69 87 91 18 34 67 60 78 54 71 86 92 97 97 70 76 11 33 29 48 85 44 88 88 49 51 15 18 71 48 74 74 24 0 97 59 43 90 85 67 71 15 36 22 28 61 31 79 86 89 52 61 25 40 34 48 88 26 86 75 13 71 77 45 91 79 16
59 54 40 91 58 83 34 44 42 24 77 10 93 12 24 25 97 98 97 52 20 62 53 98 65 24 59 35 87 34 97 84 25 62 21 98 71 93 92 75 43 37 32 37 83 50 86 26 68 89 27 15 63 97 47 69 25 84 31 23 56 14 77 86 93 17 28 54 65 97 69 33 97 81 96 83 49 39 76 41 78 73 32 13 20 18 68 68 21 92 49 97 0 33 54 48 67 67 81 49 96 66 92 42 25 56 62 29 30 45 91 28 68 88 17 19 97 29 97 36 82 82 22 43 39
17 18 76 51 60 56 62 66 98 93 21 90 79 77 60 16 59 72 25 16 29 41 50 20 64 65 77 24 85 20 54 36 73 58 37 10 23 42 77 56 38 66 74 52 14 98 20 39 17 23 11 66 47 60 13 93 37 28 40 55 56 55 19 61 68 53 55 47 74 53 68 62 35 24 65 51 57 99 49 28 54 55 48 59 85 25 40 40 99 91 23 59 33 0 57 35 79 56 88 97 88 80 72 68 52 14 91 25 58 12 24 53 41 55 94 91 92 68 42 20 24 47 14 62 13
71 35 16 96 60 33 24 62 36 25 81 10 68 71 30 26 81 88 12 15 51 29 39 73 94 54 95 67 76 40 15 66 63 83 59 27 53 29 71 31 78 76 48 48 43 98 94 70 20 77 59 83 18 51 48 81 44 65 76 49 29 72 92 14 18 56 11 15 28 61 17 60 63 89 39 83 62 41 13 66 45 16 56 18 23 21 73 74 48 45 53 43 54 57 0 57 77 58 71 73 79 96 15 85 78 21 39 78 43 23 45 37 15 62 63 43 68 81 90 74 33 60 34 12 68
18 61 21 67 65 28 91 16 89 12 53 13 81 43 36 36 19 83 33 72 99 34 11 31 33 26 46 98 74 73 51 15 21 41 91 72 21 44 93 22 54 63 40 19 46 11 43 46 27 78 75 10 31 94 23 10 25 55 58 39 51 78 12 47 67 21 57 85 41 16 23 41 97 75 33 82 43 72 79 75 89 50 44 19 83 72 69 32 41 70 56 90 48 35 57 0 63 67 61 71 32 53 47 86 48 39 47 87 38 11 46 90 28 22 53 23 12 96 89 10 92 47 91 18 12
33 81 54 77 70 58 44 30 70 76 55 97 15 78 29 86 15 34 45 91 21 36 15 50 72 37 39 70 43 51 40 77 89 93 70 56 17 54 54 85 25 79 50 84 24 82 66 85 68 64 15 24 15 48 68 16 71 89 76 21 31 26 57 32 77 58 73 38 81 89 69 74 71 58 67 52 81 69 22 68 83 91 51 30 15 86 31 70 74 90 88 85 67 79 77 63 0 38 62 92 29 32 96 66 42 62 42 81 99 35 91 89 71 84 32 12 41 54 94 70 38 58 78 80 14
95 57 93 87 84 64 17 55 95 93 57 81 80 30 67 28 12 70 79 88 24 93 76 63 55 36 90 32 47 63 14 96 12 94 68 77 13 18 44 27 47 54 40 54 94 96 57 87 49 69 66 17 26 90 44 11 85 70 62 23 13 60 46 38 89 89 10 52 51 36 49 28 74 94 12 21 65 53 22 80 21 20 39 29 59 58 52 35 67 76 38 67 67 56 58 67 38 0 51 70 86 62 14 57 13 12 62 56 61 86 47 17 17 42 27 42 88 69 43 60 84 50 36 86 32
29 11 35 65 13 53 30 65 96 31 90 78 20 43 25 41 10 55 78 98 92 43 12 72 49 74 34 65 22 41 59 10 84 88 31 32 99 97 65 40 40 71 76 35 63 32 75 93 96 55 97 28 84 56 86 58 34 41 98 58 33 62 13 73 52 83 28 42 77 82 92 75 18 49 92 84 38 77 29 76 94 66 32 55 66 24 16 34 51 59 41 71 81 88 71 61 62 51 0 75 21 58 36 18 19 50 87 83 57 64 39 95 41 47 34 87 18 50 35 54 22 53 73 38 74
28 31 95 13 37 25 65 82 42 68 18 12 43 80 10 91 88 89 98 50 20 45 60 51 10 18 82 93 51 89 55 25 53 24 88 71 57 71 92 40 64 59 14 36 43 91 66 40 59 42 75 65 55 18 72 50 12 73 84 80 44 22 67 63 92 97 77 61 54 77 36 75 51 78 60 65 25 76 60 86 40 78 19 78 45 28 30 46 31 35 81 15 49 97 73 71 92 70 75 0 48 24 73 87 12 42 16 51 94 44 38 86 21 63 45 11 49 66 63 47 67 44 16 18 74
95 47 32 39 10 11 21 52 75 91 97 69 36 26 45 50 26 94 58 99 27 29 31 24 23 71 82 85 67 26 92 56 36 65 86 93 13 92 53 93 81 77 52 19 21 27 41 12 41 31 76 25 77 12 80 34 99 13 91 49 86 93 41 40 13 42 29 45 87 36 57 28 48 70 60 22 23 91 49 12 60 14 13 52 66 64 52 90 35 92 65 36 96 88 79 32 29 86 21 48 0 95 92 94 29 27 56 76 12 72 43 78 25 35 19 28 31 66 90 16 95 11 69 86 51
63 74 47 81 28 21 89 85 46 43 90 86 16 41 46 58 33 22 76 40 21 18 79 66 75 92 41 38 95 37 76 75 93 21 99 93 36 92 28 46 54 87 77 14 72 73 25 43 96 19 29 67 11 30 31 90 16 50 19 30 52 44 54 26 90 21 38 12 23 98 58 20 53 51 93 98 85 80 64 94 27 42 82 39 64 42 80 52 78 52 97 22 66 80 96 53 32 62 58 24 95 0 61 41 65 31 25 13 85 59 96 64 98 52 70 41 32 78 33 85 43 29 94 46 63
99 20 77 39 21 83 49 96 32 96 26 34 30 50 21 18 35 30 43 49 52 76 38 58 55 98 73 94 86 89 75 24 70 11 14 99 13 54 21 23 39 42 85 68 94 96 41 91 70 35 23 79 47 85 29 35 17 95 10 51 53 13 22 48 68 49 26 84 73 16 90 35 56 85 21 90 68 69 88 33 86 77 94 13 39 12 88 53 35 65 79 28 92 72 15 47 96 14 36 73 92 61 0 43 33 82 75 90 19 35 36 82 15 44 73 93 12 69 35 23 93 93 99 92 65
43 24 45 91 11 99 11 53 21 38 26 62 10 69 21 60 81 46 82 89 46 26 11 21 68 67 35 27 25 24 55 98 50 26 11 67 93 16 26 73 76 28 26 38 61 35 62 18 46 26 11 75 64 45 10 92 40 87 72 32 58 28 26 57 56 31 79 19 92 26 97 67 95 26 24 21 57 39 72 14 98 88 13 88 61 52 68 98 26 39 83 61 42 68 85 86 66 57 18 87 94 41 43 0 73 80 20 75 13 57 86 70 75 98 11 58 34 61 10 85 48 74 68 31 26
33 97 96 95 40 46 49 13 96 86 90 39 45 64 68 76 30 63 55 83 75 51 41 39 11 82 83 43 35 50 18 71 41 63 47 14 10 47 56 94 98 19 98 28 54 33 27 32 69 68 93 30 57 54 21 27 76 67 66 36 21 97 31 37 32 26 67 78 19 48 94 41 27 86 72 10 69 33 80 82 67 67 57 27 46 60 64 36 58 25 43 31 25 52 78 48 42 13 19 12 29 65 33 73 0 15 21 51 87 74 17 21 24 80 50 39 95 22 25 80 56 38 49 72 10
56 65 13 45 91 56 32 20 77 56 32 11 71 92 62 83 74 38 26 17 26 61 32 27 34 37 71 15 34 50 99 42 38 56 87 94 16 38 28 10 22 19 27 28 73 56 17 68 77 91 79 29 87 38 60 49 71 20 93 93 54 46 16 83 81 17 86 11 55 13 55 34 34 66 63 28 91 78 90 11 47 19 65 45 17 42 88 97 93 93 73 79 56 14 21 39 62 12 50 42 27 31 82 80 15 0 77 65 72 94 39 50 34 49 12 84 59 10 69 45 34 51 82 89 43
71 19 12 56 68 58 15 91 59 50 89 34 65 92 74 66 32 51 99 32 60 37 12 94 58 39 43 15 76 59 17 96 14 51 88 97 29 20 42 81 38 94 74 79 60 57 97 87 55 84 47 54 81 86 22 53 53 36 53 52 52 59 74 72 66 18 70 90 81 41 67 12 21 76 21 50 54 53 67 20 64 44 90 71 63 13 31 66 64 64 66 86 62 91 39 47 42 62 87 16 56 25 75 20 21 77 0 91 49 70 33 11 48 58 86 82 12 95 60 25 96 47 94 81 10
16 19 38 39 90 81 30 69 69 43 55 89 48 11 44 64 84 10 91 58 87 78 71 42 44 95 55 90 94 77 25 86 32 30 64 16 65 62 35 88 32 22 29 90 98 69 24 85 43 83 79 83 11 50 18 44 97 60 58 34 31 36 85 32 23 97 60 34 60 75 14 61 80 46 46 53 14 17 47 97 69 61 24 76 65 47 17 14 80 23 63 89 29 25 78 87 81 56 83 51 76 13 90 75 51 65 91 0 63 77 49 37 56 29 13 47 27 74 39 56 55 87 81 60 74
67 37 18 23 81 57 33 58 92 70 19 67 60 69 57 74 37 28 72 97 34 17 88 27 79 98 75 15 73 74 32 30 77 19 57 68 83 65 20 58 64 22 54 61 66 24 59 79 10 23 48 73 10 28 49 48 63 43 23 81 71 42 55 71 55 22 25 76 16 35 40 69 89 57 58 13 28 24 82 24 70 83 53 46 74 31 84 64 52 73 13 52 30 58 43 38 99 61 57 94 12 85 19 13 87 72 49 63 0 97 65 32 52 93 49 79 99 34 61 38 81 15 79 36 84
42 18 28 87 39 52 24 12 27 63 26 89 76 92 26 66 50 77 78 98 90 28 51 17 43 88 58 24 63 91 44 62 24 37 90 16 80 57 55 19 26 34 32 73 24 72 45 56 61 42 29 70 16 28 22 61 86 65 33 41 81 17 59 62 17 61 68 42 34 51 21 62 94 78 10 67 75 91 40 62 27 33 64 43 90 70 35 76 35 57 63 61 45 12 23 11 35 86 64 44 72 59 35 57 74 94 70 77 97 0 49 27 48 50 93 56 81 80 76 46 94 10 63 14 53
28 63 95 30 37 46 39 80 13 54 37 75 46 35 71 89 29 82 30 16 31 92 90 11 11 64 26 41 56 39 95 93 14 33 79 45 65 64 72 40 84 72 42 12 50 53 77 33 62 70 76 12 72 55 47 96 57 79 14 96 79 73 17 72 71 48 40 33 75 56 82 13 48 37 88 77 27 33 39 45 50 58 29 80 52 29 54 94 19 17 39 25 91 24 45 46 91 47 39 38 43 96 36 86 17 39 33 49 65 49 0 69 96 27 17 80 79 33 27 97 52 49 81 55 59
33 57 78 29 70 29 70 63 53 77 90 57 21 33 44 71 68 45 10 24 45 22 36 92 97 85 93 64 29 65 24 57 23 65 33 54 26 73 70 19 90 37 40 57 25 88 20 38 50 74 41 23 77 13 49 92 99 52 86 64 21 60 83 12 61 83 31 73 98 16 46 72 85 45 92 11 31 50 93 26 80 41 58 23 38 80 14 69 49 36 30 40 28 53 37 90 89 17 95 86 78 64 82 70 21 50 11 37 32 27 69 0 69 51 94 86 30 47 37 25 93 91 43 73 23
33 52 69 33 58 72 15 91 73 14 57 85 95 35 93 68 39 39 77 38 25 67 81 66 47 99 15 28 82 97 69 26 16 74 28 58 31 18 90 82 14 64 18 64 85 61 29 65 95 86 76 99 43 59 84 57 26 74 92 66 34 10 40 39 10 13 79 87 84 65 34 33 68 95 31 74 58 84 46 30 54 27 81 51 76 40 63 30 29 82 89 34 68 41 15 28 71 17 41 21 25 98 15 75 24 34 48 56 52 48 96 69 0 80 74 26 75 72 77 10 86 64 28 97 24
80 52 56 67 85 50 48 81 11 17 76 86 86 26 29 78 95 55 25 93 26 65 20 89 46 35 28 83 67 41 35 67 83 55 27 80 13 51 80 54 29 75 80 82 87 51 44 72 57 68 36 34 73 43 82 50 90 16 53 77 10 57 53 38 57 96 53 47 70 56 37 80 51 29 33 38 39 39 37 64 49 70 45 18 67 41 92 18 77 60 55 48 88 55 62 22 84 42 47 63 35 52 44 98 80 49 58 29 93 50 27 51 80 0 38 70 97 62 58 46 68 79 62 19 62
50 75 90 98 66 24 18 50 94 45 65 77 13 32 74 86 48 13 42 40 21 21 65 56 14 88 88 49 31 74 26 89 75 65 10 47 67 96 43 96 28 57 99 10 37 96 88 52 64 81 83 87 95 67 42 91 90 62 40 73 77 51 60 45 74 37 35 15 20 42 60 26 67 29 70 29 17 55 93 54 72 72 36 89 70 31 88 46 37 14 86 88 17 94 63 53 32 27 34 45 19 70 73 11 50 12 86 13 49 93 17 94 74 38 0 45 47 90 53 36 78 73 48 47 65
75 99 25 86 21 25 35 12 94 47 75 55 64 92 67 74 93 81 36 79 74 40 25 34 41 29 91 59 99 63 52 99 68 12 93 29 82 17 51 57 41 42 33 57 30 31 37 72 16 32 37 91 40 62 28 44 75 42 62 81 23 51 65 96 86 16 97 20 98 75 16 55 37 97 95 24 20 68 33 24 89 88 63 41 58 32 81 54 28 73 90 26 19 91 43 23 12 42 87 11 28 41 93 58 39 84 82 47 79 56 80 86 26 70 45 0 83 70 84 23 49 49 28 81 44
14 42 52 46 20 84 83 54 50 27 31 69 80 13 37 13 48 23 33 57 73 63 66 71 44 83 34 87 13 98 91 62 80 96 77 23 61 28 67 23 31 38 47 65 77 85 81 66 82 55 50 22 25 28 10 70 53 88 11 18 85 81 71 41 75 16 47 17 43 90 55 97 62 81 10 43 27 21 89 80 37 75 39 55 90 39 29 88 50 72 94 86 97 92 68 12 41 88 18 49 31 32 12 34 95 59 12 27 99 81 79 30 75 97 47 83 0 13 84 43 82 86 46 92 90
76 38 23 49 10 90 29 80 81 94 27 60 81 26 66 32 98 94 43 67 45 73 59 53 29 70 66 34 18 30 67 41 83 31 26 18 10 68 67 70 44 67 95 76 99 93 49 34 39 27 18 29 55 88 41 94 53 69 10 98 43 44 69 11 78 31 28 47 76 34 11 90 47 79 79 67 52 15 48 25 53 62 91 93 78 31 33 24 48 74 76 75 29 68 81 96 54 69 50 66 66 78 69 61 22 10 95 74 34 80 33 47 72 62 90 70 13 0 16 41 77 12 14 67 76
78 72 40 82 84 88 53 69 80 73 53 39 37 75 21 97 52 30 38 87 76 78 17 72 80 31 49 23 65 26 84 96 27 29 31 39 32 88 81 33 71 34 12 88 83 84 39 76 66 91 92 37 41 61 90 72 87 12 29 24 74 37 97 15 92 44 94 61 32 34 90 18 13 13 58 72 94 48 40 21 17 70 77 82 84 77 12 13 82 96 92 13 97 42 90 89 94 43 35 63 90 33 35 10 25 69 60 39 61 76 27 37 77 58 53 84 84 16 0 97 64 63 64 73 72
59 83 32 38 33 97 70 95 97 53 61 80 47 39 20 92 54 49 58 24 26 13 48 24 11 62 83 72 22 57 75 13 88 76 61 74 29 99 97 43 62 67 39 97 24 38 76 12 94 94 69 85 49 22 79 10 42 38 28 63 24 34 17 76 43 47 40 14 86 13 32 20 84 26 95 27 98 57 54 83 80 24 61 54 79 38 35 93 36 97 84 71 36 20 74 10 70 60 54 47 16 85 23 85 80 45 25 56 38 46 97 25 10 46 36 23 43 41 97 0 52 28 93 10 13
26 76 79 75 47 16 60 40 19 60 67 92 15 30 89 61 35 94 48 84 70 77 53 59 12 67 30 22 47 45 94 25 11 86 59 65 64 57 49 43 48 51 25 25 67 14 12 52 21 83 10 22 28 86 92 63 83 80 54 22 78 92 80 44 66 59 28 93 41 50 22 97 54 32 77 30 12 65 56 33 65 63 59 48 40 50 85 57 96 62 40 77 82 24 33 92 38 84 22 67 95 43 93 48 56 34 96 55 81 94 52 93 86 68 78 49 82 77 64 52 0 56 22 76 27
79 18 14 99 76 30 64 45 14 60 16 99 94 22 78 28 97 19 75 48 72 64 11 33 17 54 74 88 56 30 83 90 92 77 72 34 97 95 46 22 21 27 61 59 49 48 11 92 23 88 12 99 19 26 35 94 24 63 71 39 85 14 52 57 96 51 71 73 84 78 44 12 40 24 82 51 66 35 80 90 53 78 33 15 31 30 81 41 79 82 12 45 82 47 60 47 58 50 53 44 11 29 93 74 38 51 47 87 15 10 49 91 64 79 73 49 86 12 63 28 56 0 80 14 81
59 96 90 43 10 74 45 78 13 46 44 20 76 79 78 90 58 28 11 70 31 63 90 70 38 95 27 34 67 53 50 17 60 28 53 83 26 42 41 61 51 64 63 44 30 57 13 56 45 23 88 45 22 22 39 53 77 92 44 64 31 81 99 24 11 36 52 77 21 67 55 74 16 16 83 39 64 18 67 13 78 36 74 55 74 80 66 39 58 14 79 91 22 14 34 91 78 36 73 16 69 94 99 68 49 82 94 81 79 63 81 43 28 62 48 28 46 14 64 93 22 80 0 64 73
37 10 11 60 56 90 91 95 17 64 31 82 90 96 40 21 75 22 42 96 55 52 16 53 38 72 42 46 43 84 32 36 37 49 56 95 56 94 53 66 56 94 77 89 14 41 15 59 57 61 71 81 41 56 53 25 19 21 73 56 48 24 81 12 68 31 26 65 65 79 89 28 44 95 84 40 30 91 34 40 80 54 47 92 95 51 15 10 35 76 24 79 43 62 12 18 80 86 38 18 86 46 92 31 72 89 81 60 36 14 55 73 97 19 47 81 92 67 73 10 76 14 64 0 66
77 58 12 72 46 20 96 58 20 58 54 59 28 86 53 93 25 60 58 73 39 45 30 70 46 11 67 19 33 96 98 17 61 46 52 48 73 14 23 26 99 12 84 66 13 85 54 94 71 73 74 25 98 55 54 71 22 81 16 46 97 84 54 60 19 96 97 32 98 61 27 40 36 61 18 85 40 34 79 99 26 58 56 33 52 22 71 83 69 94 75 16 39 13 68 12 14 32 74 74 51 63 65 26 10 43 10 74 84 53 59 23 24 62 65 44 90 76 72 13 27 81 73 66 0