105
0 37 12 52 69 66 40 32 71 16 91 96 74 37 14 42 99 10 47 50 55 67 63 53 71 85 35 89 49 10 80 31 26 37 38 69 33 80 88 83 52 69 83 93 73 81 87 83 14 52 50 37 60 93 96 87 76 54 84 61 14 47 82 25 67 81 42 29 94 58 26 87 79 90 49 49 86 29 55 88 49 20 36 98 23 21 74 62 13 98 17 95 18 27 57 47 32 39 82 18 15 87 83 65 68
37 0 36 46 13 31 15 51 32 89 70 37 93 68 68 66 85 95 65 73 37 48 12 40 11 98 38 47 13 86 62 22 41 27 74 21 32 43 62 26 92 91 10 55 27 38 84 51 20 81 36 62 40 45 17 77 61 78 23 59 27 32 76 68 93 45 96 42 84 16 92 66 74 72 93 22 77 93 61 85 40 42 55 63 94 73 92 32 16 11 81 36 69 17 67 14 83 49 76 17 57 77 86 53 60
12 36 0 77 49 47 93 72 68 64 93 95 63 95 41 55 45 24 59 76 15 56 91 21 18 40 24 68 63 81 86 13 74 72 87 51 18 68 10 56 15 25 25 57 94 30 12 12 71 85 21 72 66 58 55 13 66 85 25 90 49 93 94 90 93 17 61 85 76 51 85 42 58 71 39 38 82 55 45 41 43 41 47 17 27 58 90 23 69 41 78 77 12 39 15 70 72 77 50 18 63 84 43 22 26
52 46 77 0 52 48 77 95 51 21 94 54 89 53 18 74 48 19 50 69 93 35 59 77 22 24 65 12 24 21 76 30 88 40 64 73 67 63 81 81 97 45 32 24 89 21 76 73 49 49 34 27 49 43 81 53 57 14 47 57 14 49 30 48 85 49 49 72 56 89 53 71 83 20 19 14 76 28 69 92 65 60 44 45 69 66 70 48 80 80 36 23 39 77 54 19 62 76 32 22 42 14 10 93 56
69 13 49 52 0 74 23 46 47 47 60 54 36 85 64 40 80 64 79 71 13 82 77 90 97 79 56 91 37 85 51 10 42 21 63 19 83 16 49 24 49 31 38 90 14 62 44 11 56 20 84 92 78 78 77 53 82 63 48 97 86 43 28 48 78 18 44 11 86 55 87 20 98 98 81 94 45 93 73 42 10 21 48 66 97 80 12 38 51 54 97 61 93 99 38 14 70 93 92 53 53 95 55 34 85
66 31 47 48 74 0 56 12 74 22 95 95 68 44 58 73 47 88 36 50 29 13 88 88 42 52 65 50 62 64 44 83 90 38 44 23 69 85 23 33 88 70 59 54 24 17 17 56 37 12 88 82 24 23 89 83 60 61 71 88 96 67 42 89 81 50 69 19 23 62 40 85 48 15 45 95 20 31 46 72 90 71 71 73 99 66 76 55 48 95 18 10 95 37 78 61 36 99 10 54 88 49 55 31 25
40 15 93 77 23 56 0 48 77 68 51 81 82 88 43 98 41 95 72 29 74 16 42 42 86 33 56 96 55 68 34 37 51 95 52 44 35 98 48 34 14 79 81 45 74 85 48 56 97 56 49 58 96 48 95 72 49 67 74 13 66 58 91 37 69 32 99 96 49 64 70 35 55 37 94 74 56 65 98 16 26 51 62 68 85 10 61 40 32 44 33 76 16 58 94 38 76 74 10 83 67 35 47 61 95
32 51 72 95 46 12 48 0 88 31 22 54 63 58 22 34 24 61 39 96 57 59 30 51 16 89 33 54 17 31 28 29 50 48 53 22 86 71 93 80 57 10 81 11 22 17 75 91 23 49 93 75 36 20 91 40 71 88 58 47 50 86 13 70 92 24 42 14 58 84 43 97 91 88 70 53 24 44 99 43 84 45 68 18 31 90 92 29 42 58 38 30 34 80 89 54 77 51 64 30 39 46 21 21 34
71 32 68 51 47 74 77 88 0 10 42 54 60 14 39 36 61 46 60 12 14 73 76 93 98 93 26 63 61 96 71 60 88 36 14 51 50 22 36 26 91 52 99 42 91 81 37 30 62 93 12 53 21 37 63 55 32 22 80 50 95 55 19 53 54 21 84 64 66 66 18 43 34 26 63 44 87 53 73 47 15 66 61 33 66 31 29 61 75 29 83 28 39 12 21 69 14 34 68 53 55 71 48 59 89
16 89 64 21 47 22 68 31 10 0 53 91 99 92 21 62 57 46 36 37 76 10 77 33 16 21 31 45 39 97 47 84 73 28 77 91 31 33 64 99 81 59 32 97 28 28 87 42 32 32 65 64 44 95 15 45 38 62 10 89 70 97 75 44 99 28 89 45 25 27 80 44 21 69 82 42 91 44 26 33 85 20 87 30 13 58 42 10 66 39 83 69 69 96 79 93 74 31 47 25 57 61 53 46 10
91 70 93 94 60 95 51 22 42 53 0 53 36 32 95 47 72 75 24 77 49 37 49 45 28 71 75 80 49 12 13 26 49 44 81 94 86 98 56 21 29 47 98 36 58 22 75 97 50 97 44 51 47 91 51 44 60 65 33 70 28 69 38 87 81 35 43 90 73 84 98 40 63 80 82 87 71 94 29 18 60 71 66 44 93 92 48 97 47 51 44 71 56 29 60 81 19 12 77 41 43 31 11 31 88
96 37 95 54 54 95 81 54 54 91 53 0 11 24 14 48 25 36 20 22 98 22 73 50 17 58 40 19 20 55 99 43 95 88 24 41 88 29 81 75 81 15 14 94 87 55 36 35 33 99 47 91 57 28 29 51 53 45 61 80 81 24 57 38 75 69 40 94 40 32 36 30 10 60 81 24 84 68 17 86 67 53 11 77 24 92 17 90 33 84 66 83 73 53 53 99 74 24 86 97 49 74 72 48 67
74 93 63 89 36 68 82 63 60 99 36 11 0 46 13 54 78 98 57 63 94 20 10 95 49 25 26 34 29 68 54 90 29 15 53 83 66 76 40 73 23 20 99 61 96 26 84 13 43 47 29 61 13 37 88 66 32 46 89 19 94 10 72 74 26 49 53 68 59 75 52 54 92 59 42 56 40 19 34 41 12 12 58 90 62 56 92 76 46 58 33 80 38 60 76 59 54 48 37 50 14 27 20 99 70
37 68 95 53 85 44 88 58 14 92 32 24 46 0 95 20 17 71 34 92 22 78 32 12 53 19 36 39 72 57 72 79 79 55 38 93 51 16 66 73 30 46 28 17 43 58 67 16 90 23 71 68 36 16 12 75 63 55 43 24 66 56 12 83 80 32 86 78 46 20 52 65 16 96 19 53 65 97 60 79 96 34 30 71 99 17 82 99 65 86 16 30 81 30 94 40 18 78 80 60 45 70 18 47 35
14 68 41 18 64 58 43 22 39 21 95 14 13 95 0 28 31 99 16 65 94 12 80 33 53 84 50 36 91 27 23 33 52 57 60 93 33 96 34 23 35 35 45 49 18 92 22 72 17 25 34 84 18 24 89 88 60 35 69 55 66 37 83 88 80 78 33 45 42 51 52 17 84 24 10 46 23 19 57 89 72 63 14 16 28 29 43 92 46 41 62 51 29 61 68 60 94 51 60 22 21 93 20 75 10
42 66 55 74 40 73 98 34 36 62 47 48 54 20 28 0 12 93 24 92 71 47 37 99 55 33 12 46 92 95 71 80 81 71 95 56 41 28 43 42 95 91 49 18 73 67 28 75 57 28 65 98 42 53 82 87 59 44 97 86 41 85 57 31 43 36 93 65 72 97 98 52 41 89 29 60 63 59 19 60 16 33 92 95 37 13 71 86 75 73 24 11 27 72 64 45 20 32 93 53 83 10 62 59 36
99 85 45 48 80 47 41 24 61 57 72 25 78 17 31 12 0 53 17 81 14 26 70 32 68 16 55 24 67 21 58 56 31 80 49 62 62 16 82 10 18 83 12 56 84 95 59 87 11 69 81 32 61 62 81 89 79 11 15 57 24 65 51 68 87 92 55 14 13 67 50 57 76 98 69 40 42 81 33 62 88 69 17 74 61 23 81 25 87 59 50 30 39 79 63 82 58 82 70 71 14 78 51 92 51
10 95 24 19 64 88 95 61 46 46 75 36 98 71 99 93 53 0 34 83 77 93 57 97 52 80 28 66 57 51 16 42 50 63 71 26 28 73 24 88 64 42 59 56 73 14 63 64 63 88 39 41 43 99 47 64 86 87 40 22 27 66 16 26 99 30 99 15 66 77 33 43 24 83 86 93 52 64 60 48 23 69 59 49 84 62 45 54 35 15 13 51 71 42 92 27 90 85 57 28 69 87 29 62 81
47 65 59 50 79 36 72 39 60 36 24 20 57 34 16 24 17 34 0 43 17 59 66 48 91 36 30 93 96 62 93 51 62 22 14 49 64 41 40 61 35 96 39 29 63 59 30 94 39 43 16 68 21 88 97 32 69 29 52 42 39 88 31 51 58 34 24 19 82 30 59 55 67 50 86 29 44 59 42 55 74 87 89 45 28 46 33 98 37 24 67 21 17 21 38 77 42 26 83 37 19 65 67 42 53
50 73 76 69 71 50 29 96 12 37 77 22 63 92 65 92 81 83 43 0 78 41 71 89 68 46 33 48 65 76 69 78 33 19 19 10 27 45 78 22 83 33 99 20 20 70 99 13 51 18 24 40 30 20 30 13 96 69 74 17 72 66 68 33 28 84 86 89 45 35 60 28 54 41 75 89 41 77 74 11 23 77 56 47 27 39 10 62 42 93 54 10 65 65 69 73 97 77 58 66 66 85 92 93 20
55 37 15 93 13 29 74 57 14 76 49 98 94 22 94 71 14 77 17 78 0 30 58 95 68 52 37 88 76 23 23 92 53 85 94 25 85 54 14 95 45 25 69 95 18 94 22 58 80 19 81 89 78 56 91 85 26 42 18 83 25 80 62 51 82 78 18 29 44 21 76 26 45 62 76 86 13 84 72 92 59 69 39 30 19 84 66 16 42 51 88 36 27 78 75 15 49 62 30 23 85 56 48 99 48
67 48 56 35 82 13 16 59 73 10 37 22 20 78 12 47 26 93 59 41 30 0 80 83 79 45 81 86 45 44 34 35 21 54 30 40 41 70 93 14 86 24 18 55 24 44 99 65 47 53 73 28 47 45 55 41 56 15 21 81 43 67 75 53 78 86 35 15 81 51 50 23 79 40 89 58 88 96 45 35 21 77 53 55 11 60 74 83 48 80 85 90 61 54 35 16 63 58 23 88 14 95 40 98 94
63 12 91 59 77 88 42 30 76 77 49 73 10 32 80 37 70 57 66 71 58 80 0 72 72 49 92 29 41 33 38 48 26 22 61 54 37 98 56 19 53 70 73 75 49 88 92 43 16 15 41 89 26 44 76 77 34 60 96 13 92 17 84 87 43 16 31 23 70 24 69 35 67 46 35 26 74 65 51 55 74 18 47 14 79 82 19 69 75 38 43 53 78 38 46 45 18 74 70 80 38 91 60 29 77
53 40 21 77 90 88 42 51 93 33 45 50 95 12 33 99 32 97 48 89 95 83 72 0 17 33 37 93 76 47 68 19 62 31 58 84 11 17 84 65 42 63 77 53 17 99 80 37 32 58 83 47 23 70 80 34 61 11 48 67 43 85 98 67 61 20 81 27 10 63 78 31 22 91 20 37 90 11 22 28 68 46 99 74 96 13 77 72 48 14 98 77 65 49 30 23 41 44 42 37 56 42 51 52 41
71 11 18 22 97 42 86 16 98 16 28 17 49 53 53 55 68 52 91 68 68 79 72 17 0 92 25 58 90 37 56 90 78 81 80 61 39 86 80 31 98 89 67 68 38 28 94 23 53 48 52 68 53 12 23 98 45 54 87 78 10 86 93 99 11 52 39 67 29 91 74 71 88 63 56 65 91 94 33 97 39 84 95 88 59 54 29 75 58 84 55 22 72 66 46 60 46 17 40 44 68 32 85 95 21
85 98 40 24 79 52 33 89 93 21 71 58 25 19 84 33 16 80 36 46 52 45 49 33 92 0 25 68 50 65 52 71 38 73 19 16 76 51 52 87 28 73 71 79 38 97 81 29 80 96 29 10 61 21 33 92 32 66 43 22 72 75 27 97 29 78 68 14 96 55 97 86 51 63 88 82 32 70 28 13 84 94 25 26 14 31 60 32 97 90 37 80 17 63 36 35 10 78 53 48 90 62 12 11 47
35 38 24 65 56 65 56 33 26 31 75 40 26 36 50 12 55 28 30 33 37 81 92 37 25 25 0 23 49 45 93 99 78 35 65 89 95 46 95 35 35 51 23 62 80 42 19 89 58 22 85 19 73 19 53 26 79 62 51 90 49 68 79 76 70 97 31 55 87 63 74 54 59 74 57 13 59 35 25 51 55 70 73 77 14 81 40 94 63 84 60 25 78 91 66 75 74 16 92 46 52 32 81 58 35
89 47 68 12 91 50 96 54 63 45 80 19 34 39 36 46 24 66 93 48 88 86 29 93 58 68 23 0 63 67 69 87 37 23 19 28 35 55 48 14 49 35 54 72 84 95 88 74 53 57 68 80 75 97 95 47 32 83 53 75 98 80 25 68 78 92 32 98 26 13 14 31 46 22 18 43 81 83 77 51 94 77 73 88 29 79 16 90 32 11 38 23 12 75 10 51 38 90 47 66 28 61 82 23 83
49 13 63 24 37 62 55 17 61 39 49 20 29 72 91 92 67 57 96 65 76 45 41 76 90 50 49 63 0 40 69 41 17 48 76 81 41 65 51 29 91 31 73 90 58 86 51 32 52 69 75 78 33 52 25 88 65 76 16 14 50 67 20 77 20 36 28 92 82 51 26 89 54 95 80 54 41 79 60 72 75 76 16 49 21 61 85 18 34 81 79 74 56 43 57 83 86 48 12 15 71 93 99 98 93
10 86 81 21 85 64 68 31 96 97 12 55 68 57 27 95 21 51 62 76 23 44 33 47 37 65 45 67 40 0 29 48 57 24 37 17 84 71 50 92 94 20 93 84 61 64 81 18 84 52 13 50 20 53 52 29 71 43 74 90 89 32 30 82 46 97 89 14 45 33 72 20 34 29 75 41 27 74 78 95 45 35 15 81 78 34 99 60 74 64 36 13 72 21 66 66 65 49 64 76 87 80 25 43 27
80 62 86 76 51 44 34 28 71 47 13 99 54 72 23 71 58 16 93 69 23 34 38 68 56 52 93 69 69 29 0 93 28 28 12 38 45 95 73 75 64 99 31 62 84 28 13 66 50 90 40 93 31 95 97 34 69 89 42 48 57 33 94 33 30 19 29 81 47 32 69 83 59 42 38 42 48 83 36 79 58 20 36 23 76 63 22 59 83 93 66 74 60 82 48 80 13 64 53 38 87 66 54 60 88
31 22 13 30 10 83 37 29 60 84 26 43 90 79 33 80 56 42 51 78 92 35 48 19 90 71 99 87 41 48 93 0 86 67 26 41 46 98 96 40 27 11 92 69 53 57 71 87 14 38 42 53 52 53 14 74 85 40 27 27 35 14 46 11 63 84 95 86 61 29 95 88 64 40 97 94 58 28 31 42 46 99 62 11 49 41 48 34 83 53 76 99 29 64 50 41 27 87 38 18 21 67 20 46 42
26 41 74 88 42 90 51 50 88 73 49 95 29 79 52 81 31 50 62 33 53 21 26 62 78 38 78 37 17 57 28 86 0 33 68 32 59 44 44 24 45 42 41 26 63 70 37 10 18 49 74 99 58 56 10 65 83 62 56 52 69 87 68 44 16 92 27 40 94 98 50 57 90 17 53 74 53 36 77 69 99 30 15 25 70 95 13 95 56 84 97 92 81 87 56 50 30 20 42 35 42 50 77 29 25
37 27 72 40 21 38 95 48 36 28 44 88 15 55 57 71 80 63 22 19 85 54 22 31 81 73 35 23 48 24 28 67 33 0 65 16 68 14 28 34 27 76 78 49 27 43 21 99 81 77 27 49 50 36 19 97 88 52 21 43 67 28 82 20 29 80 16 74 29 71 10 26 93 45 14 78 93 86 27 30 56 40 53 50 88 89 72 99 19 88 54 66 13 89 45 12 39 46 46 34 15 77 60 88 83
38 74 87 64 63 44 52 53 14 77 81 24 53 38 60 95 49 71 14 19 94 30 61 58 80 19 65 19 76 37 12 26 68 65 0 16 36 43 83 13 40 45 14 24 35 81 72 90 66 28 54 80 57 83 89 46 43 82 43 89 90 90 18 92 94 97 88 26 78 38 12 27 94 32 22 43 79 71 83 17 22 69 46 93 15 85 46 50 82 64 42 11 63 55 75 51 30 47 58 52 38 27 75 15 14
69 21 51 73 19 23 44 22 51 91 94 41 83 93 93 56 62 26 49 10 25 40 54 84 61 16 89 28 81 17 38 41 32 16 16 0 44 89 17 41 71 98 32 40 94 23 17 80 47 68 13 24 92 18 41 17 39 36 78 22 97 71 92 87 66 82 65 87 21 83 33 13 46 95 90 91 35 84 84 52 68 34 23 48 73 39 39 40 64 78 27 68 25 36 82 94 82 31 93 38 54 74 59 17 81
33 32 18 67 83 69 35 86 50 31 86 88 66 51 33 41 62 28 64 27 85 41 37 11 39 76 95 35 41 84 45 46 59 68 36 44 0 48 11 42 87 86 28 90 19 37 10 99 98 97 46 23 34 39 29 60 88 80 61 44 65 17 72 77 42 91 23 65 89 47 69 26 25 19 85 49 21 67 69 46 94 34 52 29 88 38 71 88 35 90 35 36 51 87 29 27 76 32 74 59 11 45 50 98 76
80 43 68 63 16 85 98 71 22 33 98 29 76 16 96 28 16 73 41 45 54 70 98 17 86 51 46 55 65 71 95 98 44 14 43 89 48 0 21 12 68 29 61 22 42 17 85 87 96 96 49 51 85 15 82 32 18 54 81 52 62 99 19 86 47 47 66 16 17 45 46 60 35 38 60 77 38 89 14 98 57 52 58 66 75 23 10 30 99 53 82 38 39 65 45 95 77 18 49 26 56 22 71 77 82
88 62 10 81 49 23 48 93 36 64 56 81 40 66 34 43 82 24 40 78 14 93 56 84 80 52 95 48 51 50 73 96 44 28 83 17 11 21 0 22 97 90 61 49 42 22 97 58 95 53 16 68 45 94 23 32 10 24 22 85 26 51 99 80 83 91 42 12 91 48 61 51 35 86 62 23 50 66 62 99 83 95 39 92 70 31 40 81 35 77 78 38 56 98 46 40 36 46 79 39 73 58 11 43 57
83 26 56 81 24 33 34 80 26 99 21 75 73 73 23 42 10 88 61 22 95 14 19 65 31 87 35 14 29 92 75 40 24 34 13 41 42 12 22 0 25 31 51 53 19 72 59 56 64 30 87 74 90 96 58 23 38 32 78 14 19 71 95 80 40 42 85 87 10 40 67 49 32 12 59 24 14 48 20 20 92 38 42 22 86 97 51 41 52 15 51 55 91 23 20 47 35 38 56 28 48 80 40 12 28
52 92 15 97 49 88 14 57 91 81 29 81 23 30 35 95 18 64 35 83 45 86 53 42 98 28 35 49 91 94 64 27 45 27 40 71 87 68 97 25 0 68 44 50 80 34 19 48 37 28 74 14 59 49 90 60 43 84 42 50 52 20 81 54 80 82 65 29 70 13 87 47 75 33 94 83 23 82 58 68 99 88 60 88 42 46 98 56 48 83 65 89 92 86 36 19 90 84 46 98 38 97 78 48 95
69 91 25 45 31 70 79 10 52 59 47 15 20 46 35 91 83 42 96 33 25 24 70 63 89 73 51 35 31 20 99 11 42 76 45 98 86 29 90 31 68 0 92 69 66 67 79 96 41 85 69 18 88 81 96 50 63 34 16 90 63 52 92 33 80 45 23 78 81 69 70 87 43 56 11 82 20 74 73 99 80 55 45 92 66 97 50 43 82 25 53 81 95 13 73 52 43 95 13 28 51 52 26 40 77
83 10 25 32 38 59 81 81 99 32 98 14 99 28 45 49 12 59 39 99 69 18 73 77 67 71 23 54 73 93 31 92 41 78 14 32 28 61 61 51 44 92 0 79 46 43 92 14 51 45 63 93 31 43 64 40 42 15 66 94 67 68 46 50 88 55 82 72 75 82 68 22 61 81 92 39 60 11 70 80 71 19 72 36 12 47 53 37 12 44 54 98 38 20 11 43 58 83 50 65 13 46 49 82 85
93 55 57 24 90 54 45 11 42 97 36 94 61 17 49 18 56 56 29 20 95 55 75 53 68 79 62 72 90 84 62 69 26 49 24 40 90 22 49 53 50 69 79 0 32 46 27 76 46 22 44 85 23 19 20 58 13 13 24 26 88 53 89 93 34 23 80 96 21 23 50 35 49 68 81 24 33 39 25 56 32 53 44 87 52 82 74 88 62 87 36 15 87 41 59 19 70 20 69 20 60 37 42 38 77
73 27 94 89 14 24 74 22 91 28 58 87 96 43 18 73 84 73 63 20 18 24 49 17 38 38 80 84 58 61 84 53 63 27 35 94 19 42 42 19 80 66 46 32 0 94 30 12 32 80 53 68 79 70 80 19 40 33 83 87 15 82 26 14 92 23 74 92 33 19 23 74 63 32 62 19 44 93 71 65 65 98 82 72 87 89 66 35 27 87 40 17 61 48 94 60 26 89 23 42 25 34 33 72 17
81 38 30 21 62 17 85 17 81 28 22 55 26 58 92 67 95 14 59 70 94 44 88 99 28 97 42 95 86 64 28 57 70 43 81 23 37 17 22 72 34 67 43 46 94 0 39 77 24 57 61 82 92 21 59 28 93 16 49 24 16 17 72 37 13 76 25 17 54 97 21 51 98 75 83 73 29 37 11 39 74 71 18 70 73 51 14 37 71 60 59 44 94 57 14 34 66 62 27 87 90 65 31 35 51
87 84 12 76 44 17 48 75 37 87 75 36 84 67 22 28 59 63 30 99 22 99 92 80 94 81 19 88 51 81 13 71 37 21 72 17 10 85 97 59 19 79 92 27 30 39 0 84 19 91 16 28 10 28 83 75 18 89 65 70 27 91 72 32 54 72 79 65 36 75 44 86 36 63 14 41 35 36 95 62 39 30 22 13 53 75 84 79 66 59 61 66 92 35 14 43 20 83 87 49 13 99 64 57 94
83 51 12 73 11 56 56 91 30 42 97 35 13 16 72 75 87 64 94 13 58 65 43 37 23 29 89 74 32 18 66 87 10 99 90 80 99 87 58 56 48 96 14 76 12 77 84 0 30 39 46 72 50 93 16 65 48 30 20 59 74 84 47 27 56 25 47 48 65 48 68 28 21 40 65 35 29 84 52 49 45 97 80 54 30 24 31 66 57 78 72 78 98 93 51 94 61 65 28 66 76 51 42 18 69
14 20 71 49 56 37 97 23 62 32 50 33 43 90 17 57 11 63 39 51 80 47 16 32 53 80 58 53 52 84 50 14 18 81 66 47 98 96 95 64 37 41 51 46 32 24 19 30 0 29 55 63 54 20 38 97 96 54 71 61 67 91 85 15 51 32 79 12 61 11 95 19 86 51 28 44 81 55 81 83 95 68 59 43 64 68 77 38 84 69 33 63 62 95 92 13 37 20 59 87 53 25 48 36 41
52 81 85 49 20 12 56 49 93 32 97 99 47 23 25 28 69 88 43 18 19 53 15 58 48 96 22 57 69 52 90 38 49 77 28 68 97 96 53 30 28 85 45 22 80 57 91 39 29 0 10 23 71 29 86 32 63 23 70 83 37 41 78 16 27 19 72 94 24 14 83 23 19 37 34 53 79 19 56 54 89 78 60 17 75 92 98 21 94 85 48 43 40 68 75 13 45 52 46 88 51 11 36 35 50
50 36 21 34 84 88 49 93 12 65 44 47 29 71 34 65 81 39 16 24 81 73 41 83 52 29 85 68 75 13 40 42 74 27 54 13 46 49 16 87 74 69 63 44 53 61 16 46 55 10 0 44 12 78 81 37 99 89 12 91 61 78 81 59 94 82 26 94 57 82 97 23 37 34 95 98 66 95 59 14 33 75 28 43 50 42 72 17 28 18 99 34 88 81 44 20 63 21 22 29 42 81 70 24 36
37 62 72 27 92 82 58 75 53 64 51 91 61 68 84 98 32 41 68 40 89 28 89 47 68 10 19 80 78 50 93 53 99 49 80 24 23 51 68 74 14 18 93 85 68 82 28 72 63 23 44 0 14 88 90 14 28 86 97 29 78 49 20 38 15 48 80 16 13 80 74 42 26 63 14 81 27 58 49 67 54 72 66 85 68 26 50 50 66 23 62 91 62 22 81 93 36 59 78 54 38 54 93 84 17
60 40 66 49 78 24 96 36 21 44 47 57 13 36 18 42 61 43 21 30 78 47 26 23 53 61 73 75 33 20 31 52 58 50 57 92 34 85 45 90 59 88 31 23 79 92 10 50 54 71 12 14 0 29 45 60 43 73 18 35 50 13 62 28 51 56 41 26 89 94 48 31 34 78 14 84 31 41 35 41 79 93 31 59 45 28 79 62 87 66 15 33 73 82 37 71 61 44 66 24 30 43 89 66 89
93 45 58 43 78 23 48 20 37 95 91 28 37 16 24 53 62 99 88 20 56 45 44 70 12 21 19 97 52 53 95 53 56 36 83 18 39 15 94 96 49 81 43 19 70 21 28 93 20 29 78 88 29 0 26 57 41 67 64 85 25 32 94 30 98 93 52 54 93 81 41 75 99 13 33 94 73 52 17 48 11 84 44 25 46 77 64 71 18 19 90 75 99 84 15 45 23 96 50 67 15 20 63 33 88
96 17 55 81 77 89 95 91 63 15 51 29 88 12 89 82 81 47 97 30 91 55 76 80 23 33 53 95 25 52 97 14 10 19 89 41 29 82 23 58 90 96 64 20 80 59 83 16 38 86 81 90 45 26 0 86 24 79 14 68 96 64 54 53 12 39 58 33 46 66 54 39 46 41 24 18 13 17 28 99 40 88 19 17 64 27 50 14 36 39 55 92 88 23 63 85 21 84 38 46 54 75 33 92 33
87 77 13 53 53 83 72 40 55 45 44 51 66 75 88 87 89 64 32 13 85 41 77 34 98 92 26 47 88 29 34 74 65 97 46 17 60 32 32 23 60 50 40 58 19 28 75 65 97 32 37 14 60 57 86 0 54 86 86 18 18 26 20 49 10 54 10 87 98 34 46 84 16 63 78 72 37 88 85 10 99 57 27 50 60 26 44 18 88 79 75 46 76 94 38 84 54 46 58 95 62 48 13 49 82
76 61 66 57 82 60 49 71 32 38 60 53 32 63 60 59 79 86 69 96 26 56 34 61 45 32 79 32 65 71 69 85 83 88 43 39 88 18 10 38 43 63 42 13 40 93 18 48 96 63 99 28 43 41 24 54 0 95 97 53 17 33 82 46 84 17 61 79 32 92 50 83 17 49 66 24 37 15 47 28 62 12 15 73 85 61 77 97 70 53 57 43 37 80 57 96 97 83 22 52 75 23 43 30 77
54 78 85 14 63 61 67 88 22 62 65 45 46 55 35 44 11 87 29 69 42 15 60 11 54 66 62 83 76 43 89 40 62 52 82 36 80 54 24 32 84 34 15 13 33 16 89 30 54 23 89 86 73 67 79 86 95 0 96 59 50 86 59 35 77 55 57 41 40 21 94 65 31 95 95 42 85 39 23 14 34 33 98 86 67 59 95 30 15 60 65 88 90 20 84 33 11 88 42 76 56 89 84 12 26
84 23 25 47 48 71 74 58 80 10 33 61 89 43 69 97 15 40 52 74 18 21 96 48 87 43 51 53 16 74 42 27 56 21 43 78 61 81 22 78 42 16 66 24 83 49 65 20 71 70 12 97 18 64 14 86 97 96 0 68 71 90 99 76 79 60 76 38 49 55 40 15 77 99 19 16 37 37 58 20 48 82 74 50 26 94 16 36 49 36 57 32 41 17 63 15 51 35 59 52 42 52 73 11 42
61 59 90 57 97 88 13 47 50 89 70 80 19 24 55 86 57 22 42 17 83 81 13 67 78 22 90 75 14 90 48 27 52 43 89 22 44 52 85 14 50 90 94 26 87 24 70 59 61 83 91 29 35 85 68 18 53 59 68 0 75 17 22 82 67 40 31 76 78 74 96 98 99 81 19 72 18 70 60 78 32 58 55 88 33 10 69 40 91 79 71 47 74 84 36 22 25 39 45 73 87 30 23 94 62
14 27 49 14 86 96 66 50 95 70 28 81 94 66 66 41 24 27 39 72 25 43 92 43 10 72 49 98 50 89 57 35 69 67 90 97 65 62 26 19 52 63 67 88 15 16 27 74 67 37 61 78 50 25 96 18 17 50 71 75 0 87 22 57 98 17 93 46 86 69 70 12 73 43 34 94 69 80 47 79 50 58 44 18 18 22 27 84 91 35 50 83 25 55 14 56 34 72 58 88 10 88 41 52 30
47 32 93 49 43 67 58 86 55 97 69 24 10 56 37 85 65 66 88 66 80 67 17 85 86 75 68 80 67 32 33 14 87 28 90 71 17 99 51 71 20 52 68 53 82 17 91 84 91 41 78 49 13 32 64 26 33 86 90 17 87 0 74 56 86 18 77 20 23 77 68 87 35 43 96 57 24 37 11 79 11 52 84 36 88 65 85 14 77 67 44 45 73 42 38 90 65 88 86 37 26 81 16 40 72
82 76 94 30 28 42 91 13 19 75 38 57 72 12 83 57 51 16 31 68 62 75 84 98 93 27 79 25 20 30 94 46 68 82 18 92 72 19 99 95 81 92 46 89 26 72 72 47 85 78 81 20 62 94 54 20 82 59 99 22 22 74 0 81 10 98 77 68 59 80 35 25 73 91 15 57 70 17 56 16 57 64 32 77 41 76 23 34 99 96 10 96 61 26 54 52 10 68 34 98 24 64 96 68 85
25 68 90 48 48 89 37 70 53 44 87 38 74 83 88 31 68 26 51 33 51 53 87 67 99 97 76 68 77 82 33 11 44 20 92 87 77 86 80 80 54 33 50 93 14 37 32 27 15 16 59 38 28 30 53 49 46 35 76 82 57 56 81 0 76 38 55 16 17 59 17 69 30 73 56 97 47 85 80 38 19 32 90 20 96 30 23 67 48 55 45 79 94 55 76 78 84 93 98 14 85 69 86 75 84
67 93 93 85 78 81 69 92 54 99 81 75 26 80 80 43 87 99 58 28 82 78 43 61 11 29 70 78 20 46 30 63 16 29 94 66 42 47 83 40 80 80 88 34 92 13 54 56 51 27 94 15 51 98 12 10 84 77 79 67 98 86 10 76 0 37 95 85 84 39 86 20 28 76 28 47 71 81 55 63 25 34 87 38 12 83 73 49 66 78 23 38 61 62 82 88 35 80 41 76 91 17 55 72 29
81 45 17 49 18 50 32 24 21 28 35 69 49 32 78 36 92 30 34 84 78 86 16 20 52 78 97 92 36 97 19 84 92 80 97 82 91 47 91 42 82 45 55 23 23 76 72 25 32 19 82 48 56 93 39 54 17 55 60 40 17 18 98 38 37 0 12 18 63 91 13 93 96 66 67 82 76 86 25 78 78 94 28 94 88 12 10 78 29 22 27 58 57 40 21 91 37 49 78 43 58 44 53 61 14
42 96 61 49 44 69 99 42 84 89 43 40 53 86 33 93 55 99 24 86 18 35 31 81 39 68 31 32 28 89 29 95 27 16 88 65 23 66 42 85 65 23 82 80 74 25 79 47 79 72 26 80 41 52 58 10 61 57 76 31 93 77 77 55 95 12 0 87 83 16 55 97 63 72 79 75 76 73 46 45 47 53 10 85 46 86 37 86 14 15 31 47 22 96 75 14 96 19 93 34 41 75 21 57 16
29 42 85 72 11 19 96 14 64 45 90 94 68 78 45 65 14 15 19 89 29 15 23 27 67 14 55 98 92 14 81 86 40 74 26 87 65 16 12 87 29 78 72 96 92 17 65 48 12 94 94 16 26 54 33 87 79 41 38 76 46 20 68 16 85 18 87 0 11 10 81 31 95 20 25 12 47 57 22 55 11 86 49 77 53 56 87 59 42 30 27 44 16 60 25 12 53 66 29 25 11 76 75 58 61
94 84 76 56 86 23 49 58 66 25 73 40 59 46 42 72 13 66 82 45 44 81 70 10 29 96 87 26 82 45 47 61 94 29 78 21 89 17 91 10 70 81 75 21 33 54 36 65 61 24 57 13 89 93 46 98 32 40 49 78 86 23 59 17 84 63 83 11 0 51 22 63 28 20 30 62 34 94 49 78 14 48 18 17 79 25 81 53 34 68 24 23 59 33 22 15 71 92 45 76 17 20 89 97 68
58 16 51 89 55 62 64 84 66 27 84 32 75 20 51 97 67 77 30 35 21 51 24 63 91 55 63 13 51 33 32 29 98 71 38 83 47 45 48 40 13 69 82 23 19 97 75 48 11 14 82 80 94 81 66 34 92 21 55 74 69 77 80 59 39 91 16 10 51 0 46 69 48 49 61 21 69 55 55 37 90 34 66 97 17 29 86 94 37 67 43 75 26 97 41 83 70 71 83 63 82 79 34 88 61
26 92 85 53 87 40 70 43 18 80 98 36 52 52 52 98 50 33 59 60 76 50 69 78 74 97 74 14 26 72 69 95 50 10 12 33 69 46 61 67 87 70 68 50 23 21 44 68 95 83 97 74 48 41 54 46 50 94 40 96 70 68 35 17 86 13 55 81 22 46 0 94 12 71 60 89 20 53 25 66 18 64 94 47 41 51 62 50 56 89 84 57 47 25 32 34 88 58 52 62 20 67 65 73 99
87 66 42 71 20 85 35 97 43 44 40 30 54 65 17 52 57 43 55 28 26 23 35 31 71 86 54 31 89 20 83 88 57 26 27 13 26 60 51 49 47 87 22 35 74 51 86 28 19 23 23 42 31 75 39 84 83 65 15 98 12 87 25 69 20 93 97 31 63 69 94 0 79 28 21 65 46 51 36 38 24 10 48 57 48 15 78 89 82 17 97 26 82 31 86 28 89 81 49 18 70 62 94 24 33
79 74 58 83 98 48 55 91 34 21 63 10 92 16 84 41 76 24 67 54 45 79 67 22 88 51 59 46 54 34 59 64 90 93 94 46 25 35 35 32 75 43 61 49 63 98 36 21 86 19 37 26 34 99 46 16 17 31 77 99 73 35 73 30 28 96 63 95 28 48 12 79 0 10 38 42 94 19 11 45 71 87 98 94 42 82 56 31 68 56 93 45 74 88 27 22 44 37 48 94 74 63 70 94 47
90 72 71 20 98 15 37 88 26 69 80 60 59 96 24 89 98 83 50 41 62 40 46 91 63 63 74 22 95 29 42 40 17 45 32 95 19 38 86 12 33 56 81 68 32 75 63 40 51 37 34 63 78 13 41 63 49 95 99 81 43 43 91 73 76 66 72 20 20 49 71 28 10 0 41 83 30 68 42 22 39 93 60 60 94 98 76 34 35 84 60 44 25 19 54 26 70 99 68 64 41 83 21 44 92
49 93 39 19 81 45 94 70 63 82 82 81 42 19 10 29 69 86 86 75 76 89 35 20 56 88 57 18 80 75 38 97 53 14 22 90 85 60 62 59 94 11 92 81 62 83 14 65 28 34 95 14 14 33 24 78 66 95 19 19 34 96 15 56 28 67 79 25 30 61 60 21 38 41 0 89 61 93 64 30 21 85 53 50 93 35 65 30 46 63 53 25 12 72 27 55 49 26 19 77 28 76 11 97 75
49 22 38 14 94 95 74 53 44 42 87 24 56 53 46 60 40 93 29 89 86 58 26 37 65 82 13 43 54 41 42 94 74 78 43 91 49 77 23 24 83 82 39 24 19 73 41 35 44 53 98 81 84 94 18 72 24 42 16 72 94 57 57 97 47 82 75 12 62 21 89 65 42 83 89 0 69 37 18 12 68 75 33 82 81 41 66 34 34 45 18 99 96 96 75 50 45 62 40 78 63 29 85 28 39
86 77 82 76 45 20 56 24 87 91 71 84 40 65 23 63 42 52 44 41 13 88 74 90 91 32 59 81 41 27 48 58 53 93 79 35 21 38 50 14 23 20 60 33 44 29 35 29 81 79 66 27 31 73 13 37 37 85 37 18 69 24 70 47 71 76 76 47 34 69 20 46 94 30 61 69 0 45 73 51 69 22 93 50 20 86 89 46 35 80 23 93 15 77 87 15 64 96 31 18 40 71 24 19 64
29 93 55 28 93 31 65 44 53 44 94 68 19 97 19 59 81 64 59 77 84 96 65 11 94 70 35 83 79 74 83 28 36 86 71 84 67 89 66 48 82 74 11 39 93 37 36 84 55 19 95 58 41 52 17 88 15 39 37 70 80 37 17 85 81 86 73 57 94 55 53 51 19 68 93 37 45 0 84 37 34 55 64 54 86 14 92 49 38 49 60 34 87 64 69 53 26 22 28 66 31 59 29 85 27
55 61 45 69 73 46 98 99 73 26 29 17 34 60 57 19 33 60 42 74 72 45 51 22 33 28 25 77 60 78 36 31 77 27 83 84 69 14 62 20 58 73 70 25 71 11 95 52 81 56 59 49 35 17 28 85 47 23 58 60 47 11 56 80 55 25 46 22 49 55 25 36 11 42 64 18 73 84 0 40 73 51 90 28 78 62 45 92 23 10 39 18 96 55 25 91 88 28 20 72 96 49 91 93 64
88 85 41 92 42 72 16 43 47 33 18 86 41 79 89 60 62 48 55 11 92 35 55 28 97 13 51 51 72 95 79 42 69 30 17 52 46 98 99 20 68 99 80 56 65 39 62 49 83 54 14 67 41 48 99 10 28 14 20 78 79 79 16 38 63 78 45 55 78 37 66 38 45 22 30 12 51 37 40 0 30 14 50 38 30 79 46 80 33 69 72 87 34 38 89 24 67 63 15 67 19 58 22 37 84
49 40 43 65 10 90 26 84 15 85 60 67 12 96 72 16 88 23 74 23 59 21 74 68 39 84 55 94 75 45 58 46 99 56 22 68 94 57 83 92 99 80 71 32 65 74 39 45 95 89 33 54 79 11 40 99 62 34 48 32 50 11 57 19 25 78 47 11 14 90 18 24 71 39 21 68 69 34 73 30 0 57 68 12 77 92 78 78 84 88 58 73 10 83 63 91 30 13 55 33 35 98 68 98 10
20 42 41 60 21 71 51 45 66 20 71 53 12 34 63 33 69 69 87 77 69 77 18 46 84 94 70 77 76 35 20 99 30 40 69 34 34 52 95 38 88 55 19 53 98 71 30 97 68 78 75 72 93 84 88 57 12 33 82 58 58 52 64 32 34 94 53 86 48 34 64 10 87 93 85 75 22 55 51 14 57 0 39 54 11 26 71 68 75 74 15 57 65 82 84 16 87 35 33 26 46 46 89 46 68
36 55 47 44 48 71 62 68 61 87 66 11 58 30 14 92 17 59 89 56 39 53 47 99 95 25 73 73 16 15 36 62 15 53 46 23 52 58 39 42 60 45 72 44 82 18 22 80 59 60 28 66 31 44 19 27 15 98 74 55 44 84 32 90 87 28 10 49 18 66 94 48 98 60 53 33 93 64 90 50 68 39 0 56 81 77 99 44 40 75 80 97 69 84 27 42 81 82 63 30 74 51 31 14 59
98 63 17 45 66 73 68 18 33 30 44 77 90 71 16 95 74 49 45 47 30 55 14 74 88 26 77 88 49 81 23 11 25 50 93 48 29 66 92 22 88 92 36 87 72 70 13 54 43 17 43 85 59 25 17 50 73 86 50 88 18 36 77 20 38 94 85 77 17 97 47 57 94 60 50 82 50 54 28 38 12 54 56 0 98 89 89 16 43 36 40 85 89 92 71 67 44 95 60 15 83 82 22 39 72
23 94 27 69 97 99 85 31 66 13 93 24 62 99 28 37 61 84 28 27 19 11 79 96 59 14 14 29 21 78 76 49 70 88 15 73 88 75 70 86 42 66 12 52 87 73 53 30 64 75 50 68 45 46 64 60 85 67 26 33 18 88 41 96 12 88 46 53 79 17 41 48 42 94 93 81 20 86 78 30 77 11 81 98 0 68 79 73 29 67 67 43 77 91 54 68 46 27 54 76 58 59 94 98 72
21 73 58 66 80 66 10 90 31 58 92 92 56 17 29 13 23 62 46 39 84 60 82 13 54 31 81 79 61 34 63 41 95 89 85 39 38 23 31 97 46 97 47 82 89 51 75 24 68 92 42 26 28 77 27 26 61 59 94 10 22 65 76 30 83 12 86 56 25 29 51 15 82 98 35 41 86 14 62 79 92 26 77 89 68 0 50 23 55 57 31 86 64 70 12 47 63 73 99 90 91 57 48 19 66
74 92 90 70 12 76 61 92 29 42 48 17 92 82 43 71 81 45 33 10 66 74 19 77 29 60 40 16 85 99 22 48 13 72 46 39 71 10 40 51 98 50 53 74 66 14 84 31 77 98 72 50 79 64 50 44 77 95 16 69 27 85 23 23 73 10 37 87 81 86 62 78 56 76 65 66 89 92 45 46 78 71 99 89 79 50 0 10 86 15 51 68 29 85 39 47 61 61 35 94 97 48 28 65 22
62 32 23 48 38 55 40 29 61 10 97 90 76 99 92 86 25 54 98 62 16 83 69 72 75 32 94 90 18 60 59 34 95 99 50 40 88 30 81 41 56 43 37 88 35 37 79 66 38 21 17 50 62 71 14 18 97 30 36 40 84 14 34 67 49 78 86 59 53 94 50 89 31 34 30 34 46 49 92 80 78 68 44 16 73 23 10 0 54 59 79 44 24 95 52 89 43 47 68 31 38 21 96 16 72
13 16 69 80 51 48 32 42 75 66 47 33 46 65 46 75 87 35 37 42 42 48 75 48 58 97 63 32 34 74 83 83 56 19 82 64 35 99 35 52 48 82 12 62 27 71 66 57 84 94 28 66 87 18 36 88 70 15 49 91 91 77 99 48 66 29 14 42 34 37 56 82 68 35 46 34 35 38 23 33 84 75 40 43 29 55 86 54 0 19 33 78 92 39 25 62 38 39 69 18 92 99 67 62 83
98 11 41 80 54 95 44 58 29 39 51 84 58 86 41 73 59 15 24 93 51 80 38 14 84 90 84 11 81 64 93 53 84 88 64 78 90 53 77 15 83 25 44 87 87 60 59 78 69 85 18 23 66 19 39 79 53 60 36 79 35 67 96 55 78 22 15 30 68 67 89 17 56 84 63 45 80 49 10 69 88 74 75 36 67 57 15 59 19 0 48 41 96 70 91 35 86 38 85 14 77 20 56 39 35
17 81 78 36 97 18 33 38 83 83 44 66 33 16 62 24 50 13 67 54 88 85 43 98 55 37 60 38 79 36 66 76 97 54 42 27 35 82 78 51 65 53 54 36 40 59 61 72 33 48 99 62 15 90 55 75 57 65 57 71 50 44 10 45 23 27 31 27 24 43 84 97 93 60 53 18 23 60 39 72 58 15 80 40 67 31 51 79 33 48 0 66 35 32 12 85 74 53 84 47 78 21 84 29 41
95 36 77 23 61 10 76 30 28 69 71 83 80 30 51 11 30 51 21 10 36 90 53 77 22 80 25 23 74 13 74 99 92 66 11 68 36 38 38 55 89 81 98 15 17 44 66 78 63 43 34 91 33 75 92 46 43 88 32 47 83 45 96 79 38 58 47 44 23 75 57 26 45 44 25 99 93 34 18 87 73 57 97 85 43 86 68 44 78 41 66 0 50 75 25 24 95 31 50 77 73 13 95 91 96
18 69 12 39 93 95 16 34 39 69 56 73 38 81 29 27 39 71 17 65 27 61 78 65 72 17 78 12 56 72 60 29 81 13 63 25 51 39 56 91 92 95 38 87 61 94 92 98 62 40 88 62 73 99 88 76 37 90 41 74 25 73 61 94 61 57 22 16 59 26 47 82 74 25 12 96 15 87 96 34 10 65 69 89 77 64 29 24 92 96 35 50 0 32 15 74 80 29 42 67 78 96 67 13 10
27 17 39 77 99 37 58 80 12 96 29 53 60 30 61 72 79 42 21 65 78 54 38 49 66 63 91 75 43 21 82 64 87 89 55 36 87 65 98 23 86 13 20 41 48 57 35 93 95 68 81 22 82 84 23 94 80 20 17 84 55 42 26 55 62 40 96 60 33 97 25 31 88 19 72 96 77 64 55 38 83 82 84 92 91 70 85 95 39 70 32 75 32 0 86 26 37 70 76 60 50 81 34 65 22
57 67 15 54 38 78 94 89 21 79 60 53 76 94 68 64 63 92 38 69 75 35 46 30 46 36 66 10 57 66 48 50 56 45 75 82 29 45 46 20 36 73 11 59 94 14 14 51 92 75 44 81 37 15 63 38 57 84 63 36 14 38 54 76 82 21 75 25 22 41 32 86 27 54 27 75 87 69 25 89 63 84 27 71 54 12 39 52 25 91 12 25 15 86 0 43 34 35 36 29 73 80 37 44 52
47 14 70 19 14 61 38 54 69 93 81 99 59 40 60 45 82 27 77 73 15 16 45 23 60 35 75 51 83 66 80 41 50 12 51 94 27 95 40 47 19 52 43 19 60 34 43 94 13 13 20 93 71 45 85 84 96 33 15 22 56 90 52 78 88 91 14 12 15 83 34 28 22 26 55 50 15 53 91 24 91 16 42 67 68 47 47 89 62 35 85 24 74 26 43 0 56 92 14 89 83 28 90 26 92
32 83 72 62 70 36 76 77 14 74 19 74 54 18 94 20 58 90 42 97 49 63 18 41 46 10 74 38 86 65 13 27 30 39 30 82 76 77 36 35 90 43 58 70 26 66 20 61 37 45 63 36 61 23 21 54 97 11 51 25 34 65 10 84 35 37 96 53 71 70 88 89 44 70 49 45 64 26 88 67 30 87 81 44 46 63 61 43 38 86 74 95 80 37 34 56 0 20 38 72 69 86 92 81 14
39 49 77 76 93 99 74 51 34 31 12 24 48 78 51 32 82 85 26 77 62 58 74 44 17 78 16 90 48 49 64 87 20 46 47 31 32 18 46 38 84 95 83 20 89 62 83 65 20 52 21 59 44 96 84 46 83 88 35 39 72 88 68 93 80 49 19 66 92 71 58 81 37 99 26 62 96 22 28 63 13 35 82 95 27 73 61 47 39 38 53 31 29 70 35 92 20 0 45 14 44 51 20 26 82
82 76 50 32 92 10 10 64 68 47 77 86 37 80 60 93 70 57 83 58 30 23 70 42 40 53 92 47 12 64 53 38 42 46 58 93 74 49 79 56 46 13 50 69 23 27 87 28 59 46 22 78 66 50 38 58 22 42 59 45 58 86 34 98 41 78 93 29 45 83 52 49 48 68 19 40 31 28 20 15 55 33 63 60 54 99 35 68 69 85 84 50 42 76 36 14 38 45 0 30 18 13 13 79 82
18 17 18 22 53 54 83 30 53 25 41 97 50 60 22 53 71 28 37 66 23 88 80 37 44 48 46 66 15 76 38 18 35 34 52 38 59 26 39 28 98 28 65 20 42 87 49 66 87 88 29 54 24 67 46 95 52 76 52 73 88 37 98 14 76 43 34 25 76 63 62 18 94 64 77 78 18 66 72 67 33 26 30 15 76 90 94 31 18 14 47 77 67 60 29 89 72 14 30 0 27 46 12 68 75
15 57 63 42 53 88 67 39 55 57 43 49 14 45 21 83 14 69 19 66 85 14 38 56 68 90 52 28 71 87 87 21 42 15 38 54 11 56 73 48 38 51 13 60 25 90 13 76 53 51 42 38 30 15 54 62 75 56 42 87 10 26 24 85 91 58 41 11 17 82 20 70 74 41 28 63 40 31 96 19 35 46 74 83 58 91 97 38 92 77 78 73 78 50 73 83 69 44 18 27 0 91 58 76 61
87 77 84 14 95 49 35 46 71 61 31 74 27 70 93 10 78 87 65 85 56 95 91 42 32 62 32 61 93 80 66 67 50 77 27 74 45 22 58 80 97 52 46 37 34 65 99 51 25 11 81 54 43 20 75 48 23 89 52 30 88 81 64 69 17 44 75 76 20 79 67 62 63 83 76 29 71 59 49 58 98 46 51 82 59 57 48 21 99 20 21 13 96 81 80 28 86 51 13 46 91 0 27 55 51
83 86 43 10 55 55 47 21 48 53 11 72 20 18 20 62 51 29 67 92 48 40 60 51 85 12 81 82 99 25 54 20 77 60 75 59 50 71 11 40 78 26 49 42 33 31 64 42 48 36 70 93 89 63 33 13 43 84 73 23 41 16 96 86 55 53 21 75 89 34 65 94 70 21 11 85 24 29 91 22 68 89 31 22 94 48 28 96 67 56 84 95 67 34 37 90 92 20 13 12 58 27 0 64 70
65 53 22 93 34 31 61 21 59 46 31 48 99 47 75 59 92 62 42 93 99 98 29 52 95 11 58 23 98 43 60 46 29 88 15 17 98 77 43 12 48 40 82 38 72 35 57 18 36 35 24 84 66 33 92 49 30 12 11 94 52 40 68 75 72 61 57 58 97 88 73 24 94 44 97 28 19 85 93 37 98 46 14 39 98 19 65 16 62 39 29 91 13 65 44 26 81 26 79 68 76 55 64 0 87
68 60 26 56 85 25 95 34 89 10 88 67 70 35 10 36 51 81 53 20 48 94 77 41 21 47 35 83 93 27 88 42 25 83 14 81 76 82 57 28 95 77 85 77 17 51 94 69 41 50 36 17 89 88 33 82 77 26 42 62 30 72 85 84 29 14 16 61 68 61 99 33 47 92 75 39 64 27 64 84 10 68 59 72 72 66 22 72 83 35 41 96 10 22 52 92 14 82 82 75 61 51 70 87 0