50
0 16 54 92 36 27 11 97 42 66 98 35 91 69 73 54 29 52 12 41 55 20 92 51 11 81 97 99 81 22 17 34 78 68 35 72 38 58 41 87 39 79 41 37 69 86 35 58 55 55
16 0 70 44 57 57 80 29 42 22 36 91 51 82 73 46 16 93 43 38 11 36 77 98 39 76 41 85 99 81 20 63 21 16 47 85 47 29 86 99 68 60 50 67 68 40 17 94 41 54
54 70 0 77 76 74 90 47 40 34 86 26 31 61 71 16 46 31 38 72 10 67 21 98 34 37 34 97 22 66 30 84 89 85 34 97 48 55 65 21 54 34 65 40 26 93 65 15 20 81
92 44 77 0 70 50 12 74 63 67 69 74 21 83 81 90 57 70 91 73 84 12 46 78 76 45 23 62 14 88 55 70 99 63 43 43 65 56 52 72 46 60 42 65 75 10 38 61 29 10
36 57 76 70 0 21 98 17 25 72 70 10 83 86 18 83 96 34 47 76 77 95 15 40 27 45 74 91 84 31 55 62 66 75 48 28 18 91 60 63 47 94 27 17 80 33 55 35 82 28
27 57 74 50 21 0 82 10 34 66 46 27 39 22 55 15 84 85 26 81 24 50 15 43 29 75 79 53 66 23 17 78 84 37 46 28 10 38 48 13 16 49 69 52 81 71 68 26 91 83
11 80 90 12 98 82 0 47 83 25 93 78 98 14 68 93 92 50 48 20 52 23 21 10 26 61 23 28 92 44 51 45 43 75 30 52 78 68 56 95 10 27 58 11 90 10 91 81 12 80
97 29 47 74 17 10 47 0 83 27 39 67 50 20 79 58 59 12 28 68 51 88 42 26 22 51 50 55 31 44 78 47 90 36 42 72 38 16 86 14 61 83 34 81 25 32 79 72 94 21
42 42 40 63 25 34 83 83 0 80 39 23 34 34 12 87 81 50 52 41 64 68 23 63 31 29 93 63 74 17 82 87 87 13 95 79 84 43 56 36 72 46 26 40 78 87 85 55 42 30
66 22 34 67 72 66 25 27 80 0 56 91 32 10 73 16 23 84 38 77 85 22 32 37 65 20 66 86 26 49 34 63 46 50 90 94 73 97 91 20 95 52 17 15 60 70 26 75 17 88
98 36 86 69 70 46 93 39 39 56 0 53 93 94 12 16 71 32 35 98 99 46 20 68 54 92 44 95 54 40 92 95 14 55 78 89 51 98 42 97 23 64 48 47 50 48 41 47 56 64
35 91 26 74 10 27 78 67 23 91 53 0 49 96 85 32 24 41 55 91 83 13 30 68 83 90 26 58 51 84 25 73 34 81 29 12 55 41 82 52 27 95 56 17 82 58 28 77 22 21
91 51 31 21 83 39 98 50 34 32 93 49 0 89 77 64 17 94 41 95 44 11 49 12 39 22 99 89 45 98 85 45 11 41 97 36 91 64 80 46 31 99 21 69 20 37 72 74 92 13
69 82 61 83 86 22 14 20 34 10 94 96 89 0 77 71 22 75 19 83 86 44 31 91 34 46 38 62 84 70 50 48 88 79 50 68 87 12 20 93 96 77 27 96 94 83 42 82 91 69
73 73 71 81 18 55 68 79 12 73 12 85 77 77 0 48 72 72 49 59 85 33 52 54 27 54 74 65 38 98 70 51 90 24 61 28 49 39 89 59 91 77 21 44 44 51 84 80 36 60
54 46 16 90 83 15 93 58 87 16 16 32 64 71 48 0 14 40 71 17 47 18 21 75 25 74 60 75 12 64 71 17 44 75 19 83 64 14 83 85 26 55 55 13 40 67 91 70 92 15
29 16 46 57 96 84 92 59 81 23 71 24 17 22 72 14 0 73 63 48 37 71 72 99 18 42 10 33 79 13 95 49 92 93 11 51 99 94 84 67 18 58 74 57 94 87 99 11 40 30
52 93 31 70 34 85 50 12 50 84 32 41 94 75 72 40 73 0 90 83 16 23 18 49 26 38 77 35 27 17 55 45 40 97 81 91 25 22 93 20 42 17 10 17 81 13 38 44 51 40
12 43 38 91 47 26 48 28 52 38 35 55 41 19 49 71 63 90 0 10 83 46 70 57 76 18 13 81 21 39 54 24 59 31 40 27 65 19 67 84 44 22 61 67 94 45 37 23 40 47
41 38 72 73 76 81 20 68 41 77 98 91 95 83 59 17 48 83 10 0 98 30 55 83 55 27 92 40 72 80 18 39 34 66 89 74 15 48 13 96 83 80 31 10 21 60 56 99 16 76
55 11 10 84 77 24 52 51 64 85 99 83 44 86 85 47 37 16 83 98 0 45 23 20 80 62 50 71 24 21 76 53 99 93 69 52 61 73 93 80 24 32 33 97 62 53 31 75 70 34
20 36 67 12 95 50 23 88 68 22 46 13 11 44 33 18 71 23 46 30 45 0 60 66 47 69 13 50 89 70 52 64 12 58 93 46 79 31 31 48 29 11 84 82 11 61 91 33 53 82
92 77 21 46 15 15 21 42 23 32 20 30 49 31 52 21 72 18 70 55 23 60 0 39 22 14 65 37 40 54 34 29 30 19 22 91 91 16 52 36 40 30 30 73 70 62 21 13 41 89
51 98 98 78 40 43 10 26 63 37 68 68 12 91 54 75 99 49 57 83 20 66 39 0 62 51 69 64 91 24 26 72 74 77 95 29 86 52 88 53 11 98 37 74 21 52 92 44 73 42
11 39 34 76 27 29 26 22 31 65 54 83 39 34 27 25 18 26 76 55 80 47 22 62 0 82 38 80 54 32 93 22 19 66 86 33 24 34 84 80 76 99 24 37 32 78 90 60 12 21
81 76 37 45 45 75 61 51 29 20 92 90 22 46 54 74 42 38 18 27 62 69 14 51 82 0 95 20 60 81 48 69 34 63 72 24 34 45 16 73 72 78 98 46 79 67 23 97 98 46
97 41 34 23 74 79 23 50 93 66 44 26 99 38 74 60 10 77 13 92 50 13 65 69 38 95 0 79 26 64 94 35 92 31 50 42 48 10 32 12 42 83 30 88 17 64 60 39 92 34
99 85 97 62 91 53 28 55 63 86 95 58 89 62 65 75 33 35 81 40 71 50 37 64 80 20 79 0 65 11 99 29 11 15 60 88 84 54 66 24 81 38 53 65 90 57 69 66 46 36
81 99 22 14 84 66 92 31 74 26 54 51 45 84 38 12 79 27 21 72 24 89 40 91 54 60 26 65 0 62 74 55 13 65 69 23 81 37 41 62 65 28 89 80 42 31 46 50 46 52
22 81 66 88 31 23 44 44 17 49 40 84 98 70 98 64 13 17 39 80 21 70 54 24 32 81 64 11 62 0 53 56 81 88 21 37 13 60 50 78 83 55 50 48 48 65 49 50 80 23
17 20 30 55 55 17 51 78 82 34 92 25 85 50 70 71 95 55 54 18 76 52 34 26 93 48 94 99 74 53 0 60 37 17 30 61 76 12 12 30 25 84 43 64 33 28 75 48 94 24
34 63 84 70 62 78 45 47 87 63 95 73 45 48 51 17 49 45 24 39 53 64 29 72 22 69 35 29 55 56 60 0 57 92 65 86 24 71 34 97 72 59 48 39 85 92 38 75 69 90
78 21 89 99 66 84 43 90 87 46 14 34 11 88 90 44 92 40 59 34 99 12 30 74 19 34 92 11 13 81 37 57 0 74 86 41 62 80 58 32 68 88 50 32 82 97 74 42 86 52
68 16 85 63 75 37 75 36 13 50 55 81 41 79 24 75 93 97 31 66 93 58 19 77 66 63 31 15 65 88 17 92 74 0 90 90 48 33 63 17 52 79 86 46 53 92 96 89 22 94
35 47 34 43 48 46 30 42 95 90 78 29 97 50 61 19 11 81 40 89 69 93 22 95 86 72 50 60 69 21 30 65 86 90 0 20 44 34 92 34 46 42 52 36 20 34 66 42 69 38
72 85 97 43 28 28 52 72 79 94 89 12 36 68 28 83 51 91 27 74 52 46 91 29 33 24 42 88 23 37 61 86 41 90 20 0 10 45 12 59 96 74 58 23 99 82 70 28 39 63
38 47 48 65 18 10 78 38 84 73 51 55 91 87 49 64 99 25 65 15 61 79 91 86 24 34 48 84 81 13 76 24 62 48 44 10 0 86 76 24 96 19 87 10 87 59 82 73 21 58
58 29 55 56 91 38 68 16 43 97 98 41 64 12 39 14 94 22 19 48 73 31 16 52 34 45 10 54 37 60 12 71 80 33 34 45 86 0 43 68 68 81 91 24 65 48 14 29 79 42
41 86 65 52 60 48 56 86 56 91 42 82 80 20 89 83 84 93 67 13 93 31 52 88 84 16 32 66 41 50 12 34 58 63 92 12 76 43 0 69 25 70 65 11 16 37 57 66 36 81
87 99 21 72 63 13 95 14 36 20 97 52 46 93 59 85 67 20 84 96 80 48 36 53 80 73 12 24 62 78 30 97 32 17 34 59 24 68 69 0 62 53 23 76 21 15 42 75 67 82
39 68 54 46 47 16 10 61 72 95 23 27 31 96 91 26 18 42 44 83 24 29 40 11 76 72 42 81 65 83 25 72 68 52 46 96 96 68 25 62 0 91 61 94 48 44 33 62 42 59
79 60 34 60 94 49 27 83 46 52 64 95 99 77 77 55 58 17 22 80 32 11 30 98 99 78 83 38 28 55 84 59 88 79 42 74 19 81 70 53 91 0 15 56 24 34 74 26 87 21
41 50 65 42 27 69 58 34 26 17 48 56 21 27 21 55 74 10 61 31 33 84 30 37 24 98 30 53 89 50 43 48 50 86 52 58 87 91 65 23 61 15 0 78 10 47 65 96 27 11
37 67 40 65 17 52 11 81 40 15 47 17 69 96 44 13 57 17 67 10 97 82 73 74 37 46 88 65 80 48 64 39 32 46 36 23 10 24 11 76 94 56 78 0 96 59 12 73 32 91
69 68 26 75 80 81 90 25 78 60 50 82 20 94 44 40 94 81 94 21 62 11 70 21 32 79 17 90 42 48 33 85 82 53 20 99 87 65 16 21 48 24 10 96 0 14 79 31 55 54
86 40 93 10 33 71 10 32 87 70 48 58 37 83 51 67 87 13 45 60 53 61 62 52 78 67 64 57 31 65 28 92 97 92 34 82 59 48 37 15 44 34 47 59 14 0 63 30 51 52
35 17 65 38 55 68 91 79 85 26 41 28 72 42 84 91 99 38 37 56 31 91 21 92 90 23 60 69 46 49 75 38 74 96 66 70 82 14 57 42 33 74 65 12 79 63 0 45 47 41
58 94 15 61 35 26 81 72 55 75 47 77 74 82 80 70 11 44 23 99 75 33 13 44 60 97 39 66 50 50 48 75 42 89 42 28 73 29 66 75 62 26 96 73 31 30 45 0 55 17
55 41 20 29 82 91 12 94 42 17 56 22 92 91 36 92 40 51 40 16 70 53 41 73 12 98 92 46 46 80 94 69 86 22 69 39 21 79 36 67 42 87 27 32 55 51 47 55 0 44
55 54 81 10 28 83 80 21 30 88 64 21 13 69 60 15 30 40 47 76 34 82 89 42 21 46 34 36 52 23 24 90 52 94 38 63 58 42 81 82 59 21 11 91 54 52 41 17 44 0