105
0 87 46 48 50 62 91 54 36 26 59 39 72 73 17 81 83 81 29 33 94 30 71 81 22 70 10 78 44 50 82 59 20 68 99 22 91 75 60 69 88 84 97 57 30 50 12 12 11 47 46 84 92 45 61 62 65 43 20 55 24 14 10 79 70 34 25 91 52 99 43 27 96 41 84 67 60 76 37 87 68 83 64 29 62 37 69 96 62 68 17 94 65 89 28 78 50 26 45 84 61 86 40 36 60
87 0 90 43 89 64 75 88 42 65 96 98 58 57 86 93 47 10 64 96 82 11 85 46 52 37 46 33 12 28 11 69 47 15 84 55 31 95 66 78 33 87 41 23 62 43 33 32 91 65 80 10 58 25 48 16 55 90 64 67 38 87 65 54 69 26 21 76 92 86 40 41 62 97 67 98 31 23 54 66 89 27 63 52 16 80 33 38 94 28 98 43 49 23 14 68 94 10 85 68 17 97 72 36 65
46 90 0 77 26 44 72 52 25 82 76 10 38 62 16 60 90 14 56 87 62 46 88 32 50 31 78 67 33 79 74 36 55 18 33 93 34 32 93 48 22 90 47 35 58 48 55 71 44 40 53 28 79 33 30 16 37 65 43 71 23 27 92 39 26 90 38 45 39 73 59 80 86 11 49 21 50 17 88 77 14 30 85 89 22 17 43 67 40 32 32 25 47 53 19 68 75 62 31 20 87 96 69 87 69
48 43 77 0 55 39 99 57 93 71 83 61 66 43 55 12 69 48 18 42 48 92 12 47 90 40 63 19 30 58 21 63 34 87 79 18 97 37 14 78 93 95 15 54 90 85 38 30 25 28 26 17 83 17 73 90 76 76 78 27 81 91 65 59 20 61 75 75 44 45 51 54 57 67 56 95 32 73 40 86 15 92 58 62 44 26 21 51 70 46 85 86 40 53 49 18 16 25 98 61 49 18 25 38 57
50 89 26 55 0 74 43 76 33 13 87 22 57 49 36 91 91 59 73 18 64 11 61 61 96 18 59 57 23 32 55 94 46 49 29 78 99 20 89 89 86 62 11 64 45 35 42 13 36 20 10 45 73 23 65 64 21 78 96 26 80 64 74 28 26 85 26 29 57 21 18 83 35 54 40 56 13 61 88 88 74 32 62 71 42 31 28 41 66 67 32 77 58 51 62 45 94 75 30 96 49 76 23 43 56
62 64 44 39 74 0 42 70 94 47 11 10 59 56 34 46 53 17 20 96 32 52 76 72 91 36 56 58 63 42 25 94 35 98 65 71 89 83 16 23 57 92 69 92 80 58 45 86 61 11 46 48 35 47 45 92 24 41 94 93 12 62 34 67 96 66 14 42 60 78 55 99 30 43 72 30 50 22 83 80 32 57 28 68 71 18 50 75 85 33 69 84 65 60 13 20 99 60 77 54 54 54 29 16 95
91 75 72 99 43 42 0 62 63 36 34 11 50 77 17 65 71 52 90 78 30 13 86 30 71 24 82 53 38 59 52 47 26 71 66 82 78 99 19 26 96 95 84 26 93 47 37 64 42 77 81 96 88 18 45 67 76 54 50 97 99 95 42 69 66 88 66 96 75 10 21 15 85 40 80 45 48 19 33 72 23 76 53 52 80 13 33 67 49 75 71 36 91 52 47 66 86 74 30 72 86 50 71 89 15
54 88 52 57 76 70 62 0 74 88 95 75 30 94 35 61 83 65 10 53 48 62 83 94 94 36 17 71 86 78 55 34 17 54 24 15 96 13 65 26 55 39 80 72 29 26 54 74 75 70 62 83 49 22 81 62 17 75 75 87 66 60 46 78 88 16 58 23 66 22 44 40 72 38 54 84 55 94 60 82 20 68 70 20 95 92 42 76 93 34 60 90 37 61 23 26 48 66 78 30 11 23 69 87 70
36 42 25 93 33 94 63 74 0 34 79 45 32 53 28 89 33 74 19 18 86 20 29 70 31 87 92 51 65 85 17 27 48 26 64 97 58 94 42 37 84 55 56 75 72 92 24 47 68 97 36 98 96 53 50 45 12 76 83 98 30 52 95 78 66 57 63 96 32 94 99 60 52 74 33 42 63 36 10 39 46 93 80 16 99 71 44 21 67 74 59 39 45 15 46 88 37 13 88 89 94 94 44 96 34
26 65 82 71 13 47 36 88 34 0 11 10 24 78 75 26 79 10 45 51 87 24 17 98 66 75 65 16 74 42 91 86 83 19 28 64 54 81 55 70 87 29 11 69 13 81 38 88 53 96 22 88 88 12 38 77 87 12 80 58 85 85 15 54 89 30 84 61 71 43 48 21 23 54 44 30 41 59 76 85 85 74 79 21 77 28 55 47 53 52 44 97 58 78 26 93 41 47 14 71 42 57 34 21 36
59 96 76 83 87 11 34 95 79 11 0 60 91 76 83 99 32 22 23 29 34 67 95 27 96 55 84 50 31 24 88 15 62 94 43 10 49 55 84 33 16 81 55 80 22 85 78 43 69 68 39 63 69 74 70 84 94 18 19 60 40 11 73 95 17 94 61 93 46 44 31 53 51 57 26 21 15 52 99 13 56 65 65 16 71 70 75 68 74 65 20 45 22 64 21 71 23 10 19 57 70 10 35 68 80
39 98 10 61 22 10 11 75 45 10 60 0 67 45 36 69 41 33 56 34 55 42 38 71 51 96 70 39 20 72 96 81 95 86 49 56 87 13 22 35 27 48 63 60 80 54 11 80 98 40 50 18 97 29 93 86 61 95 71 30 21 75 67 48 31 36 72 26 24 19 47 14 69 59 53 73 78 66 42 58 28 92 35 56 28 54 32 71 60 39 17 26 63 95 62 97 97 17 53 12 66 75 74 65 17
72 58 38 66 57 59 50 30 32 24 91 67 0 98 52 12 45 87 70 15 92 87 18 97 11 55 19 81 33 55 27 60 84 63 22 46 34 21 45 87 68 23 81 86 63 23 65 73 62 43 97 89 48 70 69 52 31 83 24 24 20 43 68 63 29 47 63 83 63 37 50 73 51 61 41 58 18 80 70 18 70 73 54 59 57 29 14 21 32 26 76 22 63 34 91 66 13 69 30 33 43 45 29 31 91
73 57 62 43 49 56 77 94 53 78 76 45 98 0 81 13 18 53 65 22 81 40 96 39 18 50 58 17 92 43 76 98 93 15 52 24 71 39 92 55 34 68 21 33 82 27 25 69 60 66 86 64 19 69 14 37 80 77 72 18 35 56 43 21 81 43 15 50 82 89 24 61 83 16 72 49 73 40 89 12 93 21 45 38 29 50 72 73 84 81 18 18 63 15 99 98 45 13 55 99 58 54 12 68 23
17 86 16 55 36 34 17 35 28 75 83 36 52 81 0 58 42 70 36 58 84 21 78 86 74 64 17 52 74 41 67 14 62 43 45 58 68 15 10 52 48 71 67 60 31 69 94 38 12 30 47 98 96 50 49 28 84 27 54 55 71 54 34 54 16 38 95 22 80 87 57 37 86 10 62 39 68 30 21 98 65 60 83 31 96 18 51 27 16 46 32 90 68 80 66 37 36 80 42 28 99 88 29 93 56
81 93 60 12 91 46 65 61 89 26 99 69 12 13 58 0 17 47 26 93 87 16 34 10 44 58 33 22 78 29 44 17 35 77 75 99 99 20 32 97 81 19 21 61 74 48 77 53 98 43 75 64 95 31 63 18 19 23 82 41 80 21 24 39 17 12 92 48 22 17 67 42 60 37 21 81 25 69 55 83 26 86 76 97 72 35 58 36 66 63 13 21 90 19 88 58 54 29 99 96 22 13 81 15 71
83 47 90 69 91 53 71 83 33 79 32 41 45 18 42 17 0 73 42 96 75 42 79 55 92 76 25 24 33 74 68 58 92 14 34 68 62 91 46 25 19 89 10 78 97 70 10 25 86 26 67 15 97 95 55 69 26 85 51 80 51 28 71 80 49 81 35 57 63 84 29 41 32 92 70 65 65 10 65 19 73 86 65 36 58 87 79 96 54 70 52 30 57 95 93 81 49 80 86 18 49 53 29 54 59
81 10 14 48 59 17 52 65 74 10 22 33 87 53 70 47 73 0 56 94 72 69 63 56 48 75 30 10 90 57 37 90 50 71 74 87 47 39 52 74 93 95 14 71 22 33 68 37 49 88 94 21 46 38 16 41 97 92 27 80 95 98 34 31 60 79 22 58 93 73 34 86 79 21 52 41 25 89 79 72 45 88 59 18 49 23 13 87 93 21 80 49 90 64 72 47 28 98 10 47 20 44 26 40 45
29 64 56 18 73 20 90 10 19 45 23 56 70 65 36 26 42 56 0 17 77 28 70 47 78 60 41 29 31 29 17 36 33 39 39 54 35 18 26 73 55 78 86 82 77 23 87 87 44 84 21 68 54 14 91 40 65 88 26 91 30 15 30 73 60 99 80 29 66 18 48 15 77 93 28 11 49 46 12 34 18 26 92 29 61 95 90 19 19 87 36 85 29 98 28 83 77 55 47 47 48 74 46 78 60
33 96 87 42 18 96 78 53 18 51 29 34 15 22 58 93 96 94 17 0 97 86 97 24 38 61 77 72 11 37 56 21 64 73 15 96 33 62 42 82 34 22 17 70 26 77 94 62 90 78 57 33 19 76 84 78 18 82 37 62 74 43 45 12 25 61 18 22 65 76 79 95 34 54 46 33 82 91 31 54 27 73 99 43 62 34 42 39 34 74 47 51 77 43 15 74 50 73 24 75 45 94 42 79 19
94 82 62 48 64 32 30 48 86 87 34 55 92 81 84 87 75 72 77 97 0 23 94 86 44 13 65 23 60 43 55 11 40 84 87 76 87 77 79 95 41 46 75 70 22 63 58 73 49 55 69 14 48 17 30 91 93 28 47 47 92 96 22 11 43 96 55 10 27 87 15 39 94 10 99 31 96 28 62 96 98 80 72 99 95 43 26 37 62 87 98 36 46 29 91 24 84 98 25 93 74 39 93 62 14
30 11 46 92 11 52 13 62 20 24 67 42 87 40 21 16 42 69 28 86 23 0 59 10 59 32 79 93 46 60 16 60 30 11 11 15 86 84 14 44 41 30 46 13 39 51 76 68 97 86 93 82 24 47 53 64 59 71 28 77 79 21 91 26 36 76 56 81 66 84 26 29 91 86 75 31 58 12 38 52 96 54 57 97 26 50 11 79 90 78 80 78 88 10 10 74 88 17 53 24 49 29 22 15 64
71 85 88 12 61 76 86 83 29 17 95 38 18 96 78 34 79 63 70 97 94 59 0 97 71 62 33 27 15 59 89 73 72 37 86 18 56 48 91 41 62 45 87 87 27 49 79 19 55 53 21 69 55 29 48 14 73 50 20 27 83 49 28 76 24 62 86 90 15 94 23 89 28 10 43 86 67 33 68 20 96 40 73 28 70 75 66 18 35 82 28 22 92 58 42 44 50 74 70 68 72 21 64 34 57
81 46 32 47 61 72 30 94 70 98 27 71 97 39 86 10 55 56 47 24 86 10 97 0 20 52 71 78 11 77 91 51 46 67 42 60 22 59 65 13 22 36 43 34 46 91 44 86 96 40 46 90 55 90 94 43 37 54 73 98 92 33 17 33 43 95 29 14 31 47 69 85 95 81 19 59 55 32 61 21 70 41 17 57 79 88 86 78 20 89 16 77 41 42 70 99 65 14 32 71 70 91 45 20 57
22 52 50 90 96 91 71 94 31 66 96 51 11 18 74 44 92 48 78 38 44 59 71 20 0 29 24 80 27 65 60 55 87 17 41 96 24 62 86 83 48 15 13 38 35 38 20 67 21 81 21 54 88 22 10 26 77 95 36 60 18 28 48 99 94 34 85 63 44 16 21 47 74 85 55 50 50 12 28 21 34 29 49 38 42 77 23 97 99 84 20 94 60 97 63 79 77 97 25 12 76 37 76 38 11
70 37 31 40 18 36 24 36 87 75 55 96 55 50 64 58 76 75 60 61 13 32 62 52 29 0 87 59 63 63 99 32 20 26 51 86 10 15 49 85 44 67 34 85 60 32 38 91 42 44 72 76 48 69 38 77 18 53 66 74 14 25 24 16 45 59 84 56 13 30 46 98 27 59 74 54 88 62 27 97 90 23 88 94 72 30 37 40 33 48 19 50 35 39 74 91 97 65 54 92 54 48 42 24 95
10 46 78 63 59 56 82 17 92 65 84 70 19 58 17 33 25 30 41 77 65 79 33 71 24 87 0 95 45 98 84 96 53 17 66 33 75 77 61 28 47 71 18 47 64 96 77 51 76 37 69 17 11 58 59 59 28 66 39 21 62 82 15 45 33 47 33 24 18 58 48 52 25 25 45 73 67 38 41 14 20 56 21 23 25 91 30 71 74 28 94 84 81 30 39 16 26 52 23 16 30 30 90 40 42
78 33 67 19 57 58 53 71 51 16 50 39 81 17 52 22 24 10 29 72 23 93 27 78 80 59 95 0 67 51 76 72 57 25 11 37 64 73 61 66 60 32 87 41 71 68 19 52 25 79 49 52 18 84 25 31 32 90 77 56 93 44 46 66 94 65 97 51 48 66 96 11 89 36 58 25 58 29 39 73 79 32 82 18 88 52 85 51 48 86 72 46 35 96 71 51 79 31 57 93 58 50 37 42 55
44 12 33 30 23 63 38 86 65 74 31 20 33 92 74 78 33 90 31 11 60 46 15 11 27 63 45 67 0 56 48 84 47 27 22 53 11 14 85 10 85 82 70 63 66 40 29 18 82 79 65 68 87 64 92 14 30 19 71 68 22 51 76 54 68 31 40 74 92 92 76 42 15 94 53 36 33 75 56 91 64 45 38 71 48 29 95 41 10 86 26 37 53 80 88 47 51 10 39 36 72 60 74 51 97
50 28 79 58 32 42 59 78 85 42 24 72 55 43 41 29 74 57 29 37 43 60 59 77 65 63 98 51 56 0 30 91 37 61 78 58 51 10 49 28 26 13 12 27 99 84 54 98 90 67 55 91 84 20 86 58 71 68 69 67 30 29 56 84 46 67 56 38 98 74 93 56 69 10 96 29 32 29 73 27 22 46 59 52 16 97 92 21 93 82 83 44 80 24 24 71 68 65 53 10 86 41 92 42 71
82 11 74 21 55 25 52 55 17 91 88 96 27 76 67 44 68 37 17 56 55 16 89 91 60 99 84 76 48 30 0 87 31 65 74 27 35 67 80 44 80 76 17 81 48 22 43 87 48 52 61 57 37 96 18 57 23 56 43 78 75 23 91 30 68 21 60 61 55 41 83 62 93 25 48 89 22 45 36 30 24 25 87 46 68 76 14 99 63 81 46 70 97 88 77 17 17 21 43 43 90 70 40 67 66
59 69 36 63 94 94 47 34 27 86 15 81 60 98 14 17 58 90 36 21 11 60 73 51 55 32 96 72 84 91 87 0 32 65 43 97 71 93 72 89 49 10 46 45 93 35 73 52 72 83 29 27 31 69 99 52 47 44 14 49 67 93 38 81 57 29 48 36 97 31 94 26 93 74 87 12 77 95 62 63 34 50 55 38 84 77 79 99 42 83 64 29 23 16 94 96 75 69 38 34 88 32 17 87 58
20 47 55 34 46 35 26 17 48 83 62 95 84 93 62 35 92 50 33 64 40 30 72 46 87 20 53 57 47 37 31 32 0 91 98 81 47 52 68 33 83 86 71 65 20 17 94 64 30 67 96 30 24 96 14 88 76 90 44 17 87 65 88 74 56 87 67 45 35 57 62 39 11 30 26 62 91 69 95 92 22 42 73 33 59 62 81 92 36 87 92 29 81 29 12 65 44 18 35 32 62 17 64 48 79
68 15 18 87 49 98 71 54 26 19 94 86 63 15 43 77 14 71 39 73 84 11 37 67 17 26 17 25 27 61 65 65 91 0 50 15 61 51 75 30 87 18 79 94 26 54 91 50 50 47 76 23 83 21 50 79 76 81 27 28 41 57 15 69 26 85 54 33 14 53 13 85 71 33 31 74 36 64 92 82 40 45 98 79 70 19 76 16 79 88 62 76 20 31 27 11 81 20 22 14 14 53 49 41 20
99 84 33 79 29 65 66 24 64 28 43 49 22 52 45 75 34 74 39 15 87 11 86 42 41 51 66 11 22 78 74 43 98 50 0 95 21 14 31 84 20 10 19 85 57 71 10 43 94 87 41 61 40 66 31 68 15 90 62 12 45 63 63 62 16 34 55 31 17 37 55 89 37 91 46 36 11 62 51 86 60 96 37 42 16 12 66 65 28 45 54 91 40 16 13 97 42 63 98 86 65 85 32 30 80
22 55 93 18 78 71 82 15 97 64 10 56 46 24 58 99 68 87 54 96 76 15 18 60 96 86 33 37 53 58 27 97 81 15 95 0 20 69 24 77 11 23 47 67 90 33 24 62 85 11 84 91 39 61 28 52 78 31 49 94 41 86 36 35 36 87 16 35 74 72 19 49 50 50 22 86 13 29 50 66 60 98 50 12 31 22 72 63 29 76 72 11 86 91 45 94 22 76 22 64 93 80 15 84 15
91 31 34 97 99 89 78 96 58 54 49 87 34 71 68 99 62 47 35 33 87 86 56 22 24 10 75 64 11 51 35 71 47 61 21 20 0 28 14 23 42 85 11 67 94 25 34 87 89 70 76 92 67 54 99 87 47 95 97 85 75 95 76 16 83 20 82 91 42 13 84 35 40 41 51 99 73 68 16 21 44 80 27 41 87 94 46 96 56 94 91 65 96 18 70 37 16 80 67 54 72 72 20 74 98
75 95 32 37 20 83 99 13 94 81 55 13 21 39 15 20 91 39 18 62 77 84 48 59 62 15 77 73 14 10 67 93 52 51 14 69 28 0 14 82 62 24 11 52 22 43 99 64 78 36 78 17 51 74 90 50 50 22 57 36 64 85 69 20 67 13 36 51 10 64 56 17 14 81 80 32 55 48 10 81 80 77 87 25 63 49 26 48 97 77 98 38 50 38 91 78 45 70 14 30 19 48 16 52 62
60 66 93 14 89 16 19 65 42 55 84 22 45 92 10 32 46 52 26 42 79 14 91 65 86 49 61 61 85 49 80 72 68 75 31 24 14 14 0 21 83 34 71 30 11 45 34 53 67 82 32 64 36 81 96 50 61 77 32 92 36 15 34 57 68 71 53 14 35 34 54 14 23 72 52 42 94 57 90 26 30 85 19 37 25 60 99 64 49 32 99 24 65 75 42 98 82 69 30 91 54 33 40 22 73
69 78 48 78 89 23 26 26 37 70 33 35 87 55 52 97 25 74 73 82 95 44 41 13 83 85 28 66 10 28 44 89 33 30 84 77 23 82 21 0 52 96 85 29 17 43 88 70 43 50 39 17 10 26 75 84 84 67 11 91 94 71 90 26 50 27 81 88 22 15 12 75 41 88 67 33 91 28 95 27 16 26 58 66 55 80 88 79 62 46 62 89 57 57 51 88 55 88 29 93 53 70 57 97 44
88 33 22 93 86 57 96 55 84 87 16 27 68 34 48 81 19 93 55 34 41 41 62 22 48 44 47 60 85 26 80 49 83 87 20 11 42 62 83 52 0 79 17 94 25 70 18 45 35 16 22 94 40 21 16 41 56 10 66 27 14 11 75 92 26 35 78 81 85 80 99 15 91 26 99 90 65 56 17 87 57 68 69 91 13 92 27 29 37 42 75 15 35 53 78 62 77 50 39 74 63 53 80 65 84
84 87 90 95 62 92 95 39 55 29 81 48 23 68 71 19 89 95 78 22 46 30 45 36 15 67 71 32 82 13 76 10 86 18 10 23 85 24 34 96 79 0 66 52 46 69 43 27 32 79 40 81 87 28 49 47 38 67 69 14 67 74 64 73 56 49 46 69 41 69 72 38 70 60 72 37 26 43 39 32 55 56 78 72 15 61 77 60 19 28 45 98 29 49 23 74 54 37 57 83 17 50 13 63 34
97 41 47 15 11 69 84 80 56 11 55 63 81 21 67 21 10 14 86 17 75 46 87 43 13 34 18 87 70 12 17 46 71 79 19 47 11 11 71 85 17 66 0 34 50 48 42 13 48 17 40 91 20 38 54 13 99 71 77 68 63 21 93 26 87 22 47 60 82 77 59 57 79 77 37 90 54 17 13 35 30 66 26 62 22 73 74 51 58 96 51 65 15 34 69 29 57 85 46 20 26 19 86 56 59
57 23 35 54 64 92 26 72 75 69 80 60 86 33 60 61 78 71 82 70 70 13 87 34 38 85 47 41 63 27 81 45 65 94 85 67 67 52 30 29 94 52 34 0 49 66 21 78 61 18 85 96 80 55 32 57 67 66 68 62 36 40 94 83 86 60 72 70 71 40 49 52 59 74 91 17 46 75 78 35 49 33 81 27 67 86 75 78 60 14 83 94 39 97 84 48 55 74 83 50 78 64 70 91 55
30 62 58 90 45 80 93 29 72 13 22 80 63 82 31 74 97 22 77 26 22 39 27 46 35 60 64 71 66 99 48 93 20 26 57 90 94 22 11 17 25 46 50 49 0 40 56 89 58 63 92 23 55 22 69 71 99 33 96 86 78 79 73 87 35 79 51 49 90 99 93 38 65 71 55 90 81 97 45 71 47 50 10 60 30 54 52 75 12 49 39 61 26 49 66 88 87 74 68 47 75 44 35 11 31
50 43 48 85 35 58 47 26 92 81 85 54 23 27 69 48 70 33 23 77 63 51 49 91 38 32 96 68 40 84 22 35 17 54 71 33 25 43 45 43 70 69 48 66 40 0 11 25 73 15 82 43 45 77 53 56 23 14 47 63 82 33 25 22 92 60 35 82 23 43 67 86 19 35 29 25 87 69 97 23 61 98 64 41 56 48 54 26 96 97 15 26 73 41 89 12 94 54 95 81 86 96 53 78 58
12 33 55 38 42 45 37 54 24 38 78 11 65 25 94 77 10 68 87 94 58 76 79 44 20 38 77 19 29 54 43 73 94 91 10 24 34 99 34 88 18 43 42 21 56 11 0 10 99 56 37 33 31 28 73 78 95 20 13 41 49 31 46 81 47 65 51 37 22 69 45 93 35 44 39 24 34 22 19 86 64 36 83 56 35 10 17 63 46 28 13 42 26 37 25 43 57 61 72 16 33 17 45 17 29
12 32 71 30 13 86 64 74 47 88 43 80 73 69 38 53 25 37 87 62 73 68 19 86 67 91 51 52 18 98 87 52 64 50 43 62 87 64 53 70 45 27 13 78 89 25 10 0 88 75 20 11 35 29 77 32 69 71 66 58 70 36 56 70 92 54 66 85 76 21 72 61 70 94 78 94 80 99 51 45 91 72 50 24 17 45 26 28 51 45 63 49 13 46 48 17 16 58 20 30 58 21 87 41 29
11 91 44 25 36 61 42 75 68 53 69 98 62 60 12 98 86 49 44 90 49 97 55 96 21 42 76 25 82 90 48 72 30 50 94 85 89 78 67 43 35 32 48 61 58 73 99 88 0 60 52 21 84 63 89 26 26 76 19 16 12 22 70 33 47 86 63 21 17 30 57 38 47 29 14 60 93 98 87 60 19 87 44 66 45 55 43 57 42 89 96 13 96 52 76 97 11 35 11 35 47 23 10 82 50
47 65 40 28 20 11 77 70 97 96 68 40 43 66 30 43 26 88 84 78 55 86 53 40 81 44 37 79 79 67 52 83 67 47 87 11 70 36 82 50 16 79 17 18 63 15 56 75 60 0 60 45 13 63 63 95 19 78 68 62 97 69 37 56 83 23 44 62 66 85 47 21 56 13 59 22 27 39 91 47 76 85 36 44 23 14 89 51 98 65 71 11 11 29 25 77 14 68 36 34 25 58 50 42 55
46 80 53 26 10 46 81 62 36 22 39 50 97 86 47 75 67 94 21 57 69 93 21 46 21 72 69 49 65 55 61 29 96 76 41 84 76 78 32 39 22 40 40 85 92 82 37 20 52 60 0 24 17 92 26 65 57 76 30 78 29 70 98 90 50 18 75 99 72 46 88 78 22 99 29 73 41 19 22 49 75 76 22 75 80 16 42 92 73 51 92 46 30 18 66 44 58 71 67 36 99 45 77 40 24
84 10 28 17 45 48 96 83 98 88 63 18 89 64 98 64 15 21 68 33 14 82 69 90 54 76 17 52 68 91 57 27 30 23 61 91 92 17 64 17 94 81 91 96 23 43 33 11 21 45 24 0 13 25 27 89 12 46 39 31 24 17 68 93 39 42 51 13 94 23 46 21 51 78 80 45 76 15 25 82 89 84 32 53 51 47 54 22 25 16 48 50 13 33 85 95 91 62 80 30 52 68 97 16 36
92 58 79 83 73 35 88 49 96 88 69 97 48 19 96 95 97 46 54 19 48 24 55 55 88 48 11 18 87 84 37 31 24 83 40 39 67 51 36 10 40 87 20 80 55 45 31 35 84 13 17 13 0 20 57 25 58 31 79 43 33 81 27 24 41 45 46 61 98 92 11 54 48 85 33 16 66 12 61 66 38 49 20 21 81 98 86 57 27 36 36 17 59 56 12 98 12 97 21 51 50 57 43 34 57
45 25 33 17 23 47 18 22 53 12 74 29 70 69 50 31 95 38 14 76 17 47 29 90 22 69 58 84 64 20 96 69 96 21 66 61 54 74 81 26 21 28 38 55 22 77 28 29 63 63 92 25 20 0 73 71 23 51 70 42 56 15 42 29 92 82 28 10 79 80 71 65 16 42 72 84 20 67 36 21 33 53 69 80 22 69 70 97 95 76 89 62 80 73 47 35 67 25 21 73 81 94 37 18 99
61 48 30 73 65 45 45 81 50 38 70 93 69 14 49 63 55 16 91 84 30 53 48 94 10 38 59 25 92 86 18 99 14 50 31 28 99 90 96 75 16 49 54 32 69 53 73 77 89 63 26 27 57 73 0 26 52 25 59 35 83 53 23 65 52 48 40 50 86 35 70 63 18 15 40 36 95 93 18 77 55 36 61 91 54 54 13 24 32 48 15 10 72 72 64 97 57 90 31 12 10 53 25 79 22
62 16 16 90 64 92 67 62 45 77 84 86 52 37 28 18 69 41 40 78 91 64 14 43 26 77 59 31 14 58 57 52 88 79 68 52 87 50 50 84 41 47 13 57 71 56 78 32 26 95 65 89 25 71 26 0 76 31 15 26 83 12 79 89 49 73 36 69 18 13 82 49 94 73 26 19 39 26 21 32 56 35 17 96 28 26 55 23 70 17 69 83 50 52 84 27 78 63 77 60 97 64 89 61 12
65 55 37 76 21 24 76 17 12 87 94 61 31 80 84 19 26 97 65 18 93 59 73 37 77 18 28 32 30 71 23 47 76 76 15 78 47 50 61 84 56 38 99 67 99 23 95 69 26 19 57 12 58 23 52 76 0 55 54 33 90 49 79 14 57 30 36 67 78 26 18 56 89 87 57 62 21 44 46 21 33 72 84 23 12 32 23 89 46 28 74 54 99 51 85 18 97 27 56 59 72 32 81 87 91
43 90 65 76 78 41 54 75 76 12 18 95 83 77 27 23 85 92 88 82 28 71 50 54 95 53 66 90 19 68 56 44 90 81 90 31 95 22 77 67 10 67 71 66 33 14 20 71 76 78 76 46 31 51 25 31 55 0 49 42 22 84 96 57 72 87 34 67 39 32 64 77 23 48 99 77 90 76 55 48 17 19 49 62 45 78 59 67 55 39 18 54 59 66 29 70 29 27 12 14 62 48 40 60 89
20 64 43 78 96 94 50 75 83 80 19 71 24 72 54 82 51 27 26 37 47 28 20 73 36 66 39 77 71 69 43 14 44 27 62 49 97 57 32 11 66 69 77 68 96 47 13 66 19 68 30 39 79 70 59 15 54 49 0 32 62 83 20 12 73 41 14 67 63 62 89 91 61 49 97 60 70 58 25 89 98 70 34 48 12 56 75 76 21 79 45 19 46 96 69 45 19 81 72 46 14 33 35 98 90
55 67 71 27 26 93 97 87 98 58 60 30 24 18 55 41 80 80 91 62 47 77 27 98 60 74 21 56 68 67 78 49 17 28 12 94 85 36 92 91 27 14 68 62 86 63 41 58 16 62 78 31 43 42 35 26 33 42 32 0 23 83 91 67 48 80 73 96 47 32 52 93 23 32 52 95 71 72 54 28 14 16 18 93 83 40 66 19 55 48 14 60 86 82 56 75 78 99 62 53 22 98 97 81 37
24 38 23 81 80 12 99 66 30 85 40 21 20 35 71 80 51 95 30 74 92 79 83 92 18 14 62 93 22 30 75 67 87 41 45 41 75 64 36 94 14 67 63 36 78 82 49 70 12 97 29 24 33 56 83 83 90 22 62 23 0 44 26 43 79 20 77 19 55 90 86 14 75 68 45 87 46 11 40 60 90 12 36 39 99 50 87 33 75 77 94 85 69 86 92 80 31 15 92 57 30 95 53 60 43
14 87 27 91 64 62 95 60 52 85 11 75 43 56 54 21 28 98 15 43 96 21 49 33 28 25 82 44 51 29 23 93 65 57 63 86 95 85 15 71 11 74 21 40 79 33 31 36 22 69 70 17 81 15 53 12 49 84 83 83 44 0 41 38 80 59 16 34 99 75 38 99 19 25 41 46 98 10 67 22 11 99 11 69 74 87 29 25 20 22 43 19 22 79 62 64 51 12 14 87 20 14 55 97 97
10 65 92 65 74 34 42 46 95 15 73 67 68 43 34 24 71 34 30 45 22 91 28 17 48 24 15 46 76 56 91 38 88 15 63 36 76 69 34 90 75 64 93 94 73 25 46 56 70 37 98 68 27 42 23 79 79 96 20 91 26 41 0 43 48 46 52 59 55 87 38 40 63 62 76 40 22 63 96 24 71 86 67 13 44 11 41 52 42 51 87 50 86 12 90 66 47 15 23 63 51 56 27 54 61
79 54 39 59 28 67 69 78 78 54 95 48 63 21 54 39 80 31 73 12 11 26 76 33 99 16 45 66 54 84 30 81 74 69 62 35 16 20 57 26 92 73 26 83 87 22 81 70 33 56 90 93 24 29 65 89 14 57 12 67 43 38 43 0 76 50 22 98 37 17 44 39 90 52 45 66 93 52 68 92 54 96 38 38 30 16 93 44 65 48 89 65 89 33 98 17 87 65 17 45 75 79 45 60 20
70 69 26 20 26 96 66 88 66 89 17 31 29 81 16 17 49 60 60 25 43 36 24 43 94 45 33 94 68 46 68 57 56 26 16 36 83 67 68 50 26 56 87 86 35 92 47 92 47 83 50 39 41 92 52 49 57 72 73 48 79 80 48 76 0 65 70 51 27 23 45 60 35 94 81 49 34 42 19 82 57 98 26 82 62 15 87 76 68 45 46 13 42 61 57 49 60 34 56 26 37 19 59 58 76
34 26 90 61 85 66 88 16 57 30 94 36 47 43 38 12 81 79 99 61 96 76 62 95 34 59 47 65 31 67 21 29 87 85 34 87 20 13 71 27 35 49 22 60 79 60 65 54 86 23 18 42 45 82 48 73 30 87 41 80 20 59 46 50 65 0 73 36 29 95 36 45 77 55 31 47 92 84 22 29 44 86 97 70 87 78 59 83 96 89 59 48 83 48 40 45 58 78 64 78 75 46 41 32 67
25 21 38 75 26 14 66 58 63 84 61 72 63 15 95 92 35 22 80 18 55 56 86 29 85 84 33 97 40 56 60 48 67 54 55 16 82 36 53 81 78 46 47 72 51 35 51 66 63 44 75 51 46 28 40 36 36 34 14 73 77 16 52 22 70 73 0 19 41 29 41 71 20 98 22 85 34 65 26 94 55 41 18 12 51 32 95 76 15 63 43 45 65 48 26 20 55 69 50 51 61 55 92 42 39
91 76 45 75 29 42 96 23 96 61 93 26 83 50 22 48 57 58 29 22 10 81 90 14 63 56 24 51 74 38 61 36 45 33 31 35 91 51 14 88 81 69 60 70 49 82 37 85 21 62 99 13 61 10 50 69 67 67 67 96 19 34 59 98 51 36 19 0 22 89 38 65 86 67 36 98 56 25 72 77 61 33 96 35 32 62 97 42 39 96 82 97 51 56 83 93 42 32 41 43 97 98 52 51 16
52 92 39 44 57 60 75 66 32 71 46 24 63 82 80 22 63 93 66 65 27 66 15 31 44 13 18 48 92 98 55 97 35 14 17 74 42 10 35 22 85 41 82 71 90 23 22 76 17 66 72 94 98 79 86 18 78 39 63 47 55 99 55 37 27 29 41 22 0 69 84 96 62 77 86 78 66 92 92 51 79 40 35 49 62 13 74 44 83 20 77 21 36 65 26 28 97 14 80 12 48 25 46 55 30
99 86 73 45 21 78 10 22 94 43 44 19 37 89 87 17 84 73 18 76 87 84 94 47 16 30 58 66 92 74 41 31 57 53 37 72 13 64 34 15 80 69 77 40 99 43 69 21 30 85 46 23 92 80 35 13 26 32 62 32 90 75 87 17 23 95 29 89 69 0 81 49 39 69 96 15 79 44 11 51 56 42 80 28 27 62 31 23 95 42 72 73 95 99 86 58 20 44 63 68 47 22 37 20 36
43 40 59 51 18 55 21 44 99 48 31 47 50 24 57 67 29 34 48 79 15 26 23 69 21 46 48 96 76 93 83 94 62 13 55 19 84 56 54 12 99 72 59 49 93 67 45 72 57 47 88 46 11 71 70 82 18 64 89 52 86 38 38 44 45 36 41 38 84 81 0 50 35 23 56 89 88 95 89 67 50 47 74 16 11 54 71 29 97 17 47 81 29 92 45 89 72 99 17 91 64 89 40 27 67
27 41 80 54 83 99 15 40 60 21 53 14 73 61 37 42 41 86 15 95 39 29 89 85 47 98 52 11 42 56 62 26 39 85 89 49 35 17 14 75 15 38 57 52 38 86 93 61 38 21 78 21 54 65 63 49 56 77 91 93 14 99 40 39 60 45 71 65 96 49 50 0 92 97 28 52 10 54 42 64 84 92 23 25 85 10 80 68 60 92 62 97 28 43 46 85 84 70 33 45 28 27 56 49 79
96 62 86 57 35 30 85 72 52 23 51 69 51 83 86 60 32 79 77 34 94 91 28 95 74 27 25 89 15 69 93 93 11 71 37 50 40 14 23 41 91 70 79 59 65 19 35 70 47 56 22 51 48 16 18 94 89 23 61 23 75 19 63 90 35 77 20 86 62 39 35 92 0 85 59 63 43 64 74 67 24 26 21 11 47 39 20 30 84 18 99 74 64 54 17 78 12 62 20 72 46 64 57 98 89
41 97 11 67 54 43 40 38 74 54 57 59 61 16 10 37 92 21 93 54 10 86 10 81 85 59 25 36 94 10 25 74 30 33 91 50 41 81 72 88 26 60 77 74 71 35 44 94 29 13 99 78 85 42 15 73 87 48 49 32 68 25 62 52 94 55 98 67 77 69 23 97 85 0 12 17 63 68 92 29 77 42 47 59 45 51 32 50 60 22 41 25 31 88 52 99 59 19 81 42 59 47 18 52 45
84 67 49 56 40 72 80 54 33 44 26 53 41 72 62 21 70 52 28 46 99 75 43 19 55 74 45 58 53 96 48 87 26 31 46 22 51 80 52 67 99 72 37 91 55 29 39 78 14 59 29 80 33 72 40 26 57 99 97 52 45 41 76 45 81 31 22 36 86 96 56 28 59 12 0 74 70 18 34 85 69 73 89 89 96 37 51 40 98 32 72 68 39 87 22 24 10 29 49 10 69 28 72 98 30
67 98 21 95 56 30 45 84 42 30 21 73 58 49 39 81 65 41 11 33 31 31 86 59 50 54 73 25 36 29 89 12 62 74 36 86 99 32 42 33 90 37 90 17 90 25 24 94 60 22 73 45 16 84 36 19 62 77 60 95 87 46 40 66 49 47 85 98 78 15 89 52 63 17 74 0 79 91 59 65 54 58 40 74 75 78 33 98 81 27 46 29 54 13 48 75 78 79 62 65 84 22 48 40 48
60 31 50 32 13 50 48 55 63 41 15 78 18 73 68 25 65 25 49 82 96 58 67 55 50 88 67 58 33 32 22 77 91 36 11 13 73 55 94 91 65 26 54 46 81 87 34 80 93 27 41 76 66 20 95 39 21 90 70 71 46 98 22 93 34 92 34 56 66 79 88 10 43 63 70 79 0 68 56 63 34 13 25 78 40 52 93 58 35 90 36 11 17 98 46 30 61 81 28 19 74 16 58 48 46
76 23 17 73 61 22 19 94 36 59 52 66 80 40 30 69 10 89 46 91 28 12 33 32 12 62 38 29 75 29 45 95 69 64 62 29 68 48 57 28 56 43 17 75 97 69 22 99 98 39 19 15 12 67 93 26 44 76 58 72 11 10 63 52 42 84 65 25 92 44 95 54 64 68 18 91 68 0 95 40 75 53 49 38 48 83 92 71 74 85 87 92 53 64 89 56 44 50 71 24 56 72 10 84 38
37 54 88 40 88 83 33 60 10 76 99 42 70 89 21 55 65 79 12 31 62 38 68 61 28 27 41 39 56 73 36 62 95 92 51 50 16 10 90 95 17 39 13 78 45 97 19 51 87 91 22 25 61 36 18 21 46 55 25 54 40 67 96 68 19 22 26 72 92 11 89 42 74 92 34 59 56 95 0 22 28 74 12 61 74 88 85 52 33 30 39 52 15 70 36 76 97 96 13 22 82 74 67 81 58
87 66 77 86 88 80 72 82 39 85 13 58 18 12 98 83 19 72 34 54 96 52 20 21 21 97 14 73 91 27 30 63 92 82 86 66 21 81 26 27 87 32 35 35 71 23 86 45 60 47 49 82 66 21 77 32 21 48 89 28 60 22 24 92 82 29 94 77 51 51 67 64 67 29 85 65 63 40 22 0 64 90 27 83 17 36 54 70 14 63 46 13 65 88 92 40 20 16 95 40 92 76 24 78 61
68 89 14 15 74 32 23 20 46 85 56 28 70 93 65 26 73 45 18 27 98 96 96 70 34 90 20 79 64 22 24 34 22 40 60 60 44 80 30 16 57 55 30 49 47 61 64 91 19 76 75 89 38 33 55 56 33 17 98 14 90 11 71 54 57 44 55 61 79 56 50 84 24 77 69 54 34 75 28 64 0 38 24 53 17 45 81 41 76 61 83 89 65 15 39 25 53 99 81 91 17 14 30 85 61
83 27 30 92 32 57 76 68 93 74 65 92 73 21 60 86 86 88 26 73 80 54 40 41 29 23 56 32 45 46 25 50 42 45 96 98 80 77 85 26 68 56 66 33 50 98 36 72 87 85 76 84 49 53 36 35 72 19 70 16 12 99 86 96 98 86 41 33 40 42 47 92 26 42 73 58 13 53 74 90 38 0 33 33 68 31 76 35 75 88 55 15 92 53 28 17 38 20 53 91 27 51 99 47 94
64 63 85 58 62 28 53 70 80 79 65 35 54 45 83 76 65 59 92 99 72 57 73 17 49 88 21 82 38 59 87 55 73 98 37 50 27 87 19 58 69 78 26 81 10 64 83 50 44 36 22 32 20 69 61 17 84 49 34 18 36 11 67 38 26 97 18 96 35 80 74 23 21 47 89 40 25 49 12 27 24 33 0 10 61 83 40 98 50 65 50 16 80 48 71 55 13 39 70 68 14 98 46 10 84
29 52 89 62 71 68 52 20 16 21 16 56 59 38 31 97 36 18 29 43 99 97 28 57 38 94 23 18 71 52 46 38 33 79 42 12 41 25 37 66 91 72 62 27 60 41 56 24 66 44 75 53 21 80 91 96 23 62 48 93 39 69 13 38 82 70 12 35 49 28 16 25 11 59 89 74 78 38 61 83 53 33 10 0 54 18 12 55 66 64 80 84 61 38 60 83 50 12 75 67 16 33 67 64 77
62 16 22 44 42 71 80 95 99 77 71 28 57 29 96 72 58 49 61 62 95 26 70 79 42 72 25 88 48 16 68 84 59 70 16 31 87 63 25 55 13 15 22 67 30 56 35 17 45 23 80 51 81 22 54 28 12 45 12 83 99 74 44 30 62 87 51 32 62 27 11 85 47 45 96 75 40 48 74 17 17 68 61 54 0 90 48 90 68 47 90 65 52 43 75 74 66 60 95 51 13 39 24 52 23
37 80 17 26 31 18 13 92 71 28 70 54 29 50 18 35 87 23 95 34 43 50 75 88 77 30 91 52 29 97 76 77 62 19 12 22 94 49 60 80 92 61 73 86 54 48 10 45 55 14 16 47 98 69 54 26 32 78 56 40 50 87 11 16 15 78 32 62 13 62 54 10 39 51 37 78 52 83 88 36 45 31 83 18 90 0 62 58 73 90 50 63 49 47 94 25 75 67 42 95 34 38 19 76 46
69 33 43 21 28 50 33 42 44 55 75 32 14 72 51 58 79 13 90 42 26 11 66 86 23 37 30 85 95 92 14 79 81 76 66 72 46 26 99 88 27 77 74 75 52 54 17 26 43 89 42 54 86 70 13 55 23 59 75 66 87 29 41 93 87 59 95 97 74 31 71 80 20 32 51 33 93 92 85 54 81 76 40 12 48 62 0 56 16 32 28 53 79 13 39 54 99 28 60 55 53 65 67 63 88
96 38 67 51 41 75 67 76 21 47 68 71 21 73 27 36 96 87 19 39 37 79 18 78 97 40 71 51 41 21 99 99 92 16 65 63 96 48 64 79 29 60 51 78 75 26 63 28 57 51 92 22 57 97 24 23 89 67 76 19 33 25 52 44 76 83 76 42 44 23 29 68 30 50 40 98 58 71 52 70 41 35 98 55 90 58 56 0 29 42 38 36 77 51 90 58 99 59 10 77 75 29 93 64 93
62 94 40 70 66 85 49 93 67 53 74 60 32 84 16 66 54 93 19 34 62 90 35 20 99 33 74 48 10 93 63 42 36 79 28 29 56 97 49 62 37 19 58 60 12 96 46 51 42 98 73 25 27 95 32 70 46 55 21 55 75 20 42 65 68 96 15 39 83 95 97 60 84 60 98 81 35 74 33 14 76 75 50 66 68 73 16 29 0 53 67 55 49 93 64 72 98 70 82 84 55 75 21 88 33
68 28 32 46 67 33 75 34 74 52 65 39 26 81 46 63 70 21 87 74 87 78 82 89 84 48 28 86 86 82 81 83 87 88 45 76 94 77 32 46 42 28 96 14 49 97 28 45 89 65 51 16 36 76 48 17 28 39 79 48 77 22 51 48 45 89 63 96 20 42 17 92 18 22 32 27 90 85 30 63 61 88 65 64 47 90 32 42 53 0 35 19 46 10 82 50 62 97 52 63 42 77 77 20 26
17 98 32 85 32 69 71 60 59 44 20 17 76 18 32 13 52 80 36 47 98 80 28 16 20 19 94 72 26 83 46 64 92 62 54 72 91 98 99 62 75 45 51 83 39 15 13 63 96 71 92 48 36 89 15 69 74 18 45 14 94 43 87 89 46 59 43 82 77 72 47 62 99 41 72 46 36 87 39 46 83 55 50 80 90 50 28 38 67 35 0 30 94 47 68 87 35 84 91 21 52 36 96 70 87
94 43 25 86 77 84 36 90 39 97 45 26 22 18 90 21 30 49 85 51 36 78 22 77 94 50 84 46 37 44 70 29 29 76 91 11 65 38 24 89 15 98 65 94 61 26 42 49 13 11 46 50 17 62 10 83 54 54 19 60 85 19 50 65 13 48 45 97 21 73 81 97 74 25 68 29 11 92 52 13 89 15 16 84 65 63 53 36 55 19 30 0 98 88 61 32 88 15 56 26 13 94 16 97 57
65 49 47 40 58 65 91 37 45 58 22 63 63 63 68 90 57 90 29 77 46 88 92 41 60 35 81 35 53 80 97 23 81 20 40 86 96 50 65 57 35 29 15 39 26 73 26 13 96 11 30 13 59 80 72 50 99 59 46 86 69 22 86 89 42 83 65 51 36 95 29 28 64 31 39 54 17 53 15 65 65 92 80 61 52 49 79 77 49 46 94 98 0 35 36 35 49 92 97 43 44 76 63 24 33
89 23 53 53 51 60 52 61 15 78 64 95 34 15 80 19 95 64 98 43 29 10 58 42 97 39 30 96 80 24 88 16 29 31 16 91 18 38 75 57 53 49 34 97 49 41 37 46 52 29 18 33 56 73 72 52 51 66 96 82 86 79 12 33 61 48 48 56 65 99 92 43 54 88 87 13 98 64 70 88 15 53 48 38 43 47 13 51 93 10 47 88 35 0 21 65 34 47 31 32 13 41 68 84 71
28 14 19 49 62 13 47 23 46 26 21 62 91 99 66 88 93 72 28 15 91 10 42 70 63 74 39 71 88 24 77 94 12 27 13 45 70 91 42 51 78 23 69 84 66 89 25 48 76 25 66 85 12 47 64 84 85 29 69 56 92 62 90 98 57 40 26 83 26 86 45 46 17 52 22 48 46 89 36 92 39 28 71 60 75 94 39 90 64 82 68 61 36 21 0 99 81 29 51 28 55 13 40 35 48
78 68 68 18 45 20 66 26 88 93 71 97 66 98 37 58 81 47 83 74 24 74 44 99 79 91 16 51 47 71 17 96 65 11 97 94 37 78 98 88 62 74 29 48 88 12 43 17 97 77 44 95 98 35 97 27 18 70 45 75 80 64 66 17 49 45 20 93 28 58 89 85 78 99 24 75 30 56 76 40 25 17 55 83 74 25 54 58 72 50 87 32 35 65 99 0 91 30 23 51 56 42 25 38 69
50 94 75 16 94 99 86 48 37 41 23 97 13 45 36 54 49 28 77 50 84 88 50 65 77 97 26 79 51 68 17 75 44 81 42 22 16 45 82 55 77 54 57 55 87 94 57 16 11 14 58 91 12 67 57 78 97 29 19 78 31 51 47 87 60 58 55 42 97 20 72 84 12 59 10 78 61 44 97 20 53 38 13 50 66 75 99 99 98 62 35 88 49 34 81 91 0 16 69 38 80 76 45 49 81
26 10 62 25 75 60 74 66 13 47 10 17 69 13 80 29 80 98 55 73 98 17 74 14 97 65 52 31 10 65 21 69 18 20 63 76 80 70 69 88 50 37 85 74 74 54 61 58 35 68 71 62 97 25 90 63 27 27 81 99 15 12 15 65 34 78 69 32 14 44 99 70 62 19 29 79 81 50 96 16 99 20 39 12 60 67 28 59 70 97 84 15 92 47 29 30 16 0 45 48 70 73 39 36 65
45 85 31 98 30 77 30 78 88 14 19 53 30 55 42 99 86 10 47 24 25 53 70 32 25 54 23 57 39 53 43 38 35 22 98 22 67 14 30 29 39 57 46 83 68 95 72 20 11 36 67 80 21 21 31 77 56 12 72 62 92 14 23 17 56 64 50 41 80 63 17 33 20 81 49 62 28 71 13 95 81 53 70 75 95 42 60 10 82 52 91 56 97 31 51 23 69 45 0 19 36 51 72 53 23
84 68 20 61 96 54 72 30 89 71 57 12 33 99 28 96 18 47 47 75 93 24 68 71 12 92 16 93 36 10 43 34 32 14 86 64 54 30 91 93 74 83 20 50 47 81 16 30 35 34 36 30 51 73 12 60 59 14 46 53 57 87 63 45 26 78 51 43 12 68 91 45 72 42 10 65 19 24 22 40 91 91 68 67 51 95 55 77 84 63 21 26 43 32 28 51 38 48 19 0 92 43 42 24 51
61 17 87 49 49 54 86 11 94 42 70 66 43 58 99 22 49 20 48 45 74 49 72 70 76 54 30 58 72 86 90 88 62 14 65 93 72 19 54 53 63 17 26 78 75 86 33 58 47 25 99 52 50 81 10 97 72 62 14 22 30 20 51 75 37 75 61 97 48 47 64 28 46 59 69 84 74 56 82 92 17 27 14 16 13 34 53 75 55 42 52 13 44 13 55 56 80 70 36 92 0 40 60 98 25
86 97 96 18 76 54 50 23 94 57 10 75 45 54 88 13 53 44 74 94 39 29 21 91 37 48 30 50 60 41 70 32 17 53 85 80 72 48 33 70 53 50 19 64 44 96 17 21 23 58 45 68 57 94 53 64 32 48 33 98 95 14 56 79 19 46 55 98 25 22 89 27 64 47 28 22 16 72 74 76 14 51 98 33 39 38 65 29 75 77 36 94 76 41 13 42 76 73 51 43 40 0 44 95 46
40 72 69 25 23 29 71 69 44 34 35 74 29 12 29 81 29 26 46 42 93 22 64 45 76 42 90 37 74 92 40 17 64 49 32 15 20 16 40 57 80 13 86 70 35 53 45 87 10 50 77 97 43 37 25 89 81 40 35 97 53 55 27 45 59 41 92 52 46 37 40 56 57 18 72 48 58 10 67 24 30 99 46 67 24 19 67 93 21 77 96 16 63 68 40 25 45 39 72 42 60 44 0 98 62
36 36 87 38 43 16 89 87 96 21 68 65 31 68 93 15 54 40 78 79 62 15 34 20 38 24 40 42 51 42 67 87 48 41 30 84 74 52 22 97 65 63 56 91 11 78 17 41 82 42 40 16 34 18 79 61 87 60 98 81 60 97 54 60 58 32 42 51 55 20 27 49 98 52 98 40 48 84 81 78 85 47 10 64 52 76 63 64 88 20 70 97 24 84 35 38 49 36 53 24 98 95 98 0 42
60 65 69 57 56 95 15 70 34 36 80 17 91 23 56 71 59 45 60 19 14 64 57 57 11 95 42 55 97 71 66 58 79 20 80 15 98 62 73 44 84 34 59 55 31 58 29 29 50 55 24 36 57 99 22 12 91 89 90 37 43 97 61 20 76 67 39 16 30 36 67 79 89 45 30 48 46 38 58 61 61 94 84 77 23 46 88 93 33 26 87 57 33 71 48 69 81 65 23 51 25 46 62 42 0