65
0 42 75 65 91 40 74 59 87 63 61 39 65 36 22 18 65 63 45 73 45 89 86 55 81 59 36 30 60 96 27 15 72 76 40 26 89 33 19 94 68 28 51 93 39 53 31 42 40 33 26 87 43 56 25 26 46 90 69 99 73 57 24 76 44
42 0 47 73 93 88 58 63 52 89 38 33 84 11 60 36 59 99 91 67 85 25 83 47 97 80 92 98 24 62 11 57 14 90 89 65 34 59 91 67 34 98 49 52 76 40 26 70 46 97 54 93 84 68 19 97 39 18 87 14 31 72 60 91 68
75 47 0 97 78 42 99 26 10 96 51 44 63 69 52 78 78 15 52 50 60 84 47 16 54 10 62 49 60 18 27 47 10 69 42 43 26 78 20 47 13 81 46 49 34 90 14 55 13 76 73 68 61 64 58 83 19 52 94 28 89 78 93 71 90
65 73 97 0 56 40 36 90 18 10 17 80 10 49 96 63 81 98 64 41 85 76 72 55 32 32 26 80 90 84 52 66 58 10 68 48 81 84 35 34 34 90 54 15 34 64 28 58 67 45 26 47 52 97 64 23 54 21 70 77 74 21 97 89 98
91 93 78 56 0 64 42 32 54 58 54 60 88 33 41 70 77 91 12 12 83 21 59 14 40 12 86 16 72 83 63 70 32 75 27 36 32 23 27 47 13 73 78 23 65 74 65 66 27 74 97 80 29 18 95 86 96 93 99 87 76 44 68 98 71
40 88 42 40 64 0 50 82 52 71 47 22 36 37 49 11 33 39 68 52 75 44 99 73 49 63 76 55 10 42 38 90 56 26 46 92 43 25 23 69 25 50 60 87 78 83 94 47 21 40 51 45 52 99 39 69 60 50 81 22 61 58 26 91 23
74 58 99 36 42 50 0 68 56 18 73 80 95 79 46 83 93 79 60 64 15 11 28 49 76 17 19 68 85 23 52 31 15 68 32 92 78 65 20 39 59 73 32 87 70 72 27 66 74 31 70 62 34 92 28 79 15 77 79 47 97 25 98 50 93
59 63 26 90 32 82 68 0 63 39 54 45 51 28 19 94 47 69 19 22 31 24 18 33 32 96 66 62 33 37 92 51 68 33 40 21 61 46 44 12 63 22 85 14 69 71 11 39 62 78 87 57 38 72 66 72 11 64 23 81 20 43 60 75 98
87 52 10 18 54 52 56 63 0 35 42 97 19 15 34 10 71 17 19 50 26 45 16 11 14 48 53 77 62 77 53 51 20 60 62 65 40 64 84 76 78 97 58 48 93 34 18 36 65 21 45 92 99 62 14 30 31 37 62 11 13 51 35 26 29
63 89 96 10 58 71 18 39 35 0 12 46 95 87 13 69 51 79 96 50 68 77 29 20 71 85 35 46 95 37 73 61 32 32 68 24 77 17 79 87 30 91 10 47 38 70 11 62 54 37 48 48 66 79 39 46 44 60 15 99 74 51 24 47 73
61 38 51 17 54 47 73 54 42 12 0 45 65 54 44 15 82 59 53 40 85 32 57 65 88 13 32 45 97 70 60 59 73 61 45 47 75 51 52 48 94 36 37 60 38 77 60 78 13 30 72 96 61 23 94 83 85 80 82 24 37 86 83 64 37
39 33 44 80 60 22 80 45 97 46 45 0 20 56 25 66 55 44 34 78 78 12 27 89 97 54 62 88 21 45 36 99 67 37 50 94 66 38 13 30 85 55 75 80 97 74 14 90 71 18 48 29 31 64 41 69 49 51 65 53 77 18 22 44 29
65 84 63 10 88 36 95 51 19 95 65 20 0 79 82 93 14 22 24 11 31 29 57 40 38 17 45 33 11 22 77 27 74 49 28 58 82 47 62 71 98 56 91 26 41 54 29 79 78 52 54 12 23 70 48 86 67 88 67 19 75 82 10 47 28
36 11 69 49 33 37 79 28 15 87 54 56 79 0 46 10 94 81 34 24 60 36 72 47 35 37 30 69 60 32 83 78 88 95 84 51 57 29 96 95 25 66 19 57 32 60 44 73 51 22 36 26 66 57 24 23 17 45 66 22 45 98 39 36 33
22 60 52 96 41 49 46 19 34 13 44 25 82 46 0 67 30 94 34 88 34 57 89 77 14 71 85 41 19 87 73 65 85 50 31 94 57 51 86 93 41 13 90 47 50 57 75 20 12 26 83 28 86 19 96 84 50 14 38 86 96 69 18 75 24
18 36 78 63 70 11 83 94 10 69 15 66 93 10 67 0 50 87 12 18 46 94 60 39 63 89 74 29 18 75 13 69 29 18 59 19 95 91 85 86 33 27 59 74 93 67 57 18 41 86 80 68 18 47 94 88 73 66 42 13 18 43 56 61 43
65 59 78 81 77 33 93 47 71 51 82 55 14 94 30 50 0 70 42 65 85 38 60 25 51 78 29 50 30 37 17 80 49 14 16 89 55 77 86 88 43 66 84 74 84 89 10 16 29 69 36 82 89 23 91 53 11 50 17 39 27 65 67 36 53
63 99 15 98 91 39 79 69 17 79 59 44 22 81 94 87 70 0 30 28 75 83 89 41 33 29 66 48 14 20 20 19 35 25 20 45 68 91 54 79 71 86 60 27 81 91 22 31 71 28 91 22 81 40 54 78 87 81 58 65 56 79 85 27 61
45 91 52 64 12 68 60 19 19 96 53 34 24 34 34 12 42 30 0 48 76 88 21 74 26 74 99 53 96 20 99 49 78 36 81 67 14 58 74 16 69 80 25 27 95 46 42 12 61 29 84 95 83 27 77 88 89 72 48 56 38 45 67 44 80
73 67 50 41 12 52 64 22 50 50 40 78 11 24 88 18 65 28 48 0 82 33 37 39 28 62 29 92 43 27 77 49 91 90 95 22 80 80 77 55 74 37 71 93 17 59 57 85 12 28 94 47 86 64 25 67 67 64 86 26 51 67 22 61 97
45 85 60 85 83 75 15 31 26 68 85 78 31 60 34 46 85 75 76 82 0 63 20 69 78 79 62 62 80 84 59 66 75 18 37 64 64 54 32 20 99 44 19 88 60 14 15 49 63 57 26 46 52 14 25 76 60 78 74 20 96 83 68 41 81
89 25 84 76 21 44 11 24 45 77 32 12 29 36 57 94 38 83 88 33 63 0 67 26 23 91 45 13 18 46 83 70 82 19 37 25 12 10 10 20 73 23 95 71 37 46 21 89 73 44 24 84 50 50 18 29 70 54 18 86 35 81 43 84 11
86 83 47 72 59 99 28 18 16 29 57 27 57 72 89 60 60 89 21 37 20 67 0 95 96 17 63 24 23 41 42 51 84 86 35 90 53 36 45 37 52 58 64 41 50 69 22 41 23 23 92 20 98 88 43 49 96 21 59 20 84 75 23 89 80
55 47 16 55 14 73 49 33 11 20 65 89 40 47 77 39 25 41 74 39 69 26 95 0 30 28 93 29 88 59 85 94 66 91 50 13 76 12 57 81 54 81 18 17 32 53 30 43 45 12 71 85 56 63 73 77 22 18 19 81 48 79 10 75 39
81 97 54 32 40 49 76 32 14 71 88 97 38 35 14 63 51 33 26 28 78 23 96 30 0 23 48 26 65 30 68 75 46 81 16 88 59 55 32 49 11 76 20 61 83 70 54 84 94 53 80 52 13 66 97 42 76 62 59 17 85 53 92 39 74
59 80 10 32 12 63 17 96 48 85 13 54 17 37 71 89 78 29 74 62 79 91 17 28 23 0 12 85 76 93 75 43 31 71 92 88 17 10 46 11 58 78 21 10 44 24 66 57 19 40 47 17 40 66 83 93 96 53 14 67 71 85 45 19 78
36 92 62 26 86 76 19 66 53 35 32 62 45 30 85 74 29 66 99 29 62 45 63 93 48 12 0 98 79 31 86 36 38 70 67 28 92 83 17 39 70 49 82 84 54 32 16 29 89 16 86 81 84 35 93 35 31 79 65 68 87 15 30 41 45
30 98 49 80 16 55 68 62 77 46 45 88 33 69 41 29 50 48 53 92 62 13 24 29 26 85 98 0 10 49 71 32 96 17 80 80 47 31 27 98 99 14 97 18 63 58 19 30 69 20 18 27 27 93 75 21 21 69 65 36 84 46 91 21 76
60 24 60 90 72 10 85 33 62 95 97 21 11 60 19 18 30 14 96 43 80 18 23 88 65 76 79 10 0 60 14 46 17 36 52 21 65 61 77 75 79 38 96 89 36 26 50 14 43 36 47 13 83 89 30 71 72 22 21 73 79 45 78 79 57
96 62 18 84 83 42 23 37 77 37 70 45 22 32 87 75 37 20 20 27 84 46 41 59 30 93 31 49 60 0 34 47 20 86 49 98 65 33 75 16 43 72 56 58 91 89 72 98 17 66 54 79 41 14 58 29 49 83 99 38 81 75 24 40 30
27 11 27 52 63 38 52 92 53 73 60 36 77 83 73 13 17 20 99 77 59 83 42 85 68 75 86 71 14 34 0 36 84 88 42 42 91 11 13 23 92 23 13 75 70 13 54 41 25 22 98 66 85 52 25 13 33 72 78 27 97 61 73 47 45
15 57 47 66 70 90 31 51 51 61 59 99 27 78 65 69 80 19 49 49 66 70 51 94 75 43 36 32 46 47 36 0 77 68 51 27 14 51 19 66 48 79 99 77 40 74 62 46 63 64 81 83 93 92 58 68 70 25 15 91 24 40 92 80 86
72 14 10 58 32 56 15 68 20 32 73 67 74 88 85 29 49 35 78 91 75 82 84 66 46 31 38 96 17 20 84 77 0 24 40 66 87 20 54 71 56 25 91 47 10 93 57 46 13 45 95 69 57 78 77 83 71 50 24 87 45 82 36 12 12
76 90 69 10 75 26 68 33 60 32 61 37 49 95 50 18 14 25 36 90 18 19 86 91 81 71 70 17 36 86 88 68 24 0 65 32 27 90 21 34 51 59 22 42 88 82 82 43 20 47 74 63 42 53 54 21 69 50 50 15 23 49 22 53 94
40 89 42 68 27 46 32 40 62 68 45 50 28 84 31 59 16 20 81 95 37 37 35 50 16 92 67 80 52 49 42 51 40 65 0 60 42 14 11 63 64 71 16 55 42 50 81 29 72 84 66 74 72 89 57 43 23 59 72 52 11 84 76 31 91
26 65 43 48 36 92 92 21 65 24 47 94 58 51 94 19 89 45 67 22 64 25 90 13 88 88 28 80 21 98 42 27 66 32 60 0 64 93 14 76 68 82 10 80 28 31 29 32 43 86 55 78 35 47 41 93 84 43 22 60 29 30 68 68 10
89 34 26 81 32 43 78 61 40 77 75 66 82 57 57 95 55 68 14 80 64 12 53 76 59 17 92 47 65 65 91 14 87 27 42 64 0 24 35 83 80 44 68 39 50 23 11 15 66 17 36 31 70 90 77 56 74 94 48 95 77 62 35 21 29
33 59 78 84 23 25 65 46 64 17 51 38 47 29 51 91 77 91 58 80 54 10 36 12 55 10 83 31 61 33 11 51 20 90 14 93 24 0 49 27 36 71 69 76 81 82 20 20 28 25 69 27 46 78 56 44 76 45 78 11 39 48 31 20 75
19 91 20 35 27 23 20 44 84 79 52 13 62 96 86 85 86 54 74 77 32 10 45 57 32 46 17 27 77 75 13 19 54 21 11 14 35 49 0 58 17 34 51 59 61 71 62 27 99 94 55 35 64 67 21 74 13 84 98 72 63 51 53 10 80
94 67 47 34 47 69 39 12 76 87 48 30 71 95 93 86 88 79 16 55 20 20 37 81 49 11 39 98 75 16 23 66 71 34 63 76 83 27 58 0 17 55 37 54 54 52 25 32 49 32 18 85 91 32 50 61 60 72 35 18 42 42 96 15 55
68 34 13 34 13 25 59 63 78 30 94 85 98 25 41 33 43 71 69 74 99 73 52 54 11 58 70 99 79 43 92 48 56 51 64 68 80 36 17 17 0 84 88 21 62 81 80 33 40 46 83 81 94 85 62 47 23 14 44 28 93 19 50 38 30
28 98 81 90 73 50 73 22 97 91 36 55 56 66 13 27 66 86 80 37 44 23 58 81 76 78 49 14 38 72 23 79 25 59 71 82 44 71 34 55 84 0 29 37 89 15 30 81 89 62 29 63 90 33 95 47 11 47 16 94 35 73 73 59 38
51 49 46 54 78 60 32 85 58 10 37 75 91 19 90 59 84 60 25 71 19 95 64 18 20 21 82 97 96 56 13 99 91 22 16 10 68 69 51 37 88 29 0 83 49 72 77 35 43 37 81 19 36 19 52 51 10 91 83 10 41 58 27 43 66
93 52 49 15 23 87 87 14 48 47 60 80 26 57 47 74 74 27 27 93 88 71 41 17 61 10 84 18 89 58 75 77 47 42 55 80 39 76 59 54 21 37 83 0 76 25 65 63 24 25 86 15 80 42 25 82 87 60 57 96 76 18 57 22 23
39 76 34 34 65 78 70 69 93 38 38 97 41 32 50 93 84 81 95 17 60 37 50 32 83 44 54 63 36 91 70 40 10 88 42 28 50 81 61 54 62 89 49 76 0 53 33 91 59 50 76 51 38 32 67 62 56 39 98 86 13 54 33 55 87
53 40 90 64 74 83 72 71 34 70 77 74 54 60 57 67 89 91 46 59 14 46 69 53 70 24 32 58 26 89 13 74 93 82 50 31 23 82 71 52 81 15 72 25 53 0 99 47 62 15 69 75 81 39 46 32 15 71 59 44 98 53 39 91 55
31 26 14 28 65 94 27 11 18 11 60 14 29 44 75 57 10 22 42 57 15 21 22 30 54 66 16 19 50 72 54 62 57 82 81 29 11 20 62 25 80 30 77 65 33 99 0 94 60 75 54 86 30 82 17 60 79 15 88 62 74 53 64 17 23
42 70 55 58 66 47 66 39 36 62 78 90 79 73 20 18 16 31 12 85 49 89 41 43 84 57 29 30 14 98 41 46 46 43 29 32 15 20 27 32 33 81 35 63 91 47 94 0 65 81 29 24 30 99 47 99 35 51 94 59 25 41 22 63 47
40 46 13 67 27 21 74 62 65 54 13 71 78 51 12 41 29 71 61 12 63 73 23 45 94 19 89 69 43 17 25 63 13 20 72 43 66 28 99 49 40 89 43 24 59 62 60 65 0 18 26 14 83 10 50 65 71 85 25 63 73 49 69 93 46
33 97 76 45 74 40 31 78 21 37 30 18 52 22 26 86 69 28 29 28 57 44 23 12 53 40 16 20 36 66 22 64 45 47 84 86 17 25 94 32 46 62 37 25 50 15 75 81 18 0 88 48 39 70 72 36 26 30 25 63 55 77 90 65 98
26 54 73 26 97 51 70 87 45 48 72 48 54 36 83 80 36 91 84 94 26 24 92 71 80 47 86 18 47 54 98 81 95 74 66 55 36 69 55 18 83 29 81 86 76 69 54 29 26 88 0 88 42 34 79 19 79 44 34 21 66 21 35 68 10
87 93 68 47 80 45 62 57 92 48 96 29 12 26 28 68 82 22 95 47 46 84 20 85 52 17 81 27 13 79 66 83 69 63 74 78 31 27 35 85 81 63 19 15 51 75 86 24 14 48 88 0 49 69 27 81 91 98 75 32 22 13 61 68 43
43 84 61 52 29 52 34 38 99 66 61 31 23 66 86 18 89 81 83 86 52 50 98 56 13 40 84 27 83 41 85 93 57 42 72 35 70 46 64 91 94 90 36 80 38 81 30 30 83 39 42 49 0 13 27 76 98 71 36 26 58 49 36 27 41
56 68 64 97 18 99 92 72 62 79 23 64 70 57 19 47 23 40 27 64 14 50 88 63 66 66 35 93 89 14 52 92 78 53 89 47 90 78 67 32 85 33 19 42 32 39 82 99 10 70 34 69 13 0 46 12 60 57 93 43 20 29 27 54 55
25 19 58 64 95 39 28 66 14 39 94 41 48 24 96 94 91 54 77 25 25 18 43 73 97 83 93 75 30 58 25 58 77 54 57 41 77 56 21 50 62 95 52 25 67 46 17 47 50 72 79 27 27 46 0 14 23 19 16 67 37 22 73 64 63
26 97 83 23 86 69 79 72 30 46 83 69 86 23 84 88 53 78 88 67 76 29 49 77 42 93 35 21 71 29 13 68 83 21 43 93 56 44 74 61 47 47 51 82 62 32 60 99 65 36 19 81 76 12 14 0 43 31 92 30 95 91 60 18 31
46 39 19 54 96 60 15 11 31 44 85 49 67 17 50 73 11 87 89 67 60 70 96 22 76 96 31 21 72 49 33 70 71 69 23 84 74 76 13 60 23 11 10 87 56 15 79 35 71 26 79 91 98 60 23 43 0 25 43 71 93 22 61 49 10
90 18 52 21 93 50 77 64 37 60 80 51 88 45 14 66 50 81 72 64 78 54 21 18 62 53 79 69 22 83 72 25 50 50 59 43 94 45 84 72 14 47 91 60 39 71 15 51 85 30 44 98 71 57 19 31 25 0 41 70 59 94 19 23 86
69 87 94 70 99 81 79 23 62 15 82 65 67 66 38 42 17 58 48 86 74 18 59 19 59 14 65 65 21 99 78 15 24 50 72 22 48 78 98 35 44 16 83 57 98 59 88 94 25 25 34 75 36 93 16 92 43 41 0 62 62 94 71 91 17
99 14 28 77 87 22 47 81 11 99 24 53 19 22 86 13 39 65 56 26 20 86 20 81 17 67 68 36 73 38 27 91 87 15 52 60 95 11 72 18 28 94 10 96 86 44 62 59 63 63 21 32 26 43 67 30 71 70 62 0 91 34 93 95 22
73 31 89 74 76 61 97 20 13 74 37 77 75 45 96 18 27 56 38 51 96 35 84 48 85 71 87 84 79 81 97 24 45 23 11 29 77 39 63 42 93 35 41 76 13 98 74 25 73 55 66 22 58 20 37 95 93 59 62 91 0 37 34 34 63
57 72 78 21 44 58 25 43 51 51 86 18 82 98 69 43 65 79 45 67 83 81 75 79 53 85 15 46 45 75 61 40 82 49 84 30 62 48 51 42 19 73 58 18 54 53 53 41 49 77 21 13 49 29 22 91 22 94 94 34 37 0 72 97 98
24 60 93 97 68 26 98 60 35 24 83 22 10 39 18 56 67 85 67 22 68 43 23 10 92 45 30 91 78 24 73 92 36 22 76 68 35 31 53 96 50 73 27 57 33 39 64 22 69 90 35 61 36 27 73 60 61 19 71 93 34 72 0 37 68
76 91 71 89 98 91 50 75 26 47 64 44 47 36 75 61 36 27 44 61 41 84 89 75 39 19 41 21 79 40 47 80 12 53 31 68 21 20 10 15 38 59 43 22 55 91 17 63 93 65 68 68 27 54 64 18 49 23 91 95 34 97 37 0 58
44 68 90 98 71 23 93 98 29 73 37 29 28 33 24 43 53 61 80 97 81 11 80 39 74 78 45 76 57 30 45 86 12 94 91 10 29 75 80 55 30 38 66 23 87 55 23 47 46 98 10 43 41 55 63 31 10 86 17 22 63 98 68 58 0