40
0 50 22 58 40 51 93 39 45 10 12 45 63 19 35 89 95 62 97 34 16 86 31 80 77 37 89 35 24 53 19 84 92 32 95 97 38 69 64 77
50 0 67 87 99 11 53 62 68 57 55 12 20 66 51 21 38 77 91 46 76 27 64 64 65 68 26 43 67 49 13 97 10 24 11 82 72 82 25 67
22 67 0 17 72 93 69 90 49 75 80 99 27 11 35 97 73 16 72 18 91 63 13 23 47 52 56 59 16 80 56 67 63 43 59 27 26 35 56 70
58 87 17 0 96 75 49 62 62 99 26 70 15 25 21 31 87 43 46 33 93 38 84 44 24 67 64 85 11 96 28 36 41 88 64 97 86 80 72 54
40 99 72 96 0 69 87 26 63 63 31 84 24 66 69 10 67 26 26 98 62 12 58 18 62 26 72 36 87 99 37 69 81 34 96 14 82 19 96 72
51 11 93 75 69 0 58 48 37 59 69 23 55 40 56 72 15 71 45 55 66 36 17 54 50 71 43 62 68 12 45 79 46 77 19 64 76 25 43 83
93 53 69 49 87 58 0 59 80 12 72 69 16 63 71 82 50 45 48 31 62 24 18 46 73 19 45 19 23 65 16 79 10 64 74 60 67 25 29 14
39 62 90 62 26 48 59 0 80 73 95 78 65 10 45 10 92 38 48 15 22 46 38 76 37 59 78 32 53 97 45 15 97 73 57 60 25 46 80 39
45 68 49 62 63 37 80 80 0 65 10 31 31 96 15 68 47 45 82 58 33 60 80 35 64 86 92 76 41 39 71 51 44 80 84 96 66 25 80 61
10 57 75 99 63 59 12 73 65 0 81 67 11 33 15 40 20 70 15 84 79 33 30 19 99 19 84 41 12 93 87 73 54 19 86 69 19 43 62 69
12 55 80 26 31 69 72 95 10 81 0 78 12 67 25 56 74 94 72 69 11 79 59 61 70 91 91 71 99 69 39 21 96 17 46 58 62 57 12 76
45 12 99 70 84 23 69 78 31 67 78 0 32 34 47 44 33 21 73 79 15 16 49 94 96 64 44 31 24 15 24 36 60 65 92 36 66 31 14 90
63 20 27 15 24 55 16 65 31 11 12 32 0 48 21 36 34 13 69 55 52 94 34 86 96 73 38 43 66 20 83 86 71 22 53 28 14 69 40 95
19 66 11 25 66 40 63 10 96 33 67 34 48 0 35 24 61 35 99 69 30 96 79 22 72 94 57 75 61 40 22 15 48 78 80 11 92 91 31 31
35 51 35 21 69 56 71 45 15 15 25 47 21 35 0 31 47 62 49 59 73 70 41 32 77 17 21 29 75 91 46 42 79 53 48 63 96 13 96 28
89 21 97 31 10 72 82 10 68 40 56 44 36 24 31 0 57 93 32 30 99 17 88 66 68 69 29 54 64 87 84 42 87 55 39 18 16 28 12 49
95 38 73 87 67 15 50 92 47 20 74 33 34 61 47 57 0 17 43 98 83 92 26 56 28 76 78 99 74 91 89 23 80 27 44 20 23 31 99 89
62 77 16 43 26 71 45 38 45 70 94 21 13 35 62 93 17 0 62 92 19 48 91 37 43 62 48 34 59 18 79 65 63 85 51 33 64 99 92 29
97 91 72 46 26 45 48 48 82 15 72 73 69 99 49 32 43 62 0 74 34 26 41 50 78 67 19 55 34 24 99 14 61 12 45 82 33 38 99 88
34 46 18 33 98 55 31 15 58 84 69 79 55 69 59 30 98 92 74 0 34 79 47 80 15 87 19 34 72 71 59 87 44 55 44 98 65 18 70 59
16 76 91 93 62 66 62 22 33 79 11 15 52 30 73 99 83 19 34 34 0 15 45 18 40 25 78 78 80 11 43 39 77 50 75 14 79 22 53 83
86 27 63 38 12 36 24 46 60 33 79 16 94 96 70 17 92 48 26 79 15 0 70 12 32 40 51 75 99 81 77 12 26 81 61 77 72 68 89 83
31 64 13 84 58 17 18 38 80 30 59 49 34 79 41 88 26 91 41 47 45 70 0 11 35 93 44 69 65 63 12 13 63 37 17 21 54 23 88 88
80 64 23 44 18 54 46 76 35 19 61 94 86 22 32 66 56 37 50 80 18 12 11 0 95 93 88 73 31 62 30 39 44 69 89 47 24 64 59 11
77 65 47 24 62 50 73 37 64 99 70 96 96 72 77 68 28 43 78 15 40 32 35 95 0 50 14 68 87 41 84 92 16 76 17 36 18 69 58 12
37 68 52 67 26 71 19 59 86 19 91 64 73 94 17 69 76 62 67 87 25 40 93 93 50 0 55 87 81 32 58 13 71 77 67 95 33 45 57 67
89 26 56 64 72 43 45 78 92 84 91 44 38 57 21 29 78 48 19 19 78 51 44 88 14 55 0 64 89 93 77 74 13 43 42 67 96 93 53 90
35 43 59 85 36 62 19 32 76 41 71 31 43 75 29 54 99 34 55 34 78 75 69 73 68 87 64 0 60 62 78 12 16 28 32 73 39 47 28 33
24 67 16 11 87 68 23 53 41 12 99 24 66 61 75 64 74 59 34 72 80 99 65 31 87 81 89 60 0 57 36 75 62 68 30 13 53 98 82 74
53 49 80 96 99 12 65 97 39 93 69 15 20 40 91 87 91 18 24 71 11 81 63 62 41 32 93 62 57 0 80 49 41 50 40 76 58 17 65 98
19 13 56 28 37 45 16 45 71 87 39 24 83 22 46 84 89 79 99 59 43 77 12 30 84 58 77 78 36 80 0 43 85 16 21 53 58 69 94 61
84 97 67 36 69 79 79 15 51 73 21 36 86 15 42 42 23 65 14 87 39 12 13 39 92 13 74 12 75 49 43 0 49 65 25 14 23 42 56 62
92 10 63 41 81 46 10 97 44 54 96 60 71 48 79 87 80 63 61 44 77 26 63 44 16 71 13 16 62 41 85 49 0 90 27 56 48 32 52 40
32 24 43 88 34 77 64 73 80 19 17 65 22 78 53 55 27 85 12 55 50 81 37 69 76 77 43 28 68 50 16 65 90 0 40 16 23 88 92 92
95 11 59 64 96 19 74 57 84 86 46 92 53 80 48 39 44 51 45 44 75 61 17 89 17 67 42 32 30 40 21 25 27 40 0 70 29 93 86 60
97 82 27 97 14 64 60 60 96 69 58 36 28 11 63 18 20 33 82 98 14 77 21 47 36 95 67 73 13 76 53 14 56 16 70 0 83 36 87 34
38 72 26 86 82 76 67 25 66 19 62 66 14 92 96 16 23 64 33 65 79 72 54 24 18 33 96 39 53 58 58 23 48 23 29 83 0 26 36 87
69 82 35 80 19 25 25 46 25 43 57 31 69 91 13 28 31 99 38 18 22 68 23 64 69 45 93 47 98 17 69 42 32 88 93 36 26 0 37 22
64 25 56 72 96 43 29 80 80 62 12 14 40 31 96 12 99 92 99 70 53 89 88 59 58 57 53 28 82 65 94 56 52 92 86 87 36 37 0 14
77 67 70 54 72 83 14 39 61 69 76 90 95 31 28 49 89 29 88 59 83 83 88 11 12 67 90 33 74 98 61 62 40 92 60 34 87 22 14 0