100
0 99 18 77 25 77 81 15 44 51 99 79 99 14 24 20 13 51 78 45 81 95 52 84 68 61 32 49 47 42 42 23 86 25 36 70 23 39 95 26 78 60 64 11 49 38 10 59 75 67 43 46 77 71 35 78 11 55 51 11 63 38 21 92 70 83 92 63 42 43 66 24 69 81 25 51 72 34 42 19 89 61 19 75 70 20 49 17 45 44 27 46 58 76 24 31 11 32 31 45
99 0 86 91 83 66 72 98 68 69 45 94 84 11 17 67 84 93 12 80 78 35 25 76 39 57 95 92 27 13 98 55 23 87 54 79 74 74 55 65 18 97 27 81 98 55 97 38 95 75 18 51 73 14 62 13 57 40 37 52 96 73 51 34 71 48 66 95 96 50 36 79 79 14 22 32 67 49 33 63 17 27 80 78 28 48 68 91 80 21 90 52 81 16 80 65 77 26 35 64
18 86 0 30 18 14 21 52 67 59 89 89 62 22 41 84 63 27 41 34 61 27 38 79 29 44 56 29 75 38 47 75 84 15 47 38 79 35 59 94 96 43 20 86 84 65 16 18 60 95 84 27 71 76 15 16 12 46 27 34 66 81 51 41 19 15 30 72 77 12 87 92 86 17 39 86 22 22 54 52 52 98 18 34 49 64 56 76 15 97 60 64 32 18 27 32 47 96 90 22
77 91 30 0 77 98 37 70 58 77 59 39 26 98 47 62 92 13 96 73 21 74 11 16 10 79 66 39 62 92 93 69 47 44 45 49 35 98 78 65 77 21 28 35 39 53 14 73 35 41 61 42 37 13 81 25 22 29 68 75 79 89 50 40 32 62 65 75 42 75 33 69 24 27 92 79 76 59 16 54 24 35 87 95 21 46 15 58 53 76 80 57 92 25 40 44 17 10 20 25
25 83 18 77 0 67 18 57 84 58 23 96 46 95 73 29 44 47 20 86 71 91 88 95 67 69 18 86 72 23 76 34 63 69 24 85 68 44 11 42 90 36 42 41 79 11 62 73 13 16 30 22 39 29 71 10 94 91 59 43 93 43 76 91 62 42 17 26 97 47 35 89 16 24 59 98 78 95 14 95 11 85 62 12 45 25 22 16 82 58 10 62 23 91 60 86 59 20 54 19
77 66 14 98 67 0 58 14 85 60 73 18 97 24 81 94 58 14 22 50 70 18 23 23 71 51 84 29 16 64 24 14 99 17 44 50 13 58 46 51 54 96 11 24 57 92 89 51 46 30 12 12 83 54 42 33 58 88 21 54 34 31 32 21 76 36 28 96 77 25 99 37 93 19 20 14 68 44 22 54 65 39 37 78 63 70 73 43 79 48 68 85 36 97 81 37 96 52 56 42
81 72 21 37 18 58 0 93 16 78 55 45 44 32 63 32 24 90 78 11 72 75 22 70 60 14 98 59 26 72 85 91 13 23 24 60 26 17 41 45 32 63 40 84 15 99 89 95 43 12 53 23 58 85 69 17 12 82 17 45 31 77 81 57 26 81 19 26 74 69 97 14 48 36 42 29 86 85 55 18 91 96 22 10 89 72 16 50 65 15 62 83 73 54 86 92 21 11 39 38
15 98 52 70 57 14 93 0 13 56 28 45 89 94 55 17 11 40 57 68 30 63 26 53 52 39 36 96 83 36 27 43 52 72 40 81 81 19 61 87 34 21 35 49 61 35 33 52 60 34 91 58 63 75 29 44 96 16 76 53 16 16 13 59 71 69 91 54 20 92 62 18 89 32 45 11 26 56 40 84 70 10 73 93 46 67 76 59 55 69 86 29 40 68 50 23 89 35 70 46
44 68 67 58 84 85 16 13 0 89 19 34 38 17 31 98 99 46 92 58 61 80 83 96 36 74 88 43 20 63 36 23 69 95 24 92 91 96 95 78 31 26 61 43 61 42 29 50 79 30 73 87 37 47 23 36 77 66 15 64 85 62 67 84 29 80 77 68 99 95 46 38 78 66 18 29 45 56 28 27 34 68 12 26 11 18 13 34 93 77 48 42 14 42 56 67 86 93 60 20
51 69 59 77 58 60 78 56 89 0 68 35 82 35 11 49 37 64 45 18 41 16 41 44 25 94 67 91 41 20 43 88 46 80 90 47 38 12 92 46 35 23 72 97 74 79 78 45 57 71 61 78 72 65 29 83 49 67 80 74 76 82 11 67 35 50 22 24 54 33 79 18 59 14 62 69 65 14 18 22 25 84 51 39 60 22 66 68 73 88 94 64 14 64 40 55 82 90 58 34
99 45 89 59 23 73 55 28 19 68 0 44 79 30 80 79 41 55 67 88 97 69 19 28 77 64 60 17 15 70 29 31 48 76 72 90 96 98 40 83 69 25 15 19 51 10 55 49 30 24 97 16 93 20 42 33 88 57 20 74 53 45 87 69 47 24 99 50 22 87 94 92 31 72 95 86 94 22 44 60 14 21 38 39 24 61 92 55 87 82 17 93 52 90 69 87 25 51 79 78
79 94 89 39 96 18 45 45 34 35 44 0 33 37 20 57 90 98 21 48 63 57 97 42 67 38 89 78 96 53 86 46 12 45 47 64 80 76 31 30 31 42 14 26 57 22 86 36 77 24 84 55 65 20 25 88 13 25 66 60 93 84 10 33 42 63 66 19 41 80 69 53 33 44 76 24 72 20 21 37 75 48 19 14 53 33 19 79 32 23 70 76 69 51 35 30 94 94 32 46
99 84 62 26 46 97 44 89 38 82 79 33 0 14 80 18 40 76 11 38 64 88 11 18 93 82 11 86 15 77 76 70 74 63 68 62 46 96 49 99 76 14 30 86 61 17 97 61 37 21 26 87 28 84 31 62 37 76 36 21 44 42 96 79 40 82 45 30 53 50 74 48 97 71 12 30 37 12 81 72 43 28 82 92 26 38 63 80 71 87 99 58 91 46 52 62 23 10 92 48
14 11 22 98 95 24 32 94 17 35 30 37 14 0 39 45 64 18 29 61 98 31 75 90 41 66 96 31 40 45 88 68 69 97 96 47 19 10 82 55 71 97 76 48 67 10 73 74 15 99 16 53 43 30 86 48 99 85 19 75 57 16 81 54 14 91 47 72 70 85 89 93 14 71 33 52 86 72 26 15 32 88 12 56 19 75 43 80 60 27 10 43 20 32 81 78 67 14 49 75
24 17 41 47 73 81 63 55 31 11 80 20 80 39 0 98 65 71 53 67 41 58 17 69 41 42 27 52 90 63 51 86 96 96 75 38 73 98 38 70 66 62 87 97 37 53 60 36 78 30 67 48 67 75 75 74 66 86 16 48 60 53 54 37 47 88 12 38 18 87 14 71 17 21 77 30 25 51 79 72 16 14 69 74 60 58 63 44 99 74 11 87 41 98 30 58 81 74 53 79
20 67 84 62 29 94 32 17 98 49 79 57 18 45 98 0 96 48 86 37 84 80 87 27 30 46 34 10 41 11 57 58 42 67 21 20 54 27 75 51 92 95 35 54 85 75 43 61 73 94 40 56 82 93 95 58 54 48 31 36 50 67 35 65 49 68 39 92 99 75 93 88 49 18 18 28 58 45 24 55 12 66 84 91 98 34 85 14 23 60 71 79 90 92 41 87 28 57 67 16
13 84 63 92 44 58 24 11 99 37 41 90 40 64 65 96 0 72 30 55 86 79 94 86 11 52 81 57 64 57 81 40 70 86 29 34 81 75 88 52 13 83 12 63 38 43 45 73 76 26 64 14 93 84 42 28 51 86 39 18 23 50 17 58 84 21 95 61 99 44 97 96 25 41 27 48 39 64 55 13 36 17 14 98 96 61 25 83 66 86 97 66 17 34 77 18 19 72 12 44
51 93 27 13 47 14 90 40 46 64 55 98 76 18 71 48 72 0 66 94 47 65 68 78 95 75 79 97 39 58 57 68 65 52 14 85 70 63 63 79 77 46 40 71 25 60 21 24 98 37 58 24 54 50 95 52 62 73 16 23 43 33 92 52 62 31 91 16 74 64 93 91 53 25 64 27 11 57 10 99 20 21 35 91 26 88 97 11 65 39 59 16 11 16 83 46 84 87 51 59
78 12 41 96 20 22 78 57 92 45 67 21 11 29 53 86 30 66 0 36 58 77 34 27 51 69 69 30 60 93 12 20 66 15 63 50 27 62 63 41 68 93 92 14 87 95 63 43 62 39 76 57 21 40 88 66 19 49 26 10 90 62 40 31 18 68 21 30 74 66 88 90 44 42 21 92 36 93 93 65 13 97 18 33 36 26 67 51 99 35 98 73 62 50 42 45 11 52 66 76
45 80 34 73 86 50 11 68 58 18 88 48 38 61 67 37 55 94 36 0 30 12 54 62 33 68 47 55 11 89 68 50 68 29 34 92 59 31 80 67 29 67 79 51 16 43 36 68 30 70 74 33 58 61 29 85 70 23 87 97 22 63 21 55 83 29 12 27 15 46 54 39 77 59 90 31 19 45 52 49 78 63 91 43 84 95 24 42 34 17 10 60 30 29 86 69 62 62 70 92
81 78 61 21 71 70 72 30 61 41 97 63 64 98 41 84 86 47 58 30 0 89 70 51 28 73 98 86 39 12 30 32 48 15 25 86 85 56 55 69 15 43 10 27 64 73 37 30 83 26 27 31 40 97 27 37 73 18 51 93 69 79 57 19 63 66 82 36 46 96 73 93 42 30 13 21 97 60 72 75 42 96 92 56 76 35 36 68 13 50 37 75 20 79 76 31 47 50 19 59
95 35 27 74 91 18 75 63 80 16 69 57 88 31 58 80 79 65 77 12 89 0 90 97 45 16 37 70 48 55 17 72 34 44 34 22 49 57 71 40 66 67 98 17 34 37 96 50 10 11 35 24 57 28 71 13 41 71 99 36 75 24 14 65 53 59 96 57 36 11 53 44 12 18 44 45 34 16 59 49 90 37 29 56 71 63 54 27 81 18 98 15 12 43 29 14 85 77 86 46
52 25 38 11 88 23 22 26 83 41 19 97 11 75 17 87 94 68 34 54 70 90 0 37 66 80 52 29 15 85 88 48 29 75 48 24 22 24 99 44 53 68 22 72 51 20 93 52 15 35 86 25 41 51 62 23 56 44 55 20 62 99 65 61 64 59 43 95 13 52 63 47 23 62 67 72 11 61 40 75 28 66 68 68 30 78 88 14 98 49 20 24 57 65 61 17 93 69 78 29
84 76 79 16 95 23 70 53 96 44 28 42 18 90 69 27 86 78 27 62 51 97 37 0 82 27 31 34 46 71 87 88 26 68 73 98 47 35 48 10 86 45 38 54 98 90 63 22 52 40 19 52 11 14 91 82 57 96 35 77 52 20 81 65 80 63 85 78 75 75 43 43 78 53 24 53 11 10 43 78 20 77 12 65 71 36 31 79 40 10 44 36 58 14 74 46 18 65 27 18
68 39 29 10 67 71 60 52 36 25 77 67 93 41 41 30 11 95 51 33 28 45 66 82 0 14 46 70 31 39 60 89 10 50 92 15 33 51 99 52 73 50 13 68 36 88 46 99 23 11 41 93 93 61 17 60 15 55 98 85 64 56 59 76 59 67 46 45 80 13 98 26 58 11 69 19 97 34 74 58 36 56 73 97 67 42 89 21 30 66 96 86 61 85 79 42 10 19 52 86
61 57 44 79 69 51 14 39 74 94 64 38 82 66 42 46 52 75 69 68 73 16 80 27 14 0 19 82 26 85 70 32 65 24 72 85 92 88 59 51 11 46 46 68 15 48 76 82 38 41 24 30 76 58 32 32 98 74 58 45 27 31 17 83 40 88 34 42 40 83 70 32 18 86 82 40 70 27 48 37 49 44 42 28 39 72 23 71 16 46 22 44 31 73 89 94 49 13 58 93
32 95 56 66 18 84 98 36 88 67 60 89 11 96 27 34 81 79 69 47 98 37 52 31 46 19 0 44 87 37 44 25 73 96 93 67 49 30 24 47 53 74 68 98 57 47 43 23 73 71 95 99 51 51 39 22 34 51 61 16 59 51 63 86 24 56 40 25 54 96 27 26 83 81 46 69 77 93 42 72 38 19 59 51 44 69 45 78 65 68 10 35 39 83 67 75 33 88 43 85
49 92 29 39 86 29 59 96 43 91 17 78 86 31 52 10 57 97 30 55 86 70 29 34 70 82 44 0 57 26 35 14 26 63 57 22 62 74 49 79 21 20 22 58 45 60 78 87 46 89 15 15 27 61 10 70 10 38 62 33 19 44 30 74 73 22 40 49 88 13 27 56 94 65 18 40 29 82 73 51 16 77 40 85 13 18 13 24 54 91 40 93 22 38 99 91 30 89 20 33
47 27 75 62 72 16 26 83 20 41 15 96 15 40 90 41 64 39 60 11 39 48 15 46 31 26 87 57 0 97 14 40 12 49 63 68 39 66 43 44 12 32 57 92 85 14 87 47 42 87 28 35 81 57 82 29 39 79 87 59 83 53 70 90 30 57 12 21 96 51 18 43 46 93 21 87 77 75 42 87 68 66 51 63 54 65 71 85 20 50 64 37 55 84 14 15 48 87 53 91
42 13 38 92 23 64 72 36 63 20 70 53 77 45 63 11 57 58 93 89 12 55 85 71 39 85 37 26 97 0 63 14 40 90 94 68 99 44 17 69 12 46 86 59 16 41 37 92 69 51 52 35 74 52 29 13 55 89 12 60 72 79 67 58 50 16 52 81 22 63 35 36 91 50 17 51 20 80 76 92 39 83 98 42 76 93 17 59 16 13 79 32 73 61 99 25 30 88 98 19
42 98 47 93 76 24 85 27 36 43 29 86 76 88 51 57 81 57 12 68 30 17 88 87 60 70 44 35 14 63 0 46 53 93 20 10 67 90 42 61 32 11 26 92 79 23 19 41 49 63 39 79 83 10 54 70 85 14 20 64 63 84 24 86 90 26 72 13 14 36 83 52 39 60 59 85 48 94 63 36 26 97 90 22 52 11 85 67 21 80 69 37 89 71 64 11 75 72 23 34
23 55 75 69 34 14 91 43 23 88 31 46 70 68 86 58 40 68 20 50 32 72 48 88 89 32 25 14 40 14 46 0 66 57 66 35 96 41 72 29 52 17 46 51 19 64 87 20 98 81 26 32 36 67 15 87 73 69 48 42 58 99 40 35 59 56 35 57 40 49 42 94 84 14 10 73 77 66 63 41 77 99 86 16 37 98 89 87 77 69 76 72 46 94 27 81 55 86 35 47
86 23 84 47 63 99 13 52 69 46 48 12 74 69 96 42 70 65 66 68 48 34 29 26 10 65 73 26 12 40 53 66 0 47 19 87 80 68 33 26 13 21 76 36 84 28 99 97 79 57 13 72 61 98 24 46 73 26 60 47 24 93 51 85 77 72 19 39 31 22 56 94 44 49 68 79 86 29 34 35 18 20 79 27 30 92 62 15 67 40 57 42 75 25 49 60 20 76 43 65
25 87 15 44 69 17 23 72 95 80 76 45 63 97 96 67 86 52 15 29 15 44 75 68 50 24 96 63 49 90 93 57 47 0 94 38 25 68 75 71 78 49 29 77 92 85 23 54 64 62 11 55 96 42 50 74 88 80 27 24 80 96 49 79 55 84 69 43 66 80 11 30 63 27 22 80 19 50 67 70 85 72 44 69 17 77 94 97 23 61 49 61 87 94 51 24 27 79 52 33
36 54 47 45 24 44 24 40 24 90 72 47 68 96 75 21 29 14 63 34 25 34 48 73 92 72 93 57 63 94 20 66 19 94 0 35 45 97 36 17 70 87 10 35 16 92 43 31 37 21 80 28 15 78 60 46 40 23 73 73 55 46 77 89 45 94 68 40 79 80 44 10 66 73 77 42 93 89 36 96 91 76 67 12 67 16 54 34 49 24 69 60 47 18 90 95 24 80 52 98
70 79 38 49 85 50 60 81 92 47 90 64 62 47 38 20 34 85 50 92 86 22 24 98 15 85 67 22 68 68 10 35 87 38 35 0 56 58 98 57 52 37 55 69 82 14 87 84 47 58 63 90 65 63 90 94 43 73 20 15 62 53 22 81 53 58 84 79 48 37 30 16 24 56 11 78 72 47 11 26 90 11 41 65 53 29 29 20 27 50 83 65 15 38 32 95 28 21 37 69
23 74 79 35 68 13 26 81 91 38 96 80 46 19 73 54 81 70 27 59 85 49 22 47 33 92 49 62 39 99 67 96 80 25 45 56 0 70 30 31 45 39 64 61 99 82 45 91 83 31 98 20 90 99 50 38 25 47 37 33 64 13 11 22 61 48 51 26 77 87 18 45 58 57 26 65 80 60 76 53 98 79 77 66 20 45 83 61 85 35 52 25 10 81 28 38 80 93 68 91
39 74 35 98 44 58 17 19 96 12 98 76 96 10 98 27 75 63 62 31 56 57 24 35 51 88 30 74 66 44 90 41 68 68 97 58 70 0 21 98 16 48 26 52 54 60 18 68 14 85 18 89 26 67 60 23 22 69 40 90 47 83 85 73 83 83 41 41 94 72 85 45 63 33 23 72 81 76 81 45 21 22 87 67 90 37 46 24 93 84 51 38 95 73 65 93 40 42 10 25
95 55 59 78 11 46 41 61 95 92 40 31 49 82 38 75 88 63 63 80 55 71 99 48 99 59 24 49 43 17 42 72 33 75 36 98 30 21 0 21 82 44 79 45 19 60 68 98 68 83 57 58 32 45 55 43 46 76 68 17 33 35 79 20 89 98 38 33 76 96 74 17 60 94 74 78 25 64 80 66 28 42 85 24 95 80 60 11 17 77 83 53 51 27 82 50 22 45 25 75
26 65 94 65 42 51 45 87 78 46 83 30 99 55 70 51 52 79 41 67 69 40 44 10 52 51 47 79 44 69 61 29 26 71 17 57 31 98 21 0 15 28 87 82 43 97 76 58 65 68 47 65 33 26 34 25 30 73 20 83 43 48 76 87 77 77 42 27 38 80 70 23 14 74 12 41 36 62 83 71 62 65 33 48 76 45 39 86 37 15 62 76 46 57 48 52 83 90 79 60
78 18 96 77 90 54 32 34 31 35 69 31 76 71 66 92 13 77 68 29 15 66 53 86 73 11 53 21 12 12 32 52 13 78 70 52 45 16 82 15 0 87 11 14 12 30 26 49 51 59 66 88 10 47 90 31 76 19 29 28 59 46 89 80 12 64 29 44 86 41 13 67 78 61 70 12 88 92 10 45 16 59 13 93 31 21 35 45 48 99 17 17 98 54 66 44 76 90 99 62
60 97 43 21 36 96 63 21 26 23 25 42 14 97 62 95 83 46 93 67 43 67 68 45 50 46 74 20 32 46 11 17 21 49 87 37 39 48 44 28 87 0 83 46 75 77 10 48 14 21 18 69 17 46 48 54 91 94 88 53 52 46 84 90 48 80 18 22 73 43 53 37 91 78 81 84 87 63 95 88 93 22 75 38 76 84 16 96 79 55 10 37 41 87 35 79 86 75 34 46
64 27 20 28 42 11 40 35 61 72 15 14 30 76 87 35 12 40 92 79 10 98 22 38 13 46 68 22 57 86 26 46 76 29 10 55 64 26 79 87 11 83 0 89 93 85 80 24 96 28 69 22 55 99 25 61 46 31 19 41 67 93 68 11 52 17 64 20 11 25 81 86 56 98 56 21 45 15 70 18 21 94 91 75 82 98 79 40 70 50 63 97 51 73 33 26 25 25 51 54
11 81 86 35 41 24 84 49 43 97 19 26 86 48 97 54 63 71 14 51 27 17 72 54 68 68 98 58 92 59 92 51 36 77 35 69 61 52 45 82 14 46 89 0 87 30 18 80 91 10 72 25 43 16 80 19 88 74 90 14 20 59 31 40 41 85 20 20 79 58 23 28 56 54 65 67 62 72 98 69 11 67 34 45 13 66 53 91 71 84 48 18 76 80 33 33 33 13 14 19
49 98 84 39 79 57 15 61 61 74 51 57 61 67 37 85 38 25 87 16 64 34 51 98 36 15 57 45 85 16 79 19 84 92 16 82 99 54 19 43 12 75 93 87 0 74 18 28 92 81 81 73 67 43 17 34 94 50 47 51 85 61 75 99 24 98 68 37 96 67 30 88 43 44 85 83 94 61 79 63 50 34 47 32 79 46 29 95 14 28 90 45 79 42 27 36 55 84 59 85
38 55 65 53 11 92 99 35 42 79 10 22 17 10 53 75 43 60 95 43 73 37 20 90 88 48 47 60 14 41 23 64 28 85 92 14 82 60 60 97 30 77 85 30 74 0 92 63 28 74 46 28 91 77 84 89 80 45 36 51 15 43 91 67 96 80 41 15 87 97 74 18 43 82 85 84 99 64 52 16 25 91 50 88 58 26 77 36 42 39 39 42 75 45 83 81 80 61 37 39
10 97 16 14 62 89 89 33 29 78 55 86 97 73 60 43 45 21 63 36 37 96 93 63 46 76 43 78 87 37 19 87 99 23 43 87 45 18 68 76 26 10 80 18 18 92 0 92 81 60 65 43 72 41 89 51 21 58 90 46 40 63 12 98 51 47 41 76 29 59 49 97 21 86 92 82 87 15 39 20 72 76 48 45 64 38 37 87 46 85 24 28 81 39 80 92 57 10 16 99
59 38 18 73 73 51 95 52 50 45 49 36 61 74 36 61 73 24 43 68 30 50 52 22 99 82 23 87 47 92 41 20 97 54 31 84 91 68 98 58 49 48 24 80 28 63 92 0 62 41 35 73 49 15 89 91 41 97 34 16 17 59 47 93 74 75 35 88 55 69 53 49 40 40 90 85 91 32 59 63 97 25 25 12 98 84 79 71 92 36 72 62 12 24 53 93 33 27 91 87
75 95 60 35 13 46 43 60 79 57 30 77 37 15 78 73 76 98 62 30 83 10 15 52 23 38 73 46 42 69 49 98 79 64 37 47 83 14 68 65 51 14 96 91 92 28 81 62 0 96 64 60 49 72 20 20 60 81 33 54 49 37 57 89 65 65 67 14 78 11 21 19 81 33 60 50 30 22 30 43 87 17 25 96 90 86 60 72 33 57 25 88 75 55 95 79 63 99 98 82
67 75 95 41 16 30 12 34 30 71 24 24 21 99 30 94 26 37 39 70 26 11 35 40 11 41 71 89 87 51 63 81 57 62 21 58 31 85 83 68 59 21 28 10 81 74 60 41 96 0 76 46 86 38 39 98 21 17 22 23 34 79 83 76 40 17 50 11 81 44 10 21 70 64 79 65 14 50 33 30 26 82 61 59 70 40 88 65 94 90 56 96 79 87 31 48 31 19 31 90
43 18 84 61 30 12 53 91 73 61 97 84 26 16 67 40 64 58 76 74 27 35 86 19 41 24 95 15 28 52 39 26 13 11 80 63 98 18 57 47 66 18 69 72 81 46 65 35 64 76 0 54 85 71 69 83 50 64 61 69 36 26 72 77 45 44 11 48 98 59 66 97 18 17 57 55 85 21 26 89 76 87 49 99 41 39 31 34 94 22 28 30 76 19 68 80 99 71 34 24
46 51 27 42 22 12 23 58 87 78 16 55 87 53 48 56 14 24 57 33 31 24 25 52 93 30 99 15 35 35 79 32 72 55 28 90 20 89 58 65 88 69 22 25 73 28 43 73 60 46 54 0 41 48 45 85 87 93 79 23 92 96 49 98 80 57 66 58 73 73 47 17 57 85 12 40 93 97 18 53 72 38 85 88 95 67 36 90 38 55 58 53 57 59 97 20 84 45 16 16
77 73 71 37 39 83 58 63 37 72 93 65 28 43 67 82 93 54 21 58 40 57 41 11 93 76 51 27 81 74 83 36 61 96 15 65 90 26 32 33 10 17 55 43 67 91 72 49 49 86 85 41 0 44 17 48 16 12 77 80 25 67 82 36 33 48 26 98 67 89 88 33 72 20 73 83 54 22 64 46 80 49 44 13 32 66 75 19 32 36 19 66 72 97 57 81 41 83 49 51
71 14 76 13 29 54 85 75 47 65 20 20 84 30 75 93 84 50 40 61 97 28 51 14 61 58 51 61 57 52 10 67 98 42 78 63 99 67 45 26 47 46 99 16 43 77 41 15 72 38 71 48 44 0 44 53 27 42 32 53 43 74 32 40 78 66 74 50 89 83 21 48 24 72 19 84 90 29 39 58 65 11 55 51 52 44 54 12 69 16 34 33 65 10 94 47 12 10 80 28
35 62 15 81 71 42 69 29 23 29 42 25 31 86 75 95 42 95 88 29 27 71 62 91 17 32 39 10 82 29 54 15 24 50 60 90 50 60 55 34 90 48 25 80 17 84 89 89 20 39 69 45 17 44 0 69 14 37 45 52 47 88 78 63 55 11 11 59 21 77 42 85 66 39 81 70 51 63 18 28 33 53 78 11 77 29 98 13 57 44 77 47 98 11 31 93 83 35 43 40
78 13 16 25 10 33 17 44 36 83 33 88 62 48 74 58 28 52 66 85 37 13 23 82 60 32 22 70 29 13 70 87 46 74 46 94 38 23 43 25 31 54 61 19 34 89 51 91 20 98 83 85 48 53 69 0 30 82 87 55 40 75 23 48 72 49 95 22 17 60 61 61 39 76 16 76 13 25 38 15 13 88 71 97 69 64 50 94 36 68 30 49 67 77 15 25 99 93 74 52
11 57 12 22 94 58 12 96 77 49 88 13 37 99 66 54 51 62 19 70 73 41 56 57 15 98 34 10 39 55 85 73 73 88 40 43 25 22 46 30 76 91 46 88 94 80 21 41 60 21 50 87 16 27 14 30 0 54 16 13 97 48 92 91 99 16 92 98 49 99 50 75 69 29 20 96 92 76 98 98 25 53 29 12 72 68 36 85 20 27 10 38 93 88 25 56 52 75 52 17
55 40 46 29 91 88 82 16 66 67 57 25 76 85 86 48 86 73 49 23 18 71 44 96 55 74 51 38 79 89 14 69 26 80 23 73 47 69 76 73 19 94 31 74 50 45 58 97 81 17 64 93 12 42 37 82 54 0 16 82 45 39 53 81 20 92 17 51 81 40 68 80 36 37 86 98 19 96 27 57 33 64 35 89 86 37 53 94 89 56 63 97 44 51 94 41 92 40 63 61
51 37 27 68 59 21 17 76 15 80 20 66 36 19 16 31 39 16 26 87 51 99 55 35 98 58 61 62 87 12 20 48 60 27 73 20 37 40 68 20 29 88 19 90 47 36 90 34 33 22 61 79 77 32 45 87 16 16 0 19 85 51 53 22 22 39 85 15 68 37 32 51 57 47 41 64 59 96 45 94 19 47 40 13 67 39 83 63 34 27 34 67 98 80 71 82 98 17 35 97
11 52 34 75 43 54 45 53 64 74 74 60 21 75 48 36 18 23 10 97 93 36 20 77 85 45 16 33 59 60 64 42 47 24 73 15 33 90 17 83 28 53 41 14 51 51 46 16 54 23 69 23 80 53 52 55 13 82 19 0 77 88 16 48 21 23 59 71 50 87 84 85 32 32 97 56 81 96 44 70 78 76 21 48 73 33 28 39 72 31 70 79 61 15 53 35 20 40 75 29
63 96 66 79 93 34 31 16 85 76 53 93 44 57 60 50 23 43 90 22 69 75 62 52 64 27 59 19 83 72 63 58 24 80 55 62 64 47 33 43 59 52 67 20 85 15 40 17 49 34 36 92 25 43 47 40 97 45 85 77 0 98 45 75 84 24 84 21 19 29 61 64 65 40 47 74 79 74 86 98 64 24 54 39 18 89 14 72 61 47 35 67 18 49 18 31 54 29 47 13
38 73 81 89 43 31 77 16 62 82 45 84 42 16 53 67 50 33 62 63 79 24 99 20 56 31 51 44 53 79 84 99 93 96 46 53 13 83 35 48 46 46 93 59 61 43 63 59 37 79 26 96 67 74 88 75 48 39 51 88 98 0 16 63 16 36 87 63 66 41 87 37 32 48 54 64 88 63 19 56 69 32 38 12 75 23 26 39 71 17 42 99 95 15 52 63 54 76 11 12
21 51 51 50 76 32 81 13 67 11 87 10 96 81 54 35 17 92 40 21 57 14 65 81 59 17 63 30 70 67 24 40 51 49 77 22 11 85 79 76 89 84 68 31 75 91 12 47 57 83 72 49 82 32 78 23 92 53 53 16 45 16 0 40 77 83 21 52 85 29 12 95 98 79 73 91 61 61 42 64 64 34 76 63 93 99 27 53 84 33 99 42 82 90 29 83 46 37 80 29
92 34 41 40 91 21 57 59 84 67 69 33 79 54 37 65 58 52 31 55 19 65 61 65 76 83 86 74 90 58 86 35 85 79 89 81 22 73 20 87 80 90 11 40 99 67 98 93 89 76 77 98 36 40 63 48 91 81 22 48 75 63 40 0 14 49 85 59 47 92 34 12 78 12 23 72 90 80 60 16 25 78 30 88 87 40 33 47 61 43 98 20 70 18 59 28 44 30 51 49
70 71 19 32 62 76 26 71 29 35 47 42 40 14 47 49 84 62 18 83 63 53 64 80 59 40 24 73 30 50 90 59 77 55 45 53 61 83 89 77 12 48 52 41 24 96 51 74 65 40 45 80 33 78 55 72 99 20 22 21 84 16 77 14 0 37 70 62 49 77 10 70 71 18 45 23 75 84 34 49 36 99 25 36 65 57 21 41 11 91 12 37 92 63 75 96 20 35 51 19
83 48 15 62 42 36 81 69 80 50 24 63 82 91 88 68 21 31 68 29 66 59 59 63 67 88 56 22 57 16 26 56 72 84 94 58 48 83 98 77 64 80 17 85 98 80 47 75 65 17 44 57 48 66 11 49 16 92 39 23 24 36 83 49 37 0 24 16 45 41 59 42 35 17 47 63 50 16 88 30 41 26 68 91 53 20 50 96 16 15 51 90 82 94 69 32 93 66 80 13
92 66 30 65 17 28 19 91 77 22 99 66 45 47 12 39 95 91 21 12 82 96 43 85 46 34 40 40 12 52 72 35 19 69 68 84 51 41 38 42 29 18 64 20 68 41 41 35 67 50 11 66 26 74 11 95 92 17 85 59 84 87 21 85 70 24 0 87 67 10 89 30 34 37 64 57 23 36 72 79 88 30 66 64 61 53 52 28 32 89 38 36 83 29 82 66 20 93 22 63
63 95 72 75 26 96 26 54 68 24 50 19 30 72 38 92 61 16 30 27 36 57 95 78 45 42 25 49 21 81 13 57 39 43 40 79 26 41 33 27 44 22 20 20 37 15 76 88 14 11 48 58 98 50 59 22 98 51 15 71 21 63 52 59 62 16 87 0 66 38 35 58 64 27 72 90 47 19 93 88 30 82 62 17 68 11 46 99 78 95 59 45 60 42 58 53 67 22 35 36
42 96 77 42 97 77 74 20 99 54 22 41 53 70 18 99 99 74 74 15 46 36 13 75 80 40 54 88 96 22 14 40 31 66 79 48 77 94 76 38 86 73 11 79 96 87 29 55 78 81 98 73 67 89 21 17 49 81 68 50 19 66 85 47 49 45 67 66 0 78 97 44 36 80 55 42 50 87 11 91 72 89 39 97 52 49 25 27 91 32 16 91 83 27 56 62 47 76 67 48
43 50 12 75 47 25 69 92 95 33 87 80 50 85 87 75 44 64 66 46 96 11 52 75 13 83 96 13 51 63 36 49 22 80 80 37 87 72 96 80 41 43 25 58 67 97 59 69 11 44 59 73 89 83 77 60 99 40 37 87 29 41 29 92 77 41 10 38 78 0 39 41 18 38 76 90 58 22 48 34 50 94 69 92 92 79 33 73 18 73 89 90 68 79 18 84 94 20 46 66
66 36 87 33 35 99 97 62 46 79 94 69 74 89 14 93 97 93 88 54 73 53 63 43 98 70 27 27 18 35 83 42 56 11 44 30 18 85 74 70 13 53 81 23 30 74 49 53 21 10 66 47 88 21 42 61 50 68 32 84 61 87 12 34 10 59 89 35 97 39 0 50 41 64 88 44 40 64 93 29 11 25 87 27 39 20 99 44 81 59 41 66 76 50 95 60 42 23 52 80
24 79 92 69 89 37 14 18 38 18 92 53 48 93 71 88 96 91 90 39 93 44 47 43 26 32 26 56 43 36 52 94 94 30 10 16 45 45 17 23 67 37 86 28 88 18 97 49 19 21 97 17 33 48 85 61 75 80 51 85 64 37 95 12 70 42 30 58 44 41 50 0 45 15 63 13 75 29 83 90 48 64 68 64 10 85 26 54 98 22 15 25 76 67 70 21 86 55 40 82
69 79 86 24 16 93 48 89 78 59 31 33 97 14 17 49 25 53 44 77 42 12 23 78 58 18 83 94 46 91 39 84 44 63 66 24 58 63 60 14 78 91 56 56 43 43 21 40 81 70 18 57 72 24 66 39 69 36 57 32 65 32 98 78 71 35 34 64 36 18 41 45 0 65 35 65 76 45 28 47 45 94 19 91 93 78 97 23 81 96 28 28 33 62 71 76 15 63 56 96
81 14 17 27 24 19 36 32 66 14 72 44 71 71 21 18 41 25 42 59 30 18 62 53 11 86 81 65 93 50 60 14 49 27 73 56 57 33 94 74 61 78 98 54 44 82 86 40 33 64 17 85 20 72 39 76 29 37 47 32 40 48 79 12 18 17 37 27 80 38 64 15 65 0 17 64 32 73 77 33 42 98 22 16 89 97 45 68 90 56 33 82 17 79 63 13 70 72 24 12
25 22 39 92 59 20 42 45 18 62 95 76 12 33 77 18 27 64 21 90 13 44 67 24 69 82 46 18 21 17 59 10 68 22 77 11 26 23 74 12 70 81 56 65 85 85 92 90 60 79 57 12 73 19 81 16 20 86 41 97 47 54 73 23 45 47 64 72 55 76 88 63 35 17 0 98 56 98 72 63 46 66 19 10 63 23 68 27 97 82 66 13 45 22 98 20 76 42 85 45
51 32 86 79 98 14 29 11 29 69 86 24 30 52 30 28 48 27 92 31 21 45 72 53 19 40 69 40 87 51 85 73 79 80 42 78 65 72 78 41 12 84 21 67 83 84 82 85 50 65 55 40 83 84 70 76 96 98 64 56 74 64 91 72 23 63 57 90 42 90 44 13 65 64 98 0 15 96 15 91 31 97 16 21 83 50 97 10 19 35 57 80 16 72 53 51 89 26 16 22
72 67 22 76 78 68 86 26 45 65 94 72 37 86 25 58 39 11 36 19 97 34 11 11 97 70 77 29 77 20 48 77 86 19 93 72 80 81 25 36 88 87 45 62 94 99 87 91 30 14 85 93 54 90 51 13 92 19 59 81 79 88 61 90 75 50 23 47 50 58 40 75 76 32 56 15 0 90 42 15 57 44 83 47 84 25 68 31 41 82 84 89 29 13 37 57 86 38 23 76
34 49 22 59 95 44 85 56 56 14 22 20 12 72 51 45 64 57 93 45 60 16 61 10 34 27 93 82 75 80 94 66 29 50 89 47 60 76 64 62 92 63 15 72 61 64 15 32 22 50 21 97 22 29 63 25 76 96 96 96 74 63 61 80 84 16 36 19 87 22 64 29 45 73 98 96 90 0 96 46 95 48 28 91 95 88 46 62 14 81 82 25 80 90 94 31 87 17 82 90
42 33 54 16 14 22 55 40 28 18 44 21 81 26 79 24 55 10 93 52 72 59 40 43 74 48 42 73 42 76 63 63 34 67 36 11 76 81 80 83 10 95 70 98 79 52 39 59 30 33 26 18 64 39 18 38 98 27 45 44 86 19 42 60 34 88 72 93 11 48 93 83 28 77 72 15 42 96 0 58 83 42 11 14 52 66 42 89 21 97 25 50 78 16 24 41 93 51 43 46
19 63 52 54 95 54 18 84 27 22 60 37 72 15 72 55 13 99 65 49 75 49 75 78 58 37 72 51 87 92 36 41 35 70 96 26 53 45 66 71 45 88 18 69 63 16 20 63 43 30 89 53 46 58 28 15 98 57 94 70 98 56 64 16 49 30 79 88 91 34 29 90 47 33 63 91 15 46 58 0 93 88 83 74 64 91 78 40 76 90 96 29 64 40 85 33 46 96 75 52
89 17 52 24 11 65 91 70 34 25 14 75 43 32 16 12 36 20 13 78 42 90 28 20 36 49 38 16 68 39 26 77 18 85 91 90 98 21 28 62 16 93 21 11 50 25 72 97 87 26 76 72 80 65 33 13 25 33 19 78 64 69 64 25 36 41 88 30 72 50 11 48 45 42 46 31 57 95 83 93 0 55 14 55 70 45 50 52 83 47 20 83 92 11 27 23 33 48 16 33
61 27 98 35 85 39 96 10 68 84 21 48 28 88 14 66 17 21 97 63 96 37 66 77 56 44 19 77 66 83 97 99 20 72 76 11 79 22 42 65 59 22 94 67 34 91 76 25 17 82 87 38 49 11 53 88 53 64 47 76 24 32 34 78 99 26 30 82 89 94 25 64 94 98 66 97 44 48 42 88 55 0 16 14 77 26 53 53 56 63 69 13 84 97 16 89 87 69 56 14
19 80 18 87 62 37 22 73 12 51 38 19 82 12 69 84 14 35 18 91 92 29 68 12 73 42 59 40 51 98 90 86 79 44 67 41 77 87 85 33 13 75 91 34 47 50 48 25 25 61 49 85 44 55 78 71 29 35 40 21 54 38 76 30 25 68 66 62 39 69 87 68 19 22 19 16 83 28 11 83 14 16 0 11 75 58 75 60 49 83 56 53 24 52 19 33 72 55 11 53
75 78 34 95 12 78 10 93 26 39 39 14 92 56 74 91 98 91 33 43 56 56 68 65 97 28 51 85 63 42 22 16 27 69 12 65 66 67 24 48 93 38 75 45 32 88 45 12 96 59 99 88 13 51 11 97 12 89 13 48 39 12 63 88 36 91 64 17 97 92 27 64 91 16 10 21 47 91 14 74 55 14 11 0 16 58 59 98 36 34 49 80 23 89 11 54 20 80 79 68
70 28 49 21 45 63 89 46 11 60 24 53 26 19 60 98 96 26 36 84 76 71 30 71 67 39 44 13 54 76 52 37 30 17 67 53 20 90 95 76 31 76 82 13 79 58 64 98 90 70 41 95 32 52 77 69 72 86 67 73 18 75 93 87 65 53 61 68 52 92 39 10 93 89 63 83 84 95 52 64 70 77 75 16 0 16 96 76 66 28 97 16 24 33 83 53 70 21 22 80
20 48 64 46 25 70 72 67 18 22 61 33 38 75 58 34 61 88 26 95 35 63 78 36 42 72 69 18 65 93 11 98 92 77 16 29 45 37 80 45 21 84 98 66 46 26 38 84 86 40 39 67 66 44 29 64 68 37 39 33 89 23 99 40 57 20 53 11 49 79 20 85 78 97 23 50 25 88 66 91 45 26 58 58 16 0 75 48 45 44 45 80 11 88 76 93 56 25 82 59
49 68 56 15 22 73 16 76 13 66 92 19 63 43 63 85 25 97 67 24 36 54 88 31 89 23 45 13 71 17 85 89 62 94 54 29 83 46 60 39 35 16 79 53 29 77 37 79 60 88 31 36 75 54 98 50 36 53 83 28 14 26 27 33 21 50 52 46 25 33 99 26 97 45 68 97 68 46 42 78 50 53 75 59 96 75 0 94 92 42 22 21 70 84 62 66 79 28 70 95
17 91 76 58 16 43 50 59 34 68 55 79 80 80 44 14 83 11 51 42 68 27 14 79 21 71 78 24 85 59 67 87 15 97 34 20 61 24 11 86 45 96 40 91 95 36 87 71 72 65 34 90 19 12 13 94 85 94 63 39 72 39 53 47 41 96 28 99 27 73 44 54 23 68 27 10 31 62 89 40 52 53 60 98 76 48 94 0 87 22 81 91 39 12 57 92 38 68 70 95
45 80 15 53 82 79 65 55 93 73 87 32 71 60 99 23 66 65 99 34 13 81 98 40 30 16 65 54 20 16 21 77 67 23 49 27 85 93 17 37 48 79 70 71 14 42 46 92 33 94 94 38 32 69 57 36 20 89 34 72 61 71 84 61 11 16 32 78 91 18 81 98 81 90 97 19 41 14 21 76 83 56 49 36 66 45 92 87 0 46 27 60 13 56 23 31 52 90 20 33
44 21 97 76 58 48 15 69 77 88 82 23 87 27 74 60 86 39 35 17 50 18 49 10 66 46 68 91 50 13 80 69 40 61 24 50 35 84 77 15 99 55 50 84 28 39 85 36 57 90 22 55 36 16 44 68 27 56 27 31 47 17 33 43 91 15 89 95 32 73 59 22 96 56 82 35 82 81 97 90 47 63 83 34 28 44 42 22 46 0 40 79 60 12 84 53 92 24 96 12
27 90 60 80 10 68 62 86 48 94 17 70 99 10 11 71 97 59 98 10 37 98 20 44 96 22 10 40 64 79 69 76 57 49 69 83 52 51 83 62 17 10 63 48 90 39 24 72 25 56 28 58 19 34 77 30 10 63 34 70 35 42 99 98 12 51 38 59 16 89 41 15 28 33 66 57 84 82 25 96 20 69 56 49 97 45 22 81 27 40 0 86 46 75 10 38 28 13 22 51
46 52 64 57 62 85 83 29 42 64 93 76 58 43 87 79 66 16 73 60 75 15 24 36 86 44 35 93 37 32 37 72 42 61 60 65 25 38 53 76 17 37 97 18 45 42 28 62 88 96 30 53 66 33 47 49 38 97 67 79 67 99 42 20 37 90 36 45 91 90 66 25 28 82 13 80 89 25 50 29 83 13 53 80 16 80 21 91 60 79 86 0 14 12 43 83 11 73 24 67
58 81 32 92 23 36 73 40 14 14 52 69 91 20 41 90 17 11 62 30 20 12 57 58 61 31 39 22 55 73 89 46 75 87 47 15 10 95 51 46 98 41 51 76 79 75 81 12 75 79 76 57 72 65 98 67 93 44 98 61 18 95 82 70 92 82 83 60 83 68 76 76 33 17 45 16 29 80 78 64 92 84 24 23 24 11 70 39 13 60 46 14 0 69 19 53 57 28 94 96
76 16 18 25 91 97 54 68 42 64 90 51 46 32 98 92 34 16 50 29 79 43 65 14 85 73 83 38 84 61 71 94 25 94 18 38 81 73 27 57 54 87 73 80 42 45 39 24 55 87 19 59 97 10 11 77 88 51 80 15 49 15 90 18 63 94 29 42 27 79 50 67 62 79 22 72 13 90 16 40 11 97 52 89 33 88 84 12 56 12 75 12 69 0 53 72 40 51 93 81
24 80 27 40 60 81 86 50 56 40 69 35 52 81 30 41 77 83 42 86 76 29 61 74 79 89 67 99 14 99 64 27 49 51 90 32 28 65 82 48 66 35 33 33 27 83 80 53 95 31 68 97 57 94 31 15 25 94 71 53 18 52 29 59 75 69 82 58 56 18 95 70 71 63 98 53 37 94 24 85 27 16 19 11 83 76 62 57 23 84 10 43 19 53 0 40 80 16 46 46
31 65 32 44 86 37 92 23 67 55 87 30 62 78 58 87 18 46 45 69 31 14 17 46 42 94 75 91 15 25 11 81 60 24 95 95 38 93 50 52 44 79 26 33 36 81 92 93 79 48 80 20 81 47 93 25 56 41 82 35 31 63 83 28 96 32 66 53 62 84 60 21 76 13 20 51 57 31 41 33 23 89 33 54 53 93 66 92 31 53 38 83 53 72 40 0 68 18 30 16
11 77 47 17 59 96 21 89 86 82 25 94 23 67 81 28 19 84 11 62 47 85 93 18 10 49 33 30 48 30 75 55 20 27 24 28 80 40 22 83 76 86 25 33 55 80 57 33 63 31 99 84 41 12 83 99 52 92 98 20 54 54 46 44 20 93 20 67 47 94 42 86 15 70 76 89 86 87 93 46 33 87 72 20 70 56 79 38 52 92 28 11 57 40 80 68 0 72 28 28
32 26 96 10 20 52 11 35 93 90 51 94 10 14 74 57 72 87 52 62 50 77 69 65 19 13 88 89 87 88 72 86 76 79 80 21 93 42 45 90 90 75 25 13 84 61 10 27 99 19 71 45 83 10 35 93 75 40 17 40 29 76 37 30 35 66 93 22 76 20 23 55 63 72 42 26 38 17 51 96 48 69 55 80 21 25 28 68 90 24 13 73 28 51 16 18 72 0 60 60
31 35 90 20 54 56 39 70 60 58 79 32 92 49 53 67 12 51 66 70 19 86 78 27 52 58 43 20 53 98 23 35 43 52 52 37 68 10 25 79 99 34 51 14 59 37 16 91 98 31 34 16 49 80 43 74 52 63 35 75 47 11 80 51 51 80 22 35 67 46 52 40 56 24 85 16 23 82 43 75 16 56 11 79 22 82 70 70 20 96 22 24 94 93 46 30 28 60 0 19
45 64 22 25 19 42 38 46 20 34 78 46 48 75 79 16 44 59 76 92 59 46 29 18 86 93 85 33 91 19 34 47 65 33 98 69 91 25 75 60 62 46 54 19 85 39 99 87 82 90 24 16 51 28 40 52 17 61 97 29 13 12 29 49 19 13 63 36 48 66 80 82 96 12 45 22 76 90 46 52 33 14 53 68 80 59 95 95 33 12 51 67 96 81 46 16 28 60 19 0