140
0 74 46 24 21 45 23 36 40 74 27 12 97 99 28 61 90 87 26 68 22 57 44 81 75 61 48 10 74 30 16 94 73 60 39 49 88 21 12 95 31 35 11 15 18 68 54 98 50 32 49 15 79 79 40 94 94 23 40 94 85 85 12 53 74 15 57 35 52 38 31 83 55 77 87 92 75 52 78 93 57 70 50 69 61 28 56 61 13 76 55 65 55 38 22 67 86 64 41 96 71 93 46 10 94 78 14 37 82 45 29 57 14 38 29 35 77 49 41 45 81 67 94 69 92 66 51 55 11 85 47 26 95 46 66 46 14 60 65 71
74 0 86 91 13 65 31 99 64 46 68 78 69 64 93 12 85 76 17 21 19 72 50 36 52 39 56 85 21 93 20 91 85 69 50 77 16 13 24 18 24 65 35 84 87 73 58 61 75 23 95 95 53 50 13 32 95 89 81 48 65 50 90 77 88 70 15 87 54 53 61 64 79 42 88 71 77 76 81 40 19 27 91 81 24 26 17 23 91 53 48 54 62 97 95 14 23 60 64 51 56 96 19 21 43 16 48 93 74 13 60 37 22 37 60 17 51 63 39 58 99 80 20 30 18 94 18 98 58 23 97 24 67 36 61 23 81 82 97 65
46 86 0 87 27 84 69 81 88 57 27 27 20 34 72 33 56 99 48 32 84 67 41 68 40 28 96 34 29 79 90 11 95 74 83 48 95 79 76 34 10 46 83 52 53 86 45 48 16 13 57 16 50 41 22 26 87 57 28 21 98 37 97 11 50 25 92 41 54 26 69 16 69 85 37 16 85 36 17 64 54 95 62 44 28 99 63 70 12 12 23 75 54 21 55 32 68 22 85 14 47 27 19 17 82 73 32 67 65 86 39 26 73 97 20 82 11 72 98 65 53 11 63 40 88 59 76 74 31 69 92 35 62 69 38 62 59 48 39 58
24 91 87 0 47 63 44 24 65 25 24 52 14 80 31 69 94 99 66 94 26 48 14 59 24 61 91 13 60 67 63 36 83 67 34 46 47 58 20 33 19 77 28 30 63 72 38 67 60 41 96 70 72 93 29 48 98 29 99 28 61 34 15 58 85 50 39 86 92 85 54 37 38 99 30 13 21 39 22 80 86 57 68 91 66 40 96 34 87 63 14 87 61 46 13 38 79 59 23 35 38 89 96 61 36 40 15 41 41 60 10 11 48 34 45 72 83 16 57 85 90 22 58 63 77 91 86 90 27 22 22 67 94 84 54 90 14 70 34 61
21 13 27 47 0 16 32 73 67 85 73 91 63 78 87 75 34 80 79 29 97 51 56 21 27 75 61 11 20 14 18 42 84 79 31 94 85 58 86 29 24 80 52 16 82 11 66 82 99 11 82 99 76 63 59 50 17 33 46 87 46 69 28 20 38 97 21 25 58 35 15 79 44 62 97 39 92 66 32 79 16 18 73 81 82 47 76 28 64 12 29 44 99 26 27 96 44 90 26 68 97 47 38 10 56 57 97 19 13 37 84 96 63 90 33 66 15 54 26 42 51 89 94 16 12 10 71 22 55 53 40 48 87 93 82 42 84 19 21 30
45 65 84 63 16 0 98 82 88 12 91 69 79 17 79 43 16 67 14 51 31 83 60 67 88 31 19 46 36 68 46 93 32 35 22 94 30 53 84 56 27 22 62 68 92 83 45 64 94 70 65 97 13 45 11 13 95 48 17 24 45 30 20 25 58 16 43 99 35 80 84 20 10 24 27 39 33 34 57 36 98 23 23 48 83 61 23 89 70 80 31 74 45 55 29 35 12 24 66 28 44 80 63 75 28 22 22 54 39 40 85 59 57 43 88 53 28 84 22 72 12 52 60 46 55 25 56 13 48 90 84 67 32 92 32 17 39 59 50 78
23 31 69 44 32 98 0 76 32 99 55 54 54 21 95 98 60 11 30 31 59 70 68 42 77 43 80 27 78 82 63 71 25 66 10 95 65 95 76 97 17 79 21 24 85 92 15 57 30 13 91 73 68 97 70 48 63 35 40 53 45 30 28 71 32 46 96 64 49 79 62 96 79 61 99 75 74 91 68 26 13 71 70 87 65 65 79 59 16 12 33 36 84 95 12 59 18 85 98 15 72 27 43 30 46 10 42 42 26 45 53 47 30 10 32 19 22 84 75 23 48 75 58 75 86 99 41 92 58 86 31 76 86 66 88 63 80 24 18 22
36 99 81 24 73 82 76 0 29 34 74 14 55 68 60 63 28 86 65 79 57 97 30 32 50 60 60 80 19 19 53 80 97 88 56 66 57 70 26 58 40 28 96 82 58 73 56 26 29 57 55 41 91 17 20 16 73 53 41 68 81 70 56 29 35 64 56 59 29 97 76 43 73 57 57 91 25 40 93 21 40 91 20 30 63 63 42 51 84 82 46 69 48 17 27 22 69 51 84 57 81 32 10 16 63 74 44 29 48 63 60 92 55 76 13 35 78 26 68 47 54 82 49 10 24 44 51 84 62 85 68 51 47 48 53 27 65 47 89 26
40 64 88 65 67 88 32 29 0 67 40 64 31 34 21 23 73 73 76 56 18 55 96 39 74 72 92 57 11 89 35 62 89 98 83 59 78 86 43 22 62 76 59 25 66 72 47 17 24 51 18 13 91 59 54 68 11 74 82 17 82 86 85 47 86 81 53 42 77 57 29 87 50 87 32 95 26 68 92 63 17 88 63 84 72 42 45 82 96 53 32 13 38 47 46 90 66 71 36 93 79 90 62 89 67 56 27 20 53 55 70 45 18 38 62 74 96 34 61 87 30 24 26 84 27 39 34 62 17 12 54 73 18 22 88 39 63 12 91 26
74 46 57 25 85 12 99 34 67 0 47 22 51 19 13 96 94 16 28 26 41 85 93 42 24 61 89 79 85 80 73 41 24 40 79 14 49 85 36 17 88 30 72 12 62 24 33 59 45 79 22 76 58 51 49 19 73 22 79 71 33 53 25 26 87 86 60 53 97 32 79 10 30 16 40 28 65 52 81 84 31 97 94 48 71 62 72 41 85 27 55 18 72 85 77 34 14 33 74 80 62 67 89 30 32 98 62 75 74 53 39 50 73 26 30 56 30 39 29 45 54 95 42 51 34 15 10 52 40 12 76 71 73 45 23 11 94 94 94 46
27 68 27 24 73 91 55 74 40 47 0 62 46 87 70 71 84 92 99 29 38 37 36 97 44 35 68 94 92 98 82 62 42 68 60 15 17 23 93 69 86 36 84 50 57 88 51 75 33 55 67 60 65 15 24 42 54 27 26 61 19 34 21 24 98 31 27 11 22 68 28 76 88 21 67 59 40 93 57 18 78 12 59 69 82 22 98 62 35 16 57 58 96 48 89 50 72 21 86 64 90 39 97 95 41 10 53 92 62 49 42 38 80 60 56 74 22 65 25 33 20 33 68 41 83 17 96 44 26 88 57 70 52 11 26 80 28 55 98 27
12 78 27 52 91 69 54 14 64 22 62 0 78 20 87 24 22 51 79 36 33 14 29 47 20 98 47 90 52 78 95 66 95 70 10 57 60 50 63 91 10 14 70 33 88 82 86 21 30 75 47 27 29 10 88 71 93 61 35 98 69 53 53 27 59 12 12 23 94 72 86 82 99 80 20 85 35 32 90 40 78 60 82 24 62 66 11 29 85 61 22 37 17 58 74 56 74 45 42 39 98 25 94 91 58 74 78 85 81 37 98 36 56 56 73 80 51 34 21 25 10 22 83 63 32 76 93 30 18 30 72 99 86 18 31 28 67 70 19 77
97 69 20 14 63 79 54 55 31 51 46 78 0 53 21 51 10 53 65 46 17 14 14 67 55 30 19 70 76 71 42 69 15 13 48 38 55 71 98 80 23 25 32 25 23 20 69 70 26 67 68 60 82 17 80 44 35 80 10 79 78 51 85 50 75 54 83 51 29 31 48 58 15 66 76 87 31 40 78 89 59 58 95 70 57 17 51 38 39 79 12 79 27 83 84 55 61 63 87 14 18 59 76 30 13 45 54 30 60 55 14 64 10 19 19 45 47 50 41 34 59 55 85 32 81 31 65 57 16 68 43 29 26 54 52 51 74 15 99 45
99 64 34 80 78 17 21 68 34 19 87 20 53 0 45 30 56 97 98 55 34 74 41 41 45 47 30 87 85 47 93 86 36 83 26 63 66 10 96 78 36 19 59 36 87 30 88 64 79 44 49 41 97 62 48 76 37 44 27 99 81 69 86 79 30 60 30 61 51 39 55 63 66 26 82 43 29 32 17 58 64 47 81 88 10 66 26 32 50 23 29 60 27 89 93 53 65 36 58 46 64 29 75 11 52 21 52 85 27 69 49 52 88 61 69 89 82 34 49 84 82 20 31 86 76 91 68 94 28 31 57 13 10 53 16 33 70 36 20 86
28 93 72 31 87 79 95 60 21 13 70 87 21 45 0 40 43 26 51 91 52 56 26 13 58 59 78 62 29 37 42 67 29 47 79 47 22 53 78 14 55 36 43 72 40 26 41 10 40 84 86 43 44 84 35 75 16 33 53 78 86 62 53 25 98 13 58 45 15 73 28 51 75 82 21 34 71 45 38 36 33 93 87 81 40 28 49 43 10 78 46 72 23 82 58 17 54 56 11 28 48 40 96 29 21 54 60 35 21 88 85 59 38 94 86 71 96 88 27 44 85 57 57 98 46 87 96 61 19 52 45 33 13 45 76 11 85 64 60 10
61 12 33 69 75 43 98 63 23 96 71 24 51 30 40 0 83 57 70 90 18 78 53 18 71 74 54 67 76 84 96 20 34 37 22 80 87 49 27 31 36 67 90 80 59 96 33 48 96 65 98 11 23 10 55 11 18 29 91 29 13 53 75 92 70 30 32 51 73 63 32 26 52 65 11 37 99 41 92 44 99 66 14 24 62 79 43 70 46 90 68 57 53 58 93 14 77 71 28 16 26 51 73 41 26 32 90 27 26 69 63 29 94 10 70 44 85 36 49 62 42 17 42 59 73 18 78 79 20 68 43 56 28 73 48 31 23 94 47 98
90 85 56 94 34 16 60 28 73 94 84 22 10 56 43 83 0 44 88 82 51 12 33 69 72 36 26 62 75 65 34 56 55 42 93 14 86 24 30 20 32 66 56 61 12 27 74 80 68 63 36 36 47 60 46 59 89 33 67 41 60 12 22 46 72 15 17 24 72 65 99 11 26 22 68 46 33 48 37 86 26 63 66 49 67 12 42 77 60 52 97 18 66 69 15 44 23 78 68 98 92 32 40 84 24 60 89 25 51 79 96 45 46 55 62 98 23 84 67 60 19 48 96 16 68 83 73 11 74 93 70 19 61 32 97 23 16 91 65 99
87 76 99 99 80 67 11 86 73 16 92 51 53 97 26 57 44 0 15 10 10 61 63 58 56 60 32 53 30 49 68 12 35 15 46 64 44 94 81 63 99 26 22 98 28 20 46 50 68 15 16 55 38 19 86 62 57 70 62 33 66 43 36 47 31 86 45 63 45 99 29 70 73 57 95 19 27 69 98 82 49 29 10 67 40 75 32 80 11 17 46 41 65 23 51 90 59 17 35 34 54 91 31 92 27 74 59 58 29 43 14 49 83 54 56 48 94 14 88 60 33 54 27 18 71 71 42 38 25 89 95 77 97 71 30 92 74 45 33 40
26 17 48 66 79 14 30 65 76 28 99 79 65 98 51 70 88 15 0 81 79 14 20 72 37 80 90 52 87 21 93 22 36 88 94 12 94 22 22 61 14 41 91 17 21 81 91 65 95 36 62 99 40 62 85 92 25 33 47 80 48 49 12 15 97 87 96 72 74 72 27 71 68 21 18 25 76 16 33 70 62 99 86 45 74 37 41 48 28 37 47 17 73 16 58 50 87 71 37 69 60 54 55 78 77 34 26 28 79 71 59 29 11 63 77 25 90 79 28 11 50 37 94 92 25 22 59 76 70 59 63 77 10 49 44 35 73 48 65 49
68 21 32 94 29 51 31 79 56 26 29 36 46 55 91 90 82 10 81 0 75 51 75 81 82 36 73 64 13 29 86 86 43 90 55 47 73 41 50 36 33 63 20 90 65 75 59 49 17 88 83 76 74 73 83 11 68 90 67 79 24 82 20 16 23 89 83 12 10 28 45 16 42 26 90 87 47 74 75 12 13 98 36 31 24 88 14 87 70 21 53 16 98 76 53 75 65 66 99 49 58 41 37 44 92 31 47 75 20 94 57 69 30 10 65 63 80 73 91 35 21 53 64 61 84 66 77 38 18 26 52 76 48 78 72 39 20 25 71 20
22 19 84 26 97 31 59 57 18 41 38 33 17 34 52 18 51 10 79 75 0 45 48 59 73 13 54 91 47 61 99 84 23 27 36 77 16 26 79 42 53 40 90 45 13 56 29 46 32 98 93 10 87 19 15 42 39 26 26 20 84 80 75 54 48 18 31 82 19 44 10 51 67 89 98 33 78 19 22 30 23 62 45 23 14 31 17 63 57 65 87 90 52 18 69 40 54 15 74 58 41 66 98 97 51 95 73 97 53 47 37 80 90 14 61 24 77 59 35 94 93 91 67 18 21 89 74 92 76 49 22 35 33 49 91 72 11 24 66 20
57 72 67 48 51 83 70 97 55 85 37 14 14 74 56 78 12 61 14 51 45 0 42 34 15 38 90 88 28 54 56 85 26 38 89 93 66 24 34 70 18 52 33 60 12 21 77 39 71 58 86 97 33 89 48 46 80 62 27 84 37 78 34 41 20 15 91 11 36 44 19 11 20 55 51 96 85 30 26 18 22 49 84 21 25 56 20 36 92 15 27 93 65 44 81 55 20 44 91 56 88 51 52 43 29 50 70 59 68 53 75 14 45 67 35 29 94 31 97 53 87 92 46 34 52 96 40 19 32 10 47 80 37 67 54 49 46 26 12 76
44 50 41 14 56 60 68 30 96 93 36 29 14 41 26 53 33 63 20 75 48 42 0 29 20 74 61 67 86 96 76 14 62 29 32 28 86 38 11 31 47 42 54 50 73 16 87 52 17 66 68 11 64 99 53 28 85 80 85 97 24 83 58 70 10 71 93 73 14 19 90 59 54 32 45 38 44 94 11 18 24 21 97 14 27 72 82 91 89 44 48 68 15 16 34 71 95 48 49 78 93 91 24 88 67 97 77 26 82 86 36 34 73 82 69 12 31 52 50 81 78 18 24 89 90 60 77 18 78 78 97 35 40 32 80 21 54 28 29 65
81 36 68 59 21 67 42 32 39 42 97 47 67 41 13 18 69 58 72 81 59 34 29 0 23 81 41 37 19 93 24 46 20 87 43 50 96 76 37 99 84 12 79 90 93 88 80 80 11 54 14 55 17 10 89 28 89 69 47 26 15 23 31 24 16 52 52 37 12 31 16 50 49 32 95 27 87 13 29 72 62 81 46 51 55 66 24 26 55 54 55 25 81 98 22 87 26 69 50 13 97 63 20 91 49 27 70 68 15 22 36 31 88 14 61 86 93 22 70 72 71 22 41 90 39 68 90 87 22 71 36 20 36 13 61 57 41 33 96 75
75 52 40 24 27 88 77 50 74 24 44 20 55 45 58 71 72 56 37 82 73 15 20 23 0 83 60 52 26 30 78 87 78 45 13 13 22 18 93 72 55 74 50 95 33 43 20 84 31 98 79 37 43 21 56 46 92 44 71 11 64 12 31 77 75 34 46 25 68 61 67 84 24 10 69 38 68 10 94 27 35 53 70 94 27 66 24 20 29 15 75 28 80 37 46 22 71 59 60 76 29 44 18 24 31 52 31 18 67 88 15 81 86 21 95 97 15 75 40 88 14 92 30 17 24 25 23 15 22 50 46 81 62 34 42 37 45 60 43 61
61 39 28 61 75 31 43 60 72 61 35 98 30 47 59 74 36 60 80 36 13 38 74 81 83 0 88 26 97 51 71 18 11 75 89 16 26 30 97 62 72 51 97 50 86 92 86 49 62 99 94 23 75 49 76 75 53 59 88 29 54 17 76 63 18 70 10 55 86 57 26 16 82 44 44 65 55 16 67 40 20 85 68 64 67 57 67 81 97 60 24 68 20 32 38 22 51 47 64 12 17 68 61 31 41 92 92 92 45 31 47 76 22 94 92 79 18 62 70 97 18 12 50 46 76 77 87 63 20 58 71 29 32 32 48 13 35 24 54 92
48 56 96 91 61 19 80 60 92 89 68 47 19 30 78 54 26 32 90 73 54 90 61 41 60 88 0 90 44 91 95 79 78 59 39 85 54 30 64 25 87 97 73 67 38 87 49 27 99 79 67 84 71 63 47 60 86 28 73 22 86 47 39 18 88 82 25 88 50 25 71 26 44 61 24 46 35 90 76 92 97 72 55 14 77 84 59 12 94 74 87 64 75 34 97 42 12 11 84 81 80 93 45 54 93 26 29 45 70 35 33 22 14 28 71 14 53 11 46 71 82 88 31 55 53 77 80 64 21 90 63 96 24 74 68 13 19 10 65 98
10 85 34 13 11 46 27 80 57 79 94 90 70 87 62 67 62 53 52 64 91 88 67 37 52 26 90 0 11 94 61 21 84 29 97 88 80 99 92 23 51 74 19 61 53 38 98 71 90 40 37 31 26 38 49 36 92 29 96 50 30 45 17 54 81 41 18 44 32 77 50 99 73 61 31 25 57 85 48 59 73 58 69 79 73 89 73 63 53 84 25 95 68 64 50 14 61 50 54 26 22 76 99 42 62 13 27 41 86 61 84 74 42 58 68 43 16 79 12 35 88 99 73 22 97 13 11 60 79 35 21 61 26 56 44 25 31 83 78 54
74 21 29 60 20 36 78 19 11 85 92 52 76 85 29 76 75 30 87 13 47 28 86 19 26 97 44 11 0 13 78 66 91 46 16 62 84 53 90 77 91 64 69 62 69 49 38 79 38 50 64 81 69 26 90 41 36 33 13 42 99 89 79 55 45 21 99 65 25 21 88 86 12 32 33 12 99 94 84 73 28 29 24 75 99 87 28 10 20 44 87 27 97 27 27 24 78 84 27 19 23 20 48 33 33 27 52 56 62 43 99 10 85 44 45 35 30 89 65 80 85 34 27 66 13 42 55 77 87 73 72 18 99 96 45 79 62 27 26 39
30 93 79 67 14 68 82 19 89 80 98 78 71 47 37 84 65 49 21 29 61 54 96 93 30 51 91 94 13 0 46 66 94 11 92 85 34 17 75 98 25 94 33 67 79 19 86 35 32 31 92 23 58 62 35 55 75 40 93 42 44 25 36 10 83 48 64 33 85 81 11 24 97 18 31 94 80 37 25 43 15 58 74 10 41 46 33 39 50 81 86 95 97 66 32 14 58 98 77 98 87 38 67 69 30 49 52 26 97 47 16 87 31 71 51 53 42 41 80 52 99 14 11 66 48 23 46 23 46 38 19 83 42 96 69 56 28 62 88 65
16 20 90 63 18 46 63 53 35 73 82 95 42 93 42 96 34 68 93 86 99 56 76 24 78 71 95 61 78 46 0 45 65 53 75 11 92 14 50 36 42 83 29 57 29 51 30 53 99 48 24 98 17 33 10 13 72 91 31 37 61 48 71 37 67 83 44 63 74 23 84 80 33 89 64 61 38 67 77 23 83 49 95 63 61 39 30 45 67 12 90 56 41 23 13 97 38 59 40 14 63 99 46 13 13 19 75 76 95 44 38 50 14 72 31 22 64 14 23 21 45 32 44 58 66 49 17 22 58 68 12 93 79 76 65 83 33 30 85 24
94 91 11 36 42 93 71 80 62 41 62 66 69 86 67 20 56 12 22 86 84 85 14 46 87 18 79 21 66 66 45 0 39 71 41 69 38 47 66 77 87 81 98 76 23 14 56 81 37 16 70 73 28 94 61 20 88 19 59 20 27 25 79 61 98 75 24 61 20 52 78 80 80 60 93 41 79 44 33 60 47 70 88 11 56 42 33 83 85 64 85 54 26 98 93 26 27 90 43 96 12 44 72 67 65 75 75 54 50 41 20 96 70 92 25 80 22 53 21 18 73 62 23 36 95 83 14 68 50 39 91 70 30 40 55 67 54 66 79 63
73 85 95 83 84 32 25 97 89 24 42 95 15 36 29 34 55 35 36 43 23 26 62 20 78 11 78 84 91 94 65 39 0 73 16 64 12 78 27 87 27 11 63 68 41 49 99 34 98 69 92 74 40 43 97 87 95 83 69 47 97 56 27 26 90 47 96 16 29 46 50 46 80 51 54 38 70 39 89 35 62 62 44 15 80 82 15 83 55 72 69 98 99 26 12 49 42 54 85 89 67 49 62 17 13 61 22 74 84 78 43 29 76 66 80 58 86 11 61 98 75 93 38 62 60 23 42 44 61 71 82 96 38 36 21 52 58 46 71 14
60 69 74 67 79 35 66 88 98 40 68 70 13 83 47 37 42 15 88 90 27 38 29 87 45 75 59 29 46 11 53 71 73 0 91 71 61 94 87 28 12 83 25 67 42 91 18 96 17 54 24 94 12 47 74 77 23 17 93 12 64 37 37 83 49 84 55 69 35 33 65 74 94 67 75 80 99 34 33 23 65 36 78 76 13 24 23 56 27 48 75 97 42 99 95 30 63 16 40 73 36 96 13 82 23 43 76 75 17 55 20 23 71 98 65 45 50 36 15 95 44 95 33 12 51 99 37 94 57 50 14 95 68 44 10 29 96 23 72 46
39 50 83 34 31 22 10 56 83 79 60 10 48 26 79 22 93 46 94 55 36 89 32 43 13 89 39 97 16 92 75 41 16 91 0 89 64 35 97 48 75 12 60 46 90 58 17 86 83 87 98 74 40 90 28 76 69 40 84 47 57 63 83 50 66 40 32 51 15 33 44 19 41 20 60 59 36 72 99 99 68 37 49 48 55 67 57 97 95 90 33 61 90 96 79 61 86 98 69 88 14 51 95 56 90 46 70 79 42 21 31 77 38 34 44 60 43 44 49 11 55 80 83 11 23 77 72 78 82 88 97 98 78 29 36 79 50 99 13 56
49 77 48 46 94 94 95 66 59 14 15 57 38 63 47 80 14 64 12 47 77 93 28 50 13 16 85 88 62 85 11 69 64 71 89 0 12 53 89 98 50 66 74 57 88 62 38 56 87 10 56 21 88 48 66 29 65 68 27 47 67 19 74 69 98 53 48 49 21 77 70 66 92 57 12 15 90 79 80 88 88 11 44 41 59 28 48 39 84 44 78 26 70 25 81 49 60 94 43 97 72 55 17 25 74 71 48 53 96 13 25 37 72 91 41 43 99 68 86 47 15 43 65 70 73 57 72 57 52 98 66 84 70 75 52 85 36 11 71 49
88 16 95 47 85 30 65 57 78 49 17 60 55 66 22 87 86 44 94 73 16 66 86 96 22 26 54 80 84 34 92 38 12 61 64 12 0 13 88 51 51 72 70 35 29 64 52 86 13 96 32 58 32 28 78 27 49 90 67 41 64 57 49 24 76 94 73 73 37 96 64 71 60 70 77 31 39 86 75 86 96 99 11 66 85 44 33 47 85 99 67 66 56 27 65 53 44 33 93 32 44 41 64 84 57 75 18 90 33 68 83 95 61 54 37 46 75 93 67 46 41 70 89 73 93 49 69 90 88 98 79 18 96 53 95 91 45 60 17 96
21 13 79 58 58 53 95 70 86 85 23 50 71 10 53 49 24 94 22 41 26 24 38 76 18 30 30 99 53 17 14 47 78 94 35 53 13 0 23 47 68 54 42 96 30 90 11 49 84 94 31 21 33 47 64 76 97 67 51 25 69 13 23 57 33 42 50 70 88 17 65 12 53 72 97 26 33 55 32 63 18 12 85 38 76 30 72 30 63 57 86 45 13 15 11 62 52 95 58 33 35 25 78 56 54 54 44 11 25 12 72 93 62 66 62 16 66 91 11 77 69 26 22 27 55 59 90 18 77 27 83 69 29 36 74 31 67 75 85 69
12 24 76 20 86 84 76 26 43 36 93 63 98 96 78 27 30 81 22 50 79 34 11 37 93 97 64 92 90 75 50 66 27 87 97 89 88 23 0 42 98 98 95 50 12 79 59 93 94 71 63 61 45 21 24 84 22 29 46 57 94 18 38 18 61 46 80 61 30 41 70 39 91 89 63 29 77 41 27 94 95 65 34 47 23 44 68 40 89 16 66 27 47 57 43 94 19 91 72 52 75 69 71 15 40 87 75 58 61 83 31 73 61 80 46 32 24 79 45 45 12 35 21 66 51 77 42 22 97 92 74 80 67 49 76 39 71 19 66 45
95 18 34 33 29 56 97 58 22 17 69 91 80 78 14 31 20 63 61 36 42 70 31 99 72 62 25 23 77 98 36 77 87 28 48 98 51 47 42 0 48 24 65 98 77 89 97 60 73 33 64 41 54 74 15 31 45 25 64 26 86 94 49 27 35 52 35 72 95 47 94 98 15 27 31 22 20 68 47 52 95 50 29 13 60 86 95 93 23 40 53 45 23 43 41 88 34 56 94 98 67 57 61 32 51 28 29 86 72 21 18 22 56 24 92 23 72 87 46 43 86 51 47 69 46 63 73 79 31 10 87 12 15 59 42 29 61 68 22 73
31 24 10 19 24 27 17 40 62 88 86 10 23 36 55 36 32 99 14 33 53 18 47 84 55 72 87 51 91 25 42 87 27 12 75 50 51 68 98 48 0 47 65 45 64 80 79 95 51 32 47 58 15 22 86 46 24 61 38 58 86 95 17 85 81 45 19 97 61 58 22 74 65 18 40 51 19 33 28 45 74 39 26 62 73 93 70 14 63 95 24 36 49 36 27 50 45 13 67 81 34 41 87 42 47 36 96 26 85 39 78 56 55 75 70 50 77 63 72 48 93 15 83 66 51 97 63 25 48 58 62 18 58 26 19 27 77 73 59 92
35 65 46 77 80 22 79 28 76 30 36 14 25 19 36 67 66 26 41 63 40 52 42 12 74 51 97 74 64 94 83 81 11 83 12 66 72 54 98 24 47 0 12 53 40 26 47 26 73 29 61 18 38 61 68 55 55 79 75 35 17 60 81 62 21 90 12 86 64 91 88 30 51 38 80 79 79 92 66 51 48 32 72 31 13 22 52 26 99 33 90 76 86 99 19 99 40 38 14 84 24 39 36 82 94 36 10 92 56 69 30 38 92 56 76 38 14 91 28 83 43 68 85 66 80 50 92 34 26 12 35 99 16 90 17 67 14 33 91 79
11 35 83 28 52 62 21 96 59 72 84 70 32 59 43 90 56 22 91 20 90 33 54 79 50 97 73 19 69 33 29 98 63 25 60 74 70 42 95 65 65 12 0 96 99 43 84 56 27 23 31 73 84 52 32 57 34 12 27 79 72 39 78 44 69 59 24 52 39 35 30 88 53 87 10 64 62 23 63 86 21 66 50 99 80 83 96 30 14 49 25 33 51 24 66 95 27 20 93 66 77 24 45 82 93 97 17 68 88 41 48 43 65 11 12 58 82 54 58 67 49 55 25 70 93 23 96 68 70 68 31 19 17 27 42 19 81 74 67 18
15 84 52 30 16 68 24 82 25 12 50 33 25 36 72 80 61 98 17 90 45 60 50 90 95 50 67 61 62 67 57 76 68 67 46 57 35 96 50 98 45 53 96 0 48 63 97 96 27 31 60 24 44 89 66 22 97 42 77 53 18 14 98 29 11 23 65 53 76 30 49 15 26 14 54 68 72 32 57 64 64 55 57 88 79 73 80 17 48 46 33 14 10 31 26 93 25 89 83 17 54 96 59 87 94 64 28 16 61 93 21 29 71 69 80 51 96 41 84 37 89 59 35 54 10 62 21 57 31 21 51 84 97 48 29 60 76 66 41 12
18 87 53 63 82 92 85 58 66 62 57 88 23 87 40 59 12 28 21 65 13 12 73 93 33 86 38 53 69 79 29 23 41 42 90 88 29 30 12 77 64 40 99 48 0 48 58 43 83 28 52 49 59 72 82 93 79 34 77 86 31 79 42 22 67 36 59 48 92 10 51 21 91 43 92 83 50 34 69 86 15 99 29 84 35 62 61 85 95 95 37 15 33 15 40 18 84 74 46 45 57 80 74 53 71 25 64 53 33 70 89 71 18 25 37 62 35 23 22 51 51 71 78 66 92 11 96 56 85 81 37 15 48 78 67 81 73 73 28 18
68 73 86 72 11 83 92 73 72 24 88 82 20 30 26 96 27 20 81 75 56 21 16 88 43 92 87 38 49 19 51 14 49 91 58 62 64 90 79 89 80 26 43 63 48 0 46 76 83 74 49 34 40 12 51 73 58 70 97 68 99 14 97 61 17 85 87 46 93 57 55 79 97 45 58 62 85 71 55 34 68 46 88 18 39 83 59 31 27 16 56 31 15 88 10 12 23 75 74 16 53 70 22 32 48 34 43 46 74 87 99 35 12 21 80 82 93 14 84 42 15 67 14 73 34 76 44 93 37 80 62 29 82 49 92 11 93 26 51 51
54 58 45 38 66 45 15 56 47 33 51 86 69 88 41 33 74 46 91 59 29 77 87 80 20 86 49 98 38 86 30 56 99 18 17 38 52 11 59 97 79 47 84 97 58 46 0 81 25 99 26 72 95 79 68 86 96 95 84 88 52 52 75 58 35 27 93 66 91 72 57 50 29 90 96 95 57 33 80 95 50 59 36 24 66 38 16 91 51 87 39 52 89 13 68 88 22 71 26 81 36 49 29 71 86 16 96 65 80 89 54 84 15 17 73 77 52 12 44 57 39 84 28 12 76 45 81 22 40 10 58 36 65 87 91 78 64 14 28 98
98 61 48 67 82 64 57 26 17 59 75 21 70 64 10 48 80 50 65 49 46 39 52 80 84 49 27 71 79 35 53 81 34 96 86 56 86 49 93 60 95 26 56 96 43 76 81 0 44 91 28 81 93 50 89 53 79 10 35 22 61 88 58 97 19 82 87 56 42 87 11 37 71 80 67 89 21 99 84 39 84 60 40 60 79 38 90 22 39 17 95 75 22 88 38 38 11 88 70 41 31 56 95 11 13 89 70 68 61 22 72 85 97 23 26 15 18 13 52 56 29 34 96 68 59 52 74 31 36 76 86 12 57 49 78 95 62 68 37 51
50 75 16 60 99 94 30 29 24 45 33 30 26 79 40 96 68 68 95 17 32 71 17 11 31 62 99 90 38 32 99 37 98 17 83 87 13 84 94 73 51 73 27 27 83 83 25 44 0 61 41 93 91 31 33 37 70 90 85 31 55 96 13 15 90 96 33 80 20 77 32 74 63 41 82 37 49 44 53 87 77 26 26 92 65 66 81 96 81 16 53 38 58 81 77 28 82 11 61 46 98 58 87 94 58 89 36 80 34 45 26 73 29 68 51 24 16 85 18 17 47 46 95 73 64 57 67 69 97 54 70 54 59 32 62 86 92 33 28 37
32 23 13 41 11 70 13 57 51 79 55 75 67 44 84 65 63 15 36 88 98 58 66 54 98 99 79 40 50 31 48 16 69 54 87 10 96 94 71 33 32 29 23 31 28 74 99 91 61 0 15 31 26 69 96 69 63 44 30 23 94 75 95 57 18 16 91 38 17 34 22 60 51 63 96 54 87 19 93 83 46 25 67 40 27 18 95 35 17 70 63 28 26 46 41 12 88 72 36 14 80 78 35 74 27 96 83 25 36 38 44 91 71 40 23 63 12 88 69 89 51 31 14 27 85 73 37 47 50 76 69 79 67 60 65 78 17 92 48 91
49 95 57 96 82 65 91 55 18 22 67 47 68 49 86 98 36 16 62 83 93 86 68 14 79 94 67 37 64 92 24 70 92 24 98 56 32 31 63 64 47 61 31 60 52 49 26 28 41 15 0 88 99 32 55 48 44 18 45 12 48 40 67 57 83 73 26 72 76 30 86 43 86 83 61 90 11 24 14 44 84 32 57 12 71 42 49 86 59 85 42 51 50 12 18 89 60 26 63 80 36 39 38 41 64 34 59 16 38 18 26 91 38 10 58 12 22 71 87 65 21 77 85 12 85 96 48 10 11 90 81 14 24 59 91 75 60 81 63 57
15 95 16 70 99 97 73 41 13 76 60 27 60 41 43 11 36 55 99 76 10 97 11 55 37 23 84 31 81 23 98 73 74 94 74 21 58 21 61 41 58 18 73 24 49 34 72 81 93 31 88 0 64 61 65 64 95 25 69 95 66 33 73 41 66 67 25 92 55 82 61 18 76 68 45 41 95 82 67 71 52 94 76 51 86 56 90 86 27 89 17 12 38 22 51 18 52 47 20 45 68 80 26 79 20 62 97 59 46 65 12 28 84 64 76 15 57 35 51 60 78 13 89 91 59 69 64 68 45 44 44 72 53 99 68 85 11 61 70 42
79 53 50 72 76 13 68 91 91 58 65 29 82 97 44 23 47 38 40 74 87 33 64 17 43 75 71 26 69 58 17 28 40 12 40 88 32 33 45 54 15 38 84 44 59 40 95 93 91 26 99 64 0 49 62 96 86 69 39 97 18 50 11 28 26 15 48 18 64 24 60 32 60 43 42 10 10 20 39 84 13 78 92 96 80 88 21 28 29 58 76 87 84 41 85 82 99 46 30 55 42 15 72 91 32 23 45 71 91 97 27 96 95 72 43 73 70 73 80 89 71 71 94 52 17 63 44 28 83 32 56 94 69 84 63 45 59 59 84 85
79 50 41 93 63 45 97 17 59 51 15 10 17 62 84 10 60 19 62 73 19 89 99 10 21 49 63 38 26 62 33 94 43 47 90 48 28 47 21 74 22 61 52 89 72 12 79 50 31 69 32 61 49 0 16 19 67 96 11 73 30 92 87 88 31 54 55 27 83 81 82 79 86 89 31 13 68 83 42 83 49 90 90 31 35 49 75 39 38 90 11 71 28 78 17 41 50 78 45 39 14 14 32 77 97 33 63 92 75 74 54 54 91 76 82 26 50 23 35 92 56 68 75 89 61 23 39 33 21 73 97 74 61 98 89 24 89 12 38 36
40 13 22 29 59 11 70 20 54 49 24 88 80 48 35 55 46 86 85 83 15 48 53 89 56 76 47 49 90 35 10 61 97 74 28 66 78 64 24 15 86 68 32 66 82 51 68 89 33 96 55 65 62 16 0 63 78 56 63 22 81 26 73 56 52 25 34 71 80 96 79 35 42 34 52 60 23 63 35 85 57 22 69 48 76 21 45 29 77 75 34 92 80 33 16 93 85 61 65 25 16 34 65 65 29 14 56 25 69 74 15 40 67 26 40 15 39 79 66 63 70 31 82 78 66 22 96 66 38 49 81 10 16 80 91 90 72 93 93 37
94 32 26 48 50 13 48 16 68 19 42 71 44 76 75 11 59 62 92 11 42 46 28 28 46 75 60 36 41 55 13 20 87 77 76 29 27 76 84 31 46 55 57 22 93 73 86 53 37 69 48 64 96 19 63 0 82 92 52 89 11 36 38 74 15 12 34 45 95 89 34 93 20 13 70 27 20 76 35 81 43 20 31 77 77 81 26 64 18 36 74 70 42 81 43 94 87 52 12 50 50 45 42 23 92 39 27 83 84 61 15 57 20 85 84 14 42 59 63 88 42 98 99 55 57 41 84 14 74 28 13 54 68 44 25 65 42 81 97 28
94 95 87 98 17 95 63 73 11 73 54 93 35 37 16 18 89 57 25 68 39 80 85 89 92 53 86 92 36 75 72 88 95 23 69 65 49 97 22 45 24 55 34 97 79 58 96 79 70 63 44 95 86 67 78 82 0 26 56 27 10 14 38 27 14 80 85 47 61 10 20 68 42 81 21 42 40 28 63 10 50 52 80 82 47 19 22 48 83 42 18 62 99 31 87 95 40 80 55 44 24 88 58 29 37 30 63 27 16 24 60 82 15 78 74 21 32 55 58 37 68 51 51 54 70 66 32 34 25 93 82 10 24 48 27 46 52 60 45 95
23 89 57 29 33 48 35 53 74 22 27 61 80 44 33 29 33 70 33 90 26 62 80 69 44 59 28 29 33 40 91 19 83 17 40 68 90 67 29 25 61 79 12 42 34 70 95 10 90 44 18 25 69 96 56 92 26 0 44 74 69 67 68 67 31 28 73 39 96 66 86 63 35 71 30 40 34 13 46 78 51 98 57 49 75 93 41 48 67 58 36 31 15 46 31 41 37 20 20 10 16 93 73 58 60 68 12 53 44 44 68 41 51 10 27 52 72 17 16 29 66 64 50 61 99 72 86 88 17 42 58 84 28 98 93 77 30 24 70 99
40 81 28 99 46 17 40 41 82 79 26 35 10 27 53 91 67 62 47 67 26 27 85 47 71 88 73 96 13 93 31 59 69 93 84 27 67 51 46 64 38 75 27 77 77 97 84 35 85 30 45 69 39 11 63 52 56 44 0 53 23 85 75 93 32 43 36 39 93 94 24 88 60 87 34 20 96 24 97 93 86 65 44 47 51 38 38 84 60 87 73 42 29 23 68 32 58 43 98 25 27 71 29 45 46 29 32 39 76 34 72 29 66 88 49 34 57 54 15 41 98 34 72 96 25 72 12 49 19 19 16 95 18 84 99 93 36 28 75 88
94 48 21 28 87 24 53 68 17 71 61 98 79 99 78 29 41 33 80 79 20 84 97 26 11 29 22 50 42 42 37 20 47 12 47 47 41 25 57 26 58 35 79 53 86 68 88 22 31 23 12 95 97 73 22 89 27 74 53 0 28 92 10 75 51 23 66 14 31 88 93 29 32 71 11 73 64 71 96 88 70 14 91 40 45 72 52 33 17 63 89 83 82 48 41 10 72 88 38 66 76 91 17 92 57 21 47 98 24 67 35 68 57 43 25 53 84 43 26 76 92 95 22 64 13 71 19 22 29 69 16 18 64 69 56 83 80 83 26 79
85 65 98 61 46 45 45 81 82 33 19 69 78 81 86 13 60 66 48 24 84 37 24 15 64 54 86 30 99 44 61 27 97 64 57 67 64 69 94 86 86 17 72 18 31 99 52 61 55 94 48 66 18 30 81 11 10 69 23 28 0 48 39 65 35 95 19 39 67 10 13 69 58 85 52 24 13 51 36 13 17 80 32 22 88 38 95 38 89 42 56 38 15 36 63 90 45 93 42 69 35 88 94 57 73 64 13 41 97 75 43 33 65 95 51 96 85 40 90 81 30 23 89 43 70 53 33 73 87 57 28 44 61 78 51 72 64 80 74 91
85 50 37 34 69 30 30 70 86 53 34 53 51 69 62 53 12 43 49 82 80 78 83 23 12 17 47 45 89 25 48 25 56 37 63 19 57 13 18 94 95 60 39 14 79 14 52 88 96 75 40 33 50 92 26 36 14 67 85 92 48 0 79 53 11 68 21 16 33 81 28 35 29 26 96 70 63 67 91 84 65 43 38 63 94 21 18 32 30 18 80 36 11 73 25 94 11 75 37 85 45 33 88 44 40 54 69 56 12 32 56 29 46 67 11 50 23 13 42 92 11 35 99 84 17 79 36 97 42 42 42 59 79 96 13 10 19 67 41 65
12 90 97 15 28 20 28 56 85 25 21 53 85 86 53 75 22 36 12 20 75 34 58 31 31 76 39 17 79 36 71 79 27 37 83 74 49 23 38 49 17 81 78 98 42 97 75 58 13 95 67 73 11 87 73 38 38 68 75 10 39 79 0 44 19 40 21 26 25 92 74 56 44 63 39 20 56 98 19 11 81 39 12 78 41 57 77 95 98 11 47 43 24 32 27 91 70 67 49 67 87 44 85 98 42 50 29 98 38 35 16 61 45 92 69 46 87 99 97 84 61 64 76 39 47 59 95 39 37 58 71 66 15 73 45 27 37 85 71 99
53 77 11 58 20 25 71 29 47 26 24 27 50 79 25 92 46 47 15 16 54 41 70 24 77 63 18 54 55 10 37 61 26 83 50 69 24 57 18 27 85 62 44 29 22 61 58 97 15 57 57 41 28 88 56 74 27 67 93 75 65 53 44 0 11 31 62 31 85 80 75 67 58 87 94 35 24 90 57 99 89 35 99 52 89 46 16 81 36 33 15 98 93 74 38 87 79 61 29 59 56 16 70 18 94 58 40 12 94 46 11 43 64 60 88 69 83 37 94 29 34 33 26 51 95 55 57 48 91 73 92 20 38 18 11 87 45 47 72 40
74 88 50 85 38 58 32 35 86 87 98 59 75 30 98 70 72 31 97 23 48 20 10 16 75 18 88 81 45 83 67 98 90 49 66 98 76 33 61 35 81 21 69 11 67 17 35 19 90 18 83 66 26 31 52 15 14 31 32 51 35 11 19 11 0 65 48 15 81 28 70 84 18 22 70 49 88 78 96 66 33 38 67 36 97 96 62 61 60 94 31 30 73 26 91 98 22 70 85 46 98 90 12 58 48 86 65 17 34 97 83 28 61 83 75 76 49 36 30 84 16 92 33 83 72 11 38 57 18 16 99 87 73 41 31 76 39 61 12 72
15 70 25 50 97 16 46 64 81 86 31 12 54 60 13 30 15 86 87 89 18 15 71 52 34 70 82 41 21 48 83 75 47 84 40 53 94 42 46 52 45 90 59 23 36 85 27 82 96 16 73 67 15 54 25 12 80 28 43 23 95 68 40 31 65 0 72 14 96 69 45 73 19 60 39 13 24 48 15 12 39 94 87 82 14 10 27 60 34 23 57 72 52 73 85 81 57 64 10 35 92 39 71 46 67 42 11 38 60 80 29 92 29 36 21 51 80 41 20 19 59 38 21 69 59 63 67 43 66 28 57 95 52 96 28 36 74 44 92 76
57 15 92 39 21 43 96 56 53 60 27 12 83 30 58 32 17 45 96 83 31 91 93 52 46 10 25 18 99 64 44 24 96 55 32 48 73 50 80 35 19 12 24 65 59 87 93 87 33 91 26 25 48 55 34 34 85 73 36 66 19 21 21 62 48 72 0 13 66 14 16 77 65 41 66 75 41 96 17 90 39 43 12 29 14 18 70 85 67 96 79 77 76 64 18 18 89 40 62 30 54 37 52 73 62 16 14 13 90 91 93 69 12 39 61 66 44 40 20 14 66 63 30 73 61 63 48 23 11 50 15 93 92 57 52 32 23 37 72 23
35 87 41 86 25 99 64 59 42 53 11 23 51 61 45 51 24 63 72 12 82 11 73 37 25 55 88 44 65 33 63 61 16 69 51 49 73 70 61 72 97 86 52 53 48 46 66 56 80 38 72 92 18 27 71 45 47 39 39 14 39 16 26 31 15 14 13 0 19 69 72 59 37 78 67 75 77 43 73 82 15 97 59 19 53 41 24 16 87 35 13 58 99 26 18 21 29 16 81 32 23 85 71 87 58 37 62 95 46 82 43 55 18 52 23 77 54 90 31 24 16 29 10 80 41 47 79 29 29 97 72 81 21 82 37 96 71 17 51 90
52 54 54 92 58 35 49 29 77 97 22 94 29 51 15 73 72 45 74 10 19 36 14 12 68 86 50 32 25 85 74 20 29 35 15 21 37 88 30 95 61 64 39 76 92 93 91 42 20 17 76 55 64 83 80 95 61 96 93 31 67 33 25 85 81 96 66 19 0 95 76 64 11 60 72 89 91 75 75 28 21 27 18 95 98 91 21 29 38 75 16 41 26 83 28 91 72 10 76 39 44 76 66 66 64 52 32 81 44 52 70 96 30 96 97 87 81 91 28 29 86 32 45 64 41 75 83 57 68 91 48 68 43 14 10 89 73 21 31 20
38 53 26 85 35 80 79 97 57 32 68 72 31 39 73 63 65 99 72 28 44 44 19 31 61 57 25 77 21 81 23 52 46 33 33 77 96 17 41 47 58 91 35 30 10 57 72 87 77 34 30 82 24 81 96 89 10 66 94 88 10 81 92 80 28 69 14 69 95 0 39 11 18 99 89 98 18 23 63 41 32 77 22 19 74 96 71 83 53 11 56 97 13 55 44 61 28 84 79 13 30 36 20 17 36 22 16 46 44 50 59 61 29 41 94 81 39 54 48 70 60 87 89 46 35 95 76 20 32 64 88 31 97 66 86 22 35 39 52 11
31 61 69 54 15 84 62 76 29 79 28 86 48 55 28 32 99 29 27 45 10 19 90 16 67 26 71 50 88 11 84 78 50 65 44 70 64 65 70 94 22 88 30 49 51 55 57 11 32 22 86 61 60 82 79 34 20 86 24 93 13 28 74 75 70 45 16 72 76 39 0 70 13 21 51 41 50 78 35 53 66 73 15 53 20 60 14 12 31 27 31 47 50 82 36 64 82 33 54 27 83 20 74 85 47 28 64 21 91 25 10 60 54 52 57 36 19 86 17 53 57 23 18 13 40 10 63 22 85 42 63 84 27 63 97 67 89 43 77 37
83 64 16 37 79 20 96 43 87 10 76 82 58 63 51 26 11 70 71 16 51 11 59 50 84 16 26 99 86 24 80 80 46 74 19 66 71 12 39 98 74 30 88 15 21 79 50 37 74 60 43 18 32 79 35 93 68 63 88 29 69 35 56 67 84 73 77 59 64 11 70 0 87 96 11 22 16 81 19 62 64 98 60 32 44 40 13 45 28 42 94 70 79 66 16 22 94 54 22 81 72 85 74 18 32 36 78 42 66 37 78 92 20 23 50 72 74 52 79 57 40 46 86 71 24 55 18 23 47 94 26 26 15 69 12 12 61 32 14 41
55 79 69 38 44 10 79 73 50 30 88 99 15 66 75 52 26 73 68 42 67 20 54 49 24 82 44 73 12 97 33 80 80 94 41 92 60 53 91 15 65 51 53 26 91 97 29 71 63 51 86 76 60 86 42 20 42 35 60 32 58 29 44 58 18 19 65 37 11 18 13 87 0 27 35 12 30 30 13 61 55 34 31 73 70 29 37 84 59 40 46 29 67 20 75 45 79 38 82 41 35 68 33 57 19 99 37 56 83 53 27 46 63 98 19 36 16 94 36 91 43 21 84 23 77 65 28 34 37 10 50 93 22 52 11 56 29 14 83 44
77 42 85 99 62 24 61 57 87 16 21 80 66 26 82 65 22 57 21 26 89 55 32 32 10 44 61 61 32 18 89 60 51 67 20 57 70 72 89 27 18 38 87 14 43 45 90 80 41 63 83 68 43 89 34 13 81 71 87 71 85 26 63 87 22 60 41 78 60 99 21 96 27 0 37 98 36 27 11 53 72 32 49 45 78 58 31 35 38 43 73 26 78 18 66 93 30 87 98 37 13 74 94 89 80 92 84 78 12 46 10 62 93 78 41 81 69 72 92 10 20 98 76 74 49 17 57 33 92 89 39 43 65 38 77 45 31 25 78 91
87 88 37 30 97 27 99 57 32 40 67 20 76 82 21 11 68 95 18 90 98 51 45 95 69 44 24 31 33 31 64 93 54 75 60 12 77 97 63 31 40 80 10 54 92 58 96 67 82 96 61 45 42 31 52 70 21 30 34 11 52 96 39 94 70 39 66 67 72 89 51 11 35 37 0 51 84 48 69 70 71 17 33 95 35 16 26 49 43 11 44 74 34 28 40 67 67 13 16 43 70 89 31 78 15 73 48 61 92 40 69 85 88 12 76 24 81 25 47 72 52 87 62 75 84 84 85 32 58 74 48 27 30 90 74 62 55 23 20 70
92 71 16 13 39 39 75 91 95 28 59 85 87 43 34 37 46 19 25 87 33 96 38 27 38 65 46 25 12 94 61 41 38 80 59 15 31 26 29 22 51 79 64 68 83 62 95 89 37 54 90 41 10 13 60 27 42 40 20 73 24 70 20 35 49 13 75 75 89 98 41 22 12 98 51 0 26 99 94 42 73 68 82 63 13 25 18 93 96 85 53 42 77 75 95 87 76 41 45 49 85 22 97 73 47 83 14 38 84 37 80 29 47 18 71 71 86 57 87 16 37 99 59 71 58 34 76 30 53 86 54 57 84 56 63 98 99 75 33 59
75 77 85 21 92 33 74 25 26 65 40 35 31 29 71 99 33 27 76 47 78 85 44 87 68 55 35 57 99 80 38 79 70 99 36 90 39 33 77 20 19 79 62 72 50 85 57 21 49 87 11 95 10 68 23 20 40 34 96 64 13 63 56 24 88 24 41 77 91 18 50 16 30 36 84 26 0 69 28 56 38 35 30 62 90 66 85 98 71 81 16 32 93 27 27 14 20 23 70 96 31 42 41 57 15 85 45 35 93 27 49 64 52 67 96 10 37 49 86 81 17 54 26 39 46 75 77 25 24 80 81 79 82 26 63 82 40 41 35 99
52 76 36 39 66 34 91 40 68 52 93 32 40 32 45 41 48 69 16 74 19 30 94 13 10 16 90 85 94 37 67 44 39 34 72 79 86 55 41 68 33 92 23 32 34 71 33 99 44 19 24 82 20 83 63 76 28 13 24 71 51 67 98 90 78 48 96 43 75 23 78 81 30 27 48 99 69 0 63 91 48 21 56 96 39 75 22 83 30 49 77 81 66 56 20 60 50 89 36 67 79 63 32 99 27 57 58 83 43 52 81 81 22 40 54 62 13 63 98 22 74 97 49 18 69 33 36 78 59 29 10 22 93 52 10 38 36 84 49 24
78 81 17 22 32 57 68 93 92 81 57 90 78 17 38 92 37 98 33 75 22 26 11 29 94 67 76 48 84 25 77 33 89 33 99 80 75 32 27 47 28 66 63 57 69 55 80 84 53 93 14 67 39 42 35 35 63 46 97 96 36 91 19 57 96 15 17 73 75 63 35 19 13 11 69 94 28 63 0 45 64 81 44 24 27 78 49 32 98 63 44 34 72 89 55 54 15 48 11 19 26 86 60 69 59 99 11 58 24 16 83 36 95 74 52 74 53 99 48 95 58 11 68 96 14 91 96 19 32 91 17 41 68 63 44 87 76 77 90 39
93 40 64 80 79 36 26 21 63 84 18 40 89 58 36 44 86 82 70 12 30 18 18 72 27 40 92 59 73 43 23 60 35 23 99 88 86 63 94 52 45 51 86 64 86 34 95 39 87 83 44 71 84 83 85 81 10 78 93 88 13 84 11 99 66 12 90 82 28 41 53 62 61 53 70 42 56 91 45 0 46 86 30 99 76 97 85 83 75 42 25 11 62 77 23 28 65 14 80 92 18 16 72 27 15 94 49 67 34 37 14 38 41 56 53 52 31 86 44 65 25 15 70 56 90 65 95 63 87 87 21 32 35 78 56 34 60 94 46 53
57 19 54 86 16 98 13 40 17 31 78 78 59 64 33 99 26 49 62 13 23 22 24 62 35 20 97 73 28 15 83 47 62 65 68 88 96 18 95 95 74 48 21 64 15 68 50 84 77 46 84 52 13 49 57 43 50 51 86 70 17 65 81 89 33 39 39 15 21 32 66 64 55 72 71 73 38 48 64 46 0 24 16 94 48 45 85 68 87 65 53 27 91 11 48 14 87 87 41 44 72 15 71 69 88 11 95 28 73 61 96 96 30 40 38 15 15 43 54 29 44 45 35 53 79 21 33 56 94 29 92 92 35 47 34 33 93 17 40 99
70 27 95 57 18 23 71 91 88 97 12 60 58 47 93 66 63 29 99 98 62 49 21 81 53 85 72 58 29 58 49 70 62 36 37 11 99 12 65 50 39 32 66 55 99 46 59 60 26 25 32 94 78 90 22 20 52 98 65 14 80 43 39 35 38 94 43 97 27 77 73 98 34 32 17 68 35 21 81 86 24 0 21 47 36 56 97 91 57 18 44 22 33 74 71 69 95 10 52 45 65 21 13 24 78 27 51 57 92 90 63 75 95 85 81 58 63 33 77 29 82 24 67 99 16 71 67 95 83 59 30 13 52 50 51 34 96 45 85 82
50 91 62 68 73 23 70 20 63 94 59 82 95 81 87 14 66 10 86 36 45 84 97 46 70 68 55 69 24 74 95 88 44 78 49 44 11 85 34 29 26 72 50 57 29 88 36 40 26 67 57 76 92 90 69 31 80 57 44 91 32 38 12 99 67 87 12 59 18 22 15 60 31 49 33 82 30 56 44 30 16 21 0 23 11 29 39 80 29 29 73 35 70 50 20 49 51 78 81 68 33 50 41 22 40 95 10 61 62 72 30 61 91 20 28 14 53 90 58 64 58 88 87 72 39 76 45 51 43 23 82 46 41 24 88 41 60 97 65 63
69 81 44 91 81 48 87 30 84 48 69 24 70 88 81 24 49 67 45 31 23 21 14 51 94 64 14 79 75 10 63 11 15 76 48 41 66 38 47 13 62 31 99 88 84 18 24 60 92 40 12 51 96 31 48 77 82 49 47 40 22 63 78 52 36 82 29 19 95 19 53 32 73 45 95 63 62 96 24 99 94 47 23 0 38 12 99 76 33 13 29 61 85 32 75 33 63 89 20 66 44 54 79 87 74 45 72 78 82 47 48 48 85 60 55 39 77 85 69 81 45 16 15 41 99 32 18 21 38 29 63 53 93 55 42 56 92 99 48 39
61 24 28 66 82 83 65 63 72 71 82 62 57 10 40 62 67 40 74 24 14 25 27 55 27 67 77 73 99 41 61 56 80 13 55 59 85 76 23 60 73 13 80 79 35 39 66 79 65 27 71 86 80 35 76 77 47 75 51 45 88 94 41 89 97 14 14 53 98 74 20 44 70 78 35 13 90 39 27 76 48 36 11 38 0 28 64 90 88 14 62 39 31 73 86 93 95 30 79 46 37 61 29 90 89 31 71 45 89 73 75 98 23 39 94 27 64 34 68 87 24 82 79 25 55 43 47 19 21 47 23 28 83 42 32 26 85 34 13 59
28 26 99 40 47 61 65 63 42 62 22 66 17 66 28 79 12 75 37 88 31 56 72 66 66 57 84 89 87 46 39 42 82 24 67 28 44 30 44 86 93 22 83 73 62 83 38 38 66 18 42 56 88 49 21 81 19 93 38 72 38 21 57 46 96 10 18 41 91 96 60 40 29 58 16 25 66 75 78 97 45 56 29 12 28 0 10 25 27 90 91 94 41 84 25 53 47 83 90 73 61 55 99 89 92 56 35 56 31 83 88 56 28 79 78 19 39 68 60 96 24 14 53 30 72 34 80 20 67 30 36 71 95 27 16 32 95 95 25 21
56 17 63 96 76 23 79 42 45 72 98 11 51 26 49 43 42 32 41 14 17 20 82 24 24 67 59 73 28 33 30 33 15 23 57 48 33 72 68 95 70 52 96 80 61 59 16 90 81 95 49 90 21 75 45 26 22 41 38 52 95 18 77 16 62 27 70 24 21 71 14 13 37 31 26 18 85 22 49 85 85 97 39 99 64 10 0 44 65 86 15 97 60 69 17 56 81 26 73 64 29 91 91 25 64 96 30 64 78 38 13 21 36 38 27 85 57 55 92 30 58 55 83 46 72 90 18 65 75 30 34 96 26 90 62 53 68 99 18 58
61 23 70 34 28 89 59 51 82 41 62 29 38 32 43 70 77 80 48 87 63 36 91 26 20 81 12 63 10 39 45 83 83 56 97 39 47 30 40 93 14 26 30 17 85 31 91 22 96 35 86 86 28 39 29 64 48 48 84 33 38 32 95 81 61 60 85 16 29 83 12 45 84 35 49 93 98 83 32 83 68 91 80 76 90 25 44 0 86 96 74 29 79 23 65 13 95 90 53 24 21 52 47 47 58 49 82 95 14 73 56 66 44 48 30 83 20 31 36 36 85 20 54 19 87 25 93 34 95 41 86 98 77 26 15 31 45 69 31 43
13 91 12 87 64 70 16 84 96 85 35 85 39 50 10 46 60 11 28 70 57 92 89 55 29 97 94 53 20 50 67 85 55 27 95 84 85 63 89 23 63 99 14 48 95 27 51 39 81 17 59 27 29 38 77 18 83 67 60 17 89 30 98 36 60 34 67 87 38 53 31 28 59 38 43 96 71 30 98 75 87 57 29 33 88 27 65 86 0 81 50 54 23 19 30 70 82 28 21 19 96 99 28 95 25 64 86 40 55 85 25 70 41 58 21 85 44 68 81 52 68 84 90 66 12 62 41 85 63 86 73 68 55 26 81 80 85 47 85 64
76 53 12 63 12 80 12 82 53 27 16 61 79 23 78 90 52 17 37 21 65 15 44 54 15 60 74 84 44 81 12 64 72 48 90 44 99 57 16 40 95 33 49 46 95 16 87 17 16 70 85 89 58 90 75 36 42 58 87 63 42 18 11 33 94 23 96 35 75 11 27 42 40 43 11 85 81 49 63 42 65 18 29 13 14 90 86 96 81 0 42 72 96 79 53 66 82 33 27 99 11 74 33 99 25 81 66 61 44 50 60 48 16 24 46 29 87 26 65 46 13 97 39 64 17 11 35 39 95 97 77 40 52 69 18 85 82 46 83 89
55 48 23 14 29 31 33 46 32 55 57 22 12 29 46 68 97 46 47 53 87 27 48 55 75 24 87 25 87 86 90 85 69 75 33 78 67 86 66 53 24 90 25 33 37 56 39 95 53 63 42 17 76 11 34 74 18 36 73 89 56 80 47 15 31 57 79 13 16 56 31 94 46 73 44 53 16 77 44 25 53 44 73 29 62 91 15 74 50 42 0 21 37 25 13 70 45 85 70 15 62 89 19 64 81 92 40 97 30 82 28 74 63 83 25 49 92 64 11 62 69 10 64 55 23 30 91 51 98 20 77 76 64 95 30 83 13 14 15 47
65 54 75 87 44 74 36 69 13 18 58 37 79 60 72 57 18 41 17 16 90 93 68 25 28 68 64 95 27 95 56 54 98 97 61 26 66 45 27 45 36 76 33 14 15 31 52 75 38 28 51 12 87 71 92 70 62 31 42 83 38 36 43 98 30 72 77 58 41 97 47 70 29 26 74 42 32 81 34 11 27 22 35 61 39 94 97 29 54 72 21 0 92 69 80 70 92 81 77 29 74 46 82 83 49 18 85 98 24 80 89 62 36 62 38 54 82 62 98 22 17 79 84 74 98 79 98 60 32 57 52 76 93 48 56 32 98 93 30 63
55 62 54 61 99 45 84 48 38 72 96 17 27 27 23 53 66 65 73 98 52 65 15 81 80 20 75 68 97 97 41 26 99 42 90 70 56 13 47 23 49 86 51 10 33 15 89 22 58 26 50 38 84 28 80 42 99 15 29 82 15 11 24 93 73 52 76 99 26 13 50 79 67 78 34 77 93 66 72 62 91 33 70 85 31 41 60 79 23 96 37 92 0 20 67 49 92 54 87 58 63 11 53 89 99 65 93 56 63 91 40 88 10 49 26 78 89 96 74 90 11 78 72 42 24 33 81 92 95 97 75 69 66 86 27 44 84 58 73 97
38 97 21 46 26 55 95 17 47 85 48 58 83 89 82 58 69 23 16 76 18 44 16 98 37 32 34 64 27 66 23 98 26 99 96 25 27 15 57 43 36 99 24 31 15 88 13 88 81 46 12 22 41 78 33 81 31 46 23 48 36 73 32 74 26 73 64 26 83 55 82 66 20 18 28 75 27 56 89 77 11 74 50 32 73 84 69 23 19 79 25 69 20 0 33 46 87 31 53 58 59 79 35 83 39 83 58 44 84 56 30 54 18 47 50 37 96 29 51 60 14 76 14 38 71 74 19 92 47 97 86 29 92 63 11 38 65 90 91 20
22 95 55 13 27 29 12 27 46 77 89 74 84 93 58 93 15 51 58 53 69 81 34 22 46 38 97 50 27 32 13 93 12 95 79 81 65 11 43 41 27 19 66 26 40 10 68 38 77 41 18 51 85 17 16 43 87 31 68 41 63 25 27 38 91 85 18 18 28 44 36 16 75 66 40 95 27 20 55 23 48 71 20 75 86 25 17 65 30 53 13 80 67 33 0 32 43 59 90 71 12 81 78 75 26 53 63 12 99 37 65 64 92 25 43 23 85 51 45 85 40 79 89 77 86 80 94 26 59 56 35 72 22 44 82 26 36 96 96 85
67 14 32 38 96 35 59 22 90 34 50 56 55 53 17 14 44 90 50 75 40 55 71 87 22 22 42 14 24 14 97 26 49 30 61 49 53 62 94 88 50 99 95 93 18 12 88 38 28 12 89 18 82 41 93 94 95 41 32 10 90 94 91 87 98 81 18 21 91 61 64 22 45 93 67 87 14 60 54 28 14 69 49 33 93 53 56 13 70 66 70 70 49 46 32 0 25 22 49 22 70 59 76 27 50 80 93 18 43 51 58 26 76 53 62 39 23 10 83 44 31 17 19 62 19 82 84 31 65 59 79 44 85 50 86 94 65 51 13 79
86 23 68 79 44 12 18 69 66 14 72 74 61 65 54 77 23 59 87 65 54 20 95 26 71 51 12 61 78 58 38 27 42 63 86 60 44 52 19 34 45 40 27 25 84 23 22 11 82 88 60 52 99 50 85 87 40 37 58 72 45 11 70 79 22 57 89 29 72 28 82 94 79 30 67 76 20 50 15 65 87 95 51 63 95 47 81 95 82 82 45 92 92 87 43 25 0 79 74 12 20 70 57 35 10 53 56 62 74 60 78 95 14 88 16 90 70 88 61 11 17 42 20 91 56 67 34 42 51 41 16 10 69 66 40 84 35 30 26 71
64 60 22 59 90 24 85 51 71 33 21 45 63 36 56 71 78 17 71 66 15 44 48 69 59 47 11 50 84 98 59 90 54 16 98 94 33 95 91 56 13 38 20 89 74 75 71 88 11 72 26 47 46 78 61 52 80 20 43 88 93 75 67 61 70 64 40 16 10 84 33 54 38 87 13 41 23 89 48 14 87 10 78 89 30 83 26 90 28 33 85 81 54 31 59 22 79 0 82 93 77 12 91 83 86 93 56 12 15 70 92 76 14 52 32 25 88 83 91 68 49 83 39 80 95 47 56 26 92 59 13 47 64 96 68 36 68 10 33 38
41 64 85 23 26 66 98 84 36 74 86 42 87 58 11 28 68 35 37 99 74 91 49 50 60 64 84 54 27 77 40 43 85 40 69 43 93 58 72 94 67 14 93 83 46 74 26 70 61 36 63 20 30 45 65 12 55 20 98 38 42 37 49 29 85 10 62 81 76 79 54 22 82 98 16 45 70 36 11 80 41 52 81 20 79 90 73 53 21 27 70 77 87 53 90 49 74 82 0 36 41 10 60 84 11 49 59 88 76 58 76 87 49 87 49 81 43 61 88 52 31 47 64 80 84 42 74 93 80 49 41 68 66 53 58 27 33 36 44 15
96 51 14 35 68 28 15 57 93 80 64 39 14 46 28 16 98 34 69 49 58 56 78 13 76 12 81 26 19 98 14 96 89 73 88 97 32 33 52 98 81 84 66 17 45 16 81 41 46 14 80 45 55 39 25 50 44 10 25 66 69 85 67 59 46 35 30 32 39 13 27 81 41 37 43 49 96 67 19 92 44 45 68 66 46 73 64 24 19 99 15 29 58 58 71 22 12 93 36 0 83 33 61 63 90 47 68 47 95 12 14 73 47 48 62 13 60 16 36 33 85 95 13 13 21 39 79 18 74 99 80 34 33 96 94 94 94 87 14 71
71 56 47 38 97 44 72 81 79 62 90 98 18 64 48 26 92 54 60 58 41 88 93 97 29 17 80 22 23 87 63 12 67 36 14 72 44 35 75 67 34 24 77 54 57 53 36 31 98 80 36 68 42 14 16 50 24 16 27 76 35 45 87 56 98 92 54 23 44 30 83 72 35 13 70 85 31 79 26 18 72 65 33 44 37 61 29 21 96 11 62 74 63 59 12 70 20 77 41 83 0 90 43 50 58 10 83 87 60 99 99 94 52 61 81 30 88 97 93 79 79 77 94 37 51 14 34 98 12 48 69 82 89 46 14 32 21 79 74 50
93 96 27 89 47 80 27 32 90 67 39 25 59 29 40 51 32 91 54 41 66 51 91 63 44 68 93 76 20 38 99 44 49 96 51 55 41 25 69 57 41 39 24 96 80 70 49 56 58 78 39 80 15 14 34 45 88 93 71 91 88 33 44 16 90 39 37 85 76 36 20 85 68 74 89 22 42 63 86 16 15 21 50 54 61 55 91 52 99 74 89 46 11 79 81 59 70 12 10 33 90 0 66 13 65 19 30 68 38 77 15 92 94 61 42 86 43 57 94 18 37 97 38 79 36 47 95 77 52 61 22 65 33 37 81 30 11 59 94 68
46 19 19 96 38 63 43 10 62 89 97 94 76 75 96 73 40 31 55 37 98 52 24 20 18 61 45 99 48 67 46 72 62 13 95 17 64 78 71 61 87 36 45 59 74 22 29 95 87 35 38 26 72 32 65 42 58 73 29 17 94 88 85 70 12 71 52 71 66 20 74 74 33 94 31 97 41 32 60 72 71 13 41 79 29 99 91 47 28 33 19 82 53 35 78 76 57 91 60 61 43 66 0 29 72 23 29 67 54 20 96 14 31 12 14 65 87 37 99 98 97 93 45 33 36 27 31 46 70 75 52 84 90 11 17 89 54 53 34 75
10 21 17 61 10 75 30 16 89 30 95 91 30 11 29 41 84 92 78 44 97 43 88 91 24 31 54 42 33 69 13 67 17 82 56 25 84 56 15 32 42 82 82 87 53 32 71 11 94 74 41 79 91 77 65 23 29 58 45 92 57 44 98 18 58 46 73 87 66 17 85 18 57 89 78 73 57 99 69 27 69 24 22 87 90 89 25 47 95 99 64 83 89 83 75 27 35 83 84 63 50 13 29 0 40 25 35 51 45 87 33 91 76 78 86 37 45 31 61 72 62 17 39 30 66 35 55 23 85 16 26 81 86 24 16 97 36 63 70 38
94 43 82 36 56 28 46 63 67 32 41 58 13 52 21 26 24 27 77 92 51 29 67 49 31 41 93 62 33 30 13 65 13 23 90 74 57 54 40 51 47 94 93 94 71 48 86 13 58 27 64 20 32 97 29 92 37 60 46 57 73 40 42 94 48 67 62 58 64 36 47 32 19 80 15 47 15 27 59 15 88 78 40 74 89 92 64 58 25 25 81 49 99 39 26 50 10 86 11 90 58 65 72 40 0 89 86 90 44 56 95 49 18 92 78 70 47 93 99 39 58 69 85 44 40 53 52 16 42 35 25 39 82 18 13 17 31 62 54 58
78 16 73 40 57 22 10 74 56 98 10 74 45 21 54 32 60 74 34 31 95 50 97 27 52 92 26 13 27 49 19 75 61 43 46 71 75 54 87 28 36 36 97 64 25 34 16 89 89 96 34 62 23 33 14 39 30 68 29 21 64 54 50 58 86 42 16 37 52 22 28 36 99 92 73 83 85 57 99 94 11 27 95 45 31 56 96 49 64 81 92 18 65 83 53 80 53 93 49 47 10 19 23 25 89 0 23 90 70 50 13 81 74 64 50 86 84 31 10 18 90 13 97 37 73 35 18 28 37 81 44 87 76 18 16 75 40 98 24 65
14 48 32 15 97 22 42 44 27 62 53 78 54 52 60 90 89 59 26 47 73 70 77 70 31 92 29 27 52 52 75 75 22 76 70 48 18 44 75 29 96 10 17 28 64 43 96 70 36 83 59 97 45 63 56 27 63 12 32 47 13 69 29 40 65 11 14 62 32 16 64 78 37 84 48 14 45 58 11 49 95 51 10 72 71 35 30 82 86 66 40 85 93 58 63 93 56 56 59 68 83 30 29 35 86 23 0 66 55 64 80 57 47 41 82 20 65 55 64 95 23 92 37 26 48 71 45 19 97 45 51 31 82 33 92 37 82 44 89 38
37 93 67 41 19 54 42 29 20 75 92 85 30 85 35 27 25 58 28 75 97 59 26 68 18 92 45 41 56 26 76 54 74 75 79 53 90 11 58 86 26 92 68 16 53 46 65 68 80 25 16 59 71 92 25 83 27 53 39 98 41 56 98 12 17 38 13 95 81 46 21 42 56 78 61 38 35 83 58 67 28 57 61 78 45 56 64 95 40 61 97 98 56 44 12 18 62 12 88 47 87 68 67 51 90 90 66 0 55 39 68 19 71 64 20 60 84 41 19 85 94 27 63 31 24 75 38 50 22 61 98 36 32 86 58 28 35 47 78 97
82 74 65 41 13 39 26 48 53 74 62 81 60 27 21 26 51 29 79 20 53 68 82 15 67 45 70 86 62 97 95 50 84 17 42 96 33 25 61 72 85 56 88 61 33 74 80 61 34 36 38 46 91 75 69 84 16 44 76 24 97 12 38 94 34 60 90 46 44 44 91 66 83 12 92 84 93 43 24 34 73 92 62 82 89 31 78 14 55 44 30 24 63 84 99 43 74 15 76 95 60 38 54 45 44 70 55 55 0 55 42 17 41 57 61 62 60 50 39 41 59 65 88 68 50 56 72 12 11 26 26 39 45 24 81 23 45 90 92 44
45 13 86 60 37 40 45 63 55 53 49 37 55 69 88 69 79 43 71 94 47 53 86 22 88 31 35 61 43 47 44 41 78 55 21 13 68 12 83 21 39 69 41 93 70 87 89 22 45 38 18 65 97 74 74 61 24 44 34 67 75 32 35 46 97 80 91 82 52 50 25 37 53 46 40 37 27 52 16 37 61 90 72 47 73 83 38 73 85 50 82 80 91 56 37 51 60 70 58 12 99 77 20 87 56 50 64 39 55 0 51 47 10 25 28 93 76 65 60 97 25 25 40 69 20 75 70 90 46 21 39 31 66 99 94 39 76 90 21 40
29 60 39 10 84 85 53 60 70 39 42 98 14 49 85 63 96 14 59 57 37 75 36 36 15 47 33 84 99 16 38 20 43 20 31 25 83 72 31 18 78 30 48 21 89 99 54 72 26 44 26 12 27 54 15 15 60 68 72 35 43 56 16 11 83 29 93 43 70 59 10 78 27 10 69 80 49 81 83 14 96 63 30 48 75 88 13 56 25 60 28 89 40 30 65 58 78 92 76 14 99 15 96 33 95 13 80 68 42 51 0 44 80 65 15 11 51 92 11 18 57 19 41 22 15 67 47 16 64 94 38 70 32 32 50 47 87 11 70 75
57 37 26 11 96 59 47 92 45 50 38 36 64 52 59 29 45 49 29 69 80 14 34 31 81 76 22 74 10 87 50 96 29 23 77 37 95 93 73 22 56 38 43 29 71 35 84 85 73 91 91 28 96 54 40 57 82 41 29 68 33 29 61 43 28 92 69 55 96 61 60 92 46 62 85 29 64 81 36 38 96 75 61 48 98 56 21 66 70 48 74 62 88 54 64 26 95 76 87 73 94 92 14 91 49 81 57 19 17 47 44 0 66 49 85 11 90 48 19 80 57 24 74 45 19 61 75 22 60 20 55 53 48 65 74 84 30 24 95 73
14 22 73 48 63 57 30 55 18 73 80 56 10 88 38 94 46 83 11 30 90 45 73 88 86 22 14 42 85 31 14 70 76 71 38 72 61 62 61 56 55 92 65 71 18 12 15 97 29 71 38 84 95 91 67 20 15 51 66 57 65 46 45 64 61 29 12 18 30 29 54 20 63 93 88 47 52 22 95 41 30 95 91 85 23 28 36 44 41 16 63 36 10 18 92 76 14 14 49 47 52 94 31 76 18 74 47 71 41 10 80 66 0 30 55 43 76 86 32 50 74 33 60 84 83 81 86 98 28 76 62 65 88 17 23 44 59 20 86 45
38 37 97 34 90 43 10 76 38 26 60 56 19 61 94 10 55 54 63 10 14 67 82 14 21 94 28 58 44 71 72 92 66 98 34 91 54 66 80 24 75 56 11 69 25 21 17 23 68 40 10 64 72 76 26 85 78 10 88 43 95 67 92 60 83 36 39 52 96 41 52 23 98 78 12 18 67 40 74 56 40 85 20 60 39 79 38 48 58 24 83 62 49 47 25 53 88 52 87 48 61 61 12 78 92 64 41 64 57 25 65 49 30 0 67 54 58 12 80 91 70 14 92 61 43 28 57 83 94 52 61 49 23 73 84 44 70 85 20 18
29 60 20 45 33 88 32 13 62 30 56 73 19 69 86 70 62 56 77 65 61 35 69 61 95 92 71 68 45 51 31 25 80 65 44 41 37 62 46 92 70 76 12 80 37 80 73 26 51 23 58 76 43 82 40 84 74 27 49 25 51 11 69 88 75 21 61 23 97 94 57 50 19 41 76 71 96 54 52 53 38 81 28 55 94 78 27 30 21 46 25 38 26 50 43 62 16 32 49 62 81 42 14 86 78 50 82 20 61 28 15 85 55 67 0 65 95 59 42 23 15 65 30 69 47 29 54 48 98 96 71 87 22 31 13 70 71 96 20 10
35 17 82 72 66 53 19 35 74 56 74 80 45 89 71 44 98 48 25 63 24 29 12 86 97 79 14 43 35 53 22 80 58 45 60 43 46 16 32 23 50 38 58 51 62 82 77 15 24 63 12 15 73 26 15 14 21 52 34 53 96 50 46 69 76 51 66 77 87 81 36 72 36 81 24 71 10 62 74 52 15 58 14 39 27 19 85 83 85 29 49 54 78 37 23 39 90 25 81 13 30 86 65 37 70 86 20 60 62 93 11 11 43 54 65 0 50 69 26 76 96 25 92 53 80 57 18 92 50 93 18 82 64 69 49 52 40 39 99 13
77 51 11 83 15 28 22 78 96 30 22 51 47 82 96 85 23 94 90 80 77 94 31 93 15 18 53 16 30 42 64 22 86 50 43 99 75 66 24 72 77 14 82 96 35 93 52 18 16 12 22 57 70 50 39 42 32 72 57 84 85 23 87 83 49 80 44 54 81 39 19 74 16 69 81 86 37 13 53 31 15 63 53 77 64 39 57 20 44 87 92 82 89 96 85 23 70 88 43 60 88 43 87 45 47 84 65 84 60 76 51 90 76 58 95 50 0 70 17 37 61 13 10 56 37 45 16 92 52 29 26 90 24 34 46 24 86 86 81 73
49 63 72 16 54 84 84 26 34 39 65 34 50 34 88 36 84 14 79 73 59 31 52 22 75 62 11 79 89 41 14 53 11 36 44 68 93 91 79 87 63 91 54 41 23 14 12 13 85 88 71 35 73 23 79 59 55 17 54 43 40 13 99 37 36 41 40 90 91 54 86 52 94 72 25 57 49 63 99 86 43 33 90 85 34 68 55 31 68 26 64 62 96 29 51 10 88 83 61 16 97 57 37 31 93 31 55 41 50 65 92 48 86 12 59 69 70 0 35 38 89 75 63 12 33 50 37 13 62 68 90 98 58 43 73 13 75 99 89 15
41 39 98 57 26 22 75 68 61 29 25 21 41 49 27 49 67 88 28 91 35 97 50 70 40 70 46 12 65 80 23 21 61 15 49 86 67 11 45 46 72 28 58 84 22 84 44 52 18 69 87 51 80 35 66 63 58 16 15 26 90 42 97 94 30 20 20 31 28 48 17 79 36 92 47 87 86 98 48 44 54 77 58 69 68 60 92 36 81 65 11 98 74 51 45 83 61 91 88 36 93 94 99 61 99 10 64 19 39 60 11 19 32 80 42 26 17 35 0 89 26 91 18 90 17 89 60 38 38 82 34 31 68 30 87 98 77 96 89 81
45 58 65 85 42 72 23 47 87 45 33 25 34 84 44 62 60 60 11 35 94 53 81 72 88 97 71 35 80 52 21 18 98 95 11 47 46 77 45 43 48 83 67 37 51 42 57 56 17 89 65 60 89 92 63 88 37 29 41 76 81 92 84 29 84 19 14 24 29 70 53 57 91 10 72 16 81 22 95 65 29 29 64 81 87 96 30 36 52 46 62 22 90 60 85 44 11 68 52 33 79 18 98 72 39 18 95 85 41 97 18 80 50 91 23 76 37 38 89 0 66 10 76 50 45 66 71 94 78 78 57 74 89 27 56 56 89 67 87 60
81 99 53 90 51 12 48 54 30 54 20 10 59 82 85 42 19 33 50 21 93 87 78 71 14 18 82 88 85 99 45 73 75 44 55 15 41 69 12 86 93 43 49 89 51 15 39 29 47 51 21 78 71 56 70 42 68 66 98 92 30 11 61 34 16 59 66 16 86 60 57 40 43 20 52 37 17 74 58 25 44 82 58 45 24 24 58 85 68 13 69 17 11 14 40 31 17 49 31 85 79 37 97 62 58 90 23 94 59 25 57 57 74 70 15 96 61 89 26 66 0 91 64 69 97 77 62 57 18 33 60 59 29 55 97 66 78 98 65 13
67 80 11 22 89 52 75 82 24 95 33 22 55 20 57 17 48 54 37 53 91 92 18 22 92 12 88 99 34 14 32 62 93 95 80 43 70 26 35 51 15 68 55 59 71 67 84 34 46 31 77 13 71 68 31 98 51 64 34 95 23 35 64 33 92 38 63 29 32 87 23 46 21 98 87 99 54 97 11 15 45 24 88 16 82 14 55 20 84 97 10 79 78 76 79 17 42 83 47 95 77 97 93 17 69 13 92 27 65 25 19 24 33 14 65 25 13 75 91 10 91 0 57 40 28 21 95 81 97 46 89 94 36 46 10 40 77 47 58 25
94 20 63 58 94 60 58 49 26 42 68 83 85 31 57 42 96 27 94 64 67 46 24 41 30 50 31 73 27 11 44 23 38 33 83 65 89 22 21 47 83 85 25 35 78 14 28 96 95 14 85 89 94 75 82 99 51 50 72 22 89 99 76 26 33 21 30 10 45 89 18 86 84 76 62 59 26 49 68 70 35 67 87 15 79 53 83 54 90 39 64 84 72 14 89 19 20 39 64 13 94 38 45 39 85 97 37 63 88 40 41 74 60 92 30 92 10 63 18 76 64 57 0 17 93 89 14 40 93 18 44 81 96 46 42 53 21 17 71 81
69 30 40 63 16 46 75 10 84 51 41 63 32 86 98 59 16 18 92 61 18 34 89 90 17 46 55 22 66 66 58 36 62 12 11 70 73 27 66 69 66 66 70 54 66 73 12 68 73 27 12 91 52 89 78 55 54 61 96 64 43 84 39 51 83 69 73 80 64 46 13 71 23 74 75 71 39 18 96 56 53 99 72 41 25 30 46 19 66 64 55 74 42 38 77 62 91 80 80 13 37 79 33 30 44 37 26 31 68 69 22 45 84 61 69 53 56 12 90 50 69 40 17 0 96 60 50 91 67 50 53 92 38 65 89 67 17 30 32 17
92 18 88 77 12 55 86 24 27 34 83 32 81 76 46 73 68 71 25 84 21 52 90 39 24 76 53 97 13 48 66 95 60 51 23 73 93 55 51 46 51 80 93 10 92 34 76 59 64 85 85 59 17 61 66 57 70 99 25 13 70 17 47 95 72 59 61 41 41 35 40 24 77 49 84 58 46 69 14 90 79 16 39 99 55 72 72 87 12 17 23 98 24 71 86 19 56 95 84 21 51 36 36 66 40 73 48 24 50 20 15 19 83 43 47 80 37 33 17 45 97 28 93 96 0 96 84 52 43 27 89 32 98 88 44 61 26 26 86 89
66 94 59 91 10 25 99 44 39 15 17 76 31 91 87 18 83 71 22 66 89 96 60 68 25 77 77 13 42 23 49 83 23 99 77 57 49 59 77 63 97 50 23 62 11 76 45 52 57 73 96 69 63 23 22 41 66 72 72 71 53 79 59 55 11 63 63 47 75 95 10 55 65 17 84 34 75 33 91 65 21 71 76 32 43 34 90 25 62 11 30 79 33 74 80 82 67 47 42 39 14 47 27 35 53 35 71 75 56 75 67 61 81 28 29 57 45 50 89 66 77 21 89 60 96 0 19 90 23 10 77 14 23 98 40 86 82 43 39 39
51 18 76 86 71 56 41 51 34 10 96 93 65 68 96 78 73 42 59 77 74 40 77 90 23 87 80 11 55 46 17 14 42 37 72 72 69 90 42 73 63 92 96 21 96 44 81 74 67 37 48 64 44 39 96 84 32 86 12 19 33 36 95 57 38 67 48 79 83 76 63 18 28 57 85 76 77 36 96 95 33 67 45 18 47 80 18 93 41 35 91 98 81 19 94 84 34 56 74 79 34 95 31 55 52 18 45 38 72 70 47 75 86 57 54 18 16 37 60 71 62 95 14 50 84 19 0 71 31 84 56 15 72 59 85 74 19 87 36 74
55 98 74 90 22 13 92 84 62 52 44 30 57 94 61 79 11 38 76 38 92 19 18 87 15 63 64 60 77 23 22 68 44 94 78 57 90 18 22 79 25 34 68 57 56 93 22 31 69 47 10 68 28 33 66 14 34 88 49 22 73 97 39 48 57 43 23 29 57 20 22 23 34 33 32 30 25 78 19 63 56 95 51 21 19 20 65 34 85 39 51 60 92 92 26 31 42 26 93 18 98 77 46 23 16 28 19 50 12 90 16 22 98 83 48 92 92 13 38 94 57 81 40 91 52 90 71 0 93 77 69 56 11 93 24 80 34 80 48 74
11 58 31 27 55 48 58 62 17 40 26 18 16 28 19 20 74 25 70 18 76 32 78 22 22 20 21 79 87 46 58 50 61 57 82 52 88 77 97 31 48 26 70 31 85 37 40 36 97 50 11 45 83 21 38 74 25 17 19 29 87 42 37 91 18 66 11 29 68 32 85 47 37 92 58 53 24 59 32 87 94 83 43 38 21 67 75 95 63 95 98 32 95 47 59 65 51 92 80 74 12 52 70 85 42 37 97 22 11 46 64 60 28 94 98 50 52 62 38 78 18 97 93 67 43 23 31 93 0 95 53 42 23 94 41 67 50 60 93 26
85 23 69 22 53 90 86 85 12 12 88 30 68 31 52 68 93 89 59 26 49 10 78 71 50 58 90 35 73 38 68 39 71 50 88 98 98 27 92 10 58 12 68 21 81 80 10 76 54 76 90 44 32 73 49 28 93 42 19 69 57 42 58 73 16 28 50 97 91 64 42 94 10 89 74 86 80 29 91 87 29 59 23 29 47 30 30 41 86 97 20 57 97 97 56 59 41 59 49 99 48 61 75 16 35 81 45 61 26 21 94 20 76 52 96 93 29 68 82 78 33 46 18 50 27 10 84 77 95 0 87 70 70 86 22 80 17 76 50 88
47 97 92 22 40 84 31 68 54 76 57 72 43 57 45 43 70 95 63 52 22 47 97 36 46 71 63 21 72 19 12 91 82 14 97 66 79 83 74 87 62 35 31 51 37 62 58 86 70 69 81 44 56 97 81 13 82 58 16 16 28 42 71 92 99 57 15 72 48 88 63 26 50 39 48 54 81 10 17 21 92 30 82 63 23 36 34 86 73 77 77 52 75 86 35 79 16 13 41 80 69 22 52 26 25 44 51 98 26 39 38 55 62 61 71 18 26 90 34 57 60 89 44 53 89 77 56 69 53 87 0 95 97 93 93 73 29 63 41 62
26 24 35 67 48 67 76 51 73 71 70 99 29 13 33 56 19 77 77 76 35 80 35 20 81 29 96 61 18 83 93 70 96 95 98 84 18 69 80 12 18 99 19 84 15 29 36 12 54 79 14 72 94 74 10 54 10 84 95 18 44 59 66 20 87 95 93 81 68 31 84 26 93 43 27 57 79 22 41 32 92 13 46 53 28 71 96 98 68 40 76 76 69 29 72 44 10 47 68 34 82 65 84 81 39 87 31 36 39 31 70 53 65 49 87 82 90 98 31 74 59 94 81 92 32 14 15 56 42 70 95 0 53 84 88 99 63 74 62 34
95 67 62 94 87 32 86 47 18 73 52 86 26 10 13 28 61 97 10 48 33 37 40 36 62 32 24 26 99 42 79 30 38 68 78 70 96 29 67 15 58 16 17 97 48 82 65 57 59 67 24 53 69 61 16 68 24 28 18 64 61 79 15 38 73 52 92 21 43 97 27 15 22 65 30 84 82 93 68 35 35 52 41 93 83 95 26 77 55 52 64 93 66 92 22 85 69 64 66 33 89 33 90 86 82 76 82 32 45 66 32 48 88 23 22 64 24 58 68 89 29 36 96 38 98 23 72 11 23 70 97 53 0 52 60 58 97 64 55 90
46 36 69 84 93 92 66 48 22 45 11 18 54 53 45 73 32 71 49 78 49 67 32 13 34 32 74 56 96 96 76 40 36 44 29 75 53 36 49 59 26 90 27 48 78 49 87 49 32 60 59 99 84 98 80 44 48 98 84 69 78 96 73 18 41 96 57 82 14 66 63 69 52 38 90 56 26 52 63 78 47 50 24 55 42 27 90 26 26 69 95 48 86 63 44 50 66 96 53 96 46 37 11 24 18 18 33 86 24 99 32 65 17 73 31 69 34 43 30 27 55 46 46 65 88 98 59 93 94 86 93 84 52 0 64 41 33 39 63 10
66 61 38 54 82 32 88 53 88 23 26 31 52 16 76 48 97 30 44 72 91 54 80 61 42 48 68 44 45 69 65 55 21 10 36 52 95 74 76 42 19 17 42 29 67 92 91 78 62 65 91 68 63 89 91 25 27 93 99 56 51 13 45 11 31 28 52 37 10 86 97 12 11 77 74 63 63 10 44 56 34 51 88 42 32 16 62 15 81 18 30 56 27 11 82 86 40 68 58 94 14 81 17 16 13 16 92 58 81 94 50 74 23 84 13 49 46 73 87 56 97 10 42 89 44 40 85 24 41 22 93 88 60 64 0 27 15 28 76 74
46 23 62 90 42 17 63 27 39 11 80 28 51 33 11 31 23 92 35 39 72 49 21 57 37 13 13 25 79 56 83 67 52 29 79 85 91 31 39 29 27 67 19 60 81 11 78 95 86 78 75 85 45 24 90 65 46 77 93 83 72 10 27 87 76 36 32 96 89 22 67 12 56 45 62 98 82 38 87 34 33 34 41 56 26 32 53 31 80 85 83 32 44 38 26 94 84 36 27 94 32 30 89 97 17 75 37 28 23 39 47 84 44 44 70 52 24 13 98 56 66 40 53 67 61 86 74 80 67 80 73 99 58 41 27 0 83 91 72 75
14 81 59 14 84 39 80 65 63 94 28 67 74 70 85 23 16 74 73 20 11 46 54 41 45 35 19 31 62 28 33 54 58 96 50 36 45 67 71 61 77 14 81 76 73 93 64 62 92 17 60 11 59 89 72 42 52 30 36 80 64 19 37 45 39 74 23 71 73 35 89 61 29 31 55 99 40 36 76 60 93 96 60 92 85 95 68 45 85 82 13 98 84 65 36 65 35 68 33 94 21 11 54 36 31 40 82 35 45 76 87 30 59 70 71 40 86 75 77 89 78 77 21 17 26 82 19 34 50 17 29 63 97 33 15 83 0 32 77 12
60 82 48 70 19 59 24 47 12 94 55 70 15 36 64 94 91 45 48 25 24 26 28 33 60 24 10 83 27 62 30 66 46 23 99 11 60 75 19 68 73 33 74 66 73 26 14 68 33 92 81 61 59 12 93 81 60 24 28 83 80 67 85 47 61 44 37 17 21 39 43 32 14 25 23 75 41 84 77 94 17 45 97 99 34 95 99 69 47 46 14 93 58 90 96 51 30 10 36 87 79 59 53 63 62 98 44 47 90 90 11 24 20 85 96 39 86 99 96 67 98 47 17 30 26 43 87 80 60 76 63 74 64 39 28 91 32 0 83 18
65 97 39 34 21 50 18 89 91 94 98 19 99 20 60 47 65 33 65 71 66 12 29 96 43 54 65 78 26 88 85 79 71 72 13 71 17 85 66 22 59 91 67 41 28 51 28 37 28 48 63 70 84 38 93 97 45 70 75 26 74 41 71 72 12 92 72 51 31 52 77 14 83 78 20 33 35 49 90 46 40 85 65 48 13 25 18 31 85 83 15 30 73 91 96 13 26 33 44 14 74 94 34 70 54 24 89 78 92 21 70 95 86 20 20 99 81 89 89 87 65 58 71 32 86 39 36 48 93 50 41 62 55 63 76 72 77 83 0 95
71 65 58 61 30 78 22 26 26 46 27 77 45 86 10 98 99 40 49 20 20 76 65 75 61 92 98 54 39 65 24 63 14 46 56 49 96 69 45 73 92 79 18 12 18 51 98 51 37 91 57 42 85 36 37 28 95 99 88 79 91 65 99 40 72 76 23 90 20 11 37 41 44 91 70 59 99 24 39 53 99 82 63 39 59 21 58 43 64 89 47 63 97 20 85 79 71 38 15 71 50 68 75 38 58 65 38 97 44 40 75 73 45 18 10 13 73 15 81 60 13 25 81 17 89 39 74 74 26 88 62 34 90 10 74 75 12 18 95 0