45
0 75 48 85 85 78 24 13 91 39 44 57 17 23 48 33 10 82 27 18 34 62 95 45 90 83 71 24 31 16 93 83 11 34 13 41 81 49 99 38 69 17 97 47 52
75 0 13 91 90 14 13 11 96 17 93 76 91 36 61 46 27 24 57 40 97 51 75 78 84 41 48 87 70 54 12 32 19 43 57 16 42 68 55 90 53 84 40 64 85
48 13 0 29 52 38 58 86 80 97 12 53 34 11 52 61 74 13 12 55 93 93 45 90 54 25 11 82 84 58 32 22 81 14 87 58 13 61 61 66 83 93 37 86 57
85 91 29 0 54 84 64 19 73 97 37 91 50 97 55 96 47 27 64 85 87 67 54 10 68 32 77 45 40 60 73 39 69 97 24 33 31 17 14 95 49 81 49 26 11
85 90 52 54 0 13 33 94 34 72 61 54 69 79 60 92 22 96 95 20 11 85 54 66 57 91 52 34 99 97 37 10 55 51 43 15 50 26 99 20 61 20 71 35 43
78 14 38 84 13 0 18 71 21 53 51 21 82 57 16 36 27 75 69 92 99 65 96 51 78 35 40 33 40 32 29 68 92 70 70 88 87 23 43 71 81 77 88 43 79
24 13 58 64 33 18 0 39 60 43 35 84 50 99 72 73 89 98 10 79 87 86 71 85 91 57 58 35 76 71 76 39 44 96 33 23 79 97 62 31 58 56 46 17 84
13 11 86 19 94 71 39 0 72 61 76 93 65 54 83 87 92 62 99 42 32 35 97 68 58 54 35 78 96 97 77 29 12 99 59 61 22 29 44 33 29 84 32 25 76
91 96 80 73 34 21 60 72 0 41 28 91 49 73 82 44 14 10 12 59 53 48 88 39 64 26 24 78 29 61 54 50 54 19 31 96 28 74 49 80 40 71 39 20 16
39 17 97 97 72 53 43 61 41 0 21 17 19 29 56 34 27 68 32 32 17 60 45 12 47 36 21 68 27 77 74 22 59 44 91 17 89 14 67 90 17 33 54 20 91
44 93 12 37 61 51 35 76 28 21 0 64 12 94 24 56 62 26 26 83 72 16 28 64 98 31 30 16 88 86 80 48 65 52 97 30 98 60 34 76 56 14 44 28 38
57 76 53 91 54 21 84 93 91 17 64 0 89 73 77 29 56 28 96 20 53 75 80 50 73 23 82 10 43 33 86 80 76 37 36 12 59 27 26 85 36 99 78 56 42
17 91 34 50 69 82 50 65 49 19 12 89 0 32 56 91 28 59 56 26 64 26 50 44 65 42 75 56 86 96 91 44 66 70 88 94 70 42 97 37 93 33 80 22 86
23 36 11 97 79 57 99 54 73 29 94 73 32 0 31 96 63 12 57 44 40 38 32 79 12 90 22 85 53 97 95 98 28 62 30 14 44 21 61 86 42 54 58 72 77
48 61 52 55 60 16 72 83 82 56 24 77 56 31 0 56 13 84 37 25 83 85 34 98 39 39 65 39 72 42 16 27 53 57 48 27 77 39 36 34 18 23 84 71 31
33 46 61 96 92 36 73 87 44 34 56 29 91 96 56 0 60 28 99 65 94 93 28 47 88 18 32 61 70 91 81 52 77 48 31 29 86 79 87 58 14 89 29 69 15
10 27 74 47 22 27 89 92 14 27 62 56 28 63 13 60 0 34 40 79 71 54 81 93 74 59 99 43 39 49 99 57 79 15 17 90 35 10 34 42 89 34 91 47 94
82 24 13 27 96 75 98 62 10 68 26 28 59 12 84 28 34 0 35 95 57 51 31 17 99 33 89 94 44 87 63 40 17 19 25 42 43 31 97 95 39 51 46 10 70
27 57 12 64 95 69 10 99 12 32 26 96 56 57 37 99 40 35 0 98 56 84 84 65 29 26 71 39 22 83 32 46 92 95 12 92 51 81 68 27 79 33 81 36 69
18 40 55 85 20 92 79 42 59 32 83 20 26 44 25 65 79 95 98 0 11 59 57 80 12 47 20 98 93 34 13 75 57 16 85 92 88 13 60 81 45 87 70 92 27
34 97 93 87 11 99 87 32 53 17 72 53 64 40 83 94 71 57 56 11 0 52 31 62 83 95 21 98 47 39 59 36 59 69 66 92 33 71 67 73 48 27 13 51 53
62 51 93 67 85 65 86 35 48 60 16 75 26 38 85 93 54 51 84 59 52 0 39 30 85 40 79 10 93 17 73 30 50 22 93 94 48 21 69 30 37 74 69 82 20
95 75 45 54 54 96 71 97 88 45 28 80 50 32 34 28 81 31 84 57 31 39 0 79 67 71 63 24 80 27 57 62 92 31 32 53 95 13 59 70 85 72 17 51 60
45 78 90 10 66 51 85 68 39 12 64 50 44 79 98 47 93 17 65 80 62 30 79 0 98 71 47 56 56 83 42 72 83 90 30 16 82 73 89 23 47 30 51 64 41
90 84 54 68 57 78 91 58 64 47 98 73 65 12 39 88 74 99 29 12 83 85 67 98 0 97 69 38 79 67 53 82 99 32 54 94 24 67 77 12 96 78 45 23 86
83 41 25 32 91 35 57 54 26 36 31 23 42 90 39 18 59 33 26 47 95 40 71 71 97 0 13 31 11 88 91 87 53 52 74 91 73 58 53 91 84 96 88 75 53
71 48 11 77 52 40 58 35 24 21 30 82 75 22 65 32 99 89 71 20 21 79 63 47 69 13 0 73 54 31 70 11 92 79 14 76 12 40 48 39 16 74 80 80 86
24 87 82 45 34 33 35 78 78 68 16 10 56 85 39 61 43 94 39 98 98 10 24 56 38 31 73 0 49 83 27 84 40 61 98 72 31 24 51 83 46 68 21 42 60
31 70 84 40 99 40 76 96 29 27 88 43 86 53 72 70 39 44 22 93 47 93 80 56 79 11 54 49 0 58 11 23 21 87 28 57 95 32 19 41 39 46 31 52 40
16 54 58 60 97 32 71 97 61 77 86 33 96 97 42 91 49 87 83 34 39 17 27 83 67 88 31 83 58 0 80 98 37 20 54 32 36 94 20 76 92 32 11 39 45
93 12 32 73 37 29 76 77 54 74 80 86 91 95 16 81 99 63 32 13 59 73 57 42 53 91 70 27 11 80 0 10 46 67 10 35 79 80 54 38 17 43 29 75 45
83 32 22 39 10 68 39 29 50 22 48 80 44 98 27 52 57 40 46 75 36 30 62 72 82 87 11 84 23 98 10 0 97 62 94 26 84 81 74 89 65 21 88 22 42
11 19 81 69 55 92 44 12 54 59 65 76 66 28 53 77 79 17 92 57 59 50 92 83 99 53 92 40 21 37 46 97 0 34 32 89 35 77 71 59 26 91 75 29 96
34 43 14 97 51 70 96 99 19 44 52 37 70 62 57 48 15 19 95 16 69 22 31 90 32 52 79 61 87 20 67 62 34 0 13 45 17 14 29 22 25 81 65 98 36
13 57 87 24 43 70 33 59 31 91 97 36 88 30 48 31 17 25 12 85 66 93 32 30 54 74 14 98 28 54 10 94 32 13 0 78 48 47 46 15 77 12 92 33 77
41 16 58 33 15 88 23 61 96 17 30 12 94 14 27 29 90 42 92 92 92 94 53 16 94 91 76 72 57 32 35 26 89 45 78 0 86 89 90 95 32 39 70 79 39
81 42 13 31 50 87 79 22 28 89 98 59 70 44 77 86 35 43 51 88 33 48 95 82 24 73 12 31 95 36 79 84 35 17 48 86 0 18 71 17 47 70 88 38 58
49 68 61 17 26 23 97 29 74 14 60 27 42 21 39 79 10 31 81 13 71 21 13 73 67 58 40 24 32 94 80 81 77 14 47 89 18 0 38 89 23 15 51 45 37
99 55 61 14 99 43 62 44 49 67 34 26 97 61 36 87 34 97 68 60 67 69 59 89 77 53 48 51 19 20 54 74 71 29 46 90 71 38 0 27 39 76 92 22 88
38 90 66 95 20 71 31 33 80 90 76 85 37 86 34 58 42 95 27 81 73 30 70 23 12 91 39 83 41 76 38 89 59 22 15 95 17 89 27 0 30 29 53 58 97
69 53 83 49 61 81 58 29 40 17 56 36 93 42 18 14 89 39 79 45 48 37 85 47 96 84 16 46 39 92 17 65 26 25 77 32 47 23 39 30 0 28 40 28 60
17 84 93 81 20 77 56 84 71 33 14 99 33 54 23 89 34 51 33 87 27 74 72 30 78 96 74 68 46 32 43 21 91 81 12 39 70 15 76 29 28 0 53 94 95
97 40 37 49 71 88 46 32 39 54 44 78 80 58 84 29 91 46 81 70 13 69 17 51 45 88 80 21 31 11 29 88 75 65 92 70 88 51 92 53 40 53 0 63 65
47 64 86 26 35 43 17 25 20 20 28 56 22 72 71 69 47 10 36 92 51 82 51 64 23 75 80 42 52 39 75 22 29 98 33 79 38 45 22 58 28 94 63 0 43
52 85 57 11 43 79 84 76 16 91 38 42 86 77 31 15 94 70 69 27 53 20 60 41 86 53 86 60 40 45 45 42 96 36 77 39 58 37 88 97 60 95 65 43 0