110
0 68 10 21 60 44 57 98 98 87 81 85 40 75 65 93 79 77 27 61 58 41 58 68 29 52 23 51 88 72 91 85 34 15 29 46 28 12 86 98 75 48 69 52 79 21 81 52 19 75 52 51 52 77 69 80 22 97 75 37 93 60 58 15 33 65 59 77 90 88 75 64 61 72 10 63 94 15 12 34 50 11 19 22 87 65 75 42 56 19 17 31 39 62 23 87 20 42 52 14 20 11 97 69 62 81 31 94 29 59
68 0 74 40 42 44 50 84 39 45 80 35 86 22 30 95 19 83 30 16 21 20 57 74 41 26 38 39 68 50 35 67 86 65 95 72 72 42 64 83 30 54 34 15 62 89 97 22 17 16 19 67 55 34 46 45 70 63 50 33 86 77 48 48 25 24 27 98 67 75 19 16 70 51 87 63 23 44 96 41 59 94 67 46 66 43 90 16 18 61 56 58 41 18 56 92 15 53 59 65 65 42 74 96 99 27 43 24 99 39
10 74 0 12 29 40 36 96 32 93 73 19 10 76 69 72 88 65 47 24 17 26 48 28 24 32 99 79 53 24 16 15 97 28 65 52 59 12 89 87 50 94 72 22 56 49 37 64 16 84 88 68 37 49 70 47 19 66 82 32 96 14 40 45 98 27 50 52 28 74 22 54 29 47 47 58 12 31 59 35 26 74 35 31 28 36 91 31 58 94 75 45 28 39 97 43 62 43 31 45 57 89 58 64 48 77 34 16 77 32
21 40 12 0 10 71 48 66 35 24 25 42 49 93 37 26 41 31 60 84 16 81 75 39 57 29 96 93 84 46 77 22 24 48 18 21 60 77 87 70 75 85 46 98 76 62 39 86 75 81 83 20 19 63 31 54 66 58 95 16 46 31 41 87 95 56 75 38 77 78 89 38 86 32 13 42 95 67 38 65 68 36 58 23 42 49 59 62 86 42 96 98 80 32 12 84 45 90 85 87 62 46 46 88 54 37 50 69 42 44
60 42 29 10 0 97 88 21 43 97 16 83 69 99 44 96 50 17 49 74 44 62 25 64 76 61 43 16 85 96 24 84 94 97 30 33 31 63 91 19 69 14 72 51 89 85 50 73 55 56 29 91 70 47 21 41 70 36 23 59 11 34 28 79 49 99 42 58 56 30 53 72 40 81 19 60 18 76 86 74 18 30 75 62 67 79 78 65 50 72 48 59 36 50 91 67 85 82 91 10 23 49 77 75 42 54 79 67 20 99
44 44 40 71 97 0 29 19 72 16 30 89 96 80 40 32 93 72 79 32 61 19 40 13 92 64 12 93 13 80 14 40 89 19 32 33 97 44 88 36 21 87 33 41 75 68 94 40 53 22 68 41 57 70 66 58 11 74 52 51 74 84 95 43 91 32 90 26 90 30 11 70 68 28 95 91 63 80 97 87 49 50 63 15 42 36 59 66 52 61 35 74 99 48 58 69 52 55 86 87 44 11 17 96 13 90 34 36 70 11
57 50 36 48 88 29 0 97 44 86 73 65 55 45 59 73 57 87 47 80 66 42 63 16 56 60 17 66 21 75 22 91 19 61 70 76 63 51 23 23 48 19 14 61 79 24 89 70 37 37 29 79 39 73 70 36 51 54 96 52 44 97 78 56 12 97 20 77 73 81 96 77 31 64 53 32 35 80 55 42 64 76 78 71 48 24 34 88 91 42 71 78 17 58 98 77 15 42 88 87 92 79 65 85 21 39 99 31 82 45
98 84 96 66 21 19 97 0 97 81 19 45 76 28 60 18 43 33 93 92 52 34 77 30 72 39 80 45 93 19 51 74 37 22 44 42 93 12 59 52 62 98 66 44 79 12 21 56 90 23 20 17 13 25 43 82 93 97 84 30 93 92 67 77 89 50 83 24 22 76 88 33 14 83 55 25 10 39 84 85 97 68 57 17 95 42 64 88 14 50 45 13 50 47 20 19 98 39 25 99 52 62 39 90 88 58 91 32 91 99
98 39 32 35 43 72 44 97 0 61 76 36 50 87 38 16 68 51 12 29 66 12 88 27 14 43 49 33 69 78 55 85 51 72 28 62 27 50 79 21 66 63 61 87 81 45 12 48 61 36 61 67 24 97 92 76 38 72 78 30 81 62 17 37 91 10 88 31 65 56 34 55 30 44 18 51 63 19 99 81 30 15 17 26 77 69 95 63 53 29 25 70 39 57 79 38 93 73 48 96 73 21 82 83 46 10 41 11 73 76
87 45 93 24 97 16 86 81 61 0 83 83 75 38 64 30 53 81 98 11 34 43 82 74 60 74 37 48 45 55 21 97 74 80 26 77 55 54 16 10 25 55 49 65 58 36 67 82 91 90 67 41 25 58 63 44 83 69 98 82 37 10 38 64 35 96 12 42 16 80 18 98 10 49 91 46 47 91 87 23 93 57 85 19 43 99 20 35 58 40 77 57 57 97 54 75 23 41 19 19 49 67 87 10 82 92 97 36 11 51
81 80 73 25 16 30 73 19 76 83 0 89 93 52 45 21 12 45 35 18 97 11 59 93 53 14 43 52 29 51 77 97 52 77 19 69 69 23 68 58 23 62 95 39 76 58 59 61 90 84 97 64 94 74 85 84 20 15 82 75 58 18 43 58 79 57 32 42 39 56 70 62 34 64 23 13 90 97 55 49 26 73 72 39 46 68 36 68 77 74 11 85 94 76 84 92 64 78 60 24 44 61 19 97 32 51 62 50 51 45
85 35 19 42 83 89 65 45 36 83 89 0 90 76 76 79 35 25 19 99 39 97 97 76 27 12 88 89 33 30 61 88 80 65 86 83 32 24 84 57 53 91 76 55 12 12 92 68 61 55 94 63 99 84 75 16 17 16 99 82 58 13 37 58 96 88 89 84 47 46 48 17 34 75 12 58 89 44 95 87 26 62 89 74 56 75 60 18 50 85 89 16 25 60 37 10 35 82 60 53 61 60 46 32 96 53 63 45 64 15
40 86 10 49 69 96 55 76 50 75 93 90 0 59 43 87 93 46 24 89 40 48 66 16 43 34 71 36 51 21 77 72 71 56 43 24 31 97 38 86 22 24 65 70 74 70 59 89 73 85 22 67 66 24 14 77 77 68 26 41 58 72 82 12 35 33 11 77 36 24 81 31 90 64 68 82 79 36 97 56 45 83 65 97 40 99 17 87 82 23 24 48 12 60 84 24 51 44 27 55 57 64 77 12 77 67 56 31 62 37
75 22 76 93 99 80 45 28 87 38 52 76 59 0 15 68 73 55 76 11 42 26 92 45 95 57 68 99 70 97 74 78 33 15 77 26 45 30 21 20 34 53 48 35 84 19 78 82 34 84 46 42 42 40 60 81 11 41 42 31 49 59 51 29 54 13 34 49 69 63 11 26 63 39 88 67 21 13 76 20 36 83 70 98 20 96 95 49 46 62 37 89 56 22 61 66 90 45 26 78 37 54 38 13 55 81 92 11 48 37
65 30 69 37 44 40 59 60 38 64 45 76 43 15 0 31 22 95 69 58 64 52 59 89 32 83 98 71 52 73 57 64 60 45 87 96 64 21 82 43 30 89 97 10 13 82 87 33 31 10 24 36 56 86 53 60 96 95 91 45 30 40 72 74 71 96 56 45 15 63 67 18 19 28 80 12 55 81 48 83 59 26 21 98 57 83 85 24 17 74 47 76 64 24 17 11 79 59 76 26 47 46 62 44 99 97 45 38 36 75
93 95 72 26 96 32 73 18 16 30 21 79 87 68 31 0 87 36 56 66 64 26 89 41 59 93 67 15 96 32 78 10 70 26 55 84 11 80 72 35 80 69 12 34 11 97 29 42 28 50 10 15 49 81 10 69 15 39 85 80 52 77 15 33 26 71 29 97 94 82 67 41 98 29 78 62 42 89 46 63 88 71 83 96 93 87 52 18 10 62 68 37 49 50 86 72 53 77 30 89 19 39 58 77 51 74 97 73 49 62
79 19 88 41 50 93 57 43 68 53 12 35 93 73 22 87 0 62 37 12 86 67 70 80 24 51 47 72 59 83 39 34 52 89 16 77 40 22 76 40 69 27 26 91 57 56 89 35 55 45 56 42 11 27 13 81 94 47 20 50 58 18 66 64 60 75 69 25 79 15 97 98 45 39 64 91 80 77 58 81 44 28 38 66 96 44 61 91 43 76 23 42 94 55 24 90 69 99 38 56 94 15 35 63 80 31 49 92 29 49
77 83 65 31 17 72 87 33 51 81 45 25 46 55 95 36 62 0 26 54 42 17 98 41 16 38 14 48 50 84 28 75 85 92 42 79 79 20 95 19 66 77 54 52 15 58 54 54 63 83 90 73 12 94 76 61 32 70 28 59 53 78 72 85 74 66 94 16 28 65 45 26 77 81 31 80 49 69 95 92 56 57 14 13 88 32 54 95 95 44 38 43 45 41 29 94 86 37 88 83 22 75 61 17 66 13 40 28 50 53
27 30 47 60 49 79 47 93 12 98 35 19 24 76 69 56 37 26 0 10 83 80 36 14 58 45 70 21 67 39 71 82 53 62 89 46 82 24 56 81 42 55 45 97 92 25 63 69 72 21 39 99 16 28 18 62 24 27 60 41 43 53 55 43 40 63 87 93 65 81 84 85 27 11 45 14 31 95 56 18 26 94 81 23 85 78 94 86 94 70 60 85 34 10 81 25 43 88 56 19 43 76 51 24 57 98 75 60 14 32
61 16 24 84 74 32 80 92 29 11 18 99 89 11 58 66 12 54 10 0 60 81 45 86 34 30 46 10 56 65 55 30 11 13 94 45 26 47 27 64 91 81 68 36 76 83 41 76 99 97 21 59 68 96 10 12 80 95 61 17 25 15 93 90 84 89 34 74 18 59 22 71 17 53 22 26 94 20 68 73 60 55 25 57 45 76 77 53 17 30 42 41 19 26 55 46 71 33 83 63 19 96 89 48 35 92 24 91 42 15
58 21 17 16 44 61 66 52 66 34 97 39 40 42 64 64 86 42 83 60 0 74 97 14 46 97 90 54 53 58 87 70 38 53 37 16 23 65 97 70 99 39 61 97 46 81 94 74 16 55 13 41 96 41 27 56 79 16 24 92 33 27 76 63 70 43 10 40 67 24 25 82 38 18 56 78 85 70 32 97 43 58 69 35 40 35 43 54 84 41 27 54 32 28 38 38 93 62 26 58 20 23 22 31 81 72 75 90 17 46
41 20 26 81 62 19 42 34 12 43 11 97 48 26 52 26 67 17 80 81 74 0 17 42 67 96 17 72 31 15 63 60 76 58 63 69 38 58 75 28 53 26 41 23 59 14 30 40 38 12 52 57 42 99 24 74 50 88 38 50 41 77 11 38 74 69 77 29 25 13 76 26 99 93 82 22 21 58 31 52 52 71 76 95 11 92 84 63 28 81 76 29 80 97 59 16 45 67 52 45 32 89 82 35 19 30 24 25 79 94
58 57 48 75 25 40 63 77 88 82 59 97 66 92 59 89 70 98 36 45 97 17 0 30 66 59 12 64 39 44 16 15 48 32 94 94 80 13 86 31 36 28 10 17 46 70 67 24 39 14 95 68 42 16 71 32 43 75 50 26 37 22 96 12 64 45 21 11 23 50 80 81 71 14 50 14 67 52 54 27 72 81 73 65 49 46 67 29 16 36 26 91 99 59 56 76 76 70 53 44 53 43 29 29 88 34 48 75 80 80
68 74 28 39 64 13 16 30 27 74 93 76 16 45 89 41 80 41 14 86 14 42 30 0 32 67 95 50 23 27 65 16 15 66 87 99 22 91 65 11 67 62 17 34 54 18 98 85 97 75 55 38 23 57 71 23 81 81 73 26 68 69 91 59 25 89 42 37 36 82 28 96 55 79 35 87 35 35 43 39 21 16 30 11 79 91 79 23 48 38 15 34 72 55 21 44 49 29 92 27 42 36 39 79 29 88 72 34 99 89
29 41 24 57 76 92 56 72 14 60 53 27 43 95 32 59 24 16 58 34 46 67 66 32 0 42 24 36 45 82 88 68 85 46 29 13 83 76 64 26 92 46 12 94 68 39 54 49 35 36 75 58 75 79 97 73 92 20 13 99 16 83 92 30 36 84 84 71 84 88 94 20 91 91 65 70 89 46 58 29 60 67 81 49 62 97 76 77 69 82 24 63 28 38 94 77 45 73 21 16 47 93 95 37 89 78 85 40 12 17
52 26 32 29 61 64 60 39 43 74 14 12 34 57 83 93 51 38 45 30 97 96 59 67 42 0 43 75 62 67 47 98 67 62 82 61 29 61 30 20 86 74 37 51 95 60 80 77 87 45 95 88 75 77 65 76 27 97 55 81 91 91 20 41 72 36 85 45 21 95 71 28 73 24 58 59 40 24 59 81 75 97 47 16 53 43 25 68 56 24 55 78 10 25 99 18 24 89 53 53 51 76 52 84 65 30 71 34 91 12
23 38 99 96 43 12 17 80 49 37 43 88 71 68 98 67 47 14 70 46 90 17 12 95 24 43 0 51 27 98 72 32 51 49 64 26 52 30 68 84 54 37 62 47 63 46 15 36 15 77 59 16 17 35 99 66 76 78 39 90 15 89 41 63 83 57 67 74 22 95 57 29 66 33 85 85 86 58 65 73 38 72 65 69 54 16 70 82 51 97 57 29 78 10 77 40 22 97 36 67 99 61 94 24 90 50 32 73 99 92
51 39 79 93 16 93 66 45 33 48 52 89 36 99 71 15 72 48 21 10 54 72 64 50 36 75 51 0 10 73 70 13 97 35 29 22 37 12 28 19 13 80 97 10 49 45 59 47 83 47 15 16 39 44 60 29 69 89 15 10 83 41 45 31 29 83 39 69 55 50 47 48 88 79 40 68 55 14 82 22 31 40 49 37 63 29 50 99 56 31 24 78 96 51 26 68 49 57 57 91 12 65 44 84 38 13 61 12 40 94
88 68 53 84 85 13 21 93 69 45 29 33 51 70 52 96 59 50 67 56 53 31 39 23 45 62 27 10 0 38 20 60 99 11 13 81 42 82 86 38 56 65 80 39 32 44 33 35 21 87 30 95 85 17 91 91 59 70 70 31 27 85 44 33 94 40 21 81 15 29 82 56 28 13 47 63 10 62 91 24 10 58 26 78 54 83 54 57 24 26 98 99 32 43 57 55 49 40 55 52 69 55 15 93 67 81 11 60 98 95
72 50 24 46 96 80 75 19 78 55 51 30 21 97 73 32 83 84 39 65 58 15 44 27 82 67 98 73 38 0 49 40 66 98 18 66 50 10 41 70 56 56 47 88 41 31 81 26 37 25 31 97 91 73 19 51 94 10 25 33 45 76 13 33 27 54 85 66 50 81 53 92 77 17 62 95 35 52 61 55 61 95 75 33 27 30 91 93 19 25 78 33 27 46 71 89 35 29 10 29 18 15 99 49 69 72 18 40 10 18
91 35 16 77 24 14 22 51 55 21 77 61 77 74 57 78 39 28 71 55 87 63 16 65 88 47 72 70 20 49 0 60 91 46 53 97 20 86 19 89 91 91 82 39 11 25 12 30 37 11 19 35 37 87 74 59 17 46 18 26 81 43 33 79 87 45 19 16 17 77 10 43 81 28 90 45 34 61 41 31 82 25 99 34 22 21 45 42 65 37 62 67 31 89 91 30 32 33 13 77 88 42 67 47 54 20 74 22 47 53
85 67 15 22 84 40 91 74 85 97 97 88 72 78 64 10 34 75 82 30 70 60 15 16 68 98 32 13 60 40 60 0 64 25 74 84 54 89 86 62 58 98 83 33 50 90 96 38 84 25 26 77 10 96 13 30 91 31 86 51 88 82 62 74 19 17 71 47 20 39 61 45 55 46 57 92 54 24 23 52 52 66 93 63 50 98 24 84 66 79 42 85 46 26 28 38 50 98 34 31 69 86 73 15 43 94 60 85 98 59
34 86 97 24 94 89 19 37 51 74 52 80 71 33 60 70 52 85 53 11 38 76 48 15 85 67 51 97 99 66 91 64 0 19 12 67 34 78 37 60 32 83 62 40 22 80 43 23 55 29 70 44 79 89 24 56 25 63 54 78 13 87 69 27 73 45 42 43 64 36 10 43 85 79 74 10 26 89 54 15 68 99 99 66 40 76 24 72 98 63 49 94 69 34 54 13 40 18 93 90 12 15 32 90 22 85 46 76 30 65
15 65 28 48 97 19 61 22 72 80 77 65 56 15 45 26 89 92 62 13 53 58 32 66 46 62 49 35 11 98 46 25 19 0 83 30 45 53 66 45 20 22 87 95 99 91 10 83 70 78 92 26 34 30 34 68 92 46 53 53 27 43 79 20 90 10 14 90 29 23 56 14 62 81 26 15 28 45 38 34 54 84 81 88 18 87 27 60 46 88 82 46 93 67 80 42 32 88 29 23 44 99 39 83 66 80 62 42 86 21
29 95 65 18 30 32 70 44 28 26 19 86 43 77 87 55 16 42 89 94 37 63 94 87 29 82 64 29 13 18 53 74 12 83 0 95 54 85 18 33 43 86 70 60 80 28 38 14 63 98 55 86 97 87 98 39 43 19 90 17 32 32 53 45 46 93 37 75 20 71 35 52 38 26 67 51 29 67 85 36 30 87 55 21 40 18 61 73 69 13 91 76 74 11 87 35 73 11 68 30 52 45 13 56 35 78 52 35 71 25
46 72 52 21 33 33 76 42 62 77 69 83 24 26 96 84 77 79 46 45 16 69 94 99 13 61 26 22 81 66 97 84 67 30 95 0 96 96 15 36 96 98 23 74 91 55 14 94 87 59 21 80 99 48 30 86 23 28 68 89 67 90 91 29 37 58 62 46 76 52 55 35 78 44 15 80 22 16 78 62 35 18 84 11 89 96 34 27 42 12 31 66 62 80 17 84 80 80 85 43 76 77 26 53 16 17 58 55 51 59
28 72 59 60 31 97 63 93 27 55 69 32 31 45 64 11 40 79 82 26 23 38 80 22 83 29 52 37 42 50 20 54 34 45 54 96 0 94 89 69 93 44 44 62 34 64 26 71 89 58 70 40 89 24 54 16 27 47 42 74 72 23 67 78 52 14 23 38 43 99 87 51 55 82 64 18 73 99 76 67 73 13 94 27 82 42 72 65 42 52 34 81 86 64 21 73 13 58 61 55 15 87 51 32 91 94 63 83 94 82
12 42 12 77 63 44 51 12 50 54 23 24 97 30 21 80 22 20 24 47 65 58 13 91 76 61 30 12 82 10 86 89 78 53 85 96 94 0 39 33 55 46 95 57 47 69 78 87 54 15 29 78 81 12 12 14 49 41 45 46 56 18 80 88 48 85 44 46 68 60 30 78 29 77 59 85 74 46 16 63 47 95 40 17 11 68 23 24 34 76 33 77 88 17 26 54 36 42 69 73 96 69 18 58 63 22 78 10 39 52
86 64 89 87 91 88 23 59 79 16 68 84 38 21 82 72 76 95 56 27 97 75 86 65 64 30 68 28 86 41 19 86 37 66 18 15 89 39 0 48 83 85 38 92 42 53 91 64 27 91 65 95 68 25 49 18 80 63 18 89 13 35 20 97 50 41 47 84 67 42 38 66 89 28 61 32 75 58 38 75 43 25 19 43 54 89 92 85 25 69 58 41 63 31 71 66 67 75 70 47 87 86 36 94 21 40 71 39 45 57
98 83 87 70 19 36 23 52 21 10 58 57 86 20 43 35 40 19 81 64 70 28 31 11 26 20 84 19 38 70 89 62 60 45 33 36 69 33 48 0 57 84 75 78 64 52 69 61 16 18 31 14 46 64 27 78 53 68 70 80 77 22 35 76 16 34 71 43 15 29 65 72 83 36 95 15 40 32 40 30 30 41 82 26 21 31 50 58 69 43 20 46 48 48 26 48 42 54 68 71 45 32 71 21 70 84 35 96 23 86
75 30 50 75 69 21 48 62 66 25 23 53 22 34 30 80 69 66 42 91 99 53 36 67 92 86 54 13 56 56 91 58 32 20 43 96 93 55 83 57 0 79 85 22 56 92 16 69 75 77 43 82 32 42 92 78 78 71 36 54 41 83 50 40 38 39 96 58 21 21 92 94 20 37 98 10 87 41 61 81 92 64 59 58 28 38 13 51 78 80 22 29 23 77 70 88 12 36 44 22 16 15 53 19 13 59 12 11 73 91
48 54 94 85 14 87 19 98 63 55 62 91 24 53 89 69 27 77 55 81 39 26 28 62 46 74 37 80 65 56 91 98 83 22 86 98 44 46 85 84 79 0 33 57 42 40 71 23 79 47 46 73 47 28 59 60 34 82 92 94 60 43 24 50 83 37 14 68 11 90 82 83 23 82 40 26 80 17 62 30 64 65 99 22 60 52 93 83 75 23 70 96 22 78 84 62 75 59 43 89 91 64 72 11 34 31 26 67 69 16
69 34 72 46 72 33 14 66 61 49 95 76 65 48 97 12 26 54 45 68 61 41 10 17 12 37 62 97 80 47 82 83 62 87 70 23 44 95 38 75 85 33 0 11 58 19 90 68 32 89 40 29 34 91 47 86 24 81 28 40 99 38 14 81 12 69 49 32 67 40 21 90 25 62 37 47 51 17 54 51 21 50 75 31 43 12 39 15 22 52 61 11 69 96 45 51 39 61 33 65 28 88 50 73 32 72 77 70 97 22
52 15 22 98 51 41 61 44 87 65 39 55 70 35 10 34 91 52 97 36 97 23 17 34 94 51 47 10 39 88 39 33 40 95 60 74 62 57 92 78 22 57 11 0 14 22 59 50 49 88 81 75 33 70 80 78 51 75 35 41 71 62 11 40 66 47 82 30 97 78 30 45 76 61 24 51 43 40 13 17 19 30 46 92 34 99 65 71 91 80 14 82 68 46 33 35 52 49 47 63 93 49 20 66 16 50 57 19 63 22
79 62 56 76 89 75 79 79 81 58 76 12 74 84 13 11 57 15 92 76 46 59 46 54 68 95 63 49 32 41 11 50 22 99 80 91 34 47 42 64 56 42 58 14 0 90 40 93 48 57 49 49 50 50 65 48 89 89 16 14 17 73 33 80 65 59 75 36 11 63 92 42 47 26 36 47 69 38 48 24 77 45 97 19 74 79 55 26 75 99 17 92 57 13 65 70 15 15 68 70 60 15 59 75 10 46 21 23 88 18
21 89 49 62 85 68 24 12 45 36 58 12 70 19 82 97 56 58 25 83 81 14 70 18 39 60 46 45 44 31 25 90 80 91 28 55 64 69 53 52 92 40 19 22 90 0 58 41 91 40 91 25 88 12 84 17 22 10 73 18 19 80 35 50 40 11 79 62 15 48 77 57 26 12 66 81 64 58 21 54 20 90 22 46 58 59 97 47 22 45 81 60 31 15 50 69 81 59 32 85 73 85 81 43 20 95 38 56 71 42
81 97 37 39 50 94 89 21 12 67 59 92 59 78 87 29 89 54 63 41 94 30 67 98 54 80 15 59 33 81 12 96 43 10 38 14 26 78 91 69 16 71 90 59 40 58 0 28 17 42 46 68 87 72 91 47 84 75 82 17 34 44 58 16 52 95 25 17 16 94 33 58 29 42 83 96 43 76 59 83 35 65 61 33 55 22 25 66 70 97 87 39 85 18 51 20 34 11 66 75 33 77 21 72 10 93 36 38 82 78
52 22 64 86 73 40 70 56 48 82 61 68 89 82 33 42 35 54 69 76 74 40 24 85 49 77 36 47 35 26 30 38 23 83 14 94 71 87 64 61 69 23 68 50 93 41 28 0 46 86 79 81 53 81 72 21 58 69 15 44 60 80 46 88 60 84 84 65 41 90 62 56 92 60 76 24 13 34 64 41 84 63 91 80 93 51 93 16 94 92 31 35 87 39 44 94 68 37 47 52 13 72 36 33 22 70 94 41 73 78
19 17 16 75 55 53 37 90 61 91 90 61 73 34 31 28 55 63 72 99 16 38 39 97 35 87 15 83 21 37 37 84 55 70 63 87 89 54 27 16 75 79 32 49 48 91 17 46 0 83 64 48 62 93 83 25 75 59 46 89 82 87 50 67 29 21 49 56 77 70 52 43 56 71 89 37 59 10 60 38 98 22 86 90 19 45 67 91 93 38 14 70 90 91 91 70 28 52 83 33 15 19 81 69 40 90 62 82 92 76
75 16 84 81 56 22 37 23 36 90 84 55 85 84 10 50 45 83 21 97 55 12 14 75 36 45 77 47 87 25 11 25 29 78 98 59 58 15 91 18 77 47 89 88 57 40 42 86 83 0 44 33 42 40 28 43 59 73 52 13 44 95 86 41 74 28 44 27 47 37 55 81 54 29 44 94 39 57 72 28 92 37 22 23 45 98 27 62 87 64 90 35 65 21 56 93 76 18 67 55 41 11 69 72 32 64 18 39 73 61
52 19 88 83 29 68 29 20 61 67 97 94 22 46 24 10 56 90 39 21 13 52 95 55 75 95 59 15 30 31 19 26 70 92 55 21 70 29 65 31 43 46 40 81 49 91 46 79 64 44 0 39 61 62 26 45 24 67 40 73 22 54 33 19 93 64 88 89 35 37 63 27 17 56 31 86 47 59 16 70 76 35 48 56 15 58 89 52 94 75 63 78 31 23 93 15 75 46 82 41 26 40 50 32 65 75 34 18 85 25
51 67 68 20 91 41 79 17 67 41 64 63 67 42 36 15 42 73 99 59 41 57 68 38 58 88 16 16 95 97 35 77 44 26 86 80 40 78 95 14 82 73 29 75 49 25 68 81 48 33 39 0 93 38 58 10 88 15 85 15 66 61 99 44 48 47 72 18 65 86 74 89 87 65 94 33 78 49 22 90 52 76 97 49 51 35 40 22 17 35 93 51 56 10 36 19 23 68 32 69 15 62 23 18 28 33 12 78 33 22
52 55 37 19 70 57 39 13 24 25 94 99 66 42 56 49 11 12 16 68 96 42 42 23 75 75 17 39 85 91 37 10 79 34 97 99 89 81 68 46 32 47 34 33 50 88 87 53 62 42 61 93 0 80 10 52 36 27 33 17 48 23 17 16 54 67 74 92 92 60 22 12 58 81 70 51 64 24 62 63 37 58 19 42 11 15 68 28 88 90 45 97 68 16 69 58 25 11 58 74 51 90 16 10 94 99 43 77 86 45
77 34 49 63 47 70 73 25 97 58 74 84 24 40 86 81 27 94 28 96 41 99 16 57 79 77 35 44 17 73 87 96 89 30 87 48 24 12 25 64 42 28 91 70 50 12 72 81 93 40 62 38 80 0 92 96 44 55 15 70 47 97 75 27 95 13 67 17 38 81 61 44 62 39 90 82 30 15 98 45 22 88 27 61 10 43 28 58 31 10 91 92 92 66 87 73 17 15 73 72 59 43 77 86 13 43 59 54 47 21
69 46 70 31 21 66 70 43 92 63 85 75 14 60 53 10 13 76 18 10 27 24 71 71 97 65 99 60 91 19 74 13 24 34 98 30 54 12 49 27 92 59 47 80 65 84 91 72 83 28 26 58 10 92 0 87 21 91 74 96 17 51 21 74 36 21 70 77 95 76 89 67 81 99 21 18 33 77 72 94 72 38 20 92 18 84 44 28 77 10 43 41 55 84 98 72 54 87 30 81 91 85 49 82 55 27 86 22 58 21
80 45 47 54 41 58 36 82 76 44 84 16 77 81 60 69 81 61 62 12 56 74 32 23 73 76 66 29 91 51 59 30 56 68 39 86 16 14 18 78 78 60 86 78 48 17 47 21 25 43 45 10 52 96 87 0 12 52 65 37 34 91 84 41 22 80 74 90 52 79 45 24 57 83 22 61 72 10 98 47 99 25 67 63 99 96 26 74 78 94 36 60 51 56 18 21 13 25 38 72 87 30 10 48 76 18 47 20 70 27
22 70 19 66 70 11 51 93 38 83 20 17 77 11 96 15 94 32 24 80 79 50 43 81 92 27 76 69 59 94 17 91 25 92 43 23 27 49 80 53 78 34 24 51 89 22 84 58 75 59 24 88 36 44 21 12 0 48 91 52 71 13 65 48 80 27 93 58 37 71 86 75 60 58 50 72 82 94 36 74 19 36 21 24 75 34 65 60 63 41 85 98 21 26 93 40 16 54 59 88 70 50 92 18 64 42 41 68 48 10
97 63 66 58 36 74 54 97 72 69 15 16 68 41 95 39 47 70 27 95 16 88 75 81 20 97 78 89 70 10 46 31 63 46 19 28 47 41 63 68 71 82 81 75 89 10 75 69 59 73 67 15 27 55 91 52 48 0 20 14 56 36 47 57 94 81 53 91 99 15 61 82 34 13 51 96 10 68 97 93 43 96 69 15 94 84 26 65 10 17 28 54 17 64 40 36 27 76 51 80 11 30 56 11 98 46 29 96 73 83
75 50 82 95 23 52 96 84 78 98 82 99 26 42 91 85 20 28 60 61 24 38 50 73 13 55 39 15 70 25 18 86 54 53 90 68 42 45 18 70 36 92 28 35 16 73 82 15 46 52 40 85 33 15 74 65 91 20 0 78 97 17 80 31 63 81 13 13 51 31 87 84 82 61 83 20 81 63 19 82 72 87 84 68 92 44 29 46 46 70 70 63 95 36 48 20 23 13 24 85 75 23 48 34 10 30 57 42 35 67
37 33 32 16 59 51 52 30 30 82 75 82 41 31 45 80 50 59 41 17 92 50 26 26 99 81 90 10 31 33 26 51 78 53 17 89 74 46 89 80 54 94 40 41 14 18 17 44 89 13 73 15 17 70 96 37 52 14 78 0 11 45 89 89 74 64 29 53 77 11 48 46 46 17 29 34 86 54 36 17 23 69 24 16 64 23 90 44 61 17 74 58 29 71 18 76 29 24 91 54 42 95 61 28 42 32 34 53 95 61
93 86 96 46 11 74 44 93 81 37 58 58 58 49 30 52 58 53 43 25 33 41 37 68 16 91 15 83 27 45 81 88 13 27 32 67 72 56 13 77 41 60 99 71 17 19 34 60 82 44 22 66 48 47 17 34 71 56 97 11 0 18 94 40 13 48 15 43 61 59 82 56 59 14 21 80 56 66 54 13 86 14 59 70 90 66 94 48 78 57 23 32 30 46 83 29 91 66 88 71 98 20 13 15 85 20 14 92 74 49
60 77 14 31 34 84 97 92 62 10 18 13 72 59 40 77 18 78 53 15 27 77 22 69 83 91 89 41 85 76 43 82 87 43 32 90 23 18 35 22 83 43 38 62 73 80 44 80 87 95 54 61 23 97 51 91 13 36 17 45 18 0 63 30 82 38 75 40 75 70 89 88 90 22 69 50 66 95 25 83 26 85 55 79 68 27 67 74 98 86 47 45 21 49 86 45 83 29 74 68 45 10 32 60 32 98 93 96 82 79
58 48 40 41 28 95 78 67 17 38 43 37 82 51 72 15 66 72 55 93 76 11 96 91 92 20 41 45 44 13 33 62 69 79 53 91 67 80 20 35 50 24 14 11 33 35 58 46 50 86 33 99 17 75 21 84 65 47 80 89 94 63 0 35 92 22 43 30 19 47 17 82 40 56 60 21 60 19 24 80 73 45 23 35 85 17 36 92 85 90 68 96 67 35 53 26 85 96 89 88 74 51 91 20 66 35 44 65 16 90
15 48 45 87 79 43 56 77 37 64 58 58 12 29 74 33 64 85 43 90 63 38 12 59 30 41 63 31 33 33 79 74 27 20 45 29 78 88 97 76 40 50 81 40 80 50 16 88 67 41 19 44 16 27 74 41 48 57 31 89 40 30 35 0 99 68 99 97 55 13 14 40 95 55 33 42 23 11 84 68 20 36 57 95 71 77 78 77 71 14 19 27 97 22 68 67 93 74 73 51 94 15 45 79 50 97 12 57 44 60
33 25 98 95 49 91 12 89 91 35 79 96 35 54 71 26 60 74 40 84 70 74 64 25 36 72 83 29 94 27 87 19 73 90 46 37 52 48 50 16 38 83 12 66 65 40 52 60 29 74 93 48 54 95 36 22 80 94 63 74 13 82 92 99 0 44 76 48 74 68 54 63 30 12 63 48 57 85 50 95 44 20 72 13 79 97 37 40 18 96 61 45 93 32 52 18 77 97 55 57 68 86 15 51 44 48 20 86 40 41
65 24 27 56 99 32 97 50 10 96 57 88 33 13 96 71 75 66 63 89 43 69 45 89 84 36 57 83 40 54 45 17 45 10 93 58 14 85 41 34 39 37 69 47 59 11 95 84 21 28 64 47 67 13 21 80 27 81 81 64 48 38 22 68 44 0 86 96 87 91 51 59 88 30 22 72 98 26 54 94 65 66 31 68 79 87 83 77 93 23 27 31 59 16 91 38 11 59 56 23 32 93 51 63 35 80 84 87 55 30
59 27 50 75 42 90 20 83 88 12 32 89 11 34 56 29 69 94 87 34 10 77 21 42 84 85 67 39 21 85 19 71 42 14 37 62 23 44 47 71 96 14 49 82 75 79 25 84 49 44 88 72 74 67 70 74 93 53 13 29 15 75 43 99 76 86 0 12 24 99 12 35 59 56 31 98 12 84 39 98 90 95 34 76 66 80 63 82 73 45 18 53 16 37 87 36 44 10 74 93 57 38 52 24 84 65 53 96 89 71
77 98 52 38 58 26 77 24 31 42 42 84 77 49 45 97 25 16 93 74 40 29 11 37 71 45 74 69 81 66 16 47 43 90 75 46 38 46 84 43 58 68 32 30 36 62 17 65 56 27 89 18 92 17 77 90 58 91 13 53 43 40 30 97 48 96 12 0 71 91 85 53 11 95 53 14 16 58 24 65 92 14 49 18 66 45 13 88 43 79 75 51 24 53 81 96 78 14 90 33 60 68 76 40 95 88 67 14 86 56
90 67 28 77 56 90 73 22 65 16 39 47 36 69 15 94 79 28 65 18 67 25 23 36 84 21 22 55 15 50 17 20 64 29 20 76 43 68 67 15 21 11 67 97 11 15 16 41 77 47 35 65 92 38 95 52 37 99 51 77 61 75 19 55 74 87 24 71 0 16 23 14 31 50 78 30 72 65 29 66 11 31 90 43 65 17 68 34 39 34 33 11 12 92 96 49 99 63 56 27 42 65 53 12 55 22 72 74 97 23
88 75 74 78 30 30 81 76 56 80 56 46 24 63 63 82 15 65 81 59 24 13 50 82 88 95 95 50 29 81 77 39 36 23 71 52 99 60 42 29 21 90 40 78 63 48 94 90 70 37 37 86 60 81 76 79 71 15 31 11 59 70 47 13 68 91 99 91 16 0 65 13 56 40 26 87 11 75 55 50 80 13 76 63 71 10 85 28 28 41 44 15 57 21 13 91 58 91 46 78 67 81 70 59 55 40 22 27 61 86
75 19 22 89 53 11 96 88 34 18 70 48 81 11 67 67 97 45 84 22 25 76 80 28 94 71 57 47 82 53 10 61 10 56 35 55 87 30 38 65 92 82 21 30 92 77 33 62 52 55 63 74 22 61 89 45 86 61 87 48 82 89 17 14 54 51 12 85 23 65 0 84 13 87 92 52 55 89 66 35 79 59 47 58 85 56 66 45 39 80 58 81 24 73 41 32 93 80 86 93 81 92 51 17 86 76 66 15 90 15
64 16 54 38 72 70 77 33 55 98 62 17 31 26 18 41 98 26 85 71 82 26 81 96 20 28 29 48 56 92 43 45 43 14 52 35 51 78 66 72 94 83 90 45 42 57 58 56 43 81 27 89 12 44 67 24 75 82 84 46 56 88 82 40 63 59 35 53 14 13 84 0 60 41 74 47 69 78 89 97 93 14 21 75 68 84 97 26 21 30 77 80 29 47 13 74 76 90 70 73 84 92 16 18 14 51 84 83 14 96
61 70 29 86 40 68 31 14 30 10 34 34 90 63 19 98 45 77 27 17 38 99 71 55 91 73 66 88 28 77 81 55 85 62 38 78 55 29 89 83 20 23 25 76 47 26 29 92 56 54 17 87 58 62 81 57 60 34 82 46 59 90 40 95 30 88 59 11 31 56 13 60 0 31 16 22 44 74 44 94 61 52 79 32 67 71 67 63 32 70 67 74 42 25 59 31 21 18 22 74 42 44 94 45 85 52 98 45 97 76
72 51 47 32 81 28 64 83 44 49 64 75 64 39 28 29 39 81 11 53 18 93 14 79 91 24 33 79 13 17 28 46 79 81 26 44 82 77 28 36 37 82 62 61 26 12 42 60 71 29 56 65 81 39 99 83 58 13 61 17 14 22 56 55 12 30 56 95 50 40 87 41 31 0 63 67 23 85 30 18 65 95 32 35 69 90 59 10 37 53 53 25 10 49 58 21 86 49 32 60 14 12 65 57 24 81 95 11 92 44
10 87 47 13 19 95 53 55 18 91 23 12 68 88 80 78 64 31 45 22 56 82 50 35 65 58 85 40 47 62 90 57 74 26 67 15 64 59 61 95 98 40 37 24 36 66 83 76 89 44 31 94 70 90 21 22 50 51 83 29 21 69 60 33 63 22 31 53 78 26 92 74 16 63 0 65 24 76 72 49 53 60 35 31 48 17 49 47 91 71 15 19 21 53 40 68 84 48 25 71 37 11 56 27 97 48 23 68 32 56
63 63 58 42 60 91 32 25 51 46 13 58 82 67 12 62 91 80 14 26 78 22 14 87 70 59 85 68 63 95 45 92 10 15 51 80 18 85 32 15 10 26 47 51 47 81 96 24 37 94 86 33 51 82 18 61 72 96 20 34 80 50 21 42 48 72 98 14 30 87 52 47 22 67 65 0 17 40 61 15 92 27 95 63 85 46 98 25 66 73 59 99 68 38 19 88 29 49 84 46 39 99 26 16 85 17 55 54 49 39
94 23 12 95 18 63 35 10 63 47 90 89 79 21 55 42 80 49 31 94 85 21 67 35 89 40 86 55 10 35 34 54 26 28 29 22 73 74 75 40 87 80 51 43 69 64 43 13 59 39 47 78 64 30 33 72 82 10 81 86 56 66 60 23 57 98 12 16 72 11 55 69 44 23 24 17 0 63 99 65 45 31 58 20 98 57 54 20 97 67 63 47 15 54 96 97 56 17 42 56 60 47 44 83 70 88 56 92 40 64
15 44 31 67 76 80 80 39 19 91 97 44 36 13 81 89 77 69 95 20 70 58 52 35 46 24 58 14 62 52 61 24 89 45 67 16 99 46 58 32 41 17 17 40 38 58 76 34 10 57 59 49 24 15 77 10 94 68 63 54 66 95 19 11 85 26 84 58 65 75 89 78 74 85 76 40 63 0 78 24 70 26 68 39 95 66 38 73 13 18 97 23 60 41 87 36 94 27 90 52 58 84 84 39 38 87 65 77 79 50
12 96 59 38 86 97 55 84 99 87 55 95 97 76 48 46 58 95 56 68 32 31 54 43 58 59 65 82 91 61 41 23 54 38 85 78 76 16 38 40 61 62 54 13 48 21 59 64 60 72 16 22 62 98 72 98 36 97 19 36 54 25 24 84 50 54 39 24 29 55 66 89 44 30 72 61 99 78 0 20 58 82 79 71 54 66 45 63 37 94 14 73 29 99 96 31 59 21 17 57 24 97 69 98 76 72 78 11 42 17
34 41 35 65 74 87 42 85 81 23 49 87 56 20 83 63 81 92 18 73 97 52 27 39 29 81 73 22 24 55 31 52 15 34 36 62 67 63 75 30 81 30 51 17 24 54 83 41 38 28 70 90 63 45 94 47 74 93 82 17 13 83 80 68 95 94 98 65 66 50 35 97 94 18 49 15 65 24 20 0 63 14 92 27 33 14 73 45 37 15 43 98 38 62 17 87 44 31 10 15 52 50 34 72 80 10 42 39 12 41
50 59 26 68 18 49 64 97 30 93 26 26 45 36 59 88 44 56 26 60 43 52 72 21 60 75 38 31 10 61 82 52 68 54 30 35 73 47 43 30 92 64 21 19 77 20 35 84 98 92 76 52 37 22 72 99 19 43 72 23 86 26 73 20 44 65 90 92 11 80 79 93 61 65 53 92 45 70 58 63 0 28 82 73 43 31 36 66 24 90 98 87 53 78 31 87 60 96 52 47 12 98 11 68 10 72 80 24 46 48
11 94 74 36 30 50 76 68 15 57 73 62 83 83 26 71 28 57 94 55 58 71 81 16 67 97 72 40 58 95 25 66 99 84 87 18 13 95 25 41 64 65 50 30 45 90 65 63 22 37 35 76 58 88 38 25 36 96 87 69 14 85 45 36 20 66 95 14 31 13 59 14 52 95 60 27 31 26 82 14 28 0 85 52 71 38 10 71 75 47 88 87 64 95 20 79 47 27 96 45 27 25 25 80 82 19 26 51 58 13
19 67 35 58 75 63 78 57 17 85 72 89 65 70 21 83 38 14 81 25 69 76 73 30 81 47 65 49 26 75 99 93 99 81 55 84 94 40 19 82 59 99 75 46 97 22 61 91 86 22 48 97 19 27 20 67 21 69 84 24 59 55 23 57 72 31 34 49 90 76 47 21 79 32 35 95 58 68 79 92 82 85 0 50 59 60 17 61 90 95 61 38 50 33 94 21 62 39 72 70 71 72 76 84 33 83 54 31 64 28
22 46 31 23 62 15 71 17 26 19 39 74 97 98 98 96 66 13 23 57 35 95 65 11 49 16 69 37 78 33 34 63 66 88 21 11 27 17 43 26 58 22 31 92 19 46 33 80 90 23 56 49 42 61 92 63 24 15 68 16 70 79 35 95 13 68 76 18 43 63 58 75 32 35 31 63 20 39 71 27 73 52 50 0 41 97 24 89 71 30 57 87 92 89 60 33 43 18 35 68 52 71 87 96 10 18 16 42 56 74
87 66 28 42 67 42 48 95 77 43 46 56 40 20 57 93 96 88 85 45 40 11 49 79 62 53 54 63 54 27 22 50 40 18 40 89 82 11 54 21 28 60 43 34 74 58 55 93 19 45 15 51 11 10 18 99 75 94 92 64 90 68 85 71 79 79 66 66 65 71 85 68 67 69 48 85 98 95 54 33 43 71 59 41 0 50 34 16 61 38 69 45 61 65 20 62 25 65 17 51 97 52 25 67 99 38 90 32 83 68
65 43 36 49 79 36 24 42 69 99 68 75 99 96 83 87 44 32 78 76 35 92 46 91 97 43 16 29 83 30 21 98 76 87 18 96 42 68 89 31 38 52 12 99 79 59 22 51 45 98 58 35 15 43 84 96 34 84 44 23 66 27 17 77 97 87 80 45 17 10 56 84 71 90 17 46 57 66 66 14 31 38 60 97 50 0 92 46 61 37 61 27 64 75 56 41 24 89 95 15 25 61 92 24 77 47 35 34 71 47
75 90 91 59 78 59 34 64 95 20 36 60 17 95 85 52 61 54 94 77 43 84 67 79 76 25 70 50 54 91 45 24 24 27 61 34 72 23 92 50 13 93 39 65 55 97 25 93 67 27 89 40 68 28 44 26 65 26 29 90 94 67 36 78 37 83 63 13 68 85 66 97 67 59 49 98 54 38 45 73 36 10 17 24 34 92 0 97 17 29 51 59 42 32 69 62 29 53 93 34 84 98 25 27 40 69 22 56 31 95
42 16 31 62 65 66 88 88 63 35 68 18 87 49 24 18 91 95 86 53 54 63 29 23 77 68 82 99 57 93 42 84 72 60 73 27 65 24 85 58 51 83 15 71 26 47 66 16 91 62 52 22 28 58 28 74 60 65 46 44 48 74 92 77 40 77 82 88 34 28 45 26 63 10 47 25 20 73 63 45 66 71 61 89 16 46 97 0 16 92 41 30 17 74 85 69 53 83 76 65 48 49 47 15 11 13 10 99 30 62
56 18 58 86 50 52 91 14 53 58 77 50 82 46 17 10 43 95 94 17 84 28 16 48 69 56 51 56 24 19 65 66 98 46 69 42 42 34 25 69 78 75 22 91 75 22 70 94 93 87 94 17 88 31 77 78 63 10 46 61 78 98 85 71 18 93 73 43 39 28 39 21 32 37 91 66 97 13 37 37 24 75 90 71 61 61 17 16 0 90 54 59 19 30 19 74 33 45 50 87 45 75 78 38 81 38 48 32 56 87
19 61 94 42 72 61 42 50 29 40 74 85 23 62 74 62 76 44 70 30 41 81 36 38 82 24 97 31 26 25 37 79 63 88 13 12 52 76 69 43 80 23 52 80 99 45 97 92 38 64 75 35 90 10 10 94 41 17 70 17 57 86 90 14 96 23 45 79 34 41 80 30 70 53 71 73 67 18 94 15 90 47 95 30 38 37 29 92 90 0 82 46 92 23 29 55 15 48 31 82 26 86 56 75 69 80 93 64 29 17
17 56 75 96 48 35 71 45 25 77 11 89 24 37 47 68 23 38 60 42 27 76 26 15 24 55 57 24 98 78 62 42 49 82 91 31 34 33 58 20 22 70 61 14 17 81 87 31 14 90 63 93 45 91 43 36 85 28 70 74 23 47 68 19 61 27 18 75 33 44 58 77 67 53 15 59 63 97 14 43 98 88 61 57 69 61 51 41 54 82 0 93 97 14 68 79 26 31 98 35 63 62 35 95 73 82 58 88 32 84
31 58 45 98 59 74 78 13 70 57 85 16 48 89 76 37 42 43 85 41 54 29 91 34 63 78 29 78 99 33 67 85 94 46 76 66 81 77 41 46 29 96 11 82 92 60 39 35 70 35 78 51 97 92 41 60 98 54 63 58 32 45 96 27 45 31 53 51 11 15 81 80 74 25 19 99 47 23 73 98 87 87 38 87 45 27 59 30 59 46 93 0 26 28 98 62 55 82 75 81 68 18 73 93 58 43 75 98 53 26
39 41 28 80 36 99 17 50 39 57 94 25 12 56 64 49 94 45 34 19 32 80 99 72 28 10 78 96 32 27 31 46 69 93 74 62 86 88 63 48 23 22 69 68 57 31 85 87 90 65 31 56 68 92 55 51 21 17 95 29 30 21 67 97 93 59 16 24 12 57 24 29 42 10 21 68 15 60 29 38 53 64 50 92 61 64 42 17 19 92 97 26 0 22 77 86 14 29 82 28 84 58 24 11 56 82 55 27 78 56
62 18 39 32 50 48 58 47 57 97 76 60 60 22 24 50 55 41 10 26 28 97 59 55 38 25 10 51 43 46 89 26 34 67 11 80 64 17 31 48 77 78 96 46 13 15 18 39 91 21 23 10 16 66 84 56 26 64 36 71 46 49 35 22 32 16 37 53 92 21 73 47 25 49 53 38 54 41 99 62 78 95 33 89 65 75 32 74 30 23 14 28 22 0 83 55 17 61 58 33 29 88 68 58 46 74 63 67 51 16
23 56 97 12 91 58 98 20 79 54 84 37 84 61 17 86 24 29 81 55 38 59 56 21 94 99 77 26 57 71 91 28 54 80 87 17 21 26 71 26 70 84 45 33 65 50 51 44 91 56 93 36 69 87 98 18 93 40 48 18 83 86 53 68 52 91 87 81 96 13 41 13 59 58 40 19 96 87 96 17 31 20 94 60 20 56 69 85 19 29 68 98 77 83 0 73 83 56 41 92 89 53 13 50 15 81 37 67 79 86
87 92 43 84 67 69 77 19 38 75 92 10 24 66 11 72 90 94 25 46 38 16 76 44 77 18 40 68 55 89 30 38 13 42 35 84 73 54 66 48 88 62 51 35 70 69 20 94 70 93 15 19 58 73 72 21 40 36 20 76 29 45 26 67 18 38 36 96 49 91 32 74 31 21 68 88 97 36 31 87 87 79 21 33 62 41 62 69 74 55 79 62 86 55 73 0 19 68 91 69 51 62 17 98 25 88 77 13 28 32
20 15 62 45 85 52 15 98 93 23 64 35 51 90 79 53 69 86 43 71 93 45 76 49 45 24 22 49 49 35 32 50 40 32 73 80 13 36 67 42 12 75 39 52 15 81 34 68 28 76 75 23 25 17 54 13 16 27 23 29 91 83 85 93 77 11 44 78 99 58 93 76 21 86 84 29 56 94 59 44 60 47 62 43 25 24 29 53 33 15 26 55 14 17 83 19 0 17 37 60 16 34 85 50 24 22 99 71 14 67
42 53 43 90 82 55 42 39 73 41 78 82 44 45 59 77 99 37 88 33 62 67 70 29 73 89 97 57 40 29 33 98 18 88 11 80 58 42 75 54 36 59 61 49 15 59 11 37 52 18 46 68 11 15 87 25 54 76 13 24 66 29 96 74 97 59 10 14 63 91 80 90 18 49 48 49 17 27 21 31 96 27 39 18 65 89 53 83 45 48 31 82 29 61 56 68 17 0 64 70 61 56 90 43 65 31 52 64 56 14
52 59 31 85 91 86 88 25 48 19 60 60 27 26 76 30 38 88 56 83 26 52 53 92 21 53 36 57 55 10 13 34 93 29 68 85 61 69 70 68 44 43 33 47 68 32 66 47 83 67 82 32 58 73 30 38 59 51 24 91 88 74 89 73 55 56 74 90 56 46 86 70 22 32 25 84 42 90 17 10 52 96 72 35 17 95 93 76 50 31 98 75 82 58 41 91 37 64 0 73 63 22 70 39 43 42 35 21 68 69
14 65 45 87 10 87 87 99 96 19 24 53 55 78 26 89 56 83 19 63 58 45 44 27 16 53 67 91 52 29 77 31 90 23 30 43 55 73 47 71 22 89 65 63 70 85 75 52 33 55 41 69 74 72 81 72 88 80 85 54 71 68 88 51 57 23 93 33 27 78 93 73 74 60 71 46 56 52 57 15 47 45 70 68 51 15 34 65 87 82 35 81 28 33 92 69 60 70 73 0 43 67 13 78 83 90 21 20 16 39
20 65 57 62 23 44 92 52 73 49 44 61 57 37 47 19 94 22 43 19 20 32 53 42 47 51 99 12 69 18 88 69 12 44 52 76 15 96 87 45 16 91 28 93 60 73 33 13 15 41 26 15 51 59 91 87 70 11 75 42 98 45 74 94 68 32 57 60 42 67 81 84 42 14 37 39 60 58 24 52 12 27 71 52 97 25 84 48 45 26 63 68 84 29 89 51 16 61 63 43 0 96 32 89 78 45 96 58 22 90
11 42 89 46 49 11 79 62 21 67 61 60 64 54 46 39 15 75 76 96 23 89 43 36 93 76 61 65 55 15 42 86 15 99 45 77 87 69 86 32 15 64 88 49 15 85 77 72 19 11 40 62 90 43 85 30 50 30 23 95 20 10 51 15 86 93 38 68 65 81 92 92 44 12 11 99 47 84 97 50 98 25 72 71 52 61 98 49 75 86 62 18 58 88 53 62 34 56 22 67 96 0 53 58 79 58 20 89 11 32
97 74 58 46 77 17 65 39 82 87 19 46 77 38 62 58 35 61 51 89 22 82 29 39 95 52 94 44 15 99 67 73 32 39 13 26 51 18 36 71 53 72 50 20 59 81 21 36 81 69 50 23 16 77 49 10 92 56 48 61 13 32 91 45 15 51 52 76 53 70 51 16 94 65 56 26 44 84 69 34 11 25 76 87 25 92 25 47 78 56 35 73 24 68 13 17 85 90 70 13 32 53 0 26 39 72 32 50 10 30
69 96 64 88 75 96 85 90 83 10 97 32 12 13 44 77 63 17 24 48 31 35 29 79 37 84 24 84 93 49 47 15 90 83 56 53 32 58 94 21 19 11 73 66 75 43 72 33 69 72 32 18 10 86 82 48 18 11 34 28 15 60 20 79 51 63 24 40 12 59 17 18 45 57 27 16 83 39 98 72 68 80 84 96 67 24 27 15 38 75 95 93 11 58 50 98 50 43 39 78 89 58 26 0 80 13 83 12 37 65
62 99 48 54 42 13 21 88 46 82 32 96 77 55 99 51 80 66 57 35 81 19 88 29 89 65 90 38 67 69 54 43 22 66 35 16 91 63 21 70 13 34 32 16 10 20 10 22 40 32 65 28 94 13 55 76 64 98 10 42 85 32 66 50 44 35 84 95 55 55 86 14 85 24 97 85 70 38 76 80 10 82 33 10 99 77 40 11 81 69 73 58 56 46 15 25 24 65 43 83 78 79 39 80 0 99 14 24 13 14
81 27 77 37 54 90 39 58 10 92 51 53 67 81 97 74 31 13 98 92 72 30 34 88 78 30 50 13 81 72 20 94 85 80 78 17 94 22 40 84 59 31 72 50 46 95 93 70 90 64 75 33 99 43 27 18 42 46 30 32 20 98 35 97 48 80 65 88 22 40 76 51 52 81 48 17 88 87 72 10 72 19 83 18 38 47 69 13 38 80 82 43 82 74 81 88 22 31 42 90 45 58 72 13 99 0 23 23 89 41
31 43 34 50 79 34 99 91 41 97 62 63 56 92 45 97 49 40 75 24 75 24 48 72 85 71 32 61 11 18 74 60 46 62 52 58 63 78 71 35 12 26 77 57 21 38 36 94 62 18 34 12 43 59 86 47 41 29 57 34 14 93 44 12 20 84 53 67 72 22 66 84 98 95 23 55 56 65 78 42 80 26 54 16 90 35 22 10 48 93 58 75 55 63 37 77 99 52 35 21 96 20 32 83 14 23 0 43 59 69
94 24 16 69 67 36 31 32 11 36 50 45 31 11 38 73 92 28 60 91 90 25 75 34 40 34 73 12 60 40 22 85 76 42 35 55 83 10 39 96 11 67 70 19 23 56 38 41 82 39 18 78 77 54 22 20 68 96 42 53 92 96 65 57 86 87 96 14 74 27 15 83 45 11 68 54 92 77 11 39 24 51 31 42 32 34 56 99 32 64 88 98 27 67 67 13 71 64 21 20 58 89 50 12 24 23 43 0 36 42
29 99 77 42 20 70 82 91 73 11 51 64 62 48 36 49 29 50 14 42 17 79 80 99 12 91 99 40 98 10 47 98 30 86 71 51 94 39 45 23 73 69 97 63 88 71 82 73 92 73 85 33 86 47 58 70 48 73 35 95 74 82 16 44 40 55 89 86 97 61 90 14 97 92 32 49 40 79 42 12 46 58 64 56 83 71 31 30 56 29 32 53 78 51 79 28 14 56 68 16 22 11 10 37 13 89 59 36 0 37
59 39 32 44 99 11 45 99 76 51 45 15 37 37 75 62 49 53 32 15 46 94 80 89 17 12 92 94 95 18 53 59 65 21 25 59 82 52 57 86 91 16 22 22 18 42 78 78 76 61 25 22 45 21 21 27 10 83 67 61 49 79 90 60 41 30 71 56 23 86 15 96 76 44 56 39 64 50 17 41 48 13 28 74 68 47 95 62 87 17 84 26 56 16 86 32 67 14 69 39 90 32 30 65 14 41 69 42 37 0