40
0 63 86 67 92 25 17 14 79 56 69 78 72 44 31 23 98 60 77 77 47 69 84 52 11 46 97 55 68 10 89 32 75 38 63 70 79 32 59 17
63 0 42 48 23 73 68 98 20 62 64 53 25 20 29 86 41 61 85 75 10 64 11 28 67 48 16 82 67 28 50 75 40 86 58 68 69 60 66 91
86 42 0 63 55 54 20 66 50 10 30 75 34 79 56 32 39 59 22 10 64 90 48 61 45 85 18 77 93 93 22 98 72 15 27 86 45 15 42 11
67 48 63 0 92 46 99 54 41 41 30 87 55 43 80 63 99 20 83 76 64 30 92 98 88 56 75 60 32 91 16 99 31 75 96 73 69 15 94 72
92 23 55 92 0 13 14 62 51 53 22 82 22 85 69 72 54 94 98 28 34 10 81 86 46 23 62 11 47 45 33 69 73 43 69 42 26 15 13 79
25 73 54 46 13 0 94 62 84 81 61 22 27 39 44 82 75 30 15 92 63 87 27 64 83 45 13 49 24 86 50 31 36 96 52 70 97 42 48 74
17 68 20 99 14 94 0 31 98 36 43 19 60 31 81 15 87 60 71 87 67 43 88 82 88 50 35 31 66 13 57 58 66 74 49 90 86 13 41 34
14 98 66 54 62 62 31 0 42 86 78 53 78 27 59 49 34 21 84 96 41 54 46 54 27 14 51 58 96 36 47 56 95 42 39 84 38 55 20 73
79 20 50 41 51 84 98 42 0 97 76 84 96 16 34 90 79 72 25 49 61 13 32 24 40 13 46 83 79 82 70 22 75 29 15 28 86 36 37 71
56 62 10 41 53 81 36 86 97 0 55 53 14 53 53 83 48 43 64 88 96 16 87 63 80 84 12 54 44 65 34 45 99 20 98 51 33 25 72 27
69 64 30 30 22 61 43 78 76 55 0 75 86 42 82 37 10 63 19 78 55 36 87 71 84 94 47 39 93 45 31 16 11 56 61 73 77 77 71 16
78 53 75 87 82 22 19 53 84 53 75 0 76 87 51 71 31 30 32 29 16 16 53 96 93 30 72 13 99 19 92 39 19 48 88 22 90 56 57 36
72 25 34 55 22 27 60 78 96 14 86 76 0 53 11 64 77 25 93 59 98 56 75 78 68 41 63 82 29 31 37 85 96 65 40 54 38 51 37 29
44 20 79 43 85 39 31 27 16 53 42 87 53 0 36 76 62 20 72 51 58 53 37 10 93 92 23 87 80 35 69 56 49 91 86 67 51 54 12 31
31 29 56 80 69 44 81 59 34 53 82 51 11 36 0 39 42 14 73 57 12 70 12 57 56 51 44 44 62 89 67 14 92 32 28 81 98 34 24 25
23 86 32 63 72 82 15 49 90 83 37 71 64 76 39 0 40 92 28 46 70 57 89 88 34 30 26 86 79 59 96 97 14 77 68 66 24 86 95 39
98 41 39 99 54 75 87 34 79 48 10 31 77 62 42 40 0 12 81 67 51 15 53 25 37 83 96 92 31 13 47 93 46 25 59 36 86 99 69 91
60 61 59 20 94 30 60 21 72 43 63 30 25 20 14 92 12 0 80 72 85 16 19 39 73 62 65 67 39 88 70 10 46 53 30 60 95 77 98 44
77 85 22 83 98 15 71 84 25 64 19 32 93 72 73 28 81 80 0 46 34 62 72 23 58 32 35 64 69 30 59 66 49 78 59 21 24 71 77 28
77 75 10 76 28 92 87 96 49 88 78 29 59 51 57 46 67 72 46 0 40 91 84 71 27 92 29 50 39 32 57 98 88 63 93 81 89 37 11 48
47 10 64 64 34 63 67 41 61 96 55 16 98 58 12 70 51 85 34 40 0 52 21 48 70 64 67 49 95 94 75 25 24 52 80 62 30 29 72 89
69 64 90 30 10 87 43 54 13 16 36 16 56 53 70 57 15 16 62 91 52 0 31 74 74 27 93 14 69 52 74 33 92 60 77 72 76 72 34 82
84 11 48 92 81 27 88 46 32 87 87 53 75 37 12 89 53 19 72 84 21 31 0 65 96 12 11 59 20 67 56 67 89 73 28 95 29 37 27 27
52 28 61 98 86 64 82 54 24 63 71 96 78 10 57 88 25 39 23 71 48 74 65 0 86 46 97 43 46 70 81 41 91 65 36 35 79 14 10 53
11 67 45 88 46 83 88 27 40 80 84 93 68 93 56 34 37 73 58 27 70 74 96 86 0 57 92 36 40 42 74 64 17 54 68 12 47 48 58 20
46 48 85 56 23 45 50 14 13 84 94 30 41 92 51 30 83 62 32 92 64 27 12 46 57 0 69 20 43 40 38 82 31 35 60 64 46 55 28 64
97 16 18 75 62 13 35 51 46 12 47 72 63 23 44 26 96 65 35 29 67 93 11 97 92 69 0 72 55 46 89 70 41 33 34 50 70 86 51 66
55 82 77 60 11 49 31 58 83 54 39 13 82 87 44 86 92 67 64 50 49 14 59 43 36 20 72 0 12 13 33 57 82 83 83 34 80 23 99 44
68 67 93 32 47 24 66 96 79 44 93 99 29 80 62 79 31 39 69 39 95 69 20 46 40 43 55 12 0 35 46 79 37 96 32 44 26 48 68 78
10 28 93 91 45 86 13 36 82 65 45 19 31 35 89 59 13 88 30 32 94 52 67 70 42 40 46 13 35 0 79 21 51 21 10 10 36 29 53 80
89 50 22 16 33 50 57 47 70 34 31 92 37 69 67 96 47 70 59 57 75 74 56 81 74 38 89 33 46 79 0 45 48 53 71 56 54 13 36 10
32 75 98 99 69 31 58 56 22 45 16 39 85 56 14 97 93 10 66 98 25 33 67 41 64 82 70 57 79 21 45 0 15 50 64 66 55 67 55 51
75 40 72 31 73 36 66 95 75 99 11 19 96 49 92 14 46 46 49 88 24 92 89 91 17 31 41 82 37 51 48 15 0 42 11 66 90 82 25 25
38 86 15 75 43 96 74 42 29 20 56 48 65 91 32 77 25 53 78 63 52 60 73 65 54 35 33 83 96 21 53 50 42 0 24 15 99 69 98 53
63 58 27 96 69 52 49 39 15 98 61 88 40 86 28 68 59 30 59 93 80 77 28 36 68 60 34 83 32 10 71 64 11 24 0 84 25 25 94 94
70 68 86 73 42 70 90 84 28 51 73 22 54 67 81 66 36 60 21 81 62 72 95 35 12 64 50 34 44 10 56 66 66 15 84 0 14 94 28 69
79 69 45 69 26 97 86 38 86 33 77 90 38 51 98 24 86 95 24 89 30 76 29 79 47 46 70 80 26 36 54 55 90 99 25 14 0 30 49 49
32 60 15 15 15 42 13 55 36 25 77 56 51 54 34 86 99 77 71 37 29 72 37 14 48 55 86 23 48 29 13 67 82 69 25 94 30 0 96 44
59 66 42 94 13 48 41 20 37 72 71 57 37 12 24 95 69 98 77 11 72 34 27 10 58 28 51 99 68 53 36 55 25 98 94 28 49 96 0 63
17 91 11 72 79 74 34 73 71 27 16 36 29 31 25 39 91 44 28 48 89 82 27 53 20 64 66 44 78 80 10 51 25 53 94 69 49 44 63 0