110
0 49 89 77 27 25 29 23 61 11 52 41 14 15 55 32 16 39 49 63 49 54 94 36 98 11 70 22 25 11 98 30 47 42 99 62 68 86 35 79 76 36 42 21 35 82 17 42 79 26 10 55 47 86 60 60 22 52 61 80 82 98 51 40 75 39 56 37 40 21 15 75 68 45 82 20 49 42 19 30 42 98 99 41 95 64 13 40 89 86 21 19 17 86 91 69 44 16 77 97 70 35 13 18 99 66 76 36 39 66
49 0 93 21 96 77 29 66 23 41 80 71 37 42 94 67 23 57 77 33 52 20 24 45 37 64 59 64 58 89 78 50 71 21 94 68 16 96 89 63 97 88 52 24 11 92 62 63 35 70 43 40 25 54 62 58 78 99 28 22 80 54 68 30 93 40 78 34 89 68 16 18 97 27 53 59 75 65 26 88 27 83 54 83 75 76 17 89 92 88 10 67 29 49 85 93 20 75 34 11 58 99 21 73 56 82 29 87 85 25
89 93 0 87 40 93 48 93 81 63 65 69 62 57 72 96 64 97 84 49 43 83 16 14 63 27 38 19 35 87 27 89 19 84 22 96 80 64 23 93 56 10 48 14 94 52 31 29 71 26 91 21 24 15 76 70 77 23 83 47 50 80 91 14 94 74 87 21 81 70 13 46 37 76 58 75 59 27 29 21 61 82 76 13 54 31 22 59 97 83 20 51 25 57 86 69 49 86 59 83 61 50 11 23 88 33 52 38 13 42
77 21 87 0 21 92 77 34 70 43 91 86 59 89 78 21 13 94 78 69 11 85 74 87 40 80 99 62 84 92 13 61 20 15 69 30 73 72 92 34 19 74 11 44 93 56 12 72 46 68 12 77 75 44 48 47 85 81 84 67 68 44 32 51 97 30 86 79 95 67 49 76 10 84 41 70 92 51 75 14 40 97 58 17 63 20 17 82 98 16 13 55 35 71 30 81 65 21 23 56 56 60 56 32 70 32 96 73 48 91
27 96 40 21 0 33 77 68 39 98 42 30 25 52 88 30 31 67 57 24 18 60 17 96 60 10 19 98 23 14 65 37 89 11 42 39 58 49 84 23 10 74 85 80 65 38 88 78 21 42 38 61 47 41 76 93 56 28 93 11 79 88 75 31 88 28 16 15 58 82 56 38 85 89 22 44 35 43 79 72 19 35 50 43 15 89 39 49 29 81 13 32 73 53 77 86 82 52 61 22 44 57 90 42 64 10 34 58 79 56
25 77 93 92 33 0 16 88 65 12 45 99 66 77 41 69 87 88 64 46 89 91 56 35 42 97 93 88 99 67 92 89 25 22 17 46 13 98 45 56 88 76 71 91 62 85 24 93 50 26 89 59 98 98 10 81 72 96 45 26 14 58 71 19 68 49 53 50 99 29 22 84 86 71 35 75 51 83 99 42 67 94 88 55 87 70 92 50 51 80 73 38 78 80 14 80 83 69 53 60 15 84 83 39 31 75 71 98 79 37
29 29 48 77 77 16 0 68 77 64 52 95 35 24 10 34 43 12 88 95 45 65 18 79 90 94 13 15 16 26 39 41 68 48 69 18 36 33 30 94 97 78 47 14 22 95 36 52 80 99 61 42 41 47 72 79 20 98 40 36 62 71 89 78 19 31 78 50 17 53 59 42 92 91 99 92 59 76 78 46 59 84 66 24 66 82 49 10 82 86 85 73 59 29 24 59 92 86 95 74 17 25 67 59 52 65 36 85 83 96
23 66 93 34 68 88 68 0 84 42 40 18 42 61 39 11 33 17 68 35 44 77 98 86 48 15 35 20 83 61 55 65 37 95 57 31 85 78 45 75 55 77 24 14 40 16 73 72 73 94 82 70 93 13 49 16 54 42 13 21 62 43 28 93 66 93 16 35 39 25 19 70 39 67 81 92 88 81 15 77 97 26 58 81 22 63 93 53 71 10 66 90 27 32 79 46 71 73 83 88 29 50 17 47 57 78 58 92 46 22
61 23 81 70 39 65 77 84 0 79 14 75 41 62 13 72 58 25 63 85 44 48 31 70 60 45 99 12 39 67 56 63 52 68 75 91 41 17 72 37 93 68 15 42 65 96 49 23 51 10 57 65 28 22 13 36 67 58 92 96 33 25 13 62 16 58 76 93 91 83 56 56 89 97 94 85 42 54 25 73 34 88 26 23 12 14 26 81 64 41 41 30 16 50 86 77 10 53 56 80 97 60 81 84 25 99 10 22 94 31
11 41 63 43 98 12 64 42 79 0 82 93 88 41 82 14 60 99 95 91 15 12 98 69 97 57 13 30 64 46 55 45 45 36 45 30 84 29 56 81 49 31 45 97 77 87 64 39 90 81 58 61 98 74 22 18 25 33 96 59 12 49 17 66 98 83 36 88 87 66 59 20 68 74 46 19 51 76 84 79 22 92 14 30 63 66 69 67 17 76 73 68 50 40 40 13 58 73 30 70 23 15 23 86 35 16 87 10 73 10
52 80 65 91 42 45 52 40 14 82 0 26 67 46 19 51 24 87 56 49 83 31 24 74 40 32 26 22 96 70 95 83 72 59 30 63 22 64 33 35 90 58 90 29 53 45 67 21 73 65 27 19 94 15 49 45 40 95 25 76 22 26 47 24 48 11 94 26 23 16 55 36 54 93 64 95 32 12 42 21 82 24 23 15 27 78 70 35 27 58 23 83 42 49 56 83 80 80 68 14 30 44 58 67 85 17 69 34 54 84
41 71 69 86 30 99 95 18 75 93 26 0 63 64 32 94 76 68 94 59 79 52 65 62 15 50 62 78 57 76 36 32 76 92 41 66 94 77 93 58 40 19 89 46 65 23 17 14 87 76 72 38 34 71 87 33 88 71 21 42 86 71 87 87 93 96 60 97 34 99 56 29 62 66 24 29 35 57 15 43 32 43 95 54 65 40 15 69 81 97 58 82 50 43 13 99 18 90 54 70 46 13 40 66 70 95 30 26 66 85
14 37 62 59 25 66 35 42 41 88 67 63 0 68 70 31 57 57 43 12 95 20 17 12 88 57 77 56 62 60 77 59 97 99 55 36 80 93 38 88 81 34 90 20 96 61 96 39 26 11 42 20 93 44 15 60 42 15 62 36 83 20 34 31 42 75 91 95 83 51 51 49 69 58 30 80 98 62 86 78 70 15 79 84 92 95 78 69 27 24 78 39 12 91 39 10 43 69 71 13 16 39 22 45 36 32 36 72 95 20
15 42 57 89 52 77 24 61 62 41 46 64 68 0 67 39 61 30 34 37 73 18 41 73 10 50 60 81 40 85 88 33 28 71 72 94 13 12 58 14 15 50 24 76 41 16 97 92 37 95 20 76 58 18 70 94 38 66 61 60 45 36 32 88 12 53 77 32 55 96 45 79 66 96 69 86 66 91 24 18 15 82 36 45 32 77 80 29 85 40 57 72 64 14 14 47 97 27 97 63 36 56 52 58 50 68 23 86 59 33
55 94 72 78 88 41 10 39 13 82 19 32 70 67 0 99 64 44 68 84 10 12 36 45 73 50 21 73 11 83 49 38 65 29 59 53 33 82 85 48 67 25 49 17 37 36 68 60 43 55 95 41 98 79 77 95 29 80 28 80 59 71 50 34 24 36 59 30 66 13 49 92 73 60 81 74 14 78 68 13 62 27 24 31 69 72 46 13 34 28 54 45 48 65 36 44 39 10 50 22 99 71 98 33 25 96 39 43 26 80
32 67 96 21 30 69 34 11 72 14 51 94 31 39 99 0 48 19 82 42 53 59 22 12 50 75 36 28 92 68 52 12 35 53 61 97 42 51 85 17 22 44 87 29 55 10 33 15 17 59 84 64 53 86 82 75 33 54 43 78 20 73 43 30 74 52 59 24 92 29 59 55 99 47 97 57 67 56 64 30 90 69 70 46 81 73 15 86 80 76 32 63 92 85 18 55 91 14 16 12 55 78 97 76 87 28 18 70 41 36
16 23 64 13 31 87 43 33 58 60 24 76 57 61 64 48 0 68 84 76 53 99 47 48 13 67 71 86 21 12 17 38 74 42 80 98 94 58 16 84 69 95 93 52 71 79 90 76 49 83 30 51 61 53 27 90 61 57 47 61 42 62 70 22 47 12 62 65 22 35 96 31 93 31 66 32 67 31 46 59 66 43 76 83 69 85 34 78 11 36 62 82 94 11 12 44 10 94 51 43 56 24 78 34 28 64 88 84 24 39
39 57 97 94 67 88 12 17 25 99 87 68 57 30 44 19 68 0 72 54 66 84 27 29 14 74 91 53 34 67 55 96 62 75 58 78 12 72 75 61 47 28 34 96 30 30 57 21 88 41 29 15 68 71 84 12 53 19 46 14 52 67 33 54 34 40 18 32 18 82 59 72 15 24 17 90 93 99 64 35 71 35 36 50 60 15 64 76 45 59 48 73 65 70 52 13 80 97 22 68 20 83 99 17 26 16 30 96 83 69
49 77 84 78 57 64 88 68 63 95 56 94 43 34 68 82 84 72 0 74 44 83 82 32 38 75 24 15 14 40 69 71 69 90 51 29 43 12 15 91 60 63 83 20 76 21 56 31 32 25 74 24 25 26 74 25 65 37 61 31 84 24 63 46 18 58 42 43 35 43 58 43 30 85 71 84 42 50 40 58 61 96 83 19 81 89 44 39 82 54 90 31 17 64 77 27 63 57 18 69 78 68 26 93 96 49 82 88 83 69
63 33 49 69 24 46 95 35 85 91 49 59 12 37 84 42 76 54 74 0 49 70 49 48 23 97 49 97 27 11 28 29 94 64 45 66 65 27 38 34 26 89 63 55 37 89 70 77 52 46 90 41 68 14 82 57 19 46 23 47 54 42 21 48 63 80 61 38 48 37 81 71 63 57 25 60 94 87 13 72 13 79 80 59 41 79 14 43 70 61 85 25 47 45 79 49 81 60 74 84 38 42 76 36 24 64 74 36 54 19
49 52 43 11 18 89 45 44 44 15 83 79 95 73 10 53 53 66 44 49 0 52 93 79 89 40 69 84 27 88 78 25 31 13 79 33 78 67 97 81 97 20 77 89 49 92 74 18 98 66 71 78 85 68 17 28 34 29 55 67 31 76 14 22 58 24 55 15 66 86 97 23 54 16 61 25 74 45 19 24 54 20 44 48 48 32 56 62 39 93 77 78 25 33 54 10 99 36 60 86 74 63 67 88 60 18 62 93 36 15
54 20 83 85 60 91 65 77 48 12 31 52 20 18 12 59 99 84 83 70 52 0 52 82 87 44 86 84 17 44 59 79 11 54 73 24 43 84 70 67 51 18 46 13 82 67 90 42 11 74 34 41 12 23 11 95 35 58 40 15 55 48 69 22 93 43 90 38 84 34 87 64 45 86 96 84 98 24 35 40 49 83 51 10 32 33 47 93 20 49 11 24 67 80 65 14 34 37 76 57 25 56 79 11 27 76 91 11 11 84
94 24 16 74 17 56 18 98 31 98 24 65 17 41 36 22 47 27 82 49 93 52 0 34 83 29 55 34 93 25 76 21 63 84 83 81 36 60 13 46 30 13 36 53 79 87 28 57 38 58 84 25 63 22 72 34 58 77 92 56 23 73 45 95 99 60 81 40 70 66 62 33 29 28 99 36 66 15 43 32 34 54 98 90 42 15 56 53 98 72 89 63 52 67 82 79 18 34 63 13 78 37 98 99 25 39 10 78 39 91
36 45 14 87 96 35 79 86 70 69 74 62 12 73 45 12 48 29 32 48 79 82 34 0 66 62 49 18 17 94 12 54 33 78 77 45 87 25 39 35 17 59 97 37 50 85 77 42 64 43 62 96 70 65 82 58 52 29 86 17 86 99 43 77 45 82 24 98 32 80 72 99 40 15 90 31 94 39 78 17 57 40 27 90 74 61 43 22 98 80 91 64 57 11 17 79 43 54 12 73 65 10 87 68 16 81 38 56 45 32
98 37 63 40 60 42 90 48 60 97 40 15 88 10 73 50 13 14 38 23 89 87 83 66 0 55 81 89 85 41 10 52 95 38 13 39 20 98 68 72 25 23 92 66 78 18 88 53 87 58 21 21 69 22 54 24 47 88 23 20 34 92 25 67 32 30 69 71 23 94 28 36 99 12 83 67 26 50 64 76 42 87 47 70 89 43 70 32 78 58 69 66 67 14 92 70 21 80 35 19 67 76 89 86 50 54 15 51 48 51
11 64 27 80 10 97 94 15 45 57 32 50 57 50 50 75 67 74 75 97 40 44 29 62 55 0 50 72 57 45 46 71 15 45 10 57 78 63 67 25 54 27 47 72 46 27 50 95 81 95 62 71 27 64 30 37 45 34 68 45 52 19 56 70 24 61 28 15 65 91 40 76 43 53 83 80 53 26 43 97 91 68 95 54 31 59 61 89 87 39 99 46 55 60 46 94 85 50 76 66 67 26 51 86 85 53 60 27 75 74
70 59 38 99 19 93 13 35 99 13 26 62 77 60 21 36 71 91 24 49 69 86 55 49 81 50 0 55 18 99 21 10 64 10 41 49 77 57 79 99 76 20 82 54 25 20 69 46 31 31 82 68 14 26 39 56 65 60 67 16 27 70 65 41 18 17 52 64 57 53 48 23 41 85 17 50 99 63 15 55 37 97 86 51 94 53 68 86 12 11 51 93 65 95 16 91 68 72 31 79 97 62 45 19 54 74 30 15 50 52
22 64 19 62 98 88 15 20 12 30 22 78 56 81 73 28 86 53 15 97 84 84 34 18 89 72 55 0 99 65 94 29 39 80 26 79 30 34 60 26 93 98 16 90 56 20 45 59 68 48 67 81 87 20 24 12 44 93 67 16 89 40 70 28 25 13 69 64 45 48 54 84 88 93 28 79 25 66 32 98 82 59 42 50 98 51 54 28 49 30 82 99 87 64 13 55 85 58 38 70 99 72 14 69 38 45 63 27 61 45
25 58 35 84 23 99 16 83 39 64 96 57 62 40 11 92 21 34 14 27 27 17 93 17 85 57 18 99 0 98 36 35 20 39 19 78 23 42 98 11 60 32 63 79 86 86 95 94 91 52 43 97 52 48 26 82 33 97 14 23 18 65 88 19 54 40 98 41 95 88 32 99 87 28 60 21 41 63 66 11 93 83 76 52 94 13 90 60 87 83 81 97 61 37 22 74 90 28 88 18 56 69 32 51 30 88 16 23 82 55
11 89 87 92 14 67 26 61 67 46 70 76 60 85 83 68 12 67 40 11 88 44 25 94 41 45 99 65 98 0 92 47 29 87 53 77 25 81 91 93 12 29 97 70 58 27 60 59 94 68 44 85 44 64 16 37 93 71 79 40 71 12 14 34 58 24 42 75 30 30 75 55 89 28 67 76 94 85 48 59 81 20 53 70 82 27 81 53 49 65 83 49 15 38 25 42 44 75 59 99 80 42 53 87 97 61 56 60 17 25
98 78 27 13 65 92 39 55 56 55 95 36 77 88 49 52 17 55 69 28 78 59 76 12 10 46 21 94 36 92 0 27 45 89 98 14 43 49 80 72 24 90 39 52 53 88 12 77 58 28 22 95 65 54 68 89 84 46 35 39 96 94 50 88 80 34 58 79 97 37 13 26 15 82 90 42 76 18 29 64 34 66 69 90 45 48 23 81 66 20 69 88 44 37 27 24 89 21 66 68 74 57 75 85 41 73 75 38 79 88
30 50 89 61 37 89 41 65 63 45 83 32 59 33 38 12 38 96 71 29 25 79 21 54 52 71 10 29 35 47 27 0 86 40 81 42 31 54 71 18 71 27 35 65 62 15 56 21 78 30 25 41 76 83 17 87 64 99 75 53 61 15 84 48 61 20 39 60 34 80 11 16 98 95 92 97 11 38 85 19 26 18 23 84 46 47 30 83 69 75 28 37 23 13 99 25 59 53 11 99 68 13 51 22 30 37 88 29 22 60
47 71 19 20 89 25 68 37 52 45 72 76 97 28 65 35 74 62 69 94 31 11 63 33 95 15 64 39 20 29 45 86 0 68 43 40 97 70 91 27 28 47 35 88 98 13 57 39 78 76 50 90 20 27 15 83 20 18 89 41 53 12 68 72 52 49 96 93 32 82 15 77 24 34 52 14 88 85 84 42 12 41 86 22 34 83 37 60 19 97 90 77 28 28 54 63 56 71 20 64 18 34 46 20 30 51 41 70 43 91
42 21 84 15 11 22 48 95 68 36 59 92 99 71 29 53 42 75 90 64 13 54 84 78 38 45 10 80 39 87 89 40 68 0 67 80 40 35 56 97 43 62 42 36 79 65 37 57 75 90 22 11 19 41 90 50 97 31 16 15 92 95 75 60 13 27 40 50 43 62 56 20 77 92 92 89 84 68 22 82 28 46 67 73 81 18 52 60 20 79 42 63 36 22 34 51 72 17 49 90 49 35 26 34 55 48 87 80 36 54
99 94 22 69 42 17 69 57 75 45 30 41 55 72 59 61 80 58 51 45 79 73 83 77 13 10 41 26 19 53 98 81 43 67 0 86 17 92 49 49 34 30 89 36 10 60 93 32 83 56 50 56 35 81 86 42 39 27 84 68 29 18 98 61 25 19 37 39 55 14 84 52 54 71 95 31 40 63 57 11 68 91 17 23 68 75 39 56 56 45 40 46 89 56 40 39 34 51 80 26 66 79 36 46 42 42 99 70 49 78
62 68 96 30 39 46 18 31 91 30 63 66 36 94 53 97 98 78 29 66 33 24 81 45 39 57 49 79 78 77 14 42 40 80 86 0 82 39 32 68 71 63 16 77 31 33 55 53 73 54 27 91 40 62 37 72 45 22 44 33 53 67 74 34 58 24 21 71 79 97 15 99 39 47 95 15 85 65 62 74 98 45 16 28 85 51 16 93 84 44 86 79 70 51 54 64 97 74 67 78 70 62 66 52 61 91 29 32 99 53
68 16 80 73 58 13 36 85 41 84 22 94 80 13 33 42 94 12 43 65 78 43 36 87 20 78 77 30 23 25 43 31 97 40 17 82 0 76 32 77 48 36 87 63 36 79 62 90 15 83 91 26 61 59 10 41 10 27 66 86 10 21 67 34 66 37 10 19 83 44 23 47 94 64 93 80 75 53 94 51 75 40 58 72 55 86 99 47 92 29 21 26 47 73 68 22 86 64 96 61 17 96 75 84 70 46 93 92 55 96
86 96 64 72 49 98 33 78 17 29 64 77 93 12 82 51 58 72 12 27 67 84 60 25 98 63 57 34 42 81 49 54 70 35 92 39 76 0 54 11 31 13 63 82 89 62 87 99 82 55 54 83 13 24 58 86 56 85 24 60 93 90 47 96 51 77 52 69 71 16 78 14 32 68 25 62 16 19 33 53 73 80 14 35 36 53 18 56 58 67 86 18 68 14 44 35 32 12 13 30 41 56 88 15 60 44 37 65 71 79
35 89 23 92 84 45 30 45 72 56 33 93 38 58 85 85 16 75 15 38 97 70 13 39 68 67 79 60 98 91 80 71 91 56 49 32 32 54 0 57 60 98 69 88 57 67 42 47 88 30 51 60 17 63 15 93 91 40 83 12 11 66 78 31 23 68 47 67 76 35 52 92 14 72 70 58 72 56 86 52 36 49 73 10 58 50 67 49 84 99 77 84 25 45 56 32 31 17 40 64 51 85 52 54 35 85 94 74 40 49
79 63 93 34 23 56 94 75 37 81 35 58 88 14 48 17 84 61 91 34 81 67 46 35 72 25 99 26 11 93 72 18 27 97 49 68 77 11 57 0 30 55 72 93 99 28 12 71 76 33 16 87 53 84 38 65 93 92 50 51 78 46 55 85 55 89 55 29 83 18 81 93 86 50 36 71 32 72 99 95 68 48 12 56 24 27 37 92 65 51 13 66 50 54 56 66 43 57 20 95 26 37 57 73 74 83 74 39 47 98
76 97 56 19 10 88 97 55 93 49 90 40 81 15 67 22 69 47 60 26 97 51 30 17 25 54 76 93 60 12 24 71 28 43 34 71 48 31 60 30 0 17 81 56 99 48 14 33 94 54 66 94 58 66 10 72 63 53 50 56 52 48 70 39 67 43 94 83 36 92 40 44 91 81 56 38 86 68 77 66 33 14 14 24 43 54 72 30 47 78 22 63 58 21 74 98 35 32 18 72 52 39 50 52 80 54 47 22 93 62
36 88 10 74 74 76 78 77 68 31 58 19 34 50 25 44 95 28 63 89 20 18 13 59 23 27 20 98 32 29 90 27 47 62 30 63 36 13 98 55 17 0 67 24 31 91 47 98 63 34 31 55 32 26 61 68 96 30 97 38 78 35 80 11 80 95 30 61 10 65 18 77 40 96 28 49 51 69 14 13 23 42 53 46 81 68 83 33 47 80 46 69 91 29 58 44 92 29 71 23 65 16 44 40 12 33 46 62 94 90
42 52 48 11 85 71 47 24 15 45 90 89 90 24 49 87 93 34 83 63 77 46 36 97 92 47 82 16 63 97 39 35 35 42 89 16 87 63 69 72 81 67 0 80 71 97 86 97 12 71 34 45 88 63 67 91 65 30 96 25 99 94 13 13 65 88 92 32 81 54 42 20 59 81 13 55 17 71 92 37 62 43 98 30 13 23 37 14 75 96 42 95 58 12 10 42 52 49 71 71 71 90 81 47 47 71 82 33 38 19
21 24 14 44 80 91 14 14 42 97 29 46 20 76 17 29 52 96 20 55 89 13 53 37 66 72 54 90 79 70 52 65 88 36 36 77 63 82 88 93 56 24 80 0 44 47 40 17 66 58 23 25 22 24 77 88 93 56 86 27 62 72 13 58 85 99 56 36 19 26 42 78 75 97 31 50 21 66 99 60 95 78 27 91 30 73 39 53 50 66 19 51 66 55 74 74 56 11 69 38 36 83 19 57 86 52 16 30 90 36
35 11 94 93 65 62 22 40 65 77 53 65 96 41 37 55 71 30 76 37 49 82 79 50 78 46 25 56 86 58 53 62 98 79 10 31 36 89 57 99 99 31 71 44 0 14 34 27 46 31 93 89 39 79 16 73 85 35 77 91 50 42 79 94 46 71 36 69 87 60 29 29 61 67 88 16 32 84 22 13 95 38 45 60 53 65 47 98 34 84 63 12 55 67 75 50 84 95 44 32 45 38 58 35 95 23 64 93 79 36
82 92 52 56 38 85 95 16 96 87 45 23 61 16 36 10 79 30 21 89 92 67 87 85 18 27 20 20 86 27 88 15 13 65 60 33 79 62 67 28 48 91 97 47 14 0 69 26 16 37 61 99 38 96 82 70 96 67 84 69 32 56 87 94 86 22 57 47 45 21 24 86 98 85 92 84 12 20 36 63 70 20 15 65 81 77 67 34 84 63 23 57 71 71 13 92 24 37 22 62 48 25 67 53 16 65 70 80 59 68
17 62 31 12 88 24 36 73 49 64 67 17 96 97 68 33 90 57 56 70 74 90 28 77 88 50 69 45 95 60 12 56 57 37 93 55 62 87 42 12 14 47 86 40 34 69 0 48 40 42 75 37 97 51 62 31 60 31 56 94 40 56 63 31 79 71 55 92 59 12 49 18 37 25 67 21 93 94 56 80 53 99 42 65 87 50 39 89 24 92 80 35 48 16 30 43 75 24 73 85 89 94 16 41 41 21 18 75 25 16
42 63 29 72 78 93 52 72 23 39 21 14 39 92 60 15 76 21 31 77 18 42 57 42 53 95 46 59 94 59 77 21 39 57 32 53 90 99 47 71 33 98 97 17 27 26 48 0 82 69 99 59 15 32 74 88 50 36 88 90 95 65 67 41 58 79 28 12 53 15 78 63 87 50 46 80 95 18 77 54 15 65 44 13 41 44 39 84 91 26 62 51 23 14 44 58 24 24 33 45 79 36 49 69 70 61 80 43 91 31
79 35 71 46 21 50 80 73 51 90 73 87 26 37 43 17 49 88 32 52 98 11 38 64 87 81 31 68 91 94 58 78 78 75 83 73 15 82 88 76 94 63 12 66 46 16 40 82 0 20 55 95 63 25 64 69 16 87 67 39 53 37 92 28 44 33 87 83 13 47 42 33 31 96 46 37 22 81 47 47 95 92 53 39 82 56 76 85 73 40 41 10 17 18 45 94 83 80 34 28 31 43 70 17 98 35 82 23 50 83
26 70 26 68 42 26 99 94 10 81 65 76 11 95 55 59 83 41 25 46 66 74 58 43 58 95 31 48 52 68 28 30 76 90 56 54 83 55 30 33 54 34 71 58 31 37 42 69 20 0 62 16 18 58 55 88 91 23 57 50 22 89 48 51 34 87 11 38 63 47 60 65 13 37 63 79 83 16 84 68 36 79 84 80 97 10 53 63 43 90 44 43 97 45 95 95 33 55 48 74 36 81 51 55 85 37 72 97 56 79
10 43 91 12 38 89 61 82 57 58 27 72 42 20 95 84 30 29 74 90 71 34 84 62 21 62 82 67 43 44 22 25 50 22 50 27 91 54 51 16 66 31 34 23 93 61 75 99 55 62 0 24 86 65 88 52 13 81 77 68 37 59 78 87 91 82 24 96 21 38 20 68 91 35 91 11 81 65 21 11 46 55 68 43 29 38 65 90 92 50 98 51 60 58 21 58 19 18 36 37 26 65 71 85 21 18 49 45 65 56
55 40 21 77 61 59 42 70 65 61 19 38 20 76 41 64 51 15 24 41 78 41 25 96 21 71 68 81 97 85 95 41 90 11 56 91 26 83 60 87 94 55 45 25 89 99 37 59 95 16 24 0 36 58 27 38 15 22 64 29 56 68 76 69 41 95 98 27 88 20 82 54 46 39 13 37 24 65 97 43 41 35 69 35 83 59 74 96 47 43 52 78 51 18 47 27 69 46 59 82 70 66 14 45 79 80 67 70 95 15
47 25 24 75 47 98 41 93 28 98 94 34 93 58 98 53 61 68 25 68 85 12 63 70 69 27 14 87 52 44 65 76 20 19 35 40 61 13 17 53 58 32 88 22 39 38 97 15 63 18 86 36 0 87 44 63 70 46 64 99 54 70 55 26 38 35 62 95 65 32 46 55 73 99 58 65 69 50 94 49 70 47 13 65 22 11 48 21 63 52 26 53 46 93 89 84 63 30 21 31 45 37 48 24 21 49 74 56 78 71
86 54 15 44 41 98 47 13 22 74 15 71 44 18 79 86 53 71 26 14 68 23 22 65 22 64 26 20 48 64 54 83 27 41 81 62 59 24 63 84 66 26 63 24 79 96 51 32 25 58 65 58 87 0 45 93 33 97 25 74 37 57 46 11 76 38 66 85 72 22 18 63 31 85 35 88 64 27 78 65 18 26 81 10 12 79 81 93 15 93 98 22 79 12 16 32 62 97 17 62 53 81 34 41 45 60 17 25 56 27
60 62 76 48 76 10 72 49 13 22 49 87 15 70 77 82 27 84 74 82 17 11 72 82 54 30 39 24 26 16 68 17 15 90 86 37 10 58 15 38 10 61 67 77 16 82 62 74 64 55 88 27 44 45 0 93 15 60 58 36 51 60 99 54 76 93 10 60 66 50 34 31 92 81 89 85 10 92 72 54 75 78 99 51 43 52 24 46 55 78 57 61 90 17 73 72 23 12 80 40 45 41 39 27 96 27 46 64 92 12
60 58 70 47 93 81 79 16 36 18 45 33 60 94 95 75 90 12 25 57 28 95 34 58 24 37 56 12 82 37 89 87 83 50 42 72 41 86 93 65 72 68 91 88 73 70 31 88 69 88 52 38 63 93 93 0 84 56 41 38 53 82 57 32 49 58 43 53 27 46 12 51 34 56 53 86 13 15 21 63 87 34 36 18 71 44 36 43 47 21 46 73 22 10 66 76 98 56 28 76 93 36 57 11 43 14 59 66 79 89
22 78 77 85 56 72 20 54 67 25 40 88 42 38 29 33 61 53 65 19 34 35 58 52 47 45 65 44 33 93 84 64 20 97 39 45 10 56 91 93 63 96 65 93 85 96 60 50 16 91 13 15 70 33 15 84 0 42 31 49 32 13 43 55 30 56 13 81 60 56 22 91 89 46 75 55 95 86 14 35 83 66 81 43 91 58 64 39 23 22 20 21 44 20 23 42 94 22 33 21 58 98 68 70 75 84 75 45 40 23
52 99 23 81 28 96 98 42 58 33 95 71 15 66 80 54 57 19 37 46 29 58 77 29 88 34 60 93 97 71 46 99 18 31 27 22 27 85 40 92 53 30 30 56 35 67 31 36 87 23 81 22 46 97 60 56 42 0 30 87 82 77 47 13 85 82 84 16 73 26 16 77 57 34 62 45 76 90 96 51 93 16 58 98 37 93 27 93 28 57 92 94 99 64 49 63 53 40 70 52 31 55 15 84 37 46 57 27 19 13
61 28 83 84 93 45 40 13 92 96 25 21 62 61 28 43 47 46 61 23 55 40 92 86 23 68 67 67 14 79 35 75 89 16 84 44 66 24 83 50 50 97 96 86 77 84 56 88 67 57 77 64 64 25 58 41 31 30 0 24 89 25 94 34 42 44 31 98 49 81 78 47 22 74 44 32 32 75 80 60 67 61 93 76 25 25 27 45 36 91 69 19 69 36 99 62 16 52 16 31 27 44 22 23 45 81 30 90 17 42
80 22 47 67 11 26 36 21 96 59 76 42 36 60 80 78 61 14 31 47 67 15 56 17 20 45 16 16 23 40 39 53 41 15 68 33 86 60 12 51 56 38 25 27 91 69 94 90 39 50 68 29 99 74 36 38 49 87 24 0 25 71 26 90 90 36 57 93 25 37 36 64 49 29 85 66 21 72 99 64 16 69 92 88 99 17 84 72 43 35 61 17 53 40 16 84 39 46 78 47 69 57 36 99 60 34 66 66 79 64
82 80 50 68 79 14 62 62 33 12 22 86 83 45 59 20 42 52 84 54 31 55 23 86 34 52 27 89 18 71 96 61 53 92 29 53 10 93 11 78 52 78 99 62 50 32 40 95 53 22 37 56 54 37 51 53 32 82 89 25 0 49 97 49 70 24 75 15 14 89 76 72 93 32 65 18 98 32 88 19 27 11 32 75 92 49 19 29 56 93 31 48 52 23 63 88 86 54 35 78 46 48 54 74 83 97 74 51 24 75
98 54 80 44 88 58 71 43 25 49 26 71 20 36 71 73 62 67 24 42 76 48 73 99 92 19 70 40 65 12 94 15 12 95 18 67 21 90 66 46 48 35 94 72 42 56 56 65 37 89 59 68 70 57 60 82 13 77 25 71 49 0 59 34 95 37 92 17 24 31 88 89 54 42 44 18 99 41 53 82 44 85 94 65 60 18 67 26 69 98 85 63 39 32 21 62 80 33 62 71 65 16 46 88 82 78 76 76 87 35
51 68 91 32 75 71 89 28 13 17 47 87 34 32 50 43 70 33 63 21 14 69 45 43 25 56 65 70 88 14 50 84 68 75 98 74 67 47 78 55 70 80 13 13 79 87 63 67 92 48 78 76 55 46 99 57 43 47 94 26 97 59 0 23 80 83 45 68 54 94 68 68 53 47 91 99 46 96 13 72 93 50 19 14 41 35 13 82 64 90 59 62 70 89 66 25 59 99 23 70 67 72 52 51 27 84 82 43 99 67
40 30 14 51 31 19 78 93 62 66 24 87 31 88 34 30 22 54 46 48 22 22 95 77 67 70 41 28 19 34 88 48 72 60 61 34 34 96 31 85 39 11 13 58 94 94 31 41 28 51 87 69 26 11 54 32 55 13 34 90 49 34 23 0 19 38 27 30 40 12 15 39 83 28 23 59 74 42 39 31 94 82 12 52 70 12 42 86 99 15 54 57 18 48 69 28 25 43 58 66 91 91 65 89 52 66 17 20 19 71
75 93 94 97 88 68 19 66 16 98 48 93 42 12 24 74 47 34 18 63 58 93 99 45 32 24 18 25 54 58 80 61 52 13 25 58 66 51 23 55 67 80 65 85 46 86 79 58 44 34 91 41 38 76 76 49 30 85 42 90 70 95 80 19 0 64 48 25 15 12 86 76 48 33 79 83 96 36 79 62 68 13 82 29 95 24 49 20 74 94 34 46 18 70 38 27 86 95 98 11 23 32 64 14 19 73 67 86 36 14
39 40 74 30 28 49 31 93 58 83 11 96 75 53 36 52 12 40 58 80 24 43 60 82 30 61 17 13 40 24 34 20 49 27 19 24 37 77 68 89 43 95 88 99 71 22 71 79 33 87 82 95 35 38 93 58 56 82 44 36 24 37 83 38 64 0 42 29 93 66 30 96 61 49 59 47 78 57 87 76 57 58 48 74 21 70 90 33 91 39 21 98 63 44 54 95 13 67 31 14 97 35 22 14 87 70 19 91 19 48
56 78 87 86 16 53 78 16 76 36 94 60 91 77 59 59 62 18 42 61 55 90 81 24 69 28 52 69 98 42 58 39 96 40 37 21 10 52 47 55 94 30 92 56 36 57 55 28 87 11 24 98 62 66 10 43 13 84 31 57 75 92 45 27 48 42 0 72 61 29 18 94 37 65 88 92 61 77 96 34 37 62 58 38 67 85 56 98 96 54 67 94 21 63 57 14 48 70 69 18 29 49 50 21 50 60 39 67 94 71
37 34 21 79 15 50 50 35 93 88 26 97 95 32 30 24 65 32 43 38 15 38 40 98 71 15 64 64 41 75 79 60 93 50 39 71 19 69 67 29 83 61 32 36 69 47 92 12 83 38 96 27 95 85 60 53 81 16 98 93 15 17 68 30 25 29 72 0 23 61 75 25 69 32 79 34 98 43 44 48 12 32 91 98 89 90 37 92 57 27 66 94 42 23 93 18 79 10 79 26 15 29 61 24 71 86 46 23 89 62
40 89 81 95 58 99 17 39 91 87 23 34 83 55 66 92 22 18 35 48 66 84 70 32 23 65 57 45 95 30 97 34 32 43 55 79 83 71 76 83 36 10 81 19 87 45 59 53 13 63 21 88 65 72 66 27 60 73 49 25 14 24 54 40 15 93 61 23 0 84 66 37 50 42 94 89 54 61 72 47 33 41 97 78 88 17 71 66 31 42 77 68 20 81 59 65 64 44 22 54 68 56 47 86 63 21 60 43 51 78
21 68 70 67 82 29 53 25 83 66 16 99 51 96 13 29 35 82 43 37 86 34 66 80 94 91 53 48 88 30 37 80 82 62 14 97 44 16 35 18 92 65 54 26 60 21 12 15 47 47 38 20 32 22 50 46 56 26 81 37 89 31 94 12 12 66 29 61 84 0 84 52 65 10 47 95 15 68 47 33 66 33 61 20 71 43 41 82 19 40 96 57 20 69 26 73 93 76 33 87 43 34 40 83 42 96 50 28 39 62
15 16 13 49 56 22 59 19 56 59 55 56 51 45 49 59 96 59 58 81 97 87 62 72 28 40 48 54 32 75 13 11 15 56 84 15 23 78 52 81 40 18 42 42 29 24 49 78 42 60 20 82 46 18 34 12 22 16 78 36 76 88 68 15 86 30 18 75 66 84 0 82 44 89 68 43 28 12 94 77 23 18 72 76 14 90 85 67 53 73 31 85 57 17 76 11 19 72 85 37 65 78 56 63 36 15 77 27 44 10
75 18 46 76 38 84 42 70 56 20 36 29 49 79 92 55 31 72 43 71 23 64 33 99 36 76 23 84 99 55 26 16 77 20 52 99 47 14 92 93 44 77 20 78 29 86 18 63 33 65 68 54 55 63 31 51 91 77 47 64 72 89 68 39 76 96 94 25 37 52 82 0 91 38 85 61 66 21 96 34 55 42 45 19 23 93 59 83 84 33 13 69 51 86 52 80 20 87 39 45 33 22 59 61 99 11 90 93 22 68
68 97 37 10 85 86 92 39 89 68 54 62 69 66 73 99 93 15 30 63 54 45 29 40 99 43 41 88 87 89 15 98 24 77 54 39 94 32 14 86 91 40 59 75 61 98 37 87 31 13 91 46 73 31 92 34 89 57 22 49 93 54 53 83 48 61 37 69 50 65 44 91 0 69 48 71 80 63 22 99 56 18 71 94 59 19 97 71 52 21 28 49 19 18 13 16 26 75 82 39 28 75 16 54 15 62 88 44 68 99
45 27 76 84 89 71 91 67 97 74 93 66 58 96 60 47 31 24 85 57 16 86 28 15 12 53 85 93 28 28 82 95 34 92 71 47 64 68 72 50 81 96 81 97 67 85 25 50 96 37 35 39 99 85 81 56 46 34 74 29 32 42 47 28 33 49 65 32 42 10 89 38 69 0 53 26 33 60 71 16 44 11 46 83 65 29 13 48 79 75 21 33 58 72 60 74 36 42 25 27 46 37 42 76 30 89 62 48 37 71
82 53 58 41 22 35 99 81 94 46 64 24 30 69 81 97 66 17 71 25 61 96 99 90 83 83 17 28 60 67 90 92 52 92 95 95 93 25 70 36 56 28 13 31 88 92 67 46 46 63 91 13 58 35 89 53 75 62 44 85 65 44 91 23 79 59 88 79 94 47 68 85 48 53 0 81 92 12 27 28 64 37 98 53 76 51 20 23 54 72 28 36 44 92 20 73 49 42 40 30 24 71 11 11 68 79 61 11 96 87
20 59 75 70 44 75 92 92 85 19 95 29 80 86 74 57 32 90 84 60 25 84 36 31 67 80 50 79 21 76 42 97 14 89 31 15 80 62 58 71 38 49 55 50 16 84 21 80 37 79 11 37 65 88 85 86 55 45 32 66 18 18 99 59 83 47 92 34 89 95 43 61 71 26 81 0 61 24 69 33 58 78 47 16 31 68 60 25 99 36 41 97 87 31 85 66 32 58 74 23 98 63 90 36 61 40 81 88 49 33
49 75 59 92 35 51 59 88 42 51 32 35 98 66 14 67 67 93 42 94 74 98 66 94 26 53 99 25 41 94 76 11 88 84 40 85 75 16 72 32 86 51 17 21 32 12 93 95 22 83 81 24 69 64 10 13 95 76 32 21 98 99 46 74 96 78 61 98 54 15 28 66 80 33 92 61 0 48 56 23 33 58 59 16 69 31 15 11 96 43 63 35 93 38 59 33 63 20 84 98 11 64 43 96 76 77 67 62 54 49
42 65 27 51 43 83 76 81 54 76 12 57 62 91 78 56 31 99 50 87 45 24 15 39 50 26 63 66 63 85 18 38 85 68 63 65 53 19 56 72 68 69 71 66 84 20 94 18 81 16 65 65 50 27 92 15 86 90 75 72 32 41 96 42 36 57 77 43 61 68 12 21 63 60 12 24 48 0 85 97 66 63 26 33 50 99 45 63 85 81 42 70 85 31 12 94 33 47 64 25 74 73 40 18 21 90 52 28 81 38
19 26 29 75 79 99 78 15 25 84 42 15 86 24 68 64 46 64 40 13 19 35 43 78 64 43 15 32 66 48 29 85 84 22 57 62 94 33 86 99 77 14 92 99 22 36 56 77 47 84 21 97 94 78 72 21 14 96 80 99 88 53 13 39 79 87 96 44 72 47 94 96 22 71 27 69 56 85 0 10 80 22 52 26 16 90 74 93 55 32 17 92 83 80 17 19 38 35 61 28 82 62 95 87 49 97 84 94 35 46
30 88 21 14 72 42 46 77 73 79 21 43 78 18 13 30 59 35 58 72 24 40 32 17 76 97 55 98 11 59 64 19 42 82 11 74 51 53 52 95 66 13 37 60 13 63 80 54 47 68 11 43 49 65 54 63 35 51 60 64 19 82 72 31 62 76 34 48 47 33 77 34 99 16 28 33 23 97 10 0 84 93 41 73 31 54 65 73 24 82 15 31 85 11 86 95 76 73 69 86 10 81 61 22 20 64 56 58 99 51
42 27 61 40 19 67 59 97 34 22 82 32 70 15 62 90 66 71 61 13 54 49 34 57 42 91 37 82 93 81 34 26 12 28 68 98 75 73 36 68 33 23 62 95 95 70 53 15 95 36 46 41 70 18 75 87 83 93 67 16 27 44 93 94 68 57 37 12 33 66 23 55 56 44 64 58 33 66 80 84 0 47 49 78 28 37 79 39 69 47 46 99 39 24 65 42 38 48 44 83 13 86 88 18 57 73 98 25 49 89
98 83 82 97 35 94 84 26 88 92 24 43 15 82 27 69 43 35 96 79 20 83 54 40 87 68 97 59 83 20 66 18 41 46 91 45 40 80 49 48 14 42 43 78 38 20 99 65 92 79 55 35 47 26 78 34 66 16 61 69 11 85 50 82 13 58 62 32 41 33 18 42 18 11 37 78 58 63 22 93 47 0 57 24 57 74 21 49 40 84 87 72 62 42 13 68 93 11 39 83 44 58 92 88 85 61 70 43 38 98
99 54 76 58 50 88 66 58 26 14 23 95 79 36 24 70 76 36 83 80 44 51 98 27 47 95 86 42 76 53 69 23 86 67 17 16 58 14 73 12 14 53 98 27 45 15 42 44 53 84 68 69 13 81 99 36 81 58 93 92 32 94 19 12 82 48 58 91 97 61 72 45 71 46 98 47 59 26 52 41 49 57 0 29 10 16 35 97 16 14 69 13 13 85 32 44 81 38 30 93 39 21 14 61 30 41 69 52 20 64
41 83 13 17 43 55 24 81 23 30 15 54 84 45 31 46 83 50 19 59 48 10 90 90 70 54 51 50 52 70 90 84 22 73 23 28 72 35 10 56 24 46 30 91 60 65 65 13 39 80 43 35 65 10 51 18 43 98 76 88 75 65 14 52 29 74 38 98 78 20 76 19 94 83 53 16 16 33 26 73 78 24 29 0 46 37 13 65 37 31 70 93 62 34 76 95 18 58 56 22 67 49 25 33 17 79 36 53 73 31
95 75 54 63 15 87 66 22 12 63 27 65 92 32 69 81 69 60 81 41 48 32 42 74 89 31 94 98 94 82 45 46 34 81 68 85 55 36 58 24 43 81 13 30 53 81 87 41 82 97 29 83 22 12 43 71 91 37 25 99 92 60 41 70 95 21 67 89 88 71 14 23 59 65 76 31 69 50 16 31 28 57 10 46 0 83 82 22 72 67 65 84 57 94 75 42 69 45 63 94 14 47 46 22 30 55 51 95 34 36
64 76 31 20 89 70 82 63 14 66 78 40 95 77 72 73 85 15 89 79 32 33 15 61 43 59 53 51 13 27 48 47 83 18 75 51 86 53 50 27 54 68 23 73 65 77 50 44 56 10 38 59 11 79 52 44 58 93 25 17 49 18 35 12 24 70 85 90 17 43 90 93 19 29 51 68 31 99 90 54 37 74 16 37 83 0 29 23 10 12 71 24 38 45 41 73 92 89 30 37 22 61 38 89 31 56 16 42 20 25
13 17 22 17 39 92 49 93 26 69 70 15 78 80 46 15 34 64 44 14 56 47 56 43 70 61 68 54 90 81 23 30 37 52 39 16 99 18 67 37 72 83 37 39 47 67 39 39 76 53 65 74 48 81 24 36 64 27 27 84 19 67 13 42 49 90 56 37 71 41 85 59 97 13 20 60 15 45 74 65 79 21 35 13 82 29 0 28 95 94 35 87 78 99 99 59 13 72 76 31 82 53 95 40 37 59 80 65 77 42
40 89 59 82 49 50 10 53 81 67 35 69 69 29 13 86 78 76 39 43 62 93 53 22 32 89 86 28 60 53 81 83 60 60 56 93 47 56 49 92 30 33 14 53 98 34 89 84 85 63 90 96 21 93 46 43 39 93 45 72 29 26 82 86 20 33 98 92 66 82 67 83 71 48 23 25 11 63 93 73 39 49 97 65 22 23 28 0 75 45 35 55 72 26 85 72 85 87 57 18 52 35 37 22 54 81 17 12 55 86
89 92 97 98 29 51 82 71 64 17 27 81 27 85 34 80 11 45 82 70 39 20 98 98 78 87 12 49 87 49 66 69 19 20 56 84 92 58 84 65 47 47 75 50 34 84 24 91 73 43 92 47 63 15 55 47 23 28 36 43 56 69 64 99 74 91 96 57 31 19 53 84 52 79 54 99 96 85 55 24 69 40 16 37 72 10 95 75 0 50 66 68 90 28 82 13 86 58 34 90 65 87 17 82 99 48 89 68 97 28
86 88 83 16 81 80 86 10 41 76 58 97 24 40 28 76 36 59 54 61 93 49 72 80 58 39 11 30 83 65 20 75 97 79 45 44 29 67 99 51 78 80 96 66 84 63 92 26 40 90 50 43 52 93 78 21 22 57 91 35 93 98 90 15 94 39 54 27 42 40 73 33 21 75 72 36 43 81 32 82 47 84 14 31 67 12 94 45 50 0 34 12 82 51 32 19 85 30 96 25 49 20 50 48 90 83 35 37 70 93
21 10 20 13 13 73 85 66 41 73 23 58 78 57 54 32 62 48 90 85 77 11 89 91 69 99 51 82 81 83 69 28 90 42 40 86 21 86 77 13 22 46 42 19 63 23 80 62 41 44 98 52 26 98 57 46 20 92 69 61 31 85 59 54 34 21 67 66 77 96 31 13 28 21 28 41 63 42 17 15 46 87 69 70 65 71 35 35 66 34 0 11 14 83 47 98 23 18 98 48 66 77 87 35 35 56 75 84 95 24
19 67 51 55 32 38 73 90 30 68 83 82 39 72 45 63 82 73 31 25 78 24 63 64 66 46 93 99 97 49 88 37 77 63 46 79 26 18 84 66 63 69 95 51 12 57 35 51 10 43 51 78 53 22 61 73 21 94 19 17 48 63 62 57 46 98 94 94 68 57 85 69 49 33 36 97 35 70 92 31 99 72 13 93 84 24 87 55 68 12 11 0 18 11 34 16 55 34 76 11 67 32 27 37 81 11 53 11 81 79
17 29 25 35 73 78 59 27 16 50 42 50 12 64 48 92 94 65 17 47 25 67 52 57 67 55 65 87 61 15 44 23 28 36 89 70 47 68 25 50 58 91 58 66 55 71 48 23 17 97 60 51 46 79 90 22 44 99 69 53 52 39 70 18 18 63 21 42 20 20 57 51 19 58 44 87 93 85 83 85 39 62 13 62 57 38 78 72 90 82 14 18 0 78 10 56 36 21 41 27 25 58 33 75 35 63 22 35 60 90
86 49 57 71 53 80 29 32 50 40 49 43 91 14 65 85 11 70 64 45 33 80 67 11 14 60 95 64 37 38 37 13 28 22 56 51 73 14 45 54 21 29 12 55 67 71 16 14 18 45 58 18 93 12 17 10 20 64 36 40 23 32 89 48 70 44 63 23 81 69 17 86 18 72 92 31 38 31 80 11 24 42 85 34 94 45 99 26 28 51 83 11 78 0 60 69 82 27 87 83 75 26 35 25 40 35 36 96 27 46
91 85 86 30 77 14 24 79 86 40 56 13 39 14 36 18 12 52 77 79 54 65 82 17 92 46 16 13 22 25 27 99 54 34 40 54 68 44 56 56 74 58 10 74 75 13 30 44 45 95 21 47 89 16 73 66 23 49 99 16 63 21 66 69 38 54 57 93 59 26 76 52 13 60 20 85 59 12 17 86 65 13 32 76 75 41 99 85 82 32 47 34 10 60 0 14 46 37 73 39 13 34 97 43 40 42 36 87 93 96
69 93 69 81 86 80 59 46 77 13 83 99 10 47 44 55 44 13 27 49 10 14 79 79 70 94 91 55 74 42 24 25 63 51 39 64 22 35 32 66 98 44 42 74 50 92 43 58 94 95 58 27 84 32 72 76 42 63 62 84 88 62 25 28 27 95 14 18 65 73 11 80 16 74 73 66 33 94 19 95 42 68 44 95 42 73 59 72 13 19 98 16 56 69 14 0 71 49 31 82 58 82 58 77 23 44 10 35 62 17
44 20 49 65 82 83 92 71 10 58 80 18 43 97 39 91 10 80 63 81 99 34 18 43 21 85 68 85 90 44 89 59 56 72 34 97 86 32 31 43 35 92 52 56 84 24 75 24 83 33 19 69 63 62 23 98 94 53 16 39 86 80 59 25 86 13 48 79 64 93 19 20 26 36 49 32 63 33 38 76 38 93 81 18 69 92 13 85 86 85 23 55 36 82 46 71 0 85 36 25 79 67 89 48 50 21 42 33 22 24
16 75 86 21 52 69 86 73 53 73 80 90 69 27 10 14 94 97 57 60 36 37 34 54 80 50 72 58 28 75 21 53 71 17 51 74 64 12 17 57 32 29 49 11 95 37 24 24 80 55 18 46 30 97 12 56 22 40 52 46 54 33 99 43 95 67 70 10 44 76 72 87 75 42 42 58 20 47 35 73 48 11 38 58 45 89 72 87 58 30 18 34 21 27 37 49 85 0 24 93 90 37 91 44 20 47 98 79 99 40
77 34 59 23 61 53 95 83 56 30 68 54 71 97 50 16 51 22 18 74 60 76 63 12 35 76 31 38 88 59 66 11 20 49 80 67 96 13 40 20 18 71 71 69 44 22 73 33 34 48 36 59 21 17 80 28 33 70 16 78 35 62 23 58 98 31 69 79 22 33 85 39 82 25 40 74 84 64 61 69 44 39 30 56 63 30 76 57 34 96 98 76 41 87 73 31 36 24 0 26 92 63 93 94 50 36 79 16 44 15
97 11 83 56 22 60 74 88 80 70 14 70 13 63 22 12 43 68 69 84 86 57 13 73 19 66 79 70 18 99 68 99 64 90 26 78 61 30 64 95 72 23 71 38 32 62 85 45 28 74 37 82 31 62 40 76 21 52 31 47 78 71 70 66 11 14 18 26 54 87 37 45 39 27 30 23 98 25 28 86 83 83 93 22 94 37 31 18 90 25 48 11 27 83 39 82 25 93 26 0 85 58 52 79 89 33 72 91 19 34
70 58 61 56 44 15 17 29 97 23 30 46 16 36 99 55 56 20 78 38 74 25 78 65 67 67 97 99 56 80 74 68 18 49 66 70 17 41 51 26 52 65 71 36 45 48 89 79 31 36 26 70 45 53 45 93 58 31 27 69 46 65 67 91 23 97 29 15 68 43 65 33 28 46 24 98 11 74 82 10 13 44 39 67 14 22 82 52 65 49 66 67 25 75 13 58 79 90 92 85 0 99 16 60 57 25 67 81 90 53
35 99 50 60 57 84 25 50 60 15 44 13 39 56 71 78 24 83 68 42 63 56 37 10 76 26 62 72 69 42 57 13 34 35 79 62 96 56 85 37 39 16 90 83 38 25 94 36 43 81 65 66 37 81 41 36 98 55 44 57 48 16 72 91 32 35 49 29 56 34 78 22 75 37 71 63 64 73 62 81 86 58 21 49 47 61 53 35 87 20 77 32 58 26 34 82 67 37 63 58 99 0 75 41 24 69 28 30 18 74
13 21 11 56 90 83 67 17 81 23 58 40 22 52 98 97 78 99 26 76 67 79 98 87 89 51 45 14 32 53 75 51 46 26 36 66 75 88 52 57 50 44 81 19 58 67 16 49 70 51 71 14 48 34 39 57 68 15 22 36 54 46 52 65 64 22 50 61 47 40 56 59 16 42 11 90 43 40 95 61 88 92 14 25 46 38 95 37 17 50 87 27 33 35 97 58 89 91 93 52 16 75 0 94 90 90 20 69 22 93
18 73 23 32 42 39 59 47 84 86 67 66 45 58 33 76 34 17 93 36 88 11 99 68 86 86 19 69 51 87 85 22 20 34 46 52 84 15 54 73 52 40 47 57 35 53 41 69 17 55 85 45 24 41 27 11 70 84 23 99 74 88 51 89 14 14 21 24 86 83 63 61 54 76 11 36 96 18 87 22 18 88 61 33 22 89 40 22 82 48 35 37 75 25 43 77 48 44 94 79 60 41 94 0 50 67 96 95 80 32
99 56 88 70 64 31 52 57 25 35 85 70 36 50 25 87 28 26 96 24 60 27 25 16 50 85 54 38 30 97 41 30 30 55 42 61 70 60 35 74 80 12 47 86 95 16 41 70 98 85 21 79 21 45 96 43 75 37 45 60 83 82 27 52 19 87 50 71 63 42 36 99 15 30 68 61 76 21 49 20 57 85 30 17 30 31 37 54 99 90 35 81 35 40 40 23 50 20 50 89 57 24 90 50 0 22 20 72 68 69
66 82 33 32 10 75 65 78 99 16 17 95 32 68 96 28 64 16 49 64 18 76 39 81 54 53 74 45 88 61 73 37 51 48 42 91 46 44 85 83 54 33 71 52 23 65 21 61 35 37 18 80 49 60 27 14 84 46 81 34 97 78 84 66 73 70 60 86 21 96 15 11 62 89 79 40 77 90 97 64 73 61 41 79 55 56 59 81 48 83 56 11 63 35 42 44 21 47 36 33 25 69 90 67 22 0 34 81 69 65
76 29 52 96 34 71 36 58 10 87 69 30 36 23 39 18 88 30 82 74 62 91 10 38 15 60 30 63 16 56 75 88 41 87 99 29 93 37 94 74 47 46 82 16 64 70 18 80 82 72 49 67 74 17 46 59 75 57 30 66 74 76 82 17 67 19 39 46 60 50 77 90 88 62 61 81 67 52 84 56 98 70 69 36 51 16 80 17 89 35 75 53 22 36 36 10 42 98 79 72 67 28 20 96 20 34 0 80 82 60
36 87 38 73 58 98 85 92 22 10 34 26 72 86 43 70 84 96 88 36 93 11 78 56 51 27 15 27 23 60 38 29 70 80 70 32 92 65 74 39 22 62 33 30 93 80 75 43 23 97 45 70 56 25 64 66 45 27 90 66 51 76 43 20 86 91 67 23 43 28 27 93 44 48 11 88 62 28 94 58 25 43 52 53 95 42 65 12 68 37 84 11 35 96 87 35 33 79 16 91 81 30 69 95 72 81 80 0 62 96
39 85 13 48 79 79 83 46 94 73 54 66 95 59 26 41 24 83 83 54 36 11 39 45 48 75 50 61 82 17 79 22 43 36 49 99 55 71 40 47 93 94 38 90 79 59 25 91 50 56 65 95 78 56 92 79 40 19 17 79 24 87 99 19 36 19 94 89 51 39 44 22 68 37 96 49 54 81 35 99 49 38 20 73 34 20 77 55 97 70 95 81 60 27 93 62 22 99 44 19 90 18 22 80 68 69 82 62 0 74
66 25 42 91 56 37 96 22 31 10 84 85 20 33 80 36 39 69 69 19 15 84 91 32 51 74 52 45 55 25 88 60 91 54 78 53 96 79 49 98 62 90 19 36 36 68 16 31 83 79 56 15 71 27 12 89 23 13 42 64 75 35 67 71 14 48 71 62 78 62 10 68 99 71 87 33 49 38 46 51 89 98 64 31 36 25 42 86 28 93 24 79 90 46 96 17 24 40 15 34 53 74 93 32 69 65 60 96 74 0