65
0 83 48 75 81 55 27 78 16 18 94 32 82 97 99 40 66 19 92 53 41 41 10 45 18 12 96 70 94 73 19 92 90 19 21 79 23 15 50 26 13 32 62 29 63 19 65 72 22 88 24 95 52 80 30 72 71 77 80 12 71 93 10 14 53
83 0 80 17 34 66 93 31 23 96 85 13 46 87 71 44 70 45 39 60 19 79 71 32 75 59 35 94 48 83 96 42 23 82 38 22 61 56 76 35 90 42 51 50 60 85 27 32 76 96 77 83 69 45 53 36 86 99 93 63 37 73 54 56 65
48 80 0 82 30 81 48 87 14 82 52 73 45 72 71 53 69 55 40 13 32 51 42 73 62 51 64 93 66 55 63 81 76 15 21 75 73 18 10 75 99 32 73 23 80 20 55 54 42 79 19 62 51 96 74 65 80 43 45 29 59 73 73 92 47
75 17 82 0 70 94 86 47 42 51 64 57 97 45 38 37 75 85 75 62 38 82 24 27 40 80 91 85 90 65 48 81 76 58 80 80 60 17 20 57 98 11 64 67 19 29 89 38 50 71 72 16 52 45 14 69 69 65 50 11 42 21 26 49 57
81 34 30 70 0 12 21 32 96 64 70 14 32 43 28 74 34 91 28 42 85 14 76 45 63 12 22 39 47 27 83 10 98 22 85 49 44 74 48 90 95 36 75 69 45 87 77 39 55 80 44 15 85 52 33 85 51 30 55 85 12 75 37 54 23
55 66 81 94 12 0 27 96 47 19 99 89 32 39 68 60 99 77 14 10 67 27 68 85 73 27 93 70 77 60 28 83 14 22 52 10 90 47 80 65 81 92 65 52 22 69 24 67 78 61 40 31 62 64 18 25 98 78 54 72 53 38 63 62 45
27 93 48 86 21 27 0 98 10 96 58 23 37 89 43 51 41 53 87 54 13 67 14 60 76 73 10 68 38 29 87 20 37 61 26 98 10 85 69 79 45 39 14 20 32 85 98 68 92 59 77 85 10 28 34 79 61 33 86 52 44 21 60 66 51
78 31 87 47 32 96 98 0 39 88 38 71 84 49 44 83 40 42 87 44 29 40 47 84 95 35 70 91 41 96 48 91 66 95 53 52 31 68 43 21 25 33 34 40 87 58 95 55 53 69 98 79 36 94 90 32 91 45 17 44 46 76 52 32 47
16 23 14 42 96 47 10 39 0 37 91 52 13 13 30 52 53 30 23 32 28 39 20 88 90 70 75 84 39 74 50 93 17 25 43 99 23 94 21 14 95 67 59 67 84 64 62 52 75 71 27 41 78 34 34 62 30 66 89 49 30 66 95 96 36
18 96 82 51 64 19 96 88 37 0 87 96 54 34 43 91 95 23 24 20 11 60 83 98 50 60 59 70 37 95 59 29 40 63 87 92 20 49 20 70 81 81 24 88 80 46 48 37 78 12 58 23 10 63 79 29 76 55 31 47 89 85 43 57 53
94 85 52 64 70 99 58 38 91 87 0 51 85 63 21 28 45 92 57 73 22 20 27 82 27 99 77 37 95 79 46 72 73 58 98 34 16 39 20 87 52 28 47 45 35 23 66 43 48 97 32 25 71 46 86 28 70 23 51 96 62 22 86 64 47
32 13 73 57 14 89 23 71 52 96 51 0 96 47 96 85 24 61 56 68 50 94 25 45 62 95 64 24 56 16 87 93 15 12 18 29 87 94 15 76 76 89 23 98 82 66 44 39 50 16 18 25 88 41 21 93 56 18 55 80 58 11 15 25 20
82 46 45 97 32 32 37 84 13 54 85 96 0 79 46 15 80 77 78 48 94 61 91 84 41 18 22 25 24 17 43 92 60 23 34 55 95 37 96 24 48 99 47 71 37 63 55 91 80 83 72 80 17 21 63 32 92 60 34 65 42 30 25 92 54
97 87 72 45 43 39 89 49 13 34 63 47 79 0 24 50 78 63 93 90 10 97 44 85 30 25 79 85 47 53 72 59 59 71 70 27 77 92 81 90 75 97 89 13 85 55 18 69 82 38 24 41 76 40 50 67 28 33 19 78 80 58 85 92 71
99 71 71 38 28 68 43 44 30 43 21 96 46 24 0 50 49 98 47 28 94 76 96 67 81 63 44 25 62 28 62 54 29 63 39 31 87 32 85 94 50 30 81 89 45 29 49 29 43 11 12 35 59 88 41 43 95 42 16 27 72 25 41 82 89
40 44 53 37 74 60 51 83 52 91 28 85 15 50 50 0 64 63 21 92 84 67 51 49 38 53 54 70 24 74 17 69 99 67 96 77 97 84 26 58 58 69 94 65 99 50 15 89 84 36 10 66 58 71 93 76 83 84 57 55 82 44 79 39 89
66 70 69 75 34 99 41 40 53 95 45 24 80 78 49 64 0 29 12 87 36 96 81 94 50 81 17 16 58 40 82 23 65 24 91 29 47 89 81 84 45 37 48 16 17 43 10 52 82 61 39 45 29 67 96 76 50 75 36 24 79 75 96 81 23
19 45 55 85 91 77 53 42 30 23 92 61 77 63 98 63 29 0 16 81 13 37 64 18 31 95 28 15 72 88 76 84 67 48 66 97 29 74 46 74 11 29 52 54 71 47 76 17 38 95 46 11 81 74 52 86 43 83 41 58 49 20 59 87 40
92 39 40 75 28 14 87 87 23 24 57 56 78 93 47 21 12 16 0 30 13 90 36 23 47 39 51 20 63 94 40 13 83 75 19 87 62 40 20 95 94 30 39 98 17 93 91 79 94 90 20 92 45 87 28 42 43 19 10 31 52 55 87 48 90
53 60 13 62 42 10 54 44 32 20 73 68 48 90 28 92 87 81 30 0 91 59 43 72 89 56 44 96 10 28 68 16 81 52 86 59 83 29 59 35 26 16 34 97 62 77 91 91 82 54 30 96 42 27 32 10 63 73 82 68 16 35 87 37 19
41 19 32 38 85 67 13 29 28 11 22 50 94 10 94 84 36 13 13 91 0 52 76 71 68 39 85 97 91 66 10 50 65 59 45 85 53 85 69 86 56 77 23 91 94 42 86 12 36 92 85 13 12 91 14 70 25 28 14 44 40 14 74 10 26
41 79 51 82 14 27 67 40 39 60 20 94 61 97 76 67 96 37 90 59 52 0 87 64 55 84 13 44 85 11 19 47 80 57 77 15 22 49 46 93 99 44 19 57 18 52 74 95 92 15 67 98 11 46 29 78 38 21 63 25 56 39 99 11 66
10 71 42 24 76 68 14 47 20 83 27 25 91 44 96 51 81 64 36 43 76 87 0 21 89 24 33 85 30 41 56 44 73 98 24 70 94 92 65 33 74 43 88 49 60 20 22 95 71 75 37 87 37 70 29 59 73 44 22 25 43 74 90 96 68
45 32 73 27 45 85 60 84 88 98 82 45 84 85 67 49 94 18 23 72 71 64 21 0 50 10 30 47 28 17 72 45 10 21 89 40 99 58 90 47 72 28 25 11 14 75 57 53 65 92 38 93 21 44 90 69 67 36 24 32 16 77 41 30 23
18 75 62 40 63 73 76 95 90 50 27 62 41 30 81 38 50 31 47 89 68 55 89 50 0 17 31 32 90 80 55 25 53 25 58 23 85 71 38 51 16 40 70 85 50 71 51 83 77 61 95 21 84 90 12 29 37 54 72 80 37 35 54 62 96
12 59 51 80 12 27 73 35 70 60 99 95 18 25 63 53 81 95 39 56 39 84 24 10 17 0 85 14 96 77 41 16 62 26 54 13 28 89 28 97 47 78 12 37 23 85 52 49 93 16 47 16 23 32 86 23 14 35 69 26 26 43 46 77 43
96 35 64 91 22 93 10 70 75 59 77 64 22 79 44 54 17 28 51 44 85 13 33 30 31 85 0 31 84 32 39 39 34 27 97 22 68 85 65 62 47 93 98 66 81 14 70 83 62 88 30 73 17 57 14 71 52 87 37 50 71 29 14 47 90
70 94 93 85 39 70 68 91 84 70 37 24 25 85 25 70 16 15 20 96 97 44 85 47 32 14 31 0 94 91 68 31 72 46 11 17 42 41 78 20 78 40 77 60 56 34 87 47 38 85 62 10 43 92 76 87 95 63 79 17 58 33 41 29 21
94 48 66 90 47 77 38 41 39 37 95 56 24 47 62 24 58 72 63 10 91 85 30 28 90 96 84 94 0 19 99 87 94 36 71 48 75 39 53 42 92 87 94 52 79 28 70 41 78 79 56 75 11 76 68 65 50 23 80 16 64 39 70 58 38
73 83 55 65 27 60 29 96 74 95 79 16 17 53 28 74 40 88 94 28 66 11 41 17 80 77 32 91 19 0 79 18 80 13 78 94 62 26 70 47 79 75 21 73 16 88 24 82 69 24 69 70 39 51 17 62 71 51 47 95 90 73 31 55 71
19 96 63 48 83 28 87 48 50 59 46 87 43 72 62 17 82 76 40 68 10 19 56 72 55 41 39 68 99 79 0 27 87 71 96 84 88 21 84 68 38 20 28 54 71 83 45 71 73 65 35 81 54 18 69 64 25 10 87 66 14 95 71 97 34
92 42 81 81 10 83 20 91 93 29 72 93 92 59 54 69 23 84 13 16 50 47 44 45 25 16 39 31 87 18 27 0 47 32 85 83 42 79 35 91 24 22 46 67 30 43 15 83 33 18 18 61 43 38 73 35 22 63 93 33 35 52 62 23 11
90 23 76 76 98 14 37 66 17 40 73 15 60 59 29 99 65 67 83 81 65 80 73 10 53 62 34 72 94 80 87 47 0 26 63 82 57 76 45 77 43 21 13 28 31 20 29 82 75 67 36 15 75 22 76 28 66 39 40 19 44 67 64 95 33
19 82 15 58 22 22 61 95 25 63 58 12 23 71 63 67 24 48 75 52 59 57 98 21 25 26 27 46 36 13 71 32 26 0 17 20 42 23 28 72 77 45 20 65 86 62 32 15 49 85 73 52 46 22 52 38 99 95 15 56 15 93 27 13 77
21 38 21 80 85 52 26 53 43 87 98 18 34 70 39 96 91 66 19 86 45 77 24 89 58 54 97 11 71 78 96 85 63 17 0 53 66 66 87 20 20 96 31 12 46 16 39 32 55 35 80 60 57 83 83 99 18 41 13 68 54 80 64 10 44
79 22 75 80 49 10 98 52 99 92 34 29 55 27 31 77 29 97 87 59 85 15 70 40 23 13 22 17 48 94 84 83 82 20 53 0 54 22 57 69 83 97 82 24 25 92 75 42 39 25 38 61 26 51 43 88 35 81 42 86 19 52 59 91 48
23 61 73 60 44 90 10 31 23 20 16 87 95 77 87 97 47 29 62 83 53 22 94 99 85 28 68 42 75 62 88 42 57 42 66 54 0 51 21 38 61 86 32 34 32 27 48 61 77 23 76 17 80 16 61 38 58 82 23 18 24 46 95 69 41
15 56 18 17 74 47 85 68 94 49 39 94 37 92 32 84 89 74 40 29 85 49 92 58 71 89 85 41 39 26 21 79 76 23 66 22 51 0 94 69 58 63 10 73 99 20 26 32 42 96 70 88 29 37 25 29 56 31 11 63 91 44 20 11 56
50 76 10 20 48 80 69 43 21 20 20 15 96 81 85 26 81 46 20 59 69 46 65 90 38 28 65 78 53 70 84 35 45 28 87 57 21 94 0 99 20 35 28 53 90 45 97 33 59 83 27 19 23 90 73 14 12 47 72 23 93 73 19 93 18
26 35 75 57 90 65 79 21 14 70 87 76 24 90 94 58 84 74 95 35 86 93 33 47 51 97 62 20 42 47 68 91 77 72 20 69 38 69 99 0 69 62 17 55 74 71 20 46 69 37 70 98 65 48 33 97 58 47 65 88 60 47 10 75 75
13 90 99 98 95 81 45 25 95 81 52 76 48 75 50 58 45 11 94 26 56 99 74 72 16 47 47 78 92 79 38 24 43 77 20 83 61 58 20 69 0 69 88 60 93 86 20 18 53 99 46 18 23 39 43 97 43 47 21 67 89 29 17 31 37
32 42 32 11 36 92 39 33 67 81 28 89 99 97 30 69 37 29 30 16 77 44 43 28 40 78 93 40 87 75 20 22 21 45 96 97 86 63 35 62 69 0 34 36 77 41 16 92 93 17 79 94 10 69 13 36 16 50 56 53 23 17 44 64 42
62 51 73 64 75 65 14 34 59 24 47 23 47 89 81 94 48 52 39 34 23 19 88 25 70 12 98 77 94 21 28 46 13 20 31 82 32 10 28 17 88 34 0 27 65 23 28 28 97 25 63 74 79 14 10 49 33 94 48 78 65 73 63 55 45
29 50 23 67 69 52 20 40 67 88 45 98 71 13 89 65 16 54 98 97 91 57 49 11 85 37 66 60 52 73 54 67 28 65 12 24 34 73 53 55 60 36 27 0 87 70 47 53 97 75 31 53 99 26 64 11 40 21 14 43 35 35 91 50 14
63 60 80 19 45 22 32 87 84 80 35 82 37 85 45 99 17 71 17 62 94 18 60 14 50 23 81 56 79 16 71 30 31 86 46 25 32 99 90 74 93 77 65 87 0 80 18 18 98 48 35 44 60 38 50 86 16 69 18 62 60 71 24 56 30
19 85 20 29 87 69 85 58 64 46 23 66 63 55 29 50 43 47 93 77 42 52 20 75 71 85 14 34 28 88 83 43 20 62 16 92 27 20 45 71 86 41 23 70 80 0 49 99 63 52 79 91 72 63 17 57 11 39 41 53 54 94 47 11 33
65 27 55 89 77 24 98 95 62 48 66 44 55 18 49 15 10 76 91 91 86 74 22 57 51 52 70 87 70 24 45 15 29 32 39 75 48 26 97 20 20 16 28 47 18 49 0 80 74 74 30 11 50 27 79 33 97 66 12 44 55 75 57 71 46
72 32 54 38 39 67 68 55 52 37 43 39 91 69 29 89 52 17 79 91 12 95 95 53 83 49 83 47 41 82 71 83 82 15 32 42 61 32 33 46 18 92 28 53 18 99 80 0 73 56 81 24 52 17 84 99 61 99 93 73 57 11 21 85 57
22 76 42 50 55 78 92 53 75 78 48 50 80 82 43 84 82 38 94 82 36 92 71 65 77 93 62 38 78 69 73 33 75 49 55 39 77 42 59 69 53 93 97 97 98 63 74 73 0 25 84 80 75 63 18 72 31 64 49 85 88 33 76 99 68
88 96 79 71 80 61 59 69 71 12 97 16 83 38 11 36 61 95 90 54 92 15 75 92 61 16 88 85 79 24 65 18 67 85 35 25 23 96 83 37 99 17 25 75 48 52 74 56 25 0 45 15 89 14 12 28 77 89 60 25 11 74 75 57 69
24 77 19 72 44 40 77 98 27 58 32 18 72 24 12 10 39 46 20 30 85 67 37 38 95 47 30 62 56 69 35 18 36 73 80 38 76 70 27 70 46 79 63 31 35 79 30 81 84 45 0 86 26 27 53 45 19 84 65 11 35 87 62 12 19
95 83 62 16 15 31 85 79 41 23 25 25 80 41 35 66 45 11 92 96 13 98 87 93 21 16 73 10 75 70 81 61 15 52 60 61 17 88 19 98 18 94 74 53 44 91 11 24 80 15 86 0 45 21 51 87 67 33 64 48 17 17 80 37 14
52 69 51 52 85 62 10 36 78 10 71 88 17 76 59 58 29 81 45 42 12 11 37 21 84 23 17 43 11 39 54 43 75 46 57 26 80 29 23 65 23 10 79 99 60 72 50 52 75 89 26 45 0 17 45 90 60 36 99 15 89 50 54 84 71
80 45 96 45 52 64 28 94 34 63 46 41 21 40 88 71 67 74 87 27 91 46 70 44 90 32 57 92 76 51 18 38 22 22 83 51 16 37 90 48 39 69 14 26 38 63 27 17 63 14 27 21 17 0 55 47 74 10 70 75 82 96 29 61 13
30 53 74 14 33 18 34 90 34 79 86 21 63 50 41 93 96 52 28 32 14 29 29 90 12 86 14 76 68 17 69 73 76 52 83 43 61 25 73 33 43 13 10 64 50 17 79 84 18 12 53 51 45 55 0 32 91 54 99 95 21 64 69 60 82
72 36 65 69 85 25 79 32 62 29 28 93 32 67 43 76 76 86 42 10 70 78 59 69 29 23 71 87 65 62 64 35 28 38 99 88 38 29 14 97 97 36 49 11 86 57 33 99 72 28 45 87 90 47 32 0 47 90 38 85 94 24 32 49 34
71 86 80 69 51 98 61 91 30 76 70 56 92 28 95 83 50 43 43 63 25 38 73 67 37 14 52 95 50 71 25 22 66 99 18 35 58 56 12 58 43 16 33 40 16 11 97 61 31 77 19 67 60 74 91 47 0 27 50 91 10 34 32 98 78
77 99 43 65 30 78 33 45 66 55 23 18 60 33 42 84 75 83 19 73 28 21 44 36 54 35 87 63 23 51 10 63 39 95 41 81 82 31 47 47 47 50 94 21 69 39 66 99 64 89 84 33 36 10 54 90 27 0 68 87 60 68 91 65 86
80 93 45 50 55 54 86 17 89 31 51 55 34 19 16 57 36 41 10 82 14 63 22 24 72 69 37 79 80 47 87 93 40 15 13 42 23 11 72 65 21 56 48 14 18 41 12 93 49 60 65 64 99 70 99 38 50 68 0 19 58 77 14 81 38
12 63 29 11 85 72 52 44 49 47 96 80 65 78 27 55 24 58 31 68 44 25 25 32 80 26 50 17 16 95 66 33 19 56 68 86 18 63 23 88 67 53 78 43 62 53 44 73 85 25 11 48 15 75 95 85 91 87 19 0 77 73 19 50 64
71 37 59 42 12 53 44 46 30 89 62 58 42 80 72 82 79 49 52 16 40 56 43 16 37 26 71 58 64 90 14 35 44 15 54 19 24 91 93 60 89 23 65 35 60 54 55 57 88 11 35 17 89 82 21 94 10 60 58 77 0 49 19 21 55
93 73 73 21 75 38 21 76 66 85 22 11 30 58 25 44 75 20 55 35 14 39 74 77 35 43 29 33 39 73 95 52 67 93 80 52 46 44 73 47 29 17 73 35 71 94 75 11 33 74 87 17 50 96 64 24 34 68 77 73 49 0 95 32 71
10 54 73 26 37 63 60 52 95 43 86 15 25 85 41 79 96 59 87 87 74 99 90 41 54 46 14 41 70 31 71 62 64 27 64 59 95 20 19 10 17 44 63 91 24 47 57 21 76 75 62 80 54 29 69 32 32 91 14 19 19 95 0 46 23
14 56 92 49 54 62 66 32 96 57 64 25 92 92 82 39 81 87 48 37 10 11 96 30 62 77 47 29 58 55 97 23 95 13 10 91 69 11 93 75 31 64 55 50 56 11 71 85 99 57 12 37 84 61 60 49 98 65 81 50 21 32 46 0 56
53 65 47 57 23 45 51 47 36 53 47 20 54 71 89 89 23 40 90 19 26 66 68 23 96 43 90 21 38 71 34 11 33 77 44 48 41 56 18 75 37 42 45 14 30 33 46 57 68 69 19 14 71 13 82 34 78 86 38 64 55 71 23 56 0