140
0 35 58 17 41 89 30 78 10 45 45 88 86 77 17 53 94 47 21 79 26 77 82 90 74 26 47 25 41 26 55 75 18 99 63 93 47 92 87 18 67 92 15 50 14 18 80 47 39 23 38 73 68 57 54 38 74 82 15 92 31 22 71 74 56 90 66 36 12 69 73 49 43 88 79 78 97 24 28 72 84 10 27 94 74 58 78 25 64 37 11 21 99 22 93 90 94 47 37 87 58 99 18 64 76 69 42 54 25 13 96 13 76 40 97 17 10 86 46 68 54 78 61 19 77 92 58 31 36 61 87 74 26 37 95 32 61 88 23 26
35 0 96 82 58 28 58 81 23 39 37 14 21 88 81 52 94 25 66 76 37 32 45 36 39 84 51 92 62 34 43 23 73 92 63 14 35 98 17 17 12 73 56 47 75 64 88 31 35 40 56 10 23 43 96 49 66 34 95 18 42 75 98 85 48 64 76 92 23 40 90 35 77 75 16 10 54 54 15 72 30 60 40 20 23 42 44 36 18 38 35 17 35 72 64 80 95 97 29 31 93 99 85 11 16 76 32 82 68 72 36 58 68 33 52 47 88 82 24 98 82 66 90 34 97 70 44 13 18 59 71 80 49 65 85 23 23 13 10 27
58 96 0 31 29 94 95 91 87 21 28 28 88 82 82 80 45 66 40 97 16 54 15 58 11 86 50 72 62 36 24 95 51 15 51 21 55 32 71 88 41 73 43 94 42 74 42 85 42 61 29 99 90 39 42 25 21 22 18 27 69 54 62 97 21 21 31 25 76 10 36 90 33 39 19 30 80 86 50 35 34 74 32 98 27 21 89 42 34 91 18 29 87 28 51 89 33 70 89 22 97 70 46 43 48 79 71 73 84 47 24 27 15 98 87 41 80 93 99 93 50 45 25 98 42 53 91 91 94 88 23 17 60 10 35 83 43 17 26 87
17 82 31 0 85 37 21 14 98 75 53 27 46 27 54 95 80 37 59 87 86 20 91 70 72 70 43 26 64 15 23 11 52 47 85 55 61 57 27 44 33 38 13 29 44 76 89 88 15 32 25 64 33 41 31 47 75 18 28 42 59 74 21 13 93 25 81 74 27 46 89 30 55 95 18 68 35 43 96 46 62 27 45 85 52 96 28 14 48 14 65 81 84 30 58 76 88 52 27 14 38 43 46 46 93 97 13 15 48 46 86 78 64 27 92 90 92 85 64 97 86 99 63 21 50 74 46 74 13 22 91 45 87 73 16 28 16 53 48 79
41 58 29 85 0 30 65 44 37 93 58 59 64 81 43 92 73 23 63 70 20 79 10 38 49 75 86 70 87 67 95 98 30 98 79 69 42 25 89 42 45 70 73 72 60 94 37 31 96 34 27 73 33 51 78 23 16 74 82 23 63 50 88 45 67 57 47 65 84 41 87 61 62 31 88 98 76 71 22 62 20 51 75 58 60 36 78 48 45 93 57 21 90 86 51 91 69 44 36 79 85 15 51 79 80 69 81 50 69 91 54 56 87 12 94 39 30 65 86 54 99 64 93 23 13 96 67 31 80 29 56 91 81 82 25 72 63 94 86 27
89 28 94 37 30 0 10 42 96 67 11 83 81 69 90 35 71 33 89 79 78 63 24 34 10 44 25 42 43 35 59 67 16 89 37 73 70 92 92 91 23 91 22 39 55 69 94 52 13 42 24 34 56 53 15 70 66 44 44 82 61 84 53 89 88 41 45 12 86 41 81 98 23 59 80 98 24 36 83 78 74 86 91 85 36 47 70 30 61 52 84 12 85 89 93 42 17 10 80 58 65 44 91 40 50 52 24 92 24 58 58 68 41 11 93 38 34 24 28 99 46 26 85 67 65 99 39 61 31 26 10 63 45 53 45 36 90 13 72 51
30 58 95 21 65 10 0 94 74 39 96 79 36 40 80 11 83 40 44 20 88 72 42 89 54 75 40 91 12 65 35 34 66 56 62 82 33 90 67 95 92 38 32 97 22 87 90 67 82 26 86 17 14 31 71 36 95 97 98 10 74 65 48 78 85 43 49 24 91 18 42 51 63 49 44 71 89 12 67 87 79 41 18 75 54 54 74 35 56 90 21 20 46 30 15 65 23 73 77 33 24 21 90 79 11 42 31 96 86 96 82 77 84 10 45 93 80 85 54 62 52 12 84 21 55 68 14 65 85 93 29 19 23 39 64 52 16 80 34 84
78 81 91 14 44 42 94 0 20 81 76 28 14 48 14 65 38 34 75 68 49 13 78 56 63 68 86 29 62 49 20 14 52 57 22 68 57 82 11 12 50 76 66 56 16 11 28 67 94 13 14 98 74 63 75 57 55 78 27 86 79 73 57 58 93 99 17 61 61 48 45 72 50 56 87 35 91 54 32 30 34 72 16 76 12 27 45 62 14 12 29 19 92 48 26 21 33 95 17 57 58 39 56 82 58 37 45 80 99 25 15 86 51 36 34 33 87 65 34 56 72 54 74 89 67 36 87 67 39 67 98 26 34 34 85 79 33 88 83 18
10 23 87 98 37 96 74 20 0 61 81 69 43 94 80 37 12 60 32 42 64 70 91 90 81 42 73 30 81 68 41 76 68 11 25 69 70 44 31 29 73 88 83 25 25 62 89 97 76 77 50 16 95 63 77 81 29 96 81 66 20 57 95 22 91 80 23 67 15 65 76 52 85 94 34 74 70 16 32 98 57 96 46 20 62 11 23 55 26 86 94 37 35 83 76 35 29 98 64 37 39 64 77 16 75 51 40 19 37 21 51 20 80 97 78 60 25 29 37 67 62 28 80 46 57 52 39 21 16 53 40 61 91 84 70 10 42 70 40 66
45 39 21 75 93 67 39 81 61 0 84 55 89 59 40 69 37 25 26 71 78 94 80 51 50 97 86 17 51 71 43 96 98 77 36 86 76 24 22 73 68 60 40 48 98 78 69 48 67 58 85 68 67 54 49 90 78 44 22 97 80 15 21 66 90 23 85 89 22 26 63 91 45 42 59 35 28 25 23 40 73 29 57 43 60 57 44 30 34 34 58 36 33 48 95 76 46 92 83 33 55 20 86 83 43 21 59 21 20 15 58 89 84 38 15 78 45 18 57 41 69 33 26 70 82 71 82 73 66 92 28 38 28 79 70 32 40 75 45 17
45 37 28 53 58 11 96 76 81 84 0 90 96 52 54 41 51 75 97 54 11 16 20 61 81 24 59 76 69 65 23 74 66 20 11 98 12 56 87 89 45 76 98 40 56 22 58 48 53 44 90 71 62 42 76 39 24 78 26 24 12 46 62 72 74 75 11 75 16 51 42 79 28 84 79 45 34 89 87 84 37 81 12 42 95 16 50 91 19 28 87 87 84 83 78 81 52 13 59 57 73 97 15 19 69 20 96 90 53 47 51 16 35 84 96 71 81 41 92 67 91 48 98 66 27 59 39 41 51 98 92 83 34 68 49 78 46 99 80 99
88 14 28 27 59 83 79 28 69 55 90 0 99 68 67 25 80 77 70 72 56 77 12 99 48 21 24 64 74 39 84 43 13 71 71 95 34 52 59 51 61 95 27 16 36 24 32 85 80 95 70 78 54 71 53 34 45 85 86 94 65 96 18 16 83 82 75 57 63 23 20 70 41 12 20 45 54 61 87 86 57 43 46 57 93 24 63 20 16 15 89 39 99 53 17 98 33 32 62 92 24 57 41 46 55 19 27 40 90 51 30 80 58 63 43 46 30 72 58 78 29 24 70 49 60 16 33 35 40 99 87 80 25 81 51 36 75 36 24 50
86 21 88 46 64 81 36 14 43 89 96 99 0 10 48 10 14 61 10 41 12 55 85 90 43 49 32 85 19 46 92 45 35 13 53 51 50 22 24 92 93 28 71 87 83 74 42 99 13 31 66 16 71 45 91 99 69 64 43 77 82 10 78 55 60 48 63 45 90 89 27 54 13 59 27 40 81 38 44 83 45 64 96 14 14 74 99 79 39 82 60 55 13 23 95 48 44 30 99 69 30 80 38 64 54 36 58 62 24 58 68 72 80 37 51 62 77 28 79 84 42 25 83 15 86 35 75 45 88 14 94 67 72 61 79 86 11 64 69 99
77 88 82 27 81 69 40 48 94 59 52 68 10 0 90 78 77 33 66 37 35 83 37 45 38 61 61 62 87 71 60 89 48 34 64 10 55 71 99 70 80 75 29 76 23 93 94 84 38 89 27 14 77 14 63 79 40 40 98 86 93 73 95 19 64 45 63 94 30 45 19 52 11 64 89 73 89 81 19 95 53 19 85 99 99 31 67 75 72 27 17 23 57 80 77 35 88 77 39 34 21 46 71 27 23 91 30 48 45 55 26 76 58 63 27 70 26 82 87 62 26 95 79 53 99 79 33 51 33 89 81 98 67 68 49 46 36 69 27 38
17 81 82 54 43 90 80 14 80 40 54 67 48 90 0 43 79 96 25 72 88 64 56 45 36 98 43 32 52 37 92 77 51 54 84 13 74 15 53 71 19 59 21 95 87 34 66 11 67 68 83 79 91 39 86 62 78 62 60 90 49 83 29 27 64 54 22 19 77 63 18 65 92 23 96 35 47 51 75 50 76 14 64 13 81 98 89 68 49 28 63 97 20 38 91 20 11 98 53 69 61 48 57 24 30 21 38 92 18 67 40 62 74 14 20 48 75 62 48 81 82 83 29 19 92 38 85 55 15 74 91 81 98 63 58 64 96 72 71 19
53 52 80 95 92 35 11 65 37 69 41 25 10 78 43 0 97 34 95 50 98 84 12 27 94 71 56 59 18 58 28 40 65 71 62 93 17 85 90 72 77 17 18 58 76 23 28 19 16 13 60 70 52 67 30 89 75 42 68 45 39 98 41 47 78 49 98 30 91 86 49 82 60 15 67 94 68 83 84 66 41 58 58 43 20 88 93 38 99 62 85 72 47 15 66 48 50 22 94 15 95 98 13 31 74 30 18 48 27 73 96 44 81 14 86 32 18 80 45 47 12 28 51 42 25 17 53 58 27 73 33 93 43 70 72 99 16 79 62 69
94 94 45 80 73 71 83 38 12 37 51 80 14 77 79 97 0 69 94 59 69 43 22 98 65 40 41 40 70 33 55 96 17 67 11 88 45 46 66 43 92 17 37 62 83 52 71 38 52 13 73 18 45 75 97 32 93 64 47 30 85 82 32 10 22 70 93 70 97 73 87 46 51 85 63 30 52 65 53 50 83 20 80 81 20 33 58 69 91 38 67 58 47 47 48 86 61 48 35 29 46 43 76 99 38 39 62 81 42 25 51 35 36 27 23 44 53 97 30 25 94 20 78 10 76 38 33 19 81 23 28 81 44 33 36 37 52 72 86 79
47 25 66 37 23 33 40 34 60 25 75 77 61 33 96 34 69 0 14 32 41 39 98 54 46 19 84 73 50 64 97 94 87 96 19 64 24 28 68 42 94 66 77 58 50 74 26 72 92 93 86 46 99 99 92 65 72 10 15 13 16 60 82 30 33 12 38 80 25 28 64 47 63 17 28 20 79 77 75 57 13 36 95 40 98 29 56 23 97 11 94 12 56 94 19 88 25 61 77 43 46 96 69 68 45 63 97 78 54 67 71 20 63 43 43 33 55 62 90 47 33 56 89 90 99 97 18 82 14 83 31 67 11 42 21 79 26 71 28 51
21 66 40 59 63 89 44 75 32 26 97 70 10 66 25 95 94 14 0 25 54 49 24 36 14 95 55 36 41 26 26 47 52 80 33 90 24 41 69 43 42 60 77 75 93 13 30 19 46 68 55 44 35 33 95 88 82 29 21 23 65 93 54 15 92 78 46 47 47 15 80 73 68 41 32 90 90 38 39 31 94 95 79 74 12 26 33 43 55 59 84 71 97 76 21 49 54 93 41 81 95 25 92 59 70 19 57 91 33 61 50 29 38 78 83 39 71 72 86 81 12 40 19 91 88 15 11 58 53 31 71 45 78 44 46 17 76 92 91 21
79 76 97 87 70 79 20 68 42 71 54 72 41 37 72 50 59 32 25 0 26 86 16 49 18 59 93 33 68 78 25 92 34 42 33 74 46 33 43 18 82 63 91 42 78 85 66 40 91 13 67 36 94 34 59 64 48 91 65 61 27 58 17 40 82 12 27 47 34 67 59 68 26 97 75 95 70 43 41 33 71 38 43 63 46 62 52 70 71 10 71 94 69 35 28 78 31 93 75 38 68 53 36 64 23 28 98 73 54 78 78 99 44 12 57 93 40 48 84 50 10 72 65 61 44 25 16 52 95 50 54 95 43 86 43 29 53 77 21 63
26 37 16 86 20 78 88 49 64 78 11 56 12 35 88 98 69 41 54 26 0 38 56 16 83 22 85 99 86 46 86 66 79 80 81 96 63 47 28 10 73 31 21 93 30 52 11 61 98 97 56 43 82 91 17 89 85 76 22 98 88 53 78 53 77 74 24 69 96 36 99 44 39 81 67 25 99 32 59 37 13 32 68 17 45 12 69 54 17 15 78 29 19 80 58 96 23 38 23 56 83 54 85 55 19 90 54 79 65 60 64 12 64 92 57 61 28 23 84 53 36 48 63 51 73 51 28 40 42 35 38 80 73 16 69 31 45 59 69 64
77 32 54 20 79 63 72 13 70 94 16 77 55 83 64 84 43 39 49 86 38 0 42 77 82 91 82 82 20 30 74 99 28 58 46 48 95 59 55 97 94 46 18 24 83 57 49 83 91 94 68 48 78 57 55 31 67 68 92 43 62 83 41 11 90 97 87 14 93 37 48 92 56 58 77 13 19 33 26 18 72 59 84 24 41 79 82 83 96 97 79 76 37 95 25 44 92 26 69 20 62 67 39 63 63 97 83 72 32 52 64 41 84 44 34 66 73 89 90 37 60 28 51 39 96 13 40 65 98 71 19 81 14 99 78 69 97 52 14 48
82 45 15 91 10 24 42 78 91 80 20 12 85 37 56 12 22 98 24 16 56 42 0 50 66 52 25 69 53 81 50 19 56 50 68 18 91 10 73 17 72 38 96 53 76 46 99 52 53 82 13 15 14 26 62 83 80 50 26 66 31 10 68 38 89 15 65 51 36 41 76 97 47 66 47 27 59 39 32 62 21 25 53 83 31 37 80 51 69 60 24 12 35 35 12 33 11 90 37 74 46 94 66 20 62 27 45 71 43 46 99 30 65 96 83 16 97 83 95 66 86 40 46 76 46 49 58 27 97 15 92 47 97 11 90 52 88 39 58 46
90 36 58 70 38 34 89 56 90 51 61 99 90 45 45 27 98 54 36 49 16 77 50 0 76 60 59 84 23 86 15 65 94 50 48 85 57 56 59 45 78 28 24 69 16 50 13 28 53 11 40 38 72 21 72 78 98 61 27 21 86 52 12 93 28 56 35 92 16 60 67 56 35 71 87 84 28 48 64 14 96 32 71 82 66 93 55 37 38 55 49 56 99 84 30 83 72 77 52 42 19 16 54 42 89 53 82 39 51 69 48 52 71 64 72 70 88 67 28 61 60 15 42 12 88 16 95 14 90 15 79 66 43 54 34 90 17 72 27 18
74 39 11 72 49 10 54 63 81 50 81 48 43 38 36 94 65 46 14 18 83 82 66 76 0 90 89 66 30 77 68 97 72 22 45 91 35 22 56 75 16 85 37 56 89 12 90 37 47 21 55 62 55 73 53 77 85 22 97 43 21 68 28 92 41 15 21 81 85 21 24 60 52 51 88 81 25 60 60 42 54 83 30 76 88 45 95 37 73 26 11 52 44 49 33 30 17 74 46 51 90 22 88 19 90 74 84 91 30 84 83 25 42 80 57 58 90 26 46 31 17 46 29 50 92 17 12 49 32 49 98 22 10 48 89 78 18 88 28 71
26 84 86 70 75 44 75 68 42 97 24 21 49 61 98 71 40 19 95 59 22 91 52 60 90 0 62 53 83 19 70 62 22 37 69 12 46 63 35 98 57 94 44 42 76 84 84 20 84 39 59 46 33 98 95 71 12 64 31 89 86 49 36 49 46 17 71 24 38 87 52 42 48 30 40 10 47 85 89 78 69 15 61 45 23 59 65 54 29 87 31 84 34 11 27 30 58 95 82 94 83 51 58 67 16 71 34 67 79 73 76 56 43 79 89 41 41 57 96 28 99 64 46 23 44 73 24 34 84 69 57 70 58 54 88 16 74 85 41 25
47 51 50 43 86 25 40 86 73 86 59 24 32 61 43 56 41 84 55 93 85 82 25 59 89 62 0 86 89 90 80 21 59 45 40 35 13 46 89 65 11 26 76 46 53 96 65 98 53 50 60 76 57 66 96 65 85 96 35 97 84 49 55 74 19 25 30 89 18 42 77 23 19 98 40 23 47 31 95 83 66 23 62 41 54 46 52 48 31 44 19 81 84 84 43 73 42 85 24 16 51 97 47 94 97 24 36 84 63 36 25 27 62 36 41 11 99 65 57 27 76 96 81 53 97 60 30 95 90 86 79 21 20 72 23 75 92 63 27 79
25 92 72 26 70 42 91 29 30 17 76 64 85 62 32 59 40 73 36 33 99 82 69 84 66 53 86 0 81 12 48 24 60 20 75 54 14 40 49 18 68 38 16 83 85 75 78 72 30 24 91 82 59 42 71 65 35 61 50 43 56 38 80 24 52 42 71 87 70 76 47 50 54 73 16 40 92 42 44 49 39 48 18 51 37 24 46 74 73 77 74 27 49 11 64 31 74 19 35 72 79 39 51 10 70 23 87 93 72 46 62 53 65 24 97 76 15 45 31 27 40 25 46 14 33 11 99 86 36 30 19 76 89 66 91 51 53 85 68 85
41 62 62 64 87 43 12 62 81 51 69 74 19 87 52 18 70 50 41 68 86 20 53 23 30 83 89 81 0 51 37 60 48 55 65 86 72 20 28 97 46 16 67 73 71 29 52 33 33 34 53 96 10 66 75 47 38 29 78 13 62 73 90 74 96 70 20 64 15 27 84 63 86 64 60 91 72 94 10 95 17 18 85 97 22 81 63 39 22 35 66 97 76 26 65 74 25 85 81 35 36 69 15 55 46 55 42 35 34 67 45 27 45 31 43 83 12 17 19 58 74 47 56 19 27 73 30 61 77 23 95 31 63 38 49 46 64 78 88 19
26 34 36 15 67 35 65 49 68 71 65 39 46 71 37 58 33 64 26 78 46 30 81 86 77 19 90 12 51 0 48 48 69 77 45 25 20 87 34 51 59 45 84 11 65 99 62 55 12 40 48 94 50 10 10 10 35 55 74 54 81 85 54 61 71 36 10 59 72 37 31 76 72 71 85 84 77 61 69 62 93 33 64 62 43 72 29 14 41 63 40 55 28 96 43 71 91 41 13 92 84 91 55 91 73 92 59 39 92 71 94 58 69 93 66 79 99 53 86 45 28 38 23 15 67 86 12 62 67 54 67 76 25 70 62 94 79 40 41 52
55 43 24 23 95 59 35 20 41 43 23 84 92 60 92 28 55 97 26 25 86 74 50 15 68 70 80 48 37 48 0 65 11 19 61 17 79 61 20 79 12 83 71 36 30 35 50 77 61 97 78 91 44 62 48 34 12 56 40 43 63 79 48 83 14 89 63 54 87 81 24 94 68 54 40 22 62 32 59 35 52 19 89 50 10 58 27 60 15 32 42 64 12 48 45 40 36 25 74 41 10 44 50 44 41 84 38 62 41 80 62 66 70 62 42 15 48 30 39 27 78 41 23 19 49 34 85 34 67 64 14 58 69 33 55 50 27 26 33 61
75 23 95 11 98 67 34 14 76 96 74 43 45 89 77 40 96 94 47 92 66 99 19 65 97 62 21 24 60 48 65 0 46 45 16 87 43 34 65 50 68 51 37 33 93 27 77 94 96 18 37 41 93 27 14 13 80 82 71 58 64 32 65 78 87 14 79 18 43 23 36 21 99 89 95 61 70 91 51 72 74 75 67 67 54 76 34 75 46 13 88 13 91 74 84 21 66 32 46 27 72 98 26 11 17 63 26 54 24 50 64 37 81 66 10 20 18 52 38 40 45 40 42 71 70 33 65 56 43 83 24 58 71 77 54 54 66 53 82 42
18 73 51 52 30 16 66 52 68 98 66 13 35 48 51 65 17 87 52 34 79 28 56 94 72 22 59 60 48 69 11 46 0 46 26 21 32 40 66 25 97 27 61 10 19 99 74 67 68 80 79 18 98 61 79 92 33 22 72 73 21 46 47 79 67 56 75 31 89 53 76 34 81 86 81 47 60 14 42 47 19 81 70 58 37 10 21 84 95 65 31 84 85 40 26 63 64 60 33 37 17 60 46 74 65 66 99 73 94 88 13 54 70 37 12 93 82 14 80 93 70 27 35 83 14 69 13 95 49 16 98 25 25 55 62 77 17 87 14 14
99 92 15 47 98 89 56 57 11 77 20 71 13 34 54 71 67 96 80 42 80 58 50 50 22 37 45 20 55 77 19 45 46 0 80 24 34 55 27 39 18 38 15 31 86 16 57 45 81 56 57 94 41 75 30 23 72 56 82 25 35 41 72 50 53 85 10 90 74 82 71 35 41 76 54 15 52 26 73 82 36 86 99 20 13 66 15 18 51 45 10 36 12 57 23 94 64 83 77 97 40 28 39 78 47 29 17 16 14 55 49 67 42 87 13 46 63 56 71 52 73 91 27 23 63 28 59 87 61 93 80 50 59 67 89 80 63 85 44 68
63 63 51 85 79 37 62 22 25 36 11 71 53 64 84 62 11 19 33 33 81 46 68 48 45 69 40 75 65 45 61 16 26 80 0 31 54 90 77 25 75 16 82 34 68 62 17 31 69 77 64 88 17 24 20 31 25 20 48 27 96 63 82 59 26 95 13 87 69 94 69 48 70 81 84 10 46 75 19 18 52 19 55 43 25 86 21 90 64 54 81 33 37 39 31 17 27 56 99 29 94 81 27 34 79 71 35 40 93 30 26 72 58 35 54 45 62 79 78 49 69 90 87 80 11 28 63 35 30 78 42 37 28 45 11 32 21 91 76 22
93 14 21 55 69 73 82 68 69 86 98 95 51 10 13 93 88 64 90 74 96 48 18 85 91 12 35 54 86 25 17 87 21 24 31 0 28 27 85 28 12 71 97 53 39 33 57 69 30 31 46 67 86 52 47 86 17 10 41 19 47 56 75 76 93 91 40 28 96 27 17 36 34 29 34 10 92 83 88 45 11 45 34 55 58 25 50 83 80 50 14 97 21 94 61 45 31 87 23 43 89 53 92 36 99 64 17 43 69 49 41 33 25 92 21 55 60 37 85 63 12 12 69 29 40 93 73 96 20 96 18 56 52 45 52 29 42 81 74 78
47 35 55 61 42 70 33 57 70 76 12 34 50 55 74 17 45 24 24 46 63 95 91 57 35 46 13 14 72 20 79 43 32 34 54 28 0 41 22 38 70 57 78 16 36 96 65 10 81 20 98 89 77 41 77 71 81 77 65 87 58 25 50 96 53 96 63 41 71 65 22 31 77 78 17 69 41 52 41 58 69 38 31 93 56 75 55 67 44 52 68 43 80 58 54 88 64 65 90 84 45 94 57 81 28 29 65 16 73 45 12 45 50 83 13 35 60 59 42 47 86 51 59 33 60 60 41 16 44 77 37 91 39 48 62 29 53 99 30 48
92 98 32 57 25 92 90 82 44 24 56 52 22 71 15 85 46 28 41 33 47 59 10 56 22 63 46 40 20 87 61 34 40 55 90 27 41 0 92 86 78 39 42 40 39 77 82 56 70 56 39 94 12 39 94 78 93 41 42 48 49 56 86 57 48 45 16 74 63 14 31 45 64 61 23 24 93 94 89 24 16 52 82 58 43 35 73 72 43 87 51 95 61 73 67 54 11 49 65 45 56 69 60 65 20 74 12 98 12 26 53 17 37 64 64 31 59 51 60 68 11 31 15 72 52 78 38 92 49 55 83 88 65 11 83 32 45 52 18 45
87 17 71 27 89 92 67 11 31 22 87 59 24 99 53 90 66 68 69 43 28 55 73 59 56 35 89 49 28 34 20 65 66 27 77 85 22 92 0 70 23 81 43 94 24 19 49 26 39 49 76 25 69 73 53 62 99 77 60 61 62 74 17 92 15 58 75 26 55 28 83 93 22 93 83 33 95 59 48 29 82 33 84 48 55 57 31 63 23 13 26 26 28 69 84 48 29 50 79 19 66 98 27 72 18 73 51 37 75 25 87 91 73 46 53 56 94 53 85 29 45 40 23 14 95 91 26 26 20 69 85 72 54 63 89 93 94 50 25 99
18 17 88 44 42 91 95 12 29 73 89 51 92 70 71 72 43 42 43 18 10 97 17 45 75 98 65 18 97 51 79 50 25 39 25 28 38 86 70 0 64 86 46 60 28 58 43 72 76 31 28 58 68 43 88 73 13 66 61 31 85 33 87 58 95 47 93 17 76 70 37 53 42 33 98 65 44 40 55 42 58 45 39 82 81 28 55 19 18 31 28 40 79 74 84 63 39 14 73 82 10 17 97 41 21 88 10 29 32 81 63 11 23 67 78 64 48 66 53 93 83 22 57 63 71 66 79 49 20 98 27 71 77 63 31 24 15 22 79 77
67 12 41 33 45 23 92 50 73 68 45 61 93 80 19 77 92 94 42 82 73 94 72 78 16 57 11 68 46 59 12 68 97 18 75 12 70 78 23 64 0 20 74 20 63 13 30 26 23 57 23 57 24 74 85 21 87 98 40 66 40 58 88 14 13 57 92 97 92 80 40 19 61 20 73 17 74 46 63 94 54 22 83 53 39 73 64 87 49 65 94 35 76 52 86 57 21 45 96 58 75 80 34 25 72 91 23 56 76 53 18 51 13 77 45 81 86 11 83 62 85 37 34 94 14 63 75 92 14 33 53 20 85 73 89 28 46 53 25 15
92 73 73 38 70 91 38 76 88 60 76 95 28 75 59 17 17 66 60 63 31 46 38 28 85 94 26 38 16 45 83 51 27 38 16 71 57 39 81 86 20 0 65 69 75 77 36 77 66 97 63 13 73 32 15 29 46 99 49 50 46 48 35 81 16 70 88 17 92 52 45 22 79 25 83 27 62 10 53 13 76 40 85 35 15 71 97 86 82 91 16 97 79 31 81 31 12 60 38 68 22 28 95 55 14 30 90 83 67 77 69 31 36 24 51 18 58 97 31 89 14 36 10 89 94 46 53 10 91 39 89 50 83 67 65 48 53 40 36 93
15 56 43 13 73 22 32 66 83 40 98 27 71 29 21 18 37 77 77 91 21 18 96 24 37 44 76 16 67 84 71 37 61 15 82 97 78 42 43 46 74 65 0 40 12 56 42 47 99 20 21 72 83 37 24 39 53 23 19 67 38 59 92 70 76 43 48 78 97 76 22 82 96 69 98 72 71 86 75 87 26 93 94 38 66 86 80 75 28 39 84 32 35 93 42 74 21 86 65 50 64 67 94 40 91 97 11 88 31 14 83 34 89 47 91 61 57 27 19 73 79 66 19 35 47 17 81 17 69 59 24 12 41 21 20 41 90 20 53 59
50 47 94 29 72 39 97 56 25 48 40 16 87 76 95 58 62 58 75 42 93 24 53 69 56 42 46 83 73 11 36 33 10 31 34 53 16 40 94 60 20 69 40 0 74 91 43 89 70 92 34 70 18 71 60 11 18 20 46 22 51 22 77 99 75 20 45 16 57 49 98 16 74 32 51 15 35 70 39 54 70 32 78 78 89 98 89 18 85 27 38 36 68 24 62 81 69 70 87 65 74 45 50 64 84 25 60 36 82 83 47 46 82 16 13 61 91 71 15 96 98 58 68 36 49 11 55 60 71 40 51 50 52 66 29 19 85 48 99 66
14 75 42 44 60 55 22 16 25 98 56 36 83 23 87 76 83 50 93 78 30 83 76 16 89 76 53 85 71 65 30 93 19 86 68 39 36 39 24 28 63 75 12 74 0 35 78 93 79 92 66 79 20 33 79 49 35 66 33 64 57 66 56 54 44 13 72 77 43 74 67 10 39 78 83 39 49 78 98 47 87 96 53 29 31 91 52 91 18 52 29 89 12 10 49 25 14 93 12 91 31 82 45 43 62 96 53 65 77 45 79 16 39 57 33 20 92 57 55 81 92 86 80 45 17 18 96 35 44 61 62 70 62 15 60 60 16 60 38 85
18 64 74 76 94 69 87 11 62 78 22 24 74 93 34 23 52 74 13 85 52 57 46 50 12 84 96 75 29 99 35 27 99 16 62 33 96 77 19 58 13 77 56 91 35 0 61 85 87 30 75 91 18 28 24 47 20 33 70 62 22 26 55 92 57 15 86 40 95 94 63 38 50 59 28 65 49 37 48 49 99 21 47 30 29 60 56 51 32 56 74 12 93 15 22 17 62 18 23 91 89 42 78 86 22 53 59 91 26 45 26 51 50 97 97 24 92 80 17 48 21 46 43 15 95 49 74 32 95 69 42 40 46 40 34 12 51 65 67 85
80 88 42 89 37 94 90 28 89 69 58 32 42 94 66 28 71 26 30 66 11 49 99 13 90 84 65 78 52 62 50 77 74 57 17 57 65 82 49 43 30 36 42 43 78 61 0 90 35 73 56 15 98 10 84 31 11 10 59 15 65 89 37 64 47 16 96 56 44 56 75 73 16 35 44 19 30 15 98 51 35 25 30 35 93 47 23 49 28 27 75 97 62 57 54 72 97 13 65 64 70 21 47 17 37 50 58 94 65 79 13 85 48 94 22 99 46 67 60 44 66 75 61 83 95 77 51 75 84 37 76 79 22 77 36 68 86 53 87 48
47 31 85 88 31 52 67 67 97 48 48 85 99 84 11 19 38 72 19 40 61 83 52 28 37 20 98 72 33 55 77 94 67 45 31 69 10 56 26 72 26 77 47 89 93 85 90 0 57 13 13 55 61 41 76 30 78 36 48 25 21 78 68 49 48 47 85 49 69 74 29 59 16 66 40 56 97 94 82 36 53 91 91 95 66 10 52 47 49 13 86 61 89 96 54 64 47 23 47 29 33 76 99 13 35 97 47 60 68 64 37 51 55 28 18 84 59 17 18 16 48 40 63 84 46 90 31 37 79 46 18 95 72 93 61 19 90 24 99 95
39 35 42 15 96 13 82 94 76 67 53 80 13 38 67 16 52 92 46 91 98 91 53 53 47 84 53 30 33 12 61 96 68 81 69 30 81 70 39 76 23 66 99 70 79 87 35 57 0 40 61 17 26 14 73 75 45 50 42 63 46 34 69 69 23 23 86 56 67 69 89 10 38 50 30 79 64 72 11 24 57 52 48 64 29 33 54 12 54 41 23 44 39 11 77 55 54 32 87 48 72 74 40 20 59 83 73 29 38 47 11 71 60 23 79 83 58 82 64 57 53 62 76 14 39 23 91 73 16 19 89 13 44 33 11 22 22 84 59 84
23 40 61 32 34 42 26 13 77 58 44 95 31 89 68 13 13 93 68 13 97 94 82 11 21 39 50 24 34 40 97 18 80 56 77 31 20 56 49 31 57 97 20 92 92 30 73 13 40 0 84 37 84 48 42 74 56 56 21 40 99 31 10 83 42 71 78 44 49 48 13 28 14 94 43 81 63 79 75 94 52 77 36 37 10 26 34 83 22 60 92 10 50 50 93 93 49 11 86 55 17 71 13 96 47 60 52 41 55 42 48 70 34 14 73 46 59 54 62 19 22 49 28 83 58 43 55 52 48 44 84 19 54 88 50 19 45 27 25 13
38 56 29 25 27 24 86 14 50 85 90 70 66 27 83 60 73 86 55 67 56 68 13 40 55 59 60 91 53 48 78 37 79 57 64 46 98 39 76 28 23 63 21 34 66 75 56 13 61 84 0 50 22 87 76 61 19 68 79 18 62 77 17 61 17 91 75 99 40 17 16 37 17 79 53 42 99 60 98 66 89 25 69 95 62 28 81 39 10 13 62 78 23 37 59 24 96 24 16 24 50 48 48 96 44 13 94 94 86 23 24 37 59 15 63 95 33 99 56 69 70 89 28 83 14 82 24 58 25 37 36 84 18 91 81 23 13 75 94 48
73 10 99 64 73 34 17 98 16 68 71 78 16 14 79 70 18 46 44 36 43 48 15 38 62 46 76 82 96 94 91 41 18 94 88 67 89 94 25 58 57 13 72 70 79 91 15 55 17 37 50 0 94 27 72 91 77 76 21 18 49 34 61 20 74 73 84 41 39 91 79 38 81 80 58 71 89 20 41 14 21 95 22 47 28 49 57 51 36 16 52 15 19 90 24 70 95 24 36 10 24 10 97 74 21 50 68 46 13 46 64 18 75 85 11 82 90 45 24 34 70 80 93 66 33 53 40 33 92 62 82 27 96 14 72 59 48 58 55 40
68 23 90 33 33 56 14 74 95 67 62 54 71 77 91 52 45 99 35 94 82 78 14 72 55 33 57 59 10 50 44 93 98 41 17 86 77 12 69 68 24 73 83 18 20 18 98 61 26 84 22 94 0 92 41 36 61 49 75 23 18 23 49 73 28 86 80 45 69 16 44 47 49 34 30 48 30 65 66 98 88 86 11 23 58 84 32 33 67 82 69 52 70 52 78 25 28 36 72 16 15 49 85 47 55 61 65 85 41 58 68 52 38 96 38 39 47 93 87 69 62 78 10 99 36 17 33 22 47 91 52 21 38 34 33 33 52 51 97 10
57 43 39 41 51 53 31 63 63 54 42 71 45 14 39 67 75 99 33 34 91 57 26 21 73 98 66 42 66 10 62 27 61 75 24 52 41 39 73 43 74 32 37 71 33 28 10 41 14 48 87 27 92 0 37 74 88 18 25 79 52 75 78 11 13 94 68 75 83 83 37 29 51 34 86 88 61 33 78 88 57 10 32 22 60 53 98 44 82 83 32 51 71 12 64 56 22 17 19 60 84 80 94 14 67 80 17 94 26 68 91 94 62 79 79 11 48 46 77 46 49 33 86 59 35 36 83 12 62 30 70 57 43 88 53 73 55 58 91 20
54 96 42 31 78 15 71 75 77 49 76 53 91 63 86 30 97 92 95 59 17 55 62 72 53 95 96 71 75 10 48 14 79 30 20 47 77 94 53 88 85 15 24 60 79 24 84 76 73 42 76 72 41 37 0 42 20 33 31 18 54 85 35 63 20 86 42 31 70 31 84 47 11 58 77 92 38 84 89 51 87 33 51 13 75 70 87 17 93 23 90 72 97 98 15 43 34 97 37 29 46 60 40 23 12 77 99 37 71 11 27 21 80 23 48 95 85 22 69 87 26 90 12 89 93 15 75 66 84 36 16 56 53 29 77 92 33 74 13 28
38 49 25 47 23 70 36 57 81 90 39 34 99 79 62 89 32 65 88 64 89 31 83 78 77 71 65 65 47 10 34 13 92 23 31 86 71 78 62 73 21 29 39 11 49 47 31 30 75 74 61 91 36 74 42 0 74 82 89 39 53 23 69 95 92 35 64 31 65 29 42 76 37 96 15 83 21 89 40 68 61 67 91 93 93 13 77 25 18 86 98 27 31 74 89 40 50 14 35 39 25 13 63 10 30 46 57 30 44 93 28 73 15 27 77 17 81 11 56 27 27 42 73 49 59 35 80 64 32 91 11 19 56 68 19 35 26 69 42 39
74 66 21 75 16 66 95 55 29 78 24 45 69 40 78 75 93 72 82 48 85 67 80 98 85 12 85 35 38 35 12 80 33 72 25 17 81 93 99 13 87 46 53 18 35 20 11 78 45 56 19 77 61 88 20 74 0 99 29 97 47 82 99 99 19 44 73 18 84 41 50 50 52 67 33 50 78 24 64 64 46 23 68 90 11 54 68 81 15 34 53 34 83 88 16 60 53 82 92 42 25 52 78 97 14 80 91 96 34 84 98 27 39 92 78 74 64 87 64 97 57 63 24 76 71 71 18 65 15 60 57 82 40 49 54 72 79 90 19 93
82 34 22 18 74 44 97 78 96 44 78 85 64 40 62 42 64 10 29 91 76 68 50 61 22 64 96 61 29 55 56 82 22 56 20 10 77 41 77 66 98 99 23 20 66 33 10 36 50 56 68 76 49 18 33 82 99 0 24 94 14 33 14 56 20 75 87 83 80 37 54 65 99 94 86 19 31 80 79 62 58 59 30 49 34 59 29 91 84 73 72 93 28 18 93 45 64 10 11 25 86 65 73 41 23 40 76 70 86 86 69 22 85 18 68 79 33 45 49 36 69 45 78 45 80 50 72 90 62 60 52 72 87 62 57 44 30 54 85 95
15 95 18 28 82 44 98 27 81 22 26 86 43 98 60 68 47 15 21 65 22 92 26 27 97 31 35 50 78 74 40 71 72 82 48 41 65 42 60 61 40 49 19 46 33 70 59 48 42 21 79 21 75 25 31 89 29 24 0 64 10 94 51 91 70 92 16 65 82 98 92 46 35 41 86 92 45 87 24 73 13 61 99 72 55 22 94 87 57 63 53 44 50 34 88 82 45 66 97 48 47 64 60 95 27 93 50 68 71 81 65 59 54 91 32 51 18 48 71 75 94 81 60 92 72 45 16 80 99 80 87 50 76 18 85 24 53 73 16 62
92 18 27 42 23 82 10 86 66 97 24 94 77 86 90 45 30 13 23 61 98 43 66 21 43 89 97 43 13 54 43 58 73 25 27 19 87 48 61 31 66 50 67 22 64 62 15 25 63 40 18 18 23 79 18 39 97 94 64 0 22 71 23 67 60 69 71 31 74 86 51 23 35 55 74 97 53 24 68 21 94 29 76 72 81 94 10 63 25 45 49 92 65 16 16 11 24 15 89 59 14 53 40 55 57 11 76 53 18 78 83 10 30 82 14 58 38 63 27 83 28 38 37 36 41 15 78 82 89 69 11 69 94 38 84 77 26 60 78 74
31 42 69 59 63 61 74 79 20 80 12 65 82 93 49 39 85 16 65 27 88 62 31 86 21 86 84 56 62 81 63 64 21 35 96 47 58 49 62 85 40 46 38 51 57 22 65 21 46 99 62 49 18 52 54 53 47 14 10 22 0 60 25 29 70 89 96 39 42 49 60 76 68 57 19 35 36 57 16 49 73 47 38 31 19 81 60 32 86 88 35 75 59 83 14 21 13 87 23 31 29 37 41 12 75 43 31 56 55 13 84 78 87 18 24 13 74 91 11 21 26 49 82 53 99 17 91 50 81 68 84 28 21 76 32 83 45 36 55 72
22 75 54 74 50 84 65 73 57 15 46 96 10 73 83 98 82 60 93 58 53 83 10 52 68 49 49 38 73 85 79 32 46 41 63 56 25 56 74 33 58 48 59 22 66 26 89 78 34 31 77 34 23 75 85 23 82 33 94 71 60 0 81 81 97 22 40 56 65 56 85 42 46 55 35 21 19 76 31 20 97 60 89 34 75 63 33 36 36 41 66 94 51 71 53 13 25 99 18 45 37 86 75 16 53 58 74 10 33 51 80 66 21 38 10 58 27 77 62 36 54 81 61 77 95 15 86 54 26 43 43 25 34 30 42 13 90 33 78 47
71 98 62 21 88 53 48 57 95 21 62 18 78 95 29 41 32 82 54 17 78 41 68 12 28 36 55 80 90 54 48 65 47 72 82 75 50 86 17 87 88 35 92 77 56 55 37 68 69 10 17 61 49 78 35 69 99 14 51 23 25 81 0 42 73 31 44 17 93 83 88 68 75 31 70 62 56 11 49 82 65 15 29 80 71 73 61 35 53 66 99 51 31 82 52 69 93 31 93 68 32 72 22 16 66 51 82 53 28 16 58 39 73 91 19 88 73 41 15 27 14 86 19 49 15 62 75 32 67 71 76 16 98 84 16 30 45 23 93 83
74 85 97 13 45 89 78 58 22 66 72 16 55 19 27 47 10 30 15 40 53 11 38 93 92 49 74 24 74 61 83 78 79 50 59 76 96 57 92 58 14 81 70 99 54 92 64 49 69 83 61 20 73 11 63 95 99 56 91 67 29 81 42 0 45 41 96 44 79 57 82 81 88 80 91 37 98 90 67 48 94 82 20 73 90 62 97 31 17 82 66 63 18 38 65 17 52 64 72 15 77 57 64 79 27 94 44 41 60 98 40 58 98 84 52 56 46 99 73 88 24 66 53 79 87 70 86 15 88 45 11 66 28 56 81 80 24 61 92 66
56 48 21 93 67 88 85 93 91 90 74 83 60 64 64 78 22 33 92 82 77 90 89 28 41 46 19 52 96 71 14 87 67 53 26 93 53 48 15 95 13 16 76 75 44 57 47 48 23 42 17 74 28 13 20 92 19 20 70 60 70 97 73 45 0 60 28 25 55 60 43 60 95 30 50 90 89 41 40 69 94 37 48 30 19 36 60 11 35 19 51 28 77 99 11 52 30 64 77 71 57 19 14 11 93 79 12 50 93 87 95 82 62 50 44 17 79 92 50 60 39 11 31 30 96 35 32 82 54 84 62 82 86 72 48 56 54 94 96 36
90 64 21 25 57 41 43 99 80 23 75 82 48 45 54 49 70 12 78 12 74 97 15 56 15 17 25 42 70 36 89 14 56 85 95 91 96 45 58 47 57 70 43 20 13 15 16 47 23 71 91 73 86 94 86 35 44 75 92 69 89 22 31 41 60 0 22 32 82 68 96 18 61 46 15 71 32 21 36 65 70 87 80 41 76 93 76 80 35 51 23 97 17 71 11 17 30 22 93 79 79 42 40 68 45 74 35 15 90 82 44 22 61 13 64 93 24 87 85 61 36 12 25 78 45 79 65 78 11 35 97 98 43 70 28 53 47 55 28 52
66 76 31 81 47 45 49 17 23 85 11 75 63 63 22 98 93 38 46 27 24 87 65 35 21 71 30 71 20 10 63 79 75 10 13 40 63 16 75 93 92 88 48 45 72 86 96 85 86 78 75 84 80 68 42 64 73 87 16 71 96 40 44 96 28 22 0 26 29 36 29 60 35 14 51 66 94 21 87 69 24 94 36 65 55 74 79 64 69 14 46 60 55 77 67 60 48 72 26 99 84 20 25 78 61 70 11 55 98 63 95 32 92 18 57 73 47 55 99 16 19 63 55 62 96 46 38 97 53 58 51 68 38 16 60 90 67 13 83 59
36 92 25 74 65 12 24 61 67 89 75 57 45 94 19 30 70 80 47 47 69 14 51 92 81 24 89 87 64 59 54 18 31 90 87 28 41 74 26 17 97 17 78 16 77 40 56 49 56 44 99 41 45 75 31 31 18 83 65 31 39 56 17 44 25 32 26 0 86 93 24 30 35 34 37 36 28 72 15 66 16 35 73 28 69 52 47 16 82 43 53 61 26 49 31 80 25 15 63 25 59 61 52 87 64 57 24 72 69 10 66 20 21 41 37 87 36 24 77 41 56 68 33 99 13 42 26 68 17 12 42 75 83 58 88 79 71 93 97 58
12 23 76 27 84 86 91 61 15 22 16 63 90 30 77 91 97 25 47 34 96 93 36 16 85 38 18 70 15 72 87 43 89 74 69 96 71 63 55 76 92 92 97 57 43 95 44 69 67 49 40 39 69 83 70 65 84 80 82 74 42 65 93 79 55 82 29 86 0 92 82 70 73 79 88 26 99 18 74 13 41 45 48 23 73 11 38 15 12 58 48 55 20 24 27 45 26 20 39 14 19 80 50 59 14 44 90 20 79 33 95 98 35 39 31 35 99 13 11 52 61 28 24 52 48 36 55 39 96 89 35 23 71 22 87 24 10 91 49 36
69 40 10 46 41 41 18 48 65 26 51 23 89 45 63 86 73 28 15 67 36 37 41 60 21 87 42 76 27 37 81 23 53 82 94 27 65 14 28 70 80 52 76 49 74 94 56 74 69 48 17 91 16 83 31 29 41 37 98 86 49 56 83 57 60 68 36 93 92 0 46 68 24 61 28 62 13 28 24 57 26 74 79 20 73 20 95 52 89 28 88 97 91 72 99 33 36 14 77 53 43 88 75 44 10 61 62 34 34 69 78 25 84 99 76 99 58 57 27 40 38 20 89 17 69 90 10 95 30 13 98 23 41 67 29 32 19 23 30 84
73 90 36 89 87 81 42 45 76 63 42 20 27 19 18 49 87 64 80 59 99 48 76 67 24 52 77 47 84 31 24 36 76 71 69 17 22 31 83 37 40 45 22 98 67 63 75 29 89 13 16 79 44 37 84 42 50 54 92 51 60 85 88 82 43 96 29 24 82 46 0 89 87 42 36 96 73 96 12 42 60 12 84 32 86 43 13 69 76 99 83 85 68 78 29 36 70 86 50 75 29 35 74 77 85 32 18 20 63 78 92 76 66 42 36 15 14 47 84 83 55 54 14 78 47 20 53 96 94 57 15 99 61 55 90 55 76 19 61 13
49 35 90 30 61 98 51 72 52 91 79 70 54 52 65 82 46 47 73 68 44 92 97 56 60 42 23 50 63 76 94 21 34 35 48 36 31 45 93 53 19 22 82 16 10 38 73 59 10 28 37 38 47 29 47 76 50 65 46 23 76 42 68 81 60 18 60 30 70 68 89 0 78 64 55 21 83 97 60 87 96 19 70 88 82 47 49 39 32 94 87 14 89 84 82 27 96 45 91 10 80 82 72 27 24 26 29 18 70 40 76 90 50 92 87 79 90 21 82 65 82 85 84 65 75 56 50 40 99 28 84 20 69 36 77 11 28 47 24 50
43 77 33 55 62 23 63 50 85 45 28 41 13 11 92 60 51 63 68 26 39 56 47 35 52 48 19 54 86 72 68 99 81 41 70 34 77 64 22 42 61 79 96 74 39 50 16 16 38 14 17 81 49 51 11 37 52 99 35 35 68 46 75 88 95 61 35 35 73 24 87 78 0 46 86 24 97 57 73 77 21 23 21 25 19 89 84 56 68 13 15 41 26 97 60 24 66 54 10 10 93 28 98 43 57 29 22 92 52 67 35 88 30 79 45 77 98 48 98 42 70 12 80 48 18 11 79 23 24 54 45 25 11 88 36 50 32 36 27 89
88 75 39 95 31 59 49 56 94 42 84 12 59 64 23 15 85 17 41 97 81 58 66 71 51 30 98 73 64 71 54 89 86 76 81 29 78 61 93 33 20 25 69 32 78 59 35 66 50 94 79 80 34 34 58 96 67 94 41 55 57 55 31 80 30 46 14 34 79 61 42 64 46 0 93 96 10 93 63 42 14 19 92 48 50 22 43 34 89 57 60 33 44 65 79 51 56 87 80 62 86 97 90 80 80 84 57 53 76 70 26 17 53 66 29 61 47 96 73 12 20 61 63 36 42 57 72 75 42 42 89 66 60 70 31 21 66 53 30 16
79 16 19 18 88 80 44 87 34 59 79 20 27 89 96 67 63 28 32 75 67 77 47 87 88 40 40 16 60 85 40 95 81 54 84 34 17 23 83 98 73 83 98 51 83 28 44 40 30 43 53 58 30 86 77 15 33 86 86 74 19 35 70 91 50 15 51 37 88 28 36 55 86 93 0 72 71 15 75 58 94 95 60 95 68 61 18 94 25 28 85 27 26 22 80 85 42 18 49 99 29 72 44 99 98 55 25 82 44 16 24 98 86 84 57 53 64 48 37 74 33 39 36 37 38 46 34 34 17 28 59 12 16 35 22 30 56 99 28 98
78 10 30 68 98 98 71 35 74 35 45 45 40 73 35 94 30 20 90 95 25 13 27 84 81 10 23 40 91 84 22 61 47 15 10 10 69 24 33 65 17 27 72 15 39 65 19 56 79 81 42 71 48 88 92 83 50 19 92 97 35 21 62 37 90 71 66 36 26 62 96 21 24 96 72 0 42 63 22 47 79 93 26 74 98 26 95 31 57 38 91 54 53 59 20 64 70 35 30 52 62 25 25 79 98 14 55 79 33 13 24 48 32 38 17 29 49 89 51 41 71 35 25 80 86 77 59 72 95 85 86 61 25 30 77 27 72 68 90 46
97 54 80 35 76 24 89 91 70 28 34 54 81 89 47 68 52 79 90 70 99 19 59 28 25 47 47 92 72 77 62 70 60 52 46 92 41 93 95 44 74 62 71 35 49 49 30 97 64 63 99 89 30 61 38 21 78 31 45 53 36 19 56 98 89 32 94 28 99 13 73 83 97 10 71 42 0 75 27 59 76 87 33 70 59 73 99 27 76 42 54 43 87 30 58 87 17 97 79 89 70 36 29 23 35 43 48 74 52 77 80 18 41 35 74 77 23 79 36 18 25 36 83 49 75 57 73 69 27 29 17 15 74 21 92 46 29 65 29 97
24 54 86 43 71 36 12 54 16 25 89 61 38 81 51 83 65 77 38 43 32 33 39 48 60 85 31 42 94 61 32 91 14 26 75 83 52 94 59 40 46 10 86 70 78 37 15 94 72 79 60 20 65 33 84 89 24 80 87 24 57 76 11 90 41 21 21 72 18 28 96 97 57 93 15 63 75 0 42 91 10 11 98 57 49 76 96 62 24 36 46 80 99 70 23 11 80 81 80 50 22 88 98 69 10 86 45 32 20 20 10 18 37 92 50 59 69 50 26 57 82 31 15 82 18 53 55 85 76 95 27 43 39 59 88 69 87 64 37 35
28 15 50 96 22 83 67 32 32 23 87 87 44 19 75 84 53 75 39 41 59 26 32 64 60 89 95 44 10 69 59 51 42 73 19 88 41 89 48 55 63 53 75 39 98 48 98 82 11 75 98 41 66 78 89 40 64 79 24 68 16 31 49 67 40 36 87 15 74 24 12 60 73 63 75 22 27 42 0 95 35 81 50 66 26 67 26 75 34 31 27 94 47 56 40 69 85 28 38 39 62 68 19 42 41 54 32 41 83 10 36 23 84 98 60 72 49 15 52 97 48 26 10 52 25 13 27 55 27 76 83 81 40 40 17 20 44 87 48 77
72 72 35 46 62 78 87 30 98 40 84 86 83 95 50 66 50 57 31 33 37 18 62 14 42 78 83 49 95 62 35 72 47 82 18 45 58 24 29 42 94 13 87 54 47 49 51 36 24 94 66 14 98 88 51 68 64 62 73 21 49 20 82 48 69 65 69 66 13 57 42 87 77 42 58 47 59 91 95 0 91 13 56 39 66 62 60 36 92 67 40 70 88 23 27 82 55 77 97 64 31 29 45 89 79 14 59 74 98 74 83 48 17 66 14 11 48 54 63 33 71 65 80 28 42 56 76 60 23 20 35 88 60 99 22 84 41 79 71 90
84 30 34 62 20 74 79 34 57 73 37 57 45 53 76 41 83 13 94 71 13 72 21 96 54 69 66 39 17 93 52 74 19 36 52 11 69 16 82 58 54 76 26 70 87 99 35 53 57 52 89 21 88 57 87 61 46 58 13 94 73 97 65 94 94 70 24 16 41 26 60 96 21 14 94 79 76 10 35 91 0 90 88 73 56 39 65 15 37 47 62 19 33 55 30 26 67 78 76 34 38 75 25 62 28 15 44 98 77 96 21 33 52 35 32 36 60 64 29 83 18 51 68 67 14 14 95 62 71 54 11 58 12 20 88 49 54 50 58 16
10 60 74 27 51 86 41 72 96 29 81 43 64 19 14 58 20 36 95 38 32 59 25 32 83 15 23 48 18 33 19 75 81 86 19 45 38 52 33 45 22 40 93 32 96 21 25 91 52 77 25 95 86 10 33 67 23 59 61 29 47 60 15 82 37 87 94 35 45 74 12 19 23 19 95 93 87 11 81 13 90 0 53 11 38 49 72 85 44 75 65 34 42 41 71 41 93 27 38 56 69 59 67 92 25 81 20 31 34 56 19 78 26 76 72 29 29 34 52 78 16 11 28 25 32 11 92 95 92 39 29 20 76 65 21 68 61 85 44 99
27 40 32 45 75 91 18 16 46 57 12 46 96 85 64 58 80 95 79 43 68 84 53 71 30 61 62 18 85 64 89 67 70 99 55 34 31 82 84 39 83 85 94 78 53 47 30 91 48 36 69 22 11 32 51 91 68 30 99 76 38 89 29 20 48 80 36 73 48 79 84 70 21 92 60 26 33 98 50 56 88 53 0 48 18 20 14 87 77 73 88 11 47 65 90 35 69 89 64 28 48 36 57 35 36 39 32 81 21 25 85 91 82 14 44 61 68 76 15 73 24 30 47 91 54 52 89 47 73 66 93 73 62 38 56 30 20 61 51 52
94 20 98 85 58 85 75 76 20 43 42 57 14 99 13 43 81 40 74 63 17 24 83 82 76 45 41 51 97 62 50 67 58 20 43 55 93 58 48 82 53 35 38 78 29 30 35 95 64 37 95 47 23 22 13 93 90 49 72 72 31 34 80 73 30 41 65 28 23 20 32 88 25 48 95 74 70 57 66 39 73 11 48 0 34 52 89 66 60 32 58 35 20 52 14 23 55 72 45 53 41 73 47 78 76 90 86 57 21 53 89 15 45 48 59 86 51 88 23 73 15 56 47 89 76 55 97 21 94 36 57 54 35 27 20 17 93 19 83 16
74 23 27 52 60 36 54 12 62 60 95 93 14 99 81 20 20 98 12 46 45 41 31 66 88 23 54 37 22 43 10 54 37 13 25 58 56 43 55 81 39 15 66 89 31 29 93 66 29 10 62 28 58 60 75 93 11 34 55 81 19 75 71 90 19 76 55 69 73 73 86 82 19 50 68 98 59 49 26 66 56 38 18 34 0 41 70 72 94 20 75 86 88 63 70 90 87 80 44 46 65 71 96 63 74 33 15 41 33 58 60 57 12 75 45 79 56 10 85 16 43 18 81 40 80 62 92 92 43 57 31 48 99 75 64 31 71 59 30 24
58 42 21 96 36 47 54 27 11 57 16 24 74 31 98 88 33 29 26 62 12 79 37 93 45 59 46 24 81 72 58 76 10 66 86 25 75 35 57 28 73 71 86 98 91 60 47 10 33 26 28 49 84 53 70 13 54 59 22 94 81 63 73 62 36 93 74 52 11 20 43 47 89 22 61 26 73 76 67 62 39 49 20 52 41 0 69 44 62 55 38 29 74 46 20 34 84 89 14 58 62 44 36 96 47 32 31 81 74 13 89 17 72 33 63 60 46 70 53 71 44 57 32 19 42 90 50 83 19 33 66 30 50 99 20 81 25 38 43 51
78 44 89 28 78 70 74 45 23 44 50 63 99 67 89 93 58 56 33 52 69 82 80 55 95 65 52 46 63 29 27 34 21 15 21 50 55 73 31 55 64 97 80 89 52 56 23 52 54 34 81 57 32 98 87 77 68 29 94 10 60 33 61 97 60 76 79 47 38 95 13 49 84 43 18 95 99 96 26 60 65 72 14 89 70 69 0 30 28 29 78 83 17 67 63 44 12 99 12 23 83 72 94 17 40 40 43 25 57 53 33 35 72 99 41 45 16 31 42 82 50 10 65 81 54 34 33 74 52 95 47 11 32 60 64 89 99 18 36 29
25 36 42 14 48 30 35 62 55 30 91 20 79 75 68 38 69 23 43 70 54 83 51 37 37 54 48 74 39 14 60 75 84 18 90 83 67 72 63 19 87 86 75 18 91 51 49 47 12 83 39 51 33 44 17 25 81 91 87 63 32 36 35 31 11 80 64 16 15 52 69 39 56 34 94 31 27 62 75 36 15 85 87 66 72 44 30 0 80 16 17 95 33 99 98 48 70 48 18 94 22 92 42 28 44 90 87 91 82 97 86 57 54 78 14 66 91 60 88 97 17 14 59 43 48 31 12 49 48 58 74 24 65 87 78 58 60 65 42 52
64 18 34 48 45 61 56 14 26 34 19 16 39 72 49 99 91 97 55 71 17 96 69 38 73 29 31 73 22 41 15 46 95 51 64 80 44 43 23 18 49 82 28 85 18 32 28 49 54 22 10 36 67 82 93 18 15 84 57 25 86 36 53 17 35 35 69 82 12 89 76 32 68 89 25 57 76 24 34 92 37 44 77 60 94 62 28 80 0 76 80 37 65 43 56 64 58 13 39 16 72 76 81 88 19 88 63 47 30 15 23 35 89 35 96 35 32 58 15 57 16 72 11 87 72 23 84 42 32 88 88 80 40 71 69 34 68 18 81 56
37 38 91 14 93 52 90 12 86 34 28 15 82 27 28 62 38 11 59 10 15 97 60 55 26 87 44 77 35 63 32 13 65 45 54 50 52 87 13 31 65 91 39 27 52 56 27 13 41 60 13 16 82 83 23 86 34 73 63 45 88 41 66 82 19 51 14 43 58 28 99 94 13 57 28 38 42 36 31 67 47 75 73 32 20 55 29 16 76 0 28 91 23 52 30 52 55 17 54 91 99 27 46 20 27 44 90 79 46 96 17 28 89 35 76 59 78 60 63 41 50 43 82 79 31 20 21 59 90 89 37 96 20 81 18 16 81 51 20 23
11 35 18 65 57 84 21 29 94 58 87 89 60 17 63 85 67 94 84 71 78 79 24 49 11 31 19 74 66 40 42 88 31 10 81 14 68 51 26 28 94 16 84 38 29 74 75 86 23 92 62 52 69 32 90 98 53 72 53 49 35 66 99 66 51 23 46 53 48 88 83 87 15 60 85 91 54 46 27 40 62 65 88 58 75 38 78 17 80 28 0 28 64 96 42 12 99 50 44 35 13 29 62 33 65 86 60 45 61 42 23 82 39 72 59 29 80 39 53 94 21 11 39 86 35 79 98 50 13 88 82 48 38 57 31 93 16 62 85 15
21 17 29 81 21 12 20 19 37 36 87 39 55 23 97 72 58 12 71 94 29 76 12 56 52 84 81 27 97 55 64 13 84 36 33 97 43 95 26 40 35 97 32 36 89 12 97 61 44 10 78 15 52 51 72 27 34 93 44 92 75 94 51 63 28 97 60 61 55 97 85 14 41 33 27 54 43 80 94 70 19 34 11 35 86 29 83 95 37 91 28 0 60 38 53 88 56 11 22 48 48 16 49 47 16 18 97 83 76 54 86 59 47 35 43 64 32 58 15 46 94 16 35 21 27 81 76 62 61 52 62 32 99 96 63 60 12 98 63 44
99 35 87 84 90 85 46 92 35 33 84 99 13 57 20 47 47 56 97 69 19 37 35 99 44 34 84 49 76 28 12 91 85 12 37 21 80 61 28 79 76 79 35 68 12 93 62 89 39 50 23 19 70 71 97 31 83 28 50 65 59 51 31 18 77 17 55 26 20 91 68 89 26 44 26 53 87 99 47 88 33 42 47 20 88 74 17 33 65 23 64 60 0 38 62 93 71 33 46 81 84 64 72 17 73 80 69 15 93 39 65 94 87 94 57 52 75 23 76 25 91 53 11 29 90 74 28 54 39 31 92 96 94 89 41 96 65 24 18 29
22 72 28 30 86 89 30 48 83 48 83 53 23 80 38 15 47 94 76 35 80 95 35 84 49 11 84 11 26 96 48 74 40 57 39 94 58 73 69 74 52 31 93 24 10 15 57 96 11 50 37 90 52 12 98 74 88 18 34 16 83 71 82 38 99 71 77 49 24 72 78 84 97 65 22 59 30 70 56 23 55 41 65 52 63 46 67 99 43 52 96 38 38 0 11 78 22 53 34 86 50 54 46 57 38 29 74 86 72 86 40 92 46 24 36 46 51 83 41 72 36 50 40 75 66 15 52 10 17 26 19 52 47 96 25 76 48 52 30 68
93 64 51 58 51 93 15 26 76 95 78 17 95 77 91 66 48 19 21 28 58 25 12 30 33 27 43 64 65 43 45 84 26 23 31 61 54 67 84 84 86 81 42 62 49 22 54 54 77 93 59 24 78 64 15 89 16 93 88 16 14 53 52 65 11 11 67 31 27 99 29 82 60 79 80 20 58 23 40 27 30 71 90 14 70 20 63 98 56 30 42 53 62 11 0 29 54 43 54 10 13 69 98 58 55 54 77 11 92 36 23 54 78 93 53 99 82 32 53 44 41 20 93 10 79 72 77 28 75 35 85 25 48 80 20 85 34 29 78 51
90 80 89 76 91 42 65 21 35 76 81 98 48 35 20 48 86 88 49 78 96 44 33 83 30 30 73 31 74 71 40 21 63 94 17 45 88 54 48 63 57 31 74 81 25 17 72 64 55 93 24 70 25 56 43 40 60 45 82 11 21 13 69 17 52 17 60 80 45 33 36 27 24 51 85 64 87 11 69 82 26 41 35 23 90 34 44 48 64 52 12 88 93 78 29 0 84 10 15 82 39 46 66 35 30 40 81 66 89 24 70 17 63 42 99 19 79 53 61 20 96 56 18 33 14 59 62 55 58 88 47 23 51 68 85 12 95 56 46 80
94 95 33 88 69 17 23 33 29 46 52 33 44 88 11 50 61 25 54 31 23 92 11 72 17 58 42 74 25 91 36 66 64 64 27 31 64 11 29 39 21 12 21 69 14 62 97 47 54 49 96 95 28 22 34 50 53 64 45 24 13 25 93 52 30 30 48 25 26 36 70 96 66 56 42 70 17 80 85 55 67 93 69 55 87 84 12 70 58 55 99 56 71 22 54 84 0 69 50 54 88 66 55 53 71 19 21 39 96 68 72 31 36 26 14 14 64 52 26 10 17 76 99 58 26 80 27 67 66 95 14 22 88 49 88 68 37 14 96 99
47 97 70 52 44 10 73 95 98 92 13 32 30 77 98 22 48 61 93 93 38 26 90 77 74 95 85 19 85 41 25 32 60 83 56 87 65 49 50 14 45 60 86 70 93 18 13 23 32 11 24 24 36 17 97 14 82 10 66 15 87 99 31 64 64 22 72 15 20 14 86 45 54 87 18 35 97 81 28 77 78 27 89 72 80 89 99 48 13 17 50 11 33 53 43 10 69 0 14 11 27 62 14 19 92 86 70 86 19 12 99 68 70 39 63 18 72 32 63 55 99 67 24 85 40 48 99 74 52 10 79 95 74 26 69 19 84 96 80 76
37 29 89 27 36 80 77 17 64 83 59 62 99 39 53 94 35 77 41 75 23 69 37 52 46 82 24 35 81 13 74 46 33 77 99 23 90 65 79 73 96 38 65 87 12 23 65 47 87 86 16 36 72 19 37 35 92 11 97 89 23 18 93 72 77 93 26 63 39 77 50 91 10 80 49 30 79 80 38 97 76 38 64 45 44 14 12 18 39 54 44 22 46 34 54 15 50 14 0 45 46 42 17 28 99 38 46 30 60 51 92 60 14 95 47 36 94 16 97 45 47 95 70 17 92 64 23 45 41 63 39 29 53 84 22 89 66 54 59 70
87 31 22 14 79 58 33 57 37 33 57 92 69 34 69 15 29 43 81 38 56 20 74 42 51 94 16 72 35 92 41 27 37 97 29 43 84 45 19 82 58 68 50 65 91 91 64 29 48 55 24 10 16 60 29 39 42 25 48 59 31 45 68 15 71 79 99 25 14 53 75 10 10 62 99 52 89 50 39 64 34 56 28 53 46 58 23 94 16 91 35 48 81 86 10 82 54 11 45 0 83 11 35 91 86 37 69 16 74 71 23 88 89 57 47 93 74 72 80 47 40 71 28 62 58 60 66 97 41 79 69 20 46 66 15 74 97 56 94 59
58 93 97 38 85 65 24 58 39 55 73 24 30 21 61 95 46 46 95 68 83 62 46 19 90 83 51 79 36 84 10 72 17 40 94 89 45 56 66 10 75 22 64 74 31 89 70 33 72 17 50 24 15 84 46 25 25 86 47 14 29 37 32 77 57 79 84 59 19 43 29 80 93 86 29 62 70 22 62 31 38 69 48 41 65 62 83 22 72 99 13 48 84 50 13 39 88 27 46 83 0 92 48 88 69 54 29 13 86 47 93 52 59 50 81 85 96 27 49 92 24 75 38 86 87 93 13 90 79 82 25 52 18 33 96 17 81 59 70 98
99 99 70 43 15 44 21 39 64 20 97 57 80 46 48 98 43 96 25 53 54 67 94 16 22 51 97 39 69 91 44 98 60 28 81 53 94 69 98 17 80 28 67 45 82 42 21 76 74 71 48 10 49 80 60 13 52 65 64 53 37 86 72 57 19 42 20 61 80 88 35 82 28 97 72 25 36 88 68 29 75 59 36 73 71 44 72 92 76 27 29 16 64 54 69 46 66 62 42 11 92 0 34 75 33 63 19 31 69 76 99 56 69 60 53 11 70 59 82 60 30 63 95 98 99 81 66 74 84 29 42 17 85 69 24 19 94 67 17 65
18 85 46 46 51 91 90 56 77 86 15 41 38 71 57 13 76 69 92 36 85 39 66 54 88 58 47 51 15 55 50 26 46 39 27 92 57 60 27 97 34 95 94 50 45 78 47 99 40 13 48 97 85 94 40 63 78 73 60 40 41 75 22 64 14 40 25 52 50 75 74 72 98 90 44 25 29 98 19 45 25 67 57 47 96 36 94 42 81 46 62 49 72 46 98 66 55 14 17 35 48 34 0 98 25 32 97 27 21 54 94 72 17 14 33 40 99 98 90 94 37 34 90 45 47 53 10 62 27 77 83 21 25 73 61 16 94 82 52 75
64 11 43 46 79 40 79 82 16 83 19 46 64 27 24 31 99 68 59 64 55 63 20 42 19 67 94 10 55 91 44 11 74 78 34 36 81 65 72 41 25 55 40 64 43 86 17 13 20 96 96 74 47 14 23 10 97 41 95 55 12 16 16 79 11 68 78 87 59 44 77 27 43 80 99 79 23 69 42 89 62 92 35 78 63 96 17 28 88 20 33 47 17 57 58 35 53 19 28 91 88 75 98 0 81 38 77 92 93 14 26 10 15 64 59 82 30 87 52 11 12 46 43 80 76 15 83 76 90 39 59 80 37 64 70 22 45 51 41 64
76 16 48 93 80 50 11 58 75 43 69 55 54 23 30 74 38 45 70 23 19 63 62 89 90 16 97 70 46 73 41 17 65 47 79 99 28 20 18 21 72 14 91 84 62 22 37 35 59 47 44 21 55 67 12 30 14 23 27 57 75 53 66 27 93 45 61 64 14 10 85 24 57 80 98 98 35 10 41 79 28 25 36 76 74 47 40 44 19 27 65 16 73 38 55 30 71 92 99 86 69 33 25 81 0 71 72 98 51 95 71 14 19 59 30 42 73 63 90 71 75 99 10 71 89 72 58 78 99 67 84 60 25 89 38 57 67 97 94 66
69 76 79 97 69 52 42 37 51 21 20 19 36 91 21 30 39 63 19 28 90 97 27 53 74 71 24 23 55 92 84 63 66 29 71 64 29 74 73 88 91 30 97 25 96 53 50 97 83 60 13 50 61 80 77 46 80 40 93 11 43 58 51 94 79 74 70 57 44 61 32 26 29 84 55 14 43 86 54 14 15 81 39 90 33 32 40 90 88 44 86 18 80 29 54 40 19 86 38 37 54 63 32 38 71 0 98 84 14 56 17 66 88 24 57 64 12 98 22 42 75 23 43 66 34 99 22 13 57 70 46 66 32 68 55 19 96 85 74 33
42 32 71 13 81 24 31 45 40 59 96 27 58 30 38 18 62 97 57 98 54 83 45 82 84 34 36 87 42 59 38 26 99 17 35 17 65 12 51 10 23 90 11 60 53 59 58 47 73 52 94 68 65 17 99 57 91 76 50 76 31 74 82 44 12 35 11 24 90 62 18 29 22 57 25 55 48 45 32 59 44 20 32 86 15 31 43 87 63 90 60 97 69 74 77 81 21 70 46 69 29 19 97 77 72 98 0 47 94 83 83 55 26 47 15 34 92 70 48 72 46 33 16 62 88 49 88 83 19 80 24 71 91 83 10 30 28 95 68 64
54 82 73 15 50 92 96 80 19 21 90 40 62 48 92 48 81 78 91 73 79 72 71 39 91 67 84 93 35 39 62 54 73 16 40 43 16 98 37 29 56 83 88 36 65 91 94 60 29 41 94 46 85 94 37 30 96 70 68 53 56 10 53 41 50 15 55 72 20 34 20 18 92 53 82 79 74 32 41 74 98 31 81 57 41 81 25 91 47 79 45 83 15 86 11 66 39 86 30 16 13 31 27 92 98 84 47 0 88 87 46 66 94 53 13 44 79 91 16 12 37 30 77 50 88 23 46 27 16 30 88 22 15 11 97 77 74 68 81 81
25 68 84 48 69 24 86 99 37 20 53 90 24 45 18 27 42 54 33 54 65 32 43 51 30 79 63 72 34 92 41 24 94 14 93 69 73 12 75 32 76 67 31 82 77 26 65 68 38 55 86 13 41 26 71 44 34 86 71 18 55 33 28 60 93 90 98 69 79 34 63 70 52 76 44 33 52 20 83 98 77 34 21 21 33 74 57 82 30 46 61 76 93 72 92 89 96 19 60 74 86 69 21 93 51 14 94 88 0 78 62 92 80 43 76 37 25 22 62 73 30 80 88 83 63 91 86 23 26 97 23 92 75 51 65 87 19 89 63 48
13 72 47 46 91 58 96 25 21 15 47 51 58 55 67 73 25 67 61 78 60 52 46 69 84 73 36 46 67 71 80 50 88 55 30 49 45 26 25 81 53 77 14 83 45 45 79 64 47 42 23 46 58 68 11 93 84 86 81 78 13 51 16 98 87 82 63 10 33 69 78 40 67 70 16 13 77 20 10 74 96 56 25 53 58 13 53 97 15 96 42 54 39 86 36 24 68 12 51 71 47 76 54 14 95 56 83 87 78 0 18 39 85 58 52 56 38 89 50 60 77 97 21 52 73 68 55 28 74 71 50 81 12 38 48 79 67 94 59 88
96 36 24 86 54 58 82 15 51 58 51 30 68 26 40 96 51 71 50 78 64 64 99 48 83 76 25 62 45 94 62 64 13 49 26 41 12 53 87 63 18 69 83 47 79 26 13 37 11 48 24 64 68 91 27 28 98 69 65 83 84 80 58 40 95 44 95 66 95 78 92 76 35 26 24 24 80 10 36 83 21 19 85 89 60 89 33 86 23 17 23 86 65 40 23 70 72 99 92 23 93 99 94 26 71 17 83 46 62 18 0 26 71 10 95 95 82 98 45 25 21 10 67 67 27 60 94 19 45 57 95 51 37 61 95 95 21 10 24 79
13 58 27 78 56 68 77 86 20 89 16 80 72 76 62 44 35 20 29 99 12 41 30 52 25 56 27 53 27 58 66 37 54 67 72 33 45 17 91 11 51 31 34 46 16 51 85 51 71 70 37 18 52 94 21 73 27 22 59 10 78 66 39 58 82 22 32 20 98 25 76 90 88 17 98 48 18 18 23 48 33 78 91 15 57 17 35 57 35 28 82 59 94 92 54 17 31 68 60 88 52 56 72 10 14 66 55 66 92 39 26 0 16 24 19 53 59 25 14 45 18 13 93 33 28 77 74 28 86 31 34 25 43 34 40 66 53 25 23 78
76 68 15 64 87 41 84 51 80 84 35 58 80 58 74 81 36 63 38 44 64 84 65 71 42 43 62 65 45 69 70 81 70 42 58 25 50 37 73 23 13 36 89 82 39 50 48 55 60 34 59 75 38 62 80 15 39 85 54 30 87 21 73 98 62 61 92 21 35 84 66 50 30 53 86 32 41 37 84 17 52 26 82 45 12 72 72 54 89 89 39 47 87 46 78 63 36 70 14 89 59 69 17 15 19 88 26 94 80 85 71 16 0 27 83 40 88 84 56 56 66 38 38 99 37 44 33 74 98 67 89 43 48 17 98 61 43 53 69 34
40 33 98 27 12 11 10 36 97 38 84 63 37 63 14 14 27 43 78 12 92 44 96 64 80 79 36 24 31 93 62 66 37 87 35 92 83 64 46 67 77 24 47 16 57 97 94 28 23 14 15 85 96 79 23 27 92 18 91 82 18 38 91 84 50 13 18 41 39 99 42 92 79 66 84 38 35 92 98 66 35 76 14 48 75 33 99 78 35 35 72 35 94 24 93 42 26 39 95 57 50 60 14 64 59 24 47 53 43 58 10 24 27 0 20 30 29 77 40 92 18 46 88 96 43 96 75 43 35 24 54 53 32 99 62 35 54 19 49 11
97 52 87 92 94 93 45 34 78 15 96 43 51 27 20 86 23 43 83 57 57 34 83 72 57 89 41 97 43 66 42 10 12 13 54 21 13 64 53 78 45 51 91 13 33 97 22 18 79 73 63 11 38 79 48 77 78 68 32 14 24 10 19 52 44 64 57 37 31 76 36 87 45 29 57 17 74 50 60 14 32 72 44 59 45 63 41 14 96 76 59 43 57 36 53 99 14 63 47 47 81 53 33 59 30 57 15 13 76 52 95 19 83 20 0 99 85 55 86 72 67 41 76 82 55 66 12 54 69 14 37 88 12 51 64 37 81 62 32 90
17 47 41 90 39 38 93 33 60 78 71 46 62 70 48 32 44 33 39 93 61 66 16 70 58 41 11 76 83 79 15 20 93 46 45 55 35 31 56 64 81 18 61 61 20 24 99 84 83 46 95 82 39 11 95 17 74 79 51 58 13 58 88 56 17 93 73 87 35 99 15 79 77 61 53 29 77 59 72 11 36 29 61 86 79 60 45 66 35 59 29 64 52 46 99 19 14 18 36 93 85 11 40 82 42 64 34 44 37 56 95 53 40 30 99 0 41 53 76 87 53 37 53 34 89 79 64 59 65 74 69 85 13 92 96 91 31 48 62 39
10 88 80 92 30 34 80 87 25 45 81 30 77 26 75 18 53 55 71 40 28 73 97 88 90 41 99 15 12 99 48 18 82 63 62 60 60 59 94 48 86 58 57 91 92 92 46 59 58 59 33 90 47 48 85 81 64 33 18 38 74 27 73 46 79 24 47 36 99 58 14 90 98 47 64 49 23 69 49 48 60 29 68 51 56 46 16 91 32 78 80 32 75 51 82 79 64 72 94 74 96 70 99 30 73 12 92 79 25 38 82 59 88 29 85 41 0 83 83 69 86 78 33 59 83 34 19 96 19 81 46 78 75 84 63 92 47 28 43 87
86 82 93 85 65 24 85 65 29 18 41 72 28 82 62 80 97 62 72 48 23 89 83 67 26 57 65 45 17 53 30 52 14 56 79 37 59 51 53 66 11 97 27 71 57 80 67 17 82 54 99 45 93 46 22 11 87 45 48 63 91 77 41 99 92 87 55 24 13 57 47 21 48 96 48 89 79 50 15 54 64 34 76 88 10 70 31 60 58 60 39 58 23 83 32 53 52 32 16 72 27 59 98 87 63 98 70 91 22 89 98 25 84 77 55 53 83 0 84 81 22 26 47 35 18 88 54 96 35 32 56 96 23 58 68 88 19 21 85 93
46 24 99 64 86 28 54 34 37 57 92 58 79 87 48 45 30 90 86 84 84 90 95 28 46 96 57 31 19 86 39 38 80 71 78 85 42 60 85 53 83 31 19 15 55 17 60 18 64 62 56 24 87 77 69 56 64 49 71 27 11 62 15 73 50 85 99 77 11 27 84 82 98 73 37 51 36 26 52 63 29 52 15 23 85 53 42 88 15 63 53 15 76 41 53 61 26 63 97 80 49 82 90 52 90 22 48 16 62 50 45 14 56 40 86 76 83 84 0 60 55 43 54 43 68 14 23 26 66 24 85 38 74 58 43 68 57 48 33 62
68 98 93 97 54 99 62 56 67 41 67 78 84 62 81 47 25 47 81 50 53 37 66 61 31 28 27 27 58 45 27 40 93 52 49 63 47 68 29 93 62 89 73 96 81 48 44 16 57 19 69 34 69 46 87 27 97 36 75 83 21 36 27 88 60 61 16 41 52 40 83 65 42 12 74 41 18 57 97 33 83 78 73 73 16 71 82 97 57 41 94 46 25 72 44 20 10 55 45 47 92 60 94 11 71 42 72 12 73 60 25 45 56 92 72 87 69 81 60 0 67 74 43 21 20 90 86 77 62 36 52 83 76 24 63 94 51 61 10 59
54 82 50 86 99 46 52 72 62 69 91 29 42 26 82 12 94 33 12 10 36 60 86 60 17 99 76 40 74 28 78 45 70 73 69 12 86 11 45 83 85 14 79 98 92 21 66 48 53 22 70 70 62 49 26 27 57 69 94 28 26 54 14 24 39 36 19 56 61 38 55 82 70 20 33 71 25 82 48 71 18 16 24 15 43 44 50 17 16 50 21 94 91 36 41 96 17 99 47 40 24 30 37 12 75 75 46 37 30 77 21 18 66 18 67 53 86 22 55 67 0 18 39 42 80 29 85 67 73 27 93 17 76 91 28 65 85 37 15 91
78 66 45 99 64 26 12 54 28 33 48 24 25 95 83 28 20 56 40 72 48 28 40 15 46 64 96 25 47 38 41 40 27 91 90 12 51 31 40 22 37 36 66 58 86 46 75 40 62 49 89 80 78 33 90 42 63 45 81 38 49 81 86 66 11 12 63 68 28 20 54 85 12 61 39 35 36 31 26 65 51 11 30 56 18 57 10 14 72 43 11 16 53 50 20 56 76 67 95 71 75 63 34 46 99 23 33 30 80 97 10 13 38 46 41 37 78 26 43 74 18 0 40 10 66 16 71 27 27 59 18 37 28 58 72 56 59 43 12 45
61 90 25 63 93 85 84 74 80 26 98 70 83 79 29 51 78 89 19 65 63 51 46 42 29 46 81 46 56 23 23 42 35 27 87 69 59 15 23 57 34 10 19 68 80 43 61 63 76 28 28 93 10 86 12 73 24 78 60 37 82 61 19 53 31 25 55 33 24 89 14 84 80 63 36 25 83 15 10 80 68 28 47 47 81 32 65 59 11 82 39 35 11 40 93 18 99 24 70 28 38 95 90 43 10 43 16 77 88 21 67 93 38 88 76 53 33 47 54 43 39 40 0 29 55 84 66 14 95 87 24 30 51 60 40 56 53 26 57 74
19 34 98 21 23 67 21 89 46 70 66 49 15 53 19 42 10 90 91 61 51 39 76 12 50 23 53 14 19 15 19 71 83 23 80 29 33 72 14 63 94 89 35 36 45 15 83 84 14 83 83 66 99 59 89 49 76 45 92 36 53 77 49 79 30 78 62 99 52 17 78 65 48 36 37 80 49 82 52 28 67 25 91 89 40 19 81 43 87 79 86 21 29 75 10 33 58 85 17 62 86 98 45 80 71 66 62 50 83 52 67 33 99 96 82 34 59 35 43 21 42 10 29 0 88 73 23 94 23 43 51 98 15 48 40 58 24 56 73 98
77 97 42 50 13 65 55 67 57 82 27 60 86 99 92 25 76 99 88 44 73 96 46 88 92 44 97 33 27 67 49 70 14 63 11 40 60 52 95 71 14 94 47 49 17 95 95 46 39 58 14 33 36 35 93 59 71 80 72 41 99 95 15 87 96 45 96 13 48 69 47 75 18 42 38 86 75 18 25 42 14 32 54 76 80 42 54 48 72 31 35 27 90 66 79 14 26 40 92 58 87 99 47 76 89 34 88 88 63 73 27 28 37 43 55 89 83 18 68 20 80 66 55 88 0 88 54 87 38 64 19 60 43 26 28 63 76 19 36 75
92 70 53 74 96 99 68 36 52 71 59 16 35 79 38 17 38 97 15 25 51 13 49 16 17 73 60 11 73 86 34 33 69 28 28 93 60 78 91 66 63 46 17 11 18 49 77 90 23 43 82 53 17 36 15 35 71 50 45 15 17 15 62 70 35 79 46 42 36 90 20 56 11 57 46 77 57 53 13 56 14 11 52 55 62 90 34 31 23 20 79 81 74 15 72 59 80 48 64 60 93 81 53 15 72 99 49 23 91 68 60 77 44 96 66 79 34 88 14 90 29 16 84 73 88 0 94 78 39 68 32 60 83 51 78 39 19 84 98 23
58 44 91 46 67 39 14 87 39 82 39 33 75 33 85 53 33 18 11 16 28 40 58 95 12 24 30 99 30 12 85 65 13 59 63 73 41 38 26 79 75 53 81 55 96 74 51 31 91 55 24 40 33 83 75 80 18 72 16 78 91 86 75 86 32 65 38 26 55 10 53 50 79 72 34 59 73 55 27 76 95 92 89 97 92 50 33 12 84 21 98 76 28 52 77 62 27 99 23 66 13 66 10 83 58 22 88 46 86 55 94 74 33 75 12 64 19 54 23 86 85 71 66 23 54 94 0 39 89 71 20 86 73 82 67 90 52 57 45 20
31 13 91 74 31 61 65 67 21 73 41 35 45 51 55 58 19 82 58 52 40 65 27 14 49 34 95 86 61 62 34 56 95 87 35 96 16 92 26 49 92 10 17 60 35 32 75 37 73 52 58 33 22 12 66 64 65 90 80 82 50 54 32 15 82 78 97 68 39 95 96 40 23 75 34 72 69 85 55 60 62 95 47 21 92 83 74 49 42 59 50 62 54 10 28 55 67 74 45 97 90 74 62 76 78 13 83 27 23 28 19 28 74 43 54 59 96 96 26 77 67 27 14 94 87 78 39 0 78 72 37 12 18 90 76 37 54 38 42 48
36 18 94 13 80 31 85 39 16 66 51 40 88 33 15 27 81 14 53 95 42 98 97 90 32 84 90 36 77 67 67 43 49 61 30 20 44 49 20 20 14 91 69 71 44 95 84 79 16 48 25 92 47 62 84 32 15 62 99 89 81 26 67 88 54 11 53 17 96 30 94 99 24 42 17 95 27 76 27 23 71 92 73 94 43 19 52 48 32 90 13 61 39 17 75 58 66 52 41 41 79 84 27 90 99 57 19 16 26 74 45 86 98 35 69 65 19 35 66 62 73 27 95 23 38 39 89 78 0 44 57 38 73 28 23 50 10 53 97 20
61 59 88 22 29 26 93 67 53 92 98 99 14 89 74 73 23 83 31 50 35 71 15 15 49 69 86 30 23 54 64 83 16 93 78 96 77 55 69 98 33 39 59 40 61 69 37 46 19 44 37 62 91 30 36 91 60 60 80 69 68 43 71 45 84 35 58 12 89 13 57 28 54 42 28 85 29 95 76 20 54 39 66 36 57 33 95 58 88 89 88 52 31 26 35 88 95 10 63 79 82 29 77 39 67 70 80 30 97 71 57 31 67 24 14 74 81 32 24 36 27 59 87 43 64 68 71 72 44 0 15 87 37 26 49 65 83 15 98 32
87 71 23 91 56 10 29 98 40 28 92 87 94 81 91 33 28 31 71 54 38 19 92 79 98 57 79 19 95 67 14 24 98 80 42 18 37 83 85 27 53 89 24 51 62 42 76 18 89 84 36 82 52 70 16 11 57 52 87 11 84 43 76 11 62 97 51 42 35 98 15 84 45 89 59 86 17 27 83 35 11 29 93 57 31 66 47 74 88 37 82 62 92 19 85 47 14 79 39 69 25 42 83 59 84 46 24 88 23 50 95 34 89 54 37 69 46 56 85 52 93 18 24 51 19 32 20 37 57 15 0 82 75 29 64 97 49 55 23 80
74 80 17 45 91 63 19 26 61 38 83 80 67 98 81 93 81 67 45 95 80 81 47 66 22 70 21 76 31 76 58 58 25 50 37 56 91 88 72 71 20 50 12 50 70 40 79 95 13 19 84 27 21 57 56 19 82 72 50 69 28 25 16 66 82 98 68 75 23 23 99 20 25 66 12 61 15 43 81 88 58 20 73 54 48 30 11 24 80 96 48 32 96 52 25 23 22 95 29 20 52 17 21 80 60 66 71 22 92 81 51 25 43 53 88 85 78 96 38 83 17 37 30 98 60 60 86 12 38 87 82 0 21 19 88 72 17 70 55 98
26 49 60 87 81 45 23 34 91 28 34 25 72 67 98 43 44 11 78 43 73 14 97 43 10 58 20 89 63 25 69 71 25 59 28 52 39 65 54 77 85 83 41 52 62 46 22 72 44 54 18 96 38 43 53 56 40 87 76 94 21 34 98 28 86 43 38 83 71 41 61 69 11 60 16 25 74 39 40 60 12 76 62 35 99 50 32 65 40 20 38 99 94 47 48 51 88 74 53 46 18 85 25 37 25 32 91 15 75 12 37 43 48 32 12 13 75 23 74 76 76 28 51 15 43 83 73 18 73 37 75 21 0 61 49 68 90 56 77 68
37 65 10 73 82 53 39 34 84 79 68 81 61 68 63 70 33 42 44 86 16 99 11 54 48 54 72 66 38 70 33 77 55 67 45 45 48 11 63 63 73 67 21 66 15 40 77 93 33 88 91 14 34 88 29 68 49 62 18 38 76 30 84 56 72 70 16 58 22 67 55 36 88 70 35 30 21 59 40 99 20 65 38 27 75 99 60 87 71 81 57 96 89 96 80 68 49 26 84 66 33 69 73 64 89 68 83 11 51 38 61 34 17 99 51 92 84 58 58 24 91 58 60 48 26 51 82 90 28 26 29 19 61 0 59 84 15 10 77 88
95 85 35 16 25 45 64 85 70 70 49 51 79 49 58 72 36 21 46 43 69 78 90 34 89 88 23 91 49 62 55 54 62 89 11 52 62 83 89 31 89 65 20 29 60 34 36 61 11 50 81 72 33 53 77 19 54 57 85 84 32 42 16 81 48 28 60 88 87 29 90 77 36 31 22 77 92 88 17 22 88 21 56 20 64 20 64 78 69 18 31 63 41 25 20 85 88 69 22 15 96 24 61 70 38 55 10 97 65 48 95 40 98 62 64 96 63 68 43 63 28 72 40 40 28 78 67 76 23 49 64 88 49 59 0 14 30 26 70 56
32 23 83 28 72 36 52 79 10 32 78 36 86 46 64 99 37 79 17 29 31 69 52 90 78 16 75 51 46 94 50 54 77 80 32 29 29 32 93 24 28 48 41 19 60 12 68 19 22 19 23 59 33 73 92 35 72 44 24 77 83 13 30 80 56 53 90 79 24 32 55 11 50 21 30 27 46 69 20 84 49 68 30 17 31 81 89 58 34 16 93 60 96 76 85 12 68 19 89 74 17 19 16 22 57 19 30 77 87 79 95 66 61 35 37 91 92 88 68 94 65 56 56 58 63 39 90 37 50 65 97 72 68 84 14 0 50 10 63 90
61 23 43 16 63 90 16 33 42 40 46 75 11 36 96 16 52 26 76 53 45 97 88 17 18 74 92 53 64 79 27 66 17 63 21 42 53 45 94 15 46 53 90 85 16 51 86 90 22 45 13 48 52 55 33 26 79 30 53 26 45 90 45 24 54 47 67 71 10 19 76 28 32 66 56 72 29 87 44 41 54 61 20 93 71 25 99 60 68 81 16 12 65 48 34 95 37 84 66 97 81 94 94 45 67 96 28 74 19 67 21 53 43 54 81 31 47 19 57 51 85 59 53 24 76 19 52 54 10 83 49 17 90 15 30 50 0 15 75 72
88 13 17 53 94 13 80 88 70 75 99 36 64 69 72 79 72 71 92 77 59 52 39 72 88 85 63 85 78 40 26 53 87 85 91 81 99 52 50 22 53 40 20 48 60 65 53 24 84 27 75 58 51 58 74 69 90 54 73 60 36 33 23 61 94 55 13 93 91 23 19 47 36 53 99 68 65 64 87 79 50 85 61 19 59 38 18 65 18 51 62 98 24 52 29 56 14 96 54 56 59 67 82 51 97 85 95 68 89 94 10 25 53 19 62 48 28 21 48 61 37 43 26 56 19 84 57 38 53 15 55 70 56 10 26 10 15 0 79 13
23 10 26 48 86 72 34 83 40 45 80 24 69 27 71 62 86 28 91 21 69 14 58 27 28 41 27 68 88 41 33 82 14 44 76 74 30 18 25 79 25 36 53 99 38 67 87 99 59 25 94 55 97 91 13 42 19 85 16 78 55 78 93 92 96 28 83 97 49 30 61 24 27 30 28 90 29 37 48 71 58 44 51 83 30 43 36 42 81 20 85 63 18 30 78 46 96 80 59 94 70 17 52 41 94 74 68 81 63 59 24 23 69 49 32 62 43 85 33 10 15 12 57 73 36 98 45 42 97 98 23 55 77 77 70 63 75 79 0 82
26 27 87 79 27 51 84 18 66 17 99 50 99 38 19 69 79 51 21 63 64 48 46 18 71 25 79 85 19 52 61 42 14 68 22 78 48 45 99 77 15 93 59 66 85 85 48 95 84 13 48 40 10 20 28 39 93 95 62 74 72 47 83 66 36 52 59 58 36 84 13 50 89 16 98 46 97 35 77 90 16 99 52 16 24 51 29 52 56 23 15 44 29 68 51 80 99 76 70 59 98 65 75 64 66 33 64 81 48 88 79 78 34 11 90 39 87 93 62 59 91 45 74 98 75 23 20 48 20 32 80 98 68 88 56 90 72 13 82 0