95
0 97 29 31 41 19 74 89 55 55 52 42 15 69 68 70 77 11 36 84 34 91 61 38 59 64 88 58 45 12 94 38 82 67 13 91 35 16 38 41 82 31 46 88 43 84 89 65 94 66 41 44 31 93 26 73 85 72 66 34 43 41 35 19 29 51 18 44 76 21 40 70 82 67 43 95 52 56 75 90 18 24 20 19 98 63 66 62 43 25 59 47 95 73 72
97 0 87 47 65 61 65 99 74 30 81 61 78 84 44 76 64 45 61 91 32 11 99 65 72 19 90 41 21 19 97 69 43 79 77 21 47 65 22 56 85 51 30 47 77 93 45 60 86 10 88 93 16 83 70 94 70 43 30 48 49 58 23 58 35 48 13 55 96 85 83 57 59 73 19 67 30 47 84 36 78 33 99 51 55 13 37 27 49 23 72 96 30 87 83
29 87 0 46 97 86 52 43 33 96 73 84 58 79 51 60 13 41 30 94 32 95 36 34 70 74 96 25 35 53 74 82 41 17 35 79 89 33 53 17 67 51 93 61 13 69 77 98 77 52 63 45 25 69 78 38 33 68 81 59 97 27 80 31 75 91 77 48 89 70 88 53 31 66 59 69 79 15 71 33 79 29 43 10 40 14 50 61 83 97 54 13 94 45 12
31 47 46 0 51 89 23 76 18 25 19 13 52 22 38 70 88 94 92 69 35 81 41 24 80 68 78 95 25 20 30 66 22 55 66 35 71 55 28 92 15 45 63 78 84 86 93 57 10 40 33 41 26 10 91 41 20 64 54 49 39 39 77 62 12 51 27 82 71 64 67 14 86 16 74 88 79 63 36 80 70 49 83 40 26 89 46 24 98 17 35 83 87 48 32
41 65 97 51 0 94 51 24 70 59 33 62 53 67 96 91 26 99 66 27 26 39 82 44 62 66 50 79 74 72 37 78 97 80 74 53 33 41 38 72 60 50 11 44 27 10 37 72 39 26 53 11 49 22 97 36 53 13 84 64 93 97 99 54 47 27 91 31 86 27 16 32 76 11 14 73 56 20 20 74 34 80 16 15 91 82 32 54 84 49 85 10 29 35 24
19 61 86 89 94 0 89 34 63 46 37 42 58 56 83 71 23 73 83 31 75 30 84 34 66 90 38 38 64 27 26 57 17 82 76 49 81 25 46 46 11 49 45 59 87 18 79 99 14 93 37 92 57 16 99 35 25 36 49 58 96 69 86 62 36 19 45 84 79 95 18 85 67 11 31 33 78 40 38 34 56 88 30 22 66 60 55 95 67 50 62 16 81 44 22
74 65 52 23 51 89 0 20 87 99 57 60 87 48 80 62 44 91 21 28 30 29 30 91 63 25 20 12 86 23 24 97 99 79 37 62 30 87 17 94 31 79 41 58 30 24 16 84 91 35 67 69 37 94 20 13 65 27 16 57 54 39 40 62 68 55 35 51 70 13 17 65 91 55 77 70 72 33 97 65 93 53 37 71 68 80 32 33 50 59 46 19 87 25 44
89 99 43 76 24 34 20 0 92 92 95 78 38 98 41 23 85 82 84 80 48 53 65 98 50 96 57 23 50 24 12 51 37 88 74 66 98 12 70 51 76 23 80 31 59 67 27 31 72 74 37 31 44 44 90 21 58 96 77 63 91 93 40 70 70 43 71 23 73 43 63 50 32 30 50 65 22 63 27 61 22 60 46 52 45 11 49 15 66 39 78 14 90 87 52
55 74 33 18 70 63 87 92 0 72 50 16 69 55 30 66 70 27 80 61 53 86 33 88 19 40 60 26 55 24 24 71 12 80 40 65 99 40 85 73 90 70 59 22 39 98 82 13 98 48 80 60 47 95 81 12 92 60 10 71 79 44 45 68 47 23 55 92 87 84 68 23 50 98 15 30 20 12 76 89 98 87 38 79 44 95 60 93 64 33 71 79 52 88 98
55 30 96 25 59 46 99 92 72 0 70 56 97 42 47 92 61 64 31 47 24 52 70 91 12 38 38 86 36 32 84 55 39 42 19 14 70 36 46 49 76 91 34 69 76 97 73 80 54 83 28 83 61 53 76 95 44 78 39 16 42 52 40 49 91 76 22 90 72 64 53 22 90 49 20 75 29 62 12 26 53 33 20 69 84 80 85 35 25 15 62 90 42 94 11
52 81 73 19 33 37 57 95 50 70 0 60 51 50 60 43 15 87 24 11 88 68 70 33 38 97 93 66 76 48 65 40 18 50 26 39 82 86 58 51 60 79 91 27 12 33 97 58 61 53 95 20 47 12 84 59 69 89 86 72 46 25 11 31 26 25 31 74 65 63 33 26 99 10 39 24 73 13 40 86 22 27 61 89 19 71 90 28 74 58 13 35 64 93 98
42 61 84 13 62 42 60 78 16 56 60 0 19 95 80 16 40 51 74 77 82 76 40 45 51 25 70 70 45 61 39 18 58 41 12 65 91 24 61 71 54 71 20 38 39 39 70 87 99 79 57 82 30 29 26 88 86 59 23 31 77 99 25 31 13 65 53 47 81 46 90 33 35 55 98 10 29 53 75 33 97 45 52 65 32 59 47 60 27 94 52 92 50 42 27
15 78 58 52 53 58 87 38 69 97 51 19 0 84 82 19 92 84 31 99 47 70 64 90 29 88 48 99 32 87 54 12 15 39 83 36 70 95 43 44 85 30 50 81 28 59 88 26 14 56 35 69 45 91 59 82 93 71 28 18 23 88 86 44 83 62 86 77 24 68 97 28 26 56 96 79 88 97 41 30 81 65 33 42 99 20 52 91 59 54 57 42 43 65 19
69 84 79 22 67 56 48 98 55 42 50 95 84 0 77 17 51 12 16 91 45 41 72 57 58 39 59 22 50 44 28 87 41 44 23 94 30 28 42 60 50 85 81 15 35 89 66 32 24 89 44 40 85 41 94 85 78 13 22 35 54 33 73 56 84 40 29 37 60 79 47 57 42 63 31 20 98 57 98 49 74 36 31 57 73 93 20 19 93 59 95 44 95 82 77
68 44 51 38 96 83 80 41 30 47 60 80 82 77 0 76 43 17 61 84 72 70 92 22 14 61 84 43 30 94 96 77 23 99 65 16 21 90 56 83 85 16 78 55 37 81 34 41 76 12 46 85 29 85 56 27 15 58 65 24 34 84 96 85 27 29 46 23 44 88 84 22 25 28 68 75 62 59 79 23 26 60 38 75 30 65 86 40 26 34 57 27 95 39 93
70 76 60 70 91 71 62 23 66 92 43 16 19 17 76 0 14 65 24 62 75 25 53 75 26 86 73 56 29 54 68 50 75 17 76 55 48 93 74 82 90 23 29 88 17 30 39 73 14 69 64 79 14 62 87 41 87 66 64 32 10 39 26 24 47 53 54 21 82 72 97 50 84 86 86 81 15 12 12 95 47 46 44 59 85 98 85 89 46 38 24 94 84 65 59
77 64 13 88 26 23 44 85 70 61 15 40 92 51 43 14 0 77 61 60 12 59 58 56 30 20 84 69 30 84 91 54 20 73 77 97 59 27 32 14 23 15 47 32 32 25 75 32 65 46 26 13 65 92 85 20 46 80 72 58 80 91 16 25 33 56 43 92 10 79 10 10 96 32 96 60 70 34 92 19 78 85 20 24 72 36 69 26 87 96 73 40 20 20 88
11 45 41 94 99 73 91 82 27 64 87 51 84 12 17 65 77 0 81 71 53 37 93 88 28 16 55 26 48 87 79 93 43 56 84 79 28 93 37 98 98 88 15 75 42 56 15 42 81 78 89 91 93 21 53 50 41 36 73 96 98 88 91 49 11 16 79 67 97 62 17 15 61 77 41 69 71 38 36 29 85 23 57 41 13 84 56 43 14 85 97 58 65 18 84
36 61 30 92 66 83 21 84 80 31 24 74 31 16 61 24 61 81 0 26 41 94 98 32 65 44 94 11 47 25 79 90 73 30 10 69 28 94 96 25 74 81 81 57 30 30 27 65 97 16 34 20 29 96 40 14 21 75 36 21 91 91 59 93 58 13 53 75 43 88 78 65 13 51 94 48 49 59 90 78 45 17 95 14 87 57 75 29 50 74 65 33 54 22 17
84 91 94 69 27 31 28 80 61 47 11 77 99 91 84 62 60 71 26 0 73 29 15 72 50 33 51 55 63 48 49 80 81 49 32 48 60 95 87 56 81 15 11 19 89 23 52 81 80 17 85 62 42 27 59 84 14 34 87 39 35 50 30 91 84 24 42 12 93 60 14 87 64 51 89 83 75 18 70 94 35 14 58 25 26 61 85 50 21 91 46 37 15 38 32
34 32 32 35 26 75 30 48 53 24 88 82 47 45 72 75 12 53 41 73 0 11 59 60 67 84 23 28 58 29 34 91 46 71 16 48 17 17 29 16 75 17 84 50 46 38 55 34 28 66 85 11 60 12 94 22 35 90 87 16 87 86 46 94 99 69 66 10 43 13 51 27 42 32 69 38 83 28 92 40 65 30 12 59 19 67 74 16 16 42 65 62 96 99 23
91 11 95 81 39 30 29 53 86 52 68 76 70 41 70 25 59 37 94 29 11 0 42 18 66 68 78 90 78 47 28 73 35 34 68 91 70 34 56 37 65 19 30 96 31 31 51 81 53 63 69 84 52 93 57 70 98 99 54 85 27 27 62 33 54 35 53 98 35 62 80 15 42 78 82 54 28 50 53 94 99 28 41 47 24 79 33 59 28 85 45 23 20 61 30
61 99 36 41 82 84 30 65 33 70 70 40 64 72 92 53 58 93 98 15 59 42 0 11 21 60 41 56 99 93 99 92 96 51 54 36 22 43 21 22 86 55 53 19 56 23 17 80 92 38 81 93 63 23 95 72 29 58 85 95 19 72 56 16 43 41 20 81 94 95 51 58 26 78 47 50 31 31 94 27 23 82 37 61 93 58 61 73 62 85 18 40 26 11 37
38 65 34 24 44 34 91 98 88 91 33 45 90 57 22 75 56 88 32 72 60 18 11 0 55 90 13 47 64 60 70 40 24 45 74 36 81 85 29 67 49 96 41 36 52 71 31 54 19 35 51 16 22 98 75 43 14 57 68 53 34 55 65 55 75 75 86 89 81 14 58 55 86 42 93 60 14 92 54 27 52 20 40 42 36 55 24 89 91 41 26 33 54 14 91
59 72 70 80 62 66 63 50 19 12 38 51 29 58 14 26 30 28 65 50 67 66 21 55 0 14 52 73 87 76 13 27 27 68 59 37 75 78 43 74 87 72 84 41 58 46 65 18 56 14 43 21 44 54 27 54 22 13 90 46 61 74 84 96 43 76 15 47 64 50 95 67 17 91 65 93 77 25 51 30 61 82 28 73 44 87 47 66 88 52 94 78 41 75 39
64 19 74 68 66 90 25 96 40 38 97 25 88 39 61 86 20 16 44 33 84 68 60 90 14 0 55 50 83 17 56 53 54 73 63 99 29 15 61 73 22 55 74 46 18 68 16 19 58 12 32 23 62 63 24 91 70 43 39 12 57 50 86 45 12 26 69 66 53 58 27 58 70 95 81 85 71 48 64 21 27 64 91 86 28 56 88 52 80 60 77 98 68 38 49
88 90 96 78 50 38 20 57 60 38 93 70 48 59 84 73 84 55 94 51 23 78 41 13 52 55 0 19 90 54 64 84 33 37 20 94 28 64 36 92 80 94 60 86 75 26 23 36 45 70 49 78 81 41 63 14 34 69 47 26 14 95 74 43 96 10 55 37 44 85 36 89 81 88 85 97 18 52 15 50 86 38 91 49 33 27 92 28 47 26 26 85 46 21 38
58 41 25 95 79 38 12 23 26 86 66 70 99 22 43 56 69 26 11 55 28 90 56 47 73 50 19 0 75 97 13 78 64 96 44 86 97 48 64 98 28 73 68 59 12 61 72 93 17 74 27 30 82 38 54 29 53 32 45 78 75 46 43 90 60 46 52 38 86 28 12 88 55 59 20 34 30 65 17 61 54 20 58 93 58 25 22 73 92 16 73 53 35 77 87
45 21 35 25 74 64 86 50 55 36 76 45 32 50 30 29 30 48 47 63 58 78 99 64 87 83 90 75 0 29 38 19 47 70 87 46 79 76 61 71 80 37 86 96 69 97 82 34 98 45 24 79 56 16 47 95 94 57 89 31 32 30 34 77 64 12 27 75 66 71 14 60 70 75 22 69 26 26 43 81 46 48 34 93 40 22 69 71 47 12 92 29 99 33 51
12 19 53 20 72 27 23 24 24 32 48 61 87 44 94 54 84 87 25 48 29 47 93 60 76 17 54 97 29 0 23 90 40 67 87 55 49 22 82 92 41 57 67 95 41 36 69 15 20 68 51 99 67 47 36 18 57 29 47 52 34 43 54 67 11 33 36 25 70 31 79 93 22 68 16 38 56 39 79 10 24 52 15 53 94 54 25 71 80 83 73 74 96 92 78
94 97 74 30 37 26 24 12 24 84 65 39 54 28 96 68 91 79 79 49 34 28 99 70 13 56 64 13 38 23 0 29 62 93 21 22 92 65 27 53 50 13 85 33 49 55 75 76 35 93 80 42 68 96 44 74 32 77 48 98 20 53 80 90 46 35 75 92 26 35 29 56 66 52 62 95 44 95 63 17 48 85 51 53 64 37 81 75 34 77 24 95 14 86 62
38 69 82 66 78 57 97 51 71 55 40 18 12 87 77 50 54 93 90 80 91 73 92 40 27 53 84 78 19 90 29 0 38 36 39 58 39 77 65 11 27 56 94 63 89 42 43 23 88 70 73 17 53 67 43 93 26 51 77 91 25 89 87 94 50 12 74 11 25 44 59 44 44 92 24 28 29 13 87 86 29 10 72 51 82 96 44 83 80 44 84 18 92 57 74
82 43 41 22 97 17 99 37 12 39 18 58 15 41 23 75 20 43 73 81 46 35 96 24 27 54 33 64 47 40 62 38 0 16 15 58 55 32 14 83 97 62 63 94 60 71 56 92 90 36 53 15 13 90 84 78 12 33 12 92 59 70 46 84 88 77 99 19 73 74 93 90 51 86 27 98 53 46 63 26 75 69 80 48 99 27 73 71 43 13 81 84 96 51 82
67 79 17 55 80 82 79 88 80 42 50 41 39 44 99 17 73 56 30 49 71 34 51 45 68 73 37 96 70 67 93 36 16 0 62 95 98 60 91 45 45 35 77 87 88 76 52 56 45 42 73 87 74 22 26 45 72 91 18 72 79 59 97 40 91 62 99 16 37 66 19 17 80 31 73 32 19 33 30 94 38 64 37 81 77 46 29 82 16 15 15 75 57 92 35
13 77 35 66 74 76 37 74 40 19 26 12 83 23 65 76 77 84 10 32 16 68 54 74 59 63 20 44 87 87 21 39 15 62 0 40 23 94 61 93 71 77 46 70 36 69 16 62 59 10 22 67 45 40 11 81 94 65 17 89 46 94 92 97 41 63 79 16 91 13 67 46 58 44 47 63 89 93 19 48 27 58 72 38 67 71 21 82 58 64 19 81 79 36 15
91 21 79 35 53 49 62 66 65 14 39 65 36 94 16 55 97 79 69 48 48 91 36 36 37 99 94 86 46 55 22 58 58 95 40 0 82 40 63 97 36 15 66 28 13 13 54 52 18 22 91 93 61 78 58 91 66 49 62 80 65 88 55 18 20 88 80 88 79 34 90 41 50 70 67 53 80 97 97 23 62 30 71 99 20 42 37 58 55 95 89 84 32 95 30
35 47 89 71 33 81 30 98 99 70 82 91 70 30 21 48 59 28 28 60 17 70 22 81 75 29 28 97 79 49 92 39 55 98 23 82 0 95 74 85 18 60 64 41 90 36 46 34 36 63 67 26 79 88 80 85 43 16 87 54 81 33 75 30 23 76 83 83 40 44 86 44 88 40 20 77 75 48 27 79 64 51 72 34 90 42 93 94 84 75 51 30 85 84 23
16 65 33 55 41 25 87 12 40 36 86 24 95 28 90 93 27 93 94 95 17 34 43 85 78 15 64 48 76 22 65 77 32 60 94 40 95 0 19 30 63 80 59 98 11 68 29 77 59 95 23 79 52 38 14 45 37 70 94 88 84 66 95 25 87 93 76 80 80 75 74 38 35 78 15 29 41 59 18 19 70 82 80 15 70 51 65 56 35 91 54 88 81 73 43
38 22 53 28 38 46 17 70 85 46 58 61 43 42 56 74 32 37 96 87 29 56 21 29 43 61 36 64 61 82 27 65 14 91 61 63 74 19 0 85 88 53 74 81 78 88 36 71 51 53 77 18 93 41 50 91 19 42 39 75 40 89 40 63 50 62 55 99 56 66 85 25 55 78 51 40 12 31 61 91 10 82 29 25 52 80 80 66 72 17 97 91 98 20 27
41 56 17 92 72 46 94 51 73 49 51 71 44 60 83 82 14 98 25 56 16 37 22 67 74 73 92 98 71 92 53 11 83 45 93 97 85 30 85 0 91 49 37 28 78 14 28 67 41 13 69 52 82 62 20 29 43 62 45 69 25 68 80 71 51 78 11 29 12 41 23 35 10 62 15 57 35 15 75 49 35 32 22 80 44 62 87 93 66 31 84 60 89 28 50
82 85 67 15 60 11 31 76 90 76 60 54 85 50 85 90 23 98 74 81 75 65 86 49 87 22 80 28 80 41 50 27 97 45 71 36 18 63 88 91 0 27 96 24 99 92 89 17 24 77 74 95 68 44 32 85 84 34 66 66 26 72 56 54 25 44 11 28 19 11 77 94 38 33 52 68 48 24 37 94 26 58 31 97 72 68 58 44 35 60 62 98 66 47 36
31 51 51 45 50 49 79 23 70 91 79 71 30 85 16 23 15 88 81 15 17 19 55 96 72 55 94 73 37 57 13 56 62 35 77 15 60 80 53 49 27 0 88 58 13 83 43 44 61 58 80 79 81 98 39 23 59 11 86 94 61 89 17 50 77 98 75 23 27 86 88 20 16 42 75 43 13 20 15 49 36 99 71 32 51 36 52 84 81 34 67 17 46 36 76
46 30 93 63 11 45 41 80 59 34 91 20 50 81 78 29 47 15 81 11 84 30 53 41 84 74 60 68 86 67 85 94 63 77 46 66 64 59 74 37 96 88 0 39 74 78 39 20 59 71 12 38 47 25 17 80 24 61 62 42 62 94 89 93 50 90 84 14 54 29 67 71 89 59 22 55 82 22 96 40 86 43 34 95 39 80 11 42 92 31 41 21 38 19 39
88 47 61 78 44 59 58 31 22 69 27 38 81 15 55 88 32 75 57 19 50 96 19 36 41 46 86 59 96 95 33 63 94 87 70 28 41 98 81 28 24 58 39 0 30 66 90 60 11 16 53 30 72 60 22 41 51 43 79 96 50 87 53 69 56 75 24 85 64 54 89 34 60 91 41 38 97 68 82 51 96 86 65 28 45 52 74 58 62 27 99 14 96 70 69
43 77 13 84 27 87 30 59 39 76 12 39 28 35 37 17 32 42 30 89 46 31 56 52 58 18 75 12 69 41 49 89 60 88 36 13 90 11 78 78 99 13 74 30 0 33 70 67 97 54 45 99 85 44 60 92 22 91 34 65 21 55 96 80 81 34 13 89 70 28 30 97 91 72 18 44 25 17 20 96 33 27 41 20 89 87 67 58 45 27 95 51 50 63 35
84 93 69 86 10 18 24 67 98 97 33 39 59 89 81 30 25 56 30 23 38 31 23 71 46 68 26 61 97 36 55 42 71 76 69 13 36 68 88 14 92 83 78 66 33 0 49 55 87 12 45 14 61 98 12 87 82 21 44 82 13 60 18 92 53 37 64 44 56 75 21 37 60 38 36 66 36 34 28 60 95 26 10 38 91 93 58 58 90 57 63 86 12 59 21
89 45 77 93 37 79 16 27 82 73 97 70 88 66 34 39 75 15 27 52 55 51 17 31 65 16 23 72 82 69 75 43 56 52 16 54 46 29 36 28 89 43 39 90 70 49 0 38 68 95 28 54 76 75 10 19 84 24 56 12 29 28 55 87 23 12 67 33 83 76 81 49 14 66 63 98 97 75 34 30 61 77 27 84 77 62 48 10 95 58 12 89 49 57 30
65 60 98 57 72 99 84 31 13 80 58 87 26 32 41 73 32 42 65 81 34 81 80 54 18 19 36 93 34 15 76 23 92 56 62 52 34 77 71 67 17 44 20 60 67 55 38 0 94 83 50 83 28 35 95 13 36 45 26 96 68 33 66 94 59 29 78 38 56 77 59 60 82 50 34 57 69 42 21 27 69 23 35 16 87 66 75 28 10 88 38 24 38 24 51
94 86 77 10 39 14 91 72 98 54 61 99 14 24 76 14 65 81 97 80 28 53 92 19 56 58 45 17 98 20 35 88 90 45 59 18 36 59 51 41 24 61 59 11 97 87 68 94 0 56 94 98 72 93 15 71 33 15 75 62 48 33 68 86 81 55 83 81 49 78 21 90 19 57 20 38 56 10 97 43 88 76 55 65 34 47 23 53 16 40 78 54 32 59 47
66 10 52 40 26 93 35 74 48 83 53 79 56 89 12 69 46 78 16 17 66 63 38 35 14 12 70 74 45 68 93 70 36 42 10 22 63 95 53 13 77 58 71 16 54 12 95 83 56 0 15 87 24 52 29 96 42 27 91 82 45 62 63 98 47 28 82 20 86 22 39 85 76 42 68 75 89 67 40 50 42 39 39 77 53 91 96 74 32 40 46 33 91 73 19
41 88 63 33 53 37 67 37 80 28 95 57 35 44 46 64 26 89 34 85 85 69 81 51 43 32 49 27 24 51 80 73 53 73 22 91 67 23 77 69 74 80 12 53 45 45 28 50 94 15 0 99 50 55 80 41 22 34 65 90 77 31 76 67 31 86 17 20 49 93 18 70 33 54 52 84 37 14 51 16 28 63 66 45 52 27 56 33 69 91 43 49 73 61 63
44 93 45 41 11 92 69 31 60 83 20 82 69 40 85 79 13 91 20 62 11 84 93 16 21 23 78 30 79 99 42 17 15 87 67 93 26 79 18 52 95 79 38 30 99 14 54 83 98 87 99 0 55 80 66 11 69 57 94 17 39 32 53 43 69 11 55 77 14 41 58 52 54 61 95 54 62 67 20 87 27 77 80 19 81 99 31 71 92 89 17 49 46 25 20
31 16 25 26 49 57 37 44 47 61 47 30 45 85 29 14 65 93 29 42 60 52 63 22 44 62 81 82 56 67 68 53 13 74 45 61 79 52 93 82 68 81 47 72 85 61 76 28 72 24 50 55 0 55 70 44 55 39 86 55 61 68 89 39 92 82 80 14 98 27 70 10 47 31 87 38 69 54 21 82 23 48 28 32 55 11 27 77 61 82 95 88 57 83 77
93 83 69 10 22 16 94 44 95 53 12 29 91 41 85 62 92 21 96 27 12 93 23 98 54 63 41 38 16 47 96 67 90 22 40 78 88 38 41 62 44 98 25 60 44 98 75 35 93 52 55 80 55 0 42 47 90 35 57 61 70 21 70 34 96 27 46 97 74 34 65 68 33 19 56 19 44 29 92 39 57 39 18 35 21 58 23 48 54 36 89 19 73 32 63
26 70 78 91 97 99 20 90 81 76 84 26 59 94 56 87 85 53 40 59 94 57 95 75 27 24 63 54 47 36 44 43 84 26 11 58 80 14 50 20 32 39 17 22 60 12 10 95 15 29 80 66 70 42 0 31 98 49 92 15 60 41 98 84 19 23 65 22 60 46 38 96 21 85 73 67 47 35 53 50 63 61 69 89 52 65 16 48 18 89 39 39 35 32 72
73 94 38 41 36 35 13 21 12 95 59 88 82 85 27 41 20 50 14 84 22 70 72 43 54 91 14 29 95 18 74 93 78 45 81 91 85 45 91 29 85 23 80 41 92 87 19 13 71 96 41 11 44 47 31 0 77 63 22 70 45 87 31 74 30 38 23 47 48 72 13 94 31 10 31 66 83 66 14 30 42 14 99 16 10 17 85 14 48 43 18 98 83 15 71
85 70 33 20 53 25 65 58 92 44 69 86 93 78 15 87 46 41 21 14 35 98 29 14 22 70 34 53 94 57 32 26 12 72 94 66 43 37 19 43 84 59 24 51 22 82 84 36 33 42 22 69 55 90 98 77 0 48 53 35 73 50 83 86 59 16 90 55 21 84 64 44 45 12 14 29 85 96 73 88 78 32 27 59 38 70 24 39 71 13 45 28 56 69 28
72 43 68 64 13 36 27 96 60 78 89 59 71 13 58 66 80 36 75 34 90 99 58 57 13 43 69 32 57 29 77 51 33 91 65 49 16 70 42 62 34 11 61 43 91 21 24 45 15 27 34 57 39 35 49 63 48 0 42 64 36 83 27 10 89 85 90 80 64 56 36 96 75 78 13 78 31 46 40 93 33 13 25 59 76 86 64 63 17 36 67 20 82 66 26
66 30 81 54 84 49 16 77 10 39 86 23 28 22 65 64 72 73 36 87 87 54 85 68 90 39 47 45 89 47 48 77 12 18 17 62 87 94 39 45 66 86 62 79 34 44 56 26 75 91 65 94 86 57 92 22 53 42 0 81 90 16 64 29 68 21 46 49 11 67 12 74 80 32 39 12 61 72 36 20 20 96 85 84 14 10 48 34 12 90 43 91 88 99 31
34 48 59 49 64 58 57 63 71 16 72 31 18 35 24 32 58 96 21 39 16 85 95 53 46 12 26 78 31 52 98 91 92 72 89 80 54 88 75 69 66 94 42 96 65 82 12 96 62 82 90 17 55 61 15 70 35 64 81 0 96 52 98 36 22 99 92 75 55 38 44 10 12 14 27 89 50 74 51 54 79 18 74 28 63 13 13 67 96 38 73 26 96 25 90
43 49 97 39 93 96 54 91 79 42 46 77 23 54 34 10 80 98 91 35 87 27 19 34 61 57 14 75 32 34 20 25 59 79 46 65 81 84 40 25 26 61 62 50 21 13 29 68 48 45 77 39 61 70 60 45 73 36 90 96 0 44 85 22 42 93 23 95 84 40 50 25 10 67 74 56 71 54 45 14 79 99 70 21 24 10 75 35 29 68 10 81 63 98 24
41 58 27 39 97 69 39 93 44 52 25 99 88 33 84 39 91 88 91 50 86 27 72 55 74 50 95 46 30 43 53 89 70 59 94 88 33 66 89 68 72 89 94 87 55 60 28 33 33 62 31 32 68 21 41 87 50 83 16 52 44 0 24 65 72 95 42 36 11 39 73 41 17 89 91 97 21 41 22 32 87 86 84 42 83 14 28 17 60 26 79 67 75 79 86
35 23 80 77 99 86 40 40 45 40 11 25 86 73 96 26 16 91 59 30 46 62 56 65 84 86 74 43 34 54 80 87 46 97 92 55 75 95 40 80 56 17 89 53 96 18 55 66 68 63 76 53 89 70 98 31 83 27 64 98 85 24 0 52 37 90 21 55 52 85 97 31 98 77 40 95 12 63 96 74 35 46 19 62 49 63 69 96 93 49 72 25 84 87 98
19 58 31 62 54 62 62 70 68 49 31 31 44 56 85 24 25 49 93 91 94 33 16 55 96 45 43 90 77 67 90 94 84 40 97 18 30 25 63 71 54 50 93 69 80 92 87 94 86 98 67 43 39 34 84 74 86 10 29 36 22 65 52 0 13 80 63 27 78 76 90 13 53 91 81 50 98 76 22 89 48 37 23 38 50 54 65 82 67 88 37 50 37 28 49
29 35 75 12 47 36 68 70 47 91 26 13 83 84 27 47 33 11 58 84 99 54 43 75 43 12 96 60 64 11 46 50 88 91 41 20 23 87 50 51 25 77 50 56 81 53 23 59 81 47 31 69 92 96 19 30 59 89 68 22 42 72 37 13 0 94 48 10 18 86 79 65 88 59 33 96 43 60 72 77 92 42 61 18 69 61 69 28 81 65 53 83 55 45 51
51 48 91 51 27 19 55 43 23 76 25 65 62 40 29 53 56 16 13 24 69 35 41 75 76 26 10 46 12 33 35 12 77 62 63 88 76 93 62 78 44 98 90 75 34 37 12 29 55 28 86 11 82 27 23 38 16 85 21 99 93 95 90 80 94 0 22 55 20 99 90 25 19 55 95 82 63 40 32 38 86 98 90 75 25 20 27 30 77 81 12 25 51 30 27
18 13 77 27 91 45 35 71 55 22 31 53 86 29 46 54 43 79 53 42 66 53 20 86 15 69 55 52 27 36 75 74 99 99 79 80 83 76 55 11 11 75 84 24 13 64 67 78 83 82 17 55 80 46 65 23 90 90 46 92 23 42 21 63 48 22 0 88 44 87 18 33 65 22 92 46 47 58 47 10 56 80 50 71 45 60 30 67 20 65 37 26 91 88 58
44 55 48 82 31 84 51 23 92 90 74 47 77 37 23 21 92 67 75 12 10 98 81 89 47 66 37 38 75 25 92 11 19 16 16 88 83 80 99 29 28 23 14 85 89 44 33 38 81 20 20 77 14 97 22 47 55 80 49 75 95 36 55 27 10 55 88 0 19 15 29 78 65 20 41 22 16 56 26 55 73 57 18 34 43 25 39 49 90 80 47 22 81 26 73
76 96 89 71 86 79 70 73 87 72 65 81 24 60 44 82 10 97 43 93 43 35 94 81 64 53 44 86 66 70 26 25 73 37 91 79 40 80 56 12 19 27 54 64 70 56 83 56 49 86 49 14 98 74 60 48 21 64 11 55 84 11 52 78 18 20 44 19 0 65 32 61 64 52 68 65 27 33 37 83 60 41 39 48 65 79 95 85 26 18 92 70 44 60 35
21 85 70 64 27 95 13 43 84 64 63 46 68 79 88 72 79 62 88 60 13 62 95 14 50 58 85 28 71 31 35 44 74 66 13 34 44 75 66 41 11 86 29 54 28 75 76 77 78 22 93 41 27 34 46 72 84 56 67 38 40 39 85 76 86 99 87 15 65 0 15 73 23 72 99 82 84 23 82 84 14 97 18 87 25 41 43 57 57 94 10 19 41 58 29
40 83 88 67 16 18 17 63 68 53 33 90 97 47 84 97 10 17 78 14 51 80 51 58 95 27 36 12 14 79 29 59 93 19 67 90 86 74 85 23 77 88 67 89 30 21 81 59 21 39 18 58 70 65 38 13 64 36 12 44 50 73 97 90 79 90 18 29 32 15 0 54 76 38 71 32 47 98 53 14 64 55 40 93 14 37 99 43 62 52 48 44 76 35 77
70 57 53 14 32 85 65 50 23 22 26 33 28 57 22 50 10 15 65 87 27 15 58 55 67 58 89 88 60 93 56 44 90 17 46 41 44 38 25 35 94 20 71 34 97 37 49 60 90 85 70 52 10 68 96 94 44 96 74 10 25 41 31 13 65 25 33 78 61 73 54 0 51 23 92 43 54 29 29 18 81 80 57 81 89 16 33 66 76 89 41 41 10 45 20
82 59 31 86 76 67 91 32 50 90 99 35 26 42 25 84 96 61 13 64 42 42 26 86 17 70 81 55 70 22 66 44 51 80 58 50 88 35 55 10 38 16 89 60 91 60 14 82 19 76 33 54 47 33 21 31 45 75 80 12 10 17 98 53 88 19 65 65 64 23 76 51 0 91 60 40 42 97 59 60 50 59 91 89 32 59 33 50 73 83 49 83 96 65 64
67 73 66 16 11 11 55 30 98 49 10 55 56 63 28 86 32 77 51 51 32 78 78 42 91 95 88 59 75 68 52 92 86 31 44 70 40 78 78 62 33 42 59 91 72 38 66 50 57 42 54 61 31 19 85 10 12 78 32 14 67 89 77 91 59 55 22 20 52 72 38 23 91 0 34 56 26 10 74 47 49 70 18 21 48 33 41 98 35 35 44 85 88 40 52
43 19 59 74 14 31 77 50 15 20 39 98 96 31 68 86 96 41 94 89 69 82 47 93 65 81 85 20 22 16 62 24 27 73 47 67 20 15 51 15 52 75 22 41 18 36 63 34 20 68 52 95 87 56 73 31 14 13 39 27 74 91 40 81 33 95 92 41 68 99 71 92 60 34 0 65 96 96 67 56 25 71 57 98 52 75 78 27 36 95 50 30 55 39 13
95 67 69 88 73 33 70 65 30 75 24 10 79 20 75 81 60 69 48 83 38 54 50 60 93 85 97 34 69 38 95 28 98 32 63 53 77 29 40 57 68 43 55 38 44 66 98 57 38 75 84 54 38 19 67 66 29 78 12 89 56 97 95 50 96 82 46 22 65 82 32 43 40 56 65 0 78 18 60 48 17 86 88 36 97 62 35 48 99 79 13 48 35 27 85
52 30 79 79 56 78 72 22 20 29 73 29 88 98 62 15 70 71 49 75 83 28 31 14 77 71 18 30 26 56 44 29 53 19 89 80 75 41 12 35 48 13 82 97 25 36 97 69 56 89 37 62 69 44 47 83 85 31 61 50 71 21 12 98 43 63 47 16 27 84 47 54 42 26 96 78 0 40 78 92 42 14 66 37 89 60 36 67 49 77 29 31 14 34 19
56 47 15 63 20 40 33 63 12 62 13 53 97 57 59 12 34 38 59 18 28 50 31 92 25 48 52 65 26 39 95 13 46 33 93 97 48 59 31 15 24 20 22 68 17 34 75 42 10 67 14 67 54 29 35 66 96 46 72 74 54 41 63 76 60 40 58 56 33 23 98 29 97 10 96 18 40 0 12 24 51 28 55 42 85 69 83 27 39 16 74 26 96 59 40
75 84 71 36 20 38 97 27 76 12 40 75 41 98 79 12 92 36 90 70 92 53 94 54 51 64 15 17 43 79 63 87 63 30 19 97 27 18 61 75 37 15 96 82 20 28 34 21 97 40 51 20 21 92 53 14 73 40 36 51 45 22 96 22 72 32 47 26 37 82 53 29 59 74 67 60 78 12 0 93 57 31 75 35 83 13 18 38 37 27 76 98 87 20 80
90 36 33 80 74 34 65 61 89 26 86 33 30 49 23 95 19 29 78 94 40 94 27 27 30 21 50 61 81 10 17 86 26 94 48 23 79 19 91 49 94 49 40 51 96 60 30 27 43 50 16 87 82 39 50 30 88 93 20 54 14 32 74 89 77 38 10 55 83 84 14 18 60 47 56 48 92 24 93 0 82 27 66 69 15 78 51 66 36 60 15 18 21 59 35
18 78 79 70 34 56 93 22 98 53 22 97 81 74 26 47 78 85 45 35 65 99 23 52 61 27 86 54 46 24 48 29 75 38 27 62 64 70 10 35 26 36 86 96 33 95 61 69 88 42 28 27 23 57 63 42 78 33 20 79 79 87 35 48 92 86 56 73 60 14 64 81 50 49 25 17 42 51 57 82 0 70 36 69 73 30 13 12 94 38 69 12 34 38 28
24 33 29 49 80 88 53 60 87 33 27 45 65 36 60 46 85 23 17 14 30 28 82 20 82 64 38 20 48 52 85 10 69 64 58 30 51 82 82 32 58 99 43 86 27 26 77 23 76 39 63 77 48 39 61 14 32 13 96 18 99 86 46 37 42 98 80 57 41 97 55 80 59 70 71 86 14 28 31 27 70 0 98 60 25 75 32 37 22 15 17 42 32 78 84
20 99 43 83 16 30 37 46 38 20 61 52 33 31 38 44 20 57 95 58 12 41 37 40 28 91 91 58 34 15 51 72 80 37 72 71 72 80 29 22 31 71 34 65 41 10 27 35 55 39 66 80 28 18 69 99 27 25 85 74 70 84 19 23 61 90 50 18 39 18 40 57 91 18 57 88 66 55 75 66 36 98 0 50 20 91 83 56 69 19 59 30 51 12 88
19 51 10 40 15 22 71 52 79 69 89 65 42 57 75 59 24 41 14 25 59 47 61 42 73 86 49 93 93 53 53 51 48 81 38 99 34 15 25 80 97 32 95 28 20 38 84 16 65 77 45 19 32 35 89 16 59 59 84 28 21 42 62 38 18 75 71 34 48 87 93 81 89 21 98 36 37 42 35 69 69 60 50 0 60 28 81 71 95 14 73 41 82 88 64
98 55 40 26 91 66 68 45 44 84 19 32 99 73 30 85 72 13 87 26 19 24 93 36 44 28 33 58 40 94 64 82 99 77 67 20 90 70 52 44 72 51 39 45 89 91 77 87 34 53 52 81 55 21 52 10 38 76 14 63 24 83 49 50 69 25 45 43 65 25 14 89 32 48 52 97 89 85 83 15 73 25 20 60 0 49 78 27 36 49 93 55 30 15 92
63 13 14 89 82 60 80 11 95 80 71 59 20 93 65 98 36 84 57 61 67 79 58 55 87 56 27 25 22 54 37 96 27 46 71 42 42 51 80 62 68 36 80 52 87 93 62 66 47 91 27 99 11 58 65 17 70 86 10 13 10 14 63 54 61 20 60 25 79 41 37 16 59 33 75 62 60 69 13 78 30 75 91 28 49 0 55 51 36 29 87 87 77 39 51
66 37 50 46 32 55 32 49 60 85 90 47 52 20 86 85 69 56 75 85 74 33 61 24 47 88 92 22 69 25 81 44 73 29 21 37 93 65 80 87 58 52 11 74 67 58 48 75 23 96 56 31 27 23 16 85 24 64 48 13 75 28 69 65 69 27 30 39 95 43 99 33 33 41 78 35 36 83 18 51 13 32 83 81 78 55 0 46 69 51 28 31 78 25 37
62 27 61 24 54 95 33 15 93 35 28 60 91 19 40 89 26 43 29 50 16 59 73 89 66 52 28 73 71 71 75 83 71 82 82 58 94 56 66 93 44 84 42 58 58 58 10 28 53 74 33 71 77 48 48 14 39 63 34 67 35 17 96 82 28 30 67 49 85 57 43 66 50 98 27 48 67 27 38 66 12 37 56 71 27 51 46 0 35 84 42 24 49 89 28
43 49 83 98 84 67 50 66 64 25 74 27 59 93 26 46 87 14 50 21 16 28 62 91 88 80 47 92 47 80 34 80 43 16 58 55 84 35 72 66 35 81 92 62 45 90 95 10 16 32 69 92 61 54 18 48 71 17 12 96 29 60 93 67 81 77 20 90 26 57 62 76 73 35 36 99 49 39 37 36 94 22 69 95 36 36 69 35 0 11 70 29 92 15 26
25 23 97 17 49 50 59 39 33 15 58 94 54 59 34 38 96 85 74 91 42 85 85 41 52 60 26 16 12 83 77 44 13 15 64 95 75 91 17 31 60 34 31 27 27 57 58 88 40 40 91 89 82 36 89 43 13 36 90 38 68 26 49 88 65 81 65 80 18 94 52 89 83 35 95 79 77 16 27 60 38 15 19 14 49 29 51 84 11 0 23 56 48 68 62
59 72 54 35 85 62 46 78 71 62 13 52 57 95 57 24 73 97 65 46 65 45 18 26 94 77 26 73 92 73 24 84 81 15 19 89 51 54 97 84 62 67 41 99 95 63 12 38 78 46 43 17 95 89 39 18 45 67 43 73 10 79 72 37 53 12 37 47 92 10 48 41 49 44 50 13 29 74 76 15 69 17 59 73 93 87 28 42 70 23 0 13 85 11 44
47 96 13 83 10 16 19 14 79 90 35 92 42 44 27 94 40 58 33 37 62 23 40 33 78 98 85 53 29 74 95 18 84 75 81 84 30 88 91 60 98 17 21 14 51 86 89 24 54 33 49 49 88 19 39 98 28 20 91 26 81 67 25 50 83 25 26 22 70 19 44 41 83 85 30 48 31 26 98 18 12 42 30 41 55 87 31 24 29 56 13 0 41 90 32
95 30 94 87 29 81 87 90 52 42 64 50 43 95 95 84 20 65 54 15 96 20 26 54 41 68 46 35 99 96 14 92 96 57 79 32 85 81 98 89 66 46 38 96 50 12 49 38 32 91 73 46 57 73 35 83 56 82 88 96 63 75 84 37 55 51 91 81 44 41 76 10 96 88 55 35 14 96 87 21 34 32 51 82 30 77 78 49 92 48 85 41 0 81 20
73 87 45 48 35 44 25 87 88 94 93 42 65 82 39 65 20 18 22 38 99 61 11 14 75 38 21 77 33 92 86 57 51 92 36 95 84 73 20 28 47 36 19 70 63 59 57 24 59 73 61 25 83 32 32 15 69 66 99 25 98 79 87 28 45 30 88 26 60 58 35 45 65 40 39 27 34 59 20 59 38 78 12 88 15 39 25 89 15 68 11 90 81 0 82
72 83 12 32 24 22 44 52 98 11 98 27 19 77 93 59 88 84 17 32 23 30 37 91 39 49 38 87 51 78 62 74 82 35 15 30 23 43 27 50 36 76 39 69 35 21 30 51 47 19 63 20 77 63 72 71 28 26 31 90 24 86 98 49 51 27 58 73 35 29 77 20 64 52 13 85 19 40 80 35 28 84 88 64 92 51 37 28 26 62 44 32 20 82 0