105
0 91 61 57 86 76 73 26 42 88 40 29 20 34 71 14 53 12 93 94 70 88 27 69 22 90 84 18 73 20 64 35 91 61 34 40 63 91 81 66 41 47 47 56 18 50 43 75 69 16 11 78 86 44 44 87 54 70 46 49 85 30 24 15 74 95 65 58 76 54 27 74 50 87 16 61 84 18 93 91 64 29 16 13 63 32 93 11 66 66 68 98 22 21 10 11 67 78 60 64 59 36 23 45 77
91 0 28 13 42 80 77 71 72 30 61 70 87 18 46 60 75 80 45 60 80 58 47 57 52 79 76 50 65 94 49 19 37 55 96 63 94 48 24 46 19 10 13 19 95 14 17 79 58 46 23 12 59 97 58 19 41 22 91 58 64 21 62 67 33 85 12 94 88 76 78 18 93 89 43 57 15 91 71 79 35 61 82 99 73 70 92 98 88 53 31 59 21 71 70 13 81 38 25 99 34 94 98 77 90
61 28 0 44 23 71 64 57 80 83 21 53 96 64 12 12 12 28 54 99 10 85 81 69 89 39 47 87 76 45 98 73 90 32 65 57 65 97 47 70 98 64 66 93 25 75 95 93 86 17 46 12 76 79 32 96 54 51 91 68 95 44 27 57 25 18 70 71 77 89 52 91 93 43 97 16 91 67 23 22 87 98 20 21 49 80 22 72 40 26 42 94 10 30 61 42 16 48 82 57 50 48 87 68 67
57 13 44 0 83 44 38 46 80 14 90 21 22 11 20 85 17 65 49 60 78 60 64 68 68 27 84 30 39 81 37 19 79 96 51 36 71 81 87 50 59 65 92 34 81 81 20 69 40 42 44 33 12 70 40 65 22 54 72 52 54 88 65 93 21 33 29 84 75 76 63 40 37 88 61 10 94 57 22 12 12 32 82 24 98 70 87 21 72 33 12 76 95 23 83 37 61 23 14 14 11 49 25 72 43
86 42 23 83 0 91 57 36 44 38 46 48 77 90 55 54 29 72 86 72 56 82 12 78 28 45 16 46 84 13 59 41 53 99 26 90 62 53 69 49 83 14 53 64 40 86 52 38 23 15 22 43 67 36 99 60 38 13 48 82 85 73 94 72 96 16 56 91 58 96 96 42 33 89 74 59 13 58 24 36 92 16 55 71 78 23 88 48 16 31 94 74 42 76 41 20 22 85 21 28 83 46 46 34 15
76 80 71 44 91 0 68 15 13 21 58 30 23 36 11 71 59 98 31 97 72 10 68 42 25 23 91 65 99 55 28 29 92 22 24 91 56 40 78 12 64 94 97 42 13 42 92 40 88 27 63 64 66 90 96 58 42 44 95 72 65 31 59 79 76 91 20 72 33 46 92 76 29 97 73 31 75 85 86 29 11 64 74 11 70 85 66 77 14 19 18 15 89 65 39 73 73 13 98 81 52 98 94 91 94
73 77 64 38 57 68 0 24 73 71 45 38 25 71 96 60 42 96 15 16 49 20 71 23 74 45 28 77 47 52 20 91 61 96 44 83 97 51 40 72 36 15 81 59 71 21 41 64 43 14 24 91 67 20 48 16 10 92 57 21 57 42 60 85 31 90 48 57 60 57 28 89 37 54 59 66 99 27 33 66 14 45 76 78 34 33 18 65 27 72 65 12 61 86 81 13 75 97 24 32 97 24 51 17 73
26 71 57 46 36 15 24 0 95 79 86 79 74 38 42 62 57 94 60 81 71 16 94 21 41 67 51 68 32 60 21 88 57 31 36 41 81 85 73 55 67 74 73 37 75 89 98 92 23 61 60 53 36 42 58 70 62 59 66 10 84 64 43 25 56 90 36 50 92 27 46 47 96 91 63 75 24 89 12 41 36 89 32 52 67 33 84 83 40 91 56 40 98 40 91 28 87 28 48 46 54 59 28 11 76
42 72 80 80 44 13 73 95 0 81 37 16 17 24 22 55 18 12 35 37 62 76 91 21 94 43 43 91 21 42 28 96 12 99 48 89 83 68 76 73 42 29 22 29 86 39 10 16 34 79 89 71 23 63 40 51 58 95 15 81 69 58 59 18 22 98 70 27 46 96 80 40 63 59 10 78 82 57 72 51 61 68 58 28 27 41 14 92 17 17 75 55 13 51 91 67 78 63 39 98 86 13 34 75 75
88 30 83 14 38 21 71 79 81 0 27 81 98 90 86 91 60 59 19 73 85 40 36 94 97 60 56 85 26 21 97 80 30 93 57 17 33 46 28 32 61 83 58 59 41 78 62 13 35 61 59 80 72 25 64 71 71 51 89 49 78 25 67 87 34 60 85 84 96 68 37 61 87 73 82 25 78 83 69 88 41 94 84 27 55 25 31 82 31 16 39 51 87 86 20 30 70 14 73 23 30 76 72 28 99
40 61 21 90 46 58 45 86 37 27 0 54 17 19 33 96 91 79 79 47 35 14 47 72 11 38 95 86 18 80 56 98 48 99 40 64 93 53 84 94 65 75 76 51 28 73 19 52 75 94 74 76 86 25 62 74 50 17 45 34 89 92 51 98 21 74 71 96 62 67 12 57 11 55 59 93 36 19 95 89 71 98 50 77 77 47 38 95 67 21 47 90 14 10 57 93 70 34 23 54 25 77 21 30 57
29 70 53 21 48 30 38 79 16 81 54 0 46 64 58 53 96 90 25 77 22 56 68 57 56 44 95 54 85 16 78 58 21 46 94 85 27 89 57 55 96 23 95 14 57 28 95 45 51 17 60 55 47 39 41 40 50 23 60 49 23 47 13 41 18 44 17 40 19 11 37 95 32 62 28 98 98 59 47 28 58 69 25 44 19 41 44 78 60 77 45 89 75 77 60 45 93 67 15 92 70 90 11 29 63
20 87 96 22 77 23 25 74 17 98 17 46 0 60 13 16 24 39 42 22 67 51 95 67 28 62 35 44 72 65 19 42 51 62 76 17 76 23 96 97 25 44 68 49 51 94 64 98 23 79 86 27 67 15 42 33 23 75 84 66 32 55 91 82 72 52 61 49 26 67 83 41 43 10 20 17 85 84 72 70 94 44 13 62 32 73 91 17 33 95 78 91 53 80 72 36 37 14 10 46 42 87 18 40 61
34 18 64 11 90 36 71 38 24 90 19 64 60 0 12 53 68 18 81 86 64 66 20 92 43 96 49 58 59 90 14 81 90 50 18 82 32 85 39 45 76 99 54 33 10 39 97 28 66 47 93 83 84 53 44 42 26 23 80 53 12 80 19 23 69 41 60 59 20 90 28 90 75 95 60 26 11 72 17 17 93 28 48 18 59 64 43 97 96 58 92 30 12 79 89 21 56 64 52 26 11 62 36 75 99
71 46 12 20 55 11 96 42 22 86 33 58 13 12 0 77 35 95 41 74 88 70 72 32 66 45 31 44 60 44 47 79 12 62 35 16 55 56 85 33 72 23 10 28 95 40 69 37 17 46 54 15 32 79 51 59 67 17 11 92 37 70 11 99 15 69 65 76 28 13 55 29 43 19 52 95 70 45 69 85 60 62 22 47 70 65 53 31 55 13 65 71 92 62 60 38 77 33 52 39 66 39 92 16 46
14 60 12 85 54 71 60 62 55 91 96 53 16 53 77 0 97 12 60 56 39 21 50 55 45 76 14 44 89 94 80 41 92 71 44 68 64 34 74 38 54 62 76 54 67 96 74 18 32 49 96 27 79 98 28 70 45 20 55 88 81 41 76 74 80 42 66 32 45 64 66 41 34 24 31 56 23 20 22 71 94 49 11 40 86 24 22 77 45 54 15 19 69 12 62 95 14 93 98 75 65 58 21 49 78
53 75 12 17 29 59 42 57 18 60 91 96 24 68 35 97 0 89 77 13 55 35 74 72 24 33 90 92 53 87 85 19 85 59 76 55 63 95 44 35 80 36 14 14 48 95 96 94 35 26 71 94 92 63 59 19 38 93 14 85 89 65 14 69 96 36 15 66 95 49 64 69 22 93 67 78 87 84 34 31 63 90 43 59 15 43 83 90 38 28 11 94 41 56 98 81 10 18 32 65 38 40 62 91 58
12 80 28 65 72 98 96 94 12 59 79 90 39 18 95 12 89 0 45 63 34 21 27 37 46 19 46 13 25 69 10 65 79 85 13 56 55 93 60 32 31 58 34 95 24 12 84 84 43 52 24 89 55 74 92 88 24 64 12 98 65 67 84 61 21 62 42 10 76 35 12 85 77 34 60 18 65 35 65 65 44 35 65 39 56 26 92 81 18 60 31 39 21 73 14 39 26 91 61 84 78 93 88 17 77
93 45 54 49 86 31 15 60 35 19 79 25 42 81 41 60 77 45 0 22 75 79 67 98 37 18 51 93 91 26 65 78 38 72 90 27 93 80 29 15 50 89 23 16 73 48 91 40 99 81 38 36 81 27 51 24 26 28 48 29 60 67 74 38 80 70 74 59 63 69 93 78 56 59 70 58 70 80 13 58 73 53 97 19 20 36 13 53 54 34 89 57 72 33 10 25 15 66 93 10 36 87 17 26 34
94 60 99 60 72 97 16 81 37 73 47 77 22 86 74 56 13 63 22 0 29 22 61 32 99 46 28 95 65 67 53 44 62 78 57 12 53 19 19 24 59 38 32 65 95 70 79 47 55 84 22 53 20 90 10 43 63 16 98 31 20 84 19 47 68 87 76 54 67 16 30 50 45 32 51 22 78 63 69 10 15 82 51 49 41 36 36 75 92 11 91 45 89 64 54 20 71 27 23 20 26 36 55 70 38
70 80 10 78 56 72 49 71 62 85 35 22 67 64 88 39 55 34 75 29 0 49 65 65 77 58 86 83 93 49 53 96 61 20 39 15 78 10 22 56 48 31 77 72 14 16 18 85 59 38 32 62 16 54 19 91 39 78 60 95 52 12 13 34 67 12 21 54 63 45 90 65 43 57 19 59 94 68 81 94 53 99 73 71 59 10 38 96 86 27 40 18 70 34 67 65 88 94 43 52 53 39 55 90 74
88 58 85 60 82 10 20 16 76 40 14 56 51 66 70 21 35 21 79 22 49 0 90 33 94 10 73 23 24 63 21 61 82 14 31 40 94 39 58 34 24 24 98 31 81 32 84 52 35 52 50 74 72 78 78 28 10 17 64 82 30 69 68 99 86 97 10 11 96 24 53 17 85 71 27 84 97 21 49 99 34 80 71 29 39 72 69 98 51 86 72 13 20 95 22 19 51 20 84 92 32 96 69 97 99
27 47 81 64 12 68 71 94 91 36 47 68 95 20 72 50 74 27 67 61 65 90 0 73 48 92 81 68 28 51 55 52 62 73 11 57 65 67 53 37 35 32 91 41 57 50 14 99 17 43 57 43 53 32 18 98 45 35 98 35 48 80 31 54 84 15 64 21 19 72 26 29 54 79 51 97 57 56 27 46 15 94 75 37 38 79 62 39 97 18 68 23 14 66 37 16 96 72 84 76 65 66 13 30 61
69 57 69 68 78 42 23 21 21 94 72 57 67 92 32 55 72 37 98 32 65 33 73 0 26 84 20 38 21 38 75 55 99 87 15 39 31 15 30 83 50 85 92 41 74 73 52 16 44 77 73 62 38 24 50 89 20 91 65 35 94 61 82 59 78 89 92 11 17 65 35 67 19 28 23 79 70 72 95 54 54 14 77 29 50 30 23 85 92 82 49 50 67 52 70 56 32 94 56 99 58 10 73 40 46
22 52 89 68 28 25 74 41 94 97 11 56 28 43 66 45 24 46 37 99 77 94 48 26 0 73 80 62 16 78 64 97 84 68 27 40 42 76 71 68 80 54 95 37 36 83 88 34 29 44 84 17 26 67 68 10 29 29 58 26 48 35 54 21 38 23 14 47 95 81 35 10 25 88 14 34 31 54 68 81 38 31 80 74 45 90 70 48 48 74 73 12 26 94 99 99 66 71 44 10 65 56 61 28 67
90 79 39 27 45 23 45 67 43 60 38 44 62 96 45 76 33 19 18 46 58 10 92 84 73 0 30 20 49 49 42 72 24 51 68 88 29 11 96 62 28 41 43 50 72 99 60 64 47 57 46 55 55 85 98 96 26 87 97 73 29 93 46 78 30 47 12 66 36 13 29 58 76 26 31 70 24 62 79 19 43 69 76 77 58 30 53 13 47 22 24 88 85 92 94 81 60 74 97 16 71 53 74 16 25
84 76 47 84 16 91 28 51 43 56 95 95 35 49 31 14 90 46 51 28 86 73 81 20 80 30 0 20 67 78 51 66 67 38 18 98 45 97 44 37 75 34 41 32 37 93 18 80 75 69 78 76 66 24 11 56 50 63 51 27 11 18 75 83 75 26 94 40 83 86 94 57 42 42 83 23 36 67 12 97 56 82 53 74 87 13 82 23 47 90 34 89 90 33 80 97 29 71 12 58 70 84 94 10 78
18 50 87 30 46 65 77 68 91 85 86 54 44 58 44 44 92 13 93 95 83 23 68 38 62 20 20 0 47 36 21 23 23 62 56 59 12 69 87 94 72 42 24 42 99 59 46 58 61 66 15 15 27 15 18 71 57 21 27 91 29 52 76 32 30 28 33 64 39 19 38 76 50 62 84 25 98 39 98 86 50 71 73 59 81 73 25 19 21 46 90 68 26 71 79 74 20 54 54 14 46 80 93 45 48
73 65 76 39 84 99 47 32 21 26 18 85 72 59 60 89 53 25 91 65 93 24 28 21 16 49 67 47 0 39 75 54 60 91 78 94 90 49 84 97 18 81 35 10 75 36 49 57 79 24 11 71 59 15 77 58 51 46 35 17 84 73 26 31 64 67 79 94 25 81 13 34 53 50 95 73 30 72 37 50 15 74 19 71 84 19 75 51 83 74 85 65 74 55 86 43 33 32 55 15 44 64 60 87 31
20 94 45 81 13 55 52 60 42 21 80 16 65 90 44 94 87 69 26 67 49 63 51 38 78 49 78 36 39 0 52 53 90 14 80 65 37 97 13 10 58 51 67 86 88 85 65 35 21 29 68 17 85 65 16 15 75 72 39 50 54 33 27 79 66 89 20 23 79 29 62 28 75 63 48 98 46 54 95 27 70 22 90 56 30 99 75 33 97 63 50 43 76 45 22 62 98 16 38 65 52 54 42 85 17
64 49 98 37 59 28 20 21 28 97 56 78 19 14 47 80 85 10 65 53 53 21 55 75 64 42 51 21 75 52 0 49 57 23 97 43 32 62 29 56 40 92 94 75 47 65 45 76 74 16 79 99 78 13 78 32 30 43 68 49 21 93 77 96 91 13 45 91 33 51 89 43 31 80 77 33 32 78 76 88 73 31 96 57 95 11 93 19 81 17 34 89 89 90 70 59 39 14 58 71 48 99 41 58 23
35 19 73 19 41 29 91 88 96 80 98 58 42 81 79 41 19 65 78 44 96 61 52 55 97 72 66 23 54 53 49 0 71 69 32 26 13 21 54 76 60 60 16 24 91 24 71 81 19 45 32 35 84 75 63 93 32 64 95 30 98 54 80 22 48 96 70 55 10 89 46 95 22 45 18 14 14 60 25 28 70 10 10 39 74 46 87 20 32 66 70 92 28 37 66 85 74 68 42 12 95 36 36 57 60
91 37 90 79 53 92 61 57 12 30 48 21 51 90 12 92 85 79 38 62 61 82 62 99 84 24 67 23 60 90 57 71 0 29 37 94 57 86 31 93 13 39 86 60 18 86 54 14 18 45 89 74 99 51 22 84 55 69 72 36 80 33 58 29 31 51 72 39 96 83 43 90 54 10 54 76 32 93 21 60 44 96 24 15 81 75 20 85 80 14 18 30 97 97 48 93 27 97 54 80 42 26 99 67 81
61 55 32 96 99 22 96 31 99 93 99 46 62 50 62 71 59 85 72 78 20 14 73 87 68 51 38 62 91 14 23 69 29 0 64 90 25 19 74 10 56 24 17 42 12 58 36 56 24 52 44 34 26 22 41 21 14 79 50 55 11 63 26 43 99 16 66 91 14 83 22 11 51 17 52 62 29 42 93 10 38 41 10 27 33 84 65 51 85 30 70 69 37 23 91 40 40 47 35 56 73 61 35 44 44
34 96 65 51 26 24 44 36 48 57 40 94 76 18 35 44 76 13 90 57 39 31 11 15 27 68 18 56 78 80 97 32 37 64 0 77 61 83 31 84 89 13 16 33 79 19 41 99 38 60 72 46 78 25 82 41 89 93 60 34 37 56 89 33 53 79 81 16 64 31 20 41 11 47 25 63 64 56 66 94 31 59 41 10 26 72 43 43 29 97 74 31 91 93 91 56 53 34 50 37 16 22 56 41 95
40 63 57 36 90 91 83 41 89 17 64 85 17 82 16 68 55 56 27 12 15 40 57 39 40 88 98 59 94 65 43 26 94 90 77 0 80 40 71 27 44 22 50 70 43 98 67 81 78 52 85 93 98 34 21 11 81 87 71 70 34 97 47 98 64 66 27 31 20 32 75 51 17 61 89 24 46 69 42 38 99 26 83 36 14 25 37 39 64 79 27 58 32 40 11 92 21 49 92 37 79 77 96 81 49
63 94 65 71 62 56 97 81 83 33 93 27 76 32 55 64 63 55 93 53 78 94 65 31 42 29 45 12 90 37 32 13 57 25 61 80 0 95 76 95 92 13 77 80 54 60 53 74 95 54 80 31 63 98 26 56 15 25 25 34 54 18 63 52 84 53 34 92 11 17 55 83 51 82 62 34 94 49 17 22 17 58 60 98 27 24 35 50 84 26 61 26 78 77 25 99 84 66 77 75 98 54 88 93 13
91 48 97 81 53 40 51 85 68 46 53 89 23 85 56 34 95 93 80 19 10 39 67 15 76 11 97 69 49 97 62 21 86 19 83 40 95 0 37 33 34 53 41 73 43 23 83 98 14 99 57 60 95 30 42 99 89 70 37 94 25 67 67 72 47 14 48 93 58 34 40 96 22 32 65 47 74 99 38 52 79 69 75 68 50 68 87 99 89 25 50 65 15 38 20 62 71 72 31 67 42 92 98 45 90
81 24 47 87 69 78 40 73 76 28 84 57 96 39 85 74 44 60 29 19 22 58 53 30 71 96 44 87 84 13 29 54 31 74 31 71 76 37 0 51 45 89 93 76 99 65 84 49 74 56 19 11 24 38 20 22 15 83 65 35 43 53 28 41 87 42 48 67 82 15 32 75 70 12 94 46 35 78 10 93 22 57 18 18 31 19 11 38 57 46 74 25 55 14 75 70 16 38 58 61 98 93 43 57 71
66 46 70 50 49 12 72 55 73 32 94 55 97 45 33 38 35 32 15 24 56 34 37 83 68 62 37 94 97 10 56 76 93 10 84 27 95 33 51 0 80 75 10 12 52 53 64 40 97 12 13 99 92 88 56 88 37 73 81 88 52 25 43 98 89 70 50 59 30 97 48 41 14 47 44 60 99 56 25 20 77 21 24 97 44 74 38 99 20 66 29 64 95 40 92 75 90 85 10 86 70 59 25 64 95
41 19 98 59 83 64 36 67 42 61 65 96 25 76 72 54 80 31 50 59 48 24 35 50 80 28 75 72 18 58 40 60 13 56 89 44 92 34 45 80 0 88 14 15 65 81 86 71 80 60 49 87 24 27 43 99 13 39 20 90 35 35 54 30 36 96 58 14 26 35 69 93 84 95 50 80 34 12 31 21 10 38 57 70 28 79 90 92 99 41 33 65 81 88 82 84 26 95 89 23 71 66 52 33 86
47 10 64 65 14 94 15 74 29 83 75 23 44 99 23 62 36 58 89 38 31 24 32 85 54 41 34 42 81 51 92 60 39 24 13 22 13 53 89 75 88 0 23 33 71 65 23 29 45 97 71 30 72 64 13 22 91 72 53 11 36 23 22 99 44 75 32 99 74 24 40 49 77 71 37 51 46 15 17 18 71 54 54 73 44 58 95 44 49 71 57 69 91 15 25 75 74 70 17 98 86 12 96 37 42
47 13 66 92 53 97 81 73 22 58 76 95 68 54 10 76 14 34 23 32 77 98 91 92 95 43 41 24 35 67 94 16 86 17 16 50 77 41 93 10 14 23 0 18 19 40 99 52 10 32 36 99 82 82 93 78 52 87 65 59 23 81 69 49 24 81 71 61 83 73 38 32 84 13 99 47 47 34 47 85 16 41 36 34 21 14 42 34 79 62 71 36 78 71 38 99 85 59 10 11 26 98 82 85 51
56 19 93 34 64 42 59 37 29 59 51 14 49 33 28 54 14 95 16 65 72 31 41 41 37 50 32 42 10 86 75 24 60 42 33 70 80 73 76 12 15 33 18 0 12 23 89 24 19 78 52 11 15 98 75 96 68 69 39 37 74 98 70 80 20 26 14 38 87 95 16 54 73 17 84 63 90 14 71 50 34 35 92 18 90 93 18 53 24 15 51 39 50 99 43 15 62 77 74 12 66 42 74 64 75
18 95 25 81 40 13 71 75 86 41 28 57 51 10 95 67 48 24 73 95 14 81 57 74 36 72 37 99 75 88 47 91 18 12 79 43 54 43 99 52 65 71 19 12 0 81 66 37 21 50 70 26 60 72 50 19 67 25 94 14 39 28 96 39 88 38 60 37 39 93 21 14 25 66 54 63 45 41 42 81 70 70 61 13 98 19 23 80 13 44 35 17 48 78 26 82 24 22 46 81 53 25 28 31 30
50 14 75 81 86 42 21 89 39 78 73 28 94 39 40 96 95 12 48 70 16 32 50 73 83 99 93 59 36 85 65 24 86 58 19 98 60 23 65 53 81 65 40 23 81 0 76 65 27 72 99 44 24 62 75 55 23 66 43 57 35 42 24 86 81 12 53 23 14 55 61 15 76 93 17 64 99 72 30 21 72 50 56 24 72 13 53 84 16 89 45 49 90 20 75 36 45 34 13 52 35 69 19 23 46
43 17 95 20 52 92 41 98 10 62 19 95 64 97 69 74 96 84 91 79 18 84 14 52 88 60 18 46 49 65 45 71 54 36 41 67 53 83 84 64 86 23 99 89 66 76 0 91 75 22 24 47 58 76 74 44 95 27 38 27 46 78 89 77 59 10 59 87 46 25 57 71 11 51 38 43 62 25 83 85 14 82 95 77 76 82 93 77 60 33 70 13 23 34 32 51 73 77 53 27 55 13 87 32 66
75 79 93 69 38 40 64 92 16 13 52 45 98 28 37 18 94 84 40 47 85 52 99 16 34 64 80 58 57 35 76 81 14 56 99 81 74 98 49 40 71 29 52 24 37 65 91 0 67 74 87 15 59 74 53 53 59 24 88 53 62 83 23 88 28 30 53 19 68 81 87 29 82 47 62 89 84 92 37 28 49 65 98 22 60 29 84 76 50 39 67 96 28 62 75 76 58 90 79 79 58 26 39 42 28
69 58 86 40 23 88 43 23 34 35 75 51 23 66 17 32 35 43 99 55 59 35 17 44 29 47 75 61 79 21 74 19 18 24 38 78 95 14 74 97 80 45 10 19 21 27 75 67 0 52 36 29 17 90 27 15 87 21 31 99 13 58 58 28 75 80 62 88 76 62 27 12 91 55 48 83 68 36 67 13 46 86 99 84 34 63 45 17 86 99 20 51 70 83 98 40 11 65 21 63 50 59 49 79 67
16 46 17 42 15 27 14 61 79 61 94 17 79 47 46 49 26 52 81 84 38 52 43 77 44 57 69 66 24 29 16 45 45 52 60 52 54 99 56 12 60 97 32 78 50 72 22 74 52 0 20 71 56 38 45 37 56 27 33 96 42 29 71 58 17 83 99 29 80 34 88 25 44 11 82 36 75 63 20 59 36 80 19 49 84 89 64 80 67 42 51 15 81 46 18 10 11 64 99 75 76 17 10 61 33
11 23 46 44 22 63 24 60 89 59 74 60 86 93 54 96 71 24 38 22 32 50 57 73 84 46 78 15 11 68 79 32 89 44 72 85 80 57 19 13 49 71 36 52 70 99 24 87 36 20 0 13 12 14 13 91 99 25 73 44 87 19 52 88 16 96 23 11 85 71 50 72 29 20 94 12 67 79 17 26 93 59 95 22 25 58 90 73 31 62 54 98 65 36 70 29 54 42 72 63 75 34 68 59 88
78 12 12 33 43 64 91 53 71 80 76 55 27 83 15 27 94 89 36 53 62 74 43 62 17 55 76 15 71 17 99 35 74 34 46 93 31 60 11 99 87 30 99 11 26 44 47 15 29 71 13 0 61 61 74 20 66 25 46 61 16 48 28 44 17 88 19 83 39 45 68 93 99 61 34 83 69 97 48 47 52 76 36 45 76 12 86 86 29 94 86 60 94 45 12 64 40 41 71 29 80 49 86 50 37
86 59 76 12 67 66 67 36 23 72 86 47 67 84 32 79 92 55 81 20 16 72 53 38 26 55 66 27 59 85 78 84 99 26 78 98 63 95 24 92 24 72 82 15 60 24 58 59 17 56 12 61 0 92 86 42 29 27 63 16 33 36 51 79 68 91 95 31 98 28 85 76 41 43 10 11 26 89 91 63 40 22 92 40 11 19 14 86 73 30 80 87 38 27 49 80 88 58 14 24 18 24 33 59 58
44 97 79 70 36 90 20 42 63 25 25 39 15 53 79 98 63 74 27 90 54 78 32 24 67 85 24 15 15 65 13 75 51 22 25 34 98 30 38 88 27 64 82 98 72 62 76 74 90 38 14 61 92 0 71 49 37 86 99 70 19 55 67 91 39 62 92 69 14 83 76 92 56 83 40 91 41 92 23 96 16 25 63 49 86 91 40 95 17 24 98 40 92 35 98 40 88 76 36 40 89 90 92 26 58
44 58 32 40 99 96 48 58 40 64 62 41 42 44 51 28 59 92 51 10 19 78 18 50 68 98 11 18 77 16 78 63 22 41 82 21 26 42 20 56 43 13 93 75 50 75 74 53 27 45 13 74 86 71 0 77 35 66 40 66 49 46 46 26 97 49 74 45 48 56 86 11 23 68 82 74 84 63 40 60 97 47 33 56 53 39 21 91 14 53 80 25 95 54 91 98 29 71 65 15 12 74 32 70 95
87 19 96 65 60 58 16 70 51 71 74 40 33 42 59 70 19 88 24 43 91 28 98 89 10 96 56 71 58 15 32 93 84 21 41 11 56 99 22 88 99 22 78 96 19 55 44 53 15 37 91 20 42 49 77 0 86 52 19 37 33 44 30 45 66 73 76 15 59 19 51 15 24 15 95 61 13 22 95 80 81 16 56 11 19 91 49 58 23 43 95 45 77 14 19 37 64 51 27 35 97 34 65 93 32
54 41 54 22 38 42 10 62 58 71 50 50 23 26 67 45 38 24 26 63 39 10 45 20 29 26 50 57 51 75 30 32 55 14 89 81 15 89 15 37 13 91 52 68 67 23 95 59 87 56 99 66 29 37 35 86 0 20 22 84 54 28 43 16 69 81 77 77 95 28 22 32 39 15 64 18 45 22 35 71 62 65 33 35 75 46 81 18 70 29 79 82 53 36 21 71 61 83 37 50 25 98 87 21 18
70 22 51 54 13 44 92 59 95 51 17 23 75 23 17 20 93 64 28 16 78 17 35 91 29 87 63 21 46 72 43 64 69 79 93 87 25 70 83 73 39 72 87 69 25 66 27 24 21 27 25 25 27 86 66 52 20 0 57 38 53 86 98 35 42 76 66 11 56 66 27 75 89 72 76 73 68 65 94 70 97 10 22 62 57 17 64 24 61 12 87 35 35 61 97 49 56 80 44 96 69 70 52 81 77
46 91 91 72 48 95 57 66 15 89 45 60 84 80 11 55 14 12 48 98 60 64 98 65 58 97 51 27 35 39 68 95 72 50 60 71 25 37 65 81 20 53 65 39 94 43 38 88 31 33 73 46 63 99 40 19 22 57 0 53 64 98 45 37 31 93 69 65 32 69 58 13 78 49 34 89 33 24 49 37 56 84 15 83 38 72 63 47 67 21 12 30 28 25 82 59 74 59 47 49 98 67 88 27 32
49 58 68 52 82 72 21 10 81 49 34 49 66 53 92 88 85 98 29 31 95 82 35 35 26 73 27 91 17 50 49 30 36 55 34 70 34 94 35 88 90 11 59 37 14 57 27 53 99 96 44 61 16 70 66 37 84 38 53 0 49 43 10 80 95 36 98 30 57 50 82 25 29 10 30 77 11 86 53 96 86 12 13 18 84 66 96 66 28 68 48 20 61 33 81 93 84 64 16 56 55 39 84 91 94
85 64 95 54 85 65 57 84 69 78 89 23 32 12 37 81 89 65 60 20 52 30 48 94 48 29 11 29 84 54 21 98 80 11 37 34 54 25 43 52 35 36 23 74 39 35 46 62 13 42 87 16 33 19 49 33 54 53 64 49 0 41 99 14 21 74 40 86 85 69 78 14 97 53 38 19 56 93 44 97 63 41 17 15 44 48 80 37 49 61 91 91 61 11 45 38 92 86 22 43 46 27 89 65 74
30 21 44 88 73 31 42 64 58 25 92 47 55 80 70 41 65 67 67 84 12 69 80 61 35 93 18 52 73 33 93 54 33 63 56 97 18 67 53 25 35 23 81 98 28 42 78 83 58 29 19 48 36 55 46 44 28 86 98 43 41 0 96 94 21 61 70 98 86 58 40 76 65 32 31 71 89 16 70 71 35 29 70 10 37 50 59 99 56 70 47 74 59 27 85 77 37 65 89 81 62 85 49 56 57
24 62 27 65 94 59 60 43 59 67 51 13 91 19 11 76 14 84 74 19 13 68 31 82 54 46 75 76 26 27 77 80 58 26 89 47 63 67 28 43 54 22 69 70 96 24 89 23 58 71 52 28 51 67 46 30 43 98 45 10 99 96 0 90 12 22 24 16 99 86 78 91 72 93 96 71 55 20 19 90 70 93 75 33 78 74 92 38 34 55 62 46 49 82 35 81 75 49 26 25 97 48 28 77 55
15 67 57 93 72 79 85 25 18 87 98 41 82 23 99 74 69 61 38 47 34 99 54 59 21 78 83 32 31 79 96 22 29 43 33 98 52 72 41 98 30 99 49 80 39 86 77 88 28 58 88 44 79 91 26 45 16 35 37 80 14 94 90 0 72 95 95 86 95 47 72 57 99 99 15 59 25 76 41 71 64 70 38 80 13 20 34 94 50 96 92 74 73 78 67 18 26 39 16 34 50 90 34 74 12
74 33 25 21 96 76 31 56 22 34 21 18 72 69 15 80 96 21 80 68 67 86 84 78 38 30 75 30 64 66 91 48 31 99 53 64 84 47 87 89 36 44 24 20 88 81 59 28 75 17 16 17 68 39 97 66 69 42 31 95 21 21 12 72 0 29 85 69 94 68 70 81 45 73 30 65 25 54 60 52 17 79 77 69 91 36 25 43 15 78 32 14 80 82 48 84 80 81 72 33 29 57 39 74 82
95 85 18 33 16 91 90 90 98 60 74 44 52 41 69 42 36 62 70 87 12 97 15 89 23 47 26 28 67 89 13 96 51 16 79 66 53 14 42 70 96 75 81 26 38 12 10 30 80 83 96 88 91 62 49 73 81 76 93 36 74 61 22 95 29 0 35 26 15 81 42 17 64 26 85 30 57 30 43 87 12 97 17 40 78 21 90 80 28 22 98 56 54 89 22 92 89 36 61 95 81 52 32 46 23
65 12 70 29 56 20 48 36 70 85 71 17 61 60 65 66 15 42 74 76 21 10 64 92 14 12 94 33 79 20 45 70 72 66 81 27 34 48 48 50 58 32 71 14 60 53 59 53 62 99 23 19 95 92 74 76 77 66 69 98 40 70 24 95 85 35 0 32 10 76 77 56 29 37 28 93 25 62 58 38 82 98 69 77 60 76 44 56 13 43 54 41 81 82 18 48 36 92 84 49 47 71 90 65 31
58 94 71 84 91 72 57 50 27 84 96 40 49 59 76 32 66 10 59 54 54 11 21 11 47 66 40 64 94 23 91 55 39 91 16 31 92 93 67 59 14 99 61 38 37 23 87 19 88 29 11 83 31 69 45 15 77 11 65 30 86 98 16 86 69 26 32 0 32 65 93 60 38 33 64 76 42 48 39 24 54 54 29 76 12 75 55 51 10 89 50 49 32 28 14 30 19 75 98 23 28 32 53 75 89
76 88 77 75 58 33 60 92 46 96 62 19 26 20 28 45 95 76 63 67 63 96 19 17 95 36 83 39 25 79 33 10 96 14 64 20 11 58 82 30 26 74 83 87 39 14 46 68 76 80 85 39 98 14 48 59 95 56 32 57 85 86 99 95 94 15 10 32 0 42 25 70 68 95 41 71 12 62 81 96 94 16 36 89 39 23 79 67 36 69 90 17 37 17 93 36 20 95 22 49 60 47 61 18 45
54 76 89 76 96 46 57 27 96 68 67 11 67 90 13 64 49 35 69 16 45 24 72 65 81 13 86 19 81 29 51 89 83 83 31 32 17 34 15 97 35 24 73 95 93 55 25 81 62 34 71 45 28 83 56 19 28 66 69 50 69 58 86 47 68 81 76 65 42 0 30 49 55 94 74 48 31 90 49 60 96 23 89 87 58 89 68 12 74 95 72 54 56 42 85 13 30 67 10 66 82 84 23 81 38
27 78 52 63 96 92 28 46 80 37 12 37 83 28 55 66 64 12 93 30 90 53 26 35 35 29 94 38 13 62 89 46 43 22 20 75 55 40 32 48 69 40 38 16 21 61 57 87 27 88 50 68 85 76 86 51 22 27 58 82 78 40 78 72 70 42 77 93 25 30 0 60 36 81 44 94 10 99 26 24 10 73 17 62 94 35 28 97 25 69 33 65 15 31 25 58 86 16 10 52 57 17 58 82 49
74 18 91 40 42 76 89 47 40 61 57 95 41 90 29 41 69 85 78 50 65 17 29 67 10 58 57 76 34 28 43 95 90 11 41 51 83 96 75 41 93 49 32 54 14 15 71 29 12 25 72 93 76 92 11 15 32 75 13 25 14 76 91 57 81 17 56 60 70 49 60 0 48 92 59 51 70 14 11 87 25 93 55 34 24 15 58 89 27 40 53 88 24 27 38 39 59 20 43 84 74 13 80 15 80
50 93 93 37 33 29 37 96 63 87 11 32 43 75 43 34 22 77 56 45 43 85 54 19 25 76 42 50 53 75 31 22 54 51 11 17 51 22 70 14 84 77 84 73 25 76 11 82 91 44 29 99 41 56 23 24 39 89 78 29 97 65 72 99 45 64 29 38 68 55 36 48 0 78 48 84 59 93 10 45 85 94 85 22 47 47 21 22 98 84 87 45 29 92 80 29 57 62 58 56 85 56 66 39 99
87 89 43 88 89 97 54 91 59 73 55 62 10 95 19 24 93 34 59 32 57 71 79 28 88 26 42 62 50 63 80 45 10 17 47 61 82 32 12 47 95 71 13 17 66 93 51 47 55 11 20 61 43 83 68 15 15 72 49 10 53 32 93 99 73 26 37 33 95 94 81 92 78 0 46 40 57 97 61 14 40 78 43 27 92 90 79 66 40 91 14 54 13 43 43 99 88 40 68 53 64 17 10 40 32
16 43 97 61 74 73 59 63 10 82 59 28 20 60 52 31 67 60 70 51 19 27 51 23 14 31 83 84 95 48 77 18 54 52 25 89 62 65 94 44 50 37 99 84 54 17 38 62 48 82 94 34 10 40 82 95 64 76 34 30 38 31 96 15 30 85 28 64 41 74 44 59 48 46 0 29 38 43 20 96 89 25 46 43 34 62 67 82 21 86 40 70 79 95 84 26 93 13 13 38 60 23 69 81 38
61 57 16 10 59 31 66 75 78 25 93 98 17 26 95 56 78 18 58 22 59 84 97 79 34 70 23 25 73 98 33 14 76 62 63 24 34 47 46 60 80 51 47 63 63 64 43 89 83 36 12 83 11 91 74 61 18 73 89 77 19 71 71 59 65 30 93 76 71 48 94 51 84 40 29 0 30 11 55 80 31 42 84 36 35 15 59 36 26 82 56 97 35 94 24 35 39 87 26 36 40 24 85 30 74
84 15 91 94 13 75 99 24 82 78 36 98 85 11 70 23 87 65 70 78 94 97 57 70 31 24 36 98 30 46 32 14 32 29 64 46 94 74 35 99 34 46 47 90 45 99 62 84 68 75 67 69 26 41 84 13 45 68 33 11 56 89 55 25 25 57 25 42 12 31 10 70 59 57 38 30 0 14 40 68 87 65 87 66 60 40 99 75 32 20 59 71 71 39 63 75 35 25 44 55 76 27 67 13 23
18 91 67 57 58 85 27 89 57 83 19 59 84 72 45 20 84 35 80 63 68 21 56 72 54 62 67 39 72 54 78 60 93 42 56 69 49 99 78 56 12 15 34 14 41 72 25 92 36 63 79 97 89 92 63 22 22 65 24 86 93 16 20 76 54 30 62 48 62 90 99 14 93 97 43 11 14 0 79 53 39 98 92 90 34 81 91 49 44 63 24 14 40 45 98 81 75 20 91 51 32 13 21 76 55
93 71 23 22 24 86 33 12 72 69 95 47 72 17 69 22 34 65 13 69 81 49 27 95 68 79 12 98 37 95 76 25 21 93 66 42 17 38 10 25 31 17 47 71 42 30 83 37 67 20 17 48 91 23 40 95 35 94 49 53 44 70 19 41 60 43 58 39 81 49 26 11 10 61 20 55 40 79 0 38 72 71 61 38 11 76 97 44 46 79 90 45 84 42 20 75 42 11 89 35 18 94 21 99 17
91 79 22 12 36 29 66 41 51 88 89 28 70 17 85 71 31 65 58 10 94 99 46 54 81 19 97 86 50 27 88 28 60 10 94 38 22 52 93 20 21 18 85 50 81 21 85 28 13 59 26 47 63 96 60 80 71 70 37 96 97 71 90 71 52 87 38 24 96 60 24 87 45 14 96 80 68 53 38 0 13 58 24 48 40 52 56 34 47 60 70 83 51 42 90 15 46 91 41 67 59 19 82 68 72
64 35 87 12 92 11 14 36 61 41 71 58 94 93 60 94 63 44 73 15 53 34 15 54 38 43 56 50 15 70 73 70 44 38 31 99 17 79 22 77 10 71 16 34 70 72 14 49 46 36 93 52 40 16 97 81 62 97 56 86 63 35 70 64 17 12 82 54 94 96 10 25 85 40 89 31 87 39 72 13 0 47 57 41 27 87 35 83 23 42 64 12 71 85 43 19 99 90 80 38 97 85 56 88 36
29 61 98 32 16 64 45 89 68 94 98 69 44 28 62 49 90 35 53 82 99 80 94 14 31 69 82 71 74 22 31 10 96 41 59 26 58 69 57 21 38 54 41 35 70 50 82 65 86 80 59 76 22 25 47 16 65 10 84 12 41 29 93 70 79 97 98 54 16 23 73 93 94 78 25 42 65 98 71 58 47 0 69 57 92 94 49 34 68 38 27 43 19 83 47 50 91 84 99 70 97 75 26 97 66
16 82 20 82 55 74 76 32 58 84 50 25 13 48 22 11 43 65 97 51 73 71 75 77 80 76 53 73 19 90 96 10 24 10 41 83 60 75 18 24 57 54 36 92 61 56 95 98 99 19 95 36 92 63 33 56 33 22 15 13 17 70 75 38 77 17 69 29 36 89 17 55 85 43 46 84 87 92 61 24 57 69 0 57 37 10 34 79 36 68 96 94 42 26 40 37 85 20 73 17 91 81 60 18 40
13 99 21 24 71 11 78 52 28 27 77 44 62 18 47 40 59 39 19 49 71 29 37 29 74 77 74 59 71 56 57 39 15 27 10 36 98 68 18 97 70 73 34 18 13 24 77 22 84 49 22 45 40 49 56 11 35 62 83 18 15 10 33 80 69 40 77 76 89 87 62 34 22 27 43 36 66 90 38 48 41 57 57 0 65 82 27 48 25 72 10 27 59 44 29 78 32 30 90 42 99 17 61 25 17
63 73 49 98 78 70 34 67 27 55 77 19 32 59 70 86 15 56 20 41 59 39 38 50 45 58 87 81 84 30 95 74 81 33 26 14 27 50 31 44 28 44 21 90 98 72 76 60 34 84 25 76 11 86 53 19 75 57 38 84 44 37 78 13 91 78 60 12 39 58 94 24 47 92 34 35 60 34 11 40 27 92 37 65 0 67 15 27 39 20 86 11 74 38 26 79 98 84 50 75 60 71 67 38 52
32 70 80 70 23 85 33 33 41 25 47 41 73 64 65 24 43 26 36 36 10 72 79 30 90 30 13 73 19 99 11 46 75 84 72 25 24 68 19 74 79 58 14 93 19 13 82 29 63 89 58 12 19 91 39 91 46 17 72 66 48 50 74 20 36 21 76 75 23 89 35 15 47 90 62 15 40 81 76 52 87 94 10 82 67 0 76 58 89 77 90 12 66 28 84 89 13 15 65 34 38 42 87 50 79
93 92 22 87 88 66 18 84 14 31 38 44 91 43 53 22 83 92 13 36 38 69 62 23 70 53 82 25 75 75 93 87 20 65 43 37 35 87 11 38 90 95 42 18 23 53 93 84 45 64 90 86 14 40 21 49 81 64 63 96 80 59 92 34 25 90 44 55 79 68 28 58 21 79 67 59 99 91 97 56 35 49 34 27 15 76 0 87 78 75 74 48 72 27 10 36 58 35 26 18 12 33 86 10 19
11 98 72 21 48 77 65 83 92 82 95 78 17 97 31 77 90 81 53 75 96 98 39 85 48 13 23 19 51 33 19 20 85 51 43 39 50 99 38 99 92 44 34 53 80 84 77 76 17 80 73 86 86 95 91 58 18 24 47 66 37 99 38 94 43 80 56 51 67 12 97 89 22 66 82 36 75 49 44 34 83 34 79 48 27 58 87 0 75 49 32 67 85 98 94 94 12 74 89 41 32 43 43 13 63
66 88 40 72 16 14 27 40 17 31 67 60 33 96 55 45 38 18 54 92 86 51 97 92 48 47 47 21 83 97 81 32 80 85 29 64 84 89 57 20 99 49 79 24 13 16 60 50 86 67 31 29 73 17 14 23 70 61 67 28 49 56 34 50 15 28 13 10 36 74 25 27 98 40 21 26 32 44 46 47 23 68 36 25 39 89 78 75 0 73 64 37 50 10 79 73 29 93 13 53 30 23 48 72 73
66 53 26 33 31 19 72 91 17 16 21 77 95 58 13 54 28 60 34 11 27 86 18 82 74 22 90 46 74 63 17 66 14 30 97 79 26 25 46 66 41 71 62 15 44 89 33 39 99 42 62 94 30 24 53 43 29 12 21 68 61 70 55 96 78 22 43 89 69 95 69 40 84 91 86 82 20 63 79 60 42 38 68 72 20 77 75 49 73 0 15 43 28 73 84 36 69 24 55 40 88 32 67 56 21
68 31 42 12 94 18 65 56 75 39 47 45 78 92 65 15 11 31 89 91 40 72 68 49 73 24 34 90 85 50 34 70 18 70 74 27 61 50 74 29 33 57 71 51 35 45 70 67 20 51 54 86 80 98 80 95 79 87 12 48 91 47 62 92 32 98 54 50 90 72 33 53 87 14 40 56 59 24 90 70 64 27 96 10 86 90 74 32 64 15 0 84 70 41 84 19 61 53 62 90 79 59 92 49 65
98 59 94 76 74 15 12 40 55 51 90 89 91 30 71 19 94 39 57 45 18 13 23 50 12 88 89 68 65 43 89 92 30 69 31 58 26 65 25 64 65 69 36 39 17 49 13 96 51 15 98 60 87 40 25 45 82 35 30 20 91 74 46 74 14 56 41 49 17 54 65 88 45 54 70 97 71 14 45 83 12 43 94 27 11 12 48 67 37 43 84 0 39 77 78 80 58 13 75 51 61 53 93 13 96
22 21 10 95 42 89 61 98 13 87 14 75 53 12 92 69 41 21 72 89 70 20 14 67 26 85 90 26 74 76 89 28 97 37 91 32 78 15 55 95 81 91 78 50 48 90 23 28 70 81 65 94 38 92 95 77 53 35 28 61 61 59 49 73 80 54 81 32 37 56 15 24 29 13 79 35 71 40 84 51 71 19 42 59 74 66 72 85 50 28 70 39 0 24 59 43 21 84 11 39 65 19 93 34 43
21 71 30 23 76 65 86 40 51 86 10 77 80 79 62 12 56 73 33 64 34 95 66 52 94 92 33 71 55 45 90 37 97 23 93 40 77 38 14 40 88 15 71 99 78 20 34 62 83 46 36 45 27 35 54 14 36 61 25 33 11 27 82 78 82 89 82 28 17 42 31 27 92 43 95 94 39 45 42 42 85 83 26 44 38 28 27 98 10 73 41 77 24 0 63 87 30 13 98 16 41 11 64 21 33
10 70 61 83 41 39 81 91 91 20 57 60 72 89 60 62 98 14 10 54 67 22 37 70 99 94 80 79 86 22 70 66 48 91 91 11 25 20 75 92 82 25 38 43 26 75 32 75 98 18 70 12 49 98 91 19 21 97 82 81 45 85 35 67 48 22 18 14 93 85 25 38 80 43 84 24 63 98 20 90 43 47 40 29 26 84 10 94 79 84 84 78 59 63 0 61 50 14 38 62 96 21 42 55 87
11 13 42 37 20 73 13 28 67 30 93 45 36 21 38 95 81 39 25 20 65 19 16 56 99 81 97 74 43 62 59 85 93 40 56 92 99 62 70 75 84 75 99 15 82 36 51 76 40 10 29 64 80 40 98 37 71 49 59 93 38 77 81 18 84 92 48 30 36 13 58 39 29 99 26 35 75 81 75 15 19 50 37 78 79 89 36 94 73 36 19 80 43 87 61 0 85 18 56 74 73 17 80 61 35
67 81 16 61 22 73 75 87 78 70 70 93 37 56 77 14 10 26 15 71 88 51 96 32 66 60 29 20 33 98 39 74 27 40 53 21 84 71 16 90 26 74 85 62 24 45 73 58 11 11 54 40 88 88 29 64 61 56 74 84 92 37 75 26 80 89 36 19 20 30 86 59 57 88 93 39 35 75 42 46 99 91 85 32 98 13 58 12 29 69 61 58 21 30 50 85 0 81 71 63 83 88 15 43 12
78 38 48 23 85 13 97 28 63 14 34 67 14 64 33 93 18 91 66 27 94 20 72 94 71 74 71 54 32 16 14 68 97 47 34 49 66 72 38 85 95 70 59 77 22 34 77 90 65 64 42 41 58 76 71 51 83 80 59 64 86 65 49 39 81 36 92 75 95 67 16 20 62 40 13 87 25 20 11 91 90 84 20 30 84 15 35 74 93 24 53 13 84 13 14 18 81 0 14 13 40 71 10 47 93
60 25 82 14 21 98 24 48 39 73 23 15 10 52 52 98 32 61 93 23 43 84 84 56 44 97 12 54 55 38 58 42 54 35 50 92 77 31 58 10 89 17 10 74 46 13 53 79 21 99 72 71 14 36 65 27 37 44 47 16 22 89 26 16 72 61 84 98 22 10 10 43 58 68 13 26 44 91 89 41 80 99 73 90 50 65 26 89 13 55 62 75 11 98 38 56 71 14 0 49 71 68 42 77 35
64 99 57 14 28 81 32 46 98 23 54 92 46 26 39 75 65 84 10 20 52 92 76 99 10 16 58 14 15 65 71 12 80 56 37 37 75 67 61 86 23 98 11 12 81 52 27 79 63 75 63 29 24 40 15 35 50 96 49 56 43 81 25 34 33 95 49 23 49 66 52 84 56 53 38 36 55 51 35 67 38 70 17 42 75 34 18 41 53 40 90 51 39 16 62 74 63 13 49 0 73 35 78 22 75
59 34 50 11 83 52 97 54 86 30 25 70 42 11 66 65 38 78 36 26 53 32 65 58 65 71 70 46 44 52 48 95 42 73 16 79 98 42 98 70 71 86 26 66 53 35 55 58 50 76 75 80 18 89 12 97 25 69 98 55 46 62 97 50 29 81 47 28 60 82 57 74 85 64 60 40 76 32 18 59 97 97 91 99 60 38 12 32 30 88 79 61 65 41 96 73 83 40 71 73 0 25 46 72 93
36 94 48 49 46 98 24 59 13 76 77 90 87 62 39 58 40 93 87 36 39 96 66 10 56 53 84 80 64 54 99 36 26 61 22 77 54 92 93 59 66 12 98 42 25 69 13 26 59 17 34 49 24 90 74 34 98 70 67 39 27 85 48 90 57 52 71 32 47 84 17 13 56 17 23 24 27 13 94 19 85 75 81 17 71 42 33 43 23 32 59 53 19 11 21 17 88 71 68 35 25 0 65 31 93
23 98 87 25 46 94 51 28 34 72 21 11 18 36 92 21 62 88 17 55 55 69 13 73 61 74 94 93 60 42 41 36 99 35 56 96 88 98 43 25 52 96 82 74 28 19 87 39 49 10 68 86 33 92 32 65 87 52 88 84 89 49 28 34 39 32 90 53 61 23 58 80 66 10 69 85 67 21 21 82 56 26 60 61 67 87 86 43 48 67 92 93 93 64 42 80 15 10 42 78 46 65 0 80 17
45 77 68 72 34 91 17 11 75 28 30 29 40 75 16 49 91 17 26 70 90 97 30 40 28 16 10 45 87 85 58 57 67 44 41 81 93 45 57 64 33 37 85 64 31 23 32 42 79 61 59 50 59 26 70 93 21 81 27 91 65 56 77 74 74 46 65 75 18 81 82 15 39 40 81 30 13 76 99 68 88 97 18 25 38 50 10 13 72 56 49 13 34 21 55 61 43 47 77 22 72 31 80 0 34
77 90 67 43 15 94 73 76 75 99 57 63 61 99 46 78 58 77 34 38 74 99 61 46 67 25 78 48 31 17 23 60 81 44 95 49 13 90 71 95 86 42 51 75 30 46 66 28 67 33 88 37 58 58 95 32 18 77 32 94 74 57 55 12 82 23 31 89 45 38 49 80 99 32 38 74 23 55 17 72 36 66 40 17 52 79 19 63 73 21 65 96 43 33 87 35 12 93 35 75 93 93 17 34 0