125
0 89 68 73 44 83 34 17 26 26 34 28 91 43 95 15 23 37 22 78 96 23 92 82 58 26 68 55 36 43 88 22 55 48 14 50 49 54 18 18 47 87 60 51 86 68 67 54 99 41 53 87 88 33 19 79 23 22 51 97 63 74 13 13 52 71 29 85 16 81 31 83 86 61 53 80 15 65 11 18 57 48 39 72 96 55 64 27 57 97 94 14 66 13 94 14 55 75 38 60 63 97 71 85 37 98 86 86 67 13 40 44 32 12 77 65 38 87 72 53 89 95 57 34 79
89 0 41 49 22 29 73 15 81 70 85 75 28 85 95 37 27 11 96 44 92 45 44 72 52 26 29 98 52 61 39 71 41 82 41 78 66 46 53 31 48 10 42 91 51 19 87 15 73 14 53 80 11 47 17 57 42 42 20 44 33 55 99 22 13 35 28 36 66 37 92 41 53 10 76 92 31 39 76 84 91 42 17 86 13 14 80 72 67 98 88 20 88 11 25 54 40 81 27 72 86 43 15 15 95 87 70 97 93 34 74 40 25 97 86 39 94 68 30 66 63 81 18 61 41
68 41 0 80 59 58 76 89 95 25 50 22 72 63 38 44 37 34 77 33 81 16 40 13 85 37 32 85 18 50 49 97 74 18 23 24 11 44 60 18 81 94 87 90 24 39 30 30 80 19 57 97 21 76 66 30 12 64 35 89 86 70 28 73 94 20 19 24 96 39 59 62 31 62 98 64 64 58 83 34 93 63 89 34 24 45 82 24 55 19 10 96 25 78 30 94 89 57 29 13 81 27 72 51 91 85 89 26 70 10 24 98 90 72 93 29 67 13 53 80 12 23 83 79 16
73 49 80 0 88 50 57 97 87 34 82 50 70 74 39 93 79 90 22 93 40 57 20 58 43 84 50 11 18 89 77 34 53 85 19 41 69 87 80 56 79 55 35 21 21 37 30 27 80 97 24 75 96 86 39 59 17 60 39 12 66 94 43 16 63 63 16 88 15 63 45 88 94 30 80 19 42 49 50 27 53 89 42 79 51 57 33 41 77 70 90 11 98 59 81 80 59 64 18 74 85 20 66 18 77 77 75 13 14 42 17 72 21 76 18 12 71 69 18 23 13 86 43 58 21
44 22 59 88 0 32 19 53 19 78 79 66 18 75 39 62 22 95 23 10 51 71 26 90 23 15 37 50 18 46 44 21 32 88 62 88 85 81 80 48 83 71 16 48 92 44 37 50 19 94 56 16 30 73 33 50 54 70 73 41 86 95 77 71 81 28 11 95 90 67 95 98 54 60 26 93 93 23 91 40 87 63 94 68 38 86 67 32 29 78 76 69 28 62 88 67 84 45 90 35 90 10 67 69 92 70 86 11 15 47 44 85 39 70 25 17 43 20 31 83 50 54 42 14 87
83 29 58 50 32 0 67 98 69 51 18 23 21 47 49 42 27 25 15 40 54 28 91 42 93 86 85 29 31 63 42 96 54 34 23 84 43 89 22 12 68 25 19 35 27 59 31 28 90 52 17 33 55 49 88 90 98 12 67 11 30 83 74 24 86 37 29 18 54 39 75 53 20 40 85 72 66 20 29 68 46 59 28 16 46 81 86 74 53 22 90 92 70 19 13 48 54 57 42 19 82 65 83 26 76 73 56 70 28 49 85 11 75 45 12 57 87 88 97 15 66 65 66 49 51
34 73 76 57 19 67 0 79 59 99 66 25 51 45 68 44 10 49 24 12 18 73 88 99 23 17 93 54 67 63 86 57 58 56 73 85 98 39 88 31 12 44 81 96 67 96 27 29 71 85 72 76 15 80 42 16 44 60 67 51 34 23 42 38 94 64 73 12 10 43 17 37 72 16 65 23 61 86 53 80 51 83 50 23 97 55 29 71 37 15 79 22 11 51 56 54 90 60 38 59 83 61 26 23 57 63 16 74 92 16 29 30 64 17 32 66 56 38 47 54 94 17 28 95 49
17 15 89 97 53 98 79 0 96 18 84 75 84 88 69 19 81 49 11 94 30 20 19 69 75 67 76 65 92 73 43 76 74 85 55 66 84 14 62 25 87 69 36 74 91 89 77 11 32 94 86 87 34 17 73 39 82 54 22 38 98 89 17 97 60 34 75 76 94 41 75 30 19 18 38 74 75 78 31 67 38 92 89 35 86 50 85 71 73 97 51 57 92 83 85 16 74 49 52 10 16 82 24 40 87 38 75 64 45 41 57 11 25 25 91 39 64 88 86 95 11 39 13 94 54
26 81 95 87 19 69 59 96 0 86 51 79 23 40 95 28 17 14 22 80 43 52 52 86 31 70 24 73 10 97 99 72 63 50 51 95 73 16 16 54 89 48 96 23 13 61 47 39 12 37 72 96 71 97 59 71 18 41 36 26 17 54 44 13 20 48 94 38 92 57 30 16 18 24 30 43 54 34 64 60 92 22 15 63 96 36 67 63 29 36 33 94 96 83 84 72 55 39 27 78 40 67 18 87 66 60 13 86 11 61 65 60 90 54 58 77 75 77 20 38 89 35 58 44 19
26 70 25 34 78 51 99 18 86 0 27 59 18 38 19 63 11 77 91 13 56 66 74 70 19 51 51 11 49 83 68 76 68 54 14 31 57 72 22 60 99 64 56 18 49 62 41 72 79 60 58 15 27 41 90 77 75 32 72 97 79 65 58 71 39 13 90 94 89 31 84 94 15 13 49 75 48 26 46 74 38 95 74 87 99 60 63 99 74 98 23 34 17 45 57 38 33 40 67 61 73 11 99 22 50 20 19 80 50 65 28 49 77 78 10 62 58 76 44 45 59 80 39 24 38
34 85 50 82 79 18 66 84 51 27 0 74 59 49 46 74 54 83 42 21 49 56 88 58 26 46 14 78 41 45 35 42 84 12 44 71 33 49 17 30 58 10 83 62 12 41 53 59 74 61 11 81 66 39 40 71 12 41 73 55 29 91 23 14 48 14 65 20 88 14 85 66 27 34 61 81 46 40 34 80 42 84 94 40 50 75 80 57 68 22 85 38 63 71 20 32 85 12 93 45 58 22 85 75 28 44 51 61 42 73 53 96 49 95 32 23 63 30 98 80 15 19 77 38 27
28 75 22 50 66 23 25 75 79 59 74 0 83 37 85 50 88 76 97 52 92 17 62 99 35 93 72 22 57 34 42 89 61 23 24 27 55 98 49 13 53 28 29 60 72 88 60 95 60 88 56 15 30 56 74 21 21 35 25 22 93 96 96 78 91 36 57 91 33 91 24 51 53 13 45 64 35 68 96 43 89 17 46 60 28 53 42 73 51 82 99 80 52 42 72 87 18 52 12 97 76 77 79 30 43 38 13 83 27 66 44 47 71 60 70 79 59 41 77 89 12 76 15 46 76
91 28 72 70 18 21 51 84 23 18 59 83 0 53 54 61 72 48 40 86 95 32 30 56 72 12 50 97 59 60 54 14 17 82 69 75 45 78 78 48 13 83 84 61 25 35 34 97 75 12 43 21 31 90 29 65 90 67 26 23 23 76 21 46 46 31 38 71 73 30 98 84 38 53 80 27 29 86 99 37 48 78 87 31 37 78 63 24 36 13 96 78 64 40 89 33 82 58 42 68 39 34 22 48 63 61 50 70 91 76 26 85 56 43 88 12 72 81 81 93 93 15 76 48 76
43 85 63 74 75 47 45 88 40 38 49 37 53 0 44 50 18 18 13 24 34 87 97 84 49 78 44 74 49 45 73 27 77 53 76 76 90 29 32 57 63 72 71 66 66 51 64 77 93 89 41 43 59 18 21 60 85 51 38 13 19 50 77 73 56 79 53 63 53 82 85 58 44 58 71 68 83 36 39 82 47 32 16 60 18 72 15 76 33 39 40 17 83 77 75 33 68 59 42 26 83 83 71 62 60 20 37 49 83 73 14 24 24 53 35 91 80 47 63 74 93 20 93 30 72
95 95 38 39 39 49 68 69 95 19 46 85 54 44 0 10 31 39 27 89 45 72 73 36 11 64 65 16 20 15 28 38 70 68 57 12 91 98 62 95 89 56 58 36 59 43 19 62 64 76 98 39 71 95 99 52 99 99 41 96 61 83 18 25 13 65 93 36 57 88 43 29 88 67 77 52 46 25 97 70 87 39 79 86 55 23 14 79 48 58 56 90 44 65 64 93 86 12 12 95 76 98 70 94 38 88 25 47 88 26 30 50 77 44 94 27 81 16 46 89 84 58 79 95 57
15 37 44 93 62 42 44 19 28 63 74 50 61 50 10 0 37 35 11 68 71 16 72 84 82 64 14 78 64 60 51 36 26 60 77 33 66 91 69 81 28 40 86 32 23 59 33 69 48 22 17 81 26 93 66 24 51 71 12 29 25 81 38 81 34 70 81 96 73 59 61 80 43 33 88 18 90 88 26 13 83 76 65 82 58 83 89 99 23 46 75 97 35 74 18 87 23 24 92 47 84 58 22 48 31 25 37 14 68 71 48 45 28 46 76 35 81 88 89 87 32 60 93 46 41
23 27 37 79 22 27 10 81 17 11 54 88 72 18 31 37 0 81 28 86 39 44 88 79 10 66 55 42 53 87 88 47 76 23 80 67 87 41 68 66 22 77 12 19 17 38 31 72 92 59 15 33 27 11 52 49 64 67 15 31 10 29 42 80 18 85 97 69 81 68 40 87 52 78 94 62 22 45 91 71 84 27 39 98 53 66 42 19 77 50 13 28 63 18 20 86 81 13 84 19 84 32 36 36 87 77 33 14 45 56 92 47 73 25 11 25 81 50 57 42 85 27 78 19 32
37 11 34 90 95 25 49 49 14 77 83 76 48 18 39 35 81 0 64 79 58 58 32 30 48 40 77 94 82 53 24 21 88 40 31 68 50 70 57 20 54 59 86 68 99 19 59 76 35 27 82 20 28 11 52 17 94 79 47 36 10 21 97 17 63 82 98 23 44 29 24 38 19 74 14 22 14 11 91 59 72 30 37 60 40 48 71 94 59 37 95 87 90 48 65 47 43 55 88 38 79 13 95 50 26 33 87 64 63 50 16 51 14 33 65 24 32 57 21 12 15 90 59 38 61
22 96 77 22 23 15 24 11 22 91 42 97 40 13 27 11 28 64 0 45 84 34 94 37 40 71 21 38 63 97 76 33 88 16 62 54 87 86 93 10 37 79 53 68 21 46 67 39 94 39 36 23 17 27 33 60 15 56 44 41 76 58 38 59 47 21 14 41 18 70 53 25 38 85 66 88 20 31 65 94 37 27 17 65 20 73 49 82 96 48 12 69 98 71 91 12 62 46 25 45 38 53 30 57 44 90 34 62 49 74 30 30 67 90 42 77 48 14 15 58 20 73 42 18 24
78 44 33 93 10 40 12 94 80 13 21 52 86 24 89 68 86 79 45 0 56 15 72 48 93 28 77 28 53 89 19 30 56 53 80 13 35 66 78 57 86 89 97 78 42 30 27 84 32 36 11 38 92 15 92 51 43 54 15 19 61 53 19 62 92 56 88 41 54 22 15 31 53 98 46 60 19 28 44 94 80 16 34 87 45 14 15 64 32 45 34 28 64 20 27 59 88 23 77 41 34 97 58 76 15 98 71 66 33 30 98 10 74 91 13 41 93 61 58 81 94 25 67 98 39
96 92 81 40 51 54 18 30 43 56 49 92 95 34 45 71 39 58 84 56 0 75 18 17 21 98 86 84 76 40 71 55 38 20 50 29 83 47 61 22 79 76 11 23 62 20 63 78 76 26 60 40 84 75 74 19 55 13 94 77 29 14 40 53 96 73 82 80 98 93 39 53 97 75 95 60 14 70 37 85 86 50 37 70 93 79 45 24 12 84 62 47 13 60 44 92 11 24 94 74 93 41 12 51 92 86 19 70 24 81 49 90 94 90 93 24 39 42 83 50 47 70 34 76 18
23 45 16 57 71 28 73 20 52 66 56 17 32 87 72 16 44 58 34 15 75 0 58 58 92 21 31 13 18 62 67 79 54 71 21 16 86 90 85 97 83 13 50 70 30 18 85 34 81 89 18 88 61 36 66 74 21 12 82 77 34 57 85 41 75 90 12 46 81 46 85 63 68 90 41 72 39 18 92 64 38 52 73 43 17 26 81 57 74 37 90 69 64 40 52 69 81 51 48 78 39 42 90 48 72 55 32 85 71 70 75 12 71 19 89 77 94 10 61 91 83 29 39 11 26
92 44 40 20 26 91 88 19 52 74 88 62 30 97 73 72 88 32 94 72 18 58 0 79 52 81 71 59 55 84 57 49 32 46 97 89 58 29 30 22 77 58 68 49 78 73 84 36 75 20 54 83 48 76 33 25 67 80 89 78 40 34 98 69 11 26 24 97 66 74 41 24 70 59 75 87 79 94 30 46 76 52 92 17 92 79 48 42 72 67 44 26 38 75 86 55 55 23 14 92 55 44 17 89 26 71 82 49 39 18 65 55 32 32 75 75 37 73 95 98 73 20 80 80 99
82 72 13 58 90 42 99 69 86 70 58 99 56 84 36 84 79 30 37 48 17 58 79 0 79 68 21 14 26 62 10 87 22 31 42 23 41 43 88 60 74 26 13 12 37 54 72 84 18 85 47 39 28 37 71 39 31 56 39 79 56 77 79 62 37 68 68 62 53 65 93 37 56 12 55 12 19 33 94 34 78 93 98 12 76 24 10 22 94 56 66 10 80 16 16 84 92 63 84 99 70 76 27 69 67 77 12 81 33 11 20 99 44 93 64 83 53 62 63 80 92 47 61 44 46
58 52 85 43 23 93 23 75 31 19 26 35 72 49 11 82 10 48 40 93 21 92 52 79 0 61 77 68 89 33 55 91 12 25 55 78 17 58 65 80 50 47 72 86 26 75 56 88 22 56 45 97 64 73 70 31 30 41 46 51 60 32 16 94 20 74 95 29 40 17 33 71 35 50 21 84 58 71 98 12 86 50 95 83 81 59 89 13 12 63 85 24 64 52 52 18 25 51 96 28 95 62 20 32 29 10 11 16 28 70 77 25 67 88 84 35 14 52 64 28 52 24 31 51 54
26 26 37 84 15 86 17 67 70 51 46 93 12 78 64 64 66 40 71 28 98 21 81 68 61 0 98 88 34 94 90 26 67 15 38 52 39 50 15 78 62 30 45 22 16 34 53 28 39 78 51 27 55 57 58 95 65 60 97 51 88 77 63 52 81 78 84 24 77 71 67 82 32 63 19 27 26 59 64 45 63 99 64 23 86 77 98 71 76 59 25 28 10 54 27 37 33 48 80 73 84 68 77 40 29 96 25 75 74 60 13 94 97 51 75 39 96 12 20 65 73 53 62 66 89
68 29 32 50 37 85 93 76 24 51 14 72 50 44 65 14 55 77 21 77 86 31 71 21 77 98 0 63 78 24 11 95 10 87 57 67 30 10 34 29 15 58 75 96 91 72 62 76 62 51 74 46 70 95 26 85 13 12 92 44 79 89 72 87 83 44 98 34 91 78 51 31 75 49 39 19 17 54 86 56 62 53 94 70 30 96 94 65 73 34 43 10 98 59 44 77 16 18 84 93 47 69 81 83 62 97 28 27 75 50 65 80 40 88 43 77 51 74 22 63 10 73 99 84 15
55 98 85 11 50 29 54 65 73 11 78 22 97 74 16 78 42 94 38 28 84 13 59 14 68 88 63 0 51 22 66 65 54 84 16 11 41 39 91 58 91 11 11 22 27 17 99 78 20 62 52 27 54 74 33 90 25 22 91 60 70 12 11 36 72 81 33 46 73 39 64 43 28 62 18 32 72 28 54 89 46 23 10 12 35 55 71 20 89 13 77 57 47 73 83 88 78 35 66 54 14 71 48 48 41 24 73 77 36 76 77 56 51 41 56 62 60 64 68 72 88 16 45 58 98
36 52 18 18 18 31 67 92 10 49 41 57 59 49 20 64 53 82 63 53 76 18 55 26 89 34 78 51 0 83 32 78 61 55 25 79 38 12 93 72 99 73 26 99 40 69 66 18 73 27 65 86 12 33 32 12 63 29 13 56 41 89 40 80 50 11 64 40 19 66 50 59 19 10 97 35 84 93 38 38 23 44 56 56 96 27 56 74 79 71 86 49 57 32 64 88 32 87 89 93 79 94 53 25 51 50 97 32 37 15 74 88 45 23 31 11 63 66 40 55 80 75 94 68 63
43 61 50 89 46 63 63 73 97 83 45 34 60 45 15 60 87 53 97 89 40 62 84 62 33 94 24 22 83 0 39 63 15 79 39 59 88 68 93 66 30 35 94 71 17 74 87 43 86 40 23 14 85 89 68 93 83 88 71 37 12 65 57 12 87 88 80 34 88 73 47 79 87 10 76 12 69 78 12 23 40 47 48 62 82 98 65 70 82 65 60 46 76 11 91 91 22 96 50 55 43 87 39 48 55 51 20 87 26 83 51 40 78 30 38 25 15 38 51 40 33 23 56 80 68
88 39 49 77 44 42 86 43 99 68 35 42 54 73 28 51 88 24 76 19 71 67 57 10 55 90 11 66 32 39 0 26 95 14 38 21 33 32 91 16 68 79 95 23 21 52 44 62 54 65 39 43 17 89 41 99 47 68 42 52 20 56 53 28 61 33 60 96 31 23 65 58 93 39 36 30 40 20 37 68 30 82 74 31 46 41 32 91 43 12 99 89 35 70 17 90 21 13 32 51 80 23 90 55 59 19 55 70 99 93 31 27 75 28 78 55 78 73 13 31 66 63 77 69 13
22 71 97 34 21 96 57 76 72 76 42 89 14 27 38 36 47 21 33 30 55 79 49 87 91 26 95 65 78 63 26 0 64 13 83 11 25 51 72 42 37 21 27 23 48 15 80 30 93 10 52 62 45 53 55 73 23 82 12 21 13 38 14 53 18 74 24 69 30 52 68 48 23 64 73 96 82 84 75 42 82 99 49 67 41 99 26 99 63 43 35 59 61 43 13 13 23 65 23 48 15 98 63 25 60 45 24 23 46 17 57 15 86 90 24 38 84 35 82 94 70 22 91 73 56
55 41 74 53 32 54 58 74 63 68 84 61 17 77 70 26 76 88 88 56 38 54 32 22 12 67 10 54 61 15 95 64 0 13 38 60 34 44 63 62 35 39 59 11 98 89 18 30 76 77 32 11 78 11 44 45 52 44 70 81 89 12 86 89 90 77 32 74 10 42 72 80 85 17 47 46 72 58 71 49 19 16 32 17 42 68 75 78 26 79 90 22 12 40 21 44 98 75 99 32 22 22 43 39 78 88 68 49 58 55 70 23 99 82 74 70 45 74 85 10 36 26 99 10 38
48 82 18 85 88 34 56 85 50 54 12 23 82 53 68 60 23 40 16 53 20 71 46 31 25 15 87 84 55 79 14 13 13 0 21 56 45 55 68 62 99 54 73 97 12 86 70 54 39 83 90 47 47 20 51 20 71 58 27 45 26 58 92 69 73 35 55 20 84 32 97 27 81 24 36 22 34 69 13 17 67 67 73 10 96 93 64 24 87 89 42 66 59 78 68 93 13 85 34 38 77 67 73 58 57 36 40 57 48 82 97 60 52 59 91 50 42 83 39 16 96 36 46 20 63
14 41 23 19 62 23 73 55 51 14 44 24 69 76 57 77 80 31 62 80 50 21 97 42 55 38 57 16 25 39 38 83 38 21 0 15 69 21 74 90 43 32 98 37 49 13 62 71 87 84 67 18 29 11 86 62 29 61 86 35 71 94 68 79 25 64 46 96 63 73 56 27 73 58 43 86 90 42 51 80 99 40 32 20 87 99 26 88 23 80 16 88 31 39 10 75 50 29 86 18 69 63 96 23 12 81 63 75 20 69 56 55 80 12 39 23 12 94 65 73 99 52 28 18 64
50 78 24 41 88 84 85 66 95 31 71 27 75 76 12 33 67 68 54 13 29 16 89 23 78 52 67 11 79 59 21 11 60 56 15 0 30 16 34 92 97 45 29 89 46 49 54 86 51 40 28 74 48 73 36 98 42 77 18 40 40 28 28 86 16 29 70 43 57 76 39 25 45 81 38 63 43 75 97 86 77 90 48 39 93 94 39 70 99 67 48 70 81 49 44 12 90 88 72 89 19 90 38 53 67 81 21 31 18 62 70 46 66 77 72 52 64 45 67 93 19 34 39 35 42
49 66 11 69 85 43 98 84 73 57 33 55 45 90 91 66 87 50 87 35 83 86 58 41 17 39 30 41 38 88 33 25 34 45 69 30 0 22 74 53 23 57 82 12 92 25 16 69 42 92 29 56 30 35 13 80 35 53 74 85 66 63 98 47 57 83 78 41 96 74 66 66 85 46 79 82 59 87 23 81 70 78 57 52 11 66 19 60 13 97 21 67 81 67 40 80 76 62 74 66 42 32 44 26 67 60 30 21 27 46 94 91 77 73 68 25 17 67 79 97 41 99 89 79 38
54 46 44 87 81 89 39 14 16 72 49 98 78 29 98 91 41 70 86 66 47 90 29 43 58 50 10 39 12 68 32 51 44 55 21 16 22 0 44 42 34 35 56 96 14 44 28 89 43 73 59 41 51 93 24 84 38 96 72 83 17 66 87 30 81 52 18 78 58 38 62 48 78 87 20 90 61 20 23 72 48 16 49 43 76 40 85 91 18 50 70 17 11 92 84 68 49 59 21 14 27 75 10 54 89 95 62 75 63 39 76 69 94 26 46 43 87 24 11 93 38 10 90 20 73
18 53 60 80 80 22 88 62 16 22 17 49 78 32 62 69 68 57 93 78 61 85 30 88 65 15 34 91 93 93 91 72 63 68 74 34 74 44 0 48 67 35 49 17 51 53 63 97 89 12 49 45 98 15 26 19 40 68 28 94 69 48 34 24 83 43 50 80 13 13 81 67 46 38 28 64 83 16 47 64 23 65 24 31 74 73 41 27 11 12 37 73 23 18 86 88 73 69 86 71 16 63 95 53 38 92 12 25 12 52 26 84 46 45 82 33 36 95 77 64 72 75 66 74 83
18 31 18 56 48 12 31 25 54 60 30 13 48 57 95 81 66 20 10 57 22 97 22 60 80 78 29 58 72 66 16 42 62 62 90 92 53 42 48 0 92 80 59 35 46 78 46 58 81 81 68 15 69 21 68 76 54 80 66 92 77 78 20 60 65 98 19 88 88 81 33 11 17 18 94 19 22 40 81 75 60 43 59 45 13 20 65 75 88 51 61 64 78 67 81 80 90 97 78 75 17 79 24 62 83 35 59 54 41 56 91 84 96 36 60 32 97 86 24 65 78 53 67 90 62
47 48 81 79 83 68 12 87 89 99 58 53 13 63 89 28 22 54 37 86 79 83 77 74 50 62 15 91 99 30 68 37 35 99 43 97 23 34 67 92 0 65 20 89 20 29 71 31 94 40 68 35 88 15 10 21 11 33 34 48 75 49 27 71 16 26 82 48 82 47 95 37 67 46 57 74 81 16 10 71 54 79 23 98 90 76 63 66 64 97 11 68 41 86 64 31 84 48 81 58 82 58 63 21 99 17 93 26 32 72 17 74 86 95 58 95 76 55 13 80 11 24 40 29 98
87 10 94 55 71 25 44 69 48 64 10 28 83 72 56 40 77 59 79 89 76 13 58 26 47 30 58 11 73 35 79 21 39 54 32 45 57 35 35 80 65 0 40 51 15 15 22 35 35 81 68 73 13 92 37 73 16 63 74 96 47 77 68 19 87 38 34 14 78 90 45 11 17 82 95 42 16 10 95 87 82 97 83 97 57 17 54 94 86 64 83 88 80 84 51 42 62 76 47 15 51 91 62 78 17 50 10 27 25 70 75 64 21 49 86 93 20 63 72 16 97 24 39 84 64
60 42 87 35 16 19 81 36 96 56 83 29 84 71 58 86 12 86 53 97 11 50 68 13 72 45 75 11 26 94 95 27 59 73 98 29 82 56 49 59 20 40 0 22 36 47 62 35 99 57 66 72 28 11 38 81 79 20 50 93 19 46 11 16 37 12 48 98 42 46 19 63 41 96 22 33 51 49 62 35 90 87 24 40 90 24 50 86 66 27 94 53 43 63 81 31 35 25 78 50 30 79 67 90 94 16 95 76 42 60 19 27 26 67 74 35 99 75 62 62 94 66 75 42 11
51 91 90 21 48 35 96 74 23 18 62 60 61 66 36 32 19 68 68 78 23 70 49 12 86 22 96 22 99 71 23 23 11 97 37 89 12 96 17 35 89 51 22 0 59 91 72 96 43 73 93 31 39 20 73 14 12 53 42 73 63 49 85 28 13 13 77 36 76 37 29 58 96 22 52 70 92 70 84 58 74 90 90 81 50 73 16 69 78 93 48 37 56 27 70 75 92 65 86 33 59 34 97 91 12 51 46 37 26 38 81 51 26 44 44 47 95 30 45 89 84 46 73 68 73
86 51 24 21 92 27 67 91 13 49 12 72 25 66 59 23 17 99 21 42 62 30 78 37 26 16 91 27 40 17 21 48 98 12 49 46 92 14 51 46 20 15 36 59 0 32 53 71 14 10 88 15 41 15 49 21 74 52 75 88 33 85 21 66 20 50 24 75 40 70 79 29 16 48 79 15 47 23 51 52 40 45 53 12 93 27 20 80 21 15 56 59 68 14 82 11 12 31 84 11 82 92 90 53 92 92 22 54 80 94 81 94 35 39 99 43 97 18 46 67 12 53 94 64 35
68 19 39 37 44 59 96 89 61 62 41 88 35 51 43 59 38 19 46 30 20 18 73 54 75 34 72 17 69 74 52 15 89 86 13 49 25 44 53 78 29 15 47 91 32 0 29 47 53 46 36 78 29 77 37 11 44 49 81 72 30 47 27 86 17 45 14 38 84 59 22 75 77 57 17 13 16 96 96 49 15 76 59 69 90 37 79 86 12 76 99 52 36 74 31 71 18 72 78 43 78 35 18 87 14 93 37 26 54 46 26 60 59 93 44 88 45 17 21 92 65 14 67 93 56
67 87 30 30 37 31 27 77 47 41 53 60 34 64 19 33 31 59 67 27 63 85 84 72 56 53 62 99 66 87 44 80 18 70 62 54 16 28 63 46 71 22 62 72 53 29 0 70 66 23 11 87 25 52 78 34 33 90 96 97 38 55 84 21 69 80 53 81 80 16 78 36 70 82 96 73 69 91 57 35 21 47 96 39 97 65 43 33 40 92 66 56 44 74 52 58 51 31 57 88 72 67 66 97 51 55 39 83 53 24 20 62 94 81 19 60 92 55 58 12 40 69 26 20 55
54 15 30 27 50 28 29 11 39 72 59 95 97 77 62 69 72 76 39 84 78 34 36 84 88 28 76 78 18 43 62 30 30 54 71 86 69 89 97 58 31 35 35 96 71 47 70 0 83 93 16 90 20 48 91 29 59 57 14 57 51 63 35 16 65 71 72 10 18 91 98 89 33 94 47 59 55 72 90 30 34 42 72 80 17 31 43 17 77 60 91 90 21 31 69 47 96 86 68 27 61 50 67 92 48 26 84 15 44 83 50 41 29 62 80 74 20 65 69 88 43 35 80 78 94
99 73 80 80 19 90 71 32 12 79 74 60 75 93 64 48 92 35 94 32 76 81 75 18 22 39 62 20 73 86 54 93 76 39 87 51 42 43 89 81 94 35 99 43 14 53 66 83 0 61 54 39 60 86 25 35 91 58 15 86 95 50 82 36 40 18 65 47 60 73 54 60 56 89 71 81 30 18 85 33 27 81 91 16 48 47 60 31 27 79 69 66 43 95 14 98 76 31 85 70 87 90 44 78 92 93 25 82 12 57 87 33 48 50 61 96 59 48 52 34 93 47 69 44 16
41 14 19 97 94 52 85 94 37 60 61 88 12 89 76 22 59 27 39 36 26 89 20 85 56 78 51 62 27 40 65 10 77 83 84 40 92 73 12 81 40 81 57 73 10 46 23 93 61 0 22 86 93 43 81 70 97 85 88 29 47 61 16 38 10 51 74 71 38 65 25 94 50 66 73 51 25 45 90 91 80 27 14 91 19 46 97 81 68 76 71 76 41 70 48 22 62 34 39 63 26 94 13 21 62 77 92 88 95 38 27 91 72 71 38 75 63 57 37 70 12 89 97 16 62
53 53 57 24 56 17 72 86 72 58 11 56 43 41 98 17 15 82 36 11 60 18 54 47 45 51 74 52 65 23 39 52 32 90 67 28 29 59 49 68 68 68 66 93 88 36 11 16 54 22 0 16 79 31 14 23 95 45 29 18 71 91 57 85 72 39 87 81 47 43 97 50 84 18 40 46 94 20 64 60 21 46 49 84 51 90 81 12 36 52 11 77 29 66 94 17 92 29 49 32 19 22 87 35 70 13 17 45 47 57 14 55 20 89 17 34 98 31 63 87 28 97 48 20 91
87 80 97 75 16 33 76 87 96 15 81 15 21 43 39 81 33 20 23 38 40 88 83 39 97 27 46 27 86 14 43 62 11 47 18 74 56 41 45 15 35 73 72 31 15 78 87 90 39 86 16 0 73 38 92 22 91 75 18 69 27 65 41 83 87 57 45 21 76 88 41 94 55 38 97 16 59 25 43 24 14 87 50 39 26 91 89 49 99 72 62 16 81 67 13 51 55 28 79 97 69 18 65 63 79 53 50 74 45 87 44 36 85 58 37 23 97 74 19 75 23 62 14 30 96
88 11 21 96 30 55 15 34 71 27 66 30 31 59 71 26 27 28 17 92 84 61 48 28 64 55 70 54 12 85 17 45 78 47 29 48 30 51 98 69 88 13 28 39 41 29 25 20 60 93 79 73 0 75 86 16 61 63 17 84 75 30 17 75 78 98 14 80 33 16 85 49 96 10 96 86 10 49 50 80 40 23 12 14 31 58 31 23 16 33 25 13 72 76 51 45 30 26 20 90 84 32 78 10 42 95 15 72 85 17 93 45 95 31 29 97 99 83 22 77 96 68 41 22 28
33 47 76 86 73 49 80 17 97 41 39 56 90 18 95 93 11 11 27 15 75 36 76 37 73 57 95 74 33 89 89 53 11 20 11 73 35 93 15 21 15 92 11 20 15 77 52 48 86 43 31 38 75 0 90 33 21 57 65 86 35 80 63 71 41 54 48 72 69 43 91 20 35 92 26 24 15 50 88 29 16 53 54 61 77 51 96 44 27 59 97 24 72 43 58 33 41 89 60 50 12 23 82 90 50 66 44 32 99 67 19 11 83 72 49 82 37 43 29 44 59 93 37 87 85
19 17 66 39 33 88 42 73 59 90 40 74 29 21 99 66 52 52 33 92 74 66 33 71 70 58 26 33 32 68 41 55 44 51 86 36 13 24 26 68 10 37 38 73 49 37 78 91 25 81 14 92 86 90 0 85 35 55 26 18 60 95 27 81 87 72 17 52 60 51 21 92 25 98 28 16 95 25 52 68 64 89 74 16 83 55 65 82 59 39 34 27 36 99 99 74 56 20 57 62 21 42 51 23 88 12 13 47 59 45 32 32 29 10 56 65 49 99 69 82 80 13 71 24 69
79 57 30 59 50 90 16 39 71 77 71 21 65 60 52 24 49 17 60 51 19 74 25 39 31 95 85 90 12 93 99 73 45 20 62 98 80 84 19 76 21 73 81 14 21 11 34 29 35 70 23 22 16 33 85 0 21 25 46 15 80 59 38 28 78 61 93 43 39 97 67 99 40 81 61 11 68 83 80 53 95 88 99 84 52 79 31 98 42 21 82 22 84 46 22 43 68 90 79 21 95 95 34 46 66 12 71 91 25 60 45 95 68 19 60 98 52 19 31 74 66 78 55 41 12
23 42 12 17 54 98 44 82 18 75 12 21 90 85 99 51 64 94 15 43 55 21 67 31 30 65 13 25 63 83 47 23 52 71 29 42 35 38 40 54 11 16 79 12 74 44 33 59 91 97 95 91 61 21 35 21 0 53 41 84 99 79 85 83 91 10 15 56 19 47 78 26 82 63 64 55 92 13 33 71 81 28 23 61 24 16 60 51 67 54 69 43 95 44 80 23 50 80 52 38 92 30 90 46 95 78 23 47 78 77 44 81 48 24 29 83 98 83 91 49 93 71 50 39 19
22 42 64 60 70 12 60 54 41 32 41 35 67 51 99 71 67 79 56 54 13 12 80 56 41 60 12 22 29 88 68 82 44 58 61 77 53 96 68 80 33 63 20 53 52 49 90 57 58 85 45 75 63 57 55 25 53 0 19 88 71 39 34 53 73 42 10 78 91 74 40 88 46 39 14 36 15 15 67 15 86 39 62 56 91 13 13 95 85 23 26 26 12 30 75 78 15 80 71 49 94 63 71 46 85 64 94 34 87 97 42 45 21 34 28 34 67 98 96 17 91 60 93 74 58
51 20 35 39 73 67 67 22 36 72 73 25 26 38 41 12 15 47 44 15 94 82 89 39 46 97 92 91 13 71 42 12 70 27 86 18 74 72 28 66 34 74 50 42 75 81 96 14 15 88 29 18 17 65 26 46 41 19 0 44 99 35 28 31 91 75 10 36 86 39 45 93 93 17 98 22 54 93 15 95 89 86 12 80 20 83 70 92 42 51 79 65 22 84 36 69 12 63 27 39 49 53 22 39 69 55 55 58 60 65 57 93 16 34 65 66 94 44 69 77 18 31 70 62 15
97 44 89 12 41 11 51 38 26 97 55 22 23 13 96 29 31 36 41 19 77 77 78 79 51 51 44 60 56 37 52 21 81 45 35 40 85 83 94 92 48 96 93 73 88 72 97 57 86 29 18 69 84 86 18 15 84 88 44 0 39 83 32 13 48 52 98 47 71 18 34 38 30 49 71 13 81 74 80 45 93 76 70 15 65 85 35 44 14 58 55 15 63 81 95 40 66 48 95 82 62 11 31 28 63 36 66 24 21 84 90 10 78 65 75 15 99 38 97 81 34 87 17 71 22
63 33 86 66 86 30 34 98 17 79 29 93 23 19 61 25 10 10 76 61 29 34 40 56 60 88 79 70 41 12 20 13 89 26 71 40 66 17 69 77 75 47 19 63 33 30 38 51 95 47 71 27 75 35 60 80 99 71 99 39 0 65 87 46 87 50 16 49 39 87 48 49 83 25 36 56 11 16 35 74 75 67 46 94 36 29 70 58 30 80 93 36 82 50 84 41 64 16 28 72 88 19 57 27 21 50 21 57 81 58 43 61 46 92 19 64 12 18 81 28 89 41 39 21 93
74 55 70 94 95 83 23 89 54 65 91 96 76 50 83 81 29 21 58 53 14 57 34 77 32 77 89 12 89 65 56 38 12 58 94 28 63 66 48 78 49 77 46 49 85 47 55 63 50 61 91 65 30 80 95 59 79 39 35 83 65 0 16 15 54 44 32 27 59 19 74 91 98 18 22 67 89 94 57 65 50 61 72 67 15 19 63 69 85 70 71 42 91 15 44 50 49 47 60 38 88 95 73 43 63 90 87 47 65 75 34 73 17 34 53 45 42 97 23 37 37 43 65 37 77
13 99 28 43 77 74 42 17 44 58 23 96 21 77 18 38 42 97 38 19 40 85 98 79 16 63 72 11 40 57 53 14 86 92 68 28 98 87 34 20 27 68 11 85 21 27 84 35 82 16 57 41 17 63 27 38 85 34 28 32 87 16 0 55 72 34 41 65 54 33 61 47 17 30 93 41 10 66 75 59 12 47 24 99 17 13 79 46 81 34 76 61 67 40 44 85 36 10 70 13 87 86 32 66 59 88 75 99 51 55 44 80 19 86 87 25 19 85 94 46 16 86 35 70 84
13 22 73 16 71 24 38 97 13 71 14 78 46 73 25 81 80 17 59 62 53 41 69 62 94 52 87 36 80 12 28 53 89 69 79 86 47 30 24 60 71 19 16 28 66 86 21 16 36 38 85 83 75 71 81 28 83 53 31 13 46 15 55 0 71 39 79 78 21 72 35 54 65 76 69 73 70 98 53 36 57 68 20 38 23 66 73 56 29 24 33 35 87 72 46 86 24 96 25 38 62 98 34 96 76 81 33 28 19 25 56 62 60 36 34 53 48 21 82 83 69 45 68 43 20
52 13 94 63 81 86 94 60 20 39 48 91 46 56 13 34 18 63 47 92 96 75 11 37 20 81 83 72 50 87 61 18 90 73 25 16 57 81 83 65 16 87 37 13 20 17 69 65 40 10 72 87 78 41 87 78 91 73 91 48 87 54 72 71 0 18 57 83 18 36 53 92 48 66 85 95 57 78 66 34 84 79 35 94 38 47 27 49 97 90 48 78 21 35 79 35 82 53 66 79 58 31 67 83 50 65 65 38 51 23 23 58 88 68 76 65 65 10 51 84 12 94 33 14 50
71 35 20 63 28 37 64 34 48 13 14 36 31 79 65 70 85 82 21 56 73 90 26 68 74 78 44 81 11 88 33 74 77 35 64 29 83 52 43 98 26 38 12 13 50 45 80 71 18 51 39 57 98 54 72 61 10 42 75 52 50 44 34 39 18 0 37 89 90 51 79 35 90 36 77 24 55 63 63 20 30 47 98 40 48 13 74 59 61 41 57 65 48 31 93 13 94 95 76 54 75 68 24 70 14 61 95 14 78 52 52 64 41 19 66 81 16 79 68 37 21 13 63 21 42
29 28 19 16 11 29 73 75 94 90 65 57 38 53 93 81 97 98 14 88 82 12 24 68 95 84 98 33 64 80 60 24 32 55 46 70 78 18 50 19 82 34 48 77 24 14 53 72 65 74 87 45 14 48 17 93 15 10 10 98 16 32 41 79 57 37 0 29 15 27 66 55 41 52 51 39 87 75 70 78 62 46 59 93 28 58 75 60 63 32 63 67 47 56 41 85 81 95 11 60 24 25 57 82 99 83 41 19 10 32 48 33 86 38 59 32 32 61 11 51 10 53 83 61 25
85 36 24 88 95 18 12 76 38 94 20 91 71 63 36 96 69 23 41 41 80 46 97 62 29 24 34 46 40 34 96 69 74 20 96 43 41 78 80 88 48 14 98 36 75 38 81 10 47 71 81 21 80 72 52 43 56 78 36 47 49 27 65 78 83 89 29 0 35 27 90 42 37 86 58 63 61 96 45 40 16 26 52 19 94 18 73 86 32 23 45 44 60 98 10 58 75 27 72 74 58 81 69 83 78 64 24 43 49 33 78 79 76 65 40 73 38 27 54 98 42 46 74 19 99
16 66 96 15 90 54 10 94 92 89 88 33 73 53 57 73 81 44 18 54 98 81 66 53 40 77 91 73 19 88 31 30 10 84 63 57 96 58 13 88 82 78 42 76 40 84 80 18 60 38 47 76 33 69 60 39 19 91 86 71 39 59 54 21 18 90 15 35 0 68 92 56 53 58 82 92 95 13 46 39 60 87 63 10 55 57 66 46 83 12 23 22 72 63 52 91 49 59 85 28 28 67 19 46 10 33 33 59 48 22 18 89 97 56 48 32 14 99 82 57 43 98 13 37 82
81 37 39 63 67 39 43 41 57 31 14 91 30 82 88 59 68 29 70 22 93 46 74 65 17 71 78 39 66 73 23 52 42 32 73 76 74 38 13 81 47 90 46 37 70 59 16 91 73 65 43 88 16 43 51 97 47 74 39 18 87 19 33 72 36 51 27 27 68 0 91 43 47 44 84 89 55 39 63 45 60 64 24 56 96 84 94 22 99 91 74 79 75 63 60 47 88 85 56 96 41 98 72 85 17 94 12 36 86 90 51 34 28 19 43 28 89 83 60 23 56 62 98 13 41
31 92 59 45 95 75 17 75 30 84 85 24 98 85 43 61 40 24 53 15 39 85 41 93 33 67 51 64 50 47 65 68 72 97 56 39 66 62 81 33 95 45 19 29 79 22 78 98 54 25 97 41 85 91 21 67 78 40 45 34 48 74 61 35 53 79 66 90 92 91 0 37 87 61 91 86 77 48 85 38 25 69 16 49 51 46 58 39 70 68 59 98 78 78 46 11 84 68 16 57 71 20 33 55 92 85 93 40 60 82 90 42 49 13 87 36 16 73 71 34 28 77 43 81 93
83 41 62 88 98 53 37 30 16 94 66 51 84 58 29 80 87 38 25 31 53 63 24 37 71 82 31 43 59 79 58 48 80 27 27 25 66 48 67 11 37 11 63 58 29 75 36 89 60 94 50 94 49 20 92 99 26 88 93 38 49 91 47 54 92 35 55 42 56 43 37 0 20 35 55 85 93 52 24 35 51 90 66 16 74 90 50 84 84 86 72 11 67 29 14 41 32 76 81 54 22 18 20 81 23 13 24 94 66 17 15 37 70 88 74 88 79 42 30 38 97 64 93 58 26
86 53 31 94 54 20 72 19 18 15 27 53 38 44 88 43 52 19 38 53 97 68 70 56 35 32 75 28 19 87 93 23 85 81 73 45 85 78 46 17 67 17 41 96 16 77 70 33 56 50 84 55 96 35 25 40 82 46 93 30 83 98 17 65 48 90 41 37 53 47 87 20 0 14 87 69 59 98 22 59 61 97 76 49 46 62 63 53 63 85 99 21 99 50 89 31 52 86 43 74 98 60 51 31 77 93 88 62 95 40 19 90 67 27 37 87 17 20 45 16 33 65 21 24 47
61 10 62 30 60 40 16 18 24 13 34 13 53 58 67 33 78 74 85 98 75 90 59 12 50 63 49 62 10 10 39 64 17 24 58 81 46 87 38 18 46 82 96 22 48 57 82 94 89 66 18 38 10 92 98 81 63 39 17 49 25 18 30 76 66 36 52 86 58 44 61 35 14 0 10 25 44 14 35 91 11 16 19 60 51 75 43 36 81 77 81 99 99 13 88 79 60 76 21 78 45 90 29 13 15 36 86 34 86 62 99 71 87 10 55 63 55 81 61 25 82 60 44 45 41
53 76 98 80 26 85 65 38 30 49 61 45 80 71 77 88 94 14 66 46 95 41 75 55 21 19 39 18 97 76 36 73 47 36 43 38 79 20 28 94 57 95 22 52 79 17 96 47 71 73 40 97 96 26 28 61 64 14 98 71 36 22 93 69 85 77 51 58 82 84 91 55 87 10 0 57 41 94 31 22 55 83 68 40 61 79 14 76 27 18 62 76 13 33 80 11 85 38 34 97 28 30 57 62 62 45 10 55 24 87 93 34 42 33 16 43 82 77 67 41 26 90 37 38 96
80 92 64 19 93 72 23 74 43 75 81 64 27 68 52 18 62 22 88 60 60 72 87 12 84 27 19 32 35 12 30 96 46 22 86 63 82 90 64 19 74 42 33 70 15 13 73 59 81 51 46 16 86 24 16 11 55 36 22 13 56 67 41 73 95 24 39 63 92 89 86 85 69 25 57 0 23 67 48 29 42 82 55 24 65 75 78 10 82 98 80 20 26 68 87 70 57 23 87 60 79 50 96 15 72 44 88 45 61 38 16 36 52 68 58 49 87 11 46 23 18 95 95 13 68
15 31 64 42 93 66 61 75 54 48 46 35 29 83 46 90 22 14 20 19 14 39 79 19 58 26 17 72 84 69 40 82 72 34 90 43 59 61 83 22 81 16 51 92 47 16 69 55 30 25 94 59 10 15 95 68 92 15 54 81 11 89 10 70 57 55 87 61 95 55 77 93 59 44 41 23 0 94 87 14 87 90 84 89 74 22 86 34 21 69 84 19 75 48 68 18 11 86 70 58 73 61 33 96 89 13 90 53 69 20 69 95 12 67 19 61 57 70 50 77 39 70 66 68 32
65 39 58 49 23 20 86 78 34 26 40 68 86 36 25 88 45 11 31 28 70 18 94 33 71 59 54 28 93 78 20 84 58 69 42 75 87 20 16 40 16 10 49 70 23 96 91 72 18 45 20 25 49 50 25 83 13 15 93 74 16 94 66 98 78 63 75 96 13 39 48 52 98 14 94 67 94 0 47 37 18 64 89 68 31 21 70 93 95 76 10 84 47 67 51 82 15 22 98 40 68 54 61 42 14 53 90 59 99 26 29 94 86 75 47 13 60 77 39 21 21 63 27 22 94
11 76 83 50 91 29 53 31 64 46 34 96 99 39 97 26 91 91 65 44 37 92 30 94 98 64 86 54 38 12 37 75 71 13 51 97 23 23 47 81 10 95 62 84 51 96 57 90 85 90 64 43 50 88 52 80 33 67 15 80 35 57 75 53 66 63 70 45 46 63 85 24 22 35 31 48 87 47 0 69 88 98 40 39 90 51 29 65 51 16 85 20 15 17 60 46 93 70 18 80 88 67 63 15 27 86 22 32 92 64 60 17 40 17 11 87 88 64 90 24 25 87 55 24 60
18 84 34 27 40 68 80 67 60 74 80 43 37 82 70 13 71 59 94 94 85 64 46 34 12 45 56 89 38 23 68 42 49 17 80 86 81 72 64 75 71 87 35 58 52 49 35 30 33 91 60 24 80 29 68 53 71 15 95 45 74 65 59 36 34 20 78 40 39 45 38 35 59 91 22 29 14 37 69 0 20 74 90 13 81 24 19 92 96 64 47 82 35 78 20 11 98 89 31 30 70 94 75 29 89 60 66 66 50 24 47 82 80 38 47 30 88 99 51 58 42 51 21 85 83
57 91 93 53 87 46 51 38 92 38 42 89 48 47 87 83 84 72 37 80 86 38 76 78 86 63 62 46 23 40 30 82 19 67 99 77 70 48 23 60 54 82 90 74 40 15 21 34 27 80 21 14 40 16 64 95 81 86 89 93 75 50 12 57 84 30 62 16 60 60 25 51 61 11 55 42 87 18 88 20 0 26 21 92 33 23 54 83 10 82 16 51 63 69 83 53 43 29 74 27 31 93 20 32 22 96 76 21 40 14 64 39 55 19 57 25 72 65 59 78 37 28 22 26 42
48 42 63 89 63 59 83 92 22 95 84 17 78 32 39 76 27 30 27 16 50 52 52 93 50 99 53 23 44 47 82 99 16 67 40 90 78 16 65 43 79 97 87 90 45 76 47 42 81 27 46 87 23 53 89 88 28 39 86 76 67 61 47 68 79 47 46 26 87 64 69 90 97 16 83 82 90 64 98 74 26 0 96 44 21 60 14 28 95 15 41 60 17 75 40 36 65 29 48 25 45 83 47 11 95 93 60 42 88 34 80 41 64 90 85 57 60 39 97 70 45 70 67 34 48
39 17 89 42 94 28 50 89 15 74 94 46 87 16 79 65 39 37 17 34 37 73 92 98 95 64 94 10 56 48 74 49 32 73 32 48 57 49 24 59 23 83 24 90 53 59 96 72 91 14 49 50 12 54 74 99 23 62 12 70 46 72 24 20 35 98 59 52 63 24 16 66 76 19 68 55 84 89 40 90 21 96 0 26 55 56 23 21 74 90 74 46 29 40 77 37 29 78 97 27 19 53 41 95 81 35 29 29 46 94 29 69 90 90 80 65 45 82 69 48 91 21 36 37 51
72 86 34 79 68 16 23 35 63 87 40 60 31 60 86 82 98 60 65 87 70 43 17 12 83 23 70 12 56 62 31 67 17 10 20 39 52 43 31 45 98 97 40 81 12 69 39 80 16 91 84 39 14 61 16 84 61 56 80 15 94 67 99 38 94 40 93 19 10 56 49 16 49 60 40 24 89 68 39 13 92 44 26 0 81 75 99 56 65 77 64 59 92 49 94 51 50 86 83 56 46 48 84 46 42 98 32 50 30 39 76 19 56 64 67 80 11 51 86 58 46 46 64 66 75
96 13 24 51 38 46 97 86 96 99 50 28 37 18 55 58 53 40 20 45 93 17 92 76 81 86 30 35 96 82 46 41 42 96 87 93 11 76 74 13 90 57 90 50 93 90 97 17 48 19 51 26 31 77 83 52 24 91 20 65 36 15 17 23 38 48 28 94 55 96 51 74 46 51 61 65 74 31 90 81 33 21 55 81 0 53 34 89 92 86 79 39 21 63 80 67 16 34 69 87 79 71 73 94 66 35 23 11 71 59 13 93 72 48 57 60 76 47 35 90 17 99 27 85 74
55 14 45 57 86 81 55 50 36 60 75 53 78 72 23 83 66 48 73 14 79 26 79 24 59 77 96 55 27 98 41 99 68 93 99 94 66 40 73 20 76 17 24 73 27 37 65 31 47 46 90 91 58 51 55 79 16 13 83 85 29 19 13 66 47 13 58 18 57 84 46 90 62 75 79 75 22 21 51 24 23 60 56 75 53 0 50 22 38 60 86 20 27 27 30 47 57 39 68 35 62 85 67 27 79 68 12 37 12 38 75 82 19 66 69 80 36 87 79 16 72 32 70 22 16
64 80 82 33 67 86 29 85 67 63 80 42 63 15 14 89 42 71 49 15 45 81 48 10 89 98 94 71 56 65 32 26 75 64 26 39 19 85 41 65 63 54 50 16 20 79 43 43 60 97 81 89 31 96 65 31 60 13 70 35 70 63 79 73 27 74 75 73 66 94 58 50 63 43 14 78 86 70 29 19 54 14 23 99 34 50 0 34 32 31 70 71 80 36 58 22 49 32 61 50 79 40 73 20 28 78 76 38 89 55 90 88 64 13 12 84 62 48 53 33 78 37 42 85 26
27 72 24 41 32 74 71 71 63 99 57 73 24 76 79 99 19 94 82 64 24 57 42 22 13 71 65 20 74 70 91 99 78 24 88 70 60 91 27 75 66 94 86 69 80 86 33 17 31 81 12 49 23 44 82 98 51 95 92 44 58 69 46 56 49 59 60 86 46 22 39 84 53 36 76 10 34 93 65 92 83 28 21 56 89 22 34 0 35 61 87 40 76 28 34 68 19 84 82 97 79 57 56 56 14 38 86 49 44 45 10 12 50 15 98 90 33 66 51 16 70 28 59 77 59
57 67 55 77 29 53 37 73 29 74 68 51 36 33 48 23 77 59 96 32 12 74 72 94 12 76 73 89 79 82 43 63 26 87 23 99 13 18 11 88 64 86 66 78 21 12 40 77 27 68 36 99 16 27 59 42 67 85 42 14 30 85 81 29 97 61 63 32 83 99 70 84 63 81 27 82 21 95 51 96 10 95 74 65 92 38 32 35 0 30 30 89 66 89 28 68 56 62 85 70 47 57 33 88 66 15 58 96 22 92 84 28 61 15 32 81 40 39 25 49 42 42 62 71 96
97 98 19 70 78 22 15 97 36 98 22 82 13 39 58 46 50 37 48 45 84 37 67 56 63 59 34 13 71 65 12 43 79 89 80 67 97 50 12 51 97 64 27 93 15 76 92 60 79 76 52 72 33 59 39 21 54 23 51 58 80 70 34 24 90 41 32 23 12 91 68 86 85 77 18 98 69 76 16 64 82 15 90 77 86 60 31 61 30 0 10 22 19 40 46 20 84 24 48 26 65 80 20 27 62 99 92 34 90 95 24 47 34 75 42 74 93 51 18 35 10 78 40 72 51
94 88 10 90 76 90 79 51 33 23 85 99 96 40 56 75 13 95 12 34 62 90 44 66 85 25 43 77 86 60 99 35 90 42 16 48 21 70 37 61 11 83 94 48 56 99 66 91 69 71 11 62 25 97 34 82 69 26 79 55 93 71 76 33 48 57 63 45 23 74 59 72 99 81 62 80 84 10 85 47 16 41 74 64 79 86 70 87 30 10 0 96 97 63 72 57 94 66 91 31 63 68 24 56 67 48 56 86 72 72 64 85 18 21 66 32 83 70 39 32 86 70 72 44 32
14 20 96 11 69 92 22 57 94 34 38 80 78 17 90 97 28 87 69 28 47 69 26 10 24 28 10 57 49 46 89 59 22 66 88 70 67 17 73 64 68 88 53 37 59 52 56 90 66 76 77 16 13 24 27 22 43 26 65 15 36 42 61 35 78 65 67 44 22 79 98 11 21 99 76 20 19 84 20 82 51 60 46 59 39 20 71 40 89 22 96 0 75 40 48 40 84 56 61 68 13 92 17 26 26 43 55 15 30 21 14 39 24 49 97 29 75 29 10 73 80 13 39 78 37
66 88 25 98 28 70 11 92 96 17 63 52 64 83 44 35 63 90 98 64 13 64 38 80 64 10 98 47 57 76 35 61 12 59 31 81 81 11 23 78 41 80 43 56 68 36 44 21 43 41 29 81 72 72 36 84 95 12 22 63 82 91 67 87 21 48 47 60 72 75 78 67 99 99 13 26 75 47 15 35 63 17 29 92 21 27 80 76 66 19 97 75 0 20 56 40 32 29 76 21 75 45 82 86 93 52 78 14 42 89 24 49 32 49 89 14 40 69 97 29 77 44 33 85 95
13 11 78 59 62 19 51 83 83 45 71 42 40 77 65 74 18 48 71 20 60 40 75 16 52 54 59 73 32 11 70 43 40 78 39 49 67 92 18 67 86 84 63 27 14 74 74 31 95 70 66 67 76 43 99 46 44 30 84 81 50 15 40 72 35 31 56 98 63 63 78 29 50 13 33 68 48 67 17 78 69 75 40 49 63 27 36 28 89 40 63 40 20 0 59 90 47 10 80 72 77 71 43 66 53 73 22 91 96 76 52 24 38 85 13 50 21 83 89 70 95 41 70 61 33
94 25 30 81 88 13 56 85 84 57 20 72 89 75 64 18 20 65 91 27 44 52 86 16 52 27 44 83 64 91 17 13 21 68 10 44 40 84 86 81 64 51 81 70 82 31 52 69 14 48 94 13 51 58 99 22 80 75 36 95 84 44 44 46 79 93 41 10 52 60 46 14 89 88 80 87 68 51 60 20 83 40 77 94 80 30 58 34 28 46 72 48 56 59 0 84 92 42 43 69 70 66 29 51 18 45 98 54 70 46 61 73 62 42 77 18 66 84 55 28 85 48 65 95 79
14 54 94 80 67 48 54 16 72 38 32 87 33 33 93 87 86 47 12 59 92 69 55 84 18 37 77 88 88 91 90 13 44 93 75 12 80 68 88 80 31 42 31 75 11 71 58 47 98 22 17 51 45 33 74 43 23 78 69 40 41 50 85 86 35 13 85 58 91 47 11 41 31 79 11 70 18 82 46 11 53 36 37 51 67 47 22 68 68 20 57 40 40 90 84 0 96 71 88 79 68 74 22 68 19 67 31 81 54 99 97 32 16 54 50 67 28 54 94 84 42 54 95 59 42
55 40 89 59 84 54 90 74 55 33 85 18 82 68 86 23 81 43 62 88 11 81 55 92 25 33 16 78 32 22 21 23 98 13 50 90 76 49 73 90 84 62 35 92 12 18 51 96 76 62 92 55 30 41 56 68 50 15 12 66 64 49 36 24 82 94 81 75 49 88 84 32 52 60 85 57 11 15 93 98 43 65 29 50 16 57 49 19 56 84 94 84 32 47 92 96 0 11 37 39 68 81 42 85 61 19 35 58 94 42 28 55 34 47 10 69 20 68 85 82 66 25 35 27 59
75 81 57 64 45 57 60 49 39 40 12 52 58 59 12 24 13 55 46 23 24 51 23 63 51 48 18 35 87 96 13 65 75 85 29 88 62 59 69 97 48 76 25 65 31 72 31 86 31 34 29 28 26 89 20 90 80 80 63 48 16 47 10 96 53 95 95 27 59 85 68 76 86 76 38 23 86 22 70 89 29 29 78 86 34 39 32 84 62 24 66 56 29 10 42 71 11 0 87 40 23 12 63 67 48 83 28 59 24 51 85 61 57 11 55 66 82 69 53 80 46 43 34 24 62
38 27 29 18 90 42 38 52 27 67 93 12 42 42 12 92 84 88 25 77 94 48 14 84 96 80 84 66 89 50 32 23 99 34 86 72 74 21 86 78 81 47 78 86 84 78 57 68 85 39 49 79 20 60 57 79 52 71 27 95 28 60 70 25 66 76 11 72 85 56 16 81 43 21 34 87 70 98 18 31 74 48 97 83 69 68 61 82 85 48 91 61 76 80 43 88 37 87 0 33 96 93 49 22 36 27 66 46 18 17 32 74 19 69 54 87 87 61 42 17 52 64 70 57 18
60 72 13 74 35 19 59 10 78 61 45 97 68 26 95 47 19 38 45 41 74 78 92 99 28 73 93 54 93 55 51 48 32 38 18 89 66 14 71 75 58 15 50 33 11 43 88 27 70 63 32 97 90 50 62 21 38 49 39 82 72 38 13 38 79 54 60 74 28 96 57 54 74 78 97 60 58 40 80 30 27 25 27 56 87 35 50 97 70 26 31 68 21 72 69 79 39 40 33 0 87 84 20 44 99 95 26 32 62 88 96 84 27 80 42 42 33 87 98 59 64 73 21 51 95
63 86 81 85 90 82 83 16 40 73 58 76 39 83 76 84 84 79 38 34 93 39 55 70 95 84 47 14 79 43 80 15 22 77 69 19 42 27 16 17 82 51 30 59 82 78 72 61 87 26 19 69 84 12 21 95 92 94 49 62 88 88 87 62 58 75 24 58 28 41 71 22 98 45 28 79 73 68 88 70 31 45 19 46 79 62 79 79 47 65 63 13 75 77 70 68 68 23 96 87 0 25 70 58 83 19 59 98 10 98 51 26 35 79 19 27 68 74 66 81 92 74 11 66 67
97 43 27 20 10 65 61 82 67 11 22 77 34 83 98 58 32 13 53 97 41 42 44 76 62 68 69 71 94 87 23 98 22 67 63 90 32 75 63 79 58 91 79 34 92 35 67 50 90 94 22 18 32 23 42 95 30 63 53 11 19 95 86 98 31 68 25 81 67 98 20 18 60 90 30 50 61 54 67 94 93 83 53 48 71 85 40 57 57 80 68 92 45 71 66 74 81 12 93 84 25 0 16 77 88 78 49 21 35 54 95 41 36 82 83 75 20 14 45 41 93 51 24 28 92
71 15 72 66 67 83 26 24 18 99 85 79 22 71 70 22 36 95 30 58 12 90 17 27 20 77 81 48 53 39 90 63 43 73 96 38 44 10 95 24 63 62 67 97 90 18 66 67 44 13 87 65 78 82 51 34 90 71 22 31 57 73 32 34 67 24 57 69 19 72 33 20 51 29 57 96 33 61 63 75 20 47 41 84 73 67 73 56 33 20 24 17 82 43 29 22 42 63 49 20 70 16 0 55 73 14 90 72 96 96 60 22 63 43 58 79 20 25 71 42 99 28 33 82 81
85 15 51 18 69 26 23 40 87 22 75 30 48 62 94 48 36 50 57 76 51 48 89 69 32 40 83 48 25 48 55 25 39 58 23 53 26 54 53 62 21 78 90 91 53 87 97 92 78 21 35 63 10 90 23 46 46 46 39 28 27 43 66 96 83 70 82 83 46 85 55 81 31 13 62 15 96 42 15 29 32 11 95 46 94 27 20 56 88 27 56 26 86 66 51 68 85 67 22 44 58 77 55 0 82 61 81 45 44 77 13 55 67 84 33 22 53 57 60 97 15 54 89 29 62
37 95 91 77 92 76 57 87 66 50 28 43 63 60 38 31 87 26 44 15 92 72 26 67 29 29 62 41 51 55 59 60 78 57 12 67 67 89 38 83 99 17 94 12 92 14 51 48 92 62 70 79 42 50 88 66 95 85 69 63 21 63 59 76 50 14 99 78 10 17 92 23 77 15 62 72 89 14 27 89 22 95 81 42 66 79 28 14 66 62 67 26 93 53 18 19 61 48 36 99 83 88 73 82 0 73 37 63 62 90 25 54 32 71 47 37 36 77 96 99 45 21 65 59 55
98 87 85 77 70 73 63 38 60 20 44 38 61 20 88 25 77 33 90 98 86 55 71 77 10 96 97 24 50 51 19 45 88 36 81 81 60 95 92 35 17 50 16 51 92 93 55 26 93 77 13 53 95 66 12 12 78 64 55 36 50 90 88 81 65 61 83 64 33 94 85 13 93 36 45 44 13 53 86 60 96 93 35 98 35 68 78 38 15 99 48 43 52 73 45 67 19 83 27 95 19 78 14 61 73 0 79 51 88 35 87 24 82 32 99 52 29 41 63 24 90 34 89 83 36
86 70 89 75 86 56 16 75 13 19 51 13 50 37 25 37 33 87 34 71 19 32 82 12 11 25 28 73 97 20 55 24 68 40 63 21 30 62 12 59 93 10 95 46 22 37 39 84 25 92 17 50 15 44 13 71 23 94 55 66 21 87 75 33 65 95 41 24 33 12 93 24 88 86 10 88 90 90 22 66 76 60 29 32 23 12 76 86 58 92 56 55 78 22 98 31 35 28 66 26 59 49 90 81 37 79 0 96 59 77 59 36 23 48 44 44 14 52 18 29 21 63 53 11 60
86 97 26 13 11 70 74 64 86 80 61 83 70 49 47 14 14 64 62 66 70 85 49 81 16 75 27 77 32 87 70 23 49 57 75 31 21 75 25 54 26 27 76 37 54 26 83 15 82 88 45 74 72 32 47 91 47 34 58 24 57 47 99 28 38 14 19 43 59 36 40 94 62 34 55 45 53 59 32 66 21 42 29 50 11 37 38 49 96 34 86 15 14 91 54 81 58 59 46 32 98 21 72 45 63 51 96 0 14 24 29 62 26 22 36 63 63 26 79 20 74 66 20 72 24
67 93 70 14 15 28 92 45 11 50 42 27 91 83 88 68 45 63 49 33 24 71 39 33 28 74 75 36 37 26 99 46 58 48 20 18 27 63 12 41 32 25 42 26 80 54 53 44 12 95 47 45 85 99 59 25 78 87 60 21 81 65 51 19 51 78 10 49 48 86 60 66 95 86 24 61 69 99 92 50 40 88 46 30 71 12 89 44 22 90 72 30 42 96 70 54 94 24 18 62 10 35 96 44 62 88 59 14 0 22 91 46 84 67 45 67 83 10 81 65 13 55 57 18 98
13 34 10 42 47 49 16 41 61 65 73 66 76 73 26 71 56 50 74 30 81 70 18 11 70 60 50 76 15 83 93 17 55 82 69 62 46 39 52 56 72 70 60 38 94 46 24 83 57 38 57 87 17 67 45 60 77 97 65 84 58 75 55 25 23 52 32 33 22 90 82 17 40 62 87 38 20 26 64 24 14 34 94 39 59 38 55 45 92 95 72 21 89 76 46 99 42 51 17 88 98 54 96 77 90 35 77 24 22 0 54 53 59 90 48 65 56 18 24 67 82 95 43 31 75
40 74 24 17 44 85 29 57 65 28 53 44 26 14 30 48 92 16 30 98 49 75 65 20 77 13 65 77 74 51 31 57 70 97 56 70 94 76 26 91 17 75 19 81 81 26 20 50 87 27 14 44 93 19 32 45 44 42 57 90 43 34 44 56 23 52 48 78 18 51 90 15 19 99 93 16 69 29 60 47 64 80 29 76 13 75 90 10 84 24 64 14 24 52 61 97 28 85 32 96 51 95 60 13 25 87 59 29 91 54 0 42 97 30 47 88 81 44 32 82 77 46 86 43 39
44 40 98 72 85 11 30 11 60 49 96 47 85 24 50 45 47 51 30 10 90 12 55 99 25 94 80 56 88 40 27 15 23 60 55 46 91 69 84 84 74 64 27 51 94 60 62 41 33 91 55 36 45 11 32 95 81 45 93 10 61 73 80 62 58 64 33 79 89 34 42 37 90 71 34 36 95 94 17 82 39 41 69 19 93 82 88 12 28 47 85 39 49 24 73 32 55 61 74 84 26 41 22 55 54 24 36 62 46 53 42 0 68 89 99 44 35 26 44 63 28 79 89 72 27
32 25 90 21 39 75 64 25 90 77 49 71 56 24 77 28 73 14 67 74 94 71 32 44 67 97 40 51 45 78 75 86 99 52 80 66 77 94 46 96 86 21 26 26 35 59 94 29 48 72 20 85 95 83 29 68 48 21 16 78 46 17 19 60 88 41 86 76 97 28 49 70 67 87 42 52 12 86 40 80 55 64 90 56 72 19 64 50 61 34 18 24 32 38 62 16 34 57 19 27 35 36 63 67 32 82 23 26 84 59 97 68 0 28 23 41 58 41 60 12 92 96 76 85 51
12 97 72 76 70 45 17 25 54 78 95 60 43 53 44 46 25 33 90 91 90 19 32 93 88 51 88 41 23 30 28 90 82 59 12 77 73 26 45 36 95 49 67 44 39 93 81 62 50 71 89 58 31 72 10 19 24 34 34 65 92 34 86 36 68 19 38 65 56 19 13 88 27 10 33 68 67 75 17 38 19 90 90 64 48 66 13 15 15 75 21 49 49 85 42 54 47 11 69 80 79 82 43 84 71 32 48 22 67 90 30 89 28 0 62 37 67 14 41 67 52 49 15 35 38
77 86 93 18 25 12 32 91 58 10 32 70 88 35 94 76 11 65 42 13 93 89 75 64 84 75 43 56 31 38 78 24 74 91 39 72 68 46 82 60 58 86 74 44 99 44 19 80 61 38 17 37 29 49 56 60 29 28 65 75 19 53 87 34 76 66 59 40 48 43 87 74 37 55 16 58 19 47 11 47 57 85 80 67 57 69 12 98 32 42 66 97 89 13 77 50 10 55 54 42 19 83 58 33 47 99 44 36 45 48 47 99 23 62 0 31 32 36 49 81 65 36 14 50 96
65 39 29 12 17 57 66 39 77 62 23 79 12 91 27 35 25 24 77 41 24 77 75 83 35 39 77 62 11 25 55 38 70 50 23 52 25 43 33 32 95 93 35 47 43 88 60 74 96 75 34 23 97 82 65 98 83 34 66 15 64 45 25 53 65 81 32 73 32 28 36 88 87 63 43 49 61 13 87 30 25 57 65 80 60 80 84 90 81 74 32 29 14 50 18 67 69 66 87 42 27 75 79 22 37 52 44 63 67 65 88 44 41 37 31 0 97 66 40 52 93 55 76 27 96
38 94 67 71 43 87 56 64 75 58 63 59 72 80 81 81 81 32 48 93 39 94 37 53 14 96 51 60 63 15 78 84 45 42 12 64 17 87 36 97 76 20 99 95 97 45 92 20 59 63 98 97 99 37 49 52 98 67 94 99 12 42 19 48 65 16 32 38 14 89 16 79 17 55 82 87 57 60 88 88 72 60 45 11 76 36 62 33 40 93 83 75 40 21 66 28 20 82 87 33 68 20 20 53 36 29 14 63 83 56 81 35 58 67 32 97 0 96 16 48 14 35 99 98 30
87 68 13 69 20 88 38 88 77 76 30 41 81 47 16 88 50 57 14 61 42 10 73 62 52 12 74 64 66 38 73 35 74 83 94 45 67 24 95 86 55 63 75 30 18 17 55 65 48 57 31 74 83 43 99 19 83 98 44 38 18 97 85 21 10 79 61 27 99 83 73 42 20 81 77 11 70 77 64 99 65 39 82 51 47 87 48 66 39 51 70 29 69 83 84 54 68 69 61 87 74 14 25 57 77 41 52 26 10 18 44 26 41 14 36 66 96 0 96 49 18 66 27 74 98
72 30 53 18 31 97 47 86 20 44 98 77 81 63 46 89 57 21 15 58 83 61 95 63 64 20 22 68 40 51 13 82 85 39 65 67 79 11 77 24 13 72 62 45 46 21 58 69 52 37 63 19 22 29 69 31 91 96 69 97 81 23 94 82 51 68 11 54 82 60 71 30 45 61 67 46 50 39 90 51 59 97 69 86 35 79 53 51 25 18 39 10 97 89 55 94 85 53 42 98 66 45 71 60 96 63 18 79 81 24 32 44 60 41 49 40 16 96 0 37 56 12 86 26 32
53 66 80 23 83 15 54 95 38 45 80 89 93 74 89 87 42 12 58 81 50 91 98 80 28 65 63 72 55 40 31 94 10 16 73 93 97 93 64 65 80 16 62 89 67 92 12 88 34 70 87 75 77 44 82 74 49 17 77 81 28 37 46 83 84 37 51 98 57 23 34 38 16 25 41 23 77 21 24 58 78 70 48 58 90 16 33 16 49 35 32 73 29 70 28 84 82 80 17 59 81 41 42 97 99 24 29 20 65 67 82 63 12 67 81 52 48 49 37 0 21 48 51 66 57
89 63 12 13 50 66 94 11 89 59 15 12 93 93 84 32 85 15 20 94 47 83 73 92 52 73 10 88 80 33 66 70 36 96 99 19 41 38 72 78 11 97 94 84 12 65 40 43 93 12 28 23 96 59 80 66 93 91 18 34 89 37 16 69 12 21 10 42 43 56 28 97 33 82 26 18 39 21 25 42 37 45 91 46 17 72 78 70 42 10 86 80 77 95 85 42 66 46 52 64 92 93 99 15 45 90 21 74 13 82 77 28 92 52 65 93 14 18 56 21 0 74 77 70 55
95 81 23 86 54 65 17 39 35 80 19 76 15 20 58 60 27 90 73 25 70 29 20 47 24 53 73 16 75 23 63 22 26 36 52 34 99 10 75 53 24 24 66 46 53 14 69 35 47 89 97 62 68 93 13 78 71 60 31 87 41 43 86 45 94 13 53 46 98 62 77 64 65 60 90 95 70 63 87 51 28 70 21 46 99 32 37 28 42 78 70 13 44 41 48 54 25 43 64 73 74 51 28 54 21 34 63 66 55 95 46 79 96 49 36 55 35 66 12 48 74 0 77 65 13
57 18 83 43 42 66 28 13 58 39 77 15 76 93 79 93 78 59 42 67 34 39 80 61 31 62 99 45 94 56 77 91 99 46 28 39 89 90 66 67 40 39 75 73 94 67 26 80 69 97 48 14 41 37 71 55 50 93 70 17 39 65 35 68 33 63 83 74 13 98 43 93 21 44 37 95 66 27 55 21 22 67 36 64 27 70 42 59 62 40 72 39 33 70 65 95 35 34 70 21 11 24 33 89 65 89 53 20 57 43 86 89 76 15 14 76 99 27 86 51 77 77 0 22 44
34 61 79 58 14 49 95 94 44 24 38 46 48 30 95 46 19 38 18 98 76 11 80 44 51 66 84 58 68 80 69 73 10 20 18 35 79 20 74 90 29 84 42 68 64 93 20 78 44 16 20 30 22 87 24 41 39 74 62 71 21 37 70 43 14 21 61 19 37 13 81 58 24 45 38 13 68 22 24 85 26 34 37 66 85 22 85 77 71 72 44 78 85 61 95 59 27 24 57 51 66 28 82 29 59 83 11 72 18 31 43 72 85 35 50 27 98 74 26 66 70 65 22 0 69
79 41 16 21 87 51 49 54 19 38 27 76 76 72 57 41 32 61 24 39 18 26 99 46 54 89 15 98 63 68 13 56 38 63 64 42 38 73 83 62 98 64 11 73 35 56 55 94 16 62 91 96 28 85 69 12 19 58 15 22 93 77 84 20 50 42 25 99 82 41 93 26 47 41 96 68 32 94 60 83 42 48 51 75 74 16 26 59 96 51 32 37 95 33 79 42 59 62 18 95 67 92 81 62 55 36 60 24 98 75 39 27 51 38 96 96 30 98 32 57 55 13 44 69 0