45
0 53 16 69 85 17 46 92 27 88 12 74 46 14 66 18 22 40 57 95 52 44 98 88 89 54 98 68 47 37 37 67 16 48 14 13 80 98 23 59 21 28 28 27 27
53 0 32 86 53 19 43 14 52 23 85 24 60 20 65 56 71 23 22 73 27 82 93 24 38 24 60 80 33 18 68 56 51 84 39 25 50 84 82 88 70 50 41 25 84
16 32 0 81 77 40 92 14 45 52 41 27 76 40 72 66 79 24 84 39 76 81 50 19 28 42 25 71 84 30 47 66 49 10 55 52 52 94 19 56 20 23 72 96 86
69 86 81 0 61 39 57 95 43 91 57 83 62 10 63 97 25 65 24 36 52 30 58 89 73 91 76 71 95 24 73 17 76 30 21 37 68 51 21 97 74 30 56 61 12
85 53 77 61 0 97 87 30 42 35 40 25 68 14 13 70 93 35 42 15 43 60 14 77 52 59 38 36 54 25 34 15 27 19 58 22 37 79 31 83 31 45 62 65 46
17 19 40 39 97 0 56 38 21 21 52 63 37 28 57 94 83 19 27 95 16 44 72 55 96 74 80 46 29 70 92 44 42 75 35 54 92 38 66 33 29 60 76 54 50
46 43 92 57 87 56 0 92 60 43 55 70 47 79 21 20 85 33 81 17 90 30 90 39 20 64 78 18 47 68 38 56 25 15 80 42 71 23 93 35 21 76 81 94 80
92 14 14 95 30 38 92 0 19 72 38 73 64 77 20 59 94 86 26 75 29 40 84 85 75 89 78 26 47 73 54 86 61 76 93 28 26 74 44 30 63 29 37 82 11
27 52 45 43 42 21 60 19 0 18 17 37 19 57 42 37 51 93 86 64 83 32 81 48 29 71 76 36 71 62 68 78 90 20 99 99 50 63 25 58 60 14 12 55 44
88 23 52 91 35 21 43 72 18 0 61 36 30 99 32 26 51 14 41 88 78 26 36 32 15 45 88 44 22 38 62 88 19 67 74 27 40 25 33 19 81 83 56 71 41
12 85 41 57 40 52 55 38 17 61 0 26 13 64 47 95 30 28 59 49 40 54 97 35 42 38 85 19 99 97 46 81 34 50 65 63 80 44 57 14 56 80 34 21 36
74 24 27 83 25 63 70 73 37 36 26 0 15 87 54 89 48 31 64 42 76 37 43 99 53 95 37 78 15 24 36 34 91 68 71 32 14 51 30 96 73 66 74 58 12
46 60 76 62 68 37 47 64 19 30 13 15 0 46 74 26 36 28 47 88 34 59 65 73 97 76 34 22 83 45 93 87 55 26 33 77 99 70 50 69 20 34 93 78 51
14 20 40 10 14 28 79 77 57 99 64 87 46 0 71 27 29 70 60 21 19 69 68 49 20 24 19 17 27 74 79 40 74 98 30 64 26 31 31 58 81 95 17 42 61
66 65 72 63 13 57 21 20 42 32 47 54 74 71 0 28 63 81 49 36 52 61 10 33 63 62 50 40 17 88 69 85 85 32 84 72 47 59 50 79 43 47 15 74 52
18 56 66 97 70 94 20 59 37 26 95 89 26 27 28 0 72 68 77 61 79 61 49 15 92 94 90 47 48 83 13 61 85 54 68 29 40 69 52 25 71 52 12 88 80
22 71 79 25 93 83 85 94 51 51 30 48 36 29 63 72 0 93 75 78 10 76 49 27 38 31 31 99 64 11 51 17 32 90 69 87 59 67 97 58 64 14 75 59 99
40 23 24 65 35 19 33 86 93 14 28 31 28 70 81 68 93 0 34 65 47 35 66 70 11 15 96 86 58 83 57 28 58 24 99 75 42 69 96 26 18 56 11 30 25
57 22 84 24 42 27 81 26 86 41 59 64 47 60 49 77 75 34 0 93 26 89 40 32 12 51 52 93 75 75 83 90 57 64 23 14 19 86 49 58 11 10 90 70 38
95 73 39 36 15 95 17 75 64 88 49 42 88 21 36 61 78 65 93 0 13 55 30 95 19 73 59 43 76 84 42 62 75 72 62 74 77 73 32 79 39 31 23 18 60
52 27 76 52 43 16 90 29 83 78 40 76 34 19 52 79 10 47 26 13 0 20 94 99 91 51 29 58 66 27 53 15 36 73 20 52 33 47 76 23 25 53 45 78 58
44 82 81 30 60 44 30 40 32 26 54 37 59 69 61 61 76 35 89 55 20 0 35 24 23 37 23 86 86 45 81 54 40 70 25 82 17 69 76 59 67 11 48 66 88
98 93 50 58 14 72 90 84 81 36 97 43 65 68 10 49 49 66 40 30 94 35 0 74 74 49 33 20 15 12 90 27 23 91 72 55 33 33 34 68 75 50 60 70 47
88 24 19 89 77 55 39 85 48 32 35 99 73 49 33 15 27 70 32 95 99 24 74 0 93 82 93 14 36 55 17 21 22 39 47 81 94 95 60 42 73 52 21 93 68
89 38 28 73 52 96 20 75 29 15 42 53 97 20 63 92 38 11 12 19 91 23 74 93 0 86 75 84 79 91 77 11 16 15 60 19 45 32 71 17 19 65 34 92 82
54 24 42 91 59 74 64 89 71 45 38 95 76 24 62 94 31 15 51 73 51 37 49 82 86 0 89 58 64 71 84 19 10 85 58 82 71 77 26 36 21 41 46 89 66
98 60 25 76 38 80 78 78 76 88 85 37 34 19 50 90 31 96 52 59 29 23 33 93 75 89 0 62 84 63 46 52 41 14 56 78 43 43 14 94 95 89 54 43 12
68 80 71 71 36 46 18 26 36 44 19 78 22 17 40 47 99 86 93 43 58 86 20 14 84 58 62 0 14 79 39 49 82 67 35 20 81 93 52 70 51 49 52 56 78
47 33 84 95 54 29 47 47 71 22 99 15 83 27 17 48 64 58 75 76 66 86 15 36 79 64 84 14 0 69 57 31 38 99 32 76 34 10 52 82 86 30 27 41 84
37 18 30 24 25 70 68 73 62 38 97 24 45 74 88 83 11 83 75 84 27 45 12 55 91 71 63 79 69 0 49 75 54 57 16 37 72 31 88 48 70 37 80 41 44
37 68 47 73 34 92 38 54 68 62 46 36 93 79 69 13 51 57 83 42 53 81 90 17 77 84 46 39 57 49 0 71 42 94 94 45 69 23 91 54 78 96 97 33 39
67 56 66 17 15 44 56 86 78 88 81 34 87 40 85 61 17 28 90 62 15 54 27 21 11 19 52 49 31 75 71 0 21 79 88 72 47 52 67 62 25 36 67 84 67
16 51 49 76 27 42 25 61 90 19 34 91 55 74 85 85 32 58 57 75 36 40 23 22 16 10 41 82 38 54 42 21 0 90 66 49 81 12 56 52 85 72 84 48 99
48 84 10 30 19 75 15 76 20 67 50 68 26 98 32 54 90 24 64 72 73 70 91 39 15 85 14 67 99 57 94 79 90 0 44 17 24 94 54 92 73 61 14 90 39
14 39 55 21 58 35 80 93 99 74 65 71 33 30 84 68 69 99 23 62 20 25 72 47 60 58 56 35 32 16 94 88 66 44 0 60 22 32 55 68 50 35 39 71 73
13 25 52 37 22 54 42 28 99 27 63 32 77 64 72 29 87 75 14 74 52 82 55 81 19 82 78 20 76 37 45 72 49 17 60 0 10 37 64 90 34 30 75 17 12
80 50 52 68 37 92 71 26 50 40 80 14 99 26 47 40 59 42 19 77 33 17 33 94 45 71 43 81 34 72 69 47 81 24 22 10 0 46 18 52 48 83 96 24 63
98 84 94 51 79 38 23 74 63 25 44 51 70 31 59 69 67 69 86 73 47 69 33 95 32 77 43 93 10 31 23 52 12 94 32 37 46 0 65 50 77 43 70 62 86
23 82 19 21 31 66 93 44 25 33 57 30 50 31 50 52 97 96 49 32 76 76 34 60 71 26 14 52 52 88 91 67 56 54 55 64 18 65 0 23 89 55 93 57 23
59 88 56 97 83 33 35 30 58 19 14 96 69 58 79 25 58 26 58 79 23 59 68 42 17 36 94 70 82 48 54 62 52 92 68 90 52 50 23 0 79 91 48 41 53
21 70 20 74 31 29 21 63 60 81 56 73 20 81 43 71 64 18 11 39 25 67 75 73 19 21 95 51 86 70 78 25 85 73 50 34 48 77 89 79 0 89 80 28 58
28 50 23 30 45 60 76 29 14 83 80 66 34 95 47 52 14 56 10 31 53 11 50 52 65 41 89 49 30 37 96 36 72 61 35 30 83 43 55 91 89 0 91 52 47
28 41 72 56 62 76 81 37 12 56 34 74 93 17 15 12 75 11 90 23 45 48 60 21 34 46 54 52 27 80 97 67 84 14 39 75 96 70 93 48 80 91 0 98 60
27 25 96 61 65 54 94 82 55 71 21 58 78 42 74 88 59 30 70 18 78 66 70 93 92 89 43 56 41 41 33 84 48 90 71 17 24 62 57 41 28 52 98 0 85
27 84 86 12 46 50 80 11 44 41 36 12 51 61 52 80 99 25 38 60 58 88 47 68 82 66 12 78 84 44 39 67 99 39 73 12 63 86 23 53 58 47 60 85 0