85
0 85 56 82 16 34 83 97 66 30 44 48 53 88 73 27 95 56 62 43 87 11 80 15 60 36 69 64 73 14 23 77 79 95 60 26 13 29 84 35 81 18 50 85 34 89 75 69 26 16 61 62 25 16 69 85 17 31 81 26 43 83 98 20 30 38 56 62 72 26 36 54 79 62 84 72 66 82 74 99 95 18 20 77 82
85 0 88 98 29 65 74 43 39 12 35 17 56 84 46 15 68 70 75 41 69 25 98 48 85 20 15 59 47 28 10 50 44 20 14 25 84 87 45 92 12 49 33 65 30 34 75 24 30 22 99 71 75 28 93 90 47 80 22 75 98 61 44 64 73 90 59 31 16 60 26 46 54 26 37 64 51 79 95 13 87 10 10 39 67
56 88 0 62 87 19 87 90 39 61 70 42 21 91 10 11 48 31 75 14 61 48 99 45 79 84 89 72 66 78 65 24 90 15 67 17 27 15 76 22 93 22 25 39 49 87 64 38 50 32 80 77 54 88 44 77 15 75 52 93 33 21 44 26 56 64 89 14 97 39 23 31 47 36 88 48 21 72 86 30 43 45 36 18 85
82 98 62 0 44 87 44 50 10 36 14 28 31 37 13 71 68 59 19 59 17 38 80 36 59 82 70 52 45 58 72 60 31 67 56 87 45 80 78 21 92 10 54 94 58 99 80 39 51 57 24 89 69 73 30 54 46 84 65 24 99 46 73 47 39 29 44 21 91 87 37 20 69 28 23 24 69 53 69 58 60 98 85 70 83
16 29 87 44 0 86 82 80 89 44 23 47 99 57 10 42 78 86 78 21 22 47 68 85 64 23 94 64 37 47 22 82 40 77 52 75 39 33 37 41 82 12 17 70 42 40 55 85 27 97 99 76 53 77 54 67 41 80 84 64 83 28 27 88 47 78 68 88 88 78 12 68 13 69 17 76 50 72 41 77 36 25 41 47 32
34 65 19 87 86 0 54 86 18 85 38 71 69 48 90 79 57 99 90 37 49 89 36 30 51 46 58 96 89 52 58 31 72 12 27 54 66 20 30 40 38 27 62 81 27 96 35 65 85 31 90 90 91 78 65 22 20 88 47 37 49 16 58 58 10 35 33 25 83 34 20 91 84 70 74 11 86 28 82 78 47 48 46 88 90
83 74 87 44 82 54 0 21 19 22 62 21 84 30 35 70 29 10 64 20 58 25 67 80 83 57 80 36 65 95 60 48 50 11 36 12 38 88 95 61 34 75 52 82 49 41 44 43 68 84 98 83 18 33 58 93 54 87 54 56 38 91 72 32 82 75 29 23 87 77 75 33 86 34 46 48 64 84 30 50 45 64 12 26 19
97 43 90 50 80 86 21 0 11 46 41 26 82 35 51 46 67 41 82 89 51 76 28 82 15 59 22 32 87 79 66 90 61 46 59 16 51 70 47 65 27 97 25 19 40 72 47 48 59 87 88 90 53 61 97 13 67 45 16 19 56 16 56 25 66 94 12 69 93 97 29 79 92 76 66 92 55 16 12 68 43 72 15 22 71
66 39 39 10 89 18 19 11 0 56 41 68 66 81 85 44 35 90 45 34 63 78 51 40 27 59 12 57 92 55 99 56 88 30 14 84 83 21 10 65 36 79 56 32 42 25 65 90 69 33 13 10 19 73 62 22 73 41 26 78 31 14 58 81 44 17 14 46 57 70 56 61 88 88 28 60 31 96 15 60 17 50 63 58 18
30 12 61 36 44 85 22 46 56 0 27 40 43 67 39 65 43 52 43 95 79 99 55 80 11 13 99 66 94 11 41 51 36 37 40 84 92 24 97 60 25 18 96 58 82 39 32 11 99 72 42 13 23 45 68 20 22 72 92 31 19 55 39 29 30 24 61 51 56 68 23 34 24 51 26 20 88 95 85 12 37 95 42 13 63
44 35 70 14 23 38 62 41 41 27 0 23 31 28 20 52 96 66 33 56 25 17 77 12 58 75 67 61 87 29 35 39 64 49 42 63 80 88 41 12 35 73 58 45 18 87 43 88 76 57 62 70 44 82 68 57 86 79 82 93 42 10 31 54 28 81 47 67 74 69 54 59 70 29 52 21 92 14 90 46 50 34 13 69 65
48 17 42 28 47 71 21 26 68 40 23 0 61 73 22 24 96 37 89 84 61 24 14 75 19 30 47 63 64 22 19 96 91 18 87 34 85 63 74 87 30 65 94 37 14 91 40 66 25 33 79 52 79 11 98 56 13 34 70 67 21 72 96 28 19 20 77 49 65 39 94 62 14 41 93 10 19 54 11 16 70 12 40 72 35
53 56 21 31 99 69 84 82 66 43 31 61 0 95 38 23 78 82 84 33 70 14 50 38 50 13 96 75 91 90 93 45 82 49 76 83 41 89 12 48 95 41 30 53 88 81 51 14 83 42 23 88 40 52 14 53 71 59 21 26 43 96 49 35 23 46 69 84 84 20 96 58 39 53 25 52 84 64 60 87 46 20 35 91 27
88 84 91 37 57 48 30 35 81 67 28 73 95 0 61 66 36 42 91 48 21 79 11 31 92 29 36 32 41 43 67 49 53 90 29 83 58 85 98 40 79 54 42 55 14 89 37 58 92 51 36 90 36 22 99 65 72 75 29 73 10 62 96 46 63 38 16 30 33 81 57 74 11 58 61 46 95 23 77 62 93 24 57 58 85
73 46 10 13 10 90 35 51 85 39 20 22 38 61 0 65 97 15 81 25 66 49 23 65 57 17 43 74 53 68 82 36 63 68 67 54 32 12 72 98 78 96 39 71 43 52 92 42 94 25 19 61 66 33 98 69 83 69 99 51 22 40 53 51 70 11 58 46 58 43 24 82 83 24 41 14 83 16 36 80 74 74 22 56 46
27 15 11 71 42 79 70 46 44 65 52 24 23 66 65 0 74 20 99 41 12 31 95 63 36 77 89 22 24 18 98 27 60 98 85 42 42 94 88 48 13 80 55 17 57 33 68 41 17 41 17 76 58 91 82 24 55 52 15 10 21 31 94 53 45 37 59 48 40 67 98 72 26 45 77 38 21 16 19 67 71 18 16 66 39
95 68 48 68 78 57 29 67 35 43 96 96 78 36 97 74 0 34 85 10 39 32 68 45 59 48 88 59 80 91 70 37 37 67 45 58 81 28 74 49 38 56 46 42 82 16 39 46 27 23 82 52 65 90 34 34 90 88 63 44 59 66 27 36 88 69 42 87 51 74 13 27 72 86 30 34 34 69 82 13 48 29 64 15 87
56 70 31 59 86 99 10 41 90 52 66 37 82 42 15 20 34 0 10 65 78 39 71 58 32 26 18 54 21 78 63 32 99 70 54 36 45 39 39 66 70 33 11 83 37 73 59 94 73 48 29 29 83 69 24 40 42 46 22 53 23 83 99 26 25 44 24 77 21 60 14 36 49 59 30 88 43 49 36 57 87 90 87 74 40
62 75 75 19 78 90 64 82 45 43 33 89 84 91 81 99 85 10 0 17 15 11 86 54 23 67 11 40 21 16 23 88 54 51 77 51 68 19 23 61 20 18 36 47 45 90 54 47 57 72 24 15 55 21 85 61 11 27 30 53 50 65 47 96 55 85 52 70 36 28 34 45 79 47 73 25 13 62 14 17 45 90 30 78 15
43 41 14 59 21 37 20 89 34 95 56 84 33 48 25 41 10 65 17 0 13 19 51 91 23 99 11 33 55 71 11 42 71 69 20 85 40 76 73 95 83 98 95 87 42 61 21 77 95 36 42 17 82 47 43 19 83 80 68 75 14 56 82 47 63 85 81 37 72 38 16 33 26 70 70 90 62 28 23 78 34 65 26 42 85
87 69 61 17 22 49 58 51 63 79 25 61 70 21 66 12 39 78 15 13 0 28 40 22 67 59 71 95 94 43 66 59 76 55 56 90 92 63 60 83 90 80 78 83 60 39 92 31 22 91 54 90 67 32 35 77 71 14 62 34 48 79 97 53 30 16 91 34 62 13 61 53 50 52 55 81 41 41 82 29 44 83 75 32 24
11 25 48 38 47 89 25 76 78 99 17 24 14 79 49 31 32 39 11 19 28 0 51 96 38 63 21 45 70 31 37 12 82 67 26 18 90 15 59 18 21 76 95 53 42 65 77 88 85 45 19 24 83 65 41 82 89 78 80 59 23 29 13 40 74 46 53 12 82 57 23 60 67 52 24 93 87 76 84 82 27 30 34 37 76
80 98 99 80 68 36 67 28 51 55 77 14 50 11 23 95 68 71 86 51 40 51 0 51 67 32 51 36 53 11 26 85 49 85 82 70 23 11 69 29 15 11 19 63 88 56 45 81 64 20 65 95 19 83 88 79 98 90 75 69 91 56 13 44 72 29 10 36 13 71 37 55 57 22 31 75 67 20 47 12 96 43 70 62 67
15 48 45 36 85 30 80 82 40 80 12 75 38 31 65 63 45 58 54 91 22 96 51 0 37 61 47 37 64 30 54 64 91 54 73 41 78 42 68 92 20 24 34 71 82 96 20 32 34 27 12 58 95 46 37 29 33 92 84 78 92 81 64 15 24 43 36 46 71 77 39 12 77 70 82 88 96 25 45 30 87 25 65 87 25
60 85 79 59 64 51 83 15 27 11 58 19 50 92 57 36 59 32 23 23 67 38 67 37 0 32 13 45 14 60 23 57 78 13 76 95 36 25 88 38 38 99 31 52 59 20 40 38 26 15 33 47 10 43 26 82 21 68 92 21 57 18 50 85 38 68 23 11 62 30 38 95 61 84 82 59 76 97 56 17 52 56 96 45 63
36 20 84 82 23 46 57 59 59 13 75 30 13 29 17 77 48 26 67 99 59 63 32 61 32 0 10 12 89 88 75 51 98 80 66 89 68 69 99 35 15 43 70 39 10 16 40 76 54 37 31 26 32 12 16 24 37 13 72 97 38 13 14 44 15 39 88 90 14 27 61 40 48 78 38 24 40 51 17 44 39 92 61 86 81
69 15 89 70 94 58 80 22 12 99 67 47 96 36 43 89 88 18 11 11 71 21 51 47 13 10 0 63 38 77 30 73 52 46 19 24 41 13 25 82 90 65 62 47 93 56 97 68 96 49 24 87 90 22 12 42 12 54 22 75 44 10 72 71 59 66 39 86 97 84 81 72 18 41 48 93 60 33 72 63 45 52 11 64 69
64 59 72 52 64 96 36 32 57 66 61 63 75 32 74 22 59 54 40 33 95 45 36 37 45 12 63 0 15 18 34 37 16 66 71 52 45 88 96 18 60 99 10 12 41 99 49 90 56 39 20 56 85 11 65 22 38 91 70 51 84 29 80 71 13 53 61 64 37 42 65 96 59 92 15 83 13 45 33 88 39 17 62 74 21
73 47 66 45 37 89 65 87 92 94 87 64 91 41 53 24 80 21 21 55 94 70 53 64 14 89 38 15 0 36 64 93 27 54 60 78 77 82 74 84 47 98 50 64 15 26 41 45 84 78 48 65 86 82 67 51 21 90 85 46 44 27 66 42 47 14 54 65 28 71 50 74 56 52 21 52 81 25 87 41 67 53 84 91 25
14 28 78 58 47 52 95 79 55 11 29 22 90 43 68 18 91 78 16 71 43 31 11 30 60 88 77 18 36 0 25 92 31 44 95 72 22 15 74 32 53 29 86 52 12 93 60 17 93 83 15 36 45 76 24 80 65 98 16 48 20 90 36 43 70 28 46 70 12 11 51 28 18 15 11 52 64 24 26 15 74 62 53 85 43
23 10 65 72 22 58 60 66 99 41 35 19 93 67 82 98 70 63 23 11 66 37 26 54 23 75 30 34 64 25 0 84 87 79 41 99 50 52 48 44 19 40 40 28 15 18 46 28 85 59 35 64 70 91 45 37 64 91 70 77 98 94 89 87 20 13 80 68 20 70 49 64 24 84 77 52 53 80 37 72 78 52 30 69 76
77 50 24 60 82 31 48 90 56 51 39 96 45 49 36 27 37 32 88 42 59 12 85 64 57 51 73 37 93 92 84 0 38 27 19 80 87 97 73 24 18 67 59 40 80 44 78 83 12 57 94 40 90 99 82 70 62 95 89 48 46 67 31 72 28 95 90 67 48 26 33 87 31 43 76 36 77 66 69 91 44 39 26 13 14
79 44 90 31 40 72 50 61 88 36 64 91 82 53 63 60 37 99 54 71 76 82 49 91 78 98 52 16 27 31 87 38 0 82 58 34 39 90 91 49 88 86 38 52 46 59 35 51 50 54 81 46 17 90 40 98 96 21 13 27 82 52 57 16 10 20 35 54 75 54 48 60 25 30 43 67 34 12 13 46 46 50 92 11 86
95 20 15 67 77 12 11 46 30 37 49 18 49 90 68 98 67 70 51 69 55 67 85 54 13 80 46 66 54 44 79 27 82 0 39 58 33 67 59 32 74 13 26 72 89 65 77 13 56 36 46 89 59 69 42 77 56 68 31 42 66 88 47 82 42 84 53 14 34 71 91 84 62 16 29 55 53 18 98 55 21 50 94 21 22
60 14 67 56 52 27 36 59 14 40 42 87 76 29 67 85 45 54 77 20 56 26 82 73 76 66 19 71 60 95 41 19 58 39 0 97 26 93 86 66 94 51 37 25 60 61 74 19 16 70 29 75 96 58 86 17 77 90 40 11 39 67 49 81 52 97 28 32 63 63 67 28 69 92 32 55 18 43 83 47 42 58 37 42 79
26 25 17 87 75 54 12 16 84 84 63 34 83 83 54 42 58 36 51 85 90 18 70 41 95 89 24 52 78 72 99 80 34 58 97 0 20 47 67 68 16 33 11 73 14 25 16 89 80 23 20 92 67 20 36 84 10 85 15 42 27 72 44 43 21 75 44 88 68 50 50 75 41 39 51 95 47 36 59 79 69 28 27 54 92
13 84 27 45 39 66 38 51 83 92 80 85 41 58 32 42 81 45 68 40 92 90 23 78 36 68 41 45 77 22 50 87 39 33 26 20 0 72 55 59 57 10 97 64 95 26 34 32 96 42 31 18 46 19 63 89 40 54 74 83 32 72 68 21 10 46 88 72 65 17 91 21 98 44 63 67 22 11 74 53 89 46 21 63 35
29 87 15 80 33 20 88 70 21 24 88 63 89 85 12 94 28 39 19 76 63 15 11 42 25 69 13 88 82 15 52 97 90 67 93 47 72 0 77 70 59 63 72 16 58 57 19 43 88 12 87 94 33 83 94 79 48 55 14 41 84 25 86 91 18 71 25 76 23 31 45 16 37 58 98 34 77 83 74 22 96 40 28 84 23
84 45 76 78 37 30 95 47 10 97 41 74 12 98 72 88 74 39 23 73 60 59 69 68 88 99 25 96 74 74 48 73 91 59 86 67 55 77 0 21 13 28 33 69 89 49 37 84 88 28 77 56 77 83 28 10 15 48 16 82 70 81 45 37 94 20 81 49 40 76 80 66 81 31 35 12 68 76 66 71 48 84 69 13 29
35 92 22 21 41 40 61 65 65 60 12 87 48 40 98 48 49 66 61 95 83 18 29 92 38 35 82 18 84 32 44 24 49 32 66 68 59 70 21 0 87 10 76 40 96 51 75 71 34 86 81 75 43 73 76 77 90 76 26 68 68 66 32 14 24 94 25 68 94 58 82 83 94 10 78 52 64 62 23 62 88 58 96 18 95
81 12 93 92 82 38 34 27 36 25 35 30 95 79 78 13 38 70 20 83 90 21 15 20 38 15 90 60 47 53 19 18 88 74 94 16 57 59 13 87 0 90 35 22 34 51 10 93 75 46 67 57 19 13 60 89 89 52 50 47 95 80 32 23 58 61 35 65 98 72 77 77 18 86 77 44 70 67 43 18 96 32 97 81 42
18 49 22 10 12 27 75 97 79 18 73 65 41 54 96 80 56 33 18 98 80 76 11 24 99 43 65 99 98 29 40 67 86 13 51 33 10 63 28 10 90 0 45 93 67 29 50 55 37 73 18 83 25 44 22 38 81 87 52 52 17 39 82 42 99 29 59 92 23 79 97 17 18 22 83 64 15 88 19 39 75 85 34 55 98
50 33 25 54 17 62 52 25 56 96 58 94 30 42 39 55 46 11 36 95 78 95 19 34 31 70 62 10 50 86 40 59 38 26 37 11 97 72 33 76 35 45 0 51 57 99 24 11 39 30 23 27 38 95 65 96 92 55 96 33 68 66 25 26 74 23 65 15 91 13 15 98 29 82 71 51 82 93 73 56 24 55 79 16 45
85 65 39 94 70 81 82 19 32 58 45 37 53 55 71 17 42 83 47 87 83 53 63 71 52 39 47 12 64 52 28 40 52 72 25 73 64 16 69 40 22 93 51 0 16 92 49 28 91 63 95 38 57 41 35 27 16 63 62 98 56 78 16 98 71 73 84 29 80 28 50 98 59 77 97 60 58 48 55 68 55 58 66 96 72
34 30 49 58 42 27 49 40 42 82 18 14 88 14 43 57 82 37 45 42 60 42 88 82 59 10 93 41 15 12 15 80 46 89 60 14 95 58 89 96 34 67 57 16 0 57 23 87 39 86 91 40 23 29 70 27 92 81 40 91 99 77 23 99 61 90 51 81 59 48 17 44 27 37 23 63 66 22 34 19 65 41 37 40 45
89 34 87 99 40 96 41 72 25 39 87 91 81 89 52 33 16 73 90 61 39 65 56 96 20 16 56 99 26 93 18 44 59 65 61 25 26 57 49 51 51 29 99 92 57 0 70 94 97 54 72 92 30 18 19 50 32 84 66 73 74 92 26 41 21 84 36 15 55 78 21 15 90 34 52 47 31 65 90 64 51 73 55 90 36
75 75 64 80 55 35 44 47 65 32 43 40 51 37 92 68 39 59 54 21 92 77 45 20 40 40 97 49 41 60 46 78 35 77 74 16 34 19 37 75 10 50 24 49 23 70 0 95 44 12 43 47 10 91 68 33 30 29 96 30 18 65 70 55 74 35 49 62 58 67 13 30 82 78 48 68 38 63 33 22 40 19 93 66 48
69 24 38 39 85 65 43 48 90 11 88 66 14 58 42 41 46 94 47 77 31 88 81 32 38 76 68 90 45 17 28 83 51 13 19 89 32 43 84 71 93 55 11 28 87 94 95 0 15 38 45 23 17 90 45 23 81 40 56 32 63 59 81 42 64 85 83 40 85 22 79 56 51 50 88 83 97 72 54 88 36 53 21 66 35
26 30 50 51 27 85 68 59 69 99 76 25 83 92 94 17 27 73 57 95 22 85 64 34 26 54 96 56 84 93 85 12 50 56 16 80 96 88 88 34 75 37 39 91 39 97 44 15 0 82 68 92 40 46 90 31 20 24 36 86 65 63 29 77 21 85 71 91 76 45 23 95 57 23 35 35 20 72 60 82 15 32 50 89 14
16 22 32 57 97 31 84 87 33 72 57 33 42 51 25 41 23 48 72 36 91 45 20 27 15 37 49 39 78 83 59 57 54 36 70 23 42 12 28 86 46 73 30 63 86 54 12 38 82 0 51 38 57 25 36 74 17 45 31 78 66 71 90 47 82 56 43 18 45 24 52 73 74 37 67 16 44 73 34 99 86 22 47 78 13
61 99 80 24 99 90 98 88 13 42 62 79 23 36 19 17 82 29 24 42 54 19 65 12 33 31 24 20 48 15 35 94 81 46 29 20 31 87 77 81 67 18 23 95 91 72 43 45 68 51 0 34 64 77 64 31 23 15 18 68 82 58 74 57 74 90 77 89 51 16 24 19 49 93 53 89 14 54 24 14 77 78 22 16 86
62 71 77 89 76 90 83 90 10 13 70 52 88 90 61 76 52 29 15 17 90 24 95 58 47 26 87 56 65 36 64 40 46 89 75 92 18 94 56 75 57 83 27 38 40 92 47 23 92 38 34 0 17 66 22 21 85 86 11 85 81 77 72 40 48 34 34 18 55 54 48 47 14 63 35 27 82 79 59 49 82 32 66 54 37
25 75 54 69 53 91 18 53 19 23 44 79 40 36 66 58 65 83 55 82 67 83 19 95 10 32 90 85 86 45 70 90 17 59 96 67 46 33 77 43 19 25 38 57 23 30 10 17 40 57 64 17 0 48 86 40 11 72 44 14 45 90 33 59 81 25 51 63 61 33 22 30 20 14 10 52 51 14 37 69 11 84 81 84 61
16 28 88 73 77 78 33 61 73 45 82 11 52 22 33 91 90 69 21 47 32 65 83 46 43 12 22 11 82 76 91 99 90 69 58 20 19 83 83 73 13 44 95 41 29 18 91 90 46 25 77 66 48 0 70 25 92 17 89 45 26 39 27 60 31 55 91 44 54 61 30 90 68 56 80 22 63 68 19 50 61 64 39 45 41
69 93 44 30 54 65 58 97 62 68 68 98 14 99 98 82 34 24 85 43 35 41 88 37 26 16 12 65 67 24 45 82 40 42 86 36 63 94 28 76 60 22 65 35 70 19 68 45 90 36 64 22 86 70 0 43 65 71 72 19 21 75 14 96 66 84 40 99 44 40 50 54 41 67 96 56 58 43 17 64 11 70 71 87 90
85 90 77 54 67 22 93 13 22 20 57 56 53 65 69 24 34 40 61 19 77 82 79 29 82 24 42 22 51 80 37 70 98 77 17 84 89 79 10 77 89 38 96 27 27 50 33 23 31 74 31 21 40 25 43 0 90 22 94 68 98 91 28 93 39 93 58 96 21 92 90 99 76 43 56 34 45 37 81 63 18 87 25 50 16
17 47 15 46 41 20 54 67 73 22 86 13 71 72 83 55 90 42 11 83 71 89 98 33 21 37 12 38 21 65 64 62 96 56 77 10 40 48 15 90 89 81 92 16 92 32 30 81 20 17 23 85 11 92 65 90 0 95 29 56 74 63 40 68 87 46 57 84 65 26 21 81 94 17 79 70 32 58 82 45 40 65 75 49 90
31 80 75 84 80 88 87 45 41 72 79 34 59 75 69 52 88 46 27 80 14 78 90 92 68 13 54 91 90 98 91 95 21 68 90 85 54 55 48 76 52 87 55 63 81 84 29 40 24 45 15 86 72 17 71 22 95 0 52 34 67 57 89 91 72 46 14 19 28 73 59 52 99 16 50 45 41 16 77 67 72 42 18 58 65
81 22 52 65 84 47 54 16 26 92 82 70 21 29 99 15 63 22 30 68 62 80 75 84 92 72 22 70 85 16 70 89 13 31 40 15 74 14 16 26 50 52 96 62 40 66 96 56 36 31 18 11 44 89 72 94 29 52 0 60 33 99 18 87 73 15 11 38 46 11 26 51 56 99 63 31 59 17 25 54 96 53 32 59 81
26 75 93 24 64 37 56 19 78 31 93 67 26 73 51 10 44 53 53 75 34 59 69 78 21 97 75 51 46 48 77 48 27 42 11 42 83 41 82 68 47 52 33 98 91 73 30 32 86 78 68 85 14 45 19 68 56 34 60 0 10 40 82 66 99 71 81 88 71 47 98 92 53 39 81 63 29 37 26 28 66 48 81 63 40
43 98 33 99 83 49 38 56 31 19 42 21 43 10 22 21 59 23 50 14 48 23 91 92 57 38 44 84 44 20 98 46 82 66 39 27 32 84 70 68 95 17 68 56 99 74 18 63 65 66 82 81 45 26 21 98 74 67 33 10 0 48 41 87 77 89 73 57 15 30 12 16 63 81 39 52 99 26 97 84 85 11 11 95 14
83 61 21 46 28 16 91 16 14 55 10 72 96 62 40 31 66 83 65 56 79 29 56 81 18 13 10 29 27 90 94 67 52 88 67 72 72 25 81 66 80 39 66 78 77 92 65 59 63 71 58 77 90 39 75 91 63 57 99 40 48 0 56 34 13 61 40 55 76 34 78 73 38 46 87 70 86 99 43 20 29 56 33 52 53
98 44 44 73 27 58 72 56 58 39 31 96 49 96 53 94 27 99 47 82 97 13 13 64 50 14 72 80 66 36 89 31 57 47 49 44 68 86 45 32 32 82 25 16 23 26 70 81 29 90 74 72 33 27 14 28 40 89 18 82 41 56 0 79 79 41 58 51 86 36 58 78 19 43 41 61 32 95 21 22 64 74 56 81 97
20 64 26 47 88 58 32 25 81 29 54 28 35 46 51 53 36 26 96 47 53 40 44 15 85 44 71 71 42 43 87 72 16 82 81 43 21 91 37 14 23 42 26 98 99 41 55 42 77 47 57 40 59 60 96 93 68 91 87 66 87 34 79 0 22 74 17 91 57 26 41 49 45 86 97 98 61 84 93 13 12 31 10 86 79
30 73 56 39 47 10 82 66 44 30 28 19 23 63 70 45 88 25 55 63 30 74 72 24 38 15 59 13 47 70 20 28 10 42 52 21 10 18 94 24 58 99 74 71 61 21 74 64 21 82 74 48 81 31 66 39 87 72 73 99 77 13 79 22 0 38 73 58 54 79 83 34 15 63 79 16 36 74 61 75 10 48 73 54 73
38 90 64 29 78 35 75 94 17 24 81 20 46 38 11 37 69 44 85 85 16 46 29 43 68 39 66 53 14 28 13 95 20 84 97 75 46 71 20 94 61 29 23 73 90 84 35 85 85 56 90 34 25 55 84 93 46 46 15 71 89 61 41 74 38 0 32 86 61 20 96 41 89 60 16 64 43 82 81 46 77 85 11 99 99
56 59 89 44 68 33 29 12 14 61 47 77 69 16 58 59 42 24 52 81 91 53 10 36 23 88 39 61 54 46 80 90 35 53 28 44 88 25 81 25 35 59 65 84 51 36 49 83 71 43 77 34 51 91 40 58 57 14 11 81 73 40 58 17 73 32 0 38 48 21 68 53 72 97 42 83 59 68 19 57 45 38 47 38 17
62 31 14 21 88 25 23 69 46 51 67 49 84 30 46 48 87 77 70 37 34 12 36 46 11 90 86 64 65 70 68 67 54 14 32 88 72 76 49 68 65 92 15 29 81 15 62 40 91 18 89 18 63 44 99 96 84 19 38 88 57 55 51 91 58 86 38 0 36 76 55 20 58 63 35 33 54 48 40 89 84 87 26 56 47
72 16 97 91 88 83 87 93 57 56 74 65 84 33 58 40 51 21 36 72 62 82 13 71 62 14 97 37 28 12 20 48 75 34 63 68 65 23 40 94 98 23 91 80 59 55 58 85 76 45 51 55 61 54 44 21 65 28 46 71 15 76 86 57 54 61 48 36 0 53 24 89 99 24 45 73 95 50 65 88 94 59 57 79 61
26 60 39 87 78 34 77 97 70 68 69 39 20 81 43 67 74 60 28 38 13 57 71 77 30 27 84 42 71 11 70 26 54 71 63 50 17 31 76 58 72 79 13 28 48 78 67 22 45 24 16 54 33 61 40 92 26 73 11 47 30 34 36 26 79 20 21 76 53 0 32 31 67 13 26 79 67 84 64 67 82 58 58 77 84
36 26 23 37 12 20 75 29 56 23 54 94 96 57 24 98 13 14 34 16 61 23 37 39 38 61 81 65 50 51 49 33 48 91 67 50 91 45 80 82 77 97 15 50 17 21 13 79 23 52 24 48 22 30 50 90 21 59 26 98 12 78 58 41 83 96 68 55 24 32 0 86 51 92 98 36 35 81 61 57 13 62 14 57 86
54 46 31 20 68 91 33 79 61 34 59 62 58 74 82 72 27 36 45 33 53 60 55 12 95 40 72 96 74 28 64 87 60 84 28 75 21 16 66 83 77 17 98 98 44 15 30 56 95 73 19 47 30 90 54 99 81 52 51 92 16 73 78 49 34 41 53 20 89 31 86 0 91 23 94 77 74 85 43 32 71 78 44 23 70
79 54 47 69 13 84 86 92 88 24 70 14 39 11 83 26 72 49 79 26 50 67 57 77 61 48 18 59 56 18 24 31 25 62 69 41 98 37 81 94 18 18 29 59 27 90 82 51 57 74 49 14 20 68 41 76 94 99 56 53 63 38 19 45 15 89 72 58 99 67 51 91 0 92 13 88 92 48 64 58 25 82 65 94 17
62 26 36 28 69 70 34 76 88 51 29 41 53 58 24 45 86 59 47 70 52 52 22 70 84 78 41 92 52 15 84 43 30 16 92 39 44 58 31 10 86 22 82 77 37 34 78 50 23 37 93 63 14 56 67 43 17 16 99 39 81 46 43 86 63 60 97 63 24 13 92 23 92 0 40 10 16 86 14 49 29 42 35 87 34
84 37 88 23 17 74 46 66 28 26 52 93 25 61 41 77 30 30 73 70 55 24 31 82 82 38 48 15 21 11 77 76 43 29 32 51 63 98 35 78 77 83 71 97 23 52 48 88 35 67 53 35 10 80 96 56 79 50 63 81 39 87 41 97 79 16 42 35 45 26 98 94 13 40 0 62 11 14 25 14 87 34 88 45 84
72 64 48 24 76 11 48 92 60 20 21 10 52 46 14 38 34 88 25 90 81 93 75 88 59 24 93 83 52 52 52 36 67 55 55 95 67 34 12 52 44 64 51 60 63 47 68 83 35 16 89 27 52 22 56 34 70 45 31 63 52 70 61 98 16 64 83 33 73 79 36 77 88 10 62 0 96 63 38 16 14 64 52 10 83
66 51 21 69 50 86 64 55 31 88 92 19 84 95 83 21 34 43 13 62 41 87 67 96 76 40 60 13 81 64 53 77 34 53 18 47 22 77 68 64 70 15 82 58 66 31 38 97 20 44 14 82 51 63 58 45 32 41 59 29 99 86 32 61 36 43 59 54 95 67 35 74 92 16 11 96 0 34 94 67 36 72 92 88 33
82 79 72 53 72 28 84 16 96 95 14 54 64 23 16 16 69 49 62 28 41 76 20 25 97 51 33 45 25 24 80 66 12 18 43 36 11 83 76 62 67 88 93 48 22 65 63 72 72 73 54 79 14 68 43 37 58 16 17 37 26 99 95 84 74 82 68 48 50 84 81 85 48 86 14 63 34 0 46 16 55 71 88 54 50
74 95 86 69 41 82 30 12 15 85 90 11 60 77 36 19 82 36 14 23 82 84 47 45 56 17 72 33 87 26 37 69 13 98 83 59 74 74 66 23 43 19 73 55 34 90 33 54 60 34 24 59 37 19 17 81 82 77 25 26 97 43 21 93 61 81 19 40 65 64 61 43 64 14 25 38 94 46 0 82 23 54 21 71 60
99 13 30 58 77 78 50 68 60 12 46 16 87 62 80 67 13 57 17 78 29 82 12 30 17 44 63 88 41 15 72 91 46 55 47 79 53 22 71 62 18 39 56 68 19 64 22 88 82 99 14 49 69 50 64 63 45 67 54 28 84 20 22 13 75 46 57 89 88 67 57 32 58 49 14 16 67 16 82 0 36 75 28 43 91
95 87 43 60 36 47 45 43 17 37 50 70 46 93 74 71 48 87 45 34 44 27 96 87 52 39 45 39 67 74 78 44 46 21 42 69 89 96 48 88 96 75 24 55 65 51 40 36 15 86 77 82 11 61 11 18 40 72 96 66 85 29 64 12 10 77 45 84 94 82 13 71 25 29 87 14 36 55 23 36 0 68 71 19 73
18 10 45 98 25 48 64 72 50 95 34 12 20 24 74 18 29 90 90 65 83 30 43 25 56 92 52 17 53 62 52 39 50 50 58 28 46 40 84 58 32 85 55 58 41 73 19 53 32 22 78 32 84 64 70 87 65 42 53 48 11 56 74 31 48 85 38 87 59 58 62 78 82 42 34 64 72 71 54 75 68 0 24 55 36
20 10 36 85 41 46 12 15 63 42 13 40 35 57 22 16 64 87 30 26 75 34 70 65 96 61 11 62 84 53 30 26 92 94 37 27 21 28 69 96 97 34 79 66 37 55 93 21 50 47 22 66 81 39 71 25 75 18 32 81 11 33 56 10 73 11 47 26 57 58 14 44 65 35 88 52 92 88 21 28 71 24 0 76 61
77 39 18 70 47 88 26 22 58 13 69 72 91 58 56 66 15 74 78 42 32 37 62 87 45 86 64 74 91 85 69 13 11 21 42 54 63 84 13 18 81 55 16 96 40 90 66 66 89 78 16 54 84 45 87 50 49 58 59 63 95 52 81 86 54 99 38 56 79 77 57 23 94 87 45 10 88 54 71 43 19 55 76 0 60
82 67 85 83 32 90 19 71 18 63 65 35 27 85 46 39 87 40 15 85 24 76 67 25 63 81 69 21 25 43 76 14 86 22 79 92 35 23 29 95 42 98 45 72 45 36 48 35 14 13 86 37 61 41 90 16 90 65 81 40 14 53 97 79 73 99 17 47 61 84 86 70 17 34 84 83 33 50 60 91 73 36 61 60 0