120
0 51 29 90 70 63 74 84 65 31 72 89 61 56 76 37 56 54 85 94 53 14 98 10 88 72 56 79 84 34 36 51 50 94 41 31 91 80 11 20 82 51 15 86 66 67 82 82 40 93 84 44 50 24 78 89 33 32 96 78 67 20 93 52 43 43 78 75 28 63 22 14 22 56 36 85 21 99 44 50 62 60 13 40 17 49 95 40 53 13 72 44 48 82 73 90 99 11 48 92 55 70 45 35 84 30 68 15 94 85 61 10 55 67 95 72 52 83 94 11
51 0 34 84 94 15 87 29 43 96 51 62 86 58 22 80 34 45 41 98 19 89 92 85 25 82 94 84 35 66 67 66 32 12 49 47 62 99 70 70 42 74 46 84 76 10 87 91 30 77 92 78 47 46 40 37 63 70 26 41 84 19 21 39 39 91 72 87 23 65 88 52 37 50 56 68 61 39 42 41 42 94 43 80 35 37 79 44 61 55 88 54 29 34 46 29 76 59 61 64 66 45 78 90 40 44 38 44 58 93 69 25 27 40 24 21 19 86 79 37
29 34 0 12 18 97 32 64 89 61 55 64 96 21 43 78 94 16 90 31 18 99 72 47 74 41 34 64 10 98 40 56 54 68 21 93 14 99 79 99 49 21 92 77 44 11 44 33 82 40 38 94 25 65 42 94 80 30 96 23 78 37 55 63 64 80 44 61 59 44 27 31 23 45 69 62 90 53 77 48 79 34 74 13 97 10 26 95 28 14 16 58 11 60 50 99 28 65 45 86 69 58 48 99 73 78 44 76 65 29 98 14 81 22 48 54 31 75 45 53
90 84 12 0 42 87 99 23 70 26 69 70 37 62 98 16 96 93 22 54 85 27 38 89 54 21 43 69 79 57 70 28 88 15 44 33 33 61 62 49 98 38 76 41 31 39 12 91 80 86 95 21 35 85 51 58 17 92 92 93 98 93 41 51 52 34 84 48 84 12 60 89 38 98 54 40 35 12 60 73 11 46 74 49 73 16 32 89 19 73 32 89 43 43 39 58 25 35 41 19 12 33 10 55 78 23 22 83 73 26 61 84 51 32 40 31 93 41 38 26
70 94 18 42 0 30 13 16 44 96 66 40 50 44 33 44 88 63 51 49 35 95 91 24 38 60 10 96 11 39 80 18 19 64 97 34 32 75 87 22 56 79 81 28 98 75 16 15 51 98 66 89 38 67 87 76 76 77 47 61 95 98 28 24 24 89 28 72 60 24 85 23 87 51 38 31 67 43 37 67 78 43 55 38 43 50 89 64 98 89 28 18 88 77 12 98 80 22 27 18 16 41 76 68 77 50 29 99 62 65 11 69 31 56 40 70 52 97 86 67
63 15 97 87 30 0 51 75 10 78 53 49 75 59 26 85 36 24 68 73 30 50 18 10 87 56 71 18 19 39 75 83 16 11 15 29 17 39 68 82 13 54 15 10 24 49 48 31 46 43 81 95 24 59 65 44 59 33 38 37 20 61 33 45 33 97 56 64 76 22 62 98 45 94 28 34 37 44 82 64 34 44 89 55 56 55 36 19 47 20 50 35 95 51 63 35 43 36 60 42 71 89 25 84 30 60 21 18 10 47 98 11 56 80 20 54 95 47 61 84
74 87 32 99 13 51 0 45 75 36 73 70 15 21 96 33 12 33 36 33 59 49 88 69 61 88 58 29 90 98 81 19 45 65 31 22 21 54 35 17 75 28 63 13 97 31 14 79 24 52 93 22 43 17 47 79 94 89 73 50 22 54 65 77 86 35 43 63 37 39 91 77 91 28 55 70 19 89 44 72 19 59 10 70 28 72 76 29 94 20 39 81 96 19 67 15 13 41 23 69 18 19 32 29 95 18 78 25 18 38 66 24 44 95 93 68 97 37 54 43
84 29 64 23 16 75 45 0 21 89 72 31 10 19 68 32 42 48 19 92 57 48 82 33 85 71 36 16 13 10 40 64 68 10 78 85 71 91 71 90 11 50 81 82 62 42 57 38 37 49 81 80 77 55 97 68 51 85 36 95 58 24 43 47 92 46 40 81 19 35 45 14 86 96 57 40 12 22 56 86 55 97 33 51 29 88 91 46 80 35 54 63 53 53 59 77 83 73 95 90 69 96 92 49 96 31 85 33 57 72 55 45 73 64 98 58 33 32 67 28
65 43 89 70 44 10 75 21 0 17 63 65 80 14 41 33 56 62 37 42 14 55 22 46 96 84 62 63 60 99 64 38 36 85 31 63 97 57 78 91 69 67 63 22 21 69 57 42 51 44 23 44 18 71 80 59 95 68 99 77 10 19 47 76 35 16 48 57 44 87 73 30 58 91 40 92 85 40 81 10 91 98 32 90 36 64 99 26 82 74 68 17 68 64 52 34 33 18 32 43 33 55 90 94 62 52 33 54 58 46 35 44 65 66 78 78 30 55 26 86
31 96 61 26 96 78 36 89 17 0 92 97 63 70 29 27 43 19 70 56 96 30 54 41 15 45 80 15 39 47 42 21 70 20 78 19 74 60 17 86 54 44 38 53 62 51 28 20 88 33 80 91 91 82 24 57 36 53 49 50 74 90 24 39 85 20 32 15 27 88 66 83 49 40 97 33 95 80 14 56 32 79 20 79 27 34 35 10 66 33 75 31 38 37 95 73 46 23 98 23 41 10 51 39 66 32 61 63 47 16 56 57 90 14 77 11 60 76 23 82
72 51 55 69 66 53 73 72 63 92 0 32 89 50 43 38 43 79 47 29 90 68 71 12 41 50 45 43 30 70 17 37 84 83 72 26 14 28 84 90 33 19 26 79 26 40 37 46 86 84 46 38 67 22 98 20 78 57 98 77 11 30 25 15 28 44 19 45 45 70 81 75 51 64 98 94 17 61 74 18 60 71 43 18 46 53 29 95 89 18 47 38 78 88 38 74 28 13 24 61 68 10 78 68 41 66 83 53 40 39 63 80 87 33 70 26 75 81 82 87
89 62 64 70 40 49 70 31 65 97 32 0 89 81 33 39 65 35 52 58 32 93 57 63 56 78 18 21 72 31 50 70 88 19 80 92 64 53 88 95 68 62 18 68 38 90 48 92 49 92 62 63 37 35 59 67 39 48 33 42 38 20 36 76 84 18 67 10 95 33 10 17 78 72 43 77 22 91 29 13 89 24 89 76 93 89 27 21 56 48 31 94 51 66 40 81 34 77 77 65 38 92 13 49 32 37 39 89 95 93 69 37 48 34 55 29 96 91 87 56
61 86 96 37 50 75 15 10 80 63 89 89 0 50 40 21 44 67 57 86 57 87 80 60 74 37 42 54 53 82 75 31 63 93 50 70 89 75 84 98 43 85 32 65 28 32 43 15 19 85 64 28 47 37 22 48 69 92 29 82 43 93 88 64 32 98 65 75 18 71 56 28 46 42 66 49 47 86 87 40 45 97 71 54 45 15 78 59 51 75 55 68 55 95 65 75 34 23 33 52 55 37 41 38 16 88 49 98 93 72 55 84 45 39 33 84 24 50 40 27
56 58 21 62 44 59 21 19 14 70 50 81 50 0 89 63 82 97 98 64 98 53 12 76 19 63 92 62 50 42 28 41 58 30 63 62 42 32 32 95 20 33 72 20 16 89 69 50 80 52 64 16 16 65 43 96 48 85 78 39 11 25 35 19 95 94 67 18 26 59 68 72 73 87 52 70 37 50 17 27 65 37 79 61 15 50 90 94 38 21 27 72 60 12 47 84 78 39 11 84 74 18 68 20 48 68 56 97 26 31 55 10 29 45 93 97 83 71 97 76
76 22 43 98 33 26 96 68 41 29 43 33 40 89 0 77 91 39 33 41 11 41 42 48 73 39 60 34 42 78 16 58 92 42 33 70 62 12 93 99 54 85 12 73 29 93 43 88 15 12 85 49 76 66 73 18 65 43 58 20 21 47 91 53 29 26 48 31 80 44 35 51 32 84 97 64 10 48 88 26 70 46 41 56 11 29 82 71 88 40 74 61 75 53 60 82 41 90 98 51 70 65 48 13 69 98 51 56 43 65 12 26 58 78 43 83 77 54 65 76
37 80 78 16 44 85 33 32 33 27 38 39 21 63 77 0 47 21 27 69 29 20 55 55 89 69 12 92 35 67 11 22 98 45 24 83 47 70 20 57 22 75 32 87 98 28 76 23 21 97 27 23 22 12 24 97 62 59 11 30 40 72 71 17 65 20 66 98 76 70 76 71 79 60 87 24 76 89 33 83 56 98 54 49 54 53 64 87 15 68 30 74 97 37 67 78 98 47 13 31 16 99 79 46 73 76 68 77 25 21 85 61 99 77 60 44 86 27 88 48
56 34 94 96 88 36 12 42 56 43 43 65 44 82 91 47 0 72 38 37 83 53 77 71 72 66 51 82 69 13 45 11 76 83 26 10 55 15 92 58 38 59 50 10 39 65 63 81 29 13 50 71 40 54 14 98 67 98 96 47 36 78 83 82 34 11 13 52 89 67 11 47 17 84 77 26 73 38 26 31 75 92 59 24 14 81 60 10 39 26 71 88 48 17 26 22 27 81 12 92 39 26 64 95 57 42 36 18 19 72 57 84 66 58 75 26 31 22 55 24
54 45 16 93 63 24 33 48 62 19 79 35 67 97 39 21 72 0 98 64 58 18 54 86 64 37 58 63 82 81 37 49 91 91 88 26 14 21 51 27 84 72 95 22 58 71 13 85 22 48 51 38 97 52 61 49 12 52 52 17 46 54 91 67 86 46 87 21 32 63 43 15 99 96 84 56 68 75 16 16 85 68 15 58 98 45 95 13 14 42 80 81 56 92 98 66 63 88 59 30 17 77 90 77 35 53 30 70 39 79 65 66 34 38 69 30 92 50 48 46
85 41 90 22 51 68 36 19 37 70 47 52 57 98 33 27 38 98 0 36 58 47 34 18 32 74 27 79 60 69 44 51 44 46 41 57 21 75 81 78 51 39 30 66 89 16 21 24 71 11 52 92 63 44 24 64 43 71 91 24 82 20 48 92 31 83 89 30 95 46 20 91 49 27 55 25 40 99 93 67 19 64 54 61 59 19 37 80 92 23 15 50 47 87 91 78 44 35 95 61 34 79 35 15 19 93 63 94 34 54 65 65 81 70 98 68 55 68 23 67
94 98 31 54 49 73 33 92 42 56 29 58 86 64 41 69 37 64 36 0 13 95 90 93 70 30 41 49 28 12 94 75 26 55 79 69 15 35 70 77 40 24 73 55 56 14 92 45 19 93 56 96 86 66 43 56 93 14 31 17 68 29 82 47 44 59 31 61 42 71 33 72 64 25 43 11 87 24 18 74 60 35 46 27 94 78 13 15 71 56 11 18 92 49 85 30 86 71 35 55 36 77 55 79 41 60 54 69 25 70 41 94 19 54 74 89 82 62 29 57
53 19 18 85 35 30 59 57 14 96 90 32 57 98 11 29 83 58 58 13 0 31 65 96 32 47 25 71 85 99 27 96 49 50 50 12 58 34 21 89 44 74 25 68 94 77 94 14 94 70 36 31 55 58 69 31 99 34 83 66 67 52 48 40 29 25 33 76 14 21 48 59 36 96 18 41 60 66 75 30 94 36 48 67 33 83 67 10 81 23 20 18 35 98 70 46 55 17 65 36 10 17 57 58 96 45 54 41 49 97 54 61 44 63 24 85 93 68 45 33
14 89 99 27 95 50 49 48 55 30 68 93 87 53 41 20 53 18 47 95 31 0 27 47 28 16 29 25 84 65 27 14 60 54 89 82 14 14 53 41 99 11 47 18 50 93 70 99 35 95 29 29 45 28 41 60 64 80 88 74 56 97 46 28 79 82 84 90 74 16 71 38 47 53 31 37 27 83 88 45 59 30 66 29 36 16 50 12 35 24 82 46 53 37 21 79 97 50 67 97 73 12 72 78 89 87 62 16 44 21 94 47 61 88 45 72 36 46 36 85
98 92 72 38 91 18 88 82 22 54 71 57 80 12 42 55 77 54 34 90 65 27 0 79 39 37 14 33 54 21 79 42 34 32 59 31 84 50 54 43 19 31 84 29 18 80 95 89 38 14 33 23 85 51 39 76 32 51 45 81 69 23 72 35 26 46 40 44 96 57 82 62 71 61 92 19 11 69 72 94 50 22 13 25 98 78 35 78 63 61 89 18 30 15 42 44 98 69 98 67 37 45 50 68 60 39 53 27 20 78 57 65 44 21 66 19 85 28 45 58
10 85 47 89 24 10 69 33 46 41 12 63 60 76 48 55 71 86 18 93 96 47 79 0 56 93 11 77 94 10 78 80 33 49 75 24 26 47 72 64 51 63 46 14 15 19 76 22 94 90 26 72 79 25 49 66 16 58 35 16 22 98 55 19 44 33 99 61 41 13 98 25 90 11 71 34 38 52 79 60 55 57 71 73 20 81 77 53 28 82 91 91 13 71 15 99 58 24 51 91 13 28 20 37 61 56 45 22 64 67 41 38 55 61 72 21 59 24 79 25
88 25 74 54 38 87 61 85 96 15 41 56 74 19 73 89 72 64 32 70 32 28 39 56 0 88 44 16 19 77 22 82 88 20 98 93 61 84 10 36 48 14 93 90 17 89 20 40 91 67 88 12 96 92 17 96 45 59 24 60 72 79 51 16 59 12 44 76 90 51 88 48 82 35 91 56 74 68 93 74 13 40 76 32 73 14 29 58 93 40 75 19 11 14 60 90 37 45 91 19 51 86 87 87 46 70 41 15 91 11 77 99 36 86 30 57 42 15 25 68
72 82 41 21 60 56 88 71 84 45 50 78 37 63 39 69 66 37 74 30 47 16 37 93 88 0 26 91 46 50 19 33 53 96 84 14 13 57 42 53 35 43 89 23 17 97 21 47 89 54 60 38 65 39 50 36 87 17 86 71 51 39 58 47 25 19 67 96 52 58 86 10 40 50 93 27 17 69 25 51 97 45 94 59 98 57 39 11 95 49 88 96 55 71 91 42 18 15 46 20 39 92 73 42 74 33 42 68 33 38 55 67 64 24 59 37 28 18 10 63
56 94 34 43 10 71 58 36 62 80 45 18 42 92 60 12 51 58 27 41 25 29 14 11 44 26 0 56 66 37 77 81 36 45 84 10 58 37 94 43 29 87 23 69 77 66 30 18 71 18 55 43 33 17 67 85 69 50 34 83 38 78 45 21 41 78 44 87 20 44 76 48 41 21 64 64 98 87 11 91 30 88 68 56 50 45 47 71 95 84 90 88 25 66 59 83 92 33 62 48 62 57 17 27 18 74 34 88 63 46 74 52 78 41 98 43 45 73 70 28
79 84 64 69 96 18 29 16 63 15 43 21 54 62 34 92 82 63 79 49 71 25 33 77 16 91 56 0 92 89 64 26 99 71 41 31 94 38 84 47 49 68 92 91 31 37 93 10 84 40 44 15 16 52 53 63 64 68 42 46 68 94 76 44 64 95 67 38 89 36 36 88 92 58 44 17 96 16 40 44 56 30 17 42 18 25 20 12 21 46 12 87 47 22 90 78 71 13 64 70 86 28 94 50 23 54 50 21 23 78 44 37 15 38 59 99 45 91 46 56
84 35 10 79 11 19 90 13 60 39 30 72 53 50 42 35 69 82 60 28 85 84 54 94 19 46 66 92 0 13 87 42 87 91 78 78 40 45 79 48 32 91 38 17 51 18 20 33 10 30 70 45 43 71 59 39 37 70 11 91 45 73 45 35 50 69 60 21 82 98 62 35 26 88 55 62 28 82 12 53 47 58 62 51 70 42 25 50 49 62 21 45 12 76 14 24 50 74 64 16 44 82 71 84 24 93 18 41 14 43 61 40 19 80 46 57 79 56 85 60
34 66 98 57 39 39 98 10 99 47 70 31 82 42 78 67 13 81 69 12 99 65 21 10 77 50 37 89 13 0 15 11 42 43 95 73 14 27 57 12 48 73 20 57 63 74 83 31 25 62 12 13 27 36 50 24 65 68 11 68 27 52 76 28 80 33 43 66 38 81 89 37 75 56 31 41 19 36 37 36 92 42 65 40 27 67 99 59 83 56 19 80 74 80 78 25 73 32 25 10 37 77 92 40 62 34 87 81 50 40 54 89 95 30 53 66 85 22 62 98
36 67 40 70 80 75 81 40 64 42 17 50 75 28 16 11 45 37 44 94 27 27 79 78 22 19 77 64 87 15 0 94 50 84 96 74 46 54 95 51 32 92 30 68 32 97 22 71 48 28 38 36 85 41 81 37 17 88 50 83 48 87 77 44 92 64 54 26 25 97 57 10 67 46 73 62 23 27 96 59 71 51 52 71 25 80 41 52 72 45 42 29 20 43 25 14 35 64 52 80 35 47 65 38 36 48 96 71 48 71 72 79 56 73 16 96 51 25 35 19
51 66 56 28 18 83 19 64 38 21 37 70 31 41 58 22 11 49 51 75 96 14 42 80 82 33 81 26 42 11 94 0 54 38 97 47 87 78 30 45 29 71 45 85 67 46 71 71 26 81 29 34 52 12 22 42 58 50 37 41 22 89 19 59 83 77 63 12 22 95 42 56 85 82 29 82 13 15 60 51 23 87 59 17 80 13 71 39 83 65 48 52 90 19 79 79 52 67 90 42 46 14 19 88 22 64 88 19 46 68 38 61 32 18 70 66 89 67 42 62
50 32 54 88 19 16 45 68 36 70 84 88 63 58 92 98 76 91 44 26 49 60 34 33 88 53 36 99 87 42 50 54 0 46 76 50 43 40 88 89 21 41 10 15 17 44 49 95 44 19 68 12 71 24 73 97 82 23 61 55 21 49 63 47 56 86 76 62 57 59 41 66 26 38 38 66 85 36 67 24 87 11 27 68 51 52 49 36 56 42 17 96 95 74 48 37 27 23 51 92 22 71 20 97 92 30 72 78 50 61 10 63 68 84 71 34 26 83 67 48
94 12 68 15 64 11 65 10 85 20 83 19 93 30 42 45 83 91 46 55 50 54 32 49 20 96 45 71 91 43 84 38 46 0 26 66 40 86 90 13 27 66 65 32 81 91 42 12 24 55 93 21 78 61 34 54 99 56 31 23 70 23 91 47 10 97 88 94 99 48 90 39 85 52 33 54 42 91 54 89 56 17 45 81 93 71 45 48 85 95 35 78 96 21 10 32 30 86 21 45 18 46 61 56 67 28 47 89 15 86 19 73 84 39 21 79 14 64 20 33
41 49 21 44 97 15 31 78 31 78 72 80 50 63 33 24 26 88 41 79 50 89 59 75 98 84 84 41 78 95 96 97 76 26 0 86 22 89 15 69 72 64 48 38 75 21 40 92 13 29 41 99 94 92 86 39 88 14 39 14 75 95 42 73 64 63 14 96 21 68 87 97 28 86 75 54 37 79 60 55 19 51 78 73 32 68 19 90 30 85 58 43 10 67 23 26 88 34 90 82 58 40 76 55 60 80 89 28 37 90 15 36 20 69 25 26 41 23 24 16
31 47 93 33 34 29 22 85 63 19 26 92 70 62 70 83 10 26 57 69 12 82 31 24 93 14 10 31 78 73 74 47 50 66 86 0 62 70 74 41 21 31 10 47 81 93 85 61 56 24 82 11 95 48 13 83 70 14 60 27 47 99 64 42 95 90 10 33 18 29 47 64 95 97 78 83 39 68 65 88 13 84 28 44 26 86 59 66 61 73 69 78 35 63 67 82 53 17 22 18 30 63 14 90 92 56 26 62 18 91 78 85 37 58 54 39 54 59 69 64
91 62 14 33 32 17 21 71 97 74 14 64 89 42 62 47 55 14 21 15 58 14 84 26 61 13 58 94 40 14 46 87 43 40 22 62 0 62 93 77 11 62 79 43 34 41 30 14 12 10 43 92 54 41 60 55 38 48 24 14 73 40 30 29 14 17 80 17 45 37 76 17 43 75 81 92 74 21 66 72 61 66 75 27 33 11 65 19 44 62 21 26 67 92 53 81 92 35 16 94 71 95 90 17 56 65 81 17 56 47 18 81 50 29 94 40 38 30 98 32
80 99 99 61 75 39 54 91 57 60 28 53 75 32 12 70 15 21 75 35 34 14 50 47 84 57 37 38 45 27 54 78 40 86 89 70 62 0 53 39 19 15 76 80 80 29 18 43 97 57 85 95 31 59 89 71 77 18 88 76 10 49 11 13 74 11 25 50 75 99 88 21 77 94 49 82 53 10 39 78 98 41 85 98 65 70 81 78 30 50 50 18 38 22 58 58 81 92 52 45 84 50 47 64 86 44 90 52 55 88 21 12 53 38 61 98 77 93 15 16
11 70 79 62 87 68 35 71 78 17 84 88 84 32 93 20 92 51 81 70 21 53 54 72 10 42 94 84 79 57 95 30 88 90 15 74 93 53 0 75 35 52 19 55 71 12 55 21 71 14 94 37 50 23 30 35 98 29 14 31 93 85 40 78 95 95 80 77 26 31 58 19 15 92 66 78 73 85 46 66 34 70 15 36 71 72 16 24 70 12 66 31 93 80 75 37 57 31 17 10 49 37 10 81 25 61 27 44 20 54 10 27 76 25 49 27 79 55 75 32
20 70 99 49 22 82 17 90 91 86 90 95 98 95 99 57 58 27 78 77 89 41 43 64 36 53 43 47 48 12 51 45 89 13 69 41 77 39 75 0 59 28 32 14 74 20 79 86 16 18 53 82 66 58 67 67 50 98 31 64 55 93 11 26 69 90 96 61 77 89 49 75 76 44 90 35 15 95 11 81 38 98 28 41 77 21 87 83 74 37 89 83 61 70 97 40 49 94 25 32 13 82 54 68 38 62 26 58 56 97 40 42 13 56 85 57 62 51 10 43
82 42 49 98 56 13 75 11 69 54 33 68 43 20 54 22 38 84 51 40 44 99 19 51 48 35 29 49 32 48 32 29 21 27 72 21 11 19 35 59 0 19 33 21 52 84 30 43 67 40 23 85 79 74 82 76 61 48 48 73 49 46 18 99 27 59 52 73 58 65 67 56 27 21 19 83 41 24 70 98 36 26 19 96 37 67 76 39 31 72 52 68 72 18 20 25 58 37 69 70 90 39 76 62 53 63 72 26 65 20 63 74 21 59 40 51 33 69 98 62
51 74 21 38 79 54 28 50 67 44 19 62 85 33 85 75 59 72 39 24 74 11 31 63 14 43 87 68 91 73 92 71 41 66 64 31 62 15 52 28 19 0 44 28 38 82 33 58 71 46 73 60 89 98 40 20 43 60 88 59 73 69 88 92 86 86 59 86 96 77 87 34 97 58 50 57 31 41 18 73 86 88 39 81 26 72 48 85 33 25 46 91 45 19 65 33 22 27 94 91 70 91 58 69 95 40 59 22 90 33 14 28 40 69 84 17 76 50 59 50
15 46 92 76 81 15 63 81 63 38 26 18 32 72 12 32 50 95 30 73 25 47 84 46 93 89 23 92 38 20 30 45 10 65 48 10 79 76 19 32 33 44 0 48 16 97 64 79 59 95 42 42 12 65 27 55 72 59 86 18 49 59 91 51 71 20 40 28 66 27 11 29 41 87 92 16 83 44 56 85 12 67 40 24 88 23 70 51 13 61 27 74 44 64 51 97 65 66 36 45 97 93 73 46 99 36 63 43 60 49 39 47 81 78 25 88 91 89 34 21
86 84 77 41 28 10 13 82 22 53 79 68 65 20 73 87 10 22 66 55 68 18 29 14 90 23 69 91 17 57 68 85 15 32 38 47 43 80 55 14 21 28 48 0 29 82 62 38 62 41 33 28 68 42 50 95 57 57 83 97 31 44 30 67 73 11 42 56 10 20 90 17 40 26 43 70 49 42 61 49 30 53 21 35 54 11 29 74 45 10 31 73 48 90 26 23 29 47 24 50 30 35 10 97 50 23 89 37 55 16 20 37 32 64 52 69 24 74 78 85
66 76 44 31 98 24 97 62 21 62 26 38 28 16 29 98 39 58 89 56 94 50 18 15 17 17 77 31 51 63 32 67 17 81 75 81 34 80 71 74 52 38 16 29 0 49 97 83 77 34 33 90 66 78 98 78 89 84 21 56 15 24 41 16 74 53 53 32 84 58 79 80 65 20 15 22 92 36 51 93 20 91 99 31 29 38 79 12 46 15 86 56 22 96 19 98 32 72 79 10 10 54 99 18 15 54 76 57 72 11 13 96 18 33 74 94 87 91 85 14
67 10 11 39 75 49 31 42 69 51 40 90 32 89 93 28 65 71 16 14 77 93 80 19 89 97 66 37 18 74 97 46 44 91 21 93 41 29 12 20 84 82 97 82 49 0 29 42 20 22 91 96 24 33 29 85 81 43 79 77 16 41 47 19 71 91 25 17 45 51 68 15 87 70 90 88 62 41 62 38 22 51 92 20 16 20 10 94 45 38 99 78 60 12 37 32 78 46 60 32 21 84 72 14 20 54 88 83 84 53 31 20 91 51 80 11 17 31 74 46
82 87 44 12 16 48 14 57 57 28 37 48 43 69 43 76 63 13 21 92 94 70 95 76 20 21 30 93 20 83 22 71 49 42 40 85 30 18 55 79 30 33 64 62 97 29 0 84 98 33 98 33 27 10 84 90 99 89 63 68 69 78 91 16 29 63 88 63 53 30 93 77 90 22 15 49 41 41 48 60 19 73 21 68 30 87 89 93 84 83 87 10 11 24 57 64 51 81 89 49 96 71 29 63 77 65 49 64 74 38 65 25 47 55 26 72 28 96 75 71
82 91 33 91 15 31 79 38 42 20 46 92 15 50 88 23 81 85 24 45 14 99 89 22 40 47 18 10 33 31 71 71 95 12 92 61 14 43 21 86 43 58 79 38 83 42 84 0 90 55 71 18 13 55 17 92 74 31 16 90 79 91 16 45 24 68 31 93 75 38 87 17 93 73 56 80 71 89 87 64 97 15 45 57 49 62 39 64 92 87 71 27 23 80 50 33 78 85 75 87 71 38 36 25 74 96 82 82 75 40 88 93 35 65 42 60 89 41 89 86
40 30 82 80 51 46 24 37 51 88 86 49 19 80 15 21 29 22 71 19 94 35 38 94 91 89 71 84 10 25 48 26 44 24 13 56 12 97 71 16 67 71 59 62 77 20 98 90 0 82 26 42 66 71 65 63 53 65 60 40 28 28 92 82 73 45 33 61 33 48 70 39 54 50 91 43 54 73 38 82 86 75 97 61 62 10 86 88 28 97 17 75 52 75 77 17 93 46 10 63 49 30 89 88 20 83 35 77 28 72 33 43 44 30 81 14 48 82 18 19
93 77 40 86 98 43 52 49 44 33 84 92 85 52 12 97 13 48 11 93 70 95 14 90 67 54 18 40 30 62 28 81 19 55 29 24 10 57 14 18 40 46 95 41 34 22 33 55 82 0 51 29 74 96 50 34 52 47 25 86 31 50 68 91 58 43 56 30 18 10 56 33 59 21 15 43 38 25 11 28 36 95 66 94 98 33 85 85 79 10 61 50 72 48 99 59 37 47 19 78 11 11 24 93 61 68 38 44 13 79 50 74 44 15 33 80 88 71 56 45
84 92 38 95 66 81 93 81 23 80 46 62 64 64 85 27 50 51 52 56 36 29 33 26 88 60 55 44 70 12 38 29 68 93 41 82 43 85 94 53 23 73 42 33 33 91 98 71 26 51 0 78 13 66 31 36 84 74 26 65 22 96 15 65 26 94 22 22 25 21 31 30 16 91 38 67 30 28 31 36 78 72 74 28 35 43 95 33 88 47 14 32 92 43 70 69 67 78 11 43 70 79 69 64 73 29 68 54 49 24 77 56 40 64 13 81 24 26 34 84
44 78 94 21 89 95 22 80 44 91 38 63 28 16 49 23 71 38 92 96 31 29 23 72 12 38 43 15 45 13 36 34 12 21 99 11 92 95 37 82 85 60 42 28 90 96 33 18 42 29 78 0 42 92 94 69 41 65 60 60 68 57 45 87 12 28 54 56 80 65 62 80 72 46 96 14 74 63 12 43 79 77 74 39 59 88 93 81 20 19 98 62 13 94 10 87 83 24 41 40 37 14 18 75 15 25 12 43 17 18 41 22 33 15 65 79 38 52 33 18
50 47 25 35 38 24 43 77 18 91 67 37 47 16 76 22 40 97 63 86 55 45 85 79 96 65 33 16 43 27 85 52 71 78 94 95 54 31 50 66 79 89 12 68 66 24 27 13 66 74 13 42 0 55 23 70 13 30 13 27 56 51 45 35 53 78 37 95 16 13 22 58 31 59 74 15 80 66 63 12 11 28 40 26 13 99 59 51 27 43 39 12 47 81 97 47 35 46 30 98 61 33 69 12 70 21 78 55 32 85 89 12 78 20 92 55 88 37 95 53
24 46 65 85 67 59 17 55 71 82 22 35 37 65 66 12 54 52 44 66 58 28 51 25 92 39 17 52 71 36 41 12 24 61 92 48 41 59 23 58 74 98 65 42 78 33 10 55 71 96 66 92 55 0 33 87 53 64 21 53 94 82 11 69 59 51 40 32 28 23 62 51 24 58 60 55 98 87 21 54 55 71 79 55 83 21 85 85 43 55 27 99 30 29 56 84 30 91 35 20 35 28 11 42 52 77 21 95 96 99 58 13 18 37 96 78 45 79 86 34
78 40 42 51 87 65 47 97 80 24 98 59 22 43 73 24 14 61 24 43 69 41 39 49 17 50 67 53 59 50 81 22 73 34 86 13 60 89 30 67 82 40 27 50 98 29 84 17 65 50 31 94 23 33 0 44 71 28 27 53 52 82 16 43 89 96 37 54 80 91 76 54 36 96 79 53 73 48 43 34 36 15 33 93 49 14 17 14 41 16 29 53 78 56 20 33 23 80 64 14 80 64 92 67 83 99 53 14 98 64 87 49 36 18 89 46 43 49 95 83
89 37 94 58 76 44 79 68 59 57 20 67 48 96 18 97 98 49 64 56 31 60 76 66 96 36 85 63 39 24 37 42 97 54 39 83 55 71 35 67 76 20 55 95 78 85 90 92 63 34 36 69 70 87 44 0 89 29 88 23 15 58 18 28 71 20 39 90 82 54 58 73 43 12 64 60 37 70 14 34 37 72 62 54 93 46 46 10 28 64 53 11 74 91 60 79 23 70 99 34 35 64 69 63 41 81 92 91 19 60 51 21 99 11 98 13 99 39 14 35
33 63 80 17 76 59 94 51 95 36 78 39 69 48 65 62 67 12 43 93 99 64 32 16 45 87 69 64 37 65 17 58 82 99 88 70 38 77 98 50 61 43 72 57 89 81 99 74 53 52 84 41 13 53 71 89 0 74 12 22 70 20 17 82 35 67 91 69 28 68 76 13 91 63 31 49 80 57 41 56 83 60 29 72 53 22 88 16 24 80 32 32 35 53 45 46 30 94 15 51 61 30 55 22 16 98 99 52 23 20 38 77 61 70 41 54 87 25 80 71
32 70 30 92 77 33 89 85 68 53 57 48 92 85 43 59 98 52 71 14 34 80 51 58 59 17 50 68 70 68 88 50 23 56 14 14 48 18 29 98 48 60 59 57 84 43 89 31 65 47 74 65 30 64 28 29 74 0 49 78 17 97 41 40 62 81 23 80 33 91 48 32 45 62 18 59 60 90 73 87 77 33 31 66 99 65 71 87 76 19 88 25 82 11 23 33 59 73 69 51 95 83 16 48 51 48 86 19 34 38 37 59 66 32 12 57 19 56 69 84
96 26 96 92 47 38 73 36 99 49 98 33 29 78 58 11 96 52 91 31 83 88 45 35 24 86 34 42 11 11 50 37 61 31 39 60 24 88 14 31 48 88 86 83 21 79 63 16 60 25 26 60 13 21 27 88 12 49 0 87 25 11 73 58 13 81 39 22 57 34 99 34 20 61 97 78 37 95 24 54 99 25 99 19 62 24 47 63 61 99 60 97 87 42 65 34 47 55 89 23 39 84 91 92 72 79 19 35 23 84 63 43 51 35 96 18 70 95 65 49
78 41 23 93 61 37 50 95 77 50 77 42 82 39 20 30 47 17 24 17 66 74 81 16 60 71 83 46 91 68 83 41 55 23 14 27 14 76 31 64 73 59 18 97 56 77 68 90 40 86 65 60 27 53 53 23 22 78 87 0 43 19 72 56 49 79 93 10 64 31 42 24 77 87 76 25 44 37 35 76 79 46 18 48 87 33 37 38 37 94 86 47 66 19 46 15 29 74 58 25 23 61 85 36 73 69 10 21 11 48 28 99 82 61 14 62 14 70 79 96
67 84 78 98 95 20 22 58 10 74 11 38 43 11 21 40 36 46 82 68 67 56 69 22 72 51 38 68 45 27 48 22 21 70 75 47 73 10 93 55 49 73 49 31 15 16 69 79 28 31 22 68 56 94 52 15 70 17 25 43 0 83 90 40 42 57 28 42 53 44 33 30 81 90 78 20 58 79 52 53 87 37 24 46 36 66 16 63 41 45 35 61 16 62 91 57 46 82 77 35 45 11 54 38 20 94 78 66 88 35 75 92 76 48 42 88 18 42 47 99
20 19 37 93 98 61 54 24 19 90 30 20 93 25 47 72 78 54 20 29 52 97 23 98 79 39 78 94 73 52 87 89 49 23 95 99 40 49 85 93 46 69 59 44 24 41 78 91 28 50 96 57 51 82 82 58 20 97 11 19 83 0 70 81 10 34 45 51 55 77 14 90 28 43 74 81 95 70 96 60 71 69 15 30 16 90 66 29 62 49 45 43 29 29 62 38 57 45 25 29 97 92 49 22 77 25 80 32 55 12 10 50 19 46 59 75 54 97 25 95
93 21 55 41 28 33 65 43 47 24 25 36 88 35 91 71 83 91 48 82 48 46 72 55 51 58 45 76 45 76 77 19 63 91 42 64 30 11 40 11 18 88 91 30 41 47 91 16 92 68 15 45 45 11 16 18 17 41 73 72 90 70 0 10 83 17 43 45 60 30 71 41 42 13 85 34 22 98 98 16 34 74 68 94 79 24 93 11 37 98 24 46 17 26 17 48 31 89 33 16 35 67 70 24 36 34 56 59 95 90 38 20 51 91 41 77 29 71 49 84
52 39 63 51 24 45 77 47 76 39 15 76 64 19 53 17 82 67 92 47 40 28 35 19 16 47 21 44 35 28 44 59 47 47 73 42 29 13 78 26 99 92 51 67 16 19 16 45 82 91 65 87 35 69 43 28 82 40 58 56 40 81 10 0 58 16 98 51 48 41 71 76 46 46 39 68 49 82 18 91 77 75 28 27 89 29 67 12 43 24 20 19 17 94 53 80 54 34 95 77 74 27 38 54 39 65 31 13 60 98 46 26 50 40 40 69 29 64 64 54
43 39 64 52 24 33 86 92 35 85 28 84 32 95 29 65 34 86 31 44 29 79 26 44 59 25 41 64 50 80 92 83 56 10 64 95 14 74 95 69 27 86 71 73 74 71 29 24 73 58 26 12 53 59 89 71 35 62 13 49 42 10 83 58 0 88 21 26 26 46 75 89 87 57 94 46 88 69 11 42 33 74 62 70 28 74 96 97 37 78 19 25 34 65 57 92 10 36 86 96 61 81 36 81 59 72 49 37 23 70 84 85 26 59 92 30 12 88 35 42
43 91 80 34 89 97 35 46 16 20 44 18 98 94 26 20 11 46 83 59 25 82 46 33 12 19 78 95 69 33 64 77 86 97 63 90 17 11 95 90 59 86 20 11 53 91 63 68 45 43 94 28 78 51 96 20 67 81 81 79 57 34 17 16 88 0 45 23 52 72 36 49 79 61 92 36 16 20 41 98 83 11 84 92 47 25 59 31 14 81 31 81 29 93 69 96 18 16 22 84 28 63 65 82 19 24 75 48 68 17 59 63 14 49 36 72 21 50 32 14
78 72 44 84 28 56 43 40 48 32 19 67 65 67 48 66 13 87 89 31 33 84 40 99 44 67 44 67 60 43 54 63 76 88 14 10 80 25 80 96 52 59 40 42 53 25 88 31 33 56 22 54 37 40 37 39 91 23 39 93 28 45 43 98 21 45 0 45 26 88 94 84 57 74 67 44 26 40 96 74 21 77 78 90 26 44 26 75 45 85 77 78 74 33 93 48 36 38 52 66 15 43 68 22 58 51 87 50 43 43 79 53 19 37 51 46 25 51 48 45
75 87 61 48 72 64 63 81 57 15 45 10 75 18 31 98 52 21 30 61 76 90 44 61 76 96 87 38 21 66 26 12 62 94 96 33 17 50 77 61 73 86 28 56 32 17 63 93 61 30 22 56 95 32 54 90 69 80 22 10 42 51 45 51 26 23 45 0 53 40 89 86 48 43 56 80 99 58 23 46 42 42 68 23 85 67 59 16 84 53 44 36 49 31 46 91 38 71 80 57 43 13 26 29 99 83 71 37 57 76 31 60 46 38 35 30 64 37 47 11
28 23 59 84 60 76 37 19 44 27 45 95 18 26 80 76 89 32 95 42 14 74 96 41 90 52 20 89 82 38 25 22 57 99 21 18 45 75 26 77 58 96 66 10 84 45 53 75 33 18 25 80 16 28 80 82 28 33 57 64 53 55 60 48 26 52 26 53 0 19 52 11 33 64 87 60 46 39 18 18 50 79 65 41 28 68 17 45 67 16 37 95 43 27 37 64 62 48 37 14 69 99 73 34 15 11 91 32 29 30 50 12 96 82 37 87 98 31 85 46
63 65 44 12 24 22 39 35 87 88 70 33 71 59 44 70 67 63 46 71 21 16 57 13 51 58 44 36 98 81 97 95 59 48 68 29 37 99 31 89 65 77 27 20 58 51 30 38 48 10 21 65 13 23 91 54 68 91 34 31 44 77 30 41 46 72 88 40 19 0 97 24 72 37 92 92 15 65 69 95 42 67 45 69 60 20 16 45 86 59 22 26 13 36 56 35 49 52 33 86 64 83 78 68 86 32 26 82 37 20 16 46 61 94 48 11 43 73 26 94
22 88 27 60 85 62 91 45 73 66 81 10 56 68 35 76 11 43 20 33 48 71 82 98 88 86 76 36 62 89 57 42 41 90 87 47 76 88 58 49 67 87 11 90 79 68 93 87 70 56 31 62 22 62 76 58 76 48 99 42 33 14 71 71 75 36 94 89 52 97 0 97 36 94 39 31 11 30 13 12 11 67 24 70 35 16 89 42 46 19 79 20 80 25 24 66 17 55 50 40 48 87 25 87 52 92 29 90 98 32 48 46 52 43 72 50 25 34 66 66
14 52 31 89 23 98 77 14 30 83 75 17 28 72 51 71 47 15 91 72 59 38 62 25 48 10 48 88 35 37 10 56 66 39 97 64 17 21 19 75 56 34 29 17 80 15 77 17 39 33 30 80 58 51 54 73 13 32 34 24 30 90 41 76 89 49 84 86 11 24 97 0 25 99 15 78 43 54 43 66 30 46 28 63 66 35 13 56 80 99 81 58 87 62 77 29 97 88 37 50 69 28 77 53 81 33 56 93 63 99 68 73 73 11 14 39 52 45 53 59
22 37 23 38 87 45 91 86 58 49 51 78 46 73 32 79 17 99 49 64 36 47 71 90 82 40 41 92 26 75 67 85 26 85 28 95 43 77 15 76 27 97 41 40 65 87 90 93 54 59 16 72 31 24 36 43 91 45 20 77 81 28 42 46 87 79 57 48 33 72 36 25 0 86 77 10 67 16 79 18 89 74 30 86 49 73 68 71 24 62 43 12 28 19 58 41 13 91 24 76 16 72 91 95 96 86 49 32 20 79 73 73 40 16 38 15 88 24 15 76
56 50 45 98 51 94 28 96 91 40 64 72 42 87 84 60 84 96 27 25 96 53 61 11 35 50 21 58 88 56 46 82 38 52 86 97 75 94 92 44 21 58 87 26 20 70 22 73 50 21 91 46 59 58 96 12 63 62 61 87 90 43 13 46 57 61 74 43 64 37 94 99 86 0 85 24 49 21 53 51 53 31 78 54 80 69 98 12 96 79 98 71 80 34 12 10 90 44 43 69 62 57 66 77 24 43 83 72 85 51 34 84 83 15 26 47 55 53 43 11
36 56 69 54 38 28 55 57 40 97 98 43 66 52 97 87 77 84 55 43 18 31 92 71 91 93 64 44 55 31 73 29 38 33 75 78 81 49 66 90 19 50 92 43 15 90 15 56 91 15 38 96 74 60 79 64 31 18 97 76 78 74 85 39 94 92 67 56 87 92 39 15 77 85 0 92 52 17 76 22 70 47 83 94 44 21 97 28 21 51 55 46 38 76 85 30 27 33 66 74 31 41 67 15 72 62 51 22 76 53 24 43 83 42 55 42 69 78 23 74
85 68 62 40 31 34 70 40 92 33 94 77 49 70 64 24 26 56 25 11 41 37 19 34 56 27 64 17 62 41 62 82 66 54 54 83 92 82 78 35 83 57 16 70 22 88 49 80 43 43 67 14 15 55 53 60 49 59 78 25 20 81 34 68 46 36 44 80 60 92 31 78 10 24 92 0 36 11 21 50 51 46 38 24 14 80 99 82 88 50 62 14 90 80 82 54 23 65 14 44 89 14 39 65 75 13 37 40 71 45 50 49 91 75 14 26 22 50 28 24
21 61 90 35 67 37 19 12 85 95 17 22 47 37 10 76 73 68 40 87 60 27 11 38 74 17 98 96 28 19 23 13 85 42 37 39 74 53 73 15 41 31 83 49 92 62 41 71 54 38 30 74 80 98 73 37 80 60 37 44 58 95 22 49 88 16 26 99 46 15 11 43 67 49 52 36 0 92 82 72 33 12 49 66 38 95 93 40 51 25 48 19 75 10 98 41 47 38 51 50 46 69 38 16 47 62 68 93 33 24 72 15 28 70 50 88 68 58 20 81
99 39 53 12 43 44 89 22 40 80 61 91 86 50 48 89 38 75 99 24 66 83 69 52 68 69 87 16 82 36 27 15 36 91 79 68 21 10 85 95 24 41 44 42 36 41 41 89 73 25 28 63 66 87 48 70 57 90 95 37 79 70 98 82 69 20 40 58 39 65 30 54 16 21 17 11 92 0 22 82 22 41 47 93 78 49 26 43 63 66 39 51 90 53 75 97 57 52 70 91 72 86 74 56 83 18 94 25 15 91 63 40 11 19 58 52 84 61 56 50
44 42 77 60 37 82 44 56 81 14 74 29 87 17 88 33 26 16 93 18 75 88 72 79 93 25 11 40 12 37 96 60 67 54 60 65 66 39 46 11 70 18 56 61 51 62 48 87 38 11 31 12 63 21 43 14 41 73 24 35 52 96 98 18 11 41 96 23 18 69 13 43 79 53 76 21 82 22 0 61 97 49 92 41 86 52 58 82 49 70 76 41 70 35 56 52 20 76 60 76 62 66 28 12 99 48 52 61 55 83 27 16 52 68 75 32 62 24 99 43
50 41 48 73 67 64 72 86 10 56 18 13 40 27 26 83 31 16 67 74 30 45 94 60 74 51 91 44 53 36 59 51 24 89 55 88 72 78 66 81 98 73 85 49 93 38 60 64 82 28 36 43 12 54 34 34 56 87 54 76 53 60 16 91 42 98 74 46 18 95 12 66 18 51 22 50 72 82 61 0 60 71 33 69 95 19 88 92 70 20 32 65 52 62 75 96 80 63 39 10 38 65 97 63 74 21 84 23 57 21 18 28 97 38 21 47 28 54 55 32
62 42 79 11 78 34 19 55 91 32 60 89 45 65 70 56 75 85 19 60 94 59 50 55 13 97 30 56 47 92 71 23 87 56 19 13 61 98 34 38 36 86 12 30 20 22 19 97 86 36 78 79 11 55 36 37 83 77 99 79 87 71 34 77 33 83 21 42 50 42 11 30 89 53 70 51 33 22 97 60 0 32 49 35 22 53 30 79 18 91 59 22 21 29 21 49 37 46 96 56 86 91 48 86 71 16 15 68 54 54 49 10 18 28 13 78 53 10 31 78
60 94 34 46 43 44 59 97 98 79 71 24 97 37 46 98 92 68 64 35 36 30 22 57 40 45 88 30 58 42 51 87 11 17 51 84 66 41 70 98 26 88 67 53 91 51 73 15 75 95 72 77 28 71 15 72 60 33 25 46 37 69 74 75 74 11 77 42 79 67 67 46 74 31 47 46 12 41 49 71 32 0 48 80 46 62 31 48 98 96 71 75 33 68 91 76 22 86 55 68 74 30 10 59 41 91 48 54 61 31 64 12 56 11 10 77 58 16 78 58
13 43 74 74 55 89 10 33 32 20 43 89 71 79 41 54 59 15 54 46 48 66 13 71 76 94 68 17 62 65 52 59 27 45 78 28 75 85 15 28 19 39 40 21 99 92 21 45 97 66 74 74 40 79 33 62 29 31 99 18 24 15 68 28 62 84 78 68 65 45 24 28 30 78 83 38 49 47 92 33 49 48 0 67 62 15 23 13 62 14 61 30 69 44 55 41 57 21 15 37 17 55 26 80 77 19 77 70 16 32 69 78 72 69 64 45 77 29 63 19
40 80 13 49 38 55 70 51 90 79 18 76 54 61 56 49 24 58 61 27 67 29 25 73 32 59 56 42 51 40 71 17 68 81 73 44 27 98 36 41 96 81 24 35 31 20 68 57 61 94 28 39 26 55 93 54 72 66 19 48 46 30 94 27 70 92 90 23 41 69 70 63 86 54 94 24 66 93 41 69 35 80 67 0 25 96 64 61 67 27 16 95 10 71 61 17 35 72 84 83 11 85 25 45 57 74 48 94 59 58 57 23 90 83 71 67 65 79 36 11
17 35 97 73 43 56 28 29 36 27 46 93 45 15 11 54 14 98 59 94 33 36 98 20 73 98 50 18 70 27 25 80 51 93 32 26 33 65 71 77 37 26 88 54 29 16 30 49 62 98 35 59 13 83 49 93 53 99 62 87 36 16 79 89 28 47 26 85 28 60 35 66 49 80 44 14 38 78 86 95 22 46 62 25 0 51 28 22 28 49 27 12 55 32 15 47 72 85 78 63 98 95 96 31 88 75 31 70 19 64 22 74 18 73 48 59 77 22 85 63
49 37 10 16 50 55 72 88 64 34 53 89 15 50 29 53 81 45 19 78 83 16 78 81 14 57 45 25 42 67 80 13 52 71 68 86 11 70 72 21 67 72 23 11 38 20 87 62 10 33 43 88 99 21 14 46 22 65 24 33 66 90 24 29 74 25 44 67 68 20 16 35 73 69 21 80 95 49 52 19 53 62 15 96 51 0 22 26 82 47 94 84 22 90 26 54 87 64 34 65 32 11 21 95 61 95 97 98 79 58 41 20 99 61 74 27 66 48 20 81
95 79 26 32 89 36 76 91 99 35 29 27 78 90 82 64 60 95 37 13 67 50 35 77 29 39 47 20 25 99 41 71 49 45 19 59 65 81 16 87 76 48 70 29 79 10 89 39 86 85 95 93 59 85 17 46 88 71 47 37 16 66 93 67 96 59 26 59 17 16 89 13 68 98 97 99 93 26 58 88 30 31 23 64 28 22 0 96 68 32 76 13 70 67 88 67 42 91 78 11 33 21 96 71 77 36 86 12 93 27 85 35 51 35 51 61 37 40 29 42
40 44 95 89 64 19 29 46 26 10 95 21 59 94 71 87 10 13 80 15 10 12 78 53 58 11 71 12 50 59 52 39 36 48 90 66 19 78 24 83 39 85 51 74 12 94 93 64 88 85 33 81 51 85 14 10 16 87 63 38 63 29 11 12 97 31 75 16 45 45 42 56 71 12 28 82 40 43 82 92 79 48 13 61 22 26 96 0 30 31 29 52 45 34 34 70 22 41 26 92 89 44 10 42 28 31 15 48 59 55 42 86 35 29 36 98 14 47 36 68
53 61 28 19 98 47 94 80 82 66 89 56 51 38 88 15 39 14 92 71 81 35 63 28 93 95 95 21 49 83 72 83 56 85 30 61 44 30 70 74 31 33 13 45 46 45 84 92 28 79 88 20 27 43 41 28 24 76 61 37 41 62 37 43 37 14 45 84 67 86 46 80 24 96 21 88 51 63 49 70 18 98 62 67 28 82 68 30 0 44 74 62 79 76 56 90 23 14 89 78 44 38 94 33 34 96 33 77 92 20 44 49 22 18 96 13 48 66 87 72
13 55 14 73 89 20 20 35 74 33 18 48 75 21 40 68 26 42 23 56 23 24 61 82 40 49 84 46 62 56 45 65 42 95 85 73 62 50 12 37 72 25 61 10 15 38 83 87 97 10 47 19 43 55 16 64 80 19 99 94 45 49 98 24 78 81 85 53 16 59 19 99 62 79 51 50 25 66 70 20 91 96 14 27 49 47 32 31 44 0 74 15 55 85 16 40 75 59 34 84 11 82 43 72 23 20 73 57 19 19 93 25 31 58 23 61 68 78 57 12
72 88 16 32 28 50 39 54 68 75 47 31 55 27 74 30 71 80 15 11 20 82 89 91 75 88 90 12 21 19 42 48 17 35 58 69 21 50 66 89 52 46 27 31 86 99 87 71 17 61 14 98 39 27 29 53 32 88 60 86 35 45 24 20 19 31 77 44 37 22 79 81 43 98 55 62 48 39 76 32 59 71 61 16 27 94 76 29 74 74 0 79 97 13 32 55 25 81 26 32 35 13 18 20 18 22 97 77 15 68 68 65 75 18 54 37 21 54 65 51
44 54 58 89 18 35 81 63 17 31 38 94 68 72 61 74 88 81 50 18 18 46 18 91 19 96 88 87 45 80 29 52 96 78 43 78 26 18 31 83 68 91 74 73 56 78 10 27 75 50 32 62 12 99 53 11 32 25 97 47 61 43 46 19 25 81 78 36 95 26 20 58 12 71 46 14 19 51 41 65 22 75 30 95 12 84 13 52 62 15 79 0 82 57 34 94 39 42 25 15 42 63 93 98 17 38 82 88 31 58 93 49 91 17 30 22 53 64 69 19
48 29 11 43 88 95 96 53 68 38 78 51 55 60 75 97 48 56 47 92 35 53 30 13 11 55 25 47 12 74 20 90 95 96 10 35 67 38 93 61 72 45 44 48 22 60 11 23 52 72 92 13 47 30 78 74 35 82 87 66 16 29 17 17 34 29 74 49 43 13 80 87 28 80 38 90 75 90 70 52 21 33 69 10 55 22 70 45 79 55 97 82 0 50 86 90 91 59 26 90 72 26 91 51 29 11 40 74 15 34 36 90 80 35 24 17 71 77 13 73
82 34 60 43 77 51 19 53 64 37 88 66 95 12 53 37 17 92 87 49 98 37 15 71 14 71 66 22 76 80 43 19 74 21 67 63 92 22 80 70 18 19 64 90 96 12 24 80 75 48 43 94 81 29 56 91 53 11 42 19 62 29 26 94 65 93 33 31 27 36 25 62 19 34 76 80 10 53 35 62 29 68 44 71 32 90 67 34 76 85 13 57 50 0 79 14 28 83 79 96 69 30 84 45 36 45 28 59 13 23 89 53 55 32 51 41 30 81 40 52
73 46 50 39 12 63 67 59 52 95 38 40 65 47 60 67 26 98 91 85 70 21 42 15 60 91 59 90 14 78 25 79 48 10 23 67 53 58 75 97 20 65 51 26 19 37 57 50 77 99 70 10 97 56 20 60 45 23 65 46 91 62 17 53 57 69 93 46 37 56 24 77 58 12 85 82 98 75 56 75 21 91 55 61 15 26 88 34 56 16 32 34 86 79 0 52 42 61 89 75 82 85 41 74 37 97 88 79 59 99 48 24 58 10 27 19 33 84 70 76
90 29 99 58 98 35 15 77 34 73 74 81 75 84 82 78 22 66 78 30 46 79 44 99 90 42 83 78 24 25 14 79 37 32 26 82 81 58 37 40 25 33 97 23 98 32 64 33 17 59 69 87 47 84 33 79 46 33 34 15 57 38 48 80 92 96 48 91 64 35 66 29 41 10 30 54 41 97 52 96 49 76 41 17 47 54 67 70 90 40 55 94 90 14 52 0 36 24 47 44 95 10 85 50 38 24 96 12 98 45 36 30 59 85 56 87 12 34 43 91
99 76 28 25 80 43 13 83 33 46 28 34 34 78 41 98 27 63 44 86 55 97 98 58 37 18 92 71 50 73 35 52 27 30 88 53 92 81 57 49 58 22 65 29 32 78 51 78 93 37 67 83 35 30 23 23 30 59 47 29 46 57 31 54 10 18 36 38 62 49 17 97 13 90 27 23 47 57 20 80 37 22 57 35 72 87 42 22 23 75 25 39 91 28 42 36 0 25 48 42 55 60 19 47 57 35 33 70 62 60 69 30 41 71 10 11 18 54 14 24
11 59 65 35 22 36 41 73 18 23 13 77 23 39 90 47 81 88 35 71 17 50 69 24 45 15 33 13 74 32 64 67 23 86 34 17 35 92 31 94 37 27 66 47 72 46 81 85 46 47 78 24 46 91 80 70 94 73 55 74 82 45 89 34 36 16 38 71 48 52 55 88 91 44 33 65 38 52 76 63 46 86 21 72 85 64 91 41 14 59 81 42 59 83 61 24 25 0 62 64 20 61 47 66 14 57 37 46 75 81 44 12 72 10 42 36 38 25 42 71
48 61 45 41 27 60 23 95 32 98 24 77 33 11 98 13 12 59 95 35 65 67 98 51 91 46 62 64 64 25 52 90 51 21 90 22 16 52 17 25 69 94 36 24 79 60 89 75 10 19 11 41 30 35 64 99 15 69 89 58 77 25 33 95 86 22 52 80 37 33 50 37 24 43 66 14 51 70 60 39 96 55 15 84 78 34 78 26 89 34 26 25 26 79 89 47 48 62 0 36 39 80 84 68 63 61 55 60 42 47 54 59 86 19 99 10 64 47 68 71
92 64 86 19 18 42 69 90 43 23 61 65 52 84 51 31 92 30 61 55 36 97 67 91 19 20 48 70 16 10 80 42 92 45 82 18 94 45 10 32 70 91 45 50 10 32 49 87 63 78 43 40 98 20 14 34 51 51 23 25 35 29 16 77 96 84 66 57 14 86 40 50 76 69 74 44 50 91 76 10 56 68 37 83 63 65 11 92 78 84 32 15 90 96 75 44 42 64 36 0 13 80 94 31 95 50 76 66 39 22 94 65 38 29 18 91 89 54 96 58
55 66 69 12 16 71 18 69 33 41 68 38 55 74 70 16 39 17 34 36 10 73 37 13 51 39 62 86 44 37 35 46 22 18 58 30 71 84 49 13 90 70 97 30 10 21 96 71 49 11 70 37 61 35 80 35 61 95 39 23 45 97 35 74 61 28 15 43 69 64 48 69 16 62 31 89 46 72 62 38 86 74 17 11 98 32 33 89 44 11 35 42 72 69 82 95 55 20 39 13 0 67 62 10 85 82 44 70 61 77 28 20 38 66 30 27 59 78 61 85
70 45 58 33 41 89 19 96 55 10 10 92 37 18 65 99 26 77 79 77 17 12 45 28 86 92 57 28 82 77 47 14 71 46 40 63 95 50 37 82 39 91 93 35 54 84 71 38 30 11 79 14 33 28 64 64 30 83 84 61 11 92 67 27 81 63 43 13 99 83 87 28 72 57 41 14 69 86 66 65 91 30 55 85 95 11 21 44 38 82 13 63 26 30 85 10 60 61 80 80 67 0 14 41 51 69 95 70 55 86 98 34 18 87 23 27 98 68 73 60
45 78 48 10 76 25 32 92 90 51 78 13 41 68 48 79 64 90 35 55 57 72 50 20 87 73 17 94 71 92 65 19 20 61 76 14 90 47 10 54 76 58 73 10 99 72 29 36 89 24 69 18 69 11 92 69 55 16 91 85 54 49 70 38 36 65 68 26 73 78 25 77 91 66 67 39 38 74 28 97 48 10 26 25 96 21 96 10 94 43 18 93 91 84 41 85 19 47 84 94 62 14 0 60 18 66 64 58 19 43 86 67 66 28 37 65 11 62 41 35
35 90 99 55 68 84 29 49 94 39 68 49 38 20 13 46 95 77 15 79 58 78 68 37 87 42 27 50 84 40 38 88 97 56 55 90 17 64 81 68 62 69 46 97 18 14 63 25 88 93 64 75 12 42 67 63 22 48 92 36 38 22 24 54 81 82 22 29 34 68 87 53 95 77 15 65 16 56 12 63 86 59 80 45 31 95 71 42 33 72 20 98 51 45 74 50 47 66 68 31 10 41 60 0 27 57 69 67 25 88 54 16 76 38 80 80 33 96 48 49
84 40 73 78 77 30 95 96 62 66 41 32 16 48 69 73 57 35 19 41 96 89 60 61 46 74 18 23 24 62 36 22 92 67 60 92 56 86 25 38 53 95 99 50 15 20 77 74 20 61 73 15 70 52 83 41 16 51 72 73 20 77 36 39 59 19 58 99 15 86 52 81 96 24 72 75 47 83 99 74 71 41 77 57 88 61 77 28 34 23 18 17 29 36 37 38 57 14 63 95 85 51 18 27 0 21 24 66 82 20 75 58 16 34 38 16 97 21 62 58
30 44 78 23 50 60 18 31 52 32 66 37 88 68 98 76 42 53 93 60 45 87 39 56 70 33 74 54 93 34 48 64 30 28 80 56 65 44 61 62 63 40 36 23 54 54 65 96 83 68 29 25 21 77 99 81 98 48 79 69 94 25 34 65 72 24 51 83 11 32 92 33 86 43 62 13 62 18 48 21 16 91 19 74 75 95 36 31 96 20 22 38 11 45 97 24 35 57 61 50 82 69 66 57 21 0 28 86 19 99 11 64 50 61 59 35 19 98 81 36
68 38 44 22 29 21 78 85 33 61 83 39 49 56 51 68 36 30 63 54 54 62 53 45 41 42 34 50 18 87 96 88 72 47 89 26 81 90 27 26 72 59 63 89 76 88 49 82 35 38 68 12 78 21 53 92 99 86 19 10 78 80 56 31 49 75 87 71 91 26 29 56 49 83 51 37 68 94 52 84 15 48 77 48 31 97 86 15 33 73 97 82 40 28 88 96 33 37 55 76 44 95 64 69 24 28 0 41 61 96 42 60 23 21 62 39 19 10 72 41
15 44 76 83 99 18 25 33 54 63 53 89 98 97 56 77 18 70 94 69 41 16 27 22 15 68 88 21 41 81 71 19 78 89 28 62 17 52 44 58 26 22 43 37 57 83 64 82 77 44 54 43 55 95 14 91 52 19 35 21 66 32 59 13 37 48 50 37 32 82 90 93 32 72 22 40 93 25 61 23 68 54 70 94 70 98 12 48 77 57 77 88 74 59 79 12 70 46 60 66 70 70 58 67 66 86 41 0 60 83 57 14 50 94 46 38 72 39 35 89
94 58 65 73 62 10 18 57 58 47 40 95 93 26 43 25 19 39 34 25 49 44 20 64 91 33 63 23 14 50 48 46 50 15 37 18 56 55 20 56 65 90 60 55 72 84 74 75 28 13 49 17 32 96 98 19 23 34 23 11 88 55 95 60 23 68 43 57 29 37 98 63 20 85 76 71 33 15 55 57 54 61 16 59 19 79 93 59 92 19 15 31 15 13 59 98 62 75 42 39 61 55 19 25 82 19 61 60 0 69 11 38 58 12 19 67 26 88 71 97
85 93 29 26 65 47 38 72 46 16 39 93 72 31 65 21 72 79 54 70 97 21 78 67 11 38 46 78 43 40 71 68 61 86 90 91 47 88 54 97 20 33 49 16 11 53 38 40 72 79 24 18 85 99 64 60 20 38 84 48 35 12 90 98 70 17 43 76 30 20 32 99 79 51 53 45 24 91 83 21 54 31 32 58 64 58 27 55 20 19 68 58 34 23 99 45 60 81 47 22 77 86 43 88 20 99 96 83 69 0 90 99 29 15 88 44 71 79 98 39
61 69 98 61 11 98 66 55 35 56 63 69 55 55 12 85 57 65 65 41 54 94 57 41 77 55 74 44 61 54 72 38 10 19 15 78 18 21 10 40 63 14 39 20 13 31 65 88 33 50 77 41 89 58 87 51 38 37 63 28 75 10 38 46 84 59 79 31 50 16 48 68 73 34 24 50 72 63 27 18 49 64 69 57 22 41 85 42 44 93 68 93 36 89 48 36 69 44 54 94 28 98 86 54 75 11 42 57 11 90 0 96 37 61 12 54 49 18 33 38
10 25 14 84 69 11 24 45 44 57 80 37 84 10 26 61 84 66 65 94 61 47 65 38 99 67 52 37 40 89 79 61 63 73 36 85 81 12 27 42 74 28 47 37 96 20 25 93 43 74 56 22 12 13 49 21 77 59 43 99 92 50 20 26 85 63 53 60 12 46 46 73 73 84 43 49 15 40 16 28 10 12 78 23 74 20 35 86 49 25 65 49 90 53 24 30 30 12 59 65 20 34 67 16 58 64 60 14 38 99 96 0 52 61 76 15 50 43 77 79
55 27 81 51 31 56 44 73 65 90 87 48 45 29 58 99 66 34 81 19 44 61 44 55 36 64 78 15 19 95 56 32 68 84 20 37 50 53 76 13 21 40 81 32 18 91 47 35 44 44 40 33 78 18 36 99 61 66 51 82 76 19 51 50 26 14 19 46 96 61 52 73 40 83 83 91 28 11 52 97 18 56 72 90 18 99 51 35 22 31 75 91 80 55 58 59 41 72 86 38 38 18 66 76 16 50 23 50 58 29 37 52 0 51 55 64 19 20 32 71
67 40 22 32 56 80 95 64 66 14 33 34 39 45 78 77 58 38 70 54 63 88 21 61 86 24 41 38 80 30 73 18 84 39 69 58 29 38 25 56 59 69 78 64 33 51 55 65 30 15 64 15 20 37 18 11 70 32 35 61 48 46 91 40 59 49 37 38 82 94 43 11 16 15 42 75 70 19 68 38 28 11 69 83 73 61 35 29 18 58 18 17 35 32 10 85 71 10 19 29 66 87 28 38 34 61 21 94 12 15 61 61 51 0 89 43 69 56 67 43
95 24 48 40 40 20 93 98 78 77 70 55 33 93 43 60 75 69 98 74 24 45 66 72 30 59 98 59 46 53 16 70 71 21 25 54 94 61 49 85 40 84 25 52 74 80 26 42 81 33 13 65 92 96 89 98 41 12 96 14 42 59 41 40 92 36 51 35 37 48 72 14 38 26 55 14 50 58 75 21 13 10 64 71 48 74 51 36 96 23 54 30 24 51 27 56 10 42 99 18 30 23 37 80 38 59 62 46 19 88 12 76 55 89 0 60 59 49 65 75
72 21 54 31 70 54 68 58 78 11 26 29 84 97 83 44 26 30 68 89 85 72 19 21 57 37 43 99 57 66 96 66 34 79 26 39 40 98 27 57 51 17 88 69 94 11 72 60 14 80 81 79 55 78 46 13 54 57 18 62 88 75 77 69 30 72 46 30 87 11 50 39 15 47 42 26 88 52 32 47 78 77 45 67 59 27 61 98 13 61 37 22 17 41 19 87 11 36 10 91 27 27 65 80 16 35 39 38 67 44 54 15 64 43 60 0 83 80 72 10
52 19 31 93 52 95 97 33 30 60 75 96 24 83 77 86 31 92 55 82 93 36 85 59 42 28 45 45 79 85 51 89 26 14 41 54 38 77 79 62 33 76 91 24 87 17 28 89 48 88 24 38 88 45 43 99 87 19 70 14 18 54 29 29 12 21 25 64 98 43 25 52 88 55 69 22 68 84 62 28 53 58 77 65 77 66 37 14 48 68 21 53 71 30 33 12 18 38 64 89 59 98 11 33 97 19 19 72 26 71 49 50 19 69 59 83 0 69 69 99
83 86 75 41 97 47 37 32 55 76 81 91 50 71 54 27 22 50 68 62 68 46 28 24 15 18 73 91 56 22 25 67 83 64 23 59 30 93 55 51 69 50 89 74 91 31 96 41 82 71 26 52 37 79 49 39 25 56 95 70 42 97 71 64 88 50 51 37 31 73 34 45 24 53 78 50 58 61 24 54 10 16 29 79 22 48 40 47 66 78 54 64 77 81 84 34 54 25 47 54 78 68 62 96 21 98 10 39 88 79 18 43 20 56 49 80 69 0 67 40
94 79 45 38 86 61 54 67 26 23 82 87 40 97 65 88 55 48 23 29 45 36 45 79 25 10 70 46 85 62 35 42 67 20 24 69 98 15 75 10 98 59 34 78 85 74 75 89 18 56 34 33 95 86 95 14 80 69 65 79 47 25 49 64 35 32 48 47 85 26 66 53 15 43 23 28 20 56 99 55 31 78 63 36 85 20 29 36 87 57 65 69 13 40 70 43 14 42 68 96 61 73 41 48 62 81 72 35 71 98 33 77 32 67 65 72 69 67 0 86
11 37 53 26 67 84 43 28 86 82 87 56 27 76 76 48 24 46 67 57 33 85 58 25 68 63 28 56 60 98 19 62 48 33 16 64 32 16 32 43 62 50 21 85 14 46 71 86 19 45 84 18 53 34 83 35 71 84 49 96 99 95 84 54 42 14 45 11 46 94 66 59 76 11 74 24 81 50 43 32 78 58 19 11 63 81 42 68 72 12 51 19 73 52 76 91 24 71 71 58 85 60 35 49 58 36 41 89 97 39 38 79 71 43 75 10 99 40 86 0