55
0 97 90 90 95 57 87 38 76 69 60 74 40 22 83 78 66 35 20 62 73 31 96 91 96 29 72 10 82 36 11 63 84 45 19 60 78 25 93 29 78 44 58 62 12 39 42 50 72 42 31 59 11 35 16
97 0 63 35 61 84 98 33 28 60 99 61 67 45 36 28 33 20 23 73 41 90 88 51 20 34 15 62 59 25 28 97 14 38 95 30 55 62 81 28 85 97 37 87 86 42 88 86 46 92 58 80 53 53 66
90 63 0 71 59 75 16 70 13 68 76 61 89 41 19 46 61 65 85 71 46 91 94 74 27 41 60 35 71 37 59 44 11 25 76 42 13 76 75 20 56 71 22 78 74 85 12 80 72 98 95 13 71 17 41
90 35 71 0 86 43 44 73 22 66 63 28 69 54 75 52 75 73 42 85 44 62 55 16 74 36 13 16 44 73 84 69 20 47 17 18 40 46 85 54 68 61 94 31 45 28 64 23 60 50 17 30 39 88 26
95 61 59 86 0 24 99 28 36 49 92 76 88 88 83 31 57 37 92 74 14 68 12 90 17 10 23 54 44 89 17 46 79 14 81 73 77 11 69 13 25 14 36 34 49 57 35 83 98 22 67 57 56 60 97
57 84 75 43 24 0 81 96 23 70 70 47 72 61 33 32 26 31 71 24 33 37 64 10 27 95 66 84 31 40 77 99 51 65 52 10 76 40 70 39 43 78 61 24 48 43 83 60 65 96 39 41 73 26 23
87 98 16 44 99 81 0 67 40 32 85 56 99 81 21 47 22 99 78 43 71 27 65 21 90 56 88 18 37 77 84 47 48 40 74 93 33 36 81 74 25 28 98 98 72 47 98 73 63 89 97 17 44 74 43
38 33 70 73 28 96 67 0 37 30 35 51 96 45 34 86 84 68 60 35 54 77 78 94 33 50 87 79 58 88 24 80 73 54 63 18 84 41 63 59 25 44 86 45 27 73 54 50 71 56 48 23 94 68 75
76 28 13 22 36 23 40 37 0 77 49 72 38 33 42 49 54 36 41 32 17 54 88 39 91 63 22 53 73 71 32 19 54 52 16 64 53 27 43 12 46 91 92 40 99 21 74 18 14 68 22 77 95 86 74
69 60 68 66 49 70 32 30 77 0 59 39 94 62 49 65 26 64 73 55 86 69 55 76 39 54 74 70 17 32 10 71 49 49 32 83 59 58 42 53 27 66 68 69 11 13 55 91 72 24 79 31 13 20 98
60 99 76 63 92 70 85 35 49 59 0 58 62 31 34 93 83 84 68 81 89 11 22 68 32 93 40 20 23 77 25 45 96 51 54 98 11 92 52 45 14 47 84 27 62 98 89 20 28 65 66 88 33 56 69
74 61 61 28 76 47 56 51 72 39 58 0 90 45 34 12 91 48 98 32 36 93 16 47 26 74 65 50 38 66 80 28 96 97 62 86 38 59 68 89 76 14 60 18 13 15 35 95 53 85 59 78 36 57 98
40 67 89 69 88 72 99 96 38 94 62 90 0 81 11 59 85 25 95 91 30 62 76 43 66 23 87 70 68 89 16 50 49 97 35 73 93 96 71 24 38 85 98 16 25 38 37 12 39 52 83 22 82 62 25
22 45 41 54 88 61 81 45 33 62 31 45 81 0 25 26 14 17 87 23 69 97 30 33 44 82 31 53 20 57 44 57 43 87 54 45 20 31 97 78 26 90 25 80 25 33 81 53 55 42 87 79 65 82 12
83 36 19 75 83 33 21 34 42 49 34 34 11 25 0 65 97 72 85 37 50 68 72 26 53 11 75 16 37 20 55 93 76 25 97 62 11 62 40 87 64 13 72 36 82 18 57 35 19 98 48 17 45 72 50
78 28 46 52 31 32 47 86 49 65 93 12 59 26 65 0 13 67 63 32 23 16 88 39 92 34 85 26 27 34 10 52 34 11 62 30 43 91 71 73 69 12 22 65 94 38 74 26 40 12 86 23 77 99 56
66 33 61 75 57 26 22 84 54 26 83 91 85 14 97 13 0 79 88 65 12 82 80 58 25 29 12 67 64 41 19 33 26 79 38 96 58 18 43 42 78 72 66 11 88 34 20 84 57 54 72 68 39 14 94
35 20 65 73 37 31 99 68 36 64 84 48 25 17 72 67 79 0 69 45 12 85 93 43 16 71 20 77 77 40 83 72 22 82 77 18 68 10 16 20 84 35 67 64 59 41 66 64 26 10 33 81 35 84 73
20 23 85 42 92 71 78 60 41 73 68 98 95 87 85 63 88 69 0 13 60 79 32 79 28 84 19 94 88 16 17 10 33 82 70 48 94 34 69 15 49 52 20 99 96 58 79 37 30 25 18 17 68 44 85
62 73 71 85 74 24 43 35 32 55 81 32 91 23 37 32 65 45 13 0 87 43 56 13 36 61 78 66 63 51 73 91 86 32 53 78 20 59 82 42 35 96 80 93 53 20 15 90 37 11 67 96 22 26 93
73 41 46 44 14 33 71 54 17 86 89 36 30 69 50 23 12 12 60 87 0 21 61 37 85 95 98 67 57 44 68 49 63 11 44 55 72 87 97 35 84 90 51 65 14 26 23 38 32 68 70 44 59 17 90
31 90 91 62 68 37 27 77 54 69 11 93 62 97 68 16 82 85 79 43 21 0 93 20 45 61 27 36 92 25 17 77 35 49 95 18 65 26 58 27 34 50 77 49 10 87 17 64 98 12 38 53 81 95 71
96 88 94 55 12 64 65 78 88 55 22 16 76 30 72 88 80 93 32 56 61 93 0 11 95 32 60 97 51 85 31 80 52 25 72 65 75 85 24 87 88 16 33 94 34 39 75 65 36 50 13 32 56 92 46
91 51 74 16 90 10 21 94 39 76 68 47 43 33 26 39 58 43 79 13 37 20 11 0 40 64 22 12 38 49 94 99 18 28 30 62 76 36 97 35 77 67 91 55 91 85 10 44 80 33 35 15 28 91 24
96 20 27 74 17 27 90 33 91 39 32 26 66 44 53 92 25 16 28 36 85 45 95 40 0 42 28 92 90 23 83 86 70 83 54 74 96 37 26 25 22 59 81 62 15 63 63 57 30 71 48 33 62 70 29
29 34 41 36 10 95 56 50 63 54 93 74 23 82 11 34 29 71 84 61 95 61 32 64 42 0 57 28 59 45 54 72 57 61 99 18 41 62 78 99 80 82 64 57 41 51 83 45 83 94 86 87 45 22 47
72 15 60 13 23 66 88 87 22 74 40 65 87 31 75 85 12 20 19 78 98 27 60 22 28 57 0 51 91 35 27 54 59 85 49 28 80 53 77 22 32 99 51 59 73 34 31 63 73 90 22 28 99 67 14
10 62 35 16 54 84 18 79 53 70 20 50 70 53 16 26 67 77 94 66 67 36 97 12 92 28 51 0 35 43 30 87 55 55 57 32 63 31 65 69 22 61 95 96 10 35 40 74 43 51 98 46 98 30 21
82 59 71 44 44 31 37 58 73 17 23 38 68 20 37 27 64 77 88 63 57 92 51 38 90 59 91 35 0 46 99 18 36 69 71 74 23 69 45 79 72 23 39 91 57 83 11 90 59 11 48 73 64 44 21
36 25 37 73 89 40 77 88 71 32 77 66 89 57 20 34 41 40 16 51 44 25 85 49 23 45 35 43 46 0 57 58 70 25 13 26 52 85 27 42 23 97 75 75 68 85 84 95 55 46 40 76 82 96 84
11 28 59 84 17 77 84 24 32 10 25 80 16 44 55 10 19 83 17 73 68 17 31 94 83 54 27 30 99 57 0 43 17 57 49 23 10 15 14 42 34 69 33 72 30 97 15 66 46 10 93 96 15 86 55
63 97 44 69 46 99 47 80 19 71 45 28 50 57 93 52 33 72 10 91 49 77 80 99 86 72 54 87 18 58 43 0 20 79 93 15 33 70 51 79 17 43 49 55 66 40 20 31 94 72 38 13 35 52 13
84 14 11 20 79 51 48 73 54 49 96 96 49 43 76 34 26 22 33 86 63 35 52 18 70 57 59 55 36 70 17 20 0 70 86 90 92 56 26 45 14 26 47 76 93 82 63 24 72 91 64 53 89 30 21
45 38 25 47 14 65 40 54 52 49 51 97 97 87 25 11 79 82 82 32 11 49 25 28 83 61 85 55 69 25 57 79 70 0 43 79 16 46 26 54 59 78 99 54 14 38 31 88 77 32 42 92 86 70 31
19 95 76 17 81 52 74 63 16 32 54 62 35 54 97 62 38 77 70 53 44 95 72 30 54 99 49 57 71 13 49 93 86 43 0 52 61 99 19 37 48 50 91 51 51 76 20 82 43 87 32 32 56 15 98
60 30 42 18 73 10 93 18 64 83 98 86 73 45 62 30 96 18 48 78 55 18 65 62 74 18 28 32 74 26 23 15 90 79 52 0 29 80 34 41 27 75 99 28 42 37 63 67 85 35 66 48 51 92 72
78 55 13 40 77 76 33 84 53 59 11 38 93 20 11 43 58 68 94 20 72 65 75 76 96 41 80 63 23 52 10 33 92 16 61 29 0 75 59 74 17 60 29 77 46 67 93 24 38 53 43 68 83 26 57
25 62 76 46 11 40 36 41 27 58 92 59 96 31 62 91 18 10 34 59 87 26 85 36 37 62 53 31 69 85 15 70 56 46 99 80 75 0 39 47 99 94 99 46 42 90 37 65 22 60 10 71 33 44 45
93 81 75 85 69 70 81 63 43 42 52 68 71 97 40 71 43 16 69 82 97 58 24 97 26 78 77 65 45 27 14 51 26 26 19 34 59 39 0 16 40 78 75 95 30 89 60 36 22 14 34 18 12 94 93
29 28 20 54 13 39 74 59 12 53 45 89 24 78 87 73 42 20 15 42 35 27 87 35 25 99 22 69 79 42 42 79 45 54 37 41 74 47 16 0 65 56 38 97 66 72 39 85 36 67 66 98 57 41 50
78 85 56 68 25 43 25 25 46 27 14 76 38 26 64 69 78 84 49 35 84 34 88 77 22 80 32 22 72 23 34 17 14 59 48 27 17 99 40 65 0 51 31 99 31 47 81 55 13 29 57 92 18 47 92
44 97 71 61 14 78 28 44 91 66 47 14 85 90 13 12 72 35 52 96 90 50 16 67 59 82 99 61 23 97 69 43 26 78 50 75 60 94 78 56 51 0 27 14 96 49 95 25 11 34 58 99 91 55 57
58 37 22 94 36 61 98 86 92 68 84 60 98 25 72 22 66 67 20 80 51 77 33 91 81 64 51 95 39 75 33 49 47 99 91 99 29 99 75 38 31 27 0 65 98 77 24 47 57 84 34 33 45 30 28
62 87 78 31 34 24 98 45 40 69 27 18 16 80 36 65 11 64 99 93 65 49 94 55 62 57 59 96 91 75 72 55 76 54 51 28 77 46 95 97 99 14 65 0 56 21 17 56 60 74 49 58 20 58 54
12 86 74 45 49 48 72 27 99 11 62 13 25 25 82 94 88 59 96 53 14 10 34 91 15 41 73 10 57 68 30 66 93 14 51 42 46 42 30 66 31 96 98 56 0 42 14 32 97 97 96 65 70 66 15
39 42 85 28 57 43 47 73 21 13 98 15 38 33 18 38 34 41 58 20 26 87 39 85 63 51 34 35 83 85 97 40 82 38 76 37 67 90 89 72 47 49 77 21 42 0 68 10 63 40 62 86 60 45 90
42 88 12 64 35 83 98 54 74 55 89 35 37 81 57 74 20 66 79 15 23 17 75 10 63 83 31 40 11 84 15 20 63 31 20 63 93 37 60 39 81 95 24 17 14 68 0 75 15 78 29 68 27 31 44
50 86 80 23 83 60 73 50 18 91 20 95 12 53 35 26 84 64 37 90 38 64 65 44 57 45 63 74 90 95 66 31 24 88 82 67 24 65 36 85 55 25 47 56 32 10 75 0 43 26 77 93 35 32 50
72 46 72 60 98 65 63 71 14 72 28 53 39 55 19 40 57 26 30 37 32 98 36 80 30 83 73 43 59 55 46 94 72 77 43 85 38 22 22 36 13 11 57 60 97 63 15 43 0 85 65 97 70 56 73
42 92 98 50 22 96 89 56 68 24 65 85 52 42 98 12 54 10 25 11 68 12 50 33 71 94 90 51 11 46 10 72 91 32 87 35 53 60 14 67 29 34 84 74 97 40 78 26 85 0 50 22 66 13 44
31 58 95 17 67 39 97 48 22 79 66 59 83 87 48 86 72 33 18 67 70 38 13 35 48 86 22 98 48 40 93 38 64 42 32 66 43 10 34 66 57 58 34 49 96 62 29 77 65 50 0 56 62 72 63
59 80 13 30 57 41 17 23 77 31 88 78 22 79 17 23 68 81 17 96 44 53 32 15 33 87 28 46 73 76 96 13 53 92 32 48 68 71 18 98 92 99 33 58 65 86 68 93 97 22 56 0 25 30 67
11 53 71 39 56 73 44 94 95 13 33 36 82 65 45 77 39 35 68 22 59 81 56 28 62 45 99 98 64 82 15 35 89 86 56 51 83 33 12 57 18 91 45 20 70 60 27 35 70 66 62 25 0 38 55
35 53 17 88 60 26 74 68 86 20 56 57 62 82 72 99 14 84 44 26 17 95 92 91 70 22 67 30 44 96 86 52 30 70 15 92 26 44 94 41 47 55 30 58 66 45 31 32 56 13 72 30 38 0 45
16 66 41 26 97 23 43 75 74 98 69 98 25 12 50 56 94 73 85 93 90 71 46 24 29 47 14 21 21 84 55 13 21 31 98 72 57 45 93 50 92 57 28 54 15 90 44 50 73 44 63 67 55 45 0