90
0 94 25 72 55 28 61 39 65 31 44 59 67 92 55 11 37 33 63 76 12 52 67 23 80 24 21 55 57 82 16 12 13 81 51 22 80 39 21 48 63 61 42 90 85 23 80 87 65 89 85 46 77 58 83 89 82 29 51 51 82 89 92 40 50 82 18 46 14 48 94 55 40 85 29 47 56 45 27 63 36 66 67 28 21 38 81 10 28 24
94 0 76 84 94 78 19 36 77 46 28 29 64 24 62 65 91 57 46 48 41 48 92 72 92 93 63 68 72 14 79 41 77 82 26 50 27 84 61 78 54 71 34 28 56 33 84 26 45 56 19 69 23 42 64 53 55 87 93 65 25 58 20 50 29 16 57 42 29 97 99 17 49 96 32 92 56 62 68 48 29 91 30 70 88 13 12 68 59 59
25 76 0 55 66 63 10 11 91 45 65 58 88 63 90 14 79 78 86 52 63 21 28 91 20 87 82 95 53 68 86 91 83 22 21 34 28 67 72 66 96 57 81 42 33 20 49 23 43 18 54 61 29 79 84 68 74 79 35 20 86 47 63 57 34 74 11 42 53 93 32 49 47 28 94 11 28 45 99 74 66 74 91 58 86 47 29 77 30 53
72 84 55 0 44 25 66 63 95 89 79 63 76 92 22 28 71 93 40 24 36 11 75 97 28 24 16 87 58 88 19 39 91 48 55 48 42 61 81 99 27 11 17 74 11 57 69 91 53 58 67 47 74 66 12 71 78 88 76 11 12 23 54 87 21 53 70 69 10 25 15 56 86 49 75 64 85 87 82 36 30 82 59 56 78 78 86 31 18 16
55 94 66 44 0 18 81 97 13 52 67 92 47 96 15 68 35 72 25 79 18 86 20 27 64 53 22 60 11 59 29 14 60 83 69 77 51 69 86 84 88 82 70 28 28 25 67 43 75 64 44 67 40 24 27 52 99 95 77 16 23 46 26 50 41 59 37 72 36 21 80 26 84 87 54 74 14 20 83 60 37 13 37 28 44 69 91 36 59 16
28 78 63 25 18 0 90 82 83 96 52 65 20 93 67 27 65 51 31 89 77 99 51 92 77 50 27 94 48 19 19 36 66 66 59 67 56 84 78 16 94 86 88 70 50 16 38 34 48 81 56 34 73 95 48 14 94 50 87 85 10 22 19 76 47 47 42 26 21 47 78 65 41 13 25 44 43 60 72 18 20 46 91 11 79 13 58 76 34 26
61 19 10 66 81 90 0 53 90 97 42 15 39 42 65 82 61 40 34 73 69 55 74 74 78 96 18 47 28 82 47 35 15 49 75 29 16 62 62 58 87 40 27 77 84 27 70 73 80 89 60 94 98 40 69 55 48 57 30 46 72 62 96 79 77 46 85 96 16 66 38 26 49 26 34 74 45 67 21 76 52 88 39 55 99 94 49 36 55 61
39 36 11 63 97 82 53 0 92 14 40 68 42 36 46 19 53 19 48 61 31 82 88 25 89 28 25 36 25 16 84 75 12 12 59 82 56 67 93 78 34 99 91 66 92 37 71 84 21 38 84 50 90 41 11 13 14 98 15 91 79 88 22 30 19 55 93 68 54 14 24 87 32 11 15 60 81 66 66 24 11 89 45 31 93 55 69 83 79 26
65 77 91 95 13 83 90 92 0 12 49 54 36 60 82 39 21 15 53 78 58 87 80 44 21 48 96 94 47 73 23 91 58 37 57 28 68 83 12 86 77 25 98 92 52 70 76 84 68 67 49 81 45 50 61 37 71 10 81 38 47 15 50 36 96 35 28 50 28 28 41 38 63 26 12 13 30 63 84 26 99 62 22 38 91 55 27 63 11 40
31 46 45 89 52 96 97 14 12 0 77 71 35 75 40 64 96 51 47 12 26 33 77 86 82 46 36 11 19 45 74 43 27 21 28 74 91 38 34 71 40 88 67 35 25 82 82 34 41 95 66 74 49 81 65 15 20 36 33 41 88 11 38 34 39 58 39 38 76 61 41 73 22 45 86 34 76 55 98 12 82 78 37 54 54 89 75 58 77 18
44 28 65 79 67 52 42 40 49 77 0 14 87 72 23 54 63 20 68 19 69 84 83 35 60 10 46 27 19 54 20 26 54 90 90 94 94 39 53 73 26 97 83 22 74 71 26 25 14 70 49 43 16 28 15 22 10 60 83 23 77 13 94 46 18 54 75 44 36 17 23 20 66 22 48 68 27 20 26 84 61 17 97 62 34 74 25 98 54 73
59 29 58 63 92 65 15 68 54 71 14 0 29 74 21 27 65 29 17 52 16 88 60 75 88 93 26 91 82 85 20 64 58 93 16 42 30 40 39 42 95 45 16 91 79 48 60 99 30 86 13 59 76 84 58 67 14 90 89 56 84 80 35 23 12 23 74 40 63 19 52 32 96 81 86 71 11 97 49 36 68 34 84 39 10 58 92 18 29 24
67 64 88 76 47 20 39 42 36 35 87 29 0 85 96 11 35 44 15 79 60 19 47 36 44 60 13 67 36 56 31 24 84 17 54 10 99 55 79 35 15 87 24 59 75 21 84 28 22 97 89 18 73 90 97 89 91 35 21 96 12 68 69 32 43 61 63 15 13 58 20 73 12 90 89 79 81 50 49 89 65 81 86 37 21 86 28 88 63 48
92 24 63 92 96 93 42 36 60 75 72 74 85 0 21 61 72 15 23 50 13 14 34 32 41 75 66 58 72 55 16 42 73 24 64 67 39 71 62 76 61 70 79 35 26 27 63 61 88 97 26 68 84 55 47 56 40 21 52 74 27 64 18 15 60 50 95 61 41 85 55 80 84 95 92 78 92 69 15 64 11 19 46 78 12 93 30 57 56 44
55 62 90 22 15 67 65 46 82 40 23 21 96 21 0 33 68 23 27 38 34 98 43 68 37 26 53 35 17 37 63 13 96 46 51 93 30 10 63 94 60 71 88 64 83 53 35 28 66 83 80 47 25 93 55 51 87 42 84 19 23 58 65 23 93 66 77 93 90 87 13 98 14 11 74 71 73 33 36 80 62 97 83 20 68 69 15 95 11 35
11 65 14 28 68 27 82 19 39 64 54 27 11 61 33 0 77 79 22 43 52 13 30 79 84 91 91 99 73 41 46 20 94 64 83 31 65 75 48 30 14 89 44 96 61 82 20 34 38 59 90 57 89 93 41 34 75 38 83 17 65 14 28 26 28 71 70 17 85 80 50 37 98 10 78 19 39 69 85 34 14 77 29 46 13 92 60 52 89 43
37 91 79 71 35 65 61 53 21 96 63 65 35 72 68 77 0 36 89 75 69 88 70 95 47 67 75 73 55 42 49 47 92 59 20 73 91 54 71 87 18 15 90 86 35 50 86 62 26 95 86 65 33 99 46 57 75 31 95 25 68 81 23 40 36 80 15 34 81 82 21 22 50 75 34 21 20 87 70 29 42 60 49 21 22 65 68 31 81 95
33 57 78 93 72 51 40 19 15 51 20 29 44 15 23 79 36 0 29 70 96 65 83 35 87 82 62 44 18 16 78 23 27 47 93 56 65 68 34 51 14 87 93 56 24 54 95 72 74 25 82 28 99 97 27 57 41 40 21 72 25 72 39 15 25 67 74 46 73 44 89 30 33 69 77 59 96 80 94 94 71 56 39 62 31 70 30 40 24 86
63 46 86 40 25 31 34 48 53 47 68 17 15 23 27 22 89 29 0 76 56 91 94 94 20 97 69 40 57 52 18 26 81 91 44 41 47 56 86 68 63 43 11 25 47 64 25 92 95 23 75 51 16 44 25 92 61 43 65 23 53 59 33 58 59 16 63 12 79 19 75 67 91 78 92 47 50 29 93 26 63 74 19 58 93 57 68 96 27 47
76 48 52 24 79 89 73 61 78 12 19 52 79 50 38 43 75 70 76 0 80 45 73 89 64 87 40 92 38 61 56 70 14 68 76 62 12 77 93 87 94 36 38 85 98 78 69 55 92 33 41 75 43 57 34 57 87 96 62 43 77 79 25 19 60 45 77 35 66 48 35 82 98 35 97 24 43 82 50 17 73 19 36 42 76 94 40 36 41 39
12 41 63 36 18 77 69 31 58 26 69 16 60 13 34 52 69 96 56 80 0 95 88 53 83 45 44 83 44 10 74 72 66 52 88 62 84 76 87 45 79 45 53 31 86 99 94 55 50 64 78 38 37 81 69 63 47 77 82 14 51 92 63 95 57 81 28 79 92 33 75 66 44 51 26 31 90 40 84 21 99 63 43 65 55 61 37 56 24 32
52 48 21 11 86 99 55 82 87 33 84 88 19 14 98 13 88 65 91 45 95 0 55 93 37 65 51 93 64 33 19 15 17 80 93 23 17 48 15 30 23 11 75 38 40 79 64 16 11 98 49 16 70 83 13 80 53 75 94 64 12 34 41 12 62 30 65 51 21 80 18 95 71 55 20 57 80 46 32 50 28 49 26 66 37 76 21 69 72 64
67 92 28 75 20 51 74 88 80 77 83 60 47 34 43 30 70 83 94 73 88 55 0 24 60 37 31 81 19 48 58 29 60 24 47 46 43 57 98 51 69 35 28 78 84 52 73 21 71 96 14 24 70 91 48 35 51 93 53 86 19 67 10 52 46 93 58 72 70 94 18 29 60 53 78 22 60 38 11 27 89 17 38 31 15 79 60 68 42 92
23 72 91 97 27 92 74 25 44 86 35 75 36 32 68 79 95 35 94 89 53 93 24 0 44 84 45 95 95 93 18 44 86 94 95 81 73 43 73 88 18 98 99 44 35 80 15 99 30 79 13 82 39 19 85 44 49 93 26 75 39 81 65 13 28 68 95 14 30 48 28 74 71 75 47 38 90 97 53 73 85 71 14 20 56 49 53 90 98 49
80 92 20 28 64 77 78 89 21 82 60 88 44 41 37 84 47 87 20 64 83 37 60 44 0 54 60 62 55 49 57 76 24 57 85 54 38 16 92 95 91 75 42 51 60 43 74 10 22 23 43 11 28 13 15 25 73 42 55 40 51 58 17 74 14 36 39 11 10 41 66 99 89 66 51 90 95 21 14 58 60 45 17 90 88 25 12 75 94 96
24 93 87 24 53 50 96 28 48 46 10 93 60 75 26 91 67 82 97 87 45 65 37 84 54 0 78 25 34 81 42 57 38 56 28 13 91 26 81 68 62 37 48 98 28 41 26 35 17 64 47 65 22 59 41 24 62 84 35 82 84 73 24 11 30 12 41 61 48 85 41 52 86 57 22 31 31 28 30 32 11 79 86 15 21 70 35 87 78 74
21 63 82 16 22 27 18 25 96 36 46 26 13 66 53 91 75 62 69 40 44 51 31 45 60 78 0 17 53 50 35 92 71 43 99 43 17 38 25 94 56 13 17 71 48 33 36 87 45 98 37 83 40 46 41 58 76 49 49 11 83 60 62 34 47 50 57 74 46 30 53 23 48 19 23 97 35 52 54 44 39 16 13 52 87 37 23 88 32 15
55 68 95 87 60 94 47 36 94 11 27 91 67 58 35 99 73 44 40 92 83 93 81 95 62 25 17 0 99 93 14 81 84 64 99 34 15 77 33 87 48 43 48 15 65 71 72 20 60 41 48 48 71 78 37 37 53 28 26 11 73 41 10 85 16 86 99 86 87 85 35 25 54 49 21 50 95 37 69 80 71 70 45 85 54 44 47 37 13 28
57 72 53 58 11 48 28 25 47 19 19 82 36 72 17 73 55 18 57 38 44 64 19 95 55 34 53 99 0 45 84 75 82 41 85 82 45 39 65 21 99 57 51 58 14 42 54 72 79 14 67 61 24 94 81 28 74 49 31 43 11 75 21 42 67 14 33 87 95 80 34 19 35 27 74 23 93 29 75 57 30 11 61 87 13 34 29 92 26 14
82 14 68 88 59 19 82 16 73 45 54 85 56 55 37 41 42 16 52 61 10 33 48 93 49 81 50 93 45 0 15 55 59 17 43 92 66 16 26 27 59 94 52 73 36 14 27 40 31 91 53 64 17 35 28 14 96 58 34 50 24 43 86 98 20 91 56 56 64 33 26 83 84 42 68 98 43 31 45 59 54 19 13 61 47 44 56 84 94 51
16 79 86 19 29 19 47 84 23 74 20 20 31 16 63 46 49 78 18 56 74 19 58 18 57 42 35 14 84 15 0 23 29 56 33 89 67 73 13 89 88 19 83 57 27 67 22 23 45 16 41 71 18 87 66 58 53 10 30 47 47 96 26 53 47 77 39 96 52 12 65 35 12 89 44 33 53 94 12 88 73 78 58 78 74 39 46 70 98 78
12 41 91 39 14 36 35 75 91 43 26 64 24 42 13 20 47 23 26 70 72 15 29 44 76 57 92 81 75 55 23 0 23 98 65 69 34 14 57 72 77 64 82 41 18 86 74 42 55 40 65 93 73 87 22 63 11 98 58 31 71 63 40 78 54 89 16 23 34 10 66 77 14 87 70 33 17 16 54 52 81 88 45 17 43 93 51 25 33 39
13 77 83 91 60 66 15 12 58 27 54 58 84 73 96 94 92 27 81 14 66 17 60 86 24 38 71 84 82 59 29 23 0 28 15 45 79 56 78 17 14 23 18 23 36 47 66 99 64 70 46 91 81 13 24 92 84 52 59 90 14 36 29 92 36 66 81 80 50 71 88 38 74 72 14 57 49 71 86 71 16 41 26 71 67 76 31 23 78 13
81 82 22 48 83 66 49 12 37 21 90 93 17 24 46 64 59 47 91 68 52 80 24 94 57 56 43 64 41 17 56 98 28 0 66 97 31 79 11 40 54 92 97 75 86 21 33 46 15 38 40 46 82 99 45 22 77 53 70 72 19 64 68 73 99 91 73 14 67 52 42 66 60 58 73 11 51 16 34 83 75 51 34 77 93 20 70 85 88 77
51 26 21 55 69 59 75 59 57 28 90 16 54 64 51 83 20 93 44 76 88 93 47 95 85 28 99 99 85 43 33 65 15 66 0 19 59 37 45 85 66 63 66 85 69 10 60 93 97 23 71 73 16 69 85 71 48 71 87 46 72 97 19 41 50 63 81 47 45 60 33 89 88 16 92 93 43 59 70 48 85 92 83 69 21 17 28 27 13 47
22 50 34 48 77 67 29 82 28 74 94 42 10 67 93 31 73 56 41 62 62 23 46 81 54 13 43 34 82 92 89 69 45 97 19 0 22 97 40 55 83 26 85 19 82 33 94 99 66 38 43 33 93 80 89 78 70 89 66 95 53 52 34 13 51 75 95 32 56 71 22 43 35 57 93 12 96 53 83 72 50 53 98 32 84 26 49 60 44 97
80 27 28 42 51 56 16 56 68 91 94 30 99 39 30 65 91 65 47 12 84 17 43 73 38 91 17 15 45 66 67 34 79 31 59 22 0 32 25 70 47 64 32 58 36 92 13 37 12 66 91 62 67 50 69 29 42 10 44 14 89 90 36 76 97 38 91 64 94 43 76 44 73 11 48 17 36 71 38 47 77 38 27 79 10 26 86 32 26 32
39 84 67 61 69 84 62 67 83 38 39 40 55 71 10 75 54 68 56 77 76 48 57 43 16 26 38 77 39 16 73 14 56 79 37 97 32 0 58 75 38 35 19 58 18 63 52 20 39 98 19 94 98 30 38 59 87 78 55 77 85 84 92 45 26 69 79 71 34 49 77 89 71 84 82 37 12 21 98 47 22 13 17 94 73 19 12 81 99 61
21 61 72 81 86 78 62 93 12 34 53 39 79 62 63 48 71 34 86 93 87 15 98 73 92 81 25 33 65 26 13 57 78 11 45 40 25 58 0 30 37 41 82 44 85 26 99 62 67 79 26 66 41 41 85 61 70 55 84 23 91 67 93 18 59 99 10 66 63 71 65 16 89 81 90 40 91 28 45 17 86 57 64 42 61 98 92 13 35 48
48 78 66 99 84 16 58 78 86 71 73 42 35 76 94 30 87 51 68 87 45 30 51 88 95 68 94 87 21 27 89 72 17 40 85 55 70 75 30 0 34 51 64 11 34 37 37 16 57 32 71 40 15 78 41 33 82 72 69 30 23 20 19 49 97 81 96 76 45 16 58 51 61 51 17 47 29 47 93 65 47 28 18 73 42 52 97 95 65 59
63 54 96 27 88 94 87 34 77 40 26 95 15 61 60 14 18 14 63 94 79 23 69 18 91 62 56 48 99 59 88 77 14 54 66 83 47 38 37 34 0 64 51 75 33 49 59 50 16 90 94 14 51 10 89 12 31 95 79 28 46 35 62 30 82 93 26 18 29 20 95 38 16 67 66 21 76 91 93 52 17 39 60 95 20 90 87 32 21 62
61 71 57 11 82 86 40 99 25 88 97 45 87 70 71 89 15 87 43 36 45 11 35 98 75 37 13 43 57 94 19 64 23 92 63 26 64 35 41 51 64 0 67 44 53 40 52 24 42 76 92 12 21 98 83 14 78 63 16 11 41 12 75 19 72 62 23 83 33 49 71 81 59 60 78 80 24 29 62 67 30 97 14 97 17 75 16 49 14 73
42 34 81 17 70 88 27 91 98 67 83 16 24 79 88 44 90 93 11 38 53 75 28 99 42 48 17 48 51 52 83 82 18 97 66 85 32 19 82 64 51 67 0 35 17 70 16 39 61 50 52 30 24 92 41 82 18 96 44 31 47 66 80 92 49 90 13 12 27 85 50 48 46 92 84 40 50 35 37 59 24 81 70 55 61 85 44 74 22 18
90 28 42 74 28 70 77 66 92 35 22 91 59 35 64 96 86 56 25 85 31 38 78 44 51 98 71 15 58 73 57 41 23 75 85 19 58 58 44 11 75 44 35 0 22 24 59 23 89 11 65 32 42 14 51 49 98 73 66 83 42 49 47 84 59 84 25 56 55 62 78 50 79 51 49 96 88 37 18 10 93 60 13 57 74 98 79 24 92 88
85 56 33 11 28 50 84 92 52 25 74 79 75 26 83 61 35 24 47 98 86 40 84 35 60 28 48 65 14 36 27 18 36 86 69 82 36 18 85 34 33 53 17 22 0 53 79 79 72 59 85 24 38 97 64 75 44 16 24 15 94 88 56 76 80 60 85 29 92 14 97 18 70 60 36 60 43 64 83 24 11 52 63 14 86 94 68 60 53 47
23 33 20 57 25 16 27 37 70 82 71 48 21 27 53 82 50 54 64 78 99 79 52 80 43 41 33 71 42 14 67 86 47 21 10 33 92 63 26 37 49 40 70 24 53 0 57 90 20 11 44 51 45 97 22 66 48 14 80 87 18 71 88 49 67 55 20 62 96 99 91 96 55 14 60 58 14 83 40 98 34 91 70 21 12 74 22 85 52 44
80 84 49 69 67 38 70 71 76 82 26 60 84 63 35 20 86 95 25 69 94 64 73 15 74 26 36 72 54 27 22 74 66 33 60 94 13 52 99 37 59 52 16 59 79 57 0 71 19 86 91 40 12 28 75 26 23 19 84 57 11 43 61 64 74 32 94 21 74 18 91 26 36 83 19 59 61 66 88 43 34 50 94 72 71 86 94 35 50 51
87 26 23 91 43 34 73 84 84 34 25 99 28 61 28 34 62 72 92 55 55 16 21 99 10 35 87 20 72 40 23 42 99 46 93 99 37 20 62 16 50 24 39 23 79 90 71 0 89 47 11 94 80 37 25 19 10 73 15 82 31 56 69 89 62 97 88 42 82 42 30 29 74 26 73 24 83 64 67 62 48 77 64 58 60 97 72 60 55 31
65 45 43 53 75 48 80 21 68 41 14 30 22 88 66 38 26 74 95 92 50 11 71 30 22 17 45 60 79 31 45 55 64 15 97 66 12 39 67 57 16 42 61 89 72 20 19 89 0 70 43 96 40 58 87 16 90 93 82 13 40 84 38 61 70 15 67 52 83 96 95 41 78 44 92 72 40 19 57 27 58 50 17 16 28 82 24 61 71 81
89 56 18 58 64 81 89 38 67 95 70 86 97 97 83 59 95 25 23 33 64 98 96 79 23 64 98 41 14 91 16 40 70 38 23 38 66 98 79 32 90 76 50 11 59 11 86 47 70 0 13 77 57 68 57 10 32 37 48 12 79 12 64 46 20 93 53 78 86 40 23 28 86 27 50 80 37 61 43 48 31 79 45 64 76 64 26 33 68 85
85 19 54 67 44 56 60 84 49 66 49 13 89 26 80 90 86 82 75 41 78 49 14 13 43 47 37 48 67 53 41 65 46 40 71 43 91 19 26 71 94 92 52 65 85 44 91 11 43 13 0 51 25 83 81 31 81 16 83 36 82 97 67 23 73 60 39 82 48 97 95 94 74 92 79 75 52 25 14 49 71 79 75 54 80 12 10 91 36 30
46 69 61 47 67 34 94 50 81 74 43 59 18 68 47 57 65 28 51 75 38 16 24 82 11 65 83 48 61 64 71 93 91 46 73 33 62 94 66 40 14 12 30 32 24 51 40 94 96 77 51 0 48 16 63 49 59 18 71 25 43 48 96 53 43 85 93 21 54 76 48 88 65 67 56 52 84 50 49 27 37 12 39 99 82 35 13 44 12 12
77 23 29 74 40 73 98 90 45 49 16 76 73 84 25 89 33 99 16 43 37 70 70 39 28 22 40 71 24 17 18 73 81 82 16 93 67 98 41 15 51 21 24 42 38 45 12 80 40 57 25 48 0 75 95 96 98 90 37 38 30 77 81 35 24 45 52 10 65 93 57 54 47 53 56 46 10 36 49 79 67 70 97 34 66 49 14 97 52 91
58 42 79 66 24 95 40 41 50 81 28 84 90 55 93 93 99 97 44 57 81 83 91 19 13 59 46 78 94 35 87 87 13 99 69 80 50 30 41 78 10 98 92 14 97 97 28 37 58 68 83 16 75 0 13 28 19 62 28 59 35 96 91 65 49 68 36 60 10 40 31 85 91 86 58 54 40 29 45 95 18 79 65 19 60 57 99 85 36 45
83 64 84 12 27 48 69 11 61 65 15 58 97 47 55 41 46 27 25 34 69 13 48 85 15 41 41 37 81 28 66 22 24 45 85 89 69 38 85 41 89 83 41 51 64 22 75 25 87 57 81 63 95 13 0 11 53 36 92 25 51 87 53 87 67 53 78 38 68 32 35 77 73 78 24 22 41 69 23 38 92 71 60 74 26 44 35 15 22 71
89 53 68 71 52 14 55 13 37 15 22 67 89 56 51 34 57 57 92 57 63 80 35 44 25 24 58 37 28 14 58 63 92 22 71 78 29 59 61 33 12 14 82 49 75 66 26 19 16 10 31 49 96 28 11 0 47 31 34 10 56 88 37 74 64 42 84 54 21 75 24 81 51 68 58 85 46 77 86 69 51 46 69 84 56 71 29 37 88 93
82 55 74 78 99 94 48 14 71 20 10 14 91 40 87 75 75 41 61 87 47 53 51 49 73 62 76 53 74 96 53 11 84 77 48 70 42 87 70 82 31 78 18 98 44 48 23 10 90 32 81 59 98 19 53 47 0 73 43 56 21 43 39 42 12 27 82 83 54 35 24 24 13 44 91 43 55 59 70 55 27 28 30 71 55 56 10 34 57 99
29 87 79 88 95 50 57 98 10 36 60 90 35 21 42 38 31 40 43 96 77 75 93 93 42 84 49 28 49 58 10 98 52 53 71 89 10 78 55 72 95 63 96 73 16 14 19 73 93 37 16 18 90 62 36 31 73 0 72 32 64 18 22 85 92 86 74 67 65 87 42 56 67 98 83 11 83 30 71 59 60 54 44 79 55 17 74 43 42 23
51 93 35 76 77 87 30 15 81 33 83 89 21 52 84 83 95 21 65 62 82 94 53 26 55 35 49 26 31 34 30 58 59 70 87 66 44 55 84 69 79 16 44 66 24 80 84 15 82 48 83 71 37 28 92 34 43 72 0 45 67 40 12 74 85 94 47 85 15 89 83 14 40 52 10 53 93 31 78 92 44 63 32 97 69 63 28 34 72 27
51 65 20 11 16 85 46 91 38 41 23 56 96 74 19 17 25 72 23 43 14 64 86 75 40 82 11 11 43 50 47 31 90 72 46 95 14 77 23 30 28 11 31 83 15 87 57 82 13 12 36 25 38 59 25 10 56 32 45 0 92 76 54 69 66 79 95 24 45 35 51 47 70 63 17 20 25 17 73 48 82 91 88 66 80 79 24 48 91 38
82 25 86 12 23 10 72 79 47 88 77 84 12 27 23 65 68 25 53 77 51 12 19 39 51 84 83 73 11 24 47 71 14 19 72 53 89 85 91 23 46 41 47 42 94 18 11 31 40 79 82 43 30 35 51 56 21 64 67 92 0 70 52 69 72 26 70 42 61 68 45 50 29 29 85 33 66 88 15 52 97 93 23 84 37 93 12 89 34 70
89 58 47 23 46 22 62 88 15 11 13 80 68 64 58 14 81 72 59 79 92 34 67 81 58 73 60 41 75 43 96 63 36 64 97 52 90 84 67 20 35 12 66 49 88 71 43 56 84 12 97 48 77 96 87 88 43 18 40 76 70 0 65 33 58 58 29 25 53 44 42 15 19 62 31 38 92 29 43 74 90 80 48 69 41 95 51 76 70 17
92 20 63 54 26 19 96 22 50 38 94 35 69 18 65 28 23 39 33 25 63 41 10 65 17 24 62 10 21 86 26 40 29 68 19 34 36 92 93 19 62 75 80 47 56 88 61 69 38 64 67 96 81 91 53 37 39 22 12 54 52 65 0 25 17 36 11 82 63 47 25 20 20 50 79 82 72 53 19 87 24 90 41 81 73 45 95 16 55 97
40 50 57 87 50 76 79 30 36 34 46 23 32 15 23 26 40 15 58 19 95 12 52 13 74 11 34 85 42 98 53 78 92 73 41 13 76 45 18 49 30 19 92 84 76 49 64 89 61 46 23 53 35 65 87 74 42 85 74 69 69 33 25 0 13 23 46 93 95 29 90 12 62 65 25 98 54 29 82 20 36 91 63 50 29 82 50 16 51 18
50 29 34 21 41 47 77 19 96 39 18 12 43 60 93 28 36 25 59 60 57 62 46 28 14 30 47 16 67 20 47 54 36 99 50 51 97 26 59 97 82 72 49 59 80 67 74 62 70 20 73 43 24 49 67 64 12 92 85 66 72 58 17 13 0 14 48 26 88 78 78 55 79 93 35 79 65 92 97 96 30 98 56 50 84 20 73 98 56 72
82 16 74 53 59 47 46 55 35 58 54 23 61 50 66 71 80 67 16 45 81 30 93 68 36 12 50 86 14 91 77 89 66 91 63 75 38 69 99 81 93 62 90 84 60 55 32 97 15 93 60 85 45 68 53 42 27 86 94 79 26 58 36 23 14 0 32 47 15 30 61 84 22 57 64 62 53 69 59 49 63 44 14 86 11 86 25 59 15 43
18 57 11 70 37 42 85 93 28 39 75 74 63 95 77 70 15 74 63 77 28 65 58 95 39 41 57 99 33 56 39 16 81 73 81 95 91 79 10 96 26 23 13 25 85 20 94 88 67 53 39 93 52 36 78 84 82 74 47 95 70 29 11 46 48 32 0 82 70 27 49 85 61 64 43 54 26 83 89 41 76 64 20 33 50 50 66 49 21 41
46 42 42 69 72 26 96 68 50 38 44 40 15 61 93 17 34 46 12 35 79 51 72 14 11 61 74 86 87 56 96 23 80 14 47 32 64 71 66 76 18 83 12 56 29 62 21 42 52 78 82 21 10 60 38 54 83 67 85 24 42 25 82 93 26 47 82 0 71 86 36 82 68 71 86 90 13 39 11 87 32 92 51 26 24 31 44 74 71 51
14 29 53 10 36 21 16 54 28 76 36 63 13 41 90 85 81 73 79 66 92 21 70 30 10 48 46 87 95 64 52 34 50 67 45 56 94 34 63 45 29 33 27 55 92 96 74 82 83 86 48 54 65 10 68 21 54 65 15 45 61 53 63 95 88 15 70 71 0 87 11 30 82 83 74 35 59 82 95 55 38 55 98 42 84 62 80 62 29 16
48 97 93 25 21 47 66 14 28 61 17 19 58 85 87 80 82 44 19 48 33 80 94 48 41 85 30 85 80 33 12 10 71 52 60 71 43 49 71 16 20 49 85 62 14 99 18 42 96 40 97 76 93 40 32 75 35 87 89 35 68 44 47 29 78 30 27 86 87 0 97 76 59 75 88 16 93 34 13 46 76 12 58 72 44 28 83 90 19 26
94 99 32 15 80 78 38 24 41 41 23 52 20 55 13 50 21 89 75 35 75 18 18 28 66 41 53 35 34 26 65 66 88 42 33 22 76 77 65 58 95 71 50 78 97 91 91 30 95 23 95 48 57 31 35 24 24 42 83 51 45 42 25 90 78 61 49 36 11 97 0 80 83 26 71 81 71 70 91 38 31 55 87 22 93 46 76 68 80 44
55 17 49 56 26 65 26 87 38 73 20 32 73 80 98 37 22 30 67 82 66 95 29 74 99 52 23 25 19 83 35 77 38 66 89 43 44 89 16 51 38 81 48 50 18 96 26 29 41 28 94 88 54 85 77 81 24 56 14 47 50 15 20 12 55 84 85 82 30 76 80 0 16 31 12 73 79 54 61 73 41 12 12 32 46 36 60 22 75 59
40 49 47 86 84 41 49 32 63 22 66 96 12 84 14 98 50 33 91 98 44 71 60 71 89 86 48 54 35 84 12 14 74 60 88 35 73 71 89 61 16 59 46 79 70 55 36 74 78 86 74 65 47 91 73 51 13 67 40 70 29 19 20 62 79 22 61 68 82 59 83 16 0 91 47 80 38 64 51 69 83 73 93 82 40 22 47 13 83 28
85 96 28 49 87 13 26 11 26 45 22 81 90 95 11 10 75 69 78 35 51 55 53 75 66 57 19 49 27 42 89 87 72 58 16 57 11 84 81 51 67 60 92 51 60 14 83 26 44 27 92 67 53 86 78 68 44 98 52 63 29 62 50 65 93 57 64 71 83 75 26 31 91 0 21 38 80 44 59 30 28 87 61 91 55 32 20 83 87 65
29 32 94 75 54 25 34 15 12 86 48 86 89 92 74 78 34 77 92 97 26 20 78 47 51 22 23 21 74 68 44 70 14 73 92 93 48 82 90 17 66 78 84 49 36 60 19 73 92 50 79 56 56 58 24 58 91 83 10 17 85 31 79 25 35 64 43 86 74 88 71 12 47 21 0 10 46 66 52 72 72 25 19 55 67 61 60 34 33 60
47 92 11 64 74 44 74 60 13 34 68 71 79 78 71 19 21 59 47 24 31 57 22 38 90 31 97 50 23 98 33 33 57 11 93 12 17 37 40 47 21 80 40 96 60 58 59 24 72 80 75 52 46 54 22 85 43 11 53 20 33 38 82 98 79 62 54 90 35 16 81 73 80 38 10 0 80 83 22 28 42 43 58 83 11 53 81 81 59 82
56 56 28 85 14 43 45 81 30 76 27 11 81 92 73 39 20 96 50 43 90 80 60 90 95 31 35 95 93 43 53 17 49 51 43 96 36 12 91 29 76 24 50 88 43 14 61 83 40 37 52 84 10 40 41 46 55 83 93 25 66 92 72 54 65 53 26 13 59 93 71 79 38 80 46 80 0 74 46 50 18 10 42 85 96 54 92 53 51 67
45 62 45 87 20 60 67 66 63 55 20 97 50 69 33 69 87 80 29 82 40 46 38 97 21 28 52 37 29 31 94 16 71 16 59 53 71 21 28 47 91 29 35 37 64 83 66 64 19 61 25 50 36 29 69 77 59 30 31 17 88 29 53 29 92 69 83 39 82 34 70 54 64 44 66 83 74 0 45 27 94 99 78 49 37 65 42 83 25 81
27 68 99 82 83 72 21 66 84 98 26 49 49 15 36 85 70 94 93 50 84 32 11 53 14 30 54 69 75 45 12 54 86 34 70 83 38 98 45 93 93 62 37 18 83 40 88 67 57 43 14 49 49 45 23 86 70 71 78 73 15 43 19 82 97 59 89 11 95 13 91 61 51 59 52 22 46 45 0 73 89 19 84 99 34 31 17 69 26 42
63 48 74 36 60 18 76 24 26 12 84 36 89 64 80 34 29 94 26 17 21 50 27 73 58 32 44 80 57 59 88 52 71 83 48 72 47 47 17 65 52 67 59 10 24 98 43 62 27 48 49 27 79 95 38 69 55 59 92 48 52 74 87 20 96 49 41 87 55 46 38 73 69 30 72 28 50 27 73 0 59 74 32 72 69 42 44 19 27 54
36 29 66 30 37 20 52 11 99 82 61 68 65 11 62 14 42 71 63 73 99 28 89 85 60 11 39 71 30 54 73 81 16 75 85 50 77 22 86 47 17 30 24 93 11 34 34 48 58 31 71 37 67 18 92 51 27 60 44 82 97 90 24 36 30 63 76 32 38 76 31 41 83 28 72 42 18 94 89 59 0 82 94 50 88 54 48 73 40 85
66 91 74 82 13 46 88 89 62 78 17 34 81 19 97 77 60 56 74 19 63 49 17 71 45 79 16 70 11 19 78 88 41 51 92 53 38 13 57 28 39 97 81 60 52 91 50 77 50 79 79 12 70 79 71 46 28 54 63 91 93 80 90 91 98 44 64 92 55 12 55 12 73 87 25 43 10 99 19 74 82 0 86 30 46 52 57 33 51 98
67 30 91 59 37 91 39 45 22 37 97 84 86 46 83 29 49 39 19 36 43 26 38 14 17 86 13 45 61 13 58 45 26 34 83 98 27 17 64 18 60 14 70 13 63 70 94 64 17 45 75 39 97 65 60 69 30 44 32 88 23 48 41 63 56 14 20 51 98 58 87 12 93 61 19 58 42 78 84 32 94 86 0 43 84 27 95 43 48 36
28 70 58 56 28 11 55 31 38 54 62 39 37 78 20 46 21 62 58 42 65 66 31 20 90 15 52 85 87 61 78 17 71 77 69 32 79 94 42 73 95 97 55 57 14 21 72 58 16 64 54 99 34 19 74 84 71 79 97 66 84 69 81 50 50 86 33 26 42 72 22 32 82 91 55 83 85 49 99 72 50 30 43 0 98 28 38 74 13 59
21 88 86 78 44 79 99 93 91 54 34 10 21 12 68 13 22 31 93 76 55 37 15 56 88 21 87 54 13 47 74 43 67 93 21 84 10 73 61 42 20 17 61 74 86 12 71 60 28 76 80 82 66 60 26 56 55 55 69 80 37 41 73 29 84 11 50 24 84 44 93 46 40 55 67 11 96 37 34 69 88 46 84 98 0 89 67 98 30 20
38 13 47 78 69 13 94 55 55 89 74 58 86 93 69 92 65 70 57 94 61 76 79 49 25 70 37 44 34 44 39 93 76 20 17 26 26 19 98 52 90 75 85 98 94 74 86 97 82 64 12 35 49 57 44 71 56 17 63 79 93 95 45 82 20 86 50 31 62 28 46 36 22 32 61 53 54 65 31 42 54 52 27 28 89 0 81 95 50 47
81 12 29 86 91 58 49 69 27 75 25 92 28 30 15 60 68 30 68 40 37 21 60 53 12 35 23 47 29 56 46 51 31 70 28 49 86 12 92 97 87 16 44 79 68 22 94 72 24 26 10 13 14 99 35 29 10 74 28 24 12 51 95 50 73 25 66 44 80 83 76 60 47 20 60 81 92 42 17 44 48 57 95 38 67 81 0 15 31 24
10 68 77 31 36 76 36 83 63 58 98 18 88 57 95 52 31 40 96 36 56 69 68 90 75 87 88 37 92 84 70 25 23 85 27 60 32 81 13 95 32 49 74 24 60 85 35 60 61 33 91 44 97 85 15 37 34 43 34 48 89 76 16 16 98 59 49 74 62 90 68 22 13 83 34 81 53 83 69 19 73 33 43 74 98 95 15 0 71 93
28 59 30 18 59 34 55 79 11 77 54 29 63 56 11 89 81 24 27 41 24 72 42 98 94 78 32 13 26 94 98 33 78 88 13 44 26 99 35 65 21 14 22 92 53 52 50 55 71 68 36 12 52 36 22 88 57 42 72 91 34 70 55 51 56 15 21 71 29 19 80 75 83 87 33 59 51 25 26 27 40 51 48 13 30 50 31 71 0 51
24 59 53 16 16 26 61 26 40 18 73 24 48 44 35 43 95 86 47 39 32 64 92 49 96 74 15 28 14 51 78 39 13 77 47 97 32 61 48 59 62 73 18 88 47 44 51 31 81 85 30 12 91 45 71 93 99 23 27 38 70 17 97 18 72 43 41 51 16 26 44 59 28 65 60 82 67 81 42 54 85 98 36 59 20 47 24 93 51 0