65
0 76 70 75 53 67 51 83 29 18 16 28 33 38 16 78 46 54 98 88 51 97 50 27 40 78 42 15 88 71 20 19 94 50 61 58 84 89 78 18 83 57 53 37 14 95 33 76 44 72 41 50 89 75 18 96 45 19 37 92 52 25 86 79 67
76 0 38 83 30 61 92 57 50 18 35 47 73 61 57 82 78 34 50 37 54 70 90 48 85 70 81 44 73 60 35 19 47 24 98 41 54 16 96 28 63 80 80 96 40 64 39 84 54 47 92 90 78 82 54 44 11 86 22 16 64 29 76 12 21
70 38 0 31 39 88 36 33 87 21 98 20 35 44 83 36 32 40 81 62 73 48 33 27 10 20 72 13 35 10 35 61 93 72 46 78 64 28 56 36 21 40 74 55 49 56 55 65 92 48 38 42 17 74 26 19 36 93 72 36 38 23 43 17 45
75 83 31 0 43 99 38 70 68 71 49 34 84 97 84 34 45 91 56 29 18 65 96 26 26 24 92 13 83 94 75 71 39 75 19 82 82 95 63 40 12 90 94 90 31 29 33 57 38 97 46 11 37 43 71 45 32 74 48 41 17 75 42 71 70
53 30 39 43 0 85 56 58 61 46 19 68 82 15 96 12 24 75 20 25 12 52 12 99 20 33 20 31 65 60 49 26 57 73 35 25 90 10 51 53 85 57 73 68 59 20 74 16 78 79 42 26 10 59 77 91 57 46 52 77 53 95 98 25 56
67 61 88 99 85 0 85 90 87 71 33 83 60 88 25 35 54 17 50 76 79 98 33 50 27 46 34 74 40 74 45 17 80 76 35 82 91 28 18 22 98 72 63 30 13 91 98 97 49 46 24 40 47 67 95 65 10 38 66 54 89 73 28 61 53
51 92 36 38 56 85 0 15 87 45 14 49 68 72 85 57 44 82 32 58 32 53 89 48 62 13 80 54 35 97 13 12 94 40 11 28 15 53 19 70 11 62 96 31 21 12 15 75 75 70 92 60 71 13 48 31 76 95 33 38 89 29 63 87 75
83 57 33 70 58 90 15 0 87 17 33 26 83 79 56 22 27 90 96 29 97 63 10 33 57 75 27 63 77 14 92 30 46 72 14 11 88 61 56 12 43 45 89 53 80 51 23 41 23 27 83 15 43 55 47 86 22 18 92 44 13 35 54 74 68
29 50 87 68 61 87 87 87 0 24 26 72 46 65 22 53 97 98 85 82 18 36 66 75 17 91 16 81 41 27 90 60 13 45 63 29 81 52 31 31 93 93 48 81 40 21 54 42 22 82 69 93 85 58 36 32 31 63 42 20 26 73 63 57 56
18 18 21 71 46 71 45 17 24 0 42 81 82 17 53 75 67 47 61 33 27 14 37 82 80 73 98 80 56 42 69 11 99 78 62 33 29 10 22 22 21 81 18 10 23 70 73 92 57 23 64 41 99 38 28 80 86 70 99 83 71 60 92 63 64
16 35 98 49 19 33 14 33 26 42 0 35 12 35 47 37 43 33 99 24 77 23 73 17 21 41 42 49 77 81 39 43 30 19 62 76 55 15 55 30 50 90 40 46 45 42 45 79 75 48 53 63 96 53 33 88 52 95 57 30 71 23 43 47 17
28 47 20 34 68 83 49 26 72 81 35 0 25 73 32 93 91 21 40 20 43 93 45 13 38 79 67 12 30 39 98 17 55 21 10 82 56 54 39 69 95 89 16 66 58 71 23 34 14 51 39 93 18 13 55 79 67 40 77 47 26 73 65 69 28
33 73 35 84 82 60 68 83 46 82 12 25 0 24 58 14 58 51 94 65 96 75 81 28 47 88 43 28 38 10 72 66 51 79 87 26 12 96 58 67 16 76 16 60 11 43 32 71 12 69 97 64 38 60 55 21 20 79 61 29 54 51 20 77 91
38 61 44 97 15 88 72 79 65 17 35 73 24 0 79 27 31 74 79 40 28 64 34 88 99 80 67 91 74 71 49 58 38 78 37 80 54 23 20 84 82 66 44 43 30 81 27 65 61 46 61 77 77 96 71 17 52 50 64 37 65 69 36 55 58
16 57 83 84 96 25 85 56 22 53 47 32 58 79 0 93 48 46 41 23 54 40 92 61 30 41 75 23 28 41 96 68 59 72 27 58 76 80 72 77 70 12 41 37 95 85 69 65 33 42 28 32 95 60 56 50 37 74 87 52 40 25 93 27 59
78 82 36 34 12 35 57 22 53 75 37 93 14 27 93 0 61 78 95 97 17 17 54 65 85 10 92 70 18 67 76 55 49 81 84 21 74 55 78 79 86 45 31 19 78 74 33 29 90 93 21 78 24 95 26 48 40 10 68 78 60 31 42 22 88
46 78 32 45 24 54 44 27 97 67 43 91 58 31 48 61 0 26 14 21 40 66 33 53 68 98 87 37 85 17 22 14 85 53 16 10 16 89 17 66 91 34 76 46 48 95 72 66 68 45 69 69 69 66 24 85 90 67 29 18 37 35 97 79 39
54 34 40 91 75 17 82 90 98 47 33 21 51 74 46 78 26 0 60 28 89 62 96 12 32 63 48 61 86 93 48 13 20 31 69 87 26 15 98 57 41 57 65 90 64 24 27 31 22 82 51 47 90 11 43 40 83 60 43 73 91 23 97 31 93
98 50 81 56 20 50 32 96 85 61 99 40 94 79 41 95 14 60 0 78 67 59 28 91 89 42 11 51 70 83 62 17 12 98 33 29 92 62 67 66 27 50 55 91 28 71 50 52 39 86 58 12 34 10 85 58 91 77 39 82 76 50 11 94 22
88 37 62 29 25 76 58 29 82 33 24 20 65 40 23 97 21 28 78 0 55 61 71 31 99 24 40 39 17 75 27 91 15 86 14 79 29 50 25 72 52 81 11 97 81 22 84 32 41 60 61 93 73 59 23 29 98 84 49 22 62 24 51 89 33
51 54 73 18 12 79 32 97 18 27 77 43 96 28 54 17 40 89 67 55 0 19 48 58 67 38 96 21 64 97 76 11 94 98 32 43 98 65 83 93 16 73 56 27 60 10 33 87 35 26 50 77 87 13 31 99 42 25 22 95 34 60 87 55 68
97 70 48 65 52 98 53 63 36 14 23 93 75 64 40 17 66 62 59 61 19 0 35 98 76 21 23 71 35 51 15 87 53 20 27 23 77 43 71 15 96 84 46 43 17 48 54 94 74 10 76 76 77 27 15 67 48 53 65 17 69 60 33 10 75
50 90 33 96 12 33 89 10 66 37 73 45 81 34 92 54 33 96 28 71 48 35 0 68 59 85 27 61 95 26 41 25 31 91 30 97 68 46 13 45 85 28 44 27 13 46 62 59 18 35 33 96 88 46 29 32 24 84 12 72 93 68 34 58 44
27 48 27 26 99 50 48 33 75 82 17 13 28 88 61 65 53 12 91 31 58 98 68 0 97 65 69 73 51 49 75 21 63 97 51 41 40 28 48 85 19 79 88 82 34 26 42 26 14 34 81 80 30 83 62 59 63 47 46 55 94 92 32 67 57
40 85 10 26 20 27 62 57 17 80 21 38 47 99 30 85 68 32 89 99 67 76 59 97 0 45 93 51 82 54 26 37 88 84 93 64 62 65 70 86 79 25 26 85 51 39 21 55 58 79 44 75 98 88 86 27 47 72 21 47 59 37 95 17 21
78 70 20 24 33 46 13 75 91 73 41 79 88 80 41 10 98 63 42 24 38 21 85 65 45 0 49 86 15 45 66 54 50 12 33 42 70 90 30 78 55 49 39 42 20 70 68 22 87 85 63 73 95 45 48 26 32 89 17 90 70 72 18 17 44
42 81 72 92 20 34 80 27 16 98 42 67 43 67 75 92 87 48 11 40 96 23 27 69 93 49 0 85 78 46 55 73 46 57 14 18 49 17 36 26 53 68 14 13 17 82 66 73 58 54 11 23 20 56 88 23 96 57 24 80 66 57 35 67 12
15 44 13 13 31 74 54 63 81 80 49 12 28 91 23 70 37 61 51 39 21 71 61 73 51 86 85 0 90 33 22 69 65 32 14 30 58 47 25 22 48 98 91 55 62 24 53 50 19 97 70 83 19 45 15 60 65 12 44 76 59 74 37 84 76
88 73 35 83 65 40 35 77 41 56 77 30 38 74 28 18 85 86 70 17 64 35 95 51 82 15 78 90 0 29 49 19 95 33 62 43 37 51 53 69 65 77 17 82 86 35 55 46 45 91 21 78 60 54 49 99 46 64 63 59 85 16 28 83 86
71 60 10 94 60 74 97 14 27 42 81 39 10 71 41 67 17 93 83 75 97 51 26 49 54 45 46 33 29 0 19 59 28 87 92 26 34 91 70 47 85 13 29 40 52 93 17 96 29 36 74 21 76 66 57 86 73 66 36 66 11 26 86 85 16
20 35 35 75 49 45 13 92 90 69 39 98 72 49 96 76 22 48 62 27 76 15 41 75 26 66 55 22 49 19 0 68 49 33 34 89 79 95 95 56 42 74 55 16 31 82 65 51 44 88 16 58 55 34 48 54 64 57 59 82 53 54 52 80 71
19 19 61 71 26 17 12 30 60 11 43 17 66 58 68 55 14 13 17 91 11 87 25 21 37 54 73 69 19 59 68 0 39 65 27 13 29 32 46 93 38 41 29 82 41 52 15 11 72 39 10 21 18 78 11 90 36 44 38 63 11 13 16 42 56
94 47 93 39 57 80 94 46 13 99 30 55 51 38 59 49 85 20 12 15 94 53 31 63 88 50 46 65 95 28 49 39 0 10 10 66 89 82 65 23 55 48 39 46 92 79 92 17 66 50 15 72 80 85 97 77 87 74 67 67 76 54 40 96 75
50 24 72 75 73 76 40 72 45 78 19 21 79 78 72 81 53 31 98 86 98 20 91 97 84 12 57 32 33 87 33 65 10 0 98 97 99 43 98 35 93 50 37 33 38 97 28 41 55 48 93 92 57 30 78 62 97 67 84 69 18 33 71 20 17
61 98 46 19 35 35 11 14 63 62 62 10 87 37 27 84 16 69 33 14 32 27 30 51 93 33 14 14 62 92 34 27 10 98 0 74 20 48 49 75 15 54 59 90 15 27 73 81 21 13 34 76 64 60 74 63 58 49 33 91 86 69 37 63 10
58 41 78 82 25 82 28 11 29 33 76 82 26 80 58 21 10 87 29 79 43 23 97 41 64 42 18 30 43 26 89 13 66 97 74 0 36 37 49 73 68 39 67 58 89 10 98 71 68 84 75 32 94 97 48 44 86 12 25 46 50 13 32 46 35
84 54 64 82 90 91 15 88 81 29 55 56 12 54 76 74 16 26 92 29 98 77 68 40 62 70 49 58 37 34 79 29 89 99 20 36 0 26 87 81 40 17 73 89 52 22 52 41 53 63 12 49 60 62 92 17 15 53 96 79 27 54 50 32 78
89 16 28 95 10 28 53 61 52 10 15 54 96 23 80 55 89 15 62 50 65 43 46 28 65 90 17 47 51 91 95 32 82 43 48 37 26 0 14 85 56 98 39 74 37 75 84 91 76 37 95 14 19 68 57 47 99 57 85 13 48 88 15 32 24
78 96 56 63 51 18 19 56 31 22 55 39 58 20 72 78 17 98 67 25 83 71 13 48 70 30 36 25 53 70 95 46 65 98 49 49 87 14 0 11 36 83 10 78 42 59 67 16 78 70 17 15 44 24 87 34 17 32 38 67 35 74 18 35 65
18 28 36 40 53 22 70 12 31 22 30 69 67 84 77 79 66 57 66 72 93 15 45 85 86 78 26 22 69 47 56 93 23 35 75 73 81 85 11 0 82 91 99 49 18 46 49 40 31 40 88 62 77 96 58 42 40 50 55 59 30 81 82 30 38
83 63 21 12 85 98 11 43 93 21 50 95 16 82 70 86 91 41 27 52 16 96 85 19 79 55 53 48 65 85 42 38 55 93 15 68 40 56 36 82 0 63 18 30 58 77 82 40 56 67 88 93 18 39 11 64 53 72 64 83 98 69 66 42 46
57 80 40 90 57 72 62 45 93 81 90 89 76 66 12 45 34 57 50 81 73 84 28 79 25 49 68 98 77 13 74 41 48 50 54 39 17 98 83 91 63 0 29 48 78 50 18 58 94 58 12 44 92 20 58 91 16 69 77 67 34 26 32 74 22
53 80 74 94 73 63 96 89 48 18 40 16 16 44 41 31 76 65 55 11 56 46 44 88 26 39 14 91 17 29 55 29 39 37 59 67 73 39 10 99 18 29 0 40 47 91 55 59 93 81 48 12 86 58 14 42 61 85 12 78 27 31 91 91 37
37 96 55 90 68 30 31 53 81 10 46 66 60 43 37 19 46 90 91 97 27 43 27 82 85 42 13 55 82 40 16 82 46 33 90 58 89 74 78 49 30 48 40 0 93 22 28 37 21 37 67 35 85 18 96 57 12 16 11 46 10 29 46 29 99
14 40 49 31 59 13 21 80 40 23 45 58 11 30 95 78 48 64 28 81 60 17 13 34 51 20 17 62 86 52 31 41 92 38 15 89 52 37 42 18 58 78 47 93 0 17 27 24 13 39 52 31 17 14 37 94 35 23 19 28 48 41 59 68 41
95 64 56 29 20 91 12 51 21 70 42 71 43 81 85 74 95 24 71 22 10 48 46 26 39 70 82 24 35 93 82 52 79 97 27 10 22 75 59 46 77 50 91 22 17 0 69 56 62 39 15 94 65 51 98 72 37 35 62 22 62 93 88 32 82
33 39 55 33 74 98 15 23 54 73 45 23 32 27 69 33 72 27 50 84 33 54 62 42 21 68 66 53 55 17 65 15 92 28 73 98 52 84 67 49 82 18 55 28 27 69 0 63 21 32 38 50 69 35 88 29 12 72 62 17 75 90 80 28 94
76 84 65 57 16 97 75 41 42 92 79 34 71 65 65 29 66 31 52 32 87 94 59 26 55 22 73 50 46 96 51 11 17 41 81 71 41 91 16 40 40 58 59 37 24 56 63 0 49 89 79 23 31 26 73 81 11 18 63 81 77 34 28 33 41
44 54 92 38 78 49 75 23 22 57 75 14 12 61 33 90 68 22 39 41 35 74 18 14 58 87 58 19 45 29 44 72 66 55 21 68 53 76 78 31 56 94 93 21 13 62 21 49 0 24 88 32 86 26 60 84 75 97 16 41 75 64 33 97 20
72 47 48 97 79 46 70 27 82 23 48 51 69 46 42 93 45 82 86 60 26 10 35 34 79 85 54 97 91 36 88 39 50 48 13 84 63 37 70 40 67 58 81 37 39 39 32 89 24 0 54 79 54 74 29 14 61 71 39 55 13 80 25 30 63
41 92 38 46 42 24 92 83 69 64 53 39 97 61 28 21 69 51 58 61 50 76 33 81 44 63 11 70 21 74 16 10 15 93 34 75 12 95 17 88 88 12 48 67 52 15 38 79 88 54 0 96 92 74 42 71 70 74 69 68 92 67 18 95 36
50 90 42 11 26 40 60 15 93 41 63 93 64 77 32 78 69 47 12 93 77 76 96 80 75 73 23 83 78 21 58 21 72 92 76 32 49 14 15 62 93 44 12 35 31 94 50 23 32 79 96 0 62 22 71 98 89 69 63 86 16 92 44 16 97
89 78 17 37 10 47 71 43 85 99 96 18 38 77 95 24 69 90 34 73 87 77 88 30 98 95 20 19 60 76 55 18 80 57 64 94 60 19 44 77 18 92 86 85 17 65 69 31 86 54 92 62 0 21 23 33 83 86 60 56 17 61 26 66 74
75 82 74 43 59 67 13 55 58 38 53 13 60 96 60 95 66 11 10 59 13 27 46 83 88 45 56 45 54 66 34 78 85 30 60 97 62 68 24 96 39 20 58 18 14 51 35 26 26 74 74 22 21 0 60 93 35 38 54 73 81 77 31 90 82
18 54 26 71 77 95 48 47 36 28 33 55 55 71 56 26 24 43 85 23 31 15 29 62 86 48 88 15 49 57 48 11 97 78 74 48 92 57 87 58 11 58 14 96 37 98 88 73 60 29 42 71 23 60 0 45 32 12 18 10 58 50 38 40 90
96 44 19 45 91 65 31 86 32 80 88 79 21 17 50 48 85 40 58 29 99 67 32 59 27 26 23 60 99 86 54 90 77 62 63 44 17 47 34 42 64 91 42 57 94 72 29 81 84 14 71 98 33 93 45 0 83 83 68 64 69 77 94 98 12
45 11 36 32 57 10 76 22 31 86 52 67 20 52 37 40 90 83 91 98 42 48 24 63 47 32 96 65 46 73 64 36 87 97 58 86 15 99 17 40 53 16 61 12 35 37 12 11 75 61 70 89 83 35 32 83 0 52 78 86 38 75 89 14 68
19 86 93 74 46 38 95 18 63 70 95 40 79 50 74 10 67 60 77 84 25 53 84 47 72 89 57 12 64 66 57 44 74 67 49 12 53 57 32 50 72 69 85 16 23 35 72 18 97 71 74 69 86 38 12 83 52 0 28 78 37 29 23 66 70
37 22 72 48 52 66 33 92 42 99 57 77 61 64 87 68 29 43 39 49 22 65 12 46 21 17 24 44 63 36 59 38 67 84 33 25 96 85 38 55 64 77 12 11 19 62 62 63 16 39 69 63 60 54 18 68 78 28 0 28 73 13 73 86 32
92 16 36 41 77 54 38 44 20 83 30 47 29 37 52 78 18 73 82 22 95 17 72 55 47 90 80 76 59 66 82 63 67 69 91 46 79 13 67 59 83 67 78 46 28 22 17 81 41 55 68 86 56 73 10 64 86 78 28 0 91 30 76 76 14
52 64 38 17 53 89 89 13 26 71 71 26 54 65 40 60 37 91 76 62 34 69 93 94 59 70 66 59 85 11 53 11 76 18 86 50 27 48 35 30 98 34 27 10 48 62 75 77 75 13 92 16 17 81 58 69 38 37 73 91 0 74 63 48 37
25 29 23 75 95 73 29 35 73 60 23 73 51 69 25 31 35 23 50 24 60 60 68 92 37 72 57 74 16 26 54 13 54 33 69 13 54 88 74 81 69 26 31 29 41 93 90 34 64 80 67 92 61 77 50 77 75 29 13 30 74 0 57 73 47
86 76 43 42 98 28 63 54 63 92 43 65 20 36 93 42 97 97 11 51 87 33 34 32 95 18 35 37 28 86 52 16 40 71 37 32 50 15 18 82 66 32 91 46 59 88 80 28 33 25 18 44 26 31 38 94 89 23 73 76 63 57 0 34 97
79 12 17 71 25 61 87 74 57 63 47 69 77 55 27 22 79 31 94 89 55 10 58 67 17 17 67 84 83 85 80 42 96 20 63 46 32 32 35 30 42 74 91 29 68 32 28 33 97 30 95 16 66 90 40 98 14 66 86 76 48 73 34 0 56
67 21 45 70 56 53 75 68 56 64 17 28 91 58 59 88 39 93 22 33 68 75 44 57 21 44 12 76 86 16 71 56 75 17 10 35 78 24 65 38 46 22 37 99 41 82 94 41 20 63 36 97 74 82 90 12 68 70 32 14 37 47 97 56 0