85
0 31 13 39 53 29 13 82 75 97 18 32 87 26 70 48 31 38 98 74 89 17 14 41 38 70 79 92 25 75 86 40 78 78 81 78 88 88 80 86 17 14 73 78 23 10 22 93 33 42 85 24 64 98 71 33 16 12 13 74 88 20 82 82 95 46 14 70 85 25 19 72 94 47 37 27 10 14 65 96 50 77 10 20 62
31 0 23 20 62 83 25 60 55 97 43 13 74 82 17 63 61 42 47 83 20 35 17 87 23 52 93 69 74 29 16 55 92 40 19 80 37 28 82 59 57 45 61 81 44 80 44 84 41 11 58 32 41 46 69 60 77 42 66 84 73 41 92 51 38 78 42 96 84 11 43 34 54 19 30 74 52 87 35 27 73 47 80 58 10
13 23 0 73 22 30 49 41 86 83 33 35 79 33 82 92 29 92 17 37 74 36 55 98 96 83 69 47 27 76 42 63 10 84 90 15 33 92 89 12 97 44 43 95 61 42 25 17 53 17 87 11 60 38 16 80 64 66 99 99 46 82 82 59 89 78 31 28 30 95 96 14 58 71 79 52 86 98 68 79 31 47 24 23 98
39 20 73 0 78 74 57 44 30 62 36 96 38 11 94 23 96 36 48 84 69 32 58 54 33 21 99 70 32 67 94 19 23 27 14 92 12 76 41 78 55 59 51 63 58 26 96 58 18 96 64 16 71 59 14 32 10 66 64 10 38 29 48 91 85 24 60 96 62 20 56 83 83 93 23 11 26 32 77 78 91 75 98 90 37
53 62 22 78 0 75 47 51 37 61 16 38 72 78 97 39 28 91 95 82 33 49 64 58 71 73 84 81 78 78 98 23 55 54 93 27 59 82 87 79 53 31 58 54 94 13 70 23 14 85 74 38 72 58 59 62 45 68 42 96 49 96 33 98 49 65 21 98 61 73 79 38 98 90 28 79 36 13 62 51 32 72 30 41 60
29 83 30 74 75 0 80 26 10 87 17 86 64 42 13 98 11 13 60 28 78 91 10 64 63 97 28 44 31 96 32 25 93 74 85 71 91 94 50 56 53 93 48 21 24 51 24 44 59 87 44 79 52 82 28 91 63 50 96 94 78 41 36 12 96 66 75 86 12 85 81 81 24 95 32 74 99 77 25 58 55 95 38 63 55
13 25 49 57 47 80 0 74 72 26 34 61 14 75 33 44 96 53 24 55 42 85 31 54 47 29 41 22 68 15 35 54 51 34 47 74 99 60 91 32 10 32 10 71 30 37 15 46 10 64 30 30 11 51 32 94 30 12 41 57 60 61 66 22 12 17 74 89 99 85 45 88 96 30 21 68 75 39 58 47 97 59 62 48 77
82 60 41 44 51 26 74 0 35 50 22 65 42 35 95 36 53 25 93 80 84 61 41 13 87 28 33 15 40 76 87 27 64 73 36 37 32 83 32 35 56 25 97 68 34 59 63 20 66 80 11 96 75 88 66 99 63 41 33 91 77 77 75 46 90 20 47 96 31 22 38 51 40 37 18 28 82 26 87 50 75 11 40 61 99
75 55 86 30 37 10 72 35 0 24 93 53 97 83 79 86 85 62 50 86 42 14 51 14 20 61 19 50 16 99 28 73 98 29 29 88 49 78 50 58 10 63 69 19 71 19 43 94 86 66 78 47 49 78 57 25 49 69 43 16 94 83 25 61 61 23 98 91 64 46 51 38 77 91 17 13 31 77 37 43 54 56 92 76 94
97 97 83 62 61 87 26 50 24 0 75 69 94 76 44 50 46 41 67 56 30 90 10 88 36 15 58 92 64 57 32 51 75 49 64 83 46 79 42 77 73 72 62 31 18 19 22 17 61 46 77 51 24 30 17 83 77 44 41 43 32 73 46 69 46 86 30 38 57 27 85 28 71 29 67 93 80 40 96 79 70 31 17 24 18
18 43 33 36 16 17 34 22 93 75 0 92 35 91 52 71 98 17 90 69 63 50 42 44 20 48 39 68 78 21 75 26 51 92 52 73 84 54 48 91 30 75 52 95 33 66 93 70 56 66 57 10 30 52 91 22 59 86 33 36 62 81 67 78 56 32 69 99 60 36 43 20 52 39 64 89 88 83 90 70 50 92 85 55 20
32 13 35 96 38 86 61 65 53 69 92 0 88 70 88 71 99 77 18 38 56 36 58 82 38 21 72 38 68 58 65 23 65 50 26 93 74 34 83 31 58 62 96 63 70 16 77 99 40 40 34 69 18 79 20 17 71 49 84 91 53 48 62 34 71 11 83 16 16 34 25 85 12 23 26 40 52 83 48 49 29 46 38 70 50
87 74 79 38 72 64 14 42 97 94 35 88 0 36 77 96 99 87 99 77 12 62 68 71 47 76 62 75 62 28 23 70 66 99 57 57 82 68 37 20 56 97 98 41 94 65 20 56 92 70 78 98 93 67 93 63 83 40 43 74 37 79 20 81 20 54 37 86 48 28 33 53 44 93 10 71 11 62 60 72 32 76 39 15 12
26 82 33 11 78 42 75 35 83 76 91 70 36 0 88 94 71 45 42 76 61 66 91 63 81 73 61 55 89 58 66 26 15 41 39 51 10 65 58 81 84 65 92 73 12 26 71 41 64 95 64 17 60 27 82 56 16 85 85 29 78 60 96 79 54 44 31 72 11 50 23 15 39 70 32 92 20 29 55 39 46 57 22 43 58
70 17 82 94 97 13 33 95 79 44 52 88 77 88 0 47 91 42 98 91 55 65 39 18 60 92 40 79 65 16 47 14 56 26 53 10 39 81 64 39 63 32 55 65 47 62 12 59 20 84 41 25 54 50 33 33 43 23 17 63 30 56 25 84 47 24 91 82 96 80 15 17 78 65 69 25 42 81 77 88 94 17 64 55 90
48 63 92 23 39 98 44 36 86 50 71 71 96 94 47 0 84 90 85 99 67 12 35 41 64 88 51 33 49 14 73 78 62 66 63 34 83 83 42 43 90 90 87 43 22 14 59 17 10 60 61 30 75 94 58 44 45 49 87 56 84 90 87 42 50 23 62 95 37 50 96 62 15 24 58 70 37 50 78 36 14 88 57 42 80
31 61 29 96 28 11 96 53 85 46 98 99 99 71 91 84 0 88 72 71 75 24 93 34 31 57 92 62 90 97 92 98 96 69 78 39 37 66 37 67 77 14 83 70 49 71 20 57 90 19 23 41 65 85 37 34 18 26 16 65 27 40 63 94 28 22 54 70 26 54 28 63 99 33 11 12 80 71 16 75 23 62 57 24 59
38 42 92 36 91 13 53 25 62 41 17 77 87 45 42 90 88 0 42 72 83 74 29 31 77 54 45 10 46 76 63 53 16 59 91 37 13 18 25 19 66 31 78 27 73 85 48 97 62 68 13 79 32 87 50 93 26 48 97 27 59 97 42 90 38 42 36 77 20 21 85 69 66 36 66 25 26 52 30 10 93 54 53 19 90
98 47 17 48 95 60 24 93 50 67 90 18 99 42 98 85 72 42 0 36 85 94 83 58 85 30 50 85 66 37 42 27 80 10 35 53 28 68 79 79 49 44 74 37 83 95 37 56 36 84 91 20 78 24 46 37 93 79 65 21 52 17 90 17 22 98 48 73 83 36 15 86 29 31 20 97 61 98 33 49 74 26 90 99 92
74 83 37 84 82 28 55 80 86 56 69 38 77 76 91 99 71 72 36 0 71 75 69 83 12 69 75 42 14 16 41 45 39 56 71 23 97 17 50 89 49 78 48 17 40 92 52 92 33 61 88 34 39 60 69 48 86 40 75 87 59 45 58 94 45 55 14 83 62 90 64 97 35 45 41 88 91 19 69 81 92 60 59 11 57
89 20 74 69 33 78 42 84 42 30 63 56 12 61 55 67 75 83 85 71 0 88 22 38 69 83 63 52 83 87 92 19 77 94 50 22 16 39 98 74 79 39 46 21 15 83 17 68 70 22 19 92 25 17 81 66 85 77 78 82 79 39 45 28 31 19 83 85 59 74 98 47 65 41 27 56 55 75 93 22 75 88 30 54 84
17 35 36 32 49 91 85 61 14 90 50 36 62 66 65 12 24 74 94 75 88 0 39 28 61 57 38 95 92 44 56 27 18 65 37 76 38 51 55 53 71 96 96 30 37 91 71 37 85 10 69 56 42 89 24 14 40 98 71 78 46 49 33 84 85 90 69 87 53 60 16 12 84 65 45 41 27 48 58 63 27 90 68 21 38
14 17 55 58 64 10 31 41 51 10 42 58 68 91 39 35 93 29 83 69 22 39 0 26 25 79 42 93 66 53 19 19 89 79 20 79 95 23 69 83 58 58 23 26 65 93 71 26 34 58 62 67 57 20 41 48 71 37 62 46 20 60 26 22 50 65 77 29 89 78 82 18 79 15 14 90 37 74 12 56 95 52 27 92 50
41 87 98 54 58 64 54 13 14 88 44 82 71 63 18 41 34 31 58 83 38 28 26 0 88 84 83 42 63 55 65 19 16 34 11 21 59 80 67 46 48 18 72 61 55 89 67 53 11 55 12 27 79 40 81 51 68 21 93 16 25 27 43 95 80 78 50 85 42 27 97 58 15 78 89 29 68 53 23 52 30 59 43 74 64
38 23 96 33 71 63 47 87 20 36 20 38 47 81 60 64 31 77 85 12 69 61 25 88 0 88 93 81 98 64 31 76 18 41 71 19 90 38 63 20 72 81 16 52 69 96 27 87 62 52 10 96 84 89 73 23 47 69 94 15 82 75 53 20 44 24 20 96 18 97 72 91 19 69 81 95 32 60 20 83 47 15 15 92 36
70 52 83 21 73 97 29 28 61 15 48 21 76 73 92 88 57 54 30 69 83 57 79 84 88 0 26 24 49 74 62 13 78 63 13 23 24 83 46 36 42 95 56 57 83 39 35 75 45 25 51 89 44 38 92 62 79 99 20 73 77 51 96 73 86 59 24 55 10 35 30 13 54 90 36 45 82 34 80 24 89 17 61 98 12
79 93 69 99 84 28 41 33 19 58 39 72 62 61 40 51 92 45 50 75 63 38 42 83 93 26 0 99 52 91 51 69 43 58 63 70 55 25 58 91 79 44 11 67 57 13 78 54 13 29 12 52 25 28 48 57 60 29 70 81 81 83 79 95 48 89 81 36 37 29 77 30 78 77 92 10 22 27 61 14 29 24 96 33 35
92 69 47 70 81 44 22 15 50 92 68 38 75 55 79 33 62 10 85 42 52 95 93 42 81 24 99 0 66 30 52 95 49 20 49 34 52 88 83 12 44 45 13 51 18 54 75 64 16 35 11 24 98 77 29 83 45 76 59 24 93 48 83 46 18 53 55 49 99 51 99 43 21 67 87 54 18 27 21 73 64 13 25 92 72
25 74 27 32 78 31 68 40 16 64 78 68 62 89 65 49 90 46 66 14 83 92 66 63 98 49 52 66 0 62 55 42 43 24 73 67 39 28 54 93 35 36 77 69 99 19 61 54 72 85 52 51 50 96 59 23 58 32 78 84 61 51 84 32 17 38 30 30 55 70 25 88 40 87 48 15 12 87 82 83 80 73 15 29 42
75 29 76 67 78 96 15 76 99 57 21 58 28 58 16 14 97 76 37 16 87 44 53 55 64 74 91 30 62 0 99 37 98 68 19 53 42 61 45 31 13 37 14 89 54 81 33 81 76 65 67 65 69 65 69 65 47 41 40 54 32 81 89 53 96 63 29 76 41 40 56 25 24 28 25 62 47 29 92 74 67 19 57 19 94
86 16 42 94 98 32 35 87 28 32 75 65 23 66 47 73 92 63 42 41 92 56 19 65 31 62 51 52 55 99 0 87 73 94 45 99 43 23 87 23 53 64 50 11 35 90 10 18 89 80 73 59 27 10 17 84 87 72 30 39 96 15 53 70 97 87 54 87 37 35 28 63 88 44 82 62 27 30 17 23 73 65 61 28 46
40 55 63 19 23 25 54 27 73 51 26 23 70 26 14 78 98 53 27 45 19 27 19 19 76 13 69 95 42 37 87 0 13 90 96 46 76 13 60 37 79 72 27 34 18 24 39 87 88 25 25 90 78 67 11 26 18 53 36 15 58 55 22 68 37 46 83 54 82 26 36 18 25 88 23 37 43 49 57 98 55 51 67 91 71
78 92 10 23 55 93 51 64 98 75 51 65 66 15 56 62 96 16 80 39 77 18 89 16 18 78 43 49 43 98 73 13 0 81 27 96 57 34 79 86 44 99 95 90 54 99 45 78 48 82 48 97 10 91 36 47 36 90 58 71 60 62 73 31 45 76 97 72 10 41 26 30 44 59 60 36 61 64 22 26 78 95 45 32 48
78 40 84 27 54 74 34 73 29 49 92 50 99 41 26 66 69 59 10 56 94 65 79 34 41 63 58 20 24 68 94 90 81 0 88 15 93 89 52 99 48 83 80 57 56 95 73 38 17 18 10 53 94 46 89 86 36 69 49 29 10 52 63 63 26 72 19 64 56 92 25 72 43 63 33 92 13 83 94 99 30 45 60 28 36
81 19 90 14 93 85 47 36 29 64 52 26 57 39 53 63 78 91 35 71 50 37 20 11 71 13 63 49 73 19 45 96 27 88 0 30 16 10 62 74 99 28 34 73 77 43 65 48 78 12 81 12 10 42 24 44 47 32 12 22 48 60 65 34 20 59 57 13 72 65 30 63 77 49 64 88 92 33 56 37 42 66 51 17 61
78 80 15 92 27 71 74 37 88 83 73 93 57 51 10 34 39 37 53 23 22 76 79 21 19 23 70 34 67 53 99 46 96 15 30 0 74 83 84 52 94 25 56 99 58 43 10 16 43 21 92 95 74 25 61 54 22 85 98 74 75 98 14 47 60 35 47 36 46 38 78 18 93 74 44 88 18 85 25 27 65 59 77 25 13
88 37 33 12 59 91 99 32 49 46 84 74 82 10 39 83 37 13 28 97 16 38 95 59 90 24 55 52 39 42 43 76 57 93 16 74 0 90 96 78 58 82 42 57 26 84 62 63 74 99 32 47 41 82 75 88 65 66 71 13 61 53 27 92 27 84 51 44 74 64 30 37 60 41 15 50 83 13 74 90 70 20 70 74 17
88 28 92 76 82 94 60 83 78 79 54 34 68 65 81 83 66 18 68 17 39 51 23 80 38 83 25 88 28 61 23 13 34 89 10 83 90 0 36 12 40 17 52 71 36 90 56 38 65 63 75 82 79 49 88 97 16 15 60 52 28 85 14 43 80 13 55 22 99 26 86 49 11 97 87 28 72 12 98 98 10 87 98 27 93
80 82 89 41 87 50 91 32 50 42 48 83 37 58 64 42 37 25 79 50 98 55 69 67 63 46 58 83 54 45 87 60 79 52 62 84 96 36 0 92 14 54 74 48 60 92 85 31 57 23 41 63 36 83 51 46 10 36 79 21 46 56 38 29 35 71 14 49 37 65 16 59 39 23 96 25 55 47 58 72 68 29 64 71 15
86 59 12 78 79 56 32 35 58 77 91 31 20 81 39 43 67 19 79 89 74 53 83 46 20 36 91 12 93 31 23 37 86 99 74 52 78 12 92 0 48 23 30 52 24 73 39 80 29 32 22 18 47 43 76 27 36 44 63 15 59 47 86 78 68 93 45 84 36 76 86 48 27 93 52 58 27 64 29 35 39 21 74 54 77
17 57 97 55 53 53 10 56 10 73 30 58 56 84 63 90 77 66 49 49 79 71 58 48 72 42 79 44 35 13 53 79 44 48 99 94 58 40 14 48 0 92 68 82 10 24 36 38 28 58 26 48 33 78 39 25 10 53 96 57 25 36 53 39 22 29 90 76 53 72 87 56 23 26 63 25 77 75 63 64 74 94 46 13 93
14 45 44 59 31 93 32 25 63 72 75 62 97 65 32 90 14 31 44 78 39 96 58 18 81 95 44 45 36 37 64 72 99 83 28 25 82 17 54 23 92 0 46 63 40 99 18 20 81 96 76 47 87 99 17 57 85 29 76 24 95 31 57 82 38 24 52 66 19 68 22 35 62 97 96 21 47 30 79 60 41 70 31 12 47
73 61 43 51 58 48 10 97 69 62 52 96 98 92 55 87 83 78 74 48 46 96 23 72 16 56 11 13 77 14 50 27 95 80 34 56 42 52 74 30 68 46 0 73 87 17 17 84 44 50 23 24 50 50 21 76 88 79 95 81 73 36 44 75 15 21 48 66 64 32 37 44 70 27 51 20 12 60 44 49 31 29 52 70 18
78 81 95 63 54 21 71 68 19 31 95 63 41 73 65 43 70 27 37 17 21 30 26 61 52 57 67 51 69 89 11 34 90 57 73 99 57 71 48 52 82 63 73 0 84 33 18 49 54 11 85 24 64 11 52 39 60 93 96 43 54 31 63 72 81 86 15 48 45 81 95 45 70 31 52 99 10 88 20 48 45 85 17 41 58
23 44 61 58 94 24 30 34 71 18 33 70 94 12 47 22 49 73 83 40 15 37 65 55 69 83 57 18 99 54 35 18 54 56 77 58 26 36 60 24 10 40 87 84 0 61 39 41 10 60 98 33 87 95 24 90 48 46 83 91 79 31 79 17 32 98 47 87 71 21 49 10 20 41 16 78 65 70 32 17 26 31 45 40 59
10 80 42 26 13 51 37 59 19 19 66 16 65 26 62 14 71 85 95 92 83 91 93 89 96 39 13 54 19 81 90 24 99 95 43 43 84 90 92 73 24 99 17 33 61 0 41 85 54 97 42 80 13 26 74 46 76 22 68 77 91 65 10 96 84 77 35 96 50 52 39 56 49 31 83 94 90 74 15 82 83 12 41 20 83
22 44 25 96 70 24 15 63 43 22 93 77 20 71 12 59 20 48 37 52 17 71 71 67 27 35 78 75 61 33 10 39 45 73 65 10 62 56 85 39 36 18 17 18 39 41 0 90 76 10 67 98 89 55 88 28 97 79 82 24 52 19 94 52 92 92 28 16 80 54 62 57 99 56 40 98 56 94 13 31 32 86 34 60 36
93 84 17 58 23 44 46 20 94 17 70 99 56 41 59 17 57 97 56 92 68 37 26 53 87 75 54 64 54 81 18 87 78 38 48 16 63 38 31 80 38 20 84 49 41 85 90 0 23 52 75 84 43 17 15 82 78 99 72 55 86 16 37 12 35 99 41 59 39 66 75 10 19 55 98 59 14 79 52 38 80 72 57 65 48
33 41 53 18 14 59 10 66 86 61 56 40 92 64 20 10 90 62 36 33 70 85 34 11 62 45 13 16 72 76 89 88 48 17 78 43 74 65 57 29 28 81 44 54 10 54 76 23 0 47 28 27 87 55 42 13 28 10 72 39 15 42 34 60 73 79 22 43 97 30 56 18 22 19 20 15 79 90 18 57 12 52 19 97 31
42 11 17 96 85 87 64 80 66 46 66 40 70 95 84 60 19 68 84 61 22 10 58 55 52 25 29 35 85 65 80 25 82 18 12 21 99 63 23 32 58 96 50 11 60 97 10 52 47 0 49 83 86 96 51 24 61 31 49 45 10 92 40 63 40 96 42 19 90 87 96 48 62 76 13 42 42 80 83 24 32 50 27 73 35
85 58 87 64 74 44 30 11 78 77 57 34 78 64 41 61 23 13 91 88 19 69 62 12 10 51 12 11 52 67 73 25 48 10 81 92 32 75 41 22 26 76 23 85 98 42 67 75 28 49 0 59 17 31 16 60 86 35 79 19 35 25 78 92 36 57 58 73 23 91 33 52 85 82 13 24 64 81 45 53 83 43 15 94 26
24 32 11 16 38 79 30 96 47 51 10 69 98 17 25 30 41 79 20 34 92 56 67 27 96 89 52 24 51 65 59 90 97 53 12 95 47 82 63 18 48 47 24 24 33 80 98 84 27 83 59 0 28 78 61 97 49 86 63 23 30 85 32 51 96 69 16 97 20 41 26 21 92 19 61 77 76 55 61 98 52 46 59 88 65
64 41 60 71 72 52 11 75 49 24 30 18 93 60 54 75 65 32 78 39 25 42 57 79 84 44 25 98 50 69 27 78 10 94 10 74 41 79 36 47 33 87 50 64 87 13 89 43 87 86 17 28 0 44 23 41 94 54 57 85 83 23 33 55 40 58 40 60 99 22 85 15 67 48 61 62 31 33 81 23 21 56 29 80 11
98 46 38 59 58 82 51 88 78 30 52 79 67 27 50 94 85 87 24 60 17 89 20 40 89 38 28 77 96 65 10 67 91 46 42 25 82 49 83 43 78 99 50 11 95 26 55 17 55 96 31 78 44 0 75 55 68 89 97 26 73 35 61 97 66 78 84 69 49 82 47 12 94 69 44 83 93 52 67 30 28 60 33 13 62
71 69 16 14 59 28 32 66 57 17 91 20 93 82 33 58 37 50 46 69 81 24 41 81 73 92 48 29 59 69 17 11 36 89 24 61 75 88 51 76 39 17 21 52 24 74 88 15 42 51 16 61 23 75 0 45 95 51 28 24 77 81 15 43 33 68 91 13 95 71 76 58 30 12 54 18 22 41 73 15 54 89 69 92 69
33 60 80 32 62 91 94 99 25 83 22 17 63 56 33 44 34 93 37 48 66 14 48 51 23 62 57 83 23 65 84 26 47 86 44 54 88 97 46 27 25 57 76 39 90 46 28 82 13 24 60 97 41 55 45 0 46 61 50 25 71 16 61 25 50 40 87 91 87 84 13 20 28 15 17 30 25 11 12 80 76 82 94 77 42
16 77 64 10 45 63 30 63 49 77 59 71 83 16 43 45 18 26 93 86 85 40 71 68 47 79 60 45 58 47 87 18 36 36 47 22 65 16 10 36 10 85 88 60 48 76 97 78 28 61 86 49 94 68 95 46 0 84 88 88 69 84 77 59 14 70 34 21 95 14 43 18 70 68 62 73 34 36 33 11 86 31 76 90 65
12 42 66 66 68 50 12 41 69 44 86 49 40 85 23 49 26 48 79 40 77 98 37 21 69 99 29 76 32 41 72 53 90 69 32 85 66 15 36 44 53 29 79 93 46 22 79 99 10 31 35 86 54 89 51 61 84 0 43 42 31 46 25 80 62 99 77 10 59 59 30 46 43 27 10 83 45 45 89 50 45 42 93 55 87
13 66 99 64 42 96 41 33 43 41 33 84 43 85 17 87 16 97 65 75 78 71 62 93 94 20 70 59 78 40 30 36 58 49 12 98 71 60 79 63 96 76 95 96 83 68 82 72 72 49 79 63 57 97 28 50 88 43 0 12 33 34 61 22 54 97 19 42 53 64 31 27 57 12 34 81 96 18 83 79 27 93 41 87 77
74 84 99 10 96 94 57 91 16 43 36 91 74 29 63 56 65 27 21 87 82 78 46 16 15 73 81 24 84 54 39 15 71 29 22 74 13 52 21 15 57 24 81 43 91 77 24 55 39 45 19 23 85 26 24 25 88 42 12 0 10 51 47 56 27 65 89 22 56 94 40 53 54 32 84 73 22 37 15 11 54 98 27 60 41
88 73 46 38 49 78 60 77 94 32 62 53 37 78 30 84 27 59 52 59 79 46 20 25 82 77 81 93 61 32 96 58 60 10 48 75 61 28 46 59 25 95 73 54 79 91 52 86 15 10 35 30 83 73 77 71 69 31 33 10 0 37 66 55 65 66 80 47 69 69 23 10 30 11 69 11 17 51 36 74 34 96 97 16 18
20 41 82 29 96 41 61 77 83 73 81 48 79 60 56 90 40 97 17 45 39 49 60 27 75 51 83 48 51 81 15 55 62 52 60 98 53 85 56 47 36 31 36 31 31 65 19 16 42 92 25 85 23 35 81 16 84 46 34 51 37 0 75 40 78 25 66 27 55 55 16 36 53 77 36 43 60 40 30 19 42 62 11 88 85
82 92 82 48 33 36 66 75 25 46 67 62 20 96 25 87 63 42 90 58 45 33 26 43 53 96 79 83 84 89 53 22 73 63 65 14 27 14 38 86 53 57 44 63 79 10 94 37 34 40 78 32 33 61 15 61 77 25 61 47 66 75 0 58 78 99 30 88 70 62 52 10 86 13 17 84 84 20 63 41 18 89 11 95 32
82 51 59 91 98 12 22 46 61 69 78 34 81 79 84 42 94 90 17 94 28 84 22 95 20 73 95 46 32 53 70 68 31 63 34 47 92 43 29 78 39 82 75 72 17 96 52 12 60 63 92 51 55 97 43 25 59 80 22 56 55 40 58 0 55 45 62 76 17 45 48 62 63 84 10 97 41 28 30 62 55 99 58 24 36
95 38 89 85 49 96 12 90 61 46 56 71 20 54 47 50 28 38 22 45 31 85 50 80 44 86 48 18 17 96 97 37 45 26 20 60 27 80 35 68 22 38 15 81 32 84 92 35 73 40 36 96 40 66 33 50 14 62 54 27 65 78 78 55 0 68 78 93 82 23 17 97 57 88 63 66 19 35 85 77 73 93 36 74 38
46 78 78 24 65 66 17 20 23 86 32 11 54 44 24 23 22 42 98 55 19 90 65 78 24 59 89 53 38 63 87 46 76 72 59 35 84 13 71 93 29 24 21 86 98 77 92 99 79 96 57 69 58 78 68 40 70 99 97 65 66 25 99 45 68 0 45 26 50 17 87 12 93 88 69 63 64 45 55 12 53 11 67 41 53
14 42 31 60 21 75 74 47 98 30 69 83 37 31 91 62 54 36 48 14 83 69 77 50 20 24 81 55 30 29 54 83 97 19 57 47 51 55 14 45 90 52 48 15 47 35 28 41 22 42 58 16 40 84 91 87 34 77 19 89 80 66 30 62 78 45 0 52 83 92 17 10 37 23 13 62 57 31 21 85 73 93 77 88 67
70 96 28 96 98 86 89 96 91 38 99 16 86 72 82 95 70 77 73 83 85 87 29 85 96 55 36 49 30 76 87 54 72 64 13 36 44 22 49 84 76 66 66 48 87 96 16 59 43 19 73 97 60 69 13 91 21 10 42 22 47 27 88 76 93 26 52 0 19 11 77 34 72 57 21 98 10 94 89 60 19 68 68 23 51
85 84 30 62 61 12 99 31 64 57 60 16 48 11 96 37 26 20 83 62 59 53 89 42 18 10 37 99 55 41 37 82 10 56 72 46 74 99 37 36 53 19 64 45 71 50 80 39 97 90 23 20 99 49 95 87 95 59 53 56 69 55 70 17 82 50 83 19 0 42 84 39 24 61 67 54 82 22 89 16 91 38 34 76 79
25 11 95 20 73 85 85 22 46 27 36 34 28 50 80 50 54 21 36 90 74 60 78 27 97 35 29 51 70 40 35 26 41 92 65 38 64 26 65 76 72 68 32 81 21 52 54 66 30 87 91 41 22 82 71 84 14 59 64 94 69 55 62 45 23 17 92 11 42 0 14 93 77 94 84 47 80 17 61 43 67 79 61 35 46
19 43 96 56 79 81 45 38 51 85 43 25 33 23 15 96 28 85 15 64 98 16 82 97 72 30 77 99 25 56 28 36 26 25 30 78 30 86 16 86 87 22 37 95 49 39 62 75 56 96 33 26 85 47 76 13 43 30 31 40 23 16 52 48 17 87 17 77 84 14 0 81 68 41 15 34 89 20 52 37 80 91 50 69 76
72 34 14 83 38 81 88 51 38 28 20 85 53 15 17 62 63 69 86 97 47 12 18 58 91 13 30 43 88 25 63 18 30 72 63 18 37 49 59 48 56 35 44 45 10 56 57 10 18 48 52 21 15 12 58 20 18 46 27 53 10 36 10 62 97 12 10 34 39 93 81 0 73 46 23 65 86 38 52 19 76 94 15 82 41
94 54 58 83 98 24 96 40 77 71 52 12 44 39 78 15 99 66 29 35 65 84 79 15 19 54 78 21 40 24 88 25 44 43 77 93 60 11 39 27 23 62 70 70 20 49 99 19 22 62 85 92 67 94 30 28 70 43 57 54 30 53 86 63 57 93 37 72 24 77 68 73 0 10 40 99 65 88 73 66 76 12 68 26 33
47 19 71 93 90 95 30 37 91 29 39 23 93 70 65 24 33 36 31 45 41 65 15 78 69 90 77 67 87 28 44 88 59 63 49 74 41 97 23 93 26 97 27 31 41 31 56 55 19 76 82 19 48 69 12 15 68 27 12 32 11 77 13 84 88 88 23 57 61 94 41 46 10 0 23 31 19 94 20 10 70 21 87 23 77
37 30 79 23 28 32 21 18 17 67 64 26 10 32 69 58 11 66 20 41 27 45 14 89 81 36 92 87 48 25 82 23 60 33 64 44 15 87 96 52 63 96 51 52 16 83 40 98 20 13 13 61 61 44 54 17 62 10 34 84 69 36 17 10 63 69 13 21 67 84 15 23 40 23 0 92 25 91 14 36 52 88 14 64 80
27 74 52 11 79 74 68 28 13 93 89 40 71 92 25 70 12 25 97 88 56 41 90 29 95 45 10 54 15 62 62 37 36 92 88 88 50 28 25 58 25 21 20 99 78 94 98 59 15 42 24 77 62 83 18 30 73 83 81 73 11 43 84 97 66 63 62 98 54 47 34 65 99 31 92 0 95 68 21 88 11 70 60 41 93
10 52 86 26 36 99 75 82 31 80 88 52 11 20 42 37 80 26 61 91 55 27 37 68 32 82 22 18 12 47 27 43 61 13 92 18 83 72 55 27 77 47 12 10 65 90 56 14 79 42 64 76 31 93 22 25 34 45 96 22 17 60 84 41 19 64 57 10 82 80 89 86 65 19 25 95 0 81 36 82 34 58 47 99 74
14 87 98 32 13 77 39 26 77 40 83 83 62 29 81 50 71 52 98 19 75 48 74 53 60 34 27 27 87 29 30 49 64 83 33 85 13 12 47 64 75 30 60 88 70 74 94 79 90 80 81 55 33 52 41 11 36 45 18 37 51 40 20 28 35 45 31 94 22 17 20 38 88 94 91 68 81 0 22 57 29 35 60 22 23
65 35 68 77 62 25 58 87 37 96 90 48 60 55 77 78 16 30 33 69 93 58 12 23 20 80 61 21 82 92 17 57 22 94 56 25 74 98 58 29 63 79 44 20 32 15 13 52 18 83 45 61 81 67 73 12 33 89 83 15 36 30 63 30 85 55 21 89 89 61 52 52 73 20 14 21 36 22 0 71 76 17 27 26 48
96 27 79 78 51 58 47 50 43 79 70 49 72 39 88 36 75 10 49 81 22 63 56 52 83 24 14 73 83 74 23 98 26 99 37 27 90 98 72 35 64 60 49 48 17 82 31 38 57 24 53 98 23 30 15 80 11 50 79 11 74 19 41 62 77 12 85 60 16 43 37 19 66 10 36 88 82 57 71 0 43 27 18 68 14
50 73 31 91 32 55 97 75 54 70 50 29 32 46 94 14 23 93 74 92 75 27 95 30 47 89 29 64 80 67 73 55 78 30 42 65 70 10 68 39 74 41 31 45 26 83 32 80 12 32 83 52 21 28 54 76 86 45 27 54 34 42 18 55 73 53 73 19 91 67 80 76 76 70 52 11 34 29 76 43 0 74 30 74 27
77 47 47 75 72 95 59 11 56 31 92 46 76 57 17 88 62 54 26 60 88 90 52 59 15 17 24 13 73 19 65 51 95 45 66 59 20 87 29 21 94 70 29 85 31 12 86 72 52 50 43 46 56 60 89 82 31 42 93 98 96 62 89 99 93 11 93 68 38 79 91 94 12 21 88 70 58 35 17 27 74 0 73 81 14
10 80 24 98 30 38 62 40 92 17 85 38 39 22 64 57 57 53 90 59 30 68 27 43 15 61 96 25 15 57 61 67 45 60 51 77 70 98 64 74 46 31 52 17 45 41 34 57 19 27 15 59 29 33 69 94 76 93 41 27 97 11 11 58 36 67 77 68 34 61 50 15 68 87 14 60 47 60 27 18 30 73 0 67 63
20 58 23 90 41 63 48 61 76 24 55 70 15 43 55 42 24 19 99 11 54 21 92 74 92 98 33 92 29 19 28 91 32 28 17 25 74 27 71 54 13 12 70 41 40 20 60 65 97 73 94 88 80 13 92 77 90 55 87 60 16 88 95 24 74 41 88 23 76 35 69 82 26 23 64 41 99 22 26 68 74 81 67 0 34
62 10 98 37 60 55 77 99 94 18 20 50 12 58 90 80 59 90 92 57 84 38 50 64 36 12 35 72 42 94 46 71 48 36 61 13 17 93 15 77 93 47 18 58 59 83 36 48 31 35 26 65 11 62 69 42 65 87 77 41 18 85 32 36 38 53 67 51 79 46 76 41 33 77 80 93 74 23 48 14 27 14 63 34 0