150
0 87 71 80 15 90 72 87 90 15 38 38 97 60 38 93 38 40 91 61 94 68 18 59 70 69 33 11 86 23 55 91 44 14 80 38 93 16 24 62 71 28 46 51 11 48 18 82 48 15 36 88 54 34 96 33 43 54 12 31 25 93 87 84 88 71 62 90 95 93 39 31 47 34 16 89 76 56 98 98 50 66 96 21 68 89 48 70 40 33 93 77 22 41 63 65 63 27 18 85 95 43 67 13 90 11 93 95 73 46 71 55 35 71 31 90 85 44 25 26 19 65 22 51 32 72 16 51 15 63 55 77 82 87 54 31 10 54 55 48 87 13 58 13 41 11 32 67 23 64
87 0 42 71 71 14 99 95 14 90 16 92 58 32 15 35 70 88 67 75 70 26 10 32 43 63 10 80 57 43 19 87 43 23 76 28 12 43 47 80 90 49 98 96 99 80 18 10 83 46 31 45 28 45 25 82 14 54 17 49 17 66 19 34 85 36 37 52 81 78 70 49 63 45 86 72 76 65 75 53 15 40 32 78 23 31 25 95 21 80 60 58 69 40 51 64 54 75 56 80 48 77 46 67 30 94 80 68 87 49 94 29 74 35 62 71 92 98 99 54 51 58 47 13 82 41 96 54 34 64 46 16 36 34 42 98 49 84 70 72 18 31 21 60 66 76 87 38 51 87
71 42 0 91 81 87 87 42 26 93 69 19 79 83 24 36 39 15 36 52 57 66 76 29 54 73 99 52 18 31 45 81 36 41 57 71 94 25 10 39 46 45 13 27 79 82 60 50 55 67 44 17 90 62 11 52 72 39 19 38 33 29 21 24 31 14 49 64 27 28 39 62 88 39 70 48 13 58 67 89 80 86 34 15 18 76 20 22 50 70 20 99 43 31 23 76 15 56 14 95 17 57 77 40 54 74 80 93 69 22 30 53 60 93 92 40 92 99 57 59 86 38 63 57 20 35 78 53 75 29 11 44 47 57 30 81 30 26 66 95 52 81 45 97 98 64 79 38 86 30
80 71 91 0 12 12 12 55 57 77 89 40 93 91 39 14 11 57 20 10 20 75 50 57 93 73 92 29 83 87 69 58 77 58 98 60 18 52 11 35 99 98 44 82 76 12 26 36 14 40 41 51 79 21 57 60 50 39 73 77 96 98 45 12 84 89 55 49 41 41 69 98 59 88 38 36 50 47 68 37 11 55 56 66 60 93 39 88 98 76 13 97 85 87 97 65 90 36 91 48 37 28 36 11 20 88 76 82 34 49 96 41 70 99 37 47 89 52 25 74 54 17 57 45 84 11 28 80 23 75 77 35 24 73 32 89 29 21 51 73 80 59 54 37 99 34 48 83 74 99
15 71 81 12 0 20 65 35 98 57 49 28 37 23 23 57 55 45 83 54 18 27 63 48 82 17 44 11 12 71 99 44 83 37 57 31 46 95 81 91 40 91 36 57 62 22 45 43 64 23 51 59 68 94 30 20 17 51 97 17 26 64 11 46 59 97 72 48 56 94 86 49 97 34 34 22 43 92 76 97 11 71 47 28 31 96 23 70 65 71 33 33 11 55 86 75 24 21 38 72 59 99 83 14 52 96 16 98 72 52 37 39 67 80 39 95 43 43 11 11 85 64 84 33 65 33 87 25 32 67 81 53 93 60 39 93 21 70 55 62 35 90 81 26 97 95 65 51 79 11
90 14 87 12 20 0 17 26 25 41 64 59 64 95 75 81 97 13 41 21 89 12 72 51 61 10 60 88 72 46 59 77 64 86 67 78 94 56 17 17 93 65 95 89 59 57 13 71 89 98 55 54 87 41 51 46 46 45 10 37 53 71 95 18 79 90 29 63 44 75 92 52 41 23 68 76 43 94 93 80 33 56 87 94 35 45 71 99 92 15 76 21 80 36 35 45 95 17 17 10 77 34 61 50 94 94 32 43 46 56 85 12 58 46 28 36 92 67 58 90 39 20 69 62 66 45 79 91 44 40 42 58 45 73 44 57 44 65 89 67 42 21 47 12 73 18 12 37 15 11
72 99 87 12 65 17 0 66 40 42 98 32 20 75 29 41 73 39 13 16 42 10 30 33 63 95 42 68 30 21 92 96 31 49 67 90 29 75 27 45 59 97 54 60 42 87 20 65 90 62 65 85 48 16 11 92 74 18 97 44 81 14 38 57 99 94 93 34 52 59 88 30 82 52 85 33 12 29 39 10 28 25 11 57 81 16 87 38 14 46 86 79 10 69 63 65 74 64 32 16 55 81 75 74 33 92 26 86 81 86 68 77 86 67 80 75 77 36 56 91 18 82 26 37 82 64 78 38 72 32 79 69 32 58 85 13 48 54 96 25 39 74 87 63 15 69 10 77 81 79
87 95 42 55 35 26 66 0 64 66 18 49 52 46 70 16 17 79 87 47 44 24 58 73 72 93 29 94 21 40 53 31 99 67 54 56 86 67 59 65 85 69 78 60 14 73 17 51 35 33 55 44 24 49 39 85 36 55 77 15 53 14 67 89 73 25 96 79 10 17 39 31 93 51 53 84 17 88 87 28 66 52 59 99 53 80 50 93 91 22 78 70 37 19 67 37 24 67 29 59 73 74 83 69 72 53 34 26 40 98 21 52 69 84 81 60 95 20 45 59 31 89 65 20 69 15 15 18 60 56 60 83 39 45 63 79 24 44 77 19 20 98 89 12 51 21 37 48 36 58
90 14 26 57 98 25 40 64 0 74 28 76 56 73 66 16 62 97 33 75 28 72 69 32 94 95 32 21 81 81 20 76 35 45 97 65 51 12 79 84 78 36 78 92 24 49 98 59 26 84 38 71 58 83 40 59 23 50 68 26 69 80 22 27 23 14 50 86 76 36 92 27 31 64 40 42 14 44 55 52 26 17 86 46 25 65 69 18 54 53 43 16 69 20 77 24 81 12 49 24 54 69 14 54 56 37 12 66 52 34 15 24 34 72 49 14 14 26 85 64 56 21 13 20 74 82 19 10 42 66 52 55 40 85 12 97 78 16 37 85 15 57 24 63 14 49 92 59 54 48
15 90 93 77 57 41 42 66 74 0 63 14 83 82 28 17 56 53 48 46 44 83 12 88 22 84 45 37 24 44 12 62 68 68 65 49 82 75 13 99 58 20 87 91 97 79 24 60 30 71 62 40 73 69 97 91 61 93 58 76 48 14 52 68 76 48 49 62 48 65 69 36 93 54 60 41 62 99 39 75 17 62 45 81 30 96 39 64 59 56 72 72 71 63 40 89 91 81 93 64 38 94 11 58 34 63 72 74 36 94 63 60 20 97 41 67 90 28 68 95 74 81 26 22 49 12 20 22 95 95 73 82 97 74 78 16 80 96 91 14 10 13 19 71 89 39 74 71 54 50
38 16 69 89 49 64 98 18 28 63 0 25 70 75 83 92 35 88 20 46 26 61 84 73 71 81 48 13 76 96 96 75 43 68 25 72 36 29 49 23 21 36 68 19 46 73 81 78 43 56 75 25 43 10 98 19 61 99 63 95 95 61 75 70 47 73 25 99 20 27 37 18 31 83 35 80 26 49 21 27 18 22 50 83 77 52 58 27 43 92 56 73 10 14 87 82 83 21 61 99 12 78 15 74 31 56 82 31 55 63 37 87 43 85 22 56 97 49 71 90 65 50 76 55 32 29 27 65 54 25 39 15 15 49 29 67 76 91 52 84 93 77 22 18 97 30 64 70 87 63
38 92 19 40 28 59 32 49 76 14 25 0 39 13 65 85 49 74 48 19 76 79 34 29 95 33 27 68 92 54 77 57 30 23 48 77 31 71 37 39 98 90 40 80 90 28 45 35 75 23 65 58 67 98 16 17 33 55 43 40 54 61 50 23 94 38 24 62 68 65 26 85 71 76 55 47 46 14 17 69 49 51 64 57 81 74 12 97 37 49 79 78 81 72 85 98 53 64 47 69 64 85 33 81 92 17 71 26 42 21 73 73 63 35 68 49 14 63 46 50 20 73 26 99 81 12 27 73 32 15 95 94 95 86 51 31 44 94 65 69 66 20 16 63 16 81 38 23 65 41
97 58 79 93 37 64 20 52 56 83 70 39 0 65 87 28 11 11 70 42 18 93 42 48 55 47 47 78 18 49 41 83 47 76 51 80 75 14 39 66 60 32 40 34 84 63 30 13 16 56 54 36 28 75 10 91 69 93 26 95 44 21 67 55 17 58 33 22 12 18 16 79 41 85 67 95 32 87 88 13 39 77 49 83 91 95 12 24 34 82 26 82 78 42 63 56 66 84 81 51 56 82 18 42 16 56 72 59 39 20 23 45 85 59 42 72 62 74 82 33 29 16 12 93 19 13 59 34 93 92 55 33 73 78 98 14 18 52 58 85 10 88 98 53 25 72 87 22 65 62
60 32 83 91 23 95 75 46 73 82 75 13 65 0 95 20 38 17 42 45 19 84 80 49 49 66 88 45 92 59 49 78 29 48 59 98 44 96 31 34 15 73 18 74 73 59 61 19 87 53 92 64 83 12 74 35 32 26 99 77 17 71 21 94 20 43 92 37 57 88 98 61 79 45 99 26 53 43 97 23 64 30 13 45 90 64 97 70 20 18 68 25 26 83 48 27 73 67 39 62 99 81 33 64 88 96 77 23 44 63 50 28 80 70 99 90 94 70 21 38 35 67 49 57 89 17 43 84 98 87 91 33 11 15 94 61 85 42 17 96 20 49 35 52 30 71 11 73 33 81
38 15 24 39 23 75 29 70 66 28 83 65 87 95 0 31 13 99 84 77 78 54 52 95 84 24 49 68 46 20 51 57 36 53 32 70 47 76 26 16 97 75 43 34 20 75 29 25 51 35 31 78 96 45 49 26 90 67 99 55 67 76 34 13 67 14 62 24 65 14 71 93 55 87 28 40 50 86 32 22 11 75 95 38 40 44 81 37 81 75 45 73 65 28 30 31 18 65 43 42 48 37 21 48 73 21 12 88 46 82 68 13 77 98 75 82 37 34 85 14 36 83 34 57 75 35 11 22 41 64 62 57 67 82 96 37 15 80 41 72 91 97 43 41 58 57 84 86 27 39
93 35 36 14 57 81 41 16 16 17 92 85 28 20 31 0 42 87 21 10 20 47 47 72 58 94 67 26 87 97 13 82 21 62 88 94 19 54 18 99 52 95 53 55 32 68 19 25 82 22 94 42 56 73 66 95 82 47 10 15 84 26 50 45 75 66 84 82 14 65 61 20 26 67 82 53 19 45 62 84 11 95 42 94 47 27 15 94 14 38 20 98 89 97 36 49 54 49 64 92 32 26 70 38 74 10 13 46 75 47 93 43 70 50 86 21 10 45 84 30 65 83 89 75 81 32 99 28 64 16 32 10 36 80 72 99 44 39 66 26 62 56 39 15 63 58 40 68 44 30
38 70 39 11 55 97 73 17 62 56 35 49 11 38 13 42 0 23 51 26 46 99 71 44 81 48 91 39 72 45 20 52 34 82 27 90 15 44 90 81 39 43 67 33 52 46 33 30 57 91 58 62 95 55 19 73 90 21 20 88 27 27 37 75 98 22 92 95 31 15 73 63 83 34 58 13 53 89 45 65 21 80 52 32 59 76 48 46 62 27 50 90 83 26 89 71 99 86 61 59 72 81 25 42 92 63 91 83 40 46 26 20 37 42 36 97 73 30 13 21 84 67 61 21 27 26 87 14 26 12 54 90 54 53 52 60 51 87 58 48 22 67 59 58 36 82 33 74 86 65
40 88 15 57 45 13 39 79 97 53 88 74 11 17 99 87 23 0 69 75 62 85 54 98 74 15 79 29 90 25 44 73 27 64 47 20 68 98 31 83 58 84 86 81 54 98 39 66 54 25 27 67 30 94 26 31 64 41 46 74 77 89 77 98 83 33 87 27 32 11 68 86 57 52 82 66 65 98 74 59 74 23 78 59 47 71 74 68 19 31 18 40 24 30 55 91 67 44 34 99 49 78 50 44 77 38 73 23 40 85 63 84 73 17 64 33 95 91 95 76 73 39 47 13 42 54 57 74 90 15 57 79 88 83 96 44 27 58 21 98 36 14 89 98 21 53 36 14 75 11
91 67 36 20 83 41 13 87 33 48 20 48 70 42 84 21 51 69 0 99 66 41 22 76 52 90 97 80 29 71 55 25 36 75 69 42 69 51 58 41 11 21 45 37 11 51 74 61 74 24 87 53 86 88 56 26 19 32 45 64 78 28 24 30 84 67 23 57 33 48 72 18 29 36 85 93 77 54 66 81 86 13 29 54 18 72 98 97 26 94 55 36 71 49 72 43 40 43 15 51 51 48 80 54 17 63 60 31 49 51 18 69 60 71 19 67 52 84 82 16 11 69 18 49 41 92 53 32 88 98 97 25 78 76 65 34 91 37 84 42 82 10 17 95 28 99 15 17 95 12
61 75 52 10 54 21 16 47 75 46 46 19 42 45 77 10 26 75 99 0 15 59 58 81 17 38 42 35 86 28 43 13 55 28 33 13 57 15 33 66 47 56 42 99 62 58 80 41 70 25 43 16 43 28 37 35 89 50 82 23 96 66 34 16 80 91 42 93 19 82 86 23 88 94 39 33 11 66 94 17 30 44 12 12 77 77 51 31 93 76 88 43 11 26 33 97 38 82 63 82 95 43 95 48 28 58 91 93 57 86 95 54 48 31 81 65 13 49 91 25 66 81 71 40 73 36 56 20 54 72 83 51 31 10 10 92 25 54 37 32 79 94 46 18 71 12 57 79 48 74
94 70 57 20 18 89 42 44 28 44 26 76 18 19 78 20 46 62 66 15 0 55 88 86 88 12 32 65 19 11 23 39 39 87 64 56 89 22 51 47 61 12 33 16 74 52 19 87 34 94 74 47 20 53 60 54 70 83 60 59 81 17 25 99 40 26 64 56 62 39 77 46 94 91 22 50 98 54 86 77 32 31 27 47 87 25 19 46 97 61 58 19 33 48 52 11 72 35 88 89 52 47 21 80 92 77 90 71 80 85 37 47 38 14 23 42 84 11 59 54 61 86 92 98 94 70 41 17 99 49 35 78 39 68 19 76 51 53 28 28 90 94 79 32 66 90 57 53 53 38
68 26 66 75 27 12 10 24 72 83 61 79 93 84 54 47 99 85 41 59 55 0 30 42 11 68 18 52 62 87 36 29 33 15 15 83 51 58 55 77 70 64 51 90 33 63 67 17 21 57 58 93 38 52 20 69 81 12 70 80 71 40 33 45 73 58 62 68 11 57 94 83 64 52 62 93 89 68 54 96 74 43 78 30 59 20 94 18 30 42 86 69 91 52 14 49 55 16 83 11 65 40 67 33 67 96 77 40 97 81 68 46 87 71 45 43 96 32 68 34 54 40 54 39 91 56 31 67 92 35 87 44 90 85 24 12 94 88 83 16 44 18 67 86 93 78 59 96 37 16
18 10 76 50 63 72 30 58 69 12 84 34 42 80 52 47 71 54 22 58 88 30 0 59 33 82 52 97 83 23 11 39 43 11 58 69 22 74 17 90 77 78 34 12 26 68 90 55 19 51 40 30 82 58 76 63 15 93 79 73 22 22 39 25 34 25 34 22 53 62 52 81 78 86 53 49 77 79 86 19 12 57 20 10 15 76 51 38 42 36 91 48 22 14 81 81 42 14 29 46 90 69 72 53 76 94 79 63 73 91 90 75 35 32 94 65 99 77 25 88 43 88 15 31 81 74 72 44 94 55 36 71 96 80 50 11 76 43 95 75 23 57 39 87 41 83 16 85 54 43
59 32 29 57 48 51 33 73 32 88 73 29 48 49 95 72 44 98 76 81 86 42 59 0 14 50 90 79 91 36 92 84 49 69 13 99 55 54 73 32 97 38 42 87 16 90 70 39 15 53 67 98 71 63 88 53 40 16 18 21 69 14 99 16 51 51 35 71 86 69 99 83 97 51 93 47 96 11 68 16 38 79 52 81 97 85 26 98 73 47 33 51 39 68 75 18 44 38 90 97 35 12 57 99 38 31 49 34 47 70 66 73 49 62 34 91 32 10 26 30 87 51 96 62 11 51 91 83 15 24 27 55 80 41 58 31 24 22 19 74 95 11 28 67 77 82 62 16 60 90
70 43 54 93 82 61 63 72 94 22 71 95 55 49 84 58 81 74 52 17 88 11 33 14 0 35 83 52 72 72 55 80 12 68 99 29 37 63 86 81 84 41 76 76 30 71 92 93 32 98 23 70 11 61 76 79 51 23 10 98 28 15 15 26 25 65 43 41 93 11 91 93 78 40 68 43 49 16 26 37 41 83 78 58 91 22 65 86 76 47 21 85 74 92 80 35 50 62 34 11 66 29 39 31 38 68 93 81 36 90 38 35 32 15 44 39 40 82 70 71 67 36 43 70 40 26 22 97 29 67 67 46 84 61 92 62 89 19 51 36 27 31 31 44 78 92 55 92 24 72
69 63 73 73 17 10 95 93 95 84 81 33 47 66 24 94 48 15 90 38 12 68 82 50 35 0 93 32 27 41 43 56 92 87 24 10 45 88 71 47 82 50 37 22 89 35 67 10 50 81 23 62 17 71 91 52 98 76 18 17 36 96 19 70 18 44 26 51 65 51 96 47 14 40 84 58 29 48 71 59 62 27 26 64 13 60 55 73 24 17 21 75 22 43 87 55 96 41 66 89 36 61 92 82 94 34 55 24 76 54 62 65 77 57 10 88 16 60 60 47 25 55 18 12 66 13 88 36 44 39 72 41 16 64 52 68 24 87 74 56 84 28 44 70 42 11 19 65 52 37
33 10 99 92 44 60 42 29 32 45 48 27 47 88 49 67 91 79 97 42 32 18 52 90 83 93 0 66 51 48 16 56 53 84 63 28 76 69 72 90 96 99 18 17 46 53 87 43 43 46 95 32 20 51 37 80 11 50 12 77 92 55 54 88 48 26 16 10 22 60 66 22 94 49 21 69 82 63 52 73 27 47 14 45 29 95 67 98 53 41 91 71 62 66 30 20 73 33 66 94 17 38 74 48 64 66 70 38 68 35 33 41 56 73 85 42 49 86 37 49 94 93 83 77 71 96 63 75 22 13 14 58 67 55 56 16 21 24 70 44 81 53 25 80 24 50 79 56 74 26
11 80 52 29 11 88 68 94 21 37 13 68 78 45 68 26 39 29 80 35 65 52 97 79 52 32 66 0 15 72 61 13 34 54 34 96 18 76 30 56 35 94 48 26 57 37 80 43 88 43 97 98 82 14 63 26 42 42 66 22 46 41 27 45 50 98 70 49 91 70 27 91 73 78 99 55 35 59 64 33 97 77 13 86 41 61 54 40 96 54 89 15 45 96 27 82 65 62 70 87 94 57 48 47 87 18 55 95 18 37 61 19 98 17 62 31 98 39 61 82 82 15 11 40 32 90 39 17 13 79 81 81 20 42 11 43 47 47 85 24 86 17 91 38 72 73 34 80 15 11
86 57 18 83 12 72 30 21 81 24 76 92 18 92 46 87 72 90 29 86 19 62 83 91 72 27 51 15 0 12 54 11 15 86 37 65 64 83 66 83 51 91 18 49 70 29 84 12 28 78 68 32 84 47 22 55 59 34 48 45 78 97 31 86 27 37 15 93 14 46 11 31 74 74 47 18 97 69 75 80 61 33 43 31 74 41 66 59 98 92 10 99 25 76 33 53 55 71 29 17 47 57 21 78 79 59 60 74 71 90 96 99 48 12 14 24 82 75 59 49 52 39 68 34 67 68 83 57 69 35 16 52 74 77 72 15 85 50 10 51 74 79 15 26 17 44 12 19 93 69
23 43 31 87 71 46 21 40 81 44 96 54 49 59 20 97 45 25 71 28 11 87 23 36 72 41 48 72 12 0 48 55 11 34 23 19 90 86 78 93 95 86 82 55 41 65 95 81 11 56 64 89 69 48 38 69 25 53 50 47 94 55 79 61 14 65 56 60 95 96 55 48 78 61 95 93 94 73 13 65 69 75 69 26 75 53 66 73 73 68 87 48 88 39 91 94 22 12 90 28 98 71 34 49 99 18 56 89 68 61 89 47 24 21 70 63 29 79 90 44 98 28 12 45 76 74 23 18 36 49 38 82 25 34 11 16 33 99 26 49 90 48 44 67 65 34 31 23 62 12
55 19 45 69 99 59 92 53 20 12 96 77 41 49 51 13 20 44 55 43 23 36 11 92 55 43 16 61 54 48 0 68 29 16 11 85 43 51 43 41 87 32 71 71 78 11 16 52 97 51 69 69 95 24 44 49 62 57 23 48 40 19 99 65 37 43 88 95 82 38 23 87 74 18 52 19 24 67 18 89 24 54 70 73 88 95 79 84 27 60 59 98 26 35 82 36 94 31 63 68 99 51 59 56 97 78 14 78 39 31 61 12 15 87 17 24 58 87 15 66 80 20 69 43 37 97 54 75 81 13 86 56 48 19 30 53 80 49 64 91 84 57 83 61 15 76 55 30 59 64
91 87 81 58 44 77 96 31 76 62 75 57 83 78 57 82 52 73 25 13 39 29 39 84 80 56 56 13 11 55 68 0 45 45 54 48 78 33 19 27 35 93 93 76 99 33 65 99 92 71 99 26 67 56 97 58 41 23 91 81 31 93 25 12 23 36 83 18 68 52 37 80 82 60 22 50 14 87 14 17 10 37 97 96 48 69 40 83 52 22 12 43 89 91 97 59 58 73 44 29 35 56 76 37 85 54 78 35 31 18 28 80 10 80 73 28 10 58 52 10 26 94 81 22 90 84 15 23 39 94 98 32 21 74 24 67 68 78 13 70 87 68 25 60 19 49 82 38 60 39
44 43 36 77 83 64 31 99 35 68 43 30 47 29 36 21 34 27 36 55 39 33 43 49 12 92 53 34 15 11 29 45 0 71 88 77 16 96 88 42 74 32 12 94 89 62 96 51 22 20 22 20 54 85 88 61 78 99 89 65 34 46 51 61 25 95 83 88 97 79 50 73 25 30 43 13 11 52 68 89 12 80 65 54 27 94 78 28 59 72 60 25 15 19 71 84 43 49 77 10 47 38 36 50 37 87 12 33 43 76 86 85 69 65 76 16 25 95 30 46 66 56 37 64 14 38 66 63 54 54 24 45 54 99 27 66 29 79 31 77 22 82 14 65 90 96 75 54 36 52
14 23 41 58 37 86 49 67 45 68 68 23 76 48 53 62 82 64 75 28 87 15 11 69 68 87 84 54 86 34 16 45 71 0 75 94 87 29 87 23 89 32 61 97 28 29 33 43 11 60 43 43 49 80 14 32 76 59 62 29 18 95 81 92 23 74 97 13 80 29 53 64 32 37 18 89 64 38 99 16 24 74 68 73 97 87 56 23 92 13 60 96 81 57 83 63 82 40 19 68 28 31 94 98 97 58 51 22 58 18 74 51 62 80 48 62 84 28 21 90 92 63 94 26 59 33 47 70 85 80 19 33 95 13 89 90 66 74 47 51 10 73 77 19 93 70 68 43 87 20
80 76 57 98 57 67 67 54 97 65 25 48 51 59 32 88 27 47 69 33 64 15 58 13 99 24 63 34 37 23 11 54 88 75 0 93 88 40 60 37 18 28 72 56 87 84 25 25 19 34 23 92 10 54 55 39 73 91 79 80 58 46 46 47 23 49 42 90 74 73 92 79 59 60 53 25 12 58 25 72 39 71 14 72 30 71 88 83 91 76 50 56 74 67 35 45 58 16 36 80 97 62 63 53 75 18 69 86 69 56 41 25 13 30 39 99 98 59 85 48 11 30 79 49 58 74 47 50 58 59 61 25 69 89 68 20 24 18 60 66 51 96 71 29 31 26 29 49 63 89
38 28 71 60 31 78 90 56 65 49 72 77 80 98 70 94 90 20 42 13 56 83 69 99 29 10 28 96 65 19 85 48 77 94 93 0 62 41 79 78 26 67 31 39 46 71 63 47 81 55 92 37 84 14 87 23 71 14 64 27 20 79 64 58 39 82 34 47 10 23 51 93 37 67 60 54 96 27 81 60 65 61 25 13 38 89 53 66 29 21 15 94 24 82 82 14 43 90 98 35 42 43 49 70 58 42 76 67 92 81 95 42 14 73 50 55 49 10 57 29 49 35 10 60 21 38 21 83 19 98 36 81 62 39 45 38 81 80 51 58 44 21 68 50 56 82 73 39 32 79
93 12 94 18 46 94 29 86 51 82 36 31 75 44 47 19 15 68 69 57 89 51 22 55 37 45 76 18 64 90 43 78 16 87 88 62 0 20 42 44 96 51 33 50 75 86 78 31 84 18 61 32 38 14 32 94 26 11 48 39 90 53 78 94 45 35 44 79 87 80 76 33 99 60 83 86 94 73 77 27 18 33 70 40 21 28 64 15 21 57 83 14 86 98 40 56 31 22 73 30 15 43 66 12 37 50 30 64 77 77 86 95 56 45 60 73 65 79 84 58 80 81 48 15 24 30 39 87 12 76 80 41 53 46 50 71 67 30 57 39 34 74 24 71 42 80 26 90 36 66
16 43 25 52 95 56 75 67 12 75 29 71 14 96 76 54 44 98 51 15 22 58 74 54 63 88 69 76 83 86 51 33 96 29 40 41 20 0 15 47 18 46 94 99 76 53 69 77 89 25 73 98 67 84 95 39 88 46 26 21 61 82 65 33 78 51 41 30 71 16 69 45 56 59 62 55 42 79 80 99 33 99 31 84 69 96 16 11 76 78 82 43 99 68 24 81 46 62 20 77 48 10 83 31 25 26 18 73 68 36 62 74 33 93 38 30 27 50 11 69 92 84 91 86 18 41 64 88 57 69 59 84 14 98 82 18 47 20 17 34 75 51 17 22 24 13 38 69 71 50
24 47 10 11 81 17 27 59 79 13 49 37 39 31 26 18 90 31 58 33 51 55 17 73 86 71 72 30 66 78 43 19 88 87 60 79 42 15 0 37 72 36 31 80 24 86 30 86 81 52 73 60 54 10 27 49 68 96 15 38 40 44 24 16 27 69 58 53 90 75 10 80 41 42 98 52 52 82 15 11 53 52 91 67 95 55 19 75 22 45 12 36 85 78 31 99 88 21 57 80 90 11 62 21 70 85 46 49 34 60 17 78 62 70 46 68 65 53 79 16 34 38 86 63 87 53 12 98 26 12 26 90 13 11 15 25 17 89 13 21 93 73 30 35 18 52 27 55 17 40
62 80 39 35 91 17 45 65 84 99 23 39 66 34 16 99 81 83 41 66 47 77 90 32 81 47 90 56 83 93 41 27 42 23 37 78 44 47 37 0 80 14 47 39 77 44 53 36 20 87 17 79 61 89 85 59 52 13 24 19 20 55 20 32 81 36 33 44 72 21 25 82 81 75 62 63 35 56 32 12 47 79 87 38 84 76 22 42 65 66 96 26 80 82 63 24 82 17 87 88 63 13 54 76 93 40 64 76 69 16 84 45 76 97 55 56 75 42 28 99 99 64 82 48 47 33 40 35 40 72 35 55 72 98 67 87 53 86 16 49 56 32 53 99 82 52 41 99 57 36
71 90 46 99 40 93 59 85 78 58 21 98 60 15 97 52 39 58 11 47 61 70 77 97 84 82 96 35 51 95 87 35 74 89 18 26 96 18 72 80 0 77 36 71 28 15 44 65 61 79 31 63 64 14 13 74 76 56 39 20 10 19 72 82 72 88 42 73 47 93 57 99 58 48 27 59 49 70 22 68 35 68 36 32 78 71 21 63 27 61 23 44 49 94 61 16 78 44 77 86 14 28 11 66 33 64 77 83 82 68 92 27 11 32 53 11 20 95 44 99 71 41 51 21 21 83 81 89 75 81 60 31 67 68 20 56 57 65 54 12 91 96 99 17 42 14 21 63 54 31
28 49 45 98 91 65 97 69 36 20 36 90 32 73 75 95 43 84 21 56 12 64 78 38 41 50 99 94 91 86 32 93 32 32 28 67 51 46 36 14 77 0 57 40 36 12 21 86 24 41 71 59 37 21 66 74 69 48 55 39 33 23 44 25 84 99 35 33 66 80 39 29 37 66 32 78 37 47 79 38 11 47 59 38 18 26 59 15 42 38 95 34 17 93 63 88 70 96 75 42 71 61 38 45 54 30 11 34 92 63 23 34 83 69 48 88 83 30 76 18 54 87 53 14 39 59 63 87 31 65 81 57 59 65 11 63 25 80 35 45 27 78 33 68 51 67 70 90 24 37
46 98 13 44 36 95 54 78 78 87 68 40 40 18 43 53 67 86 45 42 33 51 34 42 76 37 18 48 18 82 71 93 12 61 72 31 33 94 31 47 36 57 0 96 15 86 99 18 67 30 82 39 53 48 32 44 26 79 49 57 22 70 23 34 56 98 45 79 15 94 79 47 15 97 55 85 65 54 19 55 42 38 80 51 28 51 79 99 52 73 85 60 37 66 92 41 71 72 75 70 55 95 59 80 58 53 99 46 22 84 54 11 98 27 23 14 83 34 84 87 82 84 20 83 59 14 45 65 15 50 62 68 34 29 86 47 43 37 17 54 94 99 20 59 65 93 38 40 78 81
51 96 27 82 57 89 60 60 92 91 19 80 34 74 34 55 33 81 37 99 16 90 12 87 76 22 17 26 49 55 71 76 94 97 56 39 50 99 80 39 71 40 96 0 15 89 21 83 94 50 44 97 59 96 43 11 69 53 78 59 83 83 77 54 41 53 91 49 79 97 18 16 97 75 34 52 77 86 21 57 19 36 28 45 45 38 60 62 80 28 42 42 52 76 77 90 11 86 89 72 72 47 76 52 14 73 13 61 64 47 89 55 53 50 30 98 25 80 11 24 31 68 29 56 70 94 84 43 97 27 14 74 70 46 13 23 16 62 26 39 28 44 89 32 77 78 75 23 52 80
11 99 79 76 62 59 42 14 24 97 46 90 84 73 20 32 52 54 11 62 74 33 26 16 30 89 46 57 70 41 78 99 89 28 87 46 75 76 24 77 28 36 15 15 0 22 60 12 52 75 41 67 72 80 70 13 40 18 89 46 24 33 86 77 88 87 42 23 50 64 68 54 63 32 92 28 22 72 14 68 19 81 84 91 55 21 43 99 26 64 20 42 90 68 19 25 35 19 90 21 26 97 17 30 32 59 35 20 71 92 36 49 61 32 44 43 16 58 56 40 45 28 48 53 27 11 90 40 17 42 75 61 54 61 55 19 62 71 58 99 24 60 64 12 19 10 43 58 31 15
48 80 82 12 22 57 87 73 49 79 73 28 63 59 75 68 46 98 51 58 52 63 68 90 71 35 53 37 29 65 11 33 62 29 84 71 86 53 86 44 15 12 86 89 22 0 79 84 67 52 98 42 16 94 47 31 23 15 55 63 42 20 32 80 79 12 64 95 30 35 44 96 52 28 32 21 43 99 35 80 62 70 31 65 79 33 57 12 66 79 16 34 83 79 93 76 64 87 90 20 85 16 93 37 77 43 95 90 93 99 39 11 10 32 90 81 34 22 14 18 83 96 83 51 85 15 61 16 47 20 99 73 38 29 68 54 43 36 75 57 44 27 92 35 90 95 40 28 43 32
18 18 60 26 45 13 20 17 98 24 81 45 30 61 29 19 33 39 74 80 19 67 90 70 92 67 87 80 84 95 16 65 96 33 25 63 78 69 30 53 44 21 99 21 60 79 0 12 79 87 30 90 20 93 11 56 75 69 32 37 85 23 58 12 83 61 13 55 79 28 88 39 96 65 95 34 45 88 78 33 98 71 59 83 90 33 33 52 34 82 79 81 48 24 74 28 55 54 66 91 55 66 78 12 47 88 94 66 91 71 25 69 47 30 85 91 91 79 31 20 78 45 15 65 89 36 59 98 71 80 65 51 44 39 61 57 37 56 24 93 60 58 34 13 74 74 52 72 11 62
82 10 50 36 43 71 65 51 59 60 78 35 13 19 25 25 30 66 61 41 87 17 55 39 93 10 43 43 12 81 52 99 51 43 25 47 31 77 86 36 65 86 18 83 12 84 12 0 19 61 46 43 75 73 45 49 41 89 19 85 16 99 60 86 53 66 47 72 38 62 89 22 12 32 99 63 12 85 89 20 91 28 19 45 57 75 33 61 57 56 85 53 29 73 88 80 54 97 85 26 48 91 83 14 52 76 78 25 31 93 57 23 11 90 93 61 32 70 92 54 14 79 29 98 48 64 84 52 92 84 91 63 81 63 84 63 25 12 21 80 26 11 53 11 11 53 75 60 69 61
48 83 55 14 64 89 90 35 26 30 43 75 16 87 51 82 57 54 74 70 34 21 19 15 32 50 43 88 28 11 97 92 22 11 19 81 84 89 81 20 61 24 67 94 52 67 79 19 0 33 24 54 38 25 26 95 83 81 12 95 27 65 68 10 97 52 62 19 53 42 60 88 46 55 98 90 93 68 42 26 64 41 47 98 70 72 55 21 50 68 59 41 99 20 38 20 29 22 29 43 63 10 13 95 83 39 35 73 51 50 68 47 43 40 81 44 46 73 76 79 82 90 34 13 97 61 73 11 13 53 43 83 37 18 71 47 65 43 78 97 69 19 83 45 33 53 26 14 67 17
15 46 67 40 23 98 62 33 84 71 56 23 56 53 35 22 91 25 24 25 94 57 51 53 98 81 46 43 78 56 51 71 20 60 34 55 18 25 52 87 79 41 30 50 75 52 87 61 33 0 82 88 28 23 78 13 50 95 60 95 38 85 25 75 44 76 15 40 35 69 37 56 90 57 71 90 67 44 40 32 31 85 34 18 45 38 74 82 32 16 99 16 90 28 40 68 60 77 61 54 22 76 19 46 70 40 72 18 29 58 12 72 46 52 47 72 37 45 71 19 47 72 33 38 80 94 73 77 69 97 29 93 33 24 42 16 26 44 39 97 70 16 80 40 39 66 39 38 82 37
36 31 44 41 51 55 65 55 38 62 75 65 54 92 31 94 58 27 87 43 74 58 40 67 23 23 95 97 68 64 69 99 22 43 23 92 61 73 73 17 31 71 82 44 41 98 30 46 24 82 0 13 72 97 28 23 98 68 14 84 32 19 70 61 38 24 52 18 88 59 74 63 61 78 11 54 85 93 30 16 91 12 73 82 25 87 75 37 50 64 45 58 48 96 63 38 34 47 80 73 51 16 94 93 29 62 81 93 58 55 40 41 34 82 29 85 37 76 65 18 27 95 20 68 21 48 51 24 61 84 38 58 86 81 19 90 53 84 50 15 11 80 36 71 13 89 82 55 36 87
88 45 17 51 59 54 85 44 71 40 25 58 36 64 78 42 62 67 53 16 47 93 30 98 70 62 32 98 32 89 69 26 20 43 92 37 32 98 60 79 63 59 39 97 67 42 90 43 54 88 13 0 29 70 45 76 35 84 27 85 11 49 38 56 40 17 71 50 57 95 45 62 12 95 14 77 13 49 41 45 33 18 74 43 84 59 50 20 14 88 52 38 13 53 76 22 95 69 23 12 57 10 84 52 92 61 89 58 83 64 78 47 74 82 79 94 73 14 27 39 97 53 26 75 31 28 17 80 55 87 20 63 76 80 86 31 33 84 24 12 35 57 51 80 24 18 90 14 47 35
54 28 90 79 68 87 48 24 58 73 43 67 28 83 96 56 95 30 86 43 20 38 82 71 11 17 20 82 84 69 95 67 54 49 10 84 38 67 54 61 64 37 53 59 72 16 20 75 38 28 72 29 0 77 66 37 19 11 32 58 24 89 76 34 89 40 93 55 99 85 91 27 71 44 37 56 54 19 84 12 76 32 50 92 60 78 31 51 61 21 40 90 42 29 43 45 81 27 49 14 40 95 71 91 92 54 21 82 27 90 65 64 28 69 20 98 58 92 93 55 91 70 22 35 51 10 20 52 30 49 74 70 90 69 86 81 51 88 51 66 17 96 10 54 19 50 36 76 29 30
34 45 62 21 94 41 16 49 83 69 10 98 75 12 45 73 55 94 88 28 53 52 58 63 61 71 51 14 47 48 24 56 85 80 54 14 14 84 10 89 14 21 48 96 80 94 93 73 25 23 97 70 77 0 37 76 73 56 48 94 15 71 97 77 46 46 74 94 12 18 43 83 61 31 46 85 63 17 88 56 86 29 21 86 68 61 78 94 80 43 34 24 68 60 46 21 23 81 54 11 17 77 61 87 53 99 64 22 25 46 62 15 21 66 56 17 46 22 36 56 88 23 22 33 94 56 47 29 93 31 14 97 66 84 37 49 98 70 50 12 22 70 94 92 93 24 65 60 73 87
96 25 11 57 30 51 11 39 40 97 98 16 10 74 49 66 19 26 56 37 60 20 76 88 76 91 37 63 22 38 44 97 88 14 55 87 32 95 27 85 13 66 32 43 70 47 11 45 26 78 28 45 66 37 0 59 74 24 71 28 82 78 90 41 98 83 82 53 15 13 94 55 19 93 54 27 61 60 87 81 68 99 78 66 16 10 43 91 21 97 57 94 33 30 49 77 45 72 19 46 47 28 73 21 72 42 46 74 85 56 85 10 68 79 66 59 93 80 49 70 43 70 65 92 90 99 44 17 24 42 71 87 96 47 97 85 31 97 53 13 61 19 53 97 32 37 35 61 39 49
33 82 52 60 20 46 92 85 59 91 19 17 91 35 26 95 73 31 26 35 54 69 63 53 79 52 80 26 55 69 49 58 61 32 39 23 94 39 49 59 74 74 44 11 13 31 56 49 95 13 23 76 37 76 59 0 89 32 36 66 66 96 24 50 45 15 93 44 43 55 69 61 74 65 88 43 22 11 31 46 65 70 62 42 41 28 56 56 20 90 41 95 24 33 18 85 38 84 81 82 51 22 97 35 74 18 18 30 98 17 89 48 76 69 25 48 35 92 53 96 16 45 96 88 58 86 97 93 52 30 24 51 12 41 40 46 33 67 90 11 98 25 91 90 10 34 53 14 65 19
43 14 72 50 17 46 74 36 23 61 61 33 69 32 90 82 90 64 19 89 70 81 15 40 51 98 11 42 59 25 62 41 78 76 73 71 26 88 68 52 76 69 26 69 40 23 75 41 83 50 98 35 19 73 74 89 0 99 78 85 52 85 45 16 53 46 48 25 81 27 82 46 66 11 94 41 45 51 53 16 94 27 47 49 80 25 63 59 43 53 63 24 61 25 72 97 16 51 61 43 70 49 62 67 51 68 57 82 28 86 72 98 44 50 50 90 65 15 36 62 81 19 50 27 15 77 55 38 48 56 73 13 58 99 56 95 37 75 95 52 89 21 27 18 10 72 65 80 38 80
54 54 39 39 51 45 18 55 50 93 99 55 93 26 67 47 21 41 32 50 83 12 93 16 23 76 50 42 34 53 57 23 99 59 91 14 11 46 96 13 56 48 79 53 18 15 69 89 81 95 68 84 11 56 24 32 99 0 79 62 27 66 93 71 65 71 86 41 99 93 86 52 66 12 79 58 47 99 43 98 54 52 59 36 63 97 20 57 65 32 98 48 54 88 98 50 83 81 79 17 96 81 44 70 75 75 69 91 90 16 22 63 10 18 44 51 26 30 14 82 66 52 31 19 32 50 87 69 83 48 56 79 10 10 28 40 40 56 30 59 20 39 13 37 51 25 38 79 90 39
12 17 19 73 97 10 97 77 68 58 63 43 26 99 99 10 20 46 45 82 60 70 79 18 10 18 12 66 48 50 23 91 89 62 79 64 48 26 15 24 39 55 49 78 89 55 32 19 12 60 14 27 32 48 71 36 78 79 0 98 39 44 14 71 46 51 39 50 94 20 59 37 41 35 96 88 27 23 15 72 28 48 92 75 13 17 61 46 15 80 77 55 48 16 69 54 17 99 38 56 35 47 92 24 71 61 54 19 49 61 43 93 91 43 20 16 77 88 63 19 86 33 31 76 11 69 95 59 27 31 48 35 18 23 43 71 76 77 53 14 32 72 37 67 61 40 57 55 88 25
31 49 38 77 17 37 44 15 26 76 95 40 95 77 55 15 88 74 64 23 59 80 73 21 98 17 77 22 45 47 48 81 65 29 80 27 39 21 38 19 20 39 57 59 46 63 37 85 95 95 84 85 58 94 28 66 85 62 98 0 63 77 54 30 71 54 50 68 47 83 41 40 41 72 24 26 10 95 31 28 73 70 65 59 22 77 38 19 43 38 33 93 61 85 19 37 19 95 21 93 67 20 72 55 47 55 69 14 94 91 17 14 33 18 50 84 95 79 75 63 25 48 33 57 22 48 39 71 26 81 67 50 92 27 45 21 77 41 41 98 64 48 56 78 35 79 58 81 12 74
25 17 33 96 26 53 81 53 69 48 95 54 44 17 67 84 27 77 78 96 81 71 22 69 28 36 92 46 78 94 40 31 34 18 58 20 90 61 40 20 10 33 22 83 24 42 85 16 27 38 32 11 24 15 82 66 52 27 39 63 0 24 11 21 57 49 29 66 79 99 12 49 48 26 34 53 81 39 34 62 92 70 71 55 78 84 86 85 85 95 26 75 71 81 96 47 33 21 92 91 29 14 55 20 10 18 36 18 16 43 92 68 70 80 15 46 52 45 88 97 90 28 65 39 62 53 98 58 66 25 47 92 56 60 24 90 92 87 27 23 19 27 62 13 79 14 65 47 58 70
93 66 29 98 64 71 14 14 80 14 61 61 21 71 76 26 27 89 28 66 17 40 22 14 15 96 55 41 97 55 19 93 46 95 46 79 53 82 44 55 19 23 70 83 33 20 23 99 65 85 19 49 89 71 78 96 85 66 44 77 24 0 56 14 95 74 84 78 59 66 24 35 88 64 90 27 40 40 76 94 96 98 56 76 40 86 17 64 14 54 43 11 91 24 57 80 76 78 57 72 82 82 48 90 62 40 20 85 64 59 62 23 31 69 23 28 89 28 80 37 64 65 75 27 92 58 25 74 91 25 66 89 12 18 16 48 36 41 54 23 73 98 74 57 80 38 74 63 23 33
87 19 21 45 11 95 38 67 22 52 75 50 67 21 34 50 37 77 24 34 25 33 39 99 15 19 54 27 31 79 99 25 51 81 46 64 78 65 24 20 72 44 23 77 86 32 58 60 68 25 70 38 76 97 90 24 45 93 14 54 11 56 0 63 64 85 81 22 98 41 94 47 99 34 74 90 84 81 84 85 21 17 80 65 75 22 56 87 29 85 90 48 78 47 21 55 34 20 29 56 13 53 89 73 45 80 54 38 32 42 55 95 68 76 94 66 97 30 32 97 85 67 85 32 73 19 67 64 48 68 45 48 15 76 46 50 86 36 39 39 90 51 45 54 55 30 75 50 43 95
84 34 24 12 46 18 57 89 27 68 70 23 55 94 13 45 75 98 30 16 99 45 25 16 26 70 88 45 86 61 65 12 61 92 47 58 94 33 16 32 82 25 34 54 77 80 12 86 10 75 61 56 34 77 41 50 16 71 71 30 21 14 63 0 44 44 90 68 22 85 71 56 60 35 13 37 16 68 55 57 44 59 40 86 36 26 28 35 46 60 54 57 71 56 75 69 32 97 91 53 28 35 54 71 34 46 77 22 80 61 53 51 17 81 83 53 31 96 33 83 65 88 20 77 82 99 51 49 41 46 21 46 58 12 23 92 24 94 19 41 70 52 70 78 39 42 22 92 14 30
88 85 31 84 59 79 99 73 23 76 47 94 17 20 67 75 98 83 84 80 40 73 34 51 25 18 48 50 27 14 37 23 25 23 23 39 45 78 27 81 72 84 56 41 88 79 83 53 97 44 38 40 89 46 98 45 53 65 46 71 57 95 64 44 0 94 43 89 30 82 17 12 12 21 41 62 43 77 62 82 86 33 90 35 55 68 23 88 75 98 90 17 35 90 52 78 25 70 11 15 11 87 34 12 65 46 45 99 54 91 84 93 62 12 76 12 68 14 31 46 45 29 76 45 46 34 89 88 93 12 92 61 46 25 25 72 74 16 18 51 56 39 86 42 24 86 42 67 92 86
71 36 14 89 97 90 94 25 14 48 73 38 58 43 14 66 22 33 67 91 26 58 25 51 65 44 26 98 37 65 43 36 95 74 49 82 35 51 69 36 88 99 98 53 87 12 61 66 52 76 24 17 40 46 83 15 46 71 51 54 49 74 85 44 94 0 30 93 12 83 49 69 19 33 90 87 62 91 86 36 40 56 20 85 16 22 74 29 83 86 86 38 69 31 67 67 34 56 71 77 44 24 90 56 13 73 62 89 72 38 42 35 45 94 12 28 96 32 55 35 26 62 88 38 59 26 41 35 96 49 18 11 44 74 52 98 61 50 44 99 95 81 20 14 54 77 50 56 89 86
62 37 49 55 72 29 93 96 50 49 25 24 33 92 62 84 92 87 23 42 64 62 34 35 43 26 16 70 15 56 88 83 83 97 42 34 44 41 58 33 42 35 45 91 42 64 13 47 62 15 52 71 93 74 82 93 48 86 39 50 29 84 81 90 43 30 0 19 62 91 69 19 29 13 64 14 25 44 75 92 11 44 49 58 24 76 34 35 72 40 34 28 45 83 45 98 44 10 28 52 57 57 82 49 97 25 53 10 67 58 12 77 45 30 89 38 13 13 29 83 11 56 40 32 37 21 85 23 47 52 14 98 12 13 10 61 66 74 50 92 47 82 37 10 47 54 64 53 19 42
90 52 64 49 48 63 34 79 86 62 99 62 22 37 24 82 95 27 57 93 56 68 22 71 41 51 10 49 93 60 95 18 88 13 90 47 79 30 53 44 73 33 79 49 23 95 55 72 19 40 18 50 55 94 53 44 25 41 50 68 66 78 22 68 89 93 19 0 12 24 87 23 66 96 31 79 33 10 89 38 86 96 79 56 55 16 85 85 86 13 47 58 99 38 39 78 75 28 13 55 32 97 31 48 96 67 53 75 22 47 88 93 31 69 42 53 13 69 60 29 24 75 29 61 46 56 11 72 59 56 52 90 96 33 75 70 81 58 31 71 41 88 71 83 47 21 55 30 20 66
95 81 27 41 56 44 52 10 76 48 20 68 12 57 65 14 31 32 33 19 62 11 53 86 93 65 22 91 14 95 82 68 97 80 74 10 87 71 90 72 47 66 15 79 50 30 79 38 53 35 88 57 99 12 15 43 81 99 94 47 79 59 98 22 30 12 62 12 0 45 72 57 98 89 98 58 67 15 69 92 57 11 40 56 88 26 87 64 47 65 46 66 31 36 96 95 47 30 49 66 16 77 32 54 16 68 83 46 14 49 95 32 11 62 89 48 19 15 28 48 45 49 92 82 82 67 71 41 30 92 44 94 94 70 56 64 38 43 53 29 66 28 86 67 28 97 16 12 33 42
93 78 28 41 94 75 59 17 36 65 27 65 18 88 14 65 15 11 48 82 39 57 62 69 11 51 60 70 46 96 38 52 79 29 73 23 80 16 75 21 93 80 94 97 64 35 28 62 42 69 59 95 85 18 13 55 27 93 20 83 99 66 41 85 82 83 91 24 45 0 67 76 51 92 65 10 12 81 36 76 81 48 73 44 89 96 91 39 91 96 23 64 26 15 48 85 52 88 78 30 58 11 73 30 56 82 94 86 46 78 32 45 27 32 27 27 60 40 32 98 80 70 18 42 51 56 16 89 35 54 34 38 56 15 76 36 37 72 79 74 25 59 82 45 78 22 75 26 57 20
39 70 39 69 86 92 88 39 92 69 37 26 16 98 71 61 73 68 72 86 77 94 52 99 91 96 66 27 11 55 23 37 50 53 92 51 76 69 10 25 57 39 79 18 68 44 88 89 60 37 74 45 91 43 94 69 82 86 59 41 12 24 94 71 17 49 69 87 72 67 0 87 28 53 24 28 38 20 58 43 38 68 51 80 40 72 30 74 99 76 68 27 29 62 75 62 54 13 58 45 12 17 91 25 73 76 31 79 72 38 68 23 32 53 72 72 94 13 18 93 35 88 44 35 24 97 27 97 62 58 62 34 86 29 84 42 57 78 18 25 92 94 92 27 19 68 60 83 85 85
31 49 62 98 49 52 30 31 27 36 18 85 79 61 93 20 63 86 18 23 46 83 81 83 93 47 22 91 31 48 87 80 73 64 79 93 33 45 80 82 99 29 47 16 54 96 39 22 88 56 63 62 27 83 55 61 46 52 37 40 49 35 47 56 12 69 19 23 57 76 87 0 95 80 11 18 68 61 30 42 55 20 73 38 91 12 35 45 37 71 82 97 94 26 44 70 82 81 79 38 62 66 11 53 72 16 77 66 17 85 53 83 56 63 97 45 14 66 52 73 83 90 96 96 86 51 67 63 54 42 46 25 22 84 72 50 19 86 11 56 92 75 56 73 52 63 11 67 98 99
47 63 88 59 97 41 82 93 31 93 31 71 41 79 55 26 83 57 29 88 94 64 78 97 78 14 94 73 74 78 74 82 25 32 59 37 99 56 41 81 58 37 15 97 63 52 96 12 46 90 61 12 71 61 19 74 66 66 41 41 48 88 99 60 12 19 29 66 98 51 28 95 0 89 33 61 28 69 79 57 78 63 25 69 63 31 28 43 71 62 91 62 75 61 55 47 62 94 76 27 52 31 35 99 92 28 61 11 91 64 52 23 58 66 45 60 88 73 28 36 34 45 43 95 78 29 60 87 72 94 38 58 95 36 57 76 93 59 25 21 61 57 12 90 22 30 58 34 29 96
34 45 39 88 34 23 52 51 64 54 83 76 85 45 87 67 34 52 36 94 91 52 86 51 40 40 49 78 74 61 18 60 30 37 60 67 60 59 42 75 48 66 97 75 32 28 65 32 55 57 78 95 44 31 93 65 11 12 35 72 26 64 34 35 21 33 13 96 89 92 53 80 89 0 21 81 34 99 75 50 62 20 80 96 72 53 57 43 67 18 99 57 72 38 42 55 39 44 78 63 50 43 89 82 64 38 44 30 98 40 31 20 37 82 48 98 77 24 66 50 72 64 87 31 89 39 56 58 22 20 76 86 39 76 63 19 61 54 60 27 84 41 20 66 94 96 98 54 79 17
16 86 70 38 34 68 85 53 40 60 35 55 67 99 28 82 58 82 85 39 22 62 53 93 68 84 21 99 47 95 52 22 43 18 53 60 83 62 98 62 27 32 55 34 92 32 95 99 98 71 11 14 37 46 54 88 94 79 96 24 34 90 74 13 41 90 64 31 98 65 24 11 33 21 0 47 50 36 93 30 43 91 76 31 37 33 97 20 33 82 72 86 47 54 64 33 47 29 62 28 60 96 27 59 59 89 36 31 90 83 92 85 36 83 69 88 47 95 88 17 11 45 50 87 66 19 30 48 40 93 23 83 88 28 90 96 28 15 84 74 14 79 87 48 23 70 34 13 59 57
89 72 48 36 22 76 33 84 42 41 80 47 95 26 40 53 13 66 93 33 50 93 49 47 43 58 69 55 18 93 19 50 13 89 25 54 86 55 52 63 59 78 85 52 28 21 34 63 90 90 54 77 56 85 27 43 41 58 88 26 53 27 90 37 62 87 14 79 58 10 28 18 61 81 47 0 78 46 32 10 91 33 98 27 39 51 86 36 82 30 21 88 30 18 39 48 73 28 41 61 83 88 91 98 78 53 75 90 58 49 16 28 68 76 35 93 38 43 28 25 95 59 26 80 18 60 98 60 84 50 38 53 81 38 67 42 48 27 80 39 38 83 84 39 37 87 35 11 40 56
76 76 13 50 43 43 12 17 14 62 26 46 32 53 50 19 53 65 77 11 98 89 77 96 49 29 82 35 97 94 24 14 11 64 12 96 94 42 52 35 49 37 65 77 22 43 45 12 93 67 85 13 54 63 61 22 45 47 27 10 81 40 84 16 43 62 25 33 67 12 38 68 28 34 50 78 0 89 62 47 85 95 71 76 10 92 61 72 86 91 80 96 75 48 90 86 23 66 24 86 13 72 75 57 76 58 81 60 56 62 14 47 21 69 53 58 28 59 96 66 83 68 32 18 76 42 42 26 27 42 56 39 64 42 27 80 18 66 88 19 55 19 44 95 89 58 43 18 69 57
56 65 58 47 92 94 29 88 44 99 49 14 87 43 86 45 89 98 54 66 54 68 79 11 16 48 63 59 69 73 67 87 52 38 58 27 73 79 82 56 70 47 54 86 72 99 88 85 68 44 93 49 19 17 60 11 51 99 23 95 39 40 81 68 77 91 44 10 15 81 20 61 69 99 36 46 89 0 98 13 44 84 99 20 97 65 80 69 23 81 47 77 36 57 31 17 18 71 85 26 21 60 37 35 91 93 99 26 76 87 80 22 45 22 22 81 39 15 35 66 65 82 63 32 33 66 52 50 97 50 16 94 76 51 22 39 30 83 38 88 92 83 92 45 16 37 15 65 82 71
98 75 67 68 76 93 39 87 55 39 21 17 88 97 32 62 45 74 66 94 86 54 86 68 26 71 52 64 75 13 18 14 68 99 25 81 77 80 15 32 22 79 19 21 14 35 78 89 42 40 30 41 84 88 87 31 53 43 15 31 34 76 84 55 62 86 75 89 69 36 58 30 79 75 93 32 62 98 0 96 83 29 45 99 72 60 53 71 17 96 57 70 73 67 52 58 95 51 46 18 45 86 18 30 93 82 60 74 34 82 12 51 10 82 44 99 93 80 68 92 60 34 43 34 62 97 86 20 52 46 72 54 41 17 72 53 57 99 56 33 93 71 73 92 38 44 36 70 82 13
98 53 89 37 97 80 10 28 52 75 27 69 13 23 22 84 65 59 81 17 77 96 19 16 37 59 73 33 80 65 89 17 89 16 72 60 27 99 11 12 68 38 55 57 68 80 33 20 26 32 16 45 12 56 81 46 16 98 72 28 62 94 85 57 82 36 92 38 92 76 43 42 57 50 30 10 47 13 96 0 38 25 56 80 76 67 63 66 66 45 75 48 51 82 11 91 87 96 85 41 49 99 53 78 44 26 67 22 43 83 78 71 97 26 56 26 70 56 79 59 96 57 24 77 75 30 66 10 58 86 99 85 95 59 12 18 12 34 49 37 69 58 47 35 38 16 77 27 66 92
50 15 80 11 11 33 28 66 26 17 18 49 39 64 11 11 21 74 86 30 32 74 12 38 41 62 27 97 61 69 24 10 12 24 39 65 18 33 53 47 35 11 42 19 19 62 98 91 64 31 91 33 76 86 68 65 94 54 28 73 92 96 21 44 86 40 11 86 57 81 38 55 78 62 43 91 85 44 83 38 0 84 42 18 83 38 47 34 81 48 74 75 16 88 10 95 78 11 85 77 15 43 11 37 88 87 53 54 13 89 86 99 27 26 84 88 54 65 71 95 45 56 50 14 15 95 58 64 47 73 35 56 73 82 13 75 91 79 90 36 96 53 99 29 82 49 88 44 66 37
66 40 86 55 71 56 25 52 17 62 22 51 77 30 75 95 80 23 13 44 31 43 57 79 83 27 47 77 33 75 54 37 80 74 71 61 33 99 52 79 68 47 38 36 81 70 71 28 41 85 12 18 32 29 99 70 27 52 48 70 70 98 17 59 33 56 44 96 11 48 68 20 63 20 91 33 95 84 29 25 84 0 76 95 67 80 13 15 62 10 10 95 99 21 63 14 53 54 67 17 85 32 11 40 37 66 44 16 32 47 79 79 26 31 52 47 91 64 66 67 47 34 79 85 29 87 58 71 75 30 71 76 90 77 19 31 79 89 79 33 78 12 44 84 32 18 70 99 37 87
96 32 34 56 47 87 11 59 86 45 50 64 49 13 95 42 52 78 29 12 27 78 20 52 78 26 14 13 43 69 70 97 65 68 14 25 70 31 91 87 36 59 80 28 84 31 59 19 47 34 73 74 50 21 78 62 47 59 92 65 71 56 80 40 90 20 49 79 40 73 51 73 25 80 76 98 71 99 45 56 42 76 0 26 51 74 95 85 88 90 82 70 64 58 53 77 64 45 89 37 77 81 68 94 53 73 43 57 83 69 50 36 77 16 83 91 28 43 82 62 64 93 83 45 14 24 85 89 58 71 23 30 27 93 49 97 87 99 74 75 68 98 79 43 26 48 60 64 23 85
21 78 15 66 28 94 57 99 46 81 83 57 83 45 38 94 32 59 54 12 47 30 10 81 58 64 45 86 31 26 73 96 54 73 72 13 40 84 67 38 32 38 51 45 91 65 83 45 98 18 82 43 92 86 66 42 49 36 75 59 55 76 65 86 35 85 58 56 56 44 80 38 69 96 31 27 76 20 99 80 18 95 26 0 60 77 40 65 93 75 34 28 95 19 92 87 71 84 62 42 75 30 74 30 14 94 81 13 23 81 52 97 53 53 17 38 36 62 44 36 53 44 22 52 33 67 98 24 97 87 83 59 50 99 81 51 44 44 64 78 11 40 45 94 14 33 54 16 43 61
68 23 18 60 31 35 81 53 25 30 77 81 91 90 40 47 59 47 18 77 87 59 15 97 91 13 29 41 74 75 88 48 27 97 30 38 21 69 95 84 78 18 28 45 55 79 90 57 70 45 25 84 60 68 16 41 80 63 13 22 78 40 75 36 55 16 24 55 88 89 40 91 63 72 37 39 10 97 72 76 83 67 51 60 0 46 62 12 75 21 11 87 42 35 98 51 64 82 45 74 34 25 56 87 34 65 87 28 64 49 66 90 47 19 21 32 41 74 83 94 15 81 80 26 19 16 51 99 55 87 71 49 88 15 61 42 55 94 11 25 43 72 85 33 72 26 96 48 11 20
89 31 76 93 96 45 16 80 65 96 52 74 95 64 44 27 76 71 72 77 25 20 76 85 22 60 95 61 41 53 95 69 94 87 71 89 28 96 55 76 71 26 51 38 21 33 33 75 72 38 87 59 78 61 10 28 25 97 17 77 84 86 22 26 68 22 76 16 26 96 72 12 31 53 33 51 92 65 60 67 38 80 74 77 46 0 90 78 16 96 79 81 39 22 33 36 19 24 97 70 79 21 60 86 82 29 49 83 90 89 53 56 55 85 34 88 73 89 71 54 93 92 82 75 27 61 77 78 65 89 48 20 18 61 98 83 55 23 89 16 31 74 12 24 92 83 72 60 99 63
48 25 20 39 23 71 87 50 69 39 58 12 12 97 81 15 48 74 98 51 19 94 51 26 65 55 67 54 66 66 79 40 78 56 88 53 64 16 19 22 21 59 79 60 43 57 33 33 55 74 75 50 31 78 43 56 63 20 61 38 86 17 56 28 23 74 34 85 87 91 30 35 28 57 97 86 61 80 53 63 47 13 95 40 62 90 0 55 79 72 11 59 20 33 86 43 12 27 48 55 26 68 85 16 61 31 32 79 71 59 38 64 27 60 22 62 80 26 99 53 16 70 28 87 14 61 29 74 93 22 25 61 68 75 36 96 13 93 64 77 39 71 53 56 98 55 47 22 53 89
70 95 22 88 70 99 38 93 18 64 27 97 24 70 37 94 46 68 97 31 46 18 38 98 86 73 98 40 59 73 84 83 28 23 83 66 15 11 75 42 63 15 99 62 99 12 52 61 21 82 37 20 51 94 91 56 59 57 46 19 85 64 87 35 88 29 35 85 64 39 74 45 43 43 20 36 72 69 71 66 34 15 85 65 12 78 55 0 55 92 14 84 61 31 20 53 50 57 68 96 54 34 79 28 86 90 55 70 34 32 50 38 58 70 31 25 38 43 68 22 70 75 45 65 78 31 68 11 80 59 92 41 53 21 55 75 53 79 32 36 86 44 48 59 88 53 91 21 91 74
40 21 50 98 65 92 14 91 54 59 43 37 34 20 81 14 62 19 26 93 97 30 42 73 76 24 53 96 98 73 27 52 59 92 91 29 21 76 22 65 27 42 52 80 26 66 34 57 50 32 50 14 61 80 21 20 43 65 15 43 85 14 29 46 75 83 72 86 47 91 99 37 71 67 33 82 86 23 17 66 81 62 88 93 75 16 79 55 0 57 94 62 88 90 49 25 62 22 86 38 46 36 81 49 71 76 39 53 19 83 24 93 51 43 89 22 10 28 33 28 44 54 68 22 63 62 81 19 86 86 79 72 90 55 53 60 52 64 55 50 90 64 32 43 71 62 18 93 98 64
33 80 70 76 71 15 46 22 53 56 92 49 82 18 75 38 27 31 94 76 61 42 36 47 47 17 41 54 92 68 60 22 72 13 76 21 57 78 45 66 61 38 73 28 64 79 82 56 68 16 64 88 21 43 97 90 53 32 80 38 95 54 85 60 98 86 40 13 65 96 76 71 62 18 82 30 91 81 96 45 48 10 90 75 21 96 72 92 57 0 13 22 88 54 49 22 31 71 52 82 94 27 65 62 26 15 17 49 86 32 56 53 83 14 33 51 56 18 70 51 24 55 69 30 46 17 68 80 44 11 61 60 81 56 80 96 64 90 60 38 26 61 39 79 86 61 25 62 62 23
93 60 20 13 33 76 86 78 43 72 56 79 26 68 45 20 50 18 55 88 58 86 91 33 21 21 91 89 10 87 59 12 60 60 50 15 83 82 12 96 23 95 85 42 20 16 79 85 59 99 45 52 40 34 57 41 63 98 77 33 26 43 90 54 90 86 34 47 46 23 68 82 91 99 72 21 80 47 57 75 74 10 82 34 11 79 11 14 94 13 0 68 70 58 81 12 74 53 38 82 59 77 80 70 39 32 90 56 25 57 46 59 58 57 66 65 88 81 21 90 52 39 80 19 30 26 41 32 60 74 95 49 91 66 67 12 99 24 36 74 90 33 28 23 99 55 95 96 85 55
77 58 99 97 33 21 79 70 16 72 73 78 82 25 73 98 90 40 36 43 19 69 48 51 85 75 71 15 99 48 98 43 25 96 56 94 14 43 36 26 44 34 60 42 42 34 81 53 41 16 58 38 90 24 94 95 24 48 55 93 75 11 48 57 17 38 28 58 66 64 27 97 62 57 86 88 96 77 70 48 75 95 70 28 87 81 59 84 62 22 68 0 99 97 51 48 25 68 24 99 38 77 62 43 22 33 68 94 12 67 16 53 23 39 67 87 45 73 10 27 46 45 89 29 39 42 28 60 97 16 77 79 63 12 71 62 18 17 45 56 66 48 33 55 84 81 42 94 73 95
22 69 43 85 11 80 10 37 69 71 10 81 78 26 65 89 83 24 71 11 33 91 22 39 74 22 62 45 25 88 26 89 15 81 74 24 86 99 85 80 49 17 37 52 90 83 48 29 99 90 48 13 42 68 33 24 61 54 48 61 71 91 78 71 35 69 45 99 31 26 29 94 75 72 47 30 75 36 73 51 16 99 64 95 42 39 20 61 88 88 70 99 0 76 76 31 22 98 72 82 15 18 63 14 37 70 30 99 78 74 79 95 37 91 40 28 93 46 65 37 58 12 87 52 22 31 91 12 67 19 16 21 40 23 67 79 24 93 62 11 28 90 22 17 90 59 16 90 20 95
41 40 31 87 55 36 69 19 20 63 14 72 42 83 28 97 26 30 49 26 48 52 14 68 92 43 66 96 76 39 35 91 19 57 67 82 98 68 78 82 94 93 66 76 68 79 24 73 20 28 96 53 29 60 30 33 25 88 16 85 81 24 47 56 90 31 83 38 36 15 62 26 61 38 54 18 48 57 67 82 88 21 58 19 35 22 33 31 90 54 58 97 76 0 69 40 12 94 87 13 25 59 98 13 42 49 18 15 22 61 33 73 77 13 11 21 74 87 59 38 48 82 13 49 96 49 41 81 24 68 48 72 23 40 81 30 87 61 73 34 91 45 89 81 22 52 30 59 43 84
63 51 23 97 86 35 63 67 77 40 87 85 63 48 30 36 89 55 72 33 52 14 81 75 80 87 30 27 33 91 82 97 71 83 35 82 40 24 31 63 61 63 92 77 19 93 74 88 38 40 63 76 43 46 49 18 72 98 69 19 96 57 21 75 52 67 45 39 96 48 75 44 55 42 64 39 90 31 52 11 10 63 53 92 98 33 86 20 49 49 81 51 76 69 0 24 61 79 97 75 99 93 72 69 14 46 95 86 53 34 16 15 48 67 45 32 59 25 81 72 69 88 21 18 66 70 26 23 90 29 92 97 26 72 88 56 46 33 47 18 40 66 47 83 18 73 49 17 60 97
65 64 76 65 75 45 65 37 24 89 82 98 56 27 31 49 71 91 43 97 11 49 81 18 35 55 20 82 53 94 36 59 84 63 45 14 56 81 99 24 16 88 41 90 25 76 28 80 20 68 38 22 45 21 77 85 97 50 54 37 47 80 55 69 78 67 98 78 95 85 62 70 47 55 33 48 86 17 58 91 95 14 77 87 51 36 43 53 25 22 12 48 31 40 24 0 18 70 59 91 15 33 99 25 63 72 94 76 81 11 35 45 68 54 41 84 23 78 67 93 97 79 21 74 97 24 75 88 27 60 93 27 39 15 38 59 29 77 44 76 68 40 18 70 22 11 61 96 17 69
63 54 15 90 24 95 74 24 81 91 83 53 66 73 18 54 99 67 40 38 72 55 42 44 50 96 73 65 55 22 94 58 43 82 58 43 31 46 88 82 78 70 71 11 35 64 55 54 29 60 34 95 81 23 45 38 16 83 17 19 33 76 34 32 25 34 44 75 47 52 54 82 62 39 47 73 23 18 95 87 78 53 64 71 64 19 12 50 62 31 74 25 22 12 61 18 0 72 74 19 25 50 93 77 56 25 97 64 67 51 74 84 24 31 70 38 83 48 18 35 90 38 36 53 69 27 98 73 15 23 13 27 73 34 64 43 30 98 37 89 88 85 26 60 86 45 96 52 25 12
27 75 56 36 21 17 64 67 12 81 21 64 84 67 65 49 86 44 43 82 35 16 14 38 62 41 33 62 71 12 31 73 49 40 16 90 22 62 21 17 44 96 72 86 19 87 54 97 22 77 47 69 27 81 72 84 51 81 99 95 21 78 20 97 70 56 10 28 30 88 13 81 94 44 29 28 66 71 51 96 11 54 45 84 82 24 27 57 22 71 53 68 98 94 79 70 72 0 28 31 32 77 37 41 60 61 88 10 49 40 32 63 24 92 77 27 95 54 76 87 18 70 98 36 88 79 96 92 12 63 61 10 89 22 65 34 74 92 79 26 77 98 90 29 18 20 30 49 72 12
18 56 14 91 38 17 32 29 49 93 61 47 81 39 43 64 61 34 15 63 88 83 29 90 34 66 66 70 29 90 63 44 77 19 36 98 73 20 57 87 77 75 75 89 90 90 66 85 29 61 80 23 49 54 19 81 61 79 38 21 92 57 29 91 11 71 28 13 49 78 58 79 76 78 62 41 24 85 46 85 85 67 89 62 45 97 48 68 86 52 38 24 72 87 97 59 74 28 0 14 25 82 16 77 66 90 80 90 44 26 30 76 25 14 47 76 74 72 20 32 23 46 44 79 57 14 38 18 11 28 80 16 88 57 38 76 55 78 82 74 12 72 77 91 84 26 81 22 72 24
85 80 95 48 72 10 16 59 24 64 99 69 51 62 42 92 59 99 51 82 89 11 46 97 11 89 94 87 17 28 68 29 10 68 80 35 30 77 80 88 86 42 70 72 21 20 91 26 43 54 73 12 14 11 46 82 43 17 56 93 91 72 56 53 15 77 52 55 66 30 45 38 27 63 28 61 86 26 18 41 77 17 37 42 74 70 55 96 38 82 82 99 82 13 75 91 19 31 14 0 84 52 19 89 51 46 89 88 14 32 26 78 13 40 58 51 17 49 25 69 59 80 34 59 67 21 41 28 46 81 67 31 39 12 40 97 51 99 36 94 34 40 66 48 81 10 82 99 60 36
95 48 17 37 59 77 55 73 54 38 12 64 56 99 48 32 72 49 51 95 52 65 90 35 66 36 17 94 47 98 99 35 47 28 97 42 15 48 90 63 14 71 55 72 26 85 55 48 63 22 51 57 40 17 47 51 70 96 35 67 29 82 13 28 11 44 57 32 16 58 12 62 52 50 60 83 13 21 45 49 15 85 77 75 34 79 26 54 46 94 59 38 15 25 99 15 25 32 25 84 0 93 86 49 29 49 77 60 92 46 10 15 16 92 57 49 34 82 21 40 65 53 83 64 77 76 62 33 83 55 17 81 61 50 85 44 41 18 47 41 18 37 37 20 64 43 92 80 90 47
43 77 57 28 99 34 81 74 69 94 78 85 82 81 37 26 81 78 48 43 47 40 69 12 29 61 38 57 57 71 51 56 38 31 62 43 43 10 11 13 28 61 95 47 97 16 66 91 10 76 16 10 95 77 28 22 49 81 47 20 14 82 53 35 87 24 57 97 77 11 17 66 31 43 96 88 72 60 86 99 43 32 81 30 25 21 68 34 36 27 77 77 18 59 93 33 50 77 82 52 93 0 25 95 57 22 72 26 69 32 94 36 92 84 77 10 60 79 42 25 99 22 89 84 31 21 33 20 89 96 18 29 66 29 74 58 74 47 17 47 18 61 33 97 12 27 53 58 58 12
67 46 77 36 83 61 75 83 14 11 15 33 18 33 21 70 25 50 80 95 21 67 72 57 39 92 74 48 21 34 59 76 36 94 63 49 66 83 62 54 11 38 59 76 17 93 78 83 13 19 94 84 71 61 73 97 62 44 92 72 55 48 89 54 34 90 82 31 32 73 91 11 35 89 27 91 75 37 18 53 11 11 68 74 56 60 85 79 81 65 80 62 63 98 72 99 93 37 16 19 86 25 0 96 42 42 60 12 95 56 96 86 84 13 39 11 76 24 43 13 33 98 69 57 80 53 67 45 56 87 15 26 94 29 55 49 35 92 34 31 25 71 59 74 18 92 36 46 58 35
13 67 40 11 14 50 74 69 54 58 74 81 42 64 48 38 42 44 54 48 80 33 53 99 31 82 48 47 78 49 56 37 50 98 53 70 12 31 21 76 66 45 80 52 30 37 12 14 95 46 93 52 91 87 21 35 67 70 24 55 20 90 73 71 12 56 49 48 54 30 25 53 99 82 59 98 57 35 30 78 37 40 94 30 87 86 16 28 49 62 70 43 14 13 69 25 77 41 77 89 49 95 96 0 52 76 58 65 96 55 62 62 30 53 59 77 90 31 86 59 90 96 91 62 20 45 64 58 73 79 73 62 46 25 17 36 37 11 47 71 76 53 60 83 11 47 65 53 58 65
90 30 54 20 52 94 33 72 56 34 31 92 16 88 73 74 92 77 17 28 92 67 76 38 38 94 64 87 79 99 97 85 37 97 75 58 37 25 70 93 33 54 58 14 32 77 47 52 83 70 29 92 92 53 72 74 51 75 71 47 10 62 45 34 65 13 97 96 16 56 73 72 92 64 59 78 76 91 93 44 88 37 53 14 34 82 61 86 71 26 39 22 37 42 14 63 56 60 66 51 29 57 42 52 0 39 32 33 65 19 51 37 86 62 88 72 42 55 65 81 49 31 62 89 12 66 87 33 96 97 58 84 33 64 27 29 79 48 36 10 89 86 38 24 96 81 91 60 10 73
11 94 74 88 96 94 92 53 37 63 56 17 56 96 21 10 63 38 63 58 77 96 94 31 68 34 66 18 59 18 78 54 87 58 18 42 50 26 85 40 64 30 53 73 59 43 88 76 39 40 62 61 54 99 42 18 68 75 61 55 18 40 80 46 46 73 25 67 68 82 76 16 28 38 89 53 58 93 82 26 87 66 73 94 65 29 31 90 76 15 32 33 70 49 46 72 25 61 90 46 49 22 42 76 39 0 48 57 42 56 12 72 75 70 32 49 15 73 74 13 22 94 85 15 82 17 81 92 10 55 47 37 86 75 51 27 53 98 19 12 84 17 67 20 65 39 23 50 56 45
93 80 80 76 16 32 26 34 12 72 82 71 72 77 12 13 91 73 60 91 90 77 79 49 93 55 70 55 60 56 14 78 12 51 69 76 30 18 46 64 77 11 99 13 35 95 94 78 35 72 81 89 21 64 46 18 57 69 54 69 36 20 54 77 45 62 53 53 83 94 31 77 61 44 36 75 81 99 60 67 53 44 43 81 87 49 32 55 39 17 90 68 30 18 95 94 97 88 80 89 77 72 60 58 32 48 0 84 20 20 72 12 49 94 35 56 69 52 60 27 40 51 53 77 18 93 84 11 70 55 46 17 94 42 66 52 34 12 46 71 60 16 38 95 58 79 77 24 51 49
95 68 93 82 98 43 86 26 66 74 31 26 59 23 88 46 83 23 31 93 71 40 63 34 81 24 38 95 74 89 78 35 33 22 86 67 64 73 49 76 83 34 46 61 20 90 66 25 73 18 93 58 82 22 74 30 82 91 19 14 18 85 38 22 99 89 10 75 46 86 79 66 11 30 31 90 60 26 74 22 54 16 57 13 28 83 79 70 53 49 56 94 99 15 86 76 64 10 90 88 60 26 12 65 33 57 84 0 83 61 76 15 46 10 35 44 99 73 52 67 99 62 95 59 83 78 91 55 80 76 12 84 41 99 58 44 31 73 81 95 47 38 84 38 32 40 56 39 59 84
73 87 69 34 72 46 81 40 52 36 55 42 39 44 46 75 40 40 49 57 80 97 73 47 36 76 68 18 71 68 39 31 43 58 69 92 77 68 34 69 82 92 22 64 71 93 91 31 51 29 58 83 27 25 85 98 28 90 49 94 16 64 32 80 54 72 67 22 14 46 72 17 91 98 90 58 56 76 34 43 13 32 83 23 64 90 71 34 19 86 25 12 78 22 53 81 67 49 44 14 92 69 95 96 65 42 20 83 0 54 51 28 96 71 52 57 95 95 62 96 27 67 21 89 68 77 15 89 24 14 61 69 54 85 60 95 26 80 52 48 65 40 84 31 82 85 39 62 98 16
46 49 22 49 52 56 86 98 34 94 63 21 20 63 82 47 46 85 51 86 85 81 91 70 90 54 35 37 90 61 31 18 76 18 56 81 77 36 60 16 68 63 84 47 92 99 71 93 50 58 55 64 90 46 56 17 86 16 61 91 43 59 42 61 91 38 58 47 49 78 38 85 64 40 83 49 62 87 82 83 89 47 69 81 49 89 59 32 83 32 57 67 74 61 34 11 51 40 26 32 46 32 56 55 19 56 20 61 54 0 42 93 71 80 40 15 11 66 57 96 93 84 68 97 56 82 54 78 39 79 44 79 70 19 44 18 12 86 80 25 19 80 52 41 90 70 64 89 98 45
71 94 30 96 37 85 68 21 15 63 37 73 23 50 68 93 26 63 18 95 37 68 90 66 38 62 33 61 96 89 61 28 86 74 41 95 86 62 17 84 92 23 54 89 36 39 25 57 68 12 40 78 65 62 85 89 72 22 43 17 92 62 55 53 84 42 12 88 95 32 68 53 52 31 92 16 14 80 12 78 86 79 50 52 66 53 38 50 24 56 46 16 79 33 16 35 74 32 30 26 10 94 96 62 51 12 72 76 51 42 0 48 95 40 59 25 46 23 87 71 86 56 88 27 86 74 87 89 59 40 48 89 46 48 81 30 34 84 79 35 88 75 73 34 97 43 30 96 43 14
55 29 53 41 39 12 77 52 24 60 87 73 45 28 13 43 20 84 69 54 47 46 75 73 35 65 41 19 99 47 12 80 85 51 25 42 95 74 78 45 27 34 11 55 49 11 69 23 47 72 41 47 64 15 10 48 98 63 93 14 68 23 95 51 93 35 77 93 32 45 23 83 23 20 85 28 47 22 51 71 99 79 36 97 90 56 64 38 93 53 59 53 95 73 15 45 84 63 76 78 15 36 86 62 37 72 12 15 28 93 48 0 30 51 96 22 74 64 15 70 38 48 55 23 99 25 95 38 56 41 43 22 79 92 12 39 67 32 31 30 40 17 93 12 90 16 90 51 69 71
35 74 60 70 67 58 86 69 34 20 43 63 85 80 77 70 37 73 60 48 38 87 35 49 32 77 56 98 48 24 15 10 69 62 13 14 56 33 62 76 11 83 98 53 61 10 47 11 43 46 34 74 28 21 68 76 44 10 91 33 70 31 68 17 62 45 45 31 11 27 32 56 58 37 36 68 21 45 10 97 27 26 77 53 47 55 27 58 51 83 58 23 37 77 48 68 24 24 25 13 16 92 84 30 86 75 49 46 96 71 95 30 0 19 98 53 38 46 23 80 54 98 42 66 47 81 46 96 68 80 51 62 65 64 28 65 42 89 64 93 62 68 17 21 88 21 18 54 56 87
71 35 93 99 80 46 67 84 72 97 85 35 59 70 98 50 42 17 71 31 14 71 32 62 15 57 73 17 12 21 87 80 65 80 30 73 45 93 70 97 32 69 27 50 32 32 30 90 40 52 82 82 69 66 79 69 50 18 43 18 80 69 76 81 12 94 30 69 62 32 53 63 66 82 83 76 69 22 82 26 26 31 16 53 19 85 60 70 43 14 57 39 91 13 67 54 31 92 14 40 92 84 13 53 62 70 94 10 71 80 40 51 19 0 59 42 35 72 30 30 97 43 17 96 33 90 94 57 11 51 61 70 59 49 97 53 56 26 30 99 35 73 54 19 18 74 98 43 21 85
31 62 92 37 39 28 80 81 49 41 22 68 42 99 75 86 36 64 19 81 23 45 94 34 44 10 85 62 14 70 17 73 76 48 39 50 60 38 46 55 53 48 23 30 44 90 85 93 81 47 29 79 20 56 66 25 50 44 20 50 15 23 94 83 76 12 89 42 89 27 72 97 45 48 69 35 53 22 44 56 84 52 83 17 21 34 22 31 89 33 66 67 40 11 45 41 70 77 47 58 57 77 39 59 88 32 35 35 52 40 59 96 98 59 0 69 82 36 98 21 19 86 85 51 79 88 35 15 77 59 32 30 62 56 89 45 29 28 29 29 62 46 77 58 33 53 18 66 49 25
90 71 40 47 95 36 75 60 14 67 56 49 72 90 82 21 97 33 67 65 42 43 65 91 39 88 42 31 24 63 24 28 16 62 99 55 73 30 68 56 11 88 14 98 43 81 91 61 44 72 85 94 98 17 59 48 90 51 16 84 46 28 66 53 12 28 38 53 48 27 72 45 60 98 88 93 58 81 99 26 88 47 91 38 32 88 62 25 22 51 65 87 28 21 32 84 38 27 76 51 49 10 11 77 72 49 56 44 57 15 25 22 53 42 69 0 56 30 10 59 98 69 82 15 79 68 97 96 47 13 34 84 63 48 91 48 20 18 31 66 95 95 93 36 94 91 64 73 26 74
85 92 92 89 43 92 77 95 14 90 97 14 62 94 37 10 73 95 52 13 84 96 99 32 40 16 49 98 82 29 58 10 25 84 98 49 65 27 65 75 20 83 83 25 16 34 91 32 46 37 37 73 58 46 93 35 65 26 77 95 52 89 97 31 68 96 13 13 19 60 94 14 88 77 47 38 28 39 93 70 54 91 28 36 41 73 80 38 10 56 88 45 93 74 59 23 83 95 74 17 34 60 76 90 42 15 69 99 95 11 46 74 38 35 82 56 0 72 23 43 88 72 88 53 61 42 55 65 31 80 98 51 65 74 95 85 23 45 46 76 50 21 26 26 36 49 23 70 57 34
44 98 99 52 43 67 36 20 26 28 49 63 74 70 34 45 30 91 84 49 11 32 77 10 82 60 86 39 75 79 87 58 95 28 59 10 79 50 53 42 95 30 34 80 58 22 79 70 73 45 76 14 92 22 80 92 15 30 88 79 45 28 30 96 14 32 13 69 15 40 13 66 73 24 95 43 59 15 80 56 65 64 43 62 74 89 26 43 28 18 81 73 46 87 25 78 48 54 72 49 82 79 24 31 55 73 52 73 95 66 23 64 46 72 36 30 72 0 40 20 11 14 23 64 82 11 64 22 39 36 53 64 16 89 74 76 44 87 65 32 60 58 14 62 81 19 37 29 35 25
25 99 57 25 11 58 56 45 85 68 71 46 82 21 85 84 13 95 82 91 59 68 25 26 70 60 37 61 59 90 15 52 30 21 85 57 84 11 79 28 44 76 84 11 56 14 31 92 76 71 65 27 93 36 49 53 36 14 63 75 88 80 32 33 31 55 29 60 28 32 18 52 28 66 88 28 96 35 68 79 71 66 82 44 83 71 99 68 33 70 21 10 65 59 81 67 18 76 20 25 21 42 43 86 65 74 60 52 62 57 87 15 23 30 98 10 23 40 0 84 31 86 60 25 81 60 54 78 57 88 35 25 65 91 58 21 26 99 99 81 93 38 90 41 91 93 73 63 77 16
26 54 59 74 11 90 91 59 64 95 90 50 33 38 14 30 21 76 16 25 54 34 88 30 71 47 49 82 49 44 66 10 46 90 48 29 58 69 16 99 99 18 87 24 40 18 20 54 79 19 18 39 55 56 70 96 62 82 19 63 97 37 97 83 46 35 83 29 48 98 93 73 36 50 17 25 66 66 92 59 95 67 62 36 94 54 53 22 28 51 90 27 37 38 72 93 35 87 32 69 40 25 13 59 81 13 27 67 96 96 71 70 80 30 21 59 43 20 84 0 60 15 68 94 68 12 20 99 81 23 37 10 72 91 87 41 12 69 54 79 68 74 39 94 89 23 63 53 54 98
19 51 86 54 85 39 18 31 56 74 65 20 29 35 36 65 84 73 11 66 61 54 43 87 67 25 94 82 52 98 80 26 66 92 11 49 80 92 34 99 71 54 82 31 45 83 78 14 82 47 27 97 91 88 43 16 81 66 86 25 90 64 85 65 45 26 11 24 45 80 35 83 34 72 11 95 83 65 60 96 45 47 64 53 15 93 16 70 44 24 52 46 58 48 69 97 90 18 23 59 65 99 33 90 49 22 40 99 27 93 86 38 54 97 19 98 88 11 31 60 0 42 47 88 95 33 78 25 16 52 68 27 67 86 64 66 99 16 79 89 44 38 38 14 76 72 54 94 47 23
65 58 38 17 64 20 82 89 21 81 50 73 16 67 83 83 67 39 69 81 86 40 88 51 36 55 93 15 39 28 20 94 56 63 30 35 81 84 38 64 41 87 84 68 28 96 45 79 90 72 95 53 70 23 70 45 19 52 33 48 28 65 67 88 29 62 56 75 49 70 88 90 45 64 45 59 68 82 34 57 56 34 93 44 81 92 70 75 54 55 39 45 12 82 88 79 38 70 46 80 53 22 98 96 31 94 51 62 67 84 56 48 98 43 86 69 72 14 86 15 42 0 22 49 58 22 74 53 47 29 62 31 92 22 99 53 80 51 17 66 41 18 61 83 25 18 62 80 60 21
22 47 63 57 84 69 26 65 13 26 76 26 12 49 34 89 61 47 18 71 92 54 15 96 43 18 83 11 68 12 69 81 37 94 79 10 48 91 86 82 51 53 20 29 48 83 15 29 34 33 20 26 22 22 65 96 50 31 31 33 65 75 85 20 76 88 40 29 92 18 44 96 43 87 50 26 32 63 43 24 50 79 83 22 80 82 28 45 68 69 80 89 87 13 21 21 36 98 44 34 83 89 69 91 62 85 53 95 21 68 88 55 42 17 85 82 88 23 60 68 47 22 0 24 69 23 15 11 93 97 25 20 76 13 66 58 20 15 29 93 75 27 15 79 96 98 57 98 21 54
51 13 57 45 33 62 37 20 20 22 55 99 93 57 57 75 21 13 49 40 98 39 31 62 70 12 77 40 34 45 43 22 64 26 49 60 15 86 63 48 21 14 83 56 53 51 65 98 13 38 68 75 35 33 92 88 27 19 76 57 39 27 32 77 45 38 32 61 82 42 35 96 95 31 87 80 18 32 34 77 14 85 45 52 26 75 87 65 22 30 19 29 52 49 18 74 53 36 79 59 64 84 57 62 89 15 77 59 89 97 27 23 66 96 51 15 53 64 25 94 88 49 24 0 57 19 81 32 39 79 16 25 12 70 25 60 16 84 92 97 16 23 46 47 18 48 18 44 13 95
32 82 20 84 65 66 82 69 74 49 32 81 19 89 75 81 27 42 41 73 94 91 81 11 40 66 71 32 67 76 37 90 14 59 58 21 24 18 87 47 21 39 59 70 27 85 89 48 97 80 21 31 51 94 90 58 15 32 11 22 62 92 73 82 46 59 37 46 82 51 24 86 78 89 66 18 76 33 62 75 15 29 14 33 19 27 14 78 63 46 30 39 22 96 66 97 69 88 57 67 77 31 80 20 12 82 18 83 68 56 86 99 47 33 79 79 61 82 81 68 95 58 69 57 0 76 41 13 52 10 30 69 64 53 98 37 18 10 52 59 87 39 69 41 30 10 74 79 52 20
72 41 35 11 33 45 64 15 82 12 29 12 13 17 35 32 26 54 92 36 70 56 74 51 26 13 96 90 68 74 97 84 38 33 74 38 30 41 53 33 83 59 14 94 11 15 36 64 61 94 48 28 10 56 99 86 77 50 69 48 53 58 19 99 34 26 21 56 67 56 97 51 29 39 19 60 42 66 97 30 95 87 24 67 16 61 61 31 62 17 26 42 31 49 70 24 27 79 14 21 76 21 53 45 66 17 93 78 77 82 74 25 81 90 88 68 42 11 60 12 33 22 23 19 76 0 35 89 13 88 57 96 29 74 63 28 11 27 12 19 72 58 56 15 85 84 26 50 71 27
16 96 78 28 87 79 78 15 19 20 27 27 59 43 11 99 87 57 53 56 41 31 72 91 22 88 63 39 83 23 54 15 66 47 47 21 39 64 12 40 81 63 45 84 90 61 59 84 73 73 51 17 20 47 44 97 55 87 95 39 98 25 67 51 89 41 85 11 71 16 27 67 60 56 30 98 42 52 86 66 58 58 85 98 51 77 29 68 81 68 41 28 91 41 26 75 98 96 38 41 62 33 67 64 87 81 84 91 15 54 87 95 46 94 35 97 55 64 54 20 78 74 15 81 41 35 0 94 30 95 81 80 14 76 75 83 53 10 33 39 74 80 42 26 26 77 78 33 38 91
51 54 53 80 25 91 38 18 10 22 65 73 34 84 22 28 14 74 32 20 17 67 44 83 97 36 75 17 57 18 75 23 63 70 50 83 87 88 98 35 89 87 65 43 40 16 98 52 11 77 24 80 52 29 17 93 38 69 59 71 58 74 64 49 88 35 23 72 41 89 97 63 87 58 48 60 26 50 20 10 64 71 89 24 99 78 74 11 19 80 32 60 12 81 23 88 73 92 18 28 33 20 45 58 33 92 11 55 89 78 89 38 96 57 15 96 65 22 78 99 25 53 11 32 13 89 94 0 39 80 86 14 61 86 66 24 21 87 88 81 98 20 84 93 49 94 71 61 99 52
15 34 75 23 32 44 72 60 42 95 54 32 93 98 41 64 26 90 88 54 99 92 94 15 29 44 22 13 69 36 81 39 54 85 58 19 12 57 26 40 75 31 15 97 17 47 71 92 13 69 61 55 30 93 24 52 48 83 27 26 66 91 48 41 93 96 47 59 30 35 62 54 72 22 40 84 27 97 52 58 47 75 58 97 55 65 93 80 86 44 60 97 67 24 90 27 15 12 11 46 83 89 56 73 96 10 70 80 24 39 59 56 68 11 77 47 31 39 57 81 16 47 93 39 52 13 30 39 0 96 18 52 71 42 59 77 61 12 54 37 48 26 90 83 12 23 47 95 11 91
63 64 29 75 67 40 32 56 66 95 25 15 92 87 64 16 12 15 98 72 49 35 55 24 67 39 13 79 35 49 13 94 54 80 59 98 76 69 12 72 81 65 50 27 42 20 80 84 53 97 84 87 49 31 42 30 56 48 31 81 25 25 68 46 12 49 52 56 92 54 58 42 94 20 93 50 42 50 46 86 73 30 71 87 87 89 22 59 86 11 74 16 19 68 29 60 23 63 28 81 55 96 87 79 97 55 55 76 14 79 40 41 80 51 59 13 80 36 88 23 52 29 97 79 10 88 95 80 96 0 34 27 20 41 78 74 97 58 92 93 39 26 20 88 12 72 25 56 36 85
55 46 11 77 81 42 79 60 52 73 39 95 55 91 62 32 54 57 97 83 35 87 36 27 67 72 14 81 16 38 86 98 24 19 61 36 80 59 26 35 60 81 62 14 75 99 65 91 43 29 38 20 74 14 71 24 73 56 48 67 47 66 45 21 92 18 14 52 44 34 62 46 38 76 23 38 56 16 72 99 35 71 23 83 71 48 25 92 79 61 95 77 16 48 92 93 13 61 80 67 17 18 15 73 58 47 46 12 61 44 48 43 51 61 32 34 98 53 35 37 68 62 25 16 30 57 81 86 18 34 0 95 68 84 94 75 19 58 63 54 94 26 72 19 15 66 92 64 61 92
77 16 44 35 53 58 69 83 55 82 15 94 33 33 57 10 90 79 25 51 78 44 71 55 46 41 58 81 52 82 56 32 45 33 25 81 41 84 90 55 31 57 68 74 61 73 51 63 83 93 58 63 70 97 87 51 13 79 35 50 92 89 48 46 61 11 98 90 94 38 34 25 58 86 83 53 39 94 54 85 56 76 30 59 49 20 61 41 72 60 49 79 21 72 97 27 27 10 16 31 81 29 26 62 84 37 17 84 69 79 89 22 62 70 30 84 51 64 25 10 27 31 20 25 69 96 80 14 52 27 95 0 22 93 41 39 13 96 83 60 99 71 23 74 73 37 69 69 40 19
82 36 47 24 93 45 32 39 40 97 15 95 73 11 67 36 54 88 78 31 39 90 96 80 84 16 67 20 74 25 48 21 54 95 69 62 53 14 13 72 67 59 34 70 54 38 44 81 37 33 86 76 90 66 96 12 58 10 18 92 56 12 15 58 46 44 12 96 94 56 86 22 95 39 88 81 64 76 41 95 73 90 27 50 88 18 68 53 90 81 91 63 40 23 26 39 73 89 88 39 61 66 94 46 33 86 94 41 54 70 46 79 65 59 62 63 65 16 65 72 67 92 76 12 64 29 14 61 71 20 68 22 0 13 50 31 30 69 88 22 69 98 67 22 25 54 73 94 89 52
87 34 57 73 60 73 58 45 85 74 49 86 78 15 82 80 53 83 76 10 68 85 80 41 61 64 55 42 77 34 19 74 99 13 89 39 46 98 11 98 68 65 29 46 61 29 39 63 18 24 81 80 69 84 47 41 99 10 23 27 60 18 76 12 25 74 13 33 70 15 29 84 36 76 28 38 42 51 17 59 82 77 93 99 15 61 75 21 55 56 66 12 23 40 72 15 34 22 57 12 50 29 29 25 64 75 42 99 85 19 48 92 64 49 56 48 74 89 91 91 86 22 13 70 53 74 76 86 42 41 84 93 13 0 62 12 27 79 57 88 43 83 30 76 33 70 86 42 94 60
54 42 30 32 39 44 85 63 12 78 29 51 98 94 96 72 52 96 65 10 19 24 50 58 92 52 56 11 72 11 30 24 27 89 68 45 50 82 15 67 20 11 86 13 55 68 61 84 71 42 19 86 86 37 97 40 56 28 43 45 24 16 46 23 25 52 10 75 56 76 84 72 57 63 90 67 27 22 72 12 13 19 49 81 61 98 36 55 53 80 67 71 67 81 88 38 64 65 38 40 85 74 55 17 27 51 66 58 60 44 81 12 28 97 89 91 95 74 58 87 64 99 66 25 98 63 75 66 59 78 94 41 50 62 0 42 99 79 22 15 66 55 10 71 61 58 29 46 41 80
31 98 81 89 93 57 13 79 97 16 67 31 14 61 37 99 60 44 34 92 76 12 11 31 62 68 16 43 15 16 53 67 66 90 20 38 71 18 25 87 56 63 47 23 19 54 57 63 47 16 90 31 81 49 85 46 95 40 71 21 90 48 50 92 72 98 61 70 64 36 42 50 76 19 96 42 80 39 53 18 75 31 97 51 42 83 96 75 60 96 12 62 79 30 56 59 43 34 76 97 44 58 49 36 29 27 52 44 95 18 30 39 65 53 45 48 85 76 21 41 66 53 58 60 37 28 83 24 77 74 75 39 31 12 42 0 94 40 72 80 93 50 69 69 17 35 45 44 81 73
10 49 30 29 21 44 48 24 78 80 76 44 18 85 15 44 51 27 91 25 51 94 76 24 89 24 21 47 85 33 80 68 29 66 24 81 67 47 17 53 57 25 43 16 62 43 37 25 65 26 53 33 51 98 31 33 37 40 76 77 92 36 86 24 74 61 66 81 38 37 57 19 93 61 28 48 18 30 57 12 91 79 87 44 55 55 13 53 52 64 99 18 24 87 46 29 30 74 55 51 41 74 35 37 79 53 34 31 26 12 34 67 42 56 29 20 23 44 26 12 99 80 20 16 18 11 53 21 61 97 19 13 30 27 99 94 0 74 41 87 60 99 77 90 35 41 38 66 92 94
54 84 26 21 70 65 54 44 16 96 91 94 52 42 80 39 87 58 37 54 53 88 43 22 19 87 24 47 50 99 49 78 79 74 18 80 30 20 89 86 65 80 37 62 71 36 56 12 43 44 84 84 88 70 97 67 75 56 77 41 87 41 36 94 16 50 74 58 43 72 78 86 59 54 15 27 66 83 99 34 79 89 99 44 94 23 93 79 64 90 24 17 93 61 33 77 98 92 78 99 18 47 92 11 48 98 12 73 80 86 84 32 89 26 28 18 45 87 99 69 16 51 15 84 10 27 10 87 12 58 58 96 69 79 79 40 74 0 24 86 61 82 51 68 44 93 31 44 54 96
55 70 66 51 55 89 96 77 37 91 52 65 58 17 41 66 58 21 84 37 28 83 95 19 51 74 70 85 10 26 64 13 31 47 60 51 57 17 13 16 54 35 17 26 58 75 24 21 78 39 50 24 51 50 53 90 95 30 53 41 27 54 39 19 18 44 50 31 53 79 18 11 25 60 84 80 88 38 56 49 90 79 74 64 11 89 64 32 55 60 36 45 62 73 47 44 37 79 82 36 47 17 34 47 36 19 46 81 52 80 79 31 64 30 29 31 46 65 99 54 79 17 29 92 52 12 33 88 54 92 63 83 88 57 22 72 41 24 0 10 26 72 54 23 37 64 92 23 88 26
48 72 95 73 62 67 25 19 85 14 84 69 85 96 72 26 48 98 42 32 28 16 75 74 36 56 44 24 51 49 91 70 77 51 66 58 39 34 21 49 12 45 54 39 99 57 93 80 97 97 15 12 66 12 13 11 52 59 14 98 23 23 39 41 51 99 92 71 29 74 25 56 21 27 74 39 19 88 33 37 36 33 75 78 25 16 77 36 50 38 74 56 11 34 18 76 89 26 74 94 41 47 31 71 10 12 71 95 48 25 35 30 93 99 29 66 76 32 81 79 89 66 93 97 59 19 39 81 37 93 54 60 22 88 15 80 87 86 10 0 70 66 18 28 85 60 96 19 88 90
87 18 52 80 35 42 39 20 15 10 93 66 10 20 91 62 22 36 82 79 90 44 23 95 27 84 81 86 74 90 84 87 22 10 51 44 34 75 93 56 91 27 94 28 24 44 60 26 69 70 11 35 17 22 61 98 89 20 32 64 19 73 90 70 56 95 47 41 66 25 92 92 61 84 14 38 55 92 93 69 96 78 68 11 43 31 39 86 90 26 90 66 28 91 40 68 88 77 12 34 18 18 25 76 89 84 60 47 65 19 88 40 62 35 62 95 50 60 93 68 44 41 75 16 87 72 74 98 48 39 94 99 69 43 66 93 60 61 26 70 0 75 80 93 55 61 63 43 37 45
13 31 81 59 90 21 74 98 57 13 77 20 88 49 97 56 67 14 10 94 94 18 57 11 31 28 53 17 79 48 57 68 82 73 96 21 74 51 73 32 96 78 99 44 60 27 58 11 19 16 80 57 96 70 19 25 21 39 72 48 27 98 51 52 39 81 82 88 28 59 94 75 57 41 79 83 19 83 71 58 53 12 98 40 72 74 71 44 64 61 33 48 90 45 66 40 85 98 72 40 37 61 71 53 86 17 16 38 40 80 75 17 68 73 46 95 21 58 38 74 38 18 27 23 39 58 80 20 26 26 26 71 98 83 55 50 99 82 72 66 75 0 35 17 37 15 25 76 55 38
58 21 45 54 81 47 87 89 24 19 22 16 98 35 43 39 59 89 17 46 79 67 39 28 31 44 25 91 15 44 83 25 14 77 71 68 24 17 30 53 99 33 20 89 64 92 34 53 83 80 36 51 10 94 53 91 27 13 37 56 62 74 45 70 86 20 37 71 86 82 92 56 12 20 87 84 44 92 73 47 99 44 79 45 85 12 53 48 32 39 28 33 22 89 47 18 26 90 77 66 37 33 59 60 38 67 38 84 84 52 73 93 17 54 77 93 26 14 90 39 38 61 15 46 69 56 42 84 90 20 72 23 67 30 10 69 77 51 54 18 80 35 0 44 48 85 75 22 15 75
13 60 97 37 26 12 63 12 63 71 18 63 53 52 41 15 58 98 95 18 32 86 87 67 44 70 80 38 26 67 61 60 65 19 29 50 71 22 35 99 17 68 59 32 12 35 13 11 45 40 71 80 54 92 97 90 18 37 67 78 13 57 54 78 42 14 10 83 67 45 27 73 90 66 48 39 95 45 92 35 29 84 43 94 33 24 56 59 43 79 23 55 17 81 83 70 60 29 91 48 20 97 74 83 24 20 95 38 31 41 34 12 21 19 58 36 26 62 41 94 14 83 79 47 41 15 26 93 83 88 19 74 22 76 71 69 90 68 23 28 93 17 44 0 51 15 50 68 66 68
41 66 98 99 97 73 15 51 14 89 97 16 25 30 58 63 36 21 28 71 66 93 41 77 78 42 24 72 17 65 15 19 90 93 31 56 42 24 18 82 42 51 65 77 19 90 74 11 33 39 13 24 19 93 32 10 10 51 61 35 79 80 55 39 24 54 47 47 28 78 19 52 22 94 23 37 89 16 38 38 82 32 26 14 72 92 98 88 71 86 99 84 90 22 18 22 86 18 84 81 64 12 18 11 96 65 58 32 82 90 97 90 88 18 33 94 36 81 91 89 76 25 96 18 30 85 26 49 12 12 15 73 25 33 61 17 35 44 37 85 55 37 48 51 0 51 94 74 15 86
11 76 64 34 95 18 69 21 49 39 30 81 72 71 57 58 82 53 99 12 90 78 83 82 92 11 50 73 44 34 76 49 96 70 26 82 80 13 52 52 14 67 93 78 10 95 74 53 53 66 89 18 50 24 37 34 72 25 40 79 14 38 30 42 86 77 54 21 97 22 68 63 30 96 70 87 58 37 44 16 49 18 48 33 26 83 55 53 62 61 55 81 59 52 73 11 45 20 26 10 43 27 92 47 81 39 79 40 85 70 43 16 21 74 53 91 49 19 93 23 72 18 98 48 10 84 77 94 23 72 66 37 54 70 58 35 41 93 64 60 61 15 85 15 51 0 35 66 61 90
32 87 79 48 65 12 10 37 92 74 64 38 87 11 84 40 33 36 15 57 57 59 16 62 55 19 79 34 12 31 55 82 75 68 29 73 26 38 27 41 21 70 38 75 43 40 52 75 26 39 82 90 36 65 35 53 65 38 57 58 65 74 75 22 42 50 64 55 16 75 60 11 58 98 34 35 43 15 36 77 88 70 60 54 96 72 47 91 18 25 95 42 16 30 49 61 96 30 81 82 92 53 36 65 91 23 77 56 39 64 30 90 18 98 18 64 23 37 73 63 54 62 57 18 74 26 78 71 47 25 92 69 73 86 29 45 38 31 92 96 63 25 75 50 94 35 0 66 91 67
67 38 38 83 51 37 77 48 59 71 70 23 22 73 86 68 74 14 17 79 53 96 85 16 92 65 56 80 19 23 30 38 54 43 49 39 90 69 55 99 63 90 40 23 58 28 72 60 14 38 55 14 76 60 61 14 80 79 55 81 47 63 50 92 67 56 53 30 12 26 83 67 34 54 13 11 18 65 70 27 44 99 64 16 48 60 22 21 93 62 96 94 90 59 17 96 52 49 22 99 80 58 46 53 60 50 24 39 62 89 96 51 54 43 66 73 70 29 63 53 94 80 98 44 79 50 33 61 95 56 64 69 94 42 46 44 66 44 23 19 43 76 22 68 74 66 66 0 74 51
23 51 86 74 79 15 81 36 54 54 87 65 65 33 27 44 86 75 95 48 53 37 54 60 24 52 74 15 93 62 59 60 36 87 63 32 36 71 17 57 54 24 78 52 31 43 11 69 67 82 36 47 29 73 39 65 38 90 88 12 58 23 43 14 92 89 19 20 33 57 85 98 29 79 59 40 69 82 82 66 66 37 23 43 11 99 53 91 98 62 85 73 20 43 60 17 25 72 72 60 90 58 58 58 10 56 51 59 98 98 43 69 56 21 49 26 57 35 77 54 47 60 21 13 52 71 38 99 11 36 61 40 89 94 41 81 92 54 88 88 37 55 15 66 15 61 91 74 0 64
64 87 30 99 11 11 79 58 48 50 63 41 62 81 39 30 65 11 12 74 38 16 43 90 72 37 26 11 69 12 64 39 52 20 89 79 66 50 40 36 31 37 81 80 15 32 62 61 17 37 87 35 30 87 49 19 80 39 25 74 70 33 95 30 86 86 42 66 42 20 85 99 96 17 57 56 57 71 13 92 37 87 85 61 20 63 89 74 64 23 55 95 95 84 97 69 12 12 24 36 47 12 35 65 73 45 49 84 16 45 14 71 87 85 25 74 34 25 16 98 23 21 54 95 20 27 91 52 91 85 92 19 52 60 80 73 94 96 26 90 45 38 75 68 86 90 67 51 64 0