65
0 56 95 26 34 22 14 53 86 70 39 27 52 69 34 18 59 29 45 77 13 13 82 91 62 28 44 82 24 81 40 91 23 41 44 48 44 75 12 30 52 92 64 50 23 72 37 24 25 83 49 26 53 72 18 73 23 24 76 24 16 26 68 28 74
56 0 68 73 33 38 11 79 14 39 52 56 84 76 71 21 68 75 99 83 71 47 23 97 94 74 40 15 84 83 24 72 64 25 98 84 28 95 46 18 50 75 32 87 84 58 73 26 78 90 37 67 70 88 84 80 88 50 75 84 94 68 67 38 45
95 68 0 70 20 34 32 46 20 88 35 28 56 58 66 61 77 36 43 94 32 21 68 43 65 80 11 84 65 67 49 77 73 45 96 49 42 97 46 45 84 84 74 48 31 99 77 90 21 19 14 28 81 95 53 40 87 34 17 10 28 53 72 40 10
26 73 70 0 83 32 59 58 34 44 45 92 84 99 89 97 70 18 91 25 37 30 19 65 88 12 13 51 32 53 65 48 35 53 21 84 10 57 12 64 43 58 11 12 55 11 21 93 82 16 86 44 76 62 33 21 11 50 10 27 13 92 76 73 94
34 33 20 83 0 11 61 81 59 41 33 66 50 30 94 45 24 29 35 79 87 10 53 88 83 52 70 58 83 22 76 66 76 14 39 78 36 36 16 65 85 75 49 28 38 36 66 28 47 95 26 45 72 23 87 18 65 99 63 29 90 71 53 39 87
22 38 34 32 11 0 54 19 74 77 75 21 99 66 32 82 83 48 16 89 22 37 11 43 98 71 97 37 94 51 47 46 68 32 14 80 31 57 56 75 98 82 49 90 66 28 26 10 71 26 55 30 89 94 82 20 78 82 76 57 58 25 58 15 40
14 11 32 59 61 54 0 89 15 92 11 45 77 41 53 36 19 56 12 23 80 14 87 52 58 51 13 44 93 63 45 66 34 94 27 79 49 37 82 43 93 57 75 24 63 17 45 33 59 63 94 62 45 85 59 82 47 65 65 30 70 53 80 42 51
53 79 46 58 81 19 89 0 47 75 41 11 69 94 91 23 93 62 86 84 86 98 70 65 51 28 73 68 27 98 62 89 88 92 85 43 34 67 27 34 92 72 62 78 52 59 23 50 85 28 98 46 80 37 72 81 16 19 23 72 21 87 92 20 14
86 14 20 34 59 74 15 47 0 17 61 15 16 15 77 15 98 79 63 36 34 22 27 36 97 39 91 34 63 71 29 48 82 26 18 10 65 67 34 75 43 20 88 15 39 65 11 71 30 89 13 33 28 36 59 81 98 71 26 72 21 65 83 85 78
70 39 88 44 41 77 92 75 17 0 15 96 65 97 18 32 48 73 87 45 76 65 58 83 93 86 22 11 68 20 78 89 34 47 84 67 46 61 61 52 85 23 32 52 92 78 43 24 15 32 30 90 60 34 48 74 52 94 65 75 79 38 84 89 85
39 52 35 45 33 75 11 41 61 15 0 99 60 70 29 64 86 10 61 42 63 52 62 36 70 47 45 80 16 38 32 74 60 64 97 64 12 91 87 71 10 12 17 11 84 64 27 97 88 97 39 85 30 68 48 53 12 13 86 27 31 88 38 16 37
27 56 28 92 66 21 45 11 15 96 99 0 33 84 36 55 55 68 54 93 64 28 30 75 38 50 80 90 30 34 51 46 78 14 73 95 99 92 38 26 70 59 30 34 67 93 57 25 31 70 50 34 78 77 48 68 50 90 39 57 38 69 12 95 59
52 84 56 84 50 99 77 69 16 65 60 33 0 29 95 28 21 17 37 99 88 83 52 26 34 75 77 11 16 16 42 44 43 48 17 44 26 16 27 52 52 37 55 45 55 40 16 84 42 86 18 80 98 95 91 63 16 22 32 98 65 60 79 37 53
69 76 58 99 30 66 41 94 15 97 70 84 29 0 47 53 78 43 33 21 30 35 65 93 32 14 91 81 97 15 47 70 32 20 45 49 30 37 96 19 91 51 50 61 56 99 92 61 26 19 15 79 41 98 60 23 30 54 40 40 48 19 65 77 35
34 71 66 89 94 32 53 91 77 18 29 36 95 47 0 16 69 73 15 21 99 20 39 95 54 37 22 78 22 92 21 73 89 60 88 93 22 12 67 87 17 52 54 24 98 13 80 32 15 20 48 95 80 28 37 63 67 12 58 37 28 36 11 40 64
18 21 61 97 45 82 36 23 15 32 64 55 28 53 16 0 69 93 81 99 70 43 18 70 17 10 45 63 82 29 44 76 71 30 27 25 29 63 42 84 32 11 65 23 28 92 56 58 19 45 65 62 87 37 95 87 69 31 89 13 77 23 43 36 36
59 68 77 70 24 83 19 93 98 48 86 55 21 78 69 69 0 45 59 36 73 66 96 69 64 97 59 14 16 15 78 80 10 82 41 93 98 11 98 76 80 95 92 90 63 21 55 70 50 44 36 85 18 28 11 78 22 91 87 66 42 62 63 43 69
29 75 36 18 29 48 56 62 79 73 10 68 17 43 73 93 45 0 65 28 74 65 70 96 62 24 41 13 84 49 26 61 94 45 65 87 83 62 99 92 98 24 30 44 38 31 20 65 43 24 11 77 37 41 68 80 54 25 84 83 31 38 36 93 47
45 99 43 91 35 16 12 86 63 87 61 54 37 33 15 81 59 65 0 94 96 70 47 65 85 93 50 31 44 65 88 47 44 20 26 11 98 81 33 39 89 99 36 67 88 54 61 89 46 95 30 20 35 84 41 36 58 95 42 91 20 54 56 74 26
77 83 94 25 79 89 23 84 36 45 42 93 99 21 21 99 36 28 94 0 43 60 10 80 43 61 31 78 47 99 27 89 61 25 41 47 88 54 68 97 21 41 89 67 49 44 67 43 51 85 42 71 13 79 97 45 39 57 36 35 50 12 27 30 92
13 71 32 37 87 22 80 86 34 76 63 64 88 30 99 70 73 74 96 43 0 29 42 65 85 46 73 42 58 80 24 70 33 74 34 70 51 24 36 88 67 51 26 99 94 91 41 38 28 28 34 46 29 62 63 94 67 45 91 53 88 93 26 63 40
13 47 21 30 10 37 14 98 22 65 52 28 83 35 20 43 66 65 70 60 29 0 44 51 36 86 20 27 46 16 67 39 75 47 86 32 57 47 59 79 36 61 91 22 11 32 41 41 63 56 76 28 97 32 10 20 99 86 54 31 37 68 31 53 61
82 23 68 19 53 11 87 70 27 58 62 30 52 65 39 18 96 70 47 10 42 44 0 76 33 40 72 43 21 88 62 99 53 71 27 65 89 68 50 35 23 99 19 71 67 47 69 26 95 64 50 53 84 47 82 16 29 88 34 42 19 94 53 65 78
91 97 43 65 88 43 52 65 36 83 36 75 26 93 95 70 69 96 65 80 65 51 76 0 73 37 50 65 38 82 86 87 73 57 54 49 24 12 73 98 31 15 74 33 58 13 93 51 37 26 59 85 10 73 87 78 69 19 57 19 58 28 63 79 53
62 94 65 88 83 98 58 51 97 93 70 38 34 32 54 17 64 62 85 43 85 36 33 73 0 26 62 52 34 63 95 21 45 49 49 88 95 81 73 45 53 35 26 11 49 83 98 54 48 40 40 69 30 10 57 83 26 69 52 79 12 22 43 42 50
28 74 80 12 52 71 51 28 39 86 47 50 75 14 37 10 97 24 93 61 46 86 40 37 26 0 35 23 64 81 69 76 89 53 40 32 89 97 66 69 26 86 40 60 33 73 50 98 65 69 14 15 34 62 47 48 22 67 62 93 90 20 31 44 83
44 40 11 13 70 97 13 73 91 22 45 80 77 91 22 45 59 41 50 31 73 20 72 50 62 35 0 35 76 48 98 69 26 93 17 39 86 15 13 42 31 14 11 56 55 28 67 87 13 56 25 85 44 57 37 56 49 93 47 76 96 78 70 84 70
82 15 84 51 58 37 44 68 34 11 80 90 11 81 78 63 14 13 31 78 42 27 43 65 52 23 35 0 60 38 86 33 71 72 17 51 58 34 98 72 72 45 48 41 21 27 18 34 89 43 74 98 53 20 87 58 92 32 69 80 79 95 18 80 94
24 84 65 32 83 94 93 27 63 68 16 30 16 97 22 82 16 84 44 47 58 46 21 38 34 64 76 60 0 58 58 88 99 91 69 14 54 13 47 44 69 99 79 14 97 77 61 70 46 68 14 92 73 92 15 93 58 42 81 48 11 27 30 34 65
81 83 67 53 22 51 63 98 71 20 38 34 16 15 92 29 15 49 65 99 80 16 88 82 63 81 48 38 58 0 58 71 61 88 26 27 85 99 83 45 86 14 83 46 19 34 82 47 19 67 14 26 77 32 65 19 75 50 76 93 68 94 72 79 18
40 24 49 65 76 47 45 62 29 78 32 51 42 47 21 44 78 26 88 27 24 67 62 86 95 69 98 86 58 58 0 55 49 74 59 74 80 13 25 79 48 96 52 18 61 53 87 19 86 64 17 79 43 12 14 51 56 37 37 78 91 39 59 34 43
91 72 77 48 66 46 66 89 48 89 74 46 44 70 73 76 80 61 47 89 70 39 99 87 21 76 69 33 88 71 55 0 69 58 62 97 85 12 44 66 16 88 12 67 53 36 68 55 56 64 91 75 64 97 67 84 77 95 26 13 55 45 68 22 20
23 64 73 35 76 68 34 88 82 34 60 78 43 32 89 71 10 94 44 61 33 75 53 73 45 89 26 71 99 61 49 69 0 64 85 79 92 11 37 15 42 95 52 58 17 11 90 44 72 50 56 82 32 25 32 76 39 82 23 63 60 24 64 42 58
41 25 45 53 14 32 94 92 26 47 64 14 48 20 60 30 82 45 20 25 74 47 71 57 49 53 93 72 91 88 74 58 64 0 38 34 31 52 89 37 20 34 78 65 81 41 65 34 74 35 94 47 25 76 33 99 91 32 85 75 86 15 12 50 39
44 98 96 21 39 14 27 85 18 84 97 73 17 45 88 27 41 65 26 41 34 86 27 54 49 40 17 17 69 26 59 62 85 38 0 89 76 92 48 25 95 18 61 66 11 47 29 13 43 11 27 77 28 85 44 38 13 66 35 56 73 39 10 97 94
48 84 49 84 78 80 79 43 10 67 64 95 44 49 93 25 93 87 11 47 70 32 65 49 88 32 39 51 14 27 74 97 79 34 89 0 53 23 37 87 64 17 98 21 50 14 33 95 97 68 42 20 71 72 79 52 86 83 52 52 29 72 31 82 53
44 28 42 10 36 31 49 34 65 46 12 99 26 30 22 29 98 83 98 88 51 57 89 24 95 89 86 58 54 85 80 85 92 31 76 53 0 98 87 25 57 28 61 73 69 49 46 60 51 32 59 74 69 73 66 49 19 55 25 44 37 28 78 53 14
75 95 97 57 36 57 37 67 67 61 91 92 16 37 12 63 11 62 81 54 24 47 68 12 81 97 15 34 13 99 13 12 11 52 92 23 98 0 49 60 30 83 60 34 33 47 45 39 66 94 38 57 72 85 55 40 15 88 61 28 61 16 35 58 66
12 46 46 12 16 56 82 27 34 61 87 38 27 96 67 42 98 99 33 68 36 59 50 73 73 66 13 98 47 83 25 44 37 89 48 37 87 49 0 42 61 53 18 36 80 53 46 16 25 15 65 32 76 64 54 71 64 26 61 14 60 70 53 54 48
30 18 45 64 65 75 43 34 75 52 71 26 52 19 87 84 76 92 39 97 88 79 35 98 45 69 42 72 44 45 79 66 15 37 25 87 25 60 42 0 41 15 21 77 14 46 21 70 81 86 28 20 27 84 36 97 98 45 66 61 42 79 75 19 66
52 50 84 43 85 98 93 92 43 85 10 70 52 91 17 32 80 98 89 21 67 36 23 31 53 26 31 72 69 86 48 16 42 20 95 64 57 30 61 41 0 22 70 93 18 14 32 17 76 93 78 89 46 25 29 55 46 24 81 94 59 86 77 74 63
92 75 84 58 75 82 57 72 20 23 12 59 37 51 52 11 95 24 99 41 51 61 99 15 35 86 14 45 99 14 96 88 95 34 18 17 28 83 53 15 22 0 29 57 18 77 85 88 62 97 30 40 44 99 56 79 19 44 27 21 88 39 41 39 64
64 32 74 11 49 49 75 62 88 32 17 30 55 50 54 65 92 30 36 89 26 91 19 74 26 40 11 48 79 83 52 12 52 78 61 98 61 60 18 21 70 29 0 35 78 23 19 16 44 86 45 79 23 66 99 95 49 82 14 96 32 89 68 56 30
50 87 48 12 28 90 24 78 15 52 11 34 45 61 24 23 90 44 67 67 99 22 71 33 11 60 56 41 14 46 18 67 58 65 66 21 73 34 36 77 93 57 35 0 82 25 65 69 23 49 63 99 11 85 16 21 28 49 58 99 60 73 11 15 97
23 84 31 55 38 66 63 52 39 92 84 67 55 56 98 28 63 38 88 49 94 11 67 58 49 33 55 21 97 19 61 53 17 81 11 50 69 33 80 14 18 18 78 82 0 33 82 79 15 13 49 40 68 37 73 60 22 47 60 71 25 53 70 84 76
72 58 99 11 36 28 17 59 65 78 64 93 40 99 13 92 21 31 54 44 91 32 47 13 83 73 28 27 77 34 53 36 11 41 47 14 49 47 53 46 14 77 23 25 33 0 15 38 88 96 87 12 13 85 58 87 26 84 55 65 76 64 93 16 72
37 73 77 21 66 26 45 23 11 43 27 57 16 92 80 56 55 20 61 67 41 41 69 93 98 50 67 18 61 82 87 68 90 65 29 33 46 45 46 21 32 85 19 65 82 15 0 19 56 37 34 88 67 28 42 92 32 86 73 16 16 11 48 54 97
24 26 90 93 28 10 33 50 71 24 97 25 84 61 32 58 70 65 89 43 38 41 26 51 54 98 87 34 70 47 19 55 44 34 13 95 60 39 16 70 17 88 16 69 79 38 19 0 88 42 69 40 84 24 48 75 58 20 28 37 23 79 93 89 85
25 78 21 82 47 71 59 85 30 15 88 31 42 26 15 19 50 43 46 51 28 63 95 37 48 65 13 89 46 19 86 56 72 74 43 97 51 66 25 81 76 62 44 23 15 88 56 88 0 57 67 25 72 82 64 71 68 96 45 40 26 77 96 81 29
83 90 19 16 95 26 63 28 89 32 97 70 86 19 20 45 44 24 95 85 28 56 64 26 40 69 56 43 68 67 64 64 50 35 11 68 32 94 15 86 93 97 86 49 13 96 37 42 57 0 82 55 64 25 53 64 52 59 96 64 21 64 14 35 81
49 37 14 86 26 55 94 98 13 30 39 50 18 15 48 65 36 11 30 42 34 76 50 59 40 14 25 74 14 14 17 91 56 94 27 42 59 38 65 28 78 30 45 63 49 87 34 69 67 82 0 94 15 68 64 82 85 47 97 36 32 70 71 78 15
26 67 28 44 45 30 62 46 33 90 85 34 80 79 95 62 85 77 20 71 46 28 53 85 69 15 85 98 92 26 79 75 82 47 77 20 74 57 32 20 89 40 79 99 40 12 88 40 25 55 94 0 13 33 93 90 18 13 24 60 97 82 63 55 89
53 70 81 76 72 89 45 80 28 60 30 78 98 41 80 87 18 37 35 13 29 97 84 10 30 34 44 53 73 77 43 64 32 25 28 71 69 72 76 27 46 44 23 11 68 13 67 84 72 64 15 13 0 75 42 76 73 83 32 93 53 86 26 85 41
72 88 95 62 23 94 85 37 36 34 68 77 95 98 28 37 28 41 84 79 62 32 47 73 10 62 57 20 92 32 12 97 25 76 85 72 73 85 64 84 25 99 66 85 37 85 28 24 82 25 68 33 75 0 76 11 86 50 59 45 62 50 73 75 57
18 84 53 33 87 82 59 72 59 48 48 48 91 60 37 95 11 68 41 97 63 10 82 87 57 47 37 87 15 65 14 67 32 33 44 79 66 55 54 36 29 56 99 16 73 58 42 48 64 53 64 93 42 76 0 78 27 55 37 38 96 77 55 93 86
73 80 40 21 18 20 82 81 81 74 53 68 63 23 63 87 78 80 36 45 94 20 16 78 83 48 56 58 93 19 51 84 76 99 38 52 49 40 71 97 55 79 95 21 60 87 92 75 71 64 82 90 76 11 78 0 35 27 42 94 47 21 16 15 26
23 88 87 11 65 78 47 16 98 52 12 50 16 30 67 69 22 54 58 39 67 99 29 69 26 22 49 92 58 75 56 77 39 91 13 86 19 15 64 98 46 19 49 28 22 26 32 58 68 52 85 18 73 86 27 35 0 31 16 94 86 18 43 65 42
24 50 34 50 99 82 65 19 71 94 13 90 22 54 12 31 91 25 95 57 45 86 88 19 69 67 93 32 42 50 37 95 82 32 66 83 55 88 26 45 24 44 82 49 47 84 86 20 96 59 47 13 83 50 55 27 31 0 14 92 81 97 74 87 99
76 75 17 10 63 76 65 23 26 65 86 39 32 40 58 89 87 84 42 36 91 54 34 57 52 62 47 69 81 76 37 26 23 85 35 52 25 61 61 66 81 27 14 58 60 55 73 28 45 96 97 24 32 59 37 42 16 14 0 11 95 61 55 15 43
24 84 10 27 29 57 30 72 72 75 27 57 98 40 37 13 66 83 91 35 53 31 42 19 79 93 76 80 48 93 78 13 63 75 56 52 44 28 14 61 94 21 96 99 71 65 16 37 40 64 36 60 93 45 38 94 94 92 11 0 49 82 89 25 61
16 94 28 13 90 58 70 21 21 79 31 38 65 48 28 77 42 31 20 50 88 37 19 58 12 90 96 79 11 68 91 55 60 86 73 29 37 61 60 42 59 88 32 60 25 76 16 23 26 21 32 97 53 62 96 47 86 81 95 49 0 34 46 54 74
26 68 53 92 71 25 53 87 65 38 88 69 60 19 36 23 62 38 54 12 93 68 94 28 22 20 78 95 27 94 39 45 24 15 39 72 28 16 70 79 86 39 89 73 53 64 11 79 77 64 70 82 86 50 77 21 18 97 61 82 34 0 33 31 37
68 67 72 76 53 58 80 92 83 84 38 12 79 65 11 43 63 36 56 27 26 31 53 63 43 31 70 18 30 72 59 68 64 12 10 31 78 35 53 75 77 41 68 11 70 93 48 93 96 14 71 63 26 73 55 16 43 74 55 89 46 33 0 49 88
28 38 40 73 39 15 42 20 85 89 16 95 37 77 40 36 43 93 74 30 63 53 65 79 42 44 84 80 34 79 34 22 42 50 97 82 53 58 54 19 74 39 56 15 84 16 54 89 81 35 78 55 85 75 93 15 65 87 15 25 54 31 49 0 17
74 45 10 94 87 40 51 14 78 85 37 59 53 35 64 36 69 47 26 92 40 61 78 53 50 83 70 94 65 18 43 20 58 39 94 53 14 66 48 66 63 64 30 97 76 72 97 85 29 81 15 89 41 57 86 26 42 99 43 61 74 37 88 17 0