85
0 90 42 67 72 20 75 18 31 86 47 40 84 99 11 78 13 51 72 46 58 24 18 91 54 58 96 45 37 75 93 84 38 51 34 51 24 11 17 21 94 68 20 74 51 15 82 55 65 47 54 80 50 48 98 91 29 18 98 20 76 10 26 85 51 64 26 91 12 99 58 61 33 24 25 76 26 11 78 35 87 86 72 96 28
90 0 74 23 34 89 14 69 90 32 86 83 51 74 99 24 51 66 42 64 66 44 56 67 68 74 76 82 55 27 51 20 57 56 52 44 69 75 85 10 82 55 31 40 59 63 19 87 27 99 45 97 22 52 62 51 31 11 87 65 46 45 39 49 68 67 16 81 24 39 61 21 40 39 53 58 22 67 52 79 64 93 72 84 45
42 74 0 42 12 92 75 65 51 83 60 38 35 18 39 24 87 82 16 96 66 20 30 39 53 96 41 97 41 93 44 31 96 64 62 10 25 49 32 86 71 23 78 90 66 17 55 36 54 93 19 35 76 94 28 35 34 94 15 52 74 97 43 84 80 33 71 51 30 36 50 72 89 60 22 15 78 46 25 29 20 10 32 79 19
67 23 42 0 42 75 95 53 80 56 96 51 82 99 10 37 87 67 71 93 91 80 65 96 61 58 77 89 32 63 87 52 81 89 12 35 74 10 34 66 40 37 54 87 10 71 48 81 65 86 51 31 70 98 45 70 98 84 26 71 30 28 59 93 16 63 51 82 44 89 62 57 16 39 52 16 81 99 14 67 97 58 12 22 23
72 34 12 42 0 18 13 69 11 27 50 25 95 66 95 50 66 26 23 49 82 83 68 59 56 48 85 68 73 53 30 34 53 89 72 88 27 58 54 84 70 91 43 40 91 84 14 33 75 30 93 12 33 52 70 35 40 34 97 69 93 46 66 56 16 50 55 41 10 95 99 80 46 91 98 57 12 99 19 14 71 90 68 39 44
20 89 92 75 18 0 42 64 74 13 19 17 44 58 24 84 88 80 63 88 31 89 34 37 41 48 10 30 79 28 71 82 11 24 12 27 88 53 46 52 57 36 54 26 69 64 35 70 72 18 16 98 80 71 94 45 53 72 69 14 58 88 72 89 48 16 82 52 33 66 98 78 88 90 17 14 20 89 78 22 83 86 55 92 48
75 14 75 95 13 42 0 56 32 94 38 93 93 83 93 58 63 92 76 95 60 95 81 52 22 22 79 52 18 11 17 95 22 71 31 81 66 38 59 27 25 26 85 12 36 31 62 10 85 40 91 48 51 84 86 95 78 41 13 13 15 60 63 57 58 49 35 82 62 92 47 60 91 97 83 93 47 69 94 72 68 91 69 51 29
18 69 65 53 69 64 56 0 97 98 23 70 50 63 47 69 58 80 81 40 45 35 81 91 70 33 41 41 90 66 50 88 82 17 93 35 42 27 39 53 34 33 74 34 17 50 46 86 36 12 50 38 90 18 58 90 66 60 54 67 48 85 51 73 11 39 40 34 53 54 80 53 76 28 95 46 15 81 65 84 65 64 99 62 62
31 90 51 80 11 74 32 97 0 86 29 39 55 11 50 77 78 92 79 35 72 10 45 28 64 31 56 65 96 86 63 40 86 92 37 46 63 15 77 26 29 41 10 31 59 56 67 71 21 66 92 85 42 80 13 40 39 95 14 70 37 93 42 25 20 53 52 12 85 79 29 40 41 60 61 30 97 77 75 15 69 66 20 21 70
86 32 83 56 27 13 94 98 86 0 21 41 78 63 23 27 52 71 75 49 38 97 57 28 10 41 41 40 76 29 22 70 76 49 48 60 34 59 14 57 58 63 78 64 24 26 68 43 64 90 83 42 81 29 64 65 41 49 55 61 43 54 70 68 23 19 64 87 97 29 77 36 43 17 78 32 15 60 63 39 33 91 89 92 38
47 86 60 96 50 19 38 23 29 21 0 73 96 28 52 47 87 40 88 16 25 81 67 49 11 84 82 83 64 79 53 46 77 79 47 40 98 58 69 12 28 12 68 52 46 83 89 10 78 54 33 53 75 53 71 22 42 22 34 73 35 40 81 21 49 87 36 48 51 64 75 11 18 53 30 87 37 82 82 21 13 84 40 91 57
40 83 38 51 25 17 93 70 39 41 73 0 41 55 12 77 96 95 72 92 71 86 25 74 82 62 60 35 13 14 84 54 37 97 57 69 60 64 19 63 20 38 25 91 67 91 98 30 68 26 61 23 41 13 10 48 14 97 49 59 44 27 27 89 72 62 49 51 16 77 73 54 98 41 86 85 89 11 47 32 89 47 37 34 49
84 51 35 82 95 44 93 50 55 78 96 41 0 23 47 27 40 68 23 67 10 95 19 88 84 66 29 65 16 84 61 10 99 40 61 96 60 16 97 61 31 40 12 55 92 32 15 32 99 28 68 59 86 52 37 84 54 31 87 93 98 10 77 89 63 54 80 38 31 36 18 33 10 84 96 22 50 75 60 70 15 16 45 89 31
99 74 18 99 66 58 83 63 11 63 28 55 23 0 25 68 45 88 16 19 76 58 28 84 88 85 13 66 90 24 97 47 46 88 67 44 34 26 78 70 48 75 75 29 62 26 41 24 38 56 79 79 89 55 16 85 82 37 58 62 34 39 13 45 55 64 29 23 99 62 75 47 61 80 91 73 37 85 61 40 98 72 73 78 41
11 99 39 10 95 24 93 47 50 23 52 12 47 25 0 47 33 80 26 18 69 36 36 22 48 51 62 44 97 87 19 28 23 46 71 39 45 94 83 22 29 12 26 53 49 26 97 66 87 67 86 46 43 94 65 50 75 43 23 51 76 23 15 38 41 85 90 51 88 42 98 72 49 15 53 97 55 50 71 66 13 92 42 76 27
78 24 24 37 50 84 58 69 77 27 47 77 27 68 47 0 25 69 85 64 19 70 92 52 37 35 20 54 27 29 71 30 80 87 24 61 93 82 78 36 93 59 23 10 22 50 24 33 36 71 85 57 36 51 50 19 75 56 87 87 73 50 70 77 60 14 87 11 39 32 99 73 23 32 51 77 92 77 77 28 26 48 83 18 52
13 51 87 87 66 88 63 58 78 52 87 96 40 45 33 25 0 77 80 44 96 22 30 50 52 15 64 27 47 50 96 39 78 73 25 38 60 32 87 89 81 75 72 84 90 47 68 76 30 87 53 42 98 73 63 90 38 56 92 75 32 73 64 25 87 99 61 82 31 45 30 45 86 27 82 44 12 17 53 65 60 97 46 81 64
51 66 82 67 26 80 92 80 92 71 40 95 68 88 80 69 77 0 39 15 71 73 69 97 74 35 44 21 20 50 73 53 62 90 34 41 12 55 13 34 34 79 51 93 12 97 57 59 63 59 92 91 58 77 40 78 16 36 14 27 48 43 76 56 81 56 24 40 61 58 36 43 20 73 90 61 74 54 24 90 80 96 40 36 15
72 42 16 71 23 63 76 81 79 75 88 72 23 16 26 85 80 39 0 33 85 19 53 93 35 98 40 80 57 10 49 66 13 49 83 89 18 75 95 43 25 19 48 94 58 68 31 32 59 96 72 29 60 41 40 26 20 83 19 39 78 75 64 77 83 35 15 29 58 76 11 58 25 32 21 64 11 69 57 86 31 25 33 67 73
46 64 96 93 49 88 95 40 35 49 16 92 67 19 18 64 44 15 33 0 97 55 87 45 91 84 15 86 65 91 59 13 58 58 51 80 61 94 61 32 28 90 66 77 15 23 93 78 12 25 74 54 64 88 79 92 69 88 84 44 93 42 79 71 25 50 13 84 79 23 59 38 34 97 82 92 53 97 83 17 47 93 94 74 53
58 66 66 91 82 31 60 45 72 38 25 71 10 76 69 19 96 71 85 97 0 34 83 66 16 88 80 96 95 91 50 45 80 13 17 56 35 94 53 32 31 94 32 73 63 89 63 29 30 63 66 98 77 86 17 49 87 19 48 44 31 65 95 72 16 41 13 74 89 35 14 65 26 96 17 75 91 28 57 10 76 29 77 14 18
24 44 20 80 83 89 95 35 10 97 81 86 95 58 36 70 22 73 19 55 34 0 96 47 71 18 55 54 76 17 27 58 44 23 24 99 29 93 33 14 99 52 42 40 75 11 50 58 68 27 71 14 17 61 13 35 52 39 43 80 29 21 84 93 93 62 87 27 34 39 81 92 18 93 40 10 31 30 73 37 11 35 36 63 88
18 56 30 65 68 34 81 81 45 57 67 25 19 28 36 92 30 69 53 87 83 96 0 38 78 39 21 38 57 18 51 98 99 68 93 67 41 71 84 91 47 72 95 82 80 92 74 63 94 77 13 90 74 99 31 16 68 22 23 65 80 51 12 61 15 95 83 27 47 81 94 20 42 71 93 19 66 46 60 36 15 74 12 35 62
91 67 39 96 59 37 52 91 28 28 49 74 88 84 22 52 50 97 93 45 66 47 38 0 87 49 31 24 77 91 41 56 17 83 61 81 57 51 51 65 60 28 92 84 89 66 94 28 32 10 38 37 82 74 53 26 60 57 61 27 10 25 46 25 57 76 98 40 17 56 73 97 44 44 60 82 24 53 74 43 84 72 35 11 68
54 68 53 61 56 41 22 70 64 10 11 82 84 88 48 37 52 74 35 91 16 71 78 87 0 91 21 53 67 28 60 46 68 29 38 51 87 76 33 53 18 24 13 15 92 72 42 88 89 16 15 14 17 36 46 71 94 51 47 68 74 26 65 48 37 80 37 66 72 71 75 60 78 63 76 79 81 47 13 78 93 77 58 75 42
58 74 96 58 48 48 22 33 31 41 84 62 66 85 51 35 15 35 98 84 88 18 39 49 91 0 61 90 96 93 96 94 44 79 97 26 94 50 18 48 66 58 31 58 84 61 25 43 92 50 66 75 45 97 88 79 34 76 35 91 58 37 52 19 58 88 22 41 57 59 86 63 42 10 29 68 36 34 30 61 93 88 92 89 65
96 76 41 77 85 10 79 41 56 41 82 60 29 13 62 20 64 44 40 15 80 55 21 31 21 61 0 19 23 40 19 68 14 76 88 28 85 42 47 28 68 19 47 18 79 20 99 92 15 10 86 94 66 81 78 39 99 43 20 75 46 98 24 73 71 57 53 59 17 45 54 87 30 17 73 99 91 71 48 96 66 77 78 69 36
45 82 97 89 68 30 52 41 65 40 83 35 65 66 44 54 27 21 80 86 96 54 38 24 53 90 19 0 39 36 16 82 28 96 63 70 98 20 24 13 10 43 75 44 58 73 24 40 97 42 41 49 79 35 23 41 59 64 72 55 33 37 22 51 90 22 15 64 83 70 28 13 43 73 50 42 42 62 77 62 38 16 84 89 59
37 55 41 32 73 79 18 90 96 76 64 13 16 90 97 27 47 20 57 65 95 76 57 77 67 96 23 39 0 78 75 96 80 76 89 23 20 33 82 69 15 26 41 95 15 20 80 50 87 31 41 13 20 39 86 62 32 24 41 56 39 86 95 77 87 77 24 36 28 61 17 54 94 84 71 63 41 37 83 99 60 61 36 59 41
75 27 93 63 53 28 11 66 86 29 79 14 84 24 87 29 50 50 10 91 91 17 18 91 28 93 40 36 78 0 47 60 31 49 24 62 11 85 97 52 68 29 87 88 41 68 33 11 12 80 88 87 66 22 86 10 26 96 96 66 99 91 66 45 35 15 19 66 44 99 78 63 60 99 59 19 62 31 28 93 70 10 76 82 10
93 51 44 87 30 71 17 50 63 22 53 84 61 97 19 71 96 73 49 59 50 27 51 41 60 96 19 16 75 47 0 10 72 21 94 12 81 24 13 49 90 72 24 67 71 34 71 52 43 32 92 43 41 16 56 87 24 81 96 94 89 18 91 63 56 62 87 84 35 84 63 64 30 31 36 86 49 49 56 13 91 60 19 75 59
84 20 31 52 34 82 95 88 40 70 46 54 10 47 28 30 39 53 66 13 45 58 98 56 46 94 68 82 96 60 10 0 59 53 30 12 31 73 98 23 53 36 43 87 71 76 51 42 69 97 37 52 92 19 22 32 24 33 54 93 20 91 88 33 63 23 21 76 63 95 37 98 87 10 25 68 94 90 32 51 97 37 81 39 70
38 57 96 81 53 11 22 82 86 76 77 37 99 46 23 80 78 62 13 58 80 44 99 17 68 44 14 28 80 31 72 59 0 77 63 16 67 78 87 94 32 77 81 27 79 53 99 93 86 20 99 49 20 39 19 34 49 20 83 12 96 29 46 55 14 73 23 25 18 70 25 95 68 51 86 86 61 27 40 18 81 95 21 37 90
51 56 64 89 89 24 71 17 92 49 79 97 40 88 46 87 73 90 49 58 13 23 68 83 29 79 76 96 76 49 21 53 77 0 35 14 97 92 95 72 60 62 22 74 61 32 73 30 62 53 60 39 62 23 89 87 38 43 87 13 55 77 25 16 41 93 57 76 59 52 84 42 48 62 46 49 61 81 25 18 71 85 41 18 71
34 52 62 12 72 12 31 93 37 48 47 57 61 67 71 24 25 34 83 51 17 24 93 61 38 97 88 63 89 24 94 30 63 35 0 70 58 95 63 90 59 71 99 11 31 87 47 57 95 94 51 84 59 75 68 85 94 42 99 58 63 72 32 88 56 90 96 70 86 91 39 27 68 50 61 20 55 97 51 32 30 98 57 47 33
51 44 10 35 88 27 81 35 46 60 40 69 96 44 39 61 38 41 89 80 56 99 67 81 51 26 28 70 23 62 12 12 16 14 70 0 82 83 52 70 54 20 72 88 37 62 51 54 88 68 61 14 99 43 91 13 19 91 33 28 64 83 69 57 89 83 90 20 32 18 46 61 95 77 65 80 24 61 49 47 46 33 90 36 67
24 69 25 74 27 88 66 42 63 34 98 60 60 34 45 93 60 12 18 61 35 29 41 57 87 94 85 98 20 11 81 31 67 97 58 82 0 33 15 70 92 71 44 19 48 37 52 91 63 69 51 53 29 74 98 42 73 69 29 25 47 21 22 25 11 62 90 81 24 15 61 93 52 70 33 86 58 40 73 47 94 96 83 57 30
11 75 49 10 58 53 38 27 15 59 58 64 16 26 94 82 32 55 75 94 94 93 71 51 76 50 42 20 33 85 24 73 78 92 95 83 33 0 44 92 62 41 46 92 31 26 37 32 80 94 20 91 31 77 92 29 10 46 23 51 26 42 96 35 51 90 45 59 76 54 38 42 85 83 65 44 63 85 66 50 19 90 67 55 98
17 85 32 34 54 46 59 39 77 14 69 19 97 78 83 78 87 13 95 61 53 33 84 51 33 18 47 24 82 97 13 98 87 95 63 52 15 44 0 16 60 15 46 68 44 87 29 67 83 22 47 56 93 90 98 95 86 26 77 44 76 78 82 78 45 17 83 54 66 84 63 98 28 50 65 92 61 79 79 13 75 92 46 76 50
21 10 86 66 84 52 27 53 26 57 12 63 61 70 22 36 89 34 43 32 32 14 91 65 53 48 28 13 69 52 49 23 94 72 90 70 70 92 16 0 31 29 99 24 39 46 23 57 73 64 20 62 75 72 98 77 71 78 24 75 67 79 70 50 91 21 61 39 73 20 32 95 95 53 37 62 48 22 85 65 10 28 99 81 74
94 82 71 40 70 57 25 34 29 58 28 20 31 48 29 93 81 34 25 28 31 99 47 60 18 66 68 10 15 68 90 53 32 60 59 54 92 62 60 31 0 51 15 16 66 32 66 50 12 89 23 29 83 36 48 56 74 76 52 21 41 42 91 87 87 89 27 64 86 78 69 89 47 11 34 78 48 40 85 63 46 68 66 13 99
68 55 23 37 91 36 26 33 41 63 12 38 40 75 12 59 75 79 19 90 94 52 72 28 24 58 19 43 26 29 72 36 77 62 71 20 71 41 15 29 51 0 85 28 93 80 36 93 65 47 44 31 61 66 88 30 49 97 29 69 30 11 99 22 41 73 43 61 46 63 75 14 96 56 49 17 92 20 80 52 82 85 69 55 54
20 31 78 54 43 54 85 74 10 78 68 25 12 75 26 23 72 51 48 66 32 42 95 92 13 31 47 75 41 87 24 43 81 22 99 72 44 46 46 99 15 85 0 34 75 36 91 36 69 26 25 65 47 52 46 25 75 11 52 15 52 45 82 62 43 77 89 57 32 38 24 96 69 84 18 49 56 92 31 85 21 10 19 46 47
74 40 90 87 40 26 12 34 31 64 52 91 55 29 53 10 84 93 94 77 73 40 82 84 15 58 18 44 95 88 67 87 27 74 11 88 19 92 68 24 16 28 34 0 80 70 17 62 71 10 21 91 73 26 89 71 85 69 21 80 28 99 12 25 93 61 98 71 48 85 50 49 21 20 28 66 67 19 65 62 63 49 99 84 68
51 59 66 10 91 69 36 17 59 24 46 67 92 62 49 22 90 12 58 15 63 75 80 89 92 84 79 58 15 41 71 71 79 61 31 37 48 31 44 39 66 93 75 80 0 52 51 20 67 59 41 67 92 72 31 79 44 60 20 74 68 87 35 21 63 83 34 99 37 72 47 84 41 20 62 80 44 56 39 87 29 42 69 54 14
15 63 17 71 84 64 31 50 56 26 83 91 32 26 26 50 47 97 68 23 89 11 92 66 72 61 20 73 20 68 34 76 53 32 87 62 37 26 87 46 32 80 36 70 52 0 96 85 94 21 46 73 81 12 92 85 85 36 49 84 52 48 81 17 49 19 30 85 94 50 67 69 52 39 35 87 16 64 67 18 66 24 16 69 42
82 19 55 48 14 35 62 46 67 68 89 98 15 41 97 24 68 57 31 93 63 50 74 94 42 25 99 24 80 33 71 51 99 73 47 51 52 37 29 23 66 36 91 17 51 96 0 70 52 44 71 94 21 14 69 93 63 64 86 73 74 89 93 22 35 34 79 95 29 10 78 81 44 39 14 55 31 46 29 40 42 54 98 88 39
55 87 36 81 33 70 10 86 71 43 10 30 32 24 66 33 76 59 32 78 29 58 63 28 88 43 92 40 50 11 52 42 93 30 57 54 91 32 67 57 50 93 36 62 20 85 70 0 29 96 23 57 52 75 27 51 67 57 59 45 48 11 92 26 52 64 70 49 30 65 24 17 46 56 67 13 82 83 55 59 14 76 62 28 11
65 27 54 65 75 72 85 36 21 64 78 68 99 38 87 36 30 63 59 12 30 68 94 32 89 92 15 97 87 12 43 69 86 62 95 88 63 80 83 73 12 65 69 71 67 94 52 29 0 22 82 57 49 45 71 31 34 16 72 18 89 71 34 42 91 62 35 93 11 95 47 85 88 57 58 23 50 58 74 62 21 37 51 47 74
47 99 93 86 30 18 40 12 66 90 54 26 28 56 67 71 87 59 96 25 63 27 77 10 16 50 10 42 31 80 32 97 20 53 94 68 69 94 22 64 89 47 26 10 59 21 44 96 22 0 32 27 48 63 49 57 75 19 15 69 56 11 47 11 78 80 30 19 51 54 33 82 32 33 69 26 20 28 74 70 67 57 77 57 95
54 45 19 51 93 16 91 50 92 83 33 61 68 79 86 85 53 92 72 74 66 71 13 38 15 66 86 41 41 88 92 37 99 60 51 61 51 20 47 20 23 44 25 21 41 46 71 23 82 32 0 44 27 49 63 74 60 37 55 57 99 63 19 96 41 24 59 28 29 34 84 35 82 50 54 56 63 28 16 14 13 58 95 18 49
80 97 35 31 12 98 48 38 85 42 53 23 59 79 46 57 42 91 29 54 98 14 90 37 14 75 94 49 13 87 43 52 49 39 84 14 53 91 56 62 29 31 65 91 67 73 94 57 57 27 44 0 76 17 80 29 13 13 32 91 99 81 14 67 80 50 26 70 34 68 30 57 94 75 59 19 71 63 15 31 94 11 58 34 96
50 22 76 70 33 80 51 90 42 81 75 41 86 89 43 36 98 58 60 64 77 17 74 82 17 45 66 79 20 66 41 92 20 62 59 99 29 31 93 75 83 61 47 73 92 81 21 52 49 48 27 76 0 12 38 30 43 66 86 15 94 45 41 10 60 92 64 77 71 24 43 22 86 69 67 56 79 25 48 72 10 49 97 63 65
48 52 94 98 52 71 84 18 80 29 53 13 52 55 94 51 73 77 41 88 86 61 99 74 36 97 81 35 39 22 16 19 39 23 75 43 74 77 90 72 36 66 52 26 72 12 14 75 45 63 49 17 12 0 18 89 99 75 79 93 17 22 55 91 46 78 45 19 22 94 54 55 33 15 60 96 45 94 36 66 80 26 13 48 54
98 62 28 45 70 94 86 58 13 64 71 10 37 16 65 50 63 40 40 79 17 13 31 53 46 88 78 23 86 86 56 22 19 89 68 91 98 92 98 98 48 88 46 89 31 92 69 27 71 49 63 80 38 18 0 25 58 72 24 80 46 21 43 87 58 44 71 92 45 43 16 21 56 52 45 14 19 62 17 24 35 54 64 35 64
91 51 35 70 35 45 95 90 40 65 22 48 84 85 50 19 90 78 26 92 49 35 16 26 71 79 39 41 62 10 87 32 34 87 85 13 42 29 95 77 56 30 25 71 79 85 93 51 31 57 74 29 30 89 25 0 58 85 57 53 76 25 52 24 10 78 35 47 49 27 15 44 13 58 31 32 91 22 29 47 62 16 19 15 45
29 31 34 98 40 53 78 66 39 41 42 14 54 82 75 75 38 16 20 69 87 52 68 60 94 34 99 59 32 26 24 24 49 38 94 19 73 10 86 71 74 49 75 85 44 85 63 67 34 75 60 13 43 99 58 58 0 48 55 37 28 24 10 85 98 10 15 98 45 28 42 75 16 90 94 75 43 34 58 58 65 43 79 65 40
18 11 94 84 34 72 41 60 95 49 22 97 31 37 43 56 56 36 83 88 19 39 22 57 51 76 43 64 24 96 81 33 20 43 42 91 69 46 26 78 76 97 11 69 60 36 64 57 16 19 37 13 66 75 72 85 48 0 88 58 73 15 22 68 73 48 97 72 10 72 50 53 80 48 11 68 59 86 99 48 20 66 71 86 27
98 87 15 26 97 69 13 54 14 55 34 49 87 58 23 87 92 14 19 84 48 43 23 61 47 35 20 72 41 96 96 54 83 87 99 33 29 23 77 24 52 29 52 21 20 49 86 59 72 15 55 32 86 79 24 57 55 88 0 36 45 38 32 16 40 17 81 46 15 64 14 49 99 20 46 66 91 15 28 20 34 76 83 34 34
20 65 52 71 69 14 13 67 70 61 73 59 93 62 51 87 75 27 39 44 44 80 65 27 68 91 75 55 56 66 94 93 12 13 58 28 25 51 44 75 21 69 15 80 74 84 73 45 18 69 57 91 15 93 80 53 37 58 36 0 86 28 62 50 33 85 97 81 73 57 15 28 98 19 57 69 43 92 70 93 64 69 70 93 55
76 46 74 30 93 58 15 48 37 43 35 44 98 34 76 73 32 48 78 93 31 29 80 10 74 58 46 33 39 99 89 20 96 55 63 64 47 26 76 67 41 30 52 28 68 52 74 48 89 56 99 99 94 17 46 76 28 73 45 86 0 25 97 28 98 15 69 38 34 29 79 91 27 42 13 56 66 97 62 62 14 43 74 37 94
10 45 97 28 46 88 60 85 93 54 40 27 10 39 23 50 73 43 75 42 65 21 51 25 26 37 98 37 86 91 18 91 29 77 72 83 21 42 78 79 42 11 45 99 87 48 89 11 71 11 63 81 45 22 21 25 24 15 38 28 25 0 72 51 63 13 20 69 41 14 73 43 63 98 90 84 38 14 64 35 44 34 30 20 81
26 39 43 59 66 72 63 51 42 70 81 27 77 13 15 70 64 76 64 79 95 84 12 46 65 52 24 22 95 66 91 88 46 25 32 69 22 96 82 70 91 99 82 12 35 81 93 92 34 47 19 14 41 55 43 52 10 22 32 62 97 72 0 22 81 76 69 13 18 83 42 58 49 35 57 84 61 54 92 11 83 34 87 55 71
85 49 84 93 56 89 57 73 25 68 21 89 89 45 38 77 25 56 77 71 72 93 61 25 48 19 73 51 77 45 63 33 55 16 88 57 25 35 78 50 87 22 62 25 21 17 22 26 42 11 96 67 10 91 87 24 85 68 16 50 28 51 22 0 91 82 70 79 32 38 59 44 45 62 90 79 26 62 90 49 66 87 60 26 85
51 68 80 16 16 48 58 11 20 23 49 72 63 55 41 60 87 81 83 25 16 93 15 57 37 58 71 90 87 35 56 63 14 41 56 89 11 51 45 91 87 41 43 93 63 49 35 52 91 78 41 80 60 46 58 10 98 73 40 33 98 63 81 91 0 33 63 44 65 45 15 83 36 90 94 23 54 38 14 61 38 98 36 78 48
64 67 33 63 50 16 49 39 53 19 87 62 54 64 85 14 99 56 35 50 41 62 95 76 80 88 57 22 77 15 62 23 73 93 90 83 62 90 17 21 89 73 77 61 83 19 34 64 62 80 24 50 92 78 44 78 10 48 17 85 15 13 76 82 33 0 90 21 14 24 48 45 99 52 34 50 99 65 17 66 61 24 15 49 27
26 16 71 51 55 82 35 40 52 64 36 49 80 29 90 87 61 24 15 13 13 87 83 98 37 22 53 15 24 19 87 21 23 57 96 90 90 45 83 61 27 43 89 98 34 30 79 70 35 30 59 26 64 45 71 35 15 97 81 97 69 20 69 70 63 90 0 90 72 31 83 31 58 44 63 82 33 53 19 38 58 38 13 20 56
91 81 51 82 41 52 82 34 12 87 48 51 38 23 51 11 82 40 29 84 74 27 27 40 66 41 59 64 36 66 84 76 25 76 70 20 81 59 54 39 64 61 57 71 99 85 95 49 93 19 28 70 77 19 92 47 98 72 46 81 38 69 13 79 44 21 90 0 62 78 67 24 85 55 43 97 60 13 64 78 22 73 74 31 32
12 24 30 44 10 33 62 53 85 97 51 16 31 99 88 39 31 61 58 79 89 34 47 17 72 57 17 83 28 44 35 63 18 59 86 32 24 76 66 73 86 46 32 48 37 94 29 30 11 51 29 34 71 22 45 49 45 10 15 73 34 41 18 32 65 14 72 62 0 77 18 21 55 18 98 25 10 91 76 90 11 47 14 43 38
99 39 36 89 95 66 92 54 79 29 64 77 36 62 42 32 45 58 76 23 35 39 81 56 71 59 45 70 61 99 84 95 70 52 91 18 15 54 84 20 78 63 38 85 72 50 10 65 95 54 34 68 24 94 43 27 28 72 64 57 29 14 83 38 45 24 31 78 77 0 46 12 44 58 49 47 68 38 41 18 84 50 57 22 43
58 61 50 62 99 98 47 80 29 77 75 73 18 75 98 99 30 36 11 59 14 81 94 73 75 86 54 28 17 78 63 37 25 84 39 46 61 38 63 32 69 75 24 50 47 67 78 24 47 33 84 30 43 54 16 15 42 50 14 15 79 73 42 59 15 48 83 67 18 46 0 88 90 17 48 47 47 12 85 78 15 75 33 82 68
61 21 72 57 80 78 60 53 40 36 11 54 33 47 72 73 45 43 58 38 65 92 20 97 60 63 87 13 54 63 64 98 95 42 27 61 93 42 98 95 89 14 96 49 84 69 81 17 85 82 35 57 22 55 21 44 75 53 49 28 91 43 58 44 83 45 31 24 21 12 88 0 95 32 40 93 56 96 40 74 73 98 82 67 53
33 40 89 16 46 88 91 76 41 43 18 98 10 61 49 23 86 20 25 34 26 18 42 44 78 42 30 43 94 60 30 87 68 48 68 95 52 85 28 95 47 96 69 21 41 52 44 46 88 32 82 94 86 33 56 13 16 80 99 98 27 63 49 45 36 99 58 85 55 44 90 95 0 21 37 58 13 35 79 34 38 41 79 90 49
24 39 60 39 91 90 97 28 60 17 53 41 84 80 15 32 27 73 32 97 96 93 71 44 63 10 17 73 84 99 31 10 51 62 50 77 70 83 50 53 11 56 84 20 20 39 39 56 57 33 50 75 69 15 52 58 90 48 20 19 42 98 35 62 90 52 44 55 18 58 17 32 21 0 55 79 79 60 17 49 60 39 36 59 61
25 53 22 52 98 17 83 95 61 78 30 86 96 91 53 51 82 90 21 82 17 40 93 60 76 29 73 50 71 59 36 25 86 46 61 65 33 65 65 37 34 49 18 28 62 35 14 67 58 69 54 59 67 60 45 31 94 11 46 57 13 90 57 90 94 34 63 43 98 49 48 40 37 55 0 86 20 23 94 83 56 88 15 14 90
76 58 15 16 57 14 93 46 30 32 87 85 22 73 97 77 44 61 64 92 75 10 19 82 79 68 99 42 63 19 86 68 86 49 20 80 86 44 92 62 78 17 49 66 80 87 55 13 23 26 56 19 56 96 14 32 75 68 66 69 56 84 84 79 23 50 82 97 25 47 47 93 58 79 86 0 49 30 98 46 83 98 15 55 74
26 22 78 81 12 20 47 15 97 15 37 89 50 37 55 92 12 74 11 53 91 31 66 24 81 36 91 42 41 62 49 94 61 61 55 24 58 63 61 48 48 92 56 67 44 16 31 82 50 20 63 71 79 45 19 91 43 59 91 43 66 38 61 26 54 99 33 60 10 68 47 56 13 79 20 49 0 42 11 30 42 50 72 65 44
11 67 46 99 99 89 69 81 77 60 82 11 75 85 50 77 17 54 69 97 28 30 46 53 47 34 71 62 37 31 49 90 27 81 97 61 40 85 79 22 40 20 92 19 56 64 46 83 58 28 28 63 25 94 62 22 34 86 15 92 97 14 54 62 38 65 53 13 91 38 12 96 35 60 23 30 42 0 92 41 52 48 16 70 36
78 52 25 14 19 78 94 65 75 63 82 47 60 61 71 77 53 24 57 83 57 73 60 74 13 30 48 77 83 28 56 32 40 25 51 49 73 66 79 85 85 80 31 65 39 67 29 55 74 74 16 15 48 36 17 29 58 99 28 70 62 64 92 90 14 17 19 64 76 41 85 40 79 17 94 98 11 92 0 44 99 75 89 99 39
35 79 29 67 14 22 72 84 15 39 21 32 70 40 66 28 65 90 86 17 10 37 36 43 78 61 96 62 99 93 13 51 18 18 32 47 47 50 13 65 63 52 85 62 87 18 40 59 62 70 14 31 72 66 24 47 58 48 20 93 62 35 11 49 61 66 38 78 90 18 78 74 34 49 83 46 30 41 44 0 25 84 44 83 70
87 64 20 97 71 83 68 65 69 33 13 89 15 98 13 26 60 80 31 47 76 11 15 84 93 93 66 38 60 70 91 97 81 71 30 46 94 19 75 10 46 82 21 63 29 66 42 14 21 67 13 94 10 80 35 62 65 20 34 64 14 44 83 66 38 61 58 22 11 84 15 73 38 60 56 83 42 52 99 25 0 15 71 67 96
86 93 10 58 90 86 91 64 66 91 84 47 16 72 92 48 97 96 25 93 29 35 74 72 77 88 77 16 61 10 60 37 95 85 98 33 96 90 92 28 68 85 10 49 42 24 54 76 37 57 58 11 49 26 54 16 43 66 76 69 43 34 34 87 98 24 38 73 47 50 75 98 41 39 88 98 50 48 75 84 15 0 44 42 35
72 72 32 12 68 55 69 99 20 89 40 37 45 73 42 83 46 40 33 94 77 36 12 35 58 92 78 84 36 76 19 81 21 41 57 90 83 67 46 99 66 69 19 99 69 16 98 62 51 77 95 58 97 13 64 19 79 71 83 70 74 30 87 60 36 15 13 74 14 57 33 82 79 36 15 15 72 16 89 44 71 44 0 61 18
96 84 79 22 39 92 51 62 21 92 91 34 89 78 76 18 81 36 67 74 14 63 35 11 75 89 69 89 59 82 75 39 37 18 47 36 57 55 76 81 13 55 46 84 54 69 88 28 47 57 18 34 63 48 35 15 65 86 34 93 37 20 55 26 78 49 20 31 43 22 82 67 90 59 14 55 65 70 99 83 67 42 61 0 51
28 45 19 23 44 48 29 62 70 38 57 49 31 41 27 52 64 15 73 53 18 88 62 68 42 65 36 59 41 10 59 70 90 71 33 67 30 98 50 74 99 54 47 68 14 42 39 11 74 95 49 96 65 54 64 45 40 27 34 55 94 81 71 85 48 27 56 32 38 43 68 53 49 61 90 74 44 36 39 70 96 35 18 51 0