65
0 11 13 48 35 71 31 41 79 95 21 59 13 10 21 62 53 48 75 95 55 38 78 68 87 56 17 59 46 50 27 53 67 94 55 49 92 95 13 88 29 20 83 51 83 25 48 39 26 74 74 73 81 22 51 56 57 91 69 20 10 37 57 42 10
11 0 71 77 43 82 84 38 31 72 67 15 29 78 43 32 25 85 88 64 42 59 75 29 19 99 78 76 55 55 33 68 37 94 51 18 63 36 55 81 82 50 47 75 58 64 89 78 75 28 83 45 74 32 67 20 63 39 17 76 74 89 84 48 44
13 71 0 79 47 10 33 59 86 37 33 63 96 27 47 22 13 30 46 18 11 96 15 58 94 90 75 15 33 13 77 39 42 82 32 57 66 87 45 19 61 47 67 70 68 88 73 18 63 54 45 85 37 68 14 73 16 22 24 71 50 67 11 50 79
48 77 79 0 94 98 75 51 44 47 28 22 59 56 74 80 66 16 23 87 20 88 89 55 96 66 91 39 46 76 48 10 55 22 65 12 38 49 91 59 71 83 46 66 66 56 96 56 55 70 84 76 97 29 96 18 68 97 88 50 54 75 41 75 40
35 43 47 94 0 73 93 94 65 62 74 15 78 63 37 50 60 45 76 80 79 88 51 94 54 50 68 10 29 97 12 35 34 99 31 38 87 91 64 83 55 47 84 29 12 54 19 72 66 14 93 61 53 80 69 50 17 61 93 81 35 66 77 36 69
71 82 10 98 73 0 40 18 53 92 13 25 91 79 27 41 77 90 69 20 43 20 21 35 98 45 56 59 62 86 75 28 37 28 80 62 20 37 70 63 87 66 87 73 41 29 44 96 32 31 50 53 80 34 46 72 20 92 78 73 68 46 96 74 86
31 84 33 75 93 40 0 51 87 48 67 74 96 77 52 30 99 12 91 51 74 93 33 10 80 36 60 17 27 66 69 58 71 66 43 16 20 14 60 33 55 22 47 10 60 31 29 41 42 61 80 76 30 64 73 95 88 40 80 97 75 41 17 32 73
41 38 59 51 94 18 51 0 50 68 48 35 68 43 80 71 74 60 68 82 51 82 58 82 97 58 21 76 22 76 90 51 32 72 72 15 35 86 18 50 52 51 45 46 24 48 87 16 10 27 39 14 16 38 71 36 91 22 61 79 24 68 20 92 24
79 31 86 44 65 53 87 50 0 87 55 14 64 76 85 82 16 16 50 76 32 34 46 52 99 38 46 34 94 86 24 75 89 14 35 91 82 78 84 14 42 53 32 26 30 88 37 12 21 32 64 15 83 45 98 63 35 89 45 89 26 65 45 48 97
95 72 37 47 62 92 48 68 87 0 53 54 36 75 98 93 52 52 46 77 28 28 47 25 33 33 87 23 74 41 56 32 76 99 22 76 13 20 59 57 92 29 83 42 16 47 53 31 31 43 43 73 98 46 44 73 30 30 64 34 16 82 32 66 48
21 67 33 28 74 13 67 48 55 53 0 66 40 28 25 17 96 89 85 87 89 99 16 98 47 25 26 96 25 85 43 24 95 96 40 70 91 11 42 79 45 87 41 55 60 89 85 66 73 48 34 58 68 29 60 30 47 88 83 26 76 54 99 53 48
59 15 63 22 15 25 74 35 14 54 66 0 21 75 27 11 36 90 92 30 41 58 21 43 89 46 57 16 66 90 40 71 72 31 32 23 33 80 30 48 11 78 73 55 39 80 56 96 98 91 49 57 38 95 26 13 51 86 76 66 68 62 72 75 66
13 29 96 59 78 91 96 68 64 36 40 21 0 45 64 25 67 55 52 57 84 73 24 47 78 62 31 71 27 97 83 57 53 96 59 39 54 16 25 74 62 21 68 14 23 87 26 59 64 73 61 35 13 99 80 96 48 36 20 52 19 38 56 60 35
10 78 27 56 63 79 77 43 76 75 28 75 45 0 51 44 29 96 37 95 21 75 77 12 92 40 34 40 54 23 32 43 45 80 30 41 68 48 63 50 14 70 50 36 97 35 45 96 25 60 29 19 43 41 86 49 45 32 54 58 63 24 40 63 89
21 43 47 74 37 27 52 80 85 98 25 27 64 51 0 56 24 90 95 70 35 35 99 81 39 80 33 52 90 55 32 60 72 79 65 75 66 80 36 66 74 37 49 45 67 11 72 21 59 69 47 99 86 49 83 87 30 79 12 27 28 33 81 26 56
62 32 22 80 50 41 30 71 82 93 17 11 25 44 56 0 47 38 21 57 20 93 50 99 37 94 96 33 48 47 32 30 41 40 20 15 72 18 59 49 18 70 67 50 41 66 56 97 73 31 84 77 26 71 61 67 93 42 11 44 41 93 87 86 66
53 25 13 66 60 77 99 74 16 52 96 36 67 29 24 47 0 59 76 21 11 89 65 58 46 98 97 35 82 41 18 89 31 12 43 47 96 14 98 85 63 26 39 38 81 57 37 59 80 54 50 17 85 92 85 48 70 30 98 15 95 31 82 86 27
48 85 30 16 45 90 12 60 16 52 89 90 55 96 90 38 59 0 95 47 12 29 39 76 21 39 66 78 73 59 30 20 29 17 59 66 11 68 20 43 18 96 28 97 29 30 27 31 64 36 18 21 77 69 34 80 96 53 74 10 21 12 59 86 81
75 88 46 23 76 69 91 68 50 46 85 92 52 37 95 21 76 95 0 56 50 46 13 48 53 59 78 74 49 64 84 99 56 42 19 80 61 81 21 33 43 12 22 46 27 48 73 78 54 92 11 68 45 11 55 25 31 94 28 88 84 77 36 16 74
95 64 18 87 80 20 51 82 76 77 87 30 57 95 70 57 21 47 56 0 31 30 92 97 68 12 26 94 17 46 30 62 87 58 76 81 85 81 23 39 31 85 29 26 77 82 52 36 11 34 86 64 51 26 58 61 42 95 99 91 48 79 42 56 15
55 42 11 20 79 43 74 51 32 28 89 41 84 21 35 20 11 12 50 31 0 38 50 22 39 72 59 16 31 76 97 65 34 20 50 99 31 59 23 45 39 37 35 59 42 68 80 97 44 39 84 33 88 45 98 50 35 54 94 15 31 25 62 22 87
38 59 96 88 88 20 93 82 34 28 99 58 73 75 35 93 89 29 46 30 38 0 33 33 34 41 44 91 47 81 68 75 23 81 37 99 53 20 99 34 20 61 45 35 51 23 41 16 10 68 18 45 16 85 13 63 30 10 47 15 29 77 59 50 53
78 75 15 89 51 21 33 58 46 47 16 21 24 77 99 50 65 39 13 92 50 33 0 80 35 63 64 61 39 12 45 40 41 79 11 62 91 59 57 13 28 44 38 59 95 92 84 46 23 59 81 70 80 79 66 24 56 38 11 92 68 42 11 62 53
68 29 58 55 94 35 10 82 52 25 98 43 47 12 81 99 58 76 48 97 22 33 80 0 36 87 79 92 53 25 10 11 86 24 22 99 35 43 60 91 53 77 16 44 63 72 18 97 36 45 33 62 83 15 52 96 32 98 30 94 94 93 21 17 98
87 19 94 96 54 98 80 97 99 33 47 89 78 92 39 37 46 21 53 68 39 34 35 36 0 28 77 89 70 59 26 37 62 16 41 51 72 16 43 10 73 77 75 16 31 40 79 55 76 17 12 94 15 44 56 40 84 40 98 16 75 88 69 26 85
56 99 90 66 50 45 36 58 38 33 25 46 62 40 80 94 98 39 59 12 72 41 63 87 28 0 81 95 34 37 90 36 12 45 43 98 78 42 48 94 61 69 36 14 81 34 63 15 24 76 81 29 43 62 64 63 26 53 39 53 88 26 15 92 49
17 78 75 91 68 56 60 21 46 87 26 57 31 34 33 96 97 66 78 26 59 44 64 79 77 81 0 54 34 76 45 86 52 32 77 97 53 27 48 33 26 53 66 12 63 48 90 34 62 71 72 58 40 92 23 28 65 96 32 82 97 30 37 12 16
59 76 15 39 10 59 17 76 34 23 96 16 71 40 52 33 35 78 74 94 16 91 61 92 89 95 54 0 96 99 37 67 80 26 21 20 31 86 37 16 64 91 67 52 74 67 79 46 89 96 10 51 34 27 62 90 75 47 70 66 91 57 35 28 46
46 55 33 46 29 62 27 22 94 74 25 66 27 54 90 48 82 73 49 17 31 47 39 53 70 34 34 96 0 68 75 47 98 34 15 78 38 56 69 27 42 76 73 11 86 98 89 82 77 38 24 81 63 44 77 19 81 23 37 40 30 68 33 33 15
50 55 13 76 97 86 66 76 86 41 85 90 97 23 55 47 41 59 64 46 76 81 12 25 59 37 76 99 68 0 35 92 15 41 40 19 63 33 43 30 86 92 80 89 20 79 70 64 88 56 76 54 27 47 49 62 51 88 59 66 47 64 14 15 77
27 33 77 48 12 75 69 90 24 56 43 40 83 32 32 32 18 30 84 30 97 68 45 10 26 90 45 37 75 35 0 56 46 42 42 76 53 24 24 68 58 32 56 29 79 88 11 57 52 44 46 51 81 54 85 33 70 78 26 34 40 28 17 19 17
53 68 39 10 35 28 58 51 75 32 24 71 57 43 60 30 89 20 99 62 65 75 40 11 37 36 86 67 47 92 56 0 98 26 18 29 64 17 95 35 88 53 87 33 41 12 44 24 22 61 84 98 91 99 11 54 80 39 77 13 17 98 26 79 94
67 37 42 55 34 37 71 32 89 76 95 72 53 45 72 41 31 29 56 87 34 23 41 86 62 12 52 80 98 15 46 98 0 46 70 51 80 99 94 73 45 94 67 13 65 78 76 95 76 95 39 83 70 91 81 88 17 50 17 35 68 44 22 60 40
94 94 82 22 99 28 66 72 14 99 96 31 96 80 79 40 12 17 42 58 20 81 79 24 16 45 32 26 34 41 42 26 46 0 80 62 46 88 74 84 59 46 27 68 97 69 98 45 57 39 16 56 56 20 67 91 63 42 16 77 58 17 16 67 95
55 51 32 65 31 80 43 72 35 22 40 32 59 30 65 20 43 59 19 76 50 37 11 22 41 43 77 21 15 40 42 18 70 80 0 65 97 41 28 46 45 53 17 71 75 40 56 20 27 71 15 47 38 42 29 99 56 97 75 16 89 81 49 69 76
49 18 57 12 38 62 16 15 91 76 70 23 39 41 75 15 47 66 80 81 99 99 62 99 51 98 97 20 78 19 76 29 51 62 65 0 49 10 75 67 22 83 74 43 74 61 46 12 19 92 92 28 88 44 60 73 28 11 81 69 53 82 84 60 71
92 63 66 38 87 20 20 35 82 13 91 33 54 68 66 72 96 11 61 85 31 53 91 35 72 78 53 31 38 63 53 64 80 46 97 49 0 84 33 25 64 31 14 41 97 37 15 99 77 38 40 66 82 15 50 81 76 55 36 13 79 66 89 55 48
95 36 87 49 91 37 14 86 78 20 11 80 16 48 80 18 14 68 81 81 59 20 59 43 16 42 27 86 56 33 24 17 99 88 41 10 84 0 11 55 86 44 75 87 48 41 77 88 94 50 40 99 71 43 68 86 20 71 54 10 30 53 25 28 73
13 55 45 91 64 70 60 18 84 59 42 30 25 63 36 59 98 20 21 23 23 99 57 60 43 48 48 37 69 43 24 95 94 74 28 75 33 11 0 68 97 10 62 12 59 93 21 20 15 16 83 16 22 71 72 70 67 49 46 25 75 13 71 48 22
88 81 19 59 83 63 33 50 14 57 79 48 74 50 66 49 85 43 33 39 45 34 13 91 10 94 33 16 27 30 68 35 73 84 46 67 25 55 68 0 96 18 61 53 43 70 17 91 14 71 26 88 43 19 69 41 59 33 58 40 26 82 30 79 28
29 82 61 71 55 87 55 52 42 92 45 11 62 14 74 18 63 18 43 31 39 20 28 53 73 61 26 64 42 86 58 88 45 59 45 22 64 86 97 96 0 41 24 39 73 86 16 39 39 70 39 97 63 50 39 15 84 68 62 49 11 46 66 12 41
20 50 47 83 47 66 22 51 53 29 87 78 21 70 37 70 26 96 12 85 37 61 44 77 77 69 53 91 76 92 32 53 94 46 53 83 31 44 10 18 41 0 52 66 95 50 65 59 91 92 22 92 86 86 71 16 87 76 67 78 29 39 58 30 55
83 47 67 46 84 87 47 45 32 83 41 73 68 50 49 67 39 28 22 29 35 45 38 16 75 36 66 67 73 80 56 87 67 27 17 74 14 75 62 61 24 52 0 68 47 11 42 39 26 96 47 85 46 15 74 74 83 20 67 67 15 55 60 60 34
51 75 70 66 29 73 10 46 26 42 55 55 14 36 45 50 38 97 46 26 59 35 59 44 16 14 12 52 11 89 29 33 13 68 71 43 41 87 12 53 39 66 68 0 63 60 68 96 50 46 48 75 50 21 80 56 62 74 65 50 27 97 27 16 25
83 58 68 66 12 41 60 24 30 16 60 39 23 97 67 41 81 29 27 77 42 51 95 63 31 81 63 74 86 20 79 41 65 97 75 74 97 48 59 43 73 95 47 63 0 87 71 35 85 36 37 89 29 12 38 31 50 19 34 67 62 45 54 48 69
25 64 88 56 54 29 31 48 88 47 89 80 87 35 11 66 57 30 48 82 68 23 92 72 40 34 48 67 98 79 88 12 78 69 40 61 37 41 93 70 86 50 11 60 87 0 37 63 51 40 85 45 62 28 88 28 57 96 37 56 68 91 96 61 83
48 89 73 96 19 44 29 87 37 53 85 56 26 45 72 56 37 27 73 52 80 41 84 18 79 63 90 79 89 70 11 44 76 98 56 46 15 77 21 17 16 65 42 68 71 37 0 90 38 49 27 40 60 99 22 32 70 44 42 15 13 95 15 67 16
39 78 18 56 72 96 41 16 12 31 66 96 59 96 21 97 59 31 78 36 97 16 46 97 55 15 34 46 82 64 57 24 95 45 20 12 99 88 20 91 39 59 39 96 35 63 90 0 90 15 45 15 81 84 40 37 43 25 27 23 64 80 55 12 26
26 75 63 55 66 32 42 10 21 31 73 98 64 25 59 73 80 64 54 11 44 10 23 36 76 24 62 89 77 88 52 22 76 57 27 19 77 94 15 14 39 91 26 50 85 51 38 90 0 94 23 56 88 88 92 13 71 35 62 74 59 48 45 80 42
74 28 54 70 14 31 61 27 32 43 48 91 73 60 69 31 54 36 92 34 39 68 59 45 17 76 71 96 38 56 44 61 95 39 71 92 38 50 16 71 70 92 96 46 36 40 49 15 94 0 61 85 44 63 82 53 43 66 59 86 97 42 78 14 58
74 83 45 84 93 50 80 39 64 43 34 49 61 29 47 84 50 18 11 86 84 18 81 33 12 81 72 10 24 76 46 84 39 16 15 92 40 40 83 26 39 22 47 48 37 85 27 45 23 61 0 68 97 89 45 25 17 59 78 80 49 83 41 91 49
73 45 85 76 61 53 76 14 15 73 58 57 35 19 99 77 17 21 68 64 33 45 70 62 94 29 58 51 81 54 51 98 83 56 47 28 66 99 16 88 97 92 85 75 89 45 40 15 56 85 68 0 61 30 30 35 72 94 58 79 24 26 33 53 75
81 74 37 97 53 80 30 16 83 98 68 38 13 43 86 26 85 77 45 51 88 16 80 83 15 43 40 34 63 27 81 91 70 56 38 88 82 71 22 43 63 86 46 50 29 62 60 81 88 44 97 61 0 75 32 26 51 89 42 49 36 65 94 79 41
22 32 68 29 80 34 64 38 45 46 29 95 99 41 49 71 92 69 11 26 45 85 79 15 44 62 92 27 44 47 54 99 91 20 42 44 15 43 71 19 50 86 15 21 12 28 99 84 88 63 89 30 75 0 11 72 77 97 23 48 42 98 56 57 55
51 67 14 96 69 46 73 71 98 44 60 26 80 86 83 61 85 34 55 58 98 13 66 52 56 64 23 62 77 49 85 11 81 67 29 60 50 68 72 69 39 71 74 80 38 88 22 40 92 82 45 30 32 11 0 60 25 85 77 38 13 66 95 60 68
56 20 73 18 50 72 95 36 63 73 30 13 96 49 87 67 48 80 25 61 50 63 24 96 40 63 28 90 19 62 33 54 88 91 99 73 81 86 70 41 15 16 74 56 31 28 32 37 13 53 25 35 26 72 60 0 68 79 87 15 37 77 30 88 35
57 63 16 68 17 20 88 91 35 30 47 51 48 45 30 93 70 96 31 42 35 30 56 32 84 26 65 75 81 51 70 80 17 63 56 28 76 20 67 59 84 87 83 62 50 57 70 43 71 43 17 72 51 77 25 68 0 83 63 13 17 69 50 25 96
91 39 22 97 61 92 40 22 89 30 88 86 36 32 79 42 30 53 94 95 54 10 38 98 40 53 96 47 23 88 78 39 50 42 97 11 55 71 49 33 68 76 20 74 19 96 44 25 35 66 59 94 89 97 85 79 83 0 89 85 97 84 92 99 80
69 17 24 88 93 78 80 61 45 64 83 76 20 54 12 11 98 74 28 99 94 47 11 30 98 39 32 70 37 59 26 77 17 16 75 81 36 54 46 58 62 67 67 65 34 37 42 27 62 59 78 58 42 23 77 87 63 89 0 84 28 33 35 96 72
20 76 71 50 81 73 97 79 89 34 26 66 52 58 27 44 15 10 88 91 15 15 92 94 16 53 82 66 40 66 34 13 35 77 16 69 13 10 25 40 49 78 67 50 67 56 15 23 74 86 80 79 49 48 38 15 13 85 84 0 26 20 99 55 17
10 74 50 54 35 68 75 24 26 16 76 68 19 63 28 41 95 21 84 48 31 29 68 94 75 88 97 91 30 47 40 17 68 58 89 53 79 30 75 26 11 29 15 27 62 68 13 64 59 97 49 24 36 42 13 37 17 97 28 26 0 87 45 20 14
37 89 67 75 66 46 41 68 65 82 54 62 38 24 33 93 31 12 77 79 25 77 42 93 88 26 30 57 68 64 28 98 44 17 81 82 66 53 13 82 46 39 55 97 45 91 95 80 48 42 83 26 65 98 66 77 69 84 33 20 87 0 42 21 28
57 84 11 41 77 96 17 20 45 32 99 72 56 40 81 87 82 59 36 42 62 59 11 21 69 15 37 35 33 14 17 26 22 16 49 84 89 25 71 30 66 58 60 27 54 96 15 55 45 78 41 33 94 56 95 30 50 92 35 99 45 42 0 37 39
42 48 50 75 36 74 32 92 48 66 53 75 60 63 26 86 86 86 16 56 22 50 62 17 26 92 12 28 33 15 19 79 60 67 69 60 55 28 48 79 12 30 60 16 48 61 67 12 80 14 91 53 79 57 60 88 25 99 96 55 20 21 37 0 24
10 44 79 40 69 86 73 24 97 48 48 66 35 89 56 66 27 81 74 15 87 53 53 98 85 49 16 46 15 77 17 94 40 95 76 71 48 73 22 28 41 55 34 25 69 83 16 26 42 58 49 75 41 55 68 35 96 80 72 17 14 28 39 24 0