70
0 79 26 89 78 88 85 25 35 37 29 72 78 13 75 64 45 12 50 69 28 44 39 71 89 86 21 62 47 25 93 78 53 55 23 51 97 27 11 66 58 90 17 75 42 68 25 24 74 34 48 66 53 30 40 97 82 37 67 45 66 65 71 15 34 64 78 60 49 38
79 0 85 86 40 93 39 77 91 52 83 69 63 31 67 82 27 22 74 44 47 29 43 95 90 21 93 27 89 58 24 14 25 66 21 70 95 55 14 24 23 68 50 49 86 48 42 55 25 46 43 21 37 25 81 84 88 61 43 53 38 98 62 86 27 38 62 64 50 79
26 85 0 59 48 94 34 80 74 74 18 62 32 82 99 61 27 42 57 85 62 37 85 99 57 18 59 83 98 46 48 36 35 88 25 22 51 27 18 16 91 23 81 93 22 12 59 88 96 85 78 88 42 63 91 19 89 83 96 15 80 55 54 15 54 22 73 69 47 26
89 86 59 0 15 41 70 81 91 57 28 23 96 50 12 26 87 74 26 42 18 20 51 47 75 34 87 93 36 90 68 20 61 45 27 38 97 38 55 25 65 23 85 33 36 72 33 50 24 92 85 48 14 76 81 87 96 21 38 17 17 40 36 13 29 21 54 39 17 91
78 40 48 15 0 68 36 82 21 43 45 52 93 87 15 70 46 18 45 94 91 32 72 73 11 45 39 48 14 21 22 20 98 83 55 90 17 29 65 60 33 91 63 28 21 29 72 65 57 38 53 73 55 73 73 34 78 68 24 40 36 82 37 58 97 78 36 39 67 14
88 93 94 41 68 0 22 65 97 46 91 43 18 57 45 23 27 13 30 93 33 68 78 65 41 14 54 84 46 34 38 77 50 92 94 36 64 61 49 77 78 38 41 63 79 41 72 28 20 95 47 36 62 10 23 62 47 18 62 16 11 24 62 74 88 79 32 68 82 25
85 39 34 70 36 22 0 76 84 90 36 43 34 83 25 37 64 52 24 10 93 73 34 95 22 43 61 13 74 58 74 62 23 93 89 64 88 36 56 34 86 96 34 91 65 75 21 74 88 97 80 61 10 29 55 45 77 61 31 86 77 64 54 16 46 38 86 49 29 94
25 77 80 81 82 65 76 0 90 14 91 97 67 47 37 26 75 96 33 90 32 71 79 44 60 92 49 10 19 96 44 19 80 43 50 20 69 31 28 80 20 19 80 76 95 41 47 55 80 21 57 57 72 12 43 47 23 80 88 16 17 88 66 81 70 29 23 55 42 54
35 91 74 91 21 97 84 90 0 49 74 76 71 45 47 78 95 72 94 12 95 70 59 26 97 39 50 85 16 17 33 24 63 45 31 95 37 48 44 16 27 39 71 24 57 39 70 19 38 66 89 98 37 85 70 28 93 27 81 13 26 43 63 38 89 57 44 50 55 79
37 52 74 57 43 46 90 14 49 0 16 17 19 94 88 79 26 11 28 92 67 45 30 22 75 82 68 11 77 73 39 29 68 44 83 35 53 77 76 99 78 56 92 65 49 45 20 29 48 88 44 17 53 50 63 94 38 19 71 98 46 72 51 27 46 75 92 91 86 10
29 83 18 28 45 91 36 91 74 16 0 70 43 37 99 57 43 10 57 91 20 72 49 46 98 99 91 33 42 16 31 32 62 27 24 17 30 76 15 16 64 65 79 59 24 23 14 28 35 60 63 24 25 84 45 76 43 43 37 60 71 69 25 44 48 24 81 82 71 32
72 69 62 23 52 43 43 97 76 17 70 0 63 65 48 16 87 40 11 13 15 18 62 43 86 11 46 10 74 77 35 17 76 17 74 65 55 19 57 36 72 11 69 39 47 79 89 44 29 31 75 99 92 62 13 96 33 37 28 75 56 67 34 16 74 46 64 47 10 25
78 63 32 96 93 18 34 67 71 19 43 63 0 37 97 89 90 30 31 51 95 16 95 13 29 45 75 21 70 78 83 56 98 71 88 93 10 40 14 93 36 79 14 12 84 71 91 92 61 15 79 81 85 34 42 46 45 89 95 72 42 18 53 27 67 96 39 85 38 17
13 31 82 50 87 57 83 47 45 94 37 65 37 0 50 70 85 65 33 48 50 85 44 57 30 54 71 78 30 54 81 27 47 83 31 98 93 55 24 86 28 32 59 91 44 13 37 63 57 91 80 38 67 87 46 29 19 78 22 25 16 79 94 36 50 78 64 24 62 51
75 67 99 12 15 45 25 37 47 88 99 48 97 50 0 47 31 62 62 76 34 84 57 75 75 29 45 10 33 59 71 67 82 76 48 29 58 36 24 35 86 35 54 32 37 90 37 20 92 32 79 15 10 25 55 34 90 29 38 18 68 25 23 86 47 39 26 13 43 31
64 82 61 26 70 23 37 26 78 79 57 16 89 70 47 0 81 29 86 93 96 41 32 93 20 59 22 21 53 15 68 19 90 96 59 37 96 68 62 53 37 86 45 38 81 62 97 36 95 89 52 68 59 18 96 64 82 84 13 97 32 38 76 43 46 21 15 99 89 82
45 27 27 87 46 27 64 75 95 26 43 87 90 85 31 81 0 63 30 51 18 96 30 71 29 25 29 84 30 46 40 15 91 91 82 66 83 67 97 98 39 44 88 32 21 11 70 66 22 12 76 74 46 72 58 53 37 21 79 96 99 11 29 67 72 33 10 83 63 79
12 22 42 74 18 13 52 96 72 11 10 40 30 65 62 29 63 0 10 40 97 19 87 75 32 58 92 62 65 46 60 61 71 66 17 69 99 65 71 96 52 68 28 98 92 49 27 37 36 53 82 34 11 94 65 79 59 89 35 38 75 87 45 89 23 41 77 48 82 73
50 74 57 26 45 30 24 33 94 28 57 11 31 33 62 86 30 10 0 86 33 20 22 58 57 69 42 53 13 62 26 50 54 68 58 49 94 44 60 51 72 56 28 56 69 58 36 88 65 19 83 86 60 12 93 89 75 59 81 12 98 19 93 45 70 81 75 16 41 23
69 44 85 42 94 93 10 90 12 92 91 13 51 48 76 93 51 40 86 0 66 17 37 24 35 75 79 30 17 49 56 43 54 14 67 75 92 85 70 83 59 96 83 28 34 47 19 54 50 61 13 74 90 13 52 86 91 75 59 13 36 97 71 14 91 24 30 22 17 63
28 47 62 18 91 33 93 32 95 67 20 15 95 50 34 96 18 97 33 66 0 49 73 23 39 82 46 51 73 32 64 11 64 65 59 54 12 86 30 40 88 55 79 72 55 63 93 67 56 18 98 43 53 54 25 26 41 17 69 72 66 23 56 17 27 31 36 17 54 93
44 29 37 20 32 68 73 71 70 45 72 18 16 85 84 41 96 19 20 17 49 0 94 64 73 72 86 94 66 67 96 73 72 36 97 71 53 31 51 15 75 24 46 45 87 84 69 46 55 44 42 21 25 10 84 41 17 54 86 83 47 72 60 81 25 22 82 13 26 47
39 43 85 51 72 78 34 79 59 30 49 62 95 44 57 32 30 87 22 37 73 94 0 14 30 22 94 67 31 69 63 50 34 93 25 84 78 98 63 63 29 26 92 42 50 20 23 55 48 80 98 57 65 78 86 67 69 63 67 79 89 39 89 62 62 35 21 73 43 80
71 95 99 47 73 65 95 44 26 22 46 43 13 57 75 93 71 75 58 24 23 64 14 0 34 88 54 80 65 40 68 78 65 29 40 23 33 55 89 35 84 26 34 87 71 75 46 33 42 30 20 36 16 27 85 39 61 34 20 95 28 40 94 73 45 38 80 12 29 53
89 90 57 75 11 41 22 60 97 75 98 86 29 30 75 20 29 32 57 35 39 73 30 34 0 45 15 98 71 71 87 47 83 78 96 35 43 53 64 26 25 53 73 95 68 52 23 48 90 69 21 70 76 63 10 97 71 14 51 57 73 68 90 42 56 68 94 39 76 18
86 21 18 34 45 14 43 92 39 82 99 11 45 54 29 59 25 58 69 75 82 72 22 88 45 0 51 45 28 27 62 81 79 44 41 82 18 46 66 11 72 73 32 89 21 23 49 40 36 71 37 96 91 77 73 16 17 47 92 78 37 59 32 96 15 50 51 48 28 22
21 93 59 87 39 54 61 49 50 68 91 46 75 71 45 22 29 92 42 79 46 86 94 54 15 51 0 21 94 36 49 55 16 60 61 42 35 57 44 75 88 94 57 70 18 30 53 81 48 70 71 64 44 20 94 27 54 57 95 58 81 86 37 53 64 72 20 37 30 69
62 27 83 93 48 84 13 10 85 11 33 10 21 78 10 21 84 62 53 30 51 94 67 80 98 45 21 0 87 10 13 74 28 12 60 53 77 44 10 76 33 91 39 47 18 42 63 91 85 40 11 96 30 78 54 68 14 26 45 19 12 58 87 75 98 22 18 23 42 32
47 89 98 36 14 46 74 19 16 77 42 74 70 30 33 53 30 65 13 17 73 66 31 65 71 28 94 87 0 55 13 64 19 55 31 74 32 12 43 15 77 23 64 22 77 44 91 86 22 16 80 12 59 47 50 71 35 78 60 82 10 95 78 65 81 86 98 66 52 56
25 58 46 90 21 34 58 96 17 73 16 77 78 54 59 15 46 46 62 49 32 67 69 40 71 27 36 10 55 0 24 45 94 80 96 27 29 83 77 14 26 81 18 15 96 87 88 58 32 18 70 29 61 15 12 31 49 82 40 82 47 47 34 10 90 60 42 14 72 56
93 24 48 68 22 38 74 44 33 39 31 35 83 81 71 68 40 60 26 56 64 96 63 68 87 62 49 13 13 24 0 44 96 89 14 70 20 34 97 51 94 33 73 87 84 29 85 59 63 76 27 88 64 68 91 14 65 23 57 81 68 62 28 91 91 47 44 78 58 44
78 14 36 20 20 77 62 19 24 29 32 17 56 27 67 19 15 61 50 43 11 73 50 78 47 81 55 74 64 45 44 0 20 68 19 73 51 31 92 26 17 33 66 45 31 33 51 58 75 12 32 33 44 44 84 50 23 35 86 22 92 93 73 85 48 33 70 60 50 39
53 25 35 61 98 50 23 80 63 68 62 76 98 47 82 90 91 71 54 54 64 72 34 65 83 79 16 28 19 94 96 20 0 98 24 72 27 96 38 65 62 90 81 97 24 45 23 97 10 16 62 29 23 39 22 53 17 30 77 80 65 44 47 77 31 65 58 81 46 45
55 66 88 45 83 92 93 43 45 44 27 17 71 83 76 96 91 66 68 14 65 36 93 29 78 44 60 12 55 80 89 68 98 0 82 87 67 85 41 71 87 88 51 11 40 88 93 53 97 82 54 53 55 40 68 68 63 46 40 90 68 40 79 69 54 78 62 98 14 91
23 21 25 27 55 94 89 50 31 83 24 74 88 31 48 59 82 17 58 67 59 97 25 40 96 41 61 60 31 96 14 19 24 82 0 24 12 85 19 89 56 43 37 96 50 62 96 64 17 41 81 81 33 19 41 16 34 65 58 20 73 53 31 65 52 52 64 14 21 90
51 70 22 38 90 36 64 20 95 35 17 65 93 98 29 37 66 69 49 75 54 71 84 23 35 82 42 53 74 27 70 73 72 87 24 0 78 73 58 43 74 78 80 19 97 48 95 36 37 88 22 66 71 24 83 85 24 32 41 25 93 98 35 64 79 75 14 21 24 33
97 95 51 97 17 64 88 69 37 53 30 55 10 93 58 96 83 99 94 92 12 53 78 33 43 18 35 77 32 29 20 51 27 67 12 78 0 18 94 66 14 50 13 51 78 23 83 91 27 59 15 50 34 87 51 28 95 64 71 96 81 60 62 86 99 54 29 61 72 81
27 55 27 38 29 61 36 31 48 77 76 19 40 55 36 68 67 65 44 85 86 31 98 55 53 46 57 44 12 83 34 31 96 85 85 73 18 0 38 95 77 72 49 77 59 80 84 40 68 80 49 69 36 43 83 45 57 44 20 33 69 46 38 32 31 94 36 88 20 80
11 14 18 55 65 49 56 28 44 76 15 57 14 24 24 62 97 71 60 70 30 51 63 89 64 66 44 10 43 77 97 92 38 41 19 58 94 38 0 38 17 76 23 69 57 58 24 93 93 88 61 50 87 24 18 11 26 98 44 57 32 97 85 24 75 48 23 99 94 67
66 24 16 25 60 77 34 80 16 99 16 36 93 86 35 53 98 96 51 83 40 15 63 35 26 11 75 76 15 14 51 26 65 71 89 43 66 95 38 0 45 39 65 72 55 28 22 79 86 86 84 19 61 65 26 62 12 88 68 17 93 47 65 40 18 10 21 34 70 82
58 23 91 65 33 78 86 20 27 78 64 72 36 28 86 37 39 52 72 59 88 75 29 84 25 72 88 33 77 26 94 17 62 87 56 74 14 77 17 45 0 49 76 53 62 47 91 82 91 95 18 68 34 19 14 34 53 77 37 39 22 22 95 42 36 68 39 82 83 37
90 68 23 23 91 38 96 19 39 56 65 11 79 32 35 86 44 68 56 96 55 24 26 26 53 73 94 91 23 81 33 33 90 88 43 78 50 72 76 39 49 0 29 17 35 82 89 68 86 97 85 56 92 28 99 82 58 70 61 59 40 20 37 91 72 50 83 98 40 65
17 50 81 85 63 41 34 80 71 92 79 69 14 59 54 45 88 28 28 83 79 46 92 34 73 32 57 39 64 18 73 66 81 51 37 80 13 49 23 65 76 29 0 63 93 55 38 66 75 33 27 95 49 73 63 96 60 58 13 48 53 25 15 41 63 49 69 56 61 52
75 49 93 33 28 63 91 76 24 65 59 39 12 91 32 38 32 98 56 28 72 45 42 87 95 89 70 47 22 15 87 45 97 11 96 19 51 77 69 72 53 17 63 0 28 43 92 36 83 85 99 88 17 50 72 48 82 68 28 94 36 67 76 87 49 70 60 85 55 69
42 86 22 36 21 79 65 95 57 49 24 47 84 44 37 81 21 92 69 34 55 87 50 71 68 21 18 18 77 96 84 31 24 40 50 97 78 59 57 55 62 35 93 28 0 26 93 22 58 22 96 96 98 66 16 68 82 72 17 40 95 61 70 97 77 61 66 99 41 39
68 48 12 72 29 41 75 41 39 45 23 79 71 13 90 62 11 49 58 47 63 84 20 75 52 23 30 42 44 87 29 33 45 88 62 48 23 80 58 28 47 82 55 43 26 0 66 72 47 13 89 30 49 56 92 41 38 57 53 60 13 50 68 34 80 46 13 81 35 39
25 42 59 33 72 72 21 47 70 20 14 89 91 37 37 97 70 27 36 19 93 69 23 46 23 49 53 63 91 88 85 51 23 93 96 95 83 84 24 22 91 89 38 92 93 66 0 79 86 94 39 55 75 19 37 62 50 39 11 47 24 25 13 40 36 81 44 88 24 97
24 55 88 50 65 28 74 55 19 29 28 44 92 63 20 36 66 37 88 54 67 46 55 33 48 40 81 91 86 58 59 58 97 53 64 36 91 40 93 79 82 68 66 36 22 72 79 0 25 19 38 46 85 23 83 44 86 96 65 24 47 22 45 44 47 33 65 79 13 51
74 25 96 24 57 20 88 80 38 48 35 29 61 57 92 95 22 36 65 50 56 55 48 42 90 36 48 85 22 32 63 75 10 97 17 37 27 68 93 86 91 86 75 83 58 47 86 25 0 32 46 50 37 85 93 26 43 46 34 49 77 24 35 56 47 19 31 57 38 52
34 46 85 92 38 95 97 21 66 88 60 31 15 91 32 89 12 53 19 61 18 44 80 30 69 71 70 40 16 18 76 12 16 82 41 88 59 80 88 86 95 97 33 85 22 13 94 19 32 0 85 65 24 20 39 53 21 22 67 62 62 13 47 10 29 96 96 99 43 52
48 43 78 85 53 47 80 57 89 44 63 75 79 80 79 52 76 82 83 13 98 42 98 20 21 37 71 11 80 70 27 32 62 54 81 22 15 49 61 84 18 85 27 99 96 89 39 38 46 85 0 94 56 46 69 55 72 63 35 52 75 85 34 91 15 62 66 39 25 18
66 21 88 48 73 36 61 57 98 17 24 99 81 38 15 68 74 34 86 74 43 21 57 36 70 96 64 96 12 29 88 33 29 53 81 66 50 69 50 19 68 56 95 88 96 30 55 46 50 65 94 0 58 19 79 80 63 82 32 35 12 99 25 76 99 12 15 63 11 23
53 37 42 14 55 62 10 72 37 53 25 92 85 67 10 59 46 11 60 90 53 25 65 16 76 91 44 30 59 61 64 44 23 55 33 71 34 36 87 61 34 92 49 17 98 49 75 85 37 24 56 58 0 32 20 35 46 63 10 54 70 44 53 63 27 29 87 57 12 81
30 25 63 76 73 10 29 12 85 50 84 62 34 87 25 18 72 94 12 13 54 10 78 27 63 77 20 78 47 15 68 44 39 40 19 24 87 43 24 65 19 28 73 50 66 56 19 23 85 20 46 19 32 0 26 92 74 52 55 59 59 46 59 92 93 35 26 38 47 68
40 81 91 81 73 23 55 43 70 63 45 13 42 46 55 96 58 65 93 52 25 84 86 85 10 73 94 54 50 12 91 84 22 68 41 83 51 83 18 26 14 99 63 72 16 92 37 83 93 39 69 79 20 26 0 95 25 74 53 36 95 33 49 72 66 93 78 68 16 93
97 84 19 87 34 62 45 47 28 94 76 96 46 29 34 64 53 79 89 86 26 41 67 39 97 16 27 68 71 31 14 50 53 68 16 85 28 45 11 62 34 82 96 48 68 41 62 44 26 53 55 80 35 92 95 0 69 38 19 82 75 81 10 34 20 38 57 13 70 64
82 88 89 96 78 47 77 23 93 38 43 33 45 19 90 82 37 59 75 91 41 17 69 61 71 17 54 14 35 49 65 23 17 63 34 24 95 57 26 12 53 58 60 82 82 38 50 86 43 21 72 63 46 74 25 69 0 73 45 66 89 46 42 47 79 98 80 19 36 43
37 61 83 21 68 18 61 80 27 19 43 37 89 78 29 84 21 89 59 75 17 54 63 34 14 47 57 26 78 82 23 35 30 46 65 32 64 44 98 88 77 70 58 68 72 57 39 96 46 22 63 82 63 52 74 38 73 0 46 72 47 91 76 35 42 72 51 53 41 81
67 43 96 38 24 62 31 88 81 71 37 28 95 22 38 13 79 35 81 59 69 86 67 20 51 92 95 45 60 40 57 86 77 40 58 41 71 20 44 68 37 61 13 28 17 53 11 65 34 67 35 32 10 55 53 19 45 46 0 48 46 50 62 57 81 41 10 59 41 92
45 53 15 17 40 16 86 16 13 98 60 75 72 25 18 97 96 38 12 13 72 83 79 95 57 78 58 19 82 82 81 22 80 90 20 25 96 33 57 17 39 59 48 94 40 60 47 24 49 62 52 35 54 59 36 82 66 72 48 0 28 37 60 50 29 14 33 33 16 67
66 38 80 17 36 11 77 17 26 46 71 56 42 16 68 32 99 75 98 36 66 47 89 28 73 37 81 12 10 47 68 92 65 68 73 93 81 69 32 93 22 40 53 36 95 13 24 47 77 62 75 12 70 59 95 75 89 47 46 28 0 29 41 34 52 77 11 19 11 20
65 98 55 40 82 24 64 88 43 72 69 67 18 79 25 38 11 87 19 97 23 72 39 40 68 59 86 58 95 47 62 93 44 40 53 98 60 46 97 47 22 20 25 67 61 50 25 22 24 13 85 99 44 46 33 81 46 91 50 37 29 0 61 58 45 68 99 58 71 62
71 62 54 36 37 62 54 66 63 51 25 34 53 94 23 76 29 45 93 71 56 60 89 94 90 32 37 87 78 34 28 73 47 79 31 35 62 38 85 65 95 37 15 76 70 68 13 45 35 47 34 25 53 59 49 10 42 76 62 60 41 61 0 70 13 25 76 18 79 17
15 86 15 13 58 74 16 81 38 27 44 16 27 36 86 43 67 89 45 14 17 81 62 73 42 96 53 75 65 10 91 85 77 69 65 64 86 32 24 40 42 91 41 87 97 34 40 44 56 10 91 76 63 92 72 34 47 35 57 50 34 58 70 0 51 21 28 69 38 62
34 27 54 29 97 88 46 70 89 46 48 74 67 50 47 46 72 23 70 91 27 25 62 45 56 15 64 98 81 90 91 48 31 54 52 79 99 31 75 18 36 72 63 49 77 80 36 47 47 29 15 99 27 93 66 20 79 42 81 29 52 45 13 51 0 52 54 27 24 42
64 38 22 21 78 79 38 29 57 75 24 46 96 78 39 21 33 41 81 24 31 22 35 38 68 50 72 22 86 60 47 33 65 78 52 75 54 94 48 10 68 50 49 70 61 46 81 33 19 96 62 12 29 35 93 38 98 72 41 14 77 68 25 21 52 0 98 86 33 19
78 62 73 54 36 32 86 23 44 92 81 64 39 64 26 15 10 77 75 30 36 82 21 80 94 51 20 18 98 42 44 70 58 62 64 14 29 36 23 21 39 83 69 60 66 13 44 65 31 96 66 15 87 26 78 57 80 51 10 33 11 99 76 28 54 98 0 59 81 71
60 64 69 39 39 68 49 55 50 91 82 47 85 24 13 99 83 48 16 22 17 13 73 12 39 48 37 23 66 14 78 60 81 98 14 21 61 88 99 34 82 98 56 85 99 81 88 79 57 99 39 63 57 38 68 13 19 53 59 33 19 58 18 69 27 86 59 0 74 30
49 50 47 17 67 82 29 42 55 86 71 10 38 62 43 89 63 82 41 17 54 26 43 29 76 28 30 42 52 72 58 50 46 14 21 24 72 20 94 70 83 40 61 55 41 35 24 13 38 43 25 11 12 47 16 70 36 41 41 16 11 71 79 38 24 33 81 74 0 93
38 79 26 91 14 25 94 54 79 10 32 25 17 51 31 82 79 73 23 63 93 47 80 53 18 22 69 32 56 56 44 39 45 91 90 33 81 80 67 82 37 65 52 69 39 39 97 51 52 52 18 23 81 68 93 64 43 81 92 67 20 62 17 62 42 19 71 30 93 0