95
0 82 32 39 70 87 65 27 47 32 98 15 33 73 87 23 74 21 66 78 76 86 58 48 32 43 59 30 55 93 38 29 27 19 94 37 46 96 76 18 92 16 89 91 88 62 47 84 62 45 74 10 91 98 54 69 90 29 63 76 96 93 80 12 96 87 96 76 63 25 60 22 99 74 93 22 88 21 25 31 28 50 36 48 57 57 34 57 72 88 67 20 96 76 22
82 0 26 10 25 80 39 20 26 72 83 64 37 91 14 28 28 44 97 96 23 32 72 72 17 72 38 74 62 71 62 69 89 48 91 25 69 55 47 80 32 12 93 31 42 24 14 41 24 17 27 61 48 41 69 70 67 95 36 15 52 98 17 16 96 19 80 16 60 68 50 65 54 87 71 90 86 63 97 77 90 53 85 10 26 57 86 20 33 62 75 91 50 27 26
32 26 0 47 55 35 89 55 96 86 75 92 56 44 22 47 84 16 13 18 63 95 47 31 62 10 35 89 89 99 83 42 28 13 14 55 40 44 55 97 18 68 95 93 68 67 82 99 85 86 55 77 68 64 30 30 91 35 78 42 43 55 53 60 58 92 39 51 88 33 39 43 94 29 54 29 79 52 64 62 88 83 29 59 59 85 51 89 36 51 50 65 62 84 31
39 10 47 0 17 64 51 34 93 35 65 65 91 13 32 65 10 75 12 63 47 76 47 42 26 71 86 21 47 88 49 21 13 74 80 62 71 51 63 10 56 68 70 41 98 63 48 48 41 37 53 15 49 74 79 69 64 25 91 62 42 96 10 45 49 85 22 13 64 73 23 13 56 15 48 57 95 18 88 94 86 41 82 17 39 14 34 17 95 58 85 36 66 62 54
70 25 55 17 0 76 37 37 27 96 57 97 89 19 40 88 27 27 99 69 90 95 48 89 43 15 52 61 95 42 84 68 70 23 45 45 30 76 75 88 30 99 11 95 68 85 19 27 91 59 40 16 64 98 17 42 12 53 67 98 14 74 68 23 72 78 83 20 63 77 87 43 35 24 98 73 19 16 87 57 29 32 44 40 69 89 40 48 23 31 53 56 46 58 58
87 80 35 64 76 0 80 58 84 53 51 46 19 65 92 78 38 88 81 66 72 34 47 12 78 52 77 67 48 72 46 89 11 63 85 97 21 55 22 23 83 76 30 65 13 51 36 48 94 92 16 66 53 93 21 95 54 97 68 84 41 13 31 72 15 52 53 53 32 99 33 71 83 22 56 63 52 23 29 83 30 91 22 51 64 29 30 54 68 47 24 58 93 13 27
65 39 89 51 37 80 0 51 48 69 63 94 68 58 87 50 26 46 35 75 81 28 29 63 58 66 43 52 57 97 18 45 45 73 66 19 98 64 28 90 65 54 45 55 52 86 72 31 49 24 16 29 99 27 33 64 31 48 31 21 94 62 87 99 72 74 13 92 82 84 32 28 80 78 40 49 25 56 41 10 59 93 16 97 49 76 47 40 53 37 34 74 75 85 65
27 20 55 34 37 58 51 0 60 45 83 89 47 93 58 11 44 20 71 83 72 72 93 57 69 63 62 59 37 40 67 99 83 30 51 12 68 23 71 85 19 16 54 20 99 75 40 94 73 72 25 23 75 24 32 38 86 22 99 87 17 84 76 18 35 76 67 56 55 96 85 17 39 24 81 55 76 99 45 13 40 49 45 70 42 48 32 34 46 79 42 74 25 93 17
47 26 96 93 27 84 48 60 0 23 21 12 12 46 52 17 54 80 67 57 96 96 67 63 51 34 59 60 22 38 74 28 14 75 74 34 13 20 35 60 35 28 75 33 65 33 20 93 80 36 45 75 61 70 23 22 59 46 72 59 70 78 94 14 94 39 41 25 72 27 94 79 71 33 27 80 40 54 93 21 53 80 58 53 41 62 13 36 21 74 74 52 66 34 57
32 72 86 35 96 53 69 45 23 0 66 92 27 41 81 73 88 44 77 85 33 44 59 24 20 67 42 19 30 53 26 15 44 92 99 30 47 14 73 51 58 23 15 62 78 50 12 44 44 18 47 37 39 28 12 75 97 41 56 60 34 67 31 33 98 64 64 10 42 14 10 34 97 82 87 89 83 92 52 53 34 91 43 85 38 50 38 20 60 71 32 91 20 91 88
98 83 75 65 57 51 63 83 21 66 0 83 14 94 99 88 34 49 76 25 90 34 22 11 25 84 66 26 23 31 86 61 91 41 65 30 26 68 58 57 94 57 25 11 73 97 55 42 64 62 12 43 65 36 89 65 80 82 76 19 64 35 95 92 96 13 97 19 84 99 73 63 71 62 39 50 48 69 61 72 14 20 28 26 84 90 15 72 56 71 10 13 65 20 35
15 64 92 65 97 46 94 89 12 92 83 0 25 72 37 73 35 36 75 53 44 15 84 39 80 84 48 23 87 40 28 70 66 22 22 88 56 49 26 21 52 62 79 64 56 68 47 21 77 86 77 97 17 18 15 58 33 26 93 67 95 38 43 54 10 45 25 33 36 10 78 54 53 95 31 47 49 26 28 36 94 58 26 44 61 43 49 41 96 37 47 31 86 39 33
33 37 56 91 89 19 68 47 12 27 14 25 0 91 94 70 38 54 62 63 56 53 91 78 41 66 21 56 23 72 83 78 39 35 78 79 29 86 17 85 89 91 88 70 89 96 20 66 22 25 39 84 87 30 97 48 53 12 67 23 94 86 58 40 98 38 77 90 55 13 99 15 21 81 71 41 37 44 78 71 39 83 97 63 20 22 56 79 38 48 46 85 96 25 82
73 91 44 13 19 65 58 93 46 41 94 72 91 0 93 33 71 98 84 55 56 95 70 93 50 69 54 96 62 17 97 82 82 12 21 92 20 48 46 55 85 81 81 63 91 49 10 81 99 21 24 52 18 93 12 82 69 68 19 46 64 44 24 26 38 67 51 92 20 21 17 90 60 12 55 37 78 21 67 98 16 74 89 40 64 32 92 55 27 23 89 62 69 36 55
87 14 22 32 40 92 87 58 52 81 99 37 94 93 0 73 31 25 23 24 51 15 91 18 32 80 77 69 35 25 12 90 25 26 41 98 21 74 86 17 22 94 98 71 99 84 16 64 84 75 39 88 44 50 28 16 79 99 14 79 29 36 57 74 73 18 67 47 14 45 46 24 74 66 41 82 14 95 49 29 82 92 90 15 28 19 32 84 41 40 15 40 79 88 42
23 28 47 65 88 78 50 11 17 73 88 73 70 33 73 0 28 93 88 55 67 49 46 30 80 98 73 45 73 76 73 85 84 12 56 74 99 84 80 56 75 94 64 37 84 59 58 45 21 93 43 60 83 93 34 12 10 74 91 34 35 25 98 84 65 89 98 31 38 84 87 69 26 87 38 65 76 37 55 11 84 90 48 15 19 78 90 13 61 54 58 56 78 24 49
74 28 84 10 27 38 26 44 54 88 34 35 38 71 31 28 0 71 31 29 28 50 27 11 21 43 18 93 11 18 79 26 43 96 40 35 22 76 35 58 49 71 59 23 49 14 42 21 87 76 82 83 81 50 55 22 47 58 69 64 78 10 89 64 32 80 79 41 70 37 10 77 80 19 73 84 35 59 25 71 18 33 79 79 95 21 81 45 42 57 58 45 31 76 74
21 44 16 75 27 88 46 20 80 44 49 36 54 98 25 93 71 0 34 41 74 76 28 40 56 54 61 99 22 11 82 26 51 22 96 28 88 14 81 30 35 49 53 39 68 14 80 59 36 65 49 10 13 76 70 32 16 23 31 90 97 59 75 92 48 72 89 20 45 38 25 55 13 35 13 73 57 66 21 70 20 50 22 23 53 16 30 86 20 71 57 83 42 24 48
66 97 13 12 99 81 35 71 67 77 76 75 62 84 23 88 31 34 0 35 89 57 48 87 66 41 89 89 17 39 16 59 72 22 23 49 37 90 65 88 60 77 85 40 48 69 29 19 12 35 56 83 17 87 17 70 94 90 20 82 12 72 16 25 68 95 27 33 88 56 73 93 62 12 17 37 30 46 78 93 18 55 23 96 88 91 70 10 11 67 98 47 45 16 30
78 96 18 63 69 66 75 83 57 85 25 53 63 55 24 55 29 41 35 0 58 69 50 90 85 85 26 16 33 97 66 81 77 65 29 72 97 17 22 41 99 87 92 15 25 48 10 13 54 25 49 99 34 82 64 49 11 27 82 90 83 27 37 10 28 83 92 92 61 69 42 42 89 91 62 79 89 22 44 15 37 47 79 31 31 91 75 66 99 49 20 44 77 25 89
76 23 63 47 90 72 81 72 96 33 90 44 56 56 51 67 28 74 89 58 0 25 64 63 34 57 55 43 73 29 73 30 48 79 13 26 15 73 79 20 59 10 70 79 33 26 52 93 29 57 83 85 65 64 14 44 51 57 73 77 47 41 78 72 30 52 91 34 14 92 34 18 46 38 65 92 50 97 92 18 66 22 42 29 90 72 50 88 48 27 29 92 93 19 72
86 32 95 76 95 34 28 72 96 44 34 15 53 95 15 49 50 76 57 69 25 0 76 99 22 15 56 51 87 21 81 99 75 37 49 21 40 96 28 16 87 33 15 20 45 65 30 74 20 26 40 52 25 51 24 51 82 14 61 60 89 61 94 17 68 38 66 12 89 70 46 82 77 47 40 53 74 93 77 44 41 15 20 32 16 20 23 23 55 62 93 14 74 39 90
58 72 47 47 48 47 29 93 67 59 22 84 91 70 91 46 27 28 48 50 64 76 0 80 31 15 27 47 73 10 28 26 95 16 66 54 17 24 30 15 22 75 84 68 52 94 13 63 95 13 52 83 16 52 52 51 23 73 61 97 36 76 48 50 70 47 80 17 18 26 71 10 92 82 57 53 48 78 69 28 16 26 85 16 55 49 39 55 73 91 35 74 29 88 57
48 72 31 42 89 12 63 57 63 24 11 39 78 93 18 30 11 40 87 90 63 99 80 0 98 52 95 74 71 21 78 44 56 17 50 64 60 92 51 22 81 60 21 67 45 17 69 71 54 24 33 20 47 29 57 24 71 93 49 11 26 92 19 49 62 41 99 72 25 36 62 41 67 85 76 54 30 49 77 19 47 60 69 36 61 30 92 53 81 74 49 46 17 10 59
32 17 62 26 43 78 58 69 51 20 25 80 41 50 32 80 21 56 66 85 34 22 31 98 0 56 25 72 54 34 69 98 11 79 49 98 28 75 33 48 79 89 34 92 11 99 86 50 93 83 86 91 35 43 39 20 60 34 46 98 83 55 37 38 49 56 32 64 63 89 40 55 26 66 68 46 85 28 39 31 27 98 44 95 60 24 26 62 95 10 85 77 17 81 13
43 72 10 71 15 52 66 63 34 67 84 84 66 69 80 98 43 54 41 85 57 15 15 52 56 0 76 78 66 90 95 70 71 67 21 66 68 22 37 68 12 35 91 73 69 92 65 77 11 30 48 28 75 78 38 85 16 58 37 51 52 29 96 41 36 61 16 45 10 23 49 60 95 15 90 89 87 48 88 76 19 19 69 74 50 40 99 43 17 23 69 86 30 76 17
59 38 35 86 52 77 43 62 59 42 66 48 21 54 77 73 18 61 89 26 55 56 27 95 25 76 0 20 62 56 82 27 29 73 73 75 72 80 76 13 16 69 40 81 30 17 31 52 72 94 39 55 99 89 13 21 40 99 98 12 81 70 78 22 63 78 66 72 57 27 48 11 55 54 96 29 61 63 58 13 57 13 50 94 53 65 23 60 32 47 50 18 53 11 42
30 74 89 21 61 67 52 59 60 19 26 23 56 96 69 45 93 99 89 16 43 51 47 74 72 78 20 0 94 59 33 35 24 54 33 97 17 40 67 89 52 65 53 83 79 86 52 85 56 29 28 92 43 21 65 74 60 49 73 93 59 80 14 34 17 28 14 23 63 84 56 73 67 67 25 79 20 94 45 54 85 75 38 52 68 89 34 36 42 74 10 60 50 64 33
55 62 89 47 95 48 57 37 22 30 23 87 23 62 35 73 11 22 17 33 73 87 73 71 54 66 62 94 0 54 97 41 55 53 38 11 46 16 71 23 28 24 37 71 95 77 66 32 38 84 48 82 34 41 78 24 26 11 97 14 61 33 14 35 11 55 21 25 11 58 41 66 65 41 64 35 63 10 95 31 57 70 88 69 27 17 37 71 55 63 71 34 76 54 85
93 71 99 88 42 72 97 40 38 53 31 40 72 17 25 76 18 11 39 97 29 21 10 21 34 90 56 59 54 0 52 90 39 92 95 40 25 86 74 12 85 83 26 27 74 30 78 35 91 21 76 39 80 95 24 87 20 50 94 87 16 46 24 22 50 96 90 48 48 38 77 60 54 61 18 42 23 60 17 16 12 21 58 76 42 61 48 33 85 93 94 59 62 23 71
38 62 83 49 84 46 18 67 74 26 86 28 83 97 12 73 79 82 16 66 73 81 28 78 69 95 82 33 97 52 0 56 35 82 80 90 62 18 46 92 98 47 91 14 91 38 58 69 86 63 70 70 59 46 13 36 11 23 39 83 91 43 55 11 45 92 70 77 93 29 21 76 51 92 86 39 18 29 34 80 18 65 17 96 81 57 24 12 68 72 94 70 83 73 30
29 69 42 21 68 89 45 99 28 15 61 70 78 82 90 85 26 26 59 81 30 99 26 44 98 70 27 35 41 90 56 0 32 40 96 72 48 22 10 93 51 92 49 70 77 67 40 66 52 39 45 96 58 58 66 26 63 76 17 73 94 63 58 42 54 84 41 22 20 97 71 72 90 50 46 82 23 13 49 40 42 41 61 97 68 64 97 24 77 89 75 24 74 24 79
27 89 28 13 70 11 45 83 14 44 91 66 39 82 25 84 43 51 72 77 48 75 95 56 11 71 29 24 55 39 35 32 0 98 34 27 39 95 11 93 46 81 18 91 62 28 85 15 61 61 82 87 42 72 44 63 94 19 50 84 12 30 56 53 88 40 35 75 84 94 48 59 39 50 22 93 85 81 72 73 82 21 96 16 91 76 71 93 97 87 27 73 45 75 15
19 48 13 74 23 63 73 30 75 92 41 22 35 12 26 12 96 22 22 65 79 37 16 17 79 67 73 54 53 92 82 40 98 0 13 67 28 36 95 52 61 97 34 51 46 92 25 18 68 86 92 21 23 90 73 76 98 53 25 69 73 54 99 11 99 52 38 27 43 70 50 63 24 21 22 27 74 38 13 99 98 56 58 96 39 64 94 50 74 36 68 90 61 20 72
94 91 14 80 45 85 66 51 74 99 65 22 78 21 41 56 40 96 23 29 13 49 66 50 49 21 73 33 38 95 80 96 34 13 0 56 28 22 18 20 60 91 42 56 21 34 54 25 24 99 75 68 13 81 69 65 39 79 93 90 21 66 61 52 40 18 83 29 61 61 74 32 87 15 25 11 96 30 75 11 64 84 23 14 68 61 48 17 29 81 37 61 81 12 93
37 25 55 62 45 97 19 12 34 30 30 88 79 92 98 74 35 28 49 72 26 21 54 64 98 66 75 97 11 40 90 72 27 67 56 0 28 41 34 67 70 81 42 78 62 50 30 51 97 57 13 51 92 69 98 70 12 36 79 21 75 19 51 29 39 14 58 63 76 15 56 15 13 28 11 29 85 83 25 35 14 55 14 28 89 94 42 30 15 32 86 30 12 36 16
46 69 40 71 30 21 98 68 13 47 26 56 29 20 21 99 22 88 37 97 15 40 17 60 28 68 72 17 46 25 62 48 39 28 28 28 0 28 58 88 51 67 74 48 10 48 35 58 12 85 81 84 40 44 37 81 77 59 10 32 80 87 22 84 62 26 56 35 94 78 30 36 99 17 47 12 79 74 61 95 84 90 26 64 41 55 32 78 60 15 91 26 59 39 45
96 55 44 51 76 55 64 23 20 14 68 49 86 48 74 84 76 14 90 17 73 96 24 92 75 22 80 40 16 86 18 22 95 36 22 41 28 0 75 28 97 83 19 25 41 65 41 95 95 80 56 47 32 90 47 39 97 77 50 75 93 52 50 84 10 83 51 55 25 18 23 24 62 70 77 16 30 30 97 44 58 74 90 43 72 67 32 38 75 91 45 11 87 41 28
76 47 55 63 75 22 28 71 35 73 58 26 17 46 86 80 35 81 65 22 79 28 30 51 33 37 76 67 71 74 46 10 11 95 18 34 58 75 0 26 57 79 36 96 11 92 61 24 49 23 95 10 59 17 82 85 22 40 24 65 52 13 65 86 92 67 87 75 92 40 49 68 62 13 12 78 74 60 61 41 33 55 31 48 86 90 58 28 89 36 93 62 50 66 33
18 80 97 10 88 23 90 85 60 51 57 21 85 55 17 56 58 30 88 41 20 16 15 22 48 68 13 89 23 12 92 93 93 52 20 67 88 28 26 0 56 27 31 15 95 25 59 64 33 19 34 57 21 33 50 30 17 89 48 69 82 77 19 55 55 44 17 16 14 42 70 74 14 92 31 66 49 96 15 30 89 73 41 57 98 16 78 39 44 23 34 31 11 55 76
92 32 18 56 30 83 65 19 35 58 94 52 89 85 22 75 49 35 60 99 59 87 22 81 79 12 16 52 28 85 98 51 46 61 60 70 51 97 57 56 0 93 46 94 27 17 46 49 74 34 54 23 72 86 67 92 89 67 73 44 13 19 92 88 35 25 99 25 84 11 96 59 11 88 54 90 63 89 33 57 24 86 78 34 52 50 56 31 58 64 91 64 99 52 45
16 12 68 68 99 76 54 16 28 23 57 62 91 81 94 94 71 49 77 87 10 33 75 60 89 35 69 65 24 83 47 92 81 97 91 81 67 83 79 27 93 0 55 58 18 46 36 27 82 42 20 12 52 16 91 99 81 48 57 37 16 18 62 74 41 47 73 63 53 72 91 88 67 28 49 68 19 86 98 20 92 41 54 57 41 80 27 90 59 62 34 69 14 42 18
89 93 95 70 11 30 45 54 75 15 25 79 88 81 98 64 59 53 85 92 70 15 84 21 34 91 40 53 37 26 91 49 18 34 42 42 74 19 36 31 46 55 0 77 16 37 48 19 63 50 67 33 86 34 16 38 39 49 19 68 28 15 35 48 43 78 10 67 48 31 47 76 57 78 55 66 85 65 28 46 51 21 42 98 15 31 91 65 30 83 35 63 28 95 72
91 31 93 41 95 65 55 20 33 62 11 64 70 63 71 37 23 39 40 15 79 20 68 67 92 73 81 83 71 27 14 70 91 51 56 78 48 25 96 15 94 58 77 0 26 66 83 15 38 54 84 92 90 87 95 30 52 23 62 47 66 53 45 39 91 38 34 89 86 24 13 78 59 23 37 90 13 17 26 96 37 28 11 35 78 11 67 64 13 43 64 16 47 13 70
88 42 68 98 68 13 52 99 65 78 73 56 89 91 99 84 49 68 48 25 33 45 52 45 11 69 30 79 95 74 91 77 62 46 21 62 10 41 11 95 27 18 16 26 0 76 44 11 66 84 50 17 39 52 23 29 78 33 63 87 11 36 95 99 24 48 18 92 48 55 56 72 35 41 17 42 54 21 47 13 90 93 85 59 31 30 57 66 31 47 50 72 39 35 14
62 24 67 63 85 51 86 75 33 50 97 68 96 49 84 59 14 14 69 48 26 65 94 17 99 92 17 86 77 30 38 67 28 92 34 50 48 65 92 25 17 46 37 66 76 0 11 80 45 70 35 30 22 20 11 19 71 80 31 94 57 35 49 92 86 69 97 89 62 11 40 13 59 91 53 96 76 51 22 81 34 57 43 71 55 35 99 38 84 61 63 26 34 31 90
47 14 82 48 19 36 72 40 20 12 55 47 20 10 16 58 42 80 29 10 52 30 13 69 86 65 31 52 66 78 58 40 85 25 54 30 35 41 61 59 46 36 48 83 44 11 0 46 18 30 72 78 33 85 10 60 88 94 96 63 73 50 27 45 99 16 55 30 72 31 39 74 11 82 81 14 50 74 40 71 32 10 57 46 73 29 44 29 93 85 33 34 97 52 89
84 41 99 48 27 48 31 94 93 44 42 21 66 81 64 45 21 59 19 13 93 74 63 71 50 77 52 85 32 35 69 66 15 18 25 51 58 95 24 64 49 27 19 15 11 80 46 0 79 60 43 84 67 63 48 84 60 27 12 52 93 75 16 60 66 74 37 96 92 18 23 22 78 83 12 94 73 35 20 49 64 34 67 27 19 99 12 92 19 60 26 12 87 94 97
62 24 85 41 91 94 49 73 80 44 64 77 22 99 84 21 87 36 12 54 29 20 95 54 93 11 72 56 38 91 86 52 61 68 24 97 12 95 49 33 74 82 63 38 66 45 18 79 0 39 57 38 47 59 13 36 41 51 18 74 30 56 63 84 96 49 78 33 24 25 43 49 26 50 58 33 99 62 45 41 37 66 24 92 73 83 34 19 23 81 57 93 16 88 78
45 17 86 37 59 92 24 72 36 18 62 86 25 21 75 93 76 65 35 25 57 26 13 24 83 30 94 29 84 21 63 39 61 86 99 57 85 80 23 19 34 42 50 54 84 70 30 60 39 0 89 47 83 46 49 90 82 34 59 58 74 73 91 26 90 21 50 68 33 87 70 50 27 55 57 77 81 38 94 80 91 75 20 48 63 23 91 92 79 11 14 13 83 45 11
74 27 55 53 40 16 16 25 45 47 12 77 39 24 39 43 82 49 56 49 83 40 52 33 86 48 39 28 48 76 70 45 82 92 75 13 81 56 95 34 54 20 67 84 50 35 72 43 57 89 0 36 35 25 90 78 61 99 88 26 98 87 91 88 13 84 94 32 55 66 49 47 55 78 40 42 30 37 26 11 29 37 85 51 39 29 68 31 80 70 11 57 74 95 96
10 61 77 15 16 66 29 23 75 37 43 97 84 52 88 60 83 10 83 99 85 52 83 20 91 28 55 92 82 39 70 96 87 21 68 51 84 47 10 57 23 12 33 92 17 30 78 84 38 47 36 0 58 13 59 35 48 38 24 45 58 89 39 76 94 58 89 65 56 38 68 89 45 77 56 26 68 21 16 45 51 16 56 60 27 21 43 51 63 56 23 16 68 64 95
91 48 68 49 64 53 99 75 61 39 65 17 87 18 44 83 81 13 17 34 65 25 16 47 35 75 99 43 34 80 59 58 42 23 13 92 40 32 59 21 72 52 86 90 39 22 33 67 47 83 35 58 0 91 19 64 68 68 36 39 25 34 86 69 82 84 45 44 38 57 19 91 37 59 56 94 80 14 80 53 72 21 25 27 63 16 31 95 76 32 96 87 11 86 16
98 41 64 74 98 93 27 24 70 28 36 18 30 93 50 93 50 76 87 82 64 51 52 29 43 78 89 21 41 95 46 58 72 90 81 69 44 90 17 33 86 16 34 87 52 20 85 63 59 46 25 13 91 0 89 39 50 55 99 95 14 24 18 13 46 15 96 91 85 89 92 48 24 43 16 93 68 23 92 60 39 59 82 65 41 92 62 99 75 44 65 41 25 61 12
54 69 30 79 17 21 33 32 23 12 89 15 97 12 28 34 55 70 17 64 14 24 52 57 39 38 13 65 78 24 13 66 44 73 69 98 37 47 82 50 67 91 16 95 23 11 10 48 13 49 90 59 19 89 0 27 78 48 36 99 10 13 36 14 54 29 39 75 61 96 49 63 84 61 43 67 45 89 35 76 66 52 23 14 90 46 76 92 95 47 22 79 58 36 59
69 70 30 69 42 95 64 38 22 75 65 58 48 82 16 12 22 32 70 49 44 51 51 24 20 85 21 74 24 87 36 26 63 76 65 70 81 39 85 30 92 99 38 30 29 19 60 84 36 90 78 35 64 39 27 0 63 69 51 82 70 64 36 69 24 63 31 87 85 33 73 78 62 42 64 69 78 63 84 61 73 91 37 58 60 41 51 88 42 46 89 37 45 16 32
90 67 91 64 12 54 31 86 59 97 80 33 53 69 79 10 47 16 94 11 51 82 23 71 60 16 40 60 26 20 11 63 94 98 39 12 77 97 22 17 89 81 39 52 78 71 88 60 41 82 61 48 68 50 78 63 0 99 23 85 34 26 46 19 35 41 47 56 50 85 75 59 50 51 11 58 94 74 92 46 53 11 36 51 37 94 94 20 44 80 81 41 37 70 53
29 95 35 25 53 97 48 22 46 41 82 26 12 68 99 74 58 23 90 27 57 14 73 93 34 58 99 49 11 50 23 76 19 53 79 36 59 77 40 89 67 48 49 23 33 80 94 27 51 34 99 38 68 55 48 69 99 0 36 42 94 80 91 48 32 68 51 92 73 80 26 85 62 76 56 32 77 64 69 80 29 97 77 65 34 61 67 97 84 88 50 76 47 57 82
63 36 78 91 67 68 31 99 72 56 76 93 67 19 14 91 69 31 20 82 73 61 61 49 46 37 98 73 97 94 39 17 50 25 93 79 10 50 24 48 73 57 19 62 63 31 96 12 18 59 88 24 36 99 36 51 23 36 0 59 34 13 50 75 10 73 51 36 45 59 27 36 40 16 35 81 31 26 11 71 63 77 83 47 45 74 97 71 21 51 89 81 66 14 58
76 15 42 62 98 84 21 87 59 60 19 67 23 46 79 34 64 90 82 90 77 60 97 11 98 51 12 93 14 87 83 73 84 69 90 21 32 75 65 69 44 37 68 47 87 94 63 52 74 58 26 45 39 95 99 82 85 42 59 0 85 20 22 73 93 77 10 58 21 50 95 61 24 54 60 62 55 10 25 98 79 79 68 89 20 90 93 57 73 26 94 58 51 74 43
96 52 43 42 14 41 94 17 70 34 64 95 94 64 29 35 78 97 12 83 47 89 36 26 83 52 81 59 61 16 91 94 12 73 21 75 80 93 52 82 13 16 28 66 11 57 73 93 30 74 98 58 25 14 10 70 34 94 34 85 0 44 89 26 20 56 97 81 46 75 28 48 87 78 69 42 14 91 97 32 39 53 13 17 11 25 16 13 94 41 49 16 28 54 83
93 98 55 96 74 13 62 84 78 67 35 38 86 44 36 25 10 59 72 27 41 61 76 92 55 29 70 80 33 46 43 63 30 54 66 19 87 52 13 77 19 18 15 53 36 35 50 75 56 73 87 89 34 24 13 64 26 80 13 20 44 0 43 24 74 91 79 52 32 82 78 68 96 29 59 70 61 88 80 91 27 59 72 99 92 68 75 84 77 63 88 49 49 88 58
80 17 53 10 68 31 87 76 94 31 95 43 58 24 57 98 89 75 16 37 78 94 48 19 37 96 78 14 14 24 55 58 56 99 61 51 22 50 65 19 92 62 35 45 95 49 27 16 63 91 91 39 86 18 36 36 46 91 50 22 89 43 0 54 61 69 61 29 84 98 35 98 14 91 47 81 91 37 95 43 60 47 95 94 41 30 74 39 23 11 47 22 75 66 68
12 16 60 45 23 72 99 18 14 33 92 54 40 26 74 84 64 92 25 10 72 17 50 49 38 41 22 34 35 22 11 42 53 11 52 29 84 84 86 55 88 74 48 39 99 92 45 60 84 26 88 76 69 13 14 69 19 48 75 73 26 24 54 0 95 50 64 62 91 85 48 70 62 39 59 30 58 30 98 79 64 21 53 77 45 52 74 68 99 90 39 87 84 90 44
96 96 58 49 72 15 72 35 94 98 96 10 98 38 73 65 32 48 68 28 30 68 70 62 49 36 63 17 11 50 45 54 88 99 40 39 62 10 92 55 35 41 43 91 24 86 99 66 96 90 13 94 82 46 54 24 35 32 10 93 20 74 61 95 0 75 47 88 18 47 64 14 46 29 87 50 33 68 97 16 67 75 29 25 45 64 60 21 35 51 88 35 25 12 69
87 19 92 85 78 52 74 76 39 64 13 45 38 67 18 89 80 72 95 83 52 38 47 41 56 61 78 28 55 96 92 84 40 52 18 14 26 83 67 44 25 47 78 38 48 69 16 74 49 21 84 58 84 15 29 63 41 68 73 77 56 91 69 50 75 0 34 36 88 48 31 25 84 26 98 63 57 44 48 71 78 88 25 78 43 14 29 21 71 30 61 40 42 89 84
96 80 39 22 83 53 13 67 41 64 97 25 77 51 67 98 79 89 27 92 91 66 80 99 32 16 66 14 21 90 70 41 35 38 83 58 56 51 87 17 99 73 10 34 18 97 55 37 78 50 94 89 45 96 39 31 47 51 51 10 97 79 61 64 47 34 0 90 99 80 98 73 47 90 82 30 56 86 19 11 31 86 79 82 72 79 21 97 31 64 70 99 26 83 66
76 16 51 13 20 53 92 56 25 10 19 33 90 92 47 31 41 20 33 92 34 12 17 72 64 45 72 23 25 48 77 22 75 27 29 63 35 55 75 16 25 63 67 89 92 89 30 96 33 68 32 65 44 91 75 87 56 92 36 58 81 52 29 62 88 36 90 0 84 91 33 50 32 17 52 47 10 97 12 63 15 70 31 66 55 53 28 71 44 49 28 69 48 86 58
63 60 88 64 63 32 82 55 72 42 84 36 55 20 14 38 70 45 88 61 14 89 18 25 63 10 57 63 11 48 93 20 84 43 61 76 94 25 92 14 84 53 48 86 48 62 72 92 24 33 55 56 38 85 61 85 50 73 45 21 46 32 84 91 18 88 99 84 0 70 94 94 38 19 97 98 29 30 62 10 88 77 80 73 13 23 77 34 32 18 67 34 53 62 85
25 68 33 73 77 99 84 96 27 14 99 10 13 21 45 84 37 38 56 69 92 70 26 36 89 23 27 84 58 38 29 97 94 70 61 15 78 18 40 42 11 72 31 24 55 11 31 18 25 87 66 38 57 89 96 33 85 80 59 50 75 82 98 85 47 48 80 91 70 0 88 40 76 10 51 18 70 89 50 19 28 74 83 46 57 42 58 50 24 53 18 16 71 60 21
60 50 39 23 87 33 32 85 94 10 73 78 99 17 46 87 10 25 73 42 34 46 71 62 40 49 48 56 41 77 21 71 48 50 74 56 30 23 49 70 96 91 47 13 56 40 39 23 43 70 49 68 19 92 49 73 75 26 27 95 28 78 35 48 64 31 98 33 94 88 0 35 94 32 26 20 83 42 40 62 22 88 29 92 23 52 89 59 64 38 73 29 42 90 37
22 65 43 13 43 71 28 17 79 34 63 54 15 90 24 69 77 55 93 42 18 82 10 41 55 60 11 73 66 60 76 72 59 63 32 15 36 24 68 74 59 88 76 78 72 13 74 22 49 50 47 89 91 48 63 78 59 85 36 61 48 68 98 70 14 25 73 50 94 40 35 0 17 66 26 46 24 88 49 78 63 84 51 27 53 16 16 29 21 25 88 64 98 62 53
99 54 94 56 35 83 80 39 71 97 71 53 21 60 74 26 80 13 62 89 46 77 92 67 26 95 55 67 65 54 51 90 39 24 87 13 99 62 62 14 11 67 57 59 35 59 11 78 26 27 55 45 37 24 84 62 50 62 40 24 87 96 14 62 46 84 47 32 38 76 94 17 0 33 76 49 77 40 22 64 11 51 29 96 96 46 83 16 72 99 80 80 19 54 77
74 87 29 15 24 22 78 24 33 82 62 95 81 12 66 87 19 35 12 91 38 47 82 85 66 15 54 67 41 61 92 50 50 21 15 28 17 70 13 92 88 28 78 23 41 91 82 83 50 55 78 77 59 43 61 42 51 76 16 54 78 29 91 39 29 26 90 17 19 10 32 66 33 0 56 51 98 49 69 52 54 65 73 37 95 54 79 60 75 10 73 54 26 16 43
93 71 54 48 98 56 40 81 27 87 39 31 71 55 41 38 73 13 17 62 65 40 57 76 68 90 96 25 64 18 86 46 22 22 25 11 47 77 12 31 54 49 55 37 17 53 81 12 58 57 40 56 56 16 43 64 11 56 35 60 69 59 47 59 87 98 82 52 97 51 26 26 76 56 0 48 68 58 16 76 28 22 34 47 73 28 78 10 15 47 83 37 24 72 75
22 90 29 57 73 63 49 55 80 89 50 47 41 37 82 65 84 73 37 79 92 53 53 54 46 89 29 79 35 42 39 82 93 27 11 29 12 16 78 66 90 68 66 90 42 96 14 94 33 77 42 26 94 93 67 69 58 32 81 62 42 70 81 30 50 63 30 47 98 18 20 46 49 51 48 0 53 37 56 30 37 80 87 28 85 10 42 78 24 84 38 30 41 94 90
88 86 79 95 19 52 25 76 40 83 48 49 37 78 14 76 35 57 30 89 50 74 48 30 85 87 61 20 63 23 18 23 85 74 96 85 79 30 74 49 63 19 85 13 54 76 50 73 99 81 30 68 80 68 45 78 94 77 31 55 14 61 91 58 33 57 56 10 29 70 83 24 77 98 68 53 0 94 51 39 17 41 72 38 31 69 53 67 42 86 77 50 22 69 24
21 63 52 18 16 23 56 99 54 92 69 26 44 21 95 37 59 66 46 22 97 93 78 49 28 48 63 94 10 60 29 13 81 38 30 83 74 30 60 96 89 86 65 17 21 51 74 35 62 38 37 21 14 23 89 63 74 64 26 10 91 88 37 30 68 44 86 97 30 89 42 88 40 49 58 37 94 0 56 36 65 21 79 10 65 43 41 80 43 66 65 53 81 44 50
25 97 64 88 87 29 41 45 93 52 61 28 78 67 49 55 25 21 78 44 92 77 69 77 39 88 58 45 95 17 34 49 72 13 75 25 61 97 61 15 33 98 28 26 47 22 40 20 45 94 26 16 80 92 35 84 92 69 11 25 97 80 95 98 97 48 19 12 62 50 40 49 22 69 16 56 51 56 0 59 35 88 86 34 15 22 26 28 10 30 82 75 41 69 73
31 77 62 94 57 83 10 13 21 53 72 36 71 98 29 11 71 70 93 15 18 44 28 19 31 76 13 54 31 16 80 40 73 99 11 35 95 44 41 30 57 20 46 96 13 81 71 49 41 80 11 45 53 60 76 61 46 80 71 98 32 91 43 79 16 71 11 63 10 19 62 78 64 52 76 30 39 36 59 0 64 95 66 78 70 18 77 97 54 27 56 82 63 30 33
28 90 88 86 29 30 59 40 53 34 14 94 39 16 82 84 18 20 18 37 66 41 16 47 27 19 57 85 57 12 18 42 82 98 64 14 84 58 33 89 24 92 51 37 90 34 32 64 37 91 29 51 72 39 66 73 53 29 63 79 39 27 60 64 67 78 31 15 88 28 22 63 11 54 28 37 17 65 35 64 0 64 41 23 47 10 89 43 84 58 13 31 76 27 89
50 53 83 41 32 91 93 49 80 91 20 58 83 74 92 90 33 50 55 47 22 15 26 60 98 19 13 75 70 21 65 41 21 56 84 55 90 74 55 73 86 41 21 28 93 57 10 34 66 75 37 16 21 59 52 91 11 97 77 79 53 59 47 21 75 88 86 70 77 74 88 84 51 65 22 80 41 21 88 95 64 0 78 89 26 99 69 48 30 55 30 51 77 89 32
36 85 29 82 44 22 16 45 58 43 28 26 97 89 90 48 79 22 23 79 42 20 85 69 44 69 50 38 88 58 17 61 96 58 23 14 26 90 31 41 78 54 42 11 85 43 57 67 24 20 85 56 25 82 23 37 36 77 83 68 13 72 95 53 29 25 79 31 80 83 29 51 29 73 34 87 72 79 86 66 41 78 0 62 90 27 12 66 38 92 29 25 44 44 21
48 10 59 17 40 51 97 70 53 85 26 44 63 40 15 15 79 23 96 31 29 32 16 36 95 74 94 52 69 76 96 97 16 96 14 28 64 43 48 57 34 57 98 35 59 71 46 27 92 48 51 60 27 65 14 58 51 65 47 89 17 99 94 77 25 78 82 66 73 46 92 27 96 37 47 28 38 10 34 78 23 89 62 0 40 89 65 87 46 14 62 61 39 56 42
57 26 59 39 69 64 49 42 41 38 84 61 20 64 28 19 95 53 88 31 90 16 55 61 60 50 53 68 27 42 81 68 91 39 68 89 41 72 86 98 52 41 15 78 31 55 73 19 73 63 39 27 63 41 90 60 37 34 45 20 11 92 41 45 45 43 72 55 13 57 23 53 96 95 73 85 31 65 15 70 47 26 90 40 0 53 85 16 41 24 52 41 98 21 19
57 57 85 14 89 29 76 48 62 50 90 43 22 32 19 78 21 16 91 91 72 20 49 30 24 40 65 89 17 61 57 64 76 64 61 94 55 67 90 16 50 80 31 11 30 35 29 99 83 23 29 21 16 92 46 41 94 61 74 90 25 68 30 52 64 14 79 53 23 42 52 16 46 54 28 10 69 43 22 18 10 99 27 89 53 0 89 40 18 78 60 24 17 24 67
34 86 51 34 40 30 47 32 13 38 15 49 56 92 32 90 81 30 70 75 50 23 39 92 26 99 23 34 37 48 24 97 71 94 48 42 32 32 58 78 56 27 91 67 57 99 44 12 34 91 68 43 31 62 76 51 94 67 97 93 16 75 74 74 60 29 21 28 77 58 89 16 83 79 78 42 53 41 26 77 89 69 12 65 85 89 0 55 52 91 70 79 45 21 64
57 20 89 17 48 54 40 34 36 20 72 41 79 55 84 13 45 86 10 66 88 23 55 53 62 43 60 36 71 33 12 24 93 50 17 30 78 38 28 39 31 90 65 64 66 38 29 92 19 92 31 51 95 99 92 88 20 97 71 57 13 84 39 68 21 21 97 71 34 50 59 29 16 60 10 78 67 80 28 97 43 48 66 87 16 40 55 0 80 91 15 84 64 23 67
72 33 36 95 23 68 53 46 21 60 56 96 38 27 41 61 42 20 11 99 48 55 73 81 95 17 32 42 55 85 68 77 97 74 29 15 60 75 89 44 58 59 30 13 31 84 93 19 23 79 80 63 76 75 95 42 44 84 21 73 94 77 23 99 35 71 31 44 32 24 64 21 72 75 15 24 42 43 10 54 84 30 38 46 41 18 52 80 0 35 25 46 59 70 87
88 62 51 58 31 47 37 79 74 71 71 37 48 23 40 54 57 71 67 49 27 62 91 74 10 23 47 74 63 93 72 89 87 36 81 32 15 91 36 23 64 62 83 43 47 61 85 60 81 11 70 56 32 44 47 46 80 88 51 26 41 63 11 90 51 30 64 49 18 53 38 25 99 10 47 84 86 66 30 27 58 55 92 14 24 78 91 91 35 0 35 93 65 50 53
67 75 50 85 53 24 34 42 74 32 10 47 46 89 15 58 58 57 98 20 29 93 35 49 85 69 50 10 71 94 94 75 27 68 37 86 91 45 93 34 91 34 35 64 50 63 33 26 57 14 11 23 96 65 22 89 81 50 89 94 49 88 47 39 88 61 70 28 67 18 73 88 80 73 83 38 77 65 82 56 13 30 29 62 52 60 70 15 25 35 0 82 82 60 71
20 91 65 36 56 58 74 74 52 91 13 31 85 62 40 56 45 83 47 44 92 14 74 46 77 86 18 60 34 59 70 24 73 90 61 30 26 11 62 31 64 69 63 16 72 26 34 12 93 13 57 16 87 41 79 37 41 76 81 58 16 49 22 87 35 40 99 69 34 16 29 64 80 54 37 30 50 53 75 82 31 51 25 61 41 24 79 84 46 93 82 0 78 31 49
96 50 62 66 46 93 75 25 66 20 65 86 96 69 79 78 31 42 45 77 93 74 29 17 17 30 53 50 76 62 83 74 45 61 81 12 59 87 50 11 99 14 28 47 39 34 97 87 16 83 74 68 11 25 58 45 37 47 66 51 28 49 75 84 25 42 26 48 53 71 42 98 19 26 24 41 22 81 41 63 76 77 44 39 98 17 45 64 59 65 82 78 0 70 77
76 27 84 62 58 13 85 93 34 91 20 39 25 36 88 24 76 24 16 25 19 39 88 10 81 76 11 64 54 23 73 24 75 20 12 36 39 41 66 55 52 42 95 13 35 31 52 94 88 45 95 64 86 61 36 16 70 57 14 74 54 88 66 90 12 89 83 86 62 60 90 62 54 16 72 94 69 44 69 30 27 89 44 56 21 24 21 23 70 50 60 31 70 0 81
22 26 31 54 58 27 65 17 57 88 35 33 82 55 42 49 74 48 30 89 72 90 57 59 13 17 42 33 85 71 30 79 15 72 93 16 45 28 33 76 45 18 72 70 14 90 89 97 78 11 96 95 16 12 59 32 53 82 58 43 83 58 68 44 69 84 66 58 85 21 37 53 77 43 75 90 24 50 73 33 89 32 21 42 19 67 64 67 87 53 71 49 77 81 0