60
0 26 97 16 45 33 45 31 72 72 39 97 16 93 28 67 68 43 28 82 34 70 81 77 15 59 43 91 89 64 91 96 16 27 33 21 76 43 59 13 43 49 60 51 45 95 99 72 16 94 26 61 21 22 58 96 76 85 91 81
26 0 51 44 29 90 25 57 55 34 98 56 72 47 29 14 59 68 50 24 12 33 45 56 78 74 47 78 64 10 38 47 69 85 92 42 99 95 58 15 55 50 72 69 68 44 32 33 94 99 61 91 31 46 62 29 69 44 88 84
97 51 0 33 22 33 11 98 54 28 50 75 88 20 92 33 63 53 63 37 34 25 13 38 24 63 69 34 12 74 35 69 51 18 67 88 68 97 68 34 64 51 21 13 97 14 37 70 32 97 77 20 95 47 76 63 12 14 63 61
16 44 33 0 26 93 87 41 55 81 67 41 82 57 31 32 92 86 60 20 12 69 12 95 51 25 53 80 81 85 42 41 21 38 35 83 28 91 80 48 44 48 28 85 93 39 48 19 24 13 67 81 57 56 91 29 48 87 61 40
45 29 22 26 0 61 67 63 49 50 33 37 94 77 50 99 24 48 17 55 28 56 84 16 28 76 20 98 62 34 93 73 46 77 84 86 16 34 60 47 60 26 93 72 70 37 89 20 67 58 66 85 94 73 62 53 23 11 94 59
33 90 33 93 61 0 73 79 88 42 56 48 60 83 66 80 32 41 29 28 36 20 53 41 81 92 65 96 58 80 24 74 37 32 23 33 92 71 47 61 17 97 92 75 79 69 80 62 13 21 23 45 47 88 43 96 95 47 68 91
45 25 11 87 67 73 0 59 68 36 94 67 89 57 19 71 16 16 28 67 70 91 74 58 76 50 31 75 21 85 84 70 28 45 55 15 70 97 18 39 43 85 13 53 98 52 75 85 49 52 36 26 84 57 80 96 95 21 81 87
31 57 98 41 63 79 59 0 23 51 36 21 43 48 50 11 79 24 67 64 31 95 44 76 21 88 24 39 12 20 80 28 15 88 57 14 49 10 29 60 80 89 50 10 70 38 66 98 64 89 97 74 30 35 28 59 74 11 86 15
72 55 54 55 49 88 68 23 0 34 38 38 20 45 19 67 78 31 26 29 41 40 74 33 50 25 20 31 36 61 79 47 62 85 68 68 82 11 59 22 88 41 62 71 31 74 13 16 63 24 71 79 13 91 21 22 77 12 59 55
72 34 28 81 50 42 36 51 34 0 26 45 28 26 40 96 88 37 13 27 25 98 32 97 53 36 28 36 74 86 20 36 67 20 37 24 96 74 44 73 15 10 74 25 63 87 20 32 64 62 80 42 27 95 73 60 65 14 47 48
39 98 50 67 33 56 94 36 38 26 0 76 15 29 67 74 50 56 69 10 74 11 35 98 11 10 46 70 27 59 48 63 82 92 41 33 31 90 86 43 76 24 37 12 63 31 28 59 48 98 88 39 49 15 38 43 75 29 47 25
97 56 75 41 37 48 67 21 38 45 76 0 17 43 76 45 33 25 56 38 74 81 78 93 35 57 34 38 57 86 99 57 66 36 99 14 15 44 10 57 58 61 98 86 78 68 28 72 30 60 96 58 42 62 83 22 18 92 38 27
16 72 88 82 94 60 89 43 20 28 15 17 0 78 57 78 83 46 30 48 92 73 16 96 89 57 40 40 57 74 54 77 15 32 64 61 72 81 51 50 58 81 53 45 98 95 42 52 99 92 13 63 79 85 88 95 38 23 14 96
93 47 20 57 77 83 57 48 45 26 29 43 78 0 30 72 81 77 92 67 97 17 10 86 76 47 19 29 86 98 63 25 40 75 71 46 85 90 80 93 69 74 60 45 42 84 28 35 64 48 95 72 20 22 60 33 80 95 52 99
28 29 92 31 50 66 19 50 19 40 67 76 57 30 0 71 49 48 53 77 30 11 51 68 19 27 84 59 59 46 74 16 94 98 66 17 27 27 87 65 65 52 35 62 97 14 79 90 28 80 10 15 60 91 98 28 49 15 25 62
67 14 33 32 99 80 71 11 67 96 74 45 78 72 71 0 63 79 70 53 34 29 20 51 84 82 95 78 31 41 36 46 98 86 56 65 52 26 10 22 38 32 16 86 60 26 45 61 41 27 90 26 62 47 13 16 41 13 68 25
68 59 63 92 24 32 16 79 78 88 50 33 83 81 49 63 0 36 20 54 95 45 47 58 54 12 57 30 86 58 87 40 34 79 34 49 56 49 71 79 37 57 55 60 57 84 15 98 64 85 37 25 85 55 78 27 55 79 69 79
43 68 53 86 48 41 16 24 31 37 56 25 46 77 48 79 36 0 80 87 82 58 47 91 90 74 99 53 20 33 37 60 51 78 50 79 99 34 94 90 59 99 21 49 40 49 88 50 78 10 84 10 42 49 85 29 98 47 53 82
28 50 63 60 17 29 28 67 26 13 69 56 30 92 53 70 20 80 0 56 63 74 34 62 28 77 98 37 97 94 91 56 43 28 15 23 34 42 35 66 81 80 84 70 49 36 76 64 73 37 51 95 40 90 46 60 71 60 22 20
82 24 37 20 55 28 67 64 29 27 10 38 48 67 77 53 54 87 56 0 74 90 97 12 47 29 97 64 21 42 42 93 15 14 63 42 97 52 93 71 84 10 54 16 83 68 25 15 22 20 45 74 21 14 46 38 71 92 43 89
34 12 34 12 28 36 70 31 41 25 74 74 92 97 30 34 95 82 63 74 0 18 17 68 93 55 32 91 69 97 92 54 33 77 70 36 64 38 79 84 36 40 30 34 55 13 38 93 34 54 27 84 94 18 85 76 93 21 18 52
70 33 25 69 56 20 91 95 40 98 11 81 73 17 11 29 45 58 74 90 18 0 50 41 75 56 99 52 91 60 56 56 98 93 36 27 26 42 34 21 87 54 82 42 74 36 17 58 90 37 99 73 59 38 63 90 30 90 61 58
81 45 13 12 84 53 74 44 74 32 35 78 16 10 51 20 47 47 34 97 17 50 0 52 35 58 32 10 13 75 27 28 73 98 29 10 94 16 52 22 37 68 86 64 71 85 30 86 21 57 24 90 18 26 99 50 57 27 43 95
77 56 38 95 16 41 58 76 33 97 98 93 96 86 68 51 58 91 62 12 68 41 52 0 84 18 22 84 34 80 14 93 29 90 20 34 63 46 74 26 59 72 54 47 83 69 33 44 10 49 82 95 11 50 53 25 77 77 59 77
15 78 24 51 28 81 76 21 50 53 11 35 89 76 19 84 54 90 28 47 93 75 35 84 0 29 36 27 51 34 31 65 15 93 32 22 31 23 49 19 26 96 13 41 23 12 18 80 12 63 31 56 92 98 34 49 81 74 23 55
59 74 63 25 76 92 50 88 25 36 10 57 57 47 27 82 12 74 77 29 55 56 58 18 29 0 33 34 95 66 16 75 21 76 56 40 12 50 53 24 34 42 10 83 83 55 86 99 35 62 98 99 22 34 25 90 12 19 26 65
43 47 69 53 20 65 31 24 20 28 46 34 40 19 84 95 57 99 98 97 32 99 32 22 36 33 0 73 72 39 87 11 95 90 55 27 12 57 95 42 88 92 46 39 53 29 34 78 61 65 30 20 53 79 49 25 54 23 13 54
91 78 34 80 98 96 75 39 31 36 70 38 40 29 59 78 30 53 37 64 91 52 10 84 27 34 73 0 85 48 97 96 52 19 70 64 33 14 26 81 79 33 40 52 58 21 51 94 40 78 87 72 24 10 79 87 10 10 35 15
89 64 12 81 62 58 21 12 36 74 27 57 57 86 59 31 86 20 97 21 69 91 13 34 51 95 72 85 0 91 28 72 28 22 76 54 43 32 45 45 34 80 30 13 76 48 97 26 62 90 25 62 12 61 73 38 92 90 12 92
64 10 74 85 34 80 85 20 61 86 59 86 74 98 46 41 58 33 94 42 97 60 75 80 34 66 39 48 91 0 12 38 82 59 91 75 58 73 48 17 71 61 45 69 46 99 15 20 56 12 42 65 83 34 24 19 65 41 47 32
91 38 35 42 93 24 84 80 79 20 48 99 54 63 74 36 87 37 91 42 92 56 27 14 31 16 87 97 28 12 0 16 41 50 62 29 36 10 57 65 64 21 94 50 46 57 97 43 74 49 97 44 28 63 31 62 64 13 38 25
96 47 69 41 73 74 70 28 47 36 63 57 77 25 16 46 40 60 56 93 54 56 28 93 65 75 11 96 72 38 16 0 28 34 61 95 17 68 34 13 11 84 97 93 18 12 46 53 74 82 84 20 56 11 76 52 92 53 51 82
16 69 51 21 46 37 28 15 62 67 82 66 15 40 94 98 34 51 43 15 33 98 73 29 15 21 95 52 28 82 41 28 0 66 23 17 46 77 35 86 92 50 18 51 98 80 14 55 21 34 57 98 90 80 44 24 25 98 76 27
27 85 18 38 77 32 45 88 85 20 92 36 32 75 98 86 79 78 28 14 77 93 98 90 93 76 90 19 22 59 50 34 66 0 57 47 74 16 84 71 96 11 93 73 63 24 92 31 16 57 48 97 71 74 46 58 98 75 33 97
33 92 67 35 84 23 55 57 68 37 41 99 64 71 66 56 34 50 15 63 70 36 29 20 32 56 55 70 76 91 62 61 23 57 0 32 79 60 42 30 61 48 93 28 26 98 17 64 41 68 39 13 93 70 55 32 70 87 90 95
21 42 88 83 86 33 15 14 68 24 33 14 61 46 17 65 49 79 23 42 36 27 10 34 22 40 27 64 54 75 29 95 17 47 32 0 75 69 66 56 32 41 80 90 58 61 84 60 63 55 67 16 30 98 34 34 38 77 81 18
76 99 68 28 16 92 70 49 82 96 31 15 72 85 27 52 56 99 34 97 64 26 94 63 31 12 12 33 43 58 36 17 46 74 79 75 0 21 82 23 77 16 30 90 58 11 15 68 86 15 39 73 94 85 79 33 95 62 35 38
43 95 97 91 34 71 97 10 11 74 90 44 81 90 27 26 49 34 42 52 38 42 16 46 23 50 57 14 32 73 10 68 77 16 60 69 21 0 22 41 96 45 58 88 90 54 53 58 27 41 90 35 36 67 86 92 99 54 44 46
59 58 68 80 60 47 18 29 59 44 86 10 51 80 87 10 71 94 35 93 79 34 52 74 49 53 95 26 45 48 57 34 35 84 42 66 82 22 0 12 23 45 68 58 87 63 41 11 83 29 42 17 11 10 51 52 97 44 19 75
13 15 34 48 47 61 39 60 22 73 43 57 50 93 65 22 79 90 66 71 84 21 22 26 19 24 42 81 45 17 65 13 86 71 30 56 23 41 12 0 20 51 40 56 49 66 47 20 16 68 10 71 20 10 56 92 58 93 48 88
43 55 64 44 60 17 43 80 88 15 76 58 58 69 65 38 37 59 81 84 36 87 37 59 26 34 88 79 34 71 64 11 92 96 61 32 77 96 23 20 0 31 18 96 12 54 56 91 36 33 57 18 36 12 29 64 43 82 31 14
49 50 51 48 26 97 85 89 41 10 24 61 81 74 52 32 57 99 80 10 40 54 68 72 96 42 92 33 80 61 21 84 50 11 48 41 16 45 45 51 31 0 96 28 72 25 34 25 99 42 45 80 67 27 18 70 60 23 41 82
60 72 21 28 93 92 13 50 62 74 37 98 53 60 35 16 55 21 84 54 30 82 86 54 13 10 46 40 30 45 94 97 18 93 93 80 30 58 68 40 18 96 0 28 34 31 51 27 83 15 11 75 64 76 13 57 39 72 59 75
51 69 13 85 72 75 53 10 71 25 12 86 45 45 62 86 60 49 70 16 34 42 64 47 41 83 39 52 13 69 50 93 51 73 28 90 90 88 58 56 96 28 28 0 21 41 18 33 71 81 71 15 48 75 28 95 47 11 59 72
45 68 97 93 70 79 98 70 31 63 63 78 98 42 97 60 57 40 49 83 55 74 71 83 23 83 53 58 76 46 46 18 98 63 26 58 58 90 87 49 12 72 34 21 0 31 81 42 73 35 50 75 23 15 12 46 84 53 68 36
95 44 14 39 37 69 52 38 74 87 31 68 95 84 14 26 84 49 36 68 13 36 85 69 12 55 29 21 48 99 57 12 80 24 98 61 11 54 63 66 54 25 31 41 31 0 85 79 21 16 31 23 12 74 41 39 51 59 48 63
99 32 37 48 89 80 75 66 13 20 28 28 42 28 79 45 15 88 76 25 38 17 30 33 18 86 34 51 97 15 97 46 14 92 17 84 15 53 41 47 56 34 51 18 81 85 0 85 29 48 70 54 85 68 21 54 70 58 22 12
72 33 70 19 20 62 85 98 16 32 59 72 52 35 90 61 98 50 64 15 93 58 86 44 80 99 78 94 26 20 43 53 55 31 64 60 68 58 11 20 91 25 27 33 42 79 85 0 63 27 34 70 30 73 74 83 61 70 26 94
16 94 32 24 67 13 49 64 63 64 48 30 99 64 28 41 64 78 73 22 34 90 21 10 12 35 61 40 62 56 74 74 21 16 41 63 86 27 83 16 36 99 83 71 73 21 29 63 0 99 51 23 55 43 75 24 82 66 29 15
94 99 97 13 58 21 52 89 24 62 98 60 92 48 80 27 85 10 37 20 54 37 57 49 63 62 65 78 90 12 49 82 34 57 68 55 15 41 29 68 33 42 15 81 35 16 48 27 99 0 44 99 58 75 78 96 31 84 18 37
26 61 77 67 66 23 36 97 71 80 88 96 13 95 10 90 37 84 51 45 27 99 24 82 31 98 30 87 25 42 97 84 57 48 39 67 39 90 42 10 57 45 11 71 50 31 70 34 51 44 0 87 92 59 82 70 49 78 97 12
61 91 20 81 85 45 26 74 79 42 39 58 63 72 15 26 25 10 95 74 84 73 90 95 56 99 20 72 62 65 44 20 98 97 13 16 73 35 17 71 18 80 75 15 75 23 54 70 23 99 87 0 84 92 62 99 52 11 77 61
21 31 95 57 94 47 84 30 13 27 49 42 79 20 60 62 85 42 40 21 94 59 18 11 92 22 53 24 12 83 28 56 90 71 93 30 94 36 11 20 36 67 64 48 23 12 85 30 55 58 92 84 0 28 47 34 19 97 22 72
22 46 47 56 73 88 57 35 91 95 15 62 85 22 91 47 55 49 90 14 18 38 26 50 98 34 79 10 61 34 63 11 80 74 70 98 85 67 10 10 12 27 76 75 15 74 68 73 43 75 59 92 28 0 56 15 33 19 89 80
58 62 76 91 62 43 80 28 21 73 38 83 88 60 98 13 78 85 46 46 85 63 99 53 34 25 49 79 73 24 31 76 44 46 55 34 79 86 51 56 29 18 13 28 12 41 21 74 75 78 82 62 47 56 0 27 56 98 32 20
96 29 63 29 53 96 96 59 22 60 43 22 95 33 28 16 27 29 60 38 76 90 50 25 49 90 25 87 38 19 62 52 24 58 32 34 33 92 52 92 64 70 57 95 46 39 54 83 24 96 70 99 34 15 27 0 22 15 11 46
76 69 12 48 23 95 95 74 77 65 75 18 38 80 49 41 55 98 71 71 93 30 57 77 81 12 54 10 92 65 64 92 25 98 70 38 95 99 97 58 43 60 39 47 84 51 70 61 82 31 49 52 19 33 56 22 0 25 88 47
85 44 14 87 11 47 21 11 12 14 29 92 23 95 15 13 79 47 60 92 21 90 27 77 74 19 23 10 90 41 13 53 98 75 87 77 62 54 44 93 82 23 72 11 53 59 58 70 66 84 78 11 97 19 98 15 25 0 48 55
91 88 63 61 94 68 81 86 59 47 47 38 14 52 25 68 69 53 22 43 18 61 43 59 23 26 13 35 12 47 38 51 76 33 90 81 35 44 19 48 31 41 59 59 68 48 22 26 29 18 97 77 22 89 32 11 88 48 0 96
81 84 61 40 59 91 87 15 55 48 25 27 96 99 62 25 79 82 20 89 52 58 95 77 55 65 54 15 92 32 25 82 27 97 95 18 38 46 75 88 14 82 75 72 36 63 12 94 15 37 12 61 72 80 20 46 47 55 96 0