45
0 51 65 92 99 32 85 45 78 63 55 37 65 37 81 92 99 32 28 72 40 73 68 14 94 72 21 90 29 20 68 84 86 27 66 96 61 67 77 57 51 33 59 49 36
51 0 77 18 67 95 39 64 74 87 76 93 29 76 94 17 54 21 22 99 93 70 42 71 62 85 59 95 58 88 98 86 64 41 20 30 11 38 56 59 26 10 83 81 52
65 77 0 32 68 39 69 89 23 43 70 17 92 18 19 32 90 51 74 74 51 75 31 37 17 24 40 32 11 67 27 29 64 82 95 56 76 98 26 44 26 25 31 56 94
92 18 32 0 94 98 75 37 85 53 59 97 89 63 11 39 82 59 47 78 55 65 95 28 24 35 49 73 91 27 59 81 37 77 87 90 99 28 16 96 64 38 10 20 97
99 67 68 94 0 30 81 59 27 44 23 28 33 98 80 19 99 66 41 73 27 42 47 27 22 22 14 94 58 96 52 29 72 43 53 67 74 81 62 86 68 98 69 25 36
32 95 39 98 30 0 25 63 16 26 41 61 98 78 32 76 56 34 23 35 35 63 31 15 21 51 15 56 79 82 82 44 70 90 33 17 48 88 74 89 18 67 66 11 73
85 39 69 75 81 25 0 21 24 26 21 87 32 47 68 42 60 85 30 26 38 63 87 53 96 48 92 10 96 44 99 26 56 45 63 70 82 75 46 74 23 44 83 66 36
45 64 89 37 59 63 21 0 92 30 89 80 61 74 16 72 46 44 43 34 66 20 49 37 82 32 66 25 30 64 13 62 51 19 32 42 82 93 30 24 12 81 55 68 59
78 74 23 85 27 16 24 92 0 40 73 56 66 26 60 52 38 71 56 32 85 37 33 70 31 82 53 82 36 91 15 86 67 10 16 13 61 30 11 86 16 59 99 57 28
63 87 43 53 44 26 26 30 40 0 83 42 70 39 10 49 24 80 77 24 91 94 48 20 52 72 73 17 93 61 19 22 87 21 87 18 10 10 64 85 90 73 53 43 94
55 76 70 59 23 41 21 89 73 83 0 94 29 93 43 18 79 11 17 38 87 95 24 92 61 97 81 54 14 60 22 10 40 94 26 33 28 66 70 75 63 19 85 49 16
37 93 17 97 28 61 87 80 56 42 94 0 63 64 88 72 84 78 13 67 26 44 99 76 43 55 23 41 94 30 43 80 31 63 84 86 49 16 19 11 37 97 20 89 35
65 29 92 89 33 98 32 61 66 70 29 63 0 72 38 80 38 90 72 45 33 90 88 77 55 78 93 42 92 16 30 88 61 27 55 25 30 76 74 44 27 33 10 87 55
37 76 18 63 98 78 47 74 26 39 93 64 72 0 56 20 69 25 63 74 41 69 34 96 30 97 11 33 33 48 47 43 15 75 92 83 31 94 42 34 62 38 24 55 77
81 94 19 11 80 32 68 16 60 10 43 88 38 56 0 99 63 59 47 36 70 91 24 53 24 22 72 59 41 50 78 51 80 25 78 83 55 45 73 89 96 74 82 72 38
92 17 32 39 19 76 42 72 52 49 18 72 80 20 99 0 29 67 27 93 52 59 20 33 99 94 87 31 75 44 28 33 41 89 94 20 71 67 85 45 93 46 45 46 72
99 54 90 82 99 56 60 46 38 24 79 84 38 69 63 29 0 65 49 20 98 64 50 20 34 28 39 24 37 44 12 59 62 33 88 76 64 56 54 74 25 10 73 61 86
32 21 51 59 66 34 85 44 71 80 11 78 90 25 59 67 65 0 98 12 91 35 47 15 35 40 38 43 14 83 84 87 25 36 40 80 20 24 98 26 32 62 29 58 12
28 22 74 47 41 23 30 43 56 77 17 13 72 63 47 27 49 98 0 80 43 78 39 30 20 53 76 14 70 76 45 78 93 90 33 89 83 46 18 59 33 22 16 84 62
72 99 74 78 73 35 26 34 32 24 38 67 45 74 36 93 20 12 80 0 99 52 74 17 50 32 28 80 26 57 51 66 94 34 90 15 23 96 56 61 88 89 55 35 44
40 93 51 55 27 35 38 66 85 91 87 26 33 41 70 52 98 91 43 99 0 97 18 21 33 38 49 18 56 39 57 93 58 11 37 82 58 92 42 87 48 60 69 76 18
73 70 75 65 42 63 63 20 37 94 95 44 90 69 91 59 64 35 78 52 97 0 19 15 92 14 24 97 31 57 33 51 45 61 72 70 36 45 26 69 56 32 46 40 94
68 42 31 95 47 31 87 49 33 48 24 99 88 34 24 20 50 47 39 74 18 19 0 12 77 86 59 83 99 55 24 66 58 76 44 33 43 12 62 56 39 32 75 86 87
14 71 37 28 27 15 53 37 70 20 92 76 77 96 53 33 20 15 30 17 21 15 12 0 41 11 74 95 76 67 64 16 49 37 76 22 91 43 32 82 57 41 31 49 63
94 62 17 24 22 21 96 82 31 52 61 43 55 30 24 99 34 35 20 50 33 92 77 41 0 91 86 25 82 49 99 19 81 35 79 42 59 25 64 21 26 66 96 99 96
72 85 24 35 22 51 48 32 82 72 97 55 78 97 22 94 28 40 53 32 38 14 86 11 91 0 92 18 83 75 83 71 44 46 41 49 39 25 65 98 51 45 13 72 76
21 59 40 49 14 15 92 66 53 73 81 23 93 11 72 87 39 38 76 28 49 24 59 74 86 92 0 11 10 24 16 91 17 92 24 86 54 66 42 50 57 70 46 55 18
90 95 32 73 94 56 10 25 82 17 54 41 42 33 59 31 24 43 14 80 18 97 83 95 25 18 11 0 55 47 40 66 51 86 28 70 87 89 42 55 50 40 66 16 94
29 58 11 91 58 79 96 30 36 93 14 94 92 33 41 75 37 14 70 26 56 31 99 76 82 83 10 55 0 14 68 35 95 63 97 34 18 47 73 47 59 82 28 59 72
20 88 67 27 96 82 44 64 91 61 60 30 16 48 50 44 44 83 76 57 39 57 55 67 49 75 24 47 14 0 91 58 33 48 77 93 72 70 99 23 24 78 65 11 17
68 98 27 59 52 82 99 13 15 19 22 43 30 47 78 28 12 84 45 51 57 33 24 64 99 83 16 40 68 91 0 55 64 96 43 51 93 75 91 92 55 79 45 69 72
84 86 29 81 29 44 26 62 86 22 10 80 88 43 51 33 59 87 78 66 93 51 66 16 19 71 91 66 35 58 55 0 45 79 16 80 86 12 31 10 11 15 11 23 49
86 64 64 37 72 70 56 51 67 87 40 31 61 15 80 41 62 25 93 94 58 45 58 49 81 44 17 51 95 33 64 45 0 53 12 58 49 54 65 82 65 75 51 20 92
27 41 82 77 43 90 45 19 10 21 94 63 27 75 25 89 33 36 90 34 11 61 76 37 35 46 92 86 63 48 96 79 53 0 50 27 69 69 65 76 79 94 19 66 12
66 20 95 87 53 33 63 32 16 87 26 84 55 92 78 94 88 40 33 90 37 72 44 76 79 41 24 28 97 77 43 16 12 50 0 80 23 53 87 93 28 76 84 41 32
96 30 56 90 67 17 70 42 13 18 33 86 25 83 83 20 76 80 89 15 82 70 33 22 42 49 86 70 34 93 51 80 58 27 80 0 67 71 17 82 58 79 71 86 56
61 11 76 99 74 48 82 82 61 10 28 49 30 31 55 71 64 20 83 23 58 36 43 91 59 39 54 87 18 72 93 86 49 69 23 67 0 75 60 12 76 83 41 76 79
67 38 98 28 81 88 75 93 30 10 66 16 76 94 45 67 56 24 46 96 92 45 12 43 25 25 66 89 47 70 75 12 54 69 53 71 75 0 58 78 67 25 26 86 85
77 56 26 16 62 74 46 30 11 64 70 19 74 42 73 85 54 98 18 56 42 26 62 32 64 65 42 42 73 99 91 31 65 65 87 17 60 58 0 67 18 19 79 36 34
57 59 44 96 86 89 74 24 86 85 75 11 44 34 89 45 74 26 59 61 87 69 56 82 21 98 50 55 47 23 92 10 82 76 93 82 12 78 67 0 65 92 33 28 20
51 26 26 64 68 18 23 12 16 90 63 37 27 62 96 93 25 32 33 88 48 56 39 57 26 51 57 50 59 24 55 11 65 79 28 58 76 67 18 65 0 59 73 41 52
33 10 25 38 98 67 44 81 59 73 19 97 33 38 74 46 10 62 22 89 60 32 32 41 66 45 70 40 82 78 79 15 75 94 76 79 83 25 19 92 59 0 90 61 80
59 83 31 10 69 66 83 55 99 53 85 20 10 24 82 45 73 29 16 55 69 46 75 31 96 13 46 66 28 65 45 11 51 19 84 71 41 26 79 33 73 90 0 18 10
49 81 56 20 25 11 66 68 57 43 49 89 87 55 72 46 61 58 84 35 76 40 86 49 99 72 55 16 59 11 69 23 20 66 41 86 76 86 36 28 41 61 18 0 89
36 52 94 97 36 73 36 59 28 94 16 35 55 77 38 72 86 12 62 44 18 94 87 63 96 76 18 94 72 17 72 49 92 12 32 56 79 85 34 20 52 80 10 89 0