65
0 76 42 84 62 47 77 85 36 87 91 79 63 27 34 19 34 28 54 33 77 55 44 87 16 79 36 51 97 46 58 73 17 22 14 38 45 89 31 45 19 83 64 86 11 67 87 67 10 51 81 45 12 65 68 19 63 81 96 50 75 69 80 82 22
76 0 66 36 37 62 71 43 87 43 40 34 53 39 89 65 10 42 67 78 98 21 93 31 10 42 82 98 54 56 62 69 95 65 31 87 31 74 18 38 31 86 84 75 69 45 97 34 89 43 34 41 44 37 93 91 72 97 42 59 23 99 49 70 74
42 66 0 50 83 87 19 29 80 11 62 19 53 33 22 47 58 97 26 56 63 86 62 86 63 89 75 96 58 21 12 24 29 74 57 25 36 61 45 17 11 85 37 38 49 87 97 29 28 36 68 11 67 50 85 23 82 73 11 11 97 32 72 83 91
84 36 50 0 84 13 17 96 11 42 63 63 40 45 23 38 53 46 21 31 97 47 71 34 65 66 15 40 65 63 38 34 91 53 95 18 60 27 22 16 90 10 45 58 96 93 19 24 29 60 89 25 24 20 92 84 60 67 39 24 33 61 49 72 91
62 37 83 84 0 47 31 62 39 21 54 10 48 84 26 84 36 35 69 85 84 66 72 83 63 46 62 44 49 22 65 75 94 11 89 47 59 12 94 51 15 55 16 64 56 49 21 70 78 69 48 12 77 40 95 97 65 53 83 72 83 26 89 30 13
47 62 87 13 47 0 61 93 75 93 81 32 56 43 88 48 49 96 10 47 72 98 35 43 29 26 96 71 29 45 81 44 44 24 83 47 23 88 83 25 74 52 82 71 60 99 42 74 93 38 20 66 73 68 91 40 20 69 89 97 28 88 85 90 59
77 71 19 17 31 61 0 98 77 43 69 95 84 16 15 33 31 91 65 10 61 57 96 30 57 13 38 61 86 29 18 69 94 19 90 68 56 94 79 73 49 76 90 25 35 47 54 34 99 23 33 83 48 99 77 94 56 67 14 28 82 58 52 63 61
85 43 29 96 62 93 98 0 50 17 64 17 89 17 45 87 60 78 85 80 17 10 58 52 36 99 15 82 12 38 49 93 47 48 10 88 18 34 24 60 96 90 26 21 86 63 22 92 73 70 88 50 97 17 32 31 90 66 42 67 92 43 54 29 88
36 87 80 11 39 75 77 50 0 25 74 30 35 67 49 81 42 13 69 43 46 98 69 95 10 98 77 63 34 24 15 26 41 80 50 65 46 69 76 83 39 67 86 29 53 32 35 53 96 56 64 35 13 80 24 68 45 76 38 50 31 41 73 18 41
87 43 11 42 21 93 43 17 25 0 48 21 26 40 61 89 30 92 24 29 11 41 75 14 93 91 57 49 63 66 91 81 80 34 61 64 22 19 70 34 45 45 30 63 92 84 87 93 78 49 39 54 19 38 51 35 65 95 92 97 58 87 73 51 77
91 40 62 63 54 81 69 64 74 48 0 94 11 41 24 32 95 95 99 47 71 88 75 43 83 10 78 58 30 32 84 66 21 90 99 11 45 24 55 97 33 41 47 65 93 57 80 86 27 14 47 60 96 49 91 42 36 32 78 73 78 82 97 61 98
79 34 19 63 10 32 95 17 30 21 94 0 62 19 44 79 89 23 26 60 88 86 97 86 87 17 40 33 97 68 10 74 45 61 54 79 13 33 19 51 72 97 60 83 84 97 56 73 55 77 67 73 21 33 13 67 64 87 66 29 30 64 19 34 69
63 53 53 40 48 56 84 89 35 26 11 62 0 57 14 27 89 28 25 11 58 58 23 51 29 90 15 64 41 75 10 71 72 53 78 16 17 37 15 26 12 51 32 69 12 35 37 82 61 98 74 45 49 35 48 81 63 76 41 62 91 79 15 40 35
27 39 33 45 84 43 16 17 67 40 41 19 57 0 73 65 59 12 77 87 90 54 78 68 68 95 33 55 28 64 98 99 86 28 76 11 37 87 69 26 92 39 65 73 73 66 15 54 44 71 99 23 36 73 78 57 80 35 62 18 14 81 59 42 78
34 89 22 23 26 88 15 45 49 61 24 44 14 73 0 55 75 34 29 50 99 30 13 79 27 10 50 59 38 20 27 30 58 79 61 46 65 43 97 10 33 85 98 85 63 18 22 49 86 89 32 84 33 90 75 15 62 56 51 20 39 72 14 62 87
19 65 47 38 84 48 33 87 81 89 32 79 27 65 55 0 66 26 93 94 41 30 14 71 22 73 99 23 92 77 61 67 53 31 89 88 48 29 15 39 76 75 23 14 96 67 67 73 39 60 53 40 19 55 83 46 39 83 46 17 53 16 21 35 96
34 10 58 53 36 49 31 60 42 30 95 89 89 59 75 66 0 80 20 69 17 77 16 40 75 10 23 52 55 82 15 15 61 18 92 12 90 81 11 66 82 92 42 52 66 94 71 56 78 81 31 90 27 51 67 14 92 29 91 97 48 37 52 45 78
28 42 97 46 35 96 91 78 13 92 95 23 28 12 34 26 80 0 80 49 52 93 85 95 54 13 76 19 53 40 52 87 51 69 11 38 19 98 10 64 57 93 96 57 24 40 84 42 64 99 55 74 47 92 42 90 86 15 36 64 84 71 52 48 79
54 67 26 21 69 10 65 85 69 24 99 26 25 77 29 93 20 80 0 41 35 79 55 27 94 18 59 85 59 93 98 25 35 92 83 99 19 67 19 46 85 41 24 24 61 87 61 55 26 32 17 42 31 90 98 86 37 90 39 98 11 55 66 49 21
33 78 56 31 85 47 10 80 43 29 47 60 11 87 50 94 69 49 41 0 36 85 50 51 83 42 60 81 34 40 37 58 88 69 98 27 12 20 59 79 32 38 86 55 67 10 29 95 65 86 18 14 58 67 26 39 57 43 26 47 39 74 99 16 25
77 98 63 97 84 72 61 17 46 11 71 88 58 90 99 41 17 52 35 36 0 70 83 93 70 81 85 24 96 90 26 62 31 79 45 21 63 91 81 82 31 11 76 72 80 27 93 46 32 58 77 78 11 60 50 94 41 86 43 50 31 58 83 11 98
55 21 86 47 66 98 57 10 98 41 88 86 58 54 30 30 77 93 79 85 70 0 35 94 12 12 79 57 18 10 84 35 48 92 69 15 74 12 14 55 43 13 74 64 23 72 96 40 97 94 27 30 54 77 54 86 27 27 90 76 85 62 21 52 34
44 93 62 71 72 35 96 58 69 75 75 97 23 78 13 14 16 85 55 50 83 35 0 92 29 19 46 86 17 45 26 61 53 88 25 65 46 53 18 93 60 37 10 33 48 42 36 15 65 45 50 89 93 71 83 83 31 58 34 26 11 67 19 72 93
87 31 86 34 83 43 30 52 95 14 43 86 51 68 79 71 40 95 27 51 93 94 92 0 99 47 96 23 66 20 69 56 63 80 41 71 65 21 60 22 93 55 36 54 56 67 92 39 38 25 27 10 90 22 43 57 80 85 22 58 47 24 39 94 85
16 10 63 65 63 29 57 36 10 93 83 87 29 68 27 22 75 54 94 83 70 12 29 99 0 82 91 95 95 95 84 65 34 43 87 91 35 53 90 60 86 38 37 50 66 20 68 80 59 30 17 44 31 89 19 63 43 15 83 77 28 95 73 26 49
79 42 89 66 46 26 13 99 98 91 10 17 90 95 10 73 10 13 18 42 81 12 19 47 82 0 13 68 80 49 33 95 80 14 49 78 62 30 72 72 45 31 10 46 94 42 27 78 54 25 20 11 81 38 20 56 46 78 56 80 87 32 44 42 54
36 82 75 15 62 96 38 15 77 57 78 40 15 33 50 99 23 76 59 60 85 79 46 96 91 13 0 45 74 10 36 32 64 98 81 62 54 79 22 80 63 21 29 42 15 52 74 24 77 75 68 14 36 74 10 32 98 75 93 50 73 57 40 26 58
51 98 96 40 44 71 61 82 63 49 58 33 64 55 59 23 52 19 85 81 24 57 86 23 95 68 45 0 39 43 34 28 81 29 51 45 84 57 41 80 14 42 96 58 92 33 76 35 71 57 89 37 76 54 39 81 22 40 72 16 49 86 72 83 98
97 54 58 65 49 29 86 12 34 63 30 97 41 28 38 92 55 53 59 34 96 18 17 66 95 80 74 39 0 78 64 30 11 28 26 14 49 90 84 72 89 10 98 50 65 66 55 14 87 79 16 45 48 26 51 41 86 11 29 57 66 66 79 38 68
46 56 21 63 22 45 29 38 24 66 32 68 75 64 20 77 82 40 93 40 90 10 45 20 95 49 10 43 78 0 41 68 19 20 84 93 18 86 96 70 94 28 49 15 22 73 29 83 47 39 48 42 23 84 74 72 76 11 51 87 84 81 26 40 51
58 62 12 38 65 81 18 49 15 91 84 10 10 98 27 61 15 52 98 37 26 84 26 69 84 33 36 34 64 41 0 71 58 53 80 62 23 58 89 54 13 48 56 83 93 78 12 53 55 89 59 25 80 15 86 93 88 57 92 32 91 47 99 33 60
73 69 24 34 75 44 69 93 26 81 66 74 71 99 30 67 15 87 25 58 62 35 61 56 65 95 32 28 30 68 71 0 74 92 29 94 83 43 38 60 97 77 46 86 19 41 79 38 60 19 81 35 92 98 79 36 33 64 86 12 39 50 54 97 43
17 95 29 91 94 44 94 47 41 80 21 45 72 86 58 53 61 51 35 88 31 48 53 63 34 80 64 81 11 19 58 74 0 73 28 71 50 56 49 90 89 19 47 38 41 19 74 72 69 63 96 22 82 31 53 81 71 27 87 53 42 85 60 79 15
22 65 74 53 11 24 19 48 80 34 90 61 53 28 79 31 18 69 92 69 79 92 88 80 43 14 98 29 28 20 53 92 73 0 95 88 34 90 42 25 81 33 89 48 91 26 73 28 57 72 94 12 26 66 15 72 92 61 38 41 19 99 93 18 55
14 31 57 95 89 83 90 10 50 61 99 54 78 76 61 89 92 11 83 98 45 69 25 41 87 49 81 51 26 84 80 29 28 95 0 76 67 24 45 89 86 36 11 62 54 89 95 46 75 56 89 67 32 27 44 60 16 53 51 37 93 15 31 75 76
38 87 25 18 47 47 68 88 65 64 11 79 16 11 46 88 12 38 99 27 21 15 65 71 91 78 62 45 14 93 62 94 71 88 76 0 13 18 63 20 23 66 11 42 44 98 67 41 48 48 33 70 52 36 33 95 40 22 17 51 14 38 59 60 30
45 31 36 60 59 23 56 18 46 22 45 13 17 37 65 48 90 19 19 12 63 74 46 65 35 62 54 84 49 18 23 83 50 34 67 13 0 70 16 60 98 71 92 71 80 40 15 97 67 64 55 20 79 81 49 15 26 18 73 89 76 50 80 20 63
89 74 61 27 12 88 94 34 69 19 24 33 37 87 43 29 81 98 67 20 91 12 53 21 53 30 79 57 90 86 58 43 56 90 24 18 70 0 53 45 44 65 30 39 75 90 61 97 21 23 75 79 47 66 63 80 72 77 49 48 55 66 78 19 83
31 18 45 22 94 83 79 24 76 70 55 19 15 69 97 15 11 10 19 59 81 14 18 60 90 72 22 41 84 96 89 38 49 42 45 63 16 53 0 28 50 48 92 19 99 71 46 53 36 17 15 79 16 99 16 15 71 69 88 62 93 93 46 46 37
45 38 17 16 51 25 73 60 83 34 97 51 26 26 10 39 66 64 46 79 82 55 93 22 60 72 80 80 72 70 54 60 90 25 89 20 60 45 28 0 18 67 32 41 57 26 81 12 73 66 66 47 88 26 51 22 18 20 30 55 93 20 61 12 33
19 31 11 90 15 74 49 96 39 45 33 72 12 92 33 76 82 57 85 32 31 43 60 93 86 45 63 14 89 94 13 97 89 81 86 23 98 44 50 18 0 86 67 40 61 89 95 32 11 11 84 80 10 22 78 23 54 70 63 67 45 26 18 32 29
83 86 85 10 55 52 76 90 67 45 41 97 51 39 85 75 92 93 41 38 11 13 37 55 38 31 21 42 10 28 48 77 19 33 36 66 71 65 48 67 86 0 28 16 83 23 21 33 33 93 80 60 46 10 42 88 77 61 42 76 69 93 36 42 93
64 84 37 45 16 82 90 26 86 30 47 60 32 65 98 23 42 96 24 86 76 74 10 36 37 10 29 96 98 49 56 46 47 89 11 11 92 30 92 32 67 28 0 56 20 33 78 38 29 58 67 27 40 66 85 22 76 27 97 83 24 82 65 92 44
86 75 38 58 64 71 25 21 29 63 65 83 69 73 85 14 52 57 24 55 72 64 33 54 50 46 42 58 50 15 83 86 38 48 62 42 71 39 19 41 40 16 56 0 60 98 59 34 72 40 70 36 74 15 83 25 33 88 16 57 99 21 26 61 15
11 69 49 96 56 60 35 86 53 92 93 84 12 73 63 96 66 24 61 67 80 23 48 56 66 94 15 92 65 22 93 19 41 91 54 44 80 75 99 57 61 83 20 60 0 46 98 68 59 94 29 68 62 15 74 74 99 45 42 59 98 18 78 33 94
67 45 87 93 49 99 47 63 32 84 57 97 35 66 18 67 94 40 87 10 27 72 42 67 20 42 52 33 66 73 78 41 19 26 89 98 40 90 71 26 89 23 33 98 46 0 47 35 77 86 88 51 33 94 25 67 36 90 96 58 39 58 82 19 59
87 97 97 19 21 42 54 22 35 87 80 56 37 15 22 67 71 84 61 29 93 96 36 92 68 27 74 76 55 29 12 79 74 73 95 67 15 61 46 81 95 21 78 59 98 47 0 33 77 37 63 80 14 58 73 82 86 19 82 73 75 93 31 85 25
67 34 29 24 70 74 34 92 53 93 86 73 82 54 49 73 56 42 55 95 46 40 15 39 80 78 24 35 14 83 53 38 72 28 46 41 97 97 53 12 32 33 38 34 68 35 33 0 48 20 39 24 27 26 78 22 86 74 63 99 85 70 98 74 85
10 89 28 29 78 93 99 73 96 78 27 55 61 44 86 39 78 64 26 65 32 97 65 38 59 54 77 71 87 47 55 60 69 57 75 48 67 21 36 73 11 33 29 72 59 77 77 48 0 55 45 31 65 26 88 47 33 54 30 70 26 59 38 37 33
51 43 36 60 69 38 23 70 56 49 14 77 98 71 89 60 81 99 32 86 58 94 45 25 30 25 75 57 79 39 89 19 63 72 56 48 64 23 17 66 11 93 58 40 94 86 37 20 55 0 23 71 71 40 51 16 83 95 89 13 68 86 82 49 71
81 34 68 89 48 20 33 88 64 39 47 67 74 99 32 53 31 55 17 18 77 27 50 27 17 20 68 89 16 48 59 81 96 94 89 33 55 75 15 66 84 80 67 70 29 88 63 39 45 23 0 11 48 77 59 96 37 81 89 66 32 91 32 96 99
45 41 11 25 12 66 83 50 35 54 60 73 45 23 84 40 90 74 42 14 78 30 89 10 44 11 14 37 45 42 25 35 22 12 67 70 20 79 79 47 80 60 27 36 68 51 80 24 31 71 11 0 91 28 27 90 71 94 89 79 97 74 58 89 92
12 44 67 24 77 73 48 97 13 19 96 21 49 36 33 19 27 47 31 58 11 54 93 90 31 81 36 76 48 23 80 92 82 26 32 52 79 47 16 88 10 46 40 74 62 33 14 27 65 71 48 91 0 73 44 44 89 48 88 56 62 96 69 67 64
65 37 50 20 40 68 99 17 80 38 49 33 35 73 90 55 51 92 90 67 60 77 71 22 89 38 74 54 26 84 15 98 31 66 27 36 81 66 99 26 22 10 66 15 15 94 58 26 26 40 77 28 73 0 49 70 44 16 16 79 89 10 49 20 58
68 93 85 92 95 91 77 32 24 51 91 13 48 78 75 83 67 42 98 26 50 54 83 43 19 20 10 39 51 74 86 79 53 15 44 33 49 63 16 51 78 42 85 83 74 25 73 78 88 51 59 27 44 49 0 29 77 73 40 25 24 48 28 94 42
19 91 23 84 97 40 94 31 68 35 42 67 81 57 15 46 14 90 86 39 94 86 83 57 63 56 32 81 41 72 93 36 81 72 60 95 15 80 15 22 23 88 22 25 74 67 82 22 47 16 96 90 44 70 29 0 65 60 68 19 19 45 92 27 72
63 72 82 60 65 20 56 90 45 65 36 64 63 80 62 39 92 86 37 57 41 27 31 80 43 46 98 22 86 76 88 33 71 92 16 40 26 72 71 18 54 77 76 33 99 36 86 86 33 83 37 71 89 44 77 65 0 77 40 92 67 65 66 22 50
81 97 73 67 53 69 67 66 76 95 32 87 76 35 56 83 29 15 90 43 86 27 58 85 15 78 75 40 11 11 57 64 27 61 53 22 18 77 69 20 70 61 27 88 45 90 19 74 54 95 81 94 48 16 73 60 77 0 35 26 98 46 58 20 98
96 42 11 39 83 89 14 42 38 92 78 66 41 62 51 46 91 36 39 26 43 90 34 22 83 56 93 72 29 51 92 86 87 38 51 17 73 49 88 30 63 42 97 16 42 96 82 63 30 89 89 89 88 16 40 68 40 35 0 45 64 11 74 76 99
50 59 11 24 72 97 28 67 50 97 73 29 62 18 20 17 97 64 98 47 50 76 26 58 77 80 50 16 57 87 32 12 53 41 37 51 89 48 62 55 67 76 83 57 59 58 73 99 70 13 66 79 56 79 25 19 92 26 45 0 44 76 35 10 68
75 23 97 33 83 28 82 92 31 58 78 30 91 14 39 53 48 84 11 39 31 85 11 47 28 87 73 49 66 84 91 39 42 19 93 14 76 55 93 93 45 69 24 99 98 39 75 85 26 68 32 97 62 89 24 19 67 98 64 44 0 93 51 86 98
69 99 32 61 26 88 58 43 41 87 82 64 79 81 72 16 37 71 55 74 58 62 67 24 95 32 57 86 66 81 47 50 85 99 15 38 50 66 93 20 26 93 82 21 18 58 93 70 59 86 91 74 96 10 48 45 65 46 11 76 93 0 44 92 69
80 49 72 49 89 85 52 54 73 73 97 19 15 59 14 21 52 52 66 99 83 21 19 39 73 44 40 72 79 26 99 54 60 93 31 59 80 78 46 61 18 36 65 26 78 82 31 98 38 82 32 58 69 49 28 92 66 58 74 35 51 44 0 69 20
82 70 83 72 30 90 63 29 18 51 61 34 40 42 62 35 45 48 49 16 11 52 72 94 26 42 26 83 38 40 33 97 79 18 75 60 20 19 46 12 32 42 92 61 33 19 85 74 37 49 96 89 67 20 94 27 22 20 76 10 86 92 69 0 59
22 74 91 91 13 59 61 88 41 77 98 69 35 78 87 96 78 79 21 25 98 34 93 85 49 54 58 98 68 51 60 43 15 55 76 30 63 83 37 33 29 93 44 15 94 59 25 85 33 71 99 92 64 58 42 72 50 98 99 68 98 69 20 59 0