130
0 51 84 58 10 61 37 31 55 58 52 78 12 24 29 74 49 23 23 91 19 99 26 75 39 46 23 24 14 19 10 96 34 28 75 58 37 84 72 15 39 72 40 53 95 10 31 99 14 16 64 76 82 60 28 18 23 26 20 69 91 53 41 87 46 98 16 15 76 66 88 19 56 38 86 26 78 80 41 95 74 33 30 51 78 90 71 13 77 80 22 31 62 45 84 20 49 83 36 73 89 61 41 59 12 51 51 53 26 84 98 78 53 86 56 72 80 96 66 27 86 90 97 67 13 52 16 64 85 27
51 0 57 39 23 11 87 51 86 85 96 95 53 31 62 28 22 59 84 30 53 92 37 84 51 53 81 97 11 78 24 65 80 37 10 60 17 40 53 45 54 65 28 34 31 52 74 67 99 78 28 94 10 62 61 34 62 60 32 35 87 36 63 41 76 28 15 88 35 57 18 56 21 90 98 98 42 99 45 71 91 17 26 23 25 46 19 77 26 21 19 42 20 51 16 99 49 12 34 99 31 82 47 70 86 89 76 74 79 52 99 77 58 47 41 88 49 29 40 76 71 96 27 73 66 77 51 81 45 14
84 57 0 60 74 69 64 44 58 75 53 86 66 25 34 86 45 65 48 69 13 63 73 28 70 46 68 46 69 84 47 71 43 11 61 81 97 16 40 35 50 84 13 62 95 80 10 38 34 15 91 98 57 90 93 94 61 78 87 86 94 70 56 71 98 39 29 19 71 98 79 66 40 78 77 54 76 15 58 18 13 76 64 56 48 72 15 78 66 88 57 43 95 23 32 73 97 48 56 40 75 62 60 44 55 21 18 36 54 15 82 65 17 25 99 13 43 66 81 51 60 14 16 28 18 93 59 26 45 16
58 39 60 0 45 99 72 49 11 52 22 55 94 98 35 19 20 62 92 13 89 92 44 31 61 79 86 55 64 61 27 60 98 11 47 36 14 68 36 92 99 27 60 73 63 41 99 13 23 98 74 54 50 32 30 62 76 84 37 42 97 59 68 74 19 19 34 25 37 99 48 50 56 18 98 47 89 61 20 69 52 55 21 67 78 18 74 58 99 88 88 20 55 80 32 66 50 53 66 61 18 75 69 52 99 25 31 61 84 49 19 17 80 70 36 25 32 12 64 95 50 90 45 68 51 16 64 10 42 91
10 23 74 45 0 88 46 97 67 84 44 76 81 19 61 21 69 43 30 96 45 88 83 65 20 17 66 78 78 85 34 29 69 65 51 24 39 41 14 61 89 54 86 10 97 89 84 70 77 59 19 20 23 26 86 23 35 93 94 75 82 40 68 54 35 35 37 35 71 14 14 29 31 41 16 28 10 26 74 75 78 29 11 41 61 71 90 29 39 96 83 73 49 59 53 37 41 35 60 35 20 19 14 94 52 29 69 21 33 17 37 40 74 26 54 81 37 59 59 11 50 92 78 55 71 66 29 15 10 82
61 11 69 99 88 0 94 91 16 21 81 91 86 51 26 44 86 58 12 85 38 33 38 14 51 62 15 82 37 76 59 98 82 21 42 75 50 41 86 71 62 13 74 83 39 88 92 97 35 77 38 85 74 42 28 50 50 74 99 44 28 44 79 49 54 85 55 26 46 95 44 10 82 44 14 54 53 38 15 85 26 65 14 37 56 66 19 98 84 80 76 53 91 79 63 40 17 42 45 40 98 86 86 57 26 71 57 25 54 53 72 61 69 17 81 43 31 52 87 43 85 95 11 27 73 55 86 61 75 94
37 87 64 72 46 94 0 72 48 19 98 11 27 34 27 30 10 27 21 75 19 57 23 92 35 22 76 80 52 20 59 11 24 59 25 10 60 75 46 49 39 66 95 61 14 82 27 98 41 49 68 36 36 22 34 52 21 36 85 19 13 56 96 18 35 65 90 95 29 44 21 88 94 46 45 28 24 22 82 58 63 54 12 13 76 30 91 27 72 98 63 60 65 14 47 98 36 41 90 80 40 88 42 51 35 36 95 93 11 61 76 39 20 41 14 53 21 10 64 35 32 80 93 17 33 82 48 70 75 42
31 51 44 49 97 91 72 0 28 61 75 32 37 79 67 23 91 87 45 58 18 83 83 87 66 24 92 45 48 75 11 43 36 52 25 43 33 79 89 48 83 56 40 10 83 68 93 67 11 18 36 69 33 33 70 98 57 65 87 15 99 46 58 15 30 43 77 95 20 55 68 10 52 44 79 37 84 66 46 58 60 87 35 43 31 25 75 32 83 11 97 31 58 28 91 66 39 99 61 68 11 82 21 21 42 23 25 81 84 76 43 54 51 96 29 21 93 86 67 59 11 37 77 11 91 48 46 75 87 69
55 86 58 11 67 16 48 28 0 20 96 97 16 43 58 37 15 91 85 24 15 32 70 43 57 78 21 36 47 16 30 70 61 49 46 44 33 96 60 12 18 54 33 69 77 48 38 55 75 66 22 36 19 66 59 38 82 86 14 57 15 31 57 86 76 24 58 55 19 56 93 18 48 87 92 48 42 51 57 53 45 82 15 98 42 13 66 67 69 21 34 14 76 27 32 35 18 10 95 76 74 47 12 68 66 22 65 67 99 20 67 58 22 34 71 61 76 18 17 97 76 29 70 38 69 98 39 98 15 82
58 85 75 52 84 21 19 61 20 0 42 86 40 15 78 27 36 98 46 98 13 35 81 55 90 23 83 75 95 11 82 30 10 91 30 33 48 99 59 86 17 19 59 27 30 11 86 67 55 38 20 51 90 57 81 72 61 92 74 15 45 12 14 27 79 12 90 82 91 35 44 71 15 50 59 68 17 32 71 69 91 86 90 10 34 87 67 92 67 29 81 78 23 70 72 11 21 34 91 36 34 15 71 79 16 50 22 62 85 31 50 18 29 91 44 79 24 86 55 77 41 24 61 65 99 52 34 25 20 44
52 96 53 22 44 81 98 75 96 42 0 99 11 74 35 46 77 96 47 12 27 22 55 60 82 52 19 76 75 35 43 82 71 84 65 73 65 21 29 31 20 79 43 71 43 49 97 84 31 33 92 77 16 64 12 96 70 99 47 39 54 27 32 34 95 55 15 96 11 91 52 28 33 34 27 51 33 99 23 74 60 62 15 50 28 48 29 37 86 12 67 51 22 43 63 64 14 85 95 62 56 25 54 70 93 13 52 34 70 49 56 41 53 19 81 80 68 64 77 54 50 16 53 52 42 32 23 69 13 29
78 95 86 55 76 91 11 32 97 86 99 0 89 59 11 98 27 40 29 10 14 54 29 27 90 48 27 73 48 40 72 69 31 96 23 37 80 25 28 19 20 82 53 85 92 31 48 62 50 85 87 65 99 14 27 82 27 35 52 76 79 36 49 73 82 50 44 43 87 75 17 14 22 87 95 34 30 52 28 35 13 72 82 33 12 11 66 42 38 31 11 69 83 40 45 56 23 45 87 98 95 29 49 65 39 30 84 59 31 68 90 65 84 62 45 58 96 15 40 90 69 73 57 98 90 74 29 76 12 42
12 53 66 94 81 86 27 37 16 40 11 89 0 85 53 13 14 81 89 45 20 28 90 74 12 52 93 60 90 94 67 28 27 34 65 36 57 75 88 74 70 89 23 87 27 94 83 53 38 14 38 80 51 20 61 56 65 15 55 77 95 64 68 90 33 80 99 83 48 72 93 19 37 97 61 43 86 60 38 18 85 98 17 16 27 36 99 67 81 69 75 22 52 47 33 94 75 21 28 62 30 68 68 52 54 29 93 87 52 47 40 48 84 37 43 60 60 26 27 91 46 42 86 23 57 29 44 98 71 90
24 31 25 98 19 51 34 79 43 15 74 59 85 0 54 25 39 98 43 56 49 39 36 25 57 69 75 85 13 99 28 31 97 54 16 36 82 22 41 87 85 43 47 47 97 21 71 15 56 62 54 31 33 78 48 17 94 28 96 79 69 59 75 67 18 41 33 88 47 87 52 66 76 96 47 14 17 73 77 90 48 36 80 50 24 33 77 91 80 49 73 86 38 64 63 37 97 19 20 70 42 86 90 35 16 53 19 53 86 75 16 78 64 74 12 54 16 60 18 31 53 12 17 39 71 45 92 19 26 70
29 62 34 35 61 26 27 67 58 78 35 11 53 54 0 38 65 60 76 46 48 75 82 50 99 67 41 54 66 15 34 97 20 87 39 65 88 28 43 93 36 73 91 85 27 64 45 10 39 55 12 21 62 32 43 74 36 62 78 34 59 55 70 55 54 16 65 99 89 81 92 34 71 49 53 11 47 20 46 71 20 60 91 74 84 25 15 19 80 66 56 86 25 26 44 71 61 81 15 38 32 64 36 14 52 50 37 90 69 23 40 63 82 45 74 93 92 37 99 81 76 23 21 38 96 71 76 31 54 69
74 28 86 19 21 44 30 23 37 27 46 98 13 25 38 0 61 42 91 19 89 73 13 19 77 37 77 72 98 26 38 10 87 89 57 83 53 20 12 82 54 29 24 12 63 22 36 65 82 59 68 74 60 57 78 58 99 26 68 30 65 69 26 90 38 40 18 91 69 86 15 85 79 93 27 55 42 44 91 46 81 43 97 37 55 85 71 65 71 60 24 80 88 30 91 41 54 60 92 18 50 76 90 71 33 38 98 60 58 45 28 90 48 66 67 97 64 98 41 65 31 75 26 32 78 57 51 12 37 21
49 22 45 20 69 86 10 91 15 36 77 27 14 39 65 61 0 73 96 87 77 24 94 55 33 41 68 72 89 48 73 94 59 22 93 26 19 43 39 20 76 11 90 94 71 49 70 76 83 22 85 40 11 39 53 23 77 27 76 99 48 49 35 88 24 26 92 32 67 98 39 29 78 49 39 73 67 23 87 10 25 33 46 97 16 64 35 52 76 78 45 86 89 81 23 60 49 65 40 53 46 99 74 24 75 83 75 48 27 43 43 71 31 88 58 67 36 54 87 78 93 28 94 11 24 56 49 23 39 60
23 59 65 62 43 58 27 87 91 98 96 40 81 98 60 42 73 0 92 85 88 37 54 35 74 47 93 74 46 46 12 96 51 53 40 33 21 25 39 89 24 93 12 16 84 96 14 21 29 21 51 34 51 65 99 67 49 61 75 37 67 27 22 32 99 33 32 76 94 36 99 75 55 10 41 92 61 14 91 82 70 49 32 85 98 19 89 98 60 61 82 53 36 19 91 43 91 96 59 26 20 83 87 14 55 91 48 35 47 95 78 98 83 48 15 93 15 43 46 24 22 34 75 91 74 26 37 89 73 97
23 84 48 92 30 12 21 45 85 46 47 29 89 43 76 91 96 92 0 97 74 33 36 51 74 18 22 59 32 50 97 38 41 94 23 10 54 77 86 74 39 13 55 56 86 86 80 42 13 70 87 21 98 43 25 91 76 74 87 95 96 34 11 24 34 43 97 23 40 45 96 37 15 61 38 83 29 83 18 21 92 34 70 17 85 48 92 12 78 16 94 28 98 43 38 84 88 88 94 32 82 72 55 56 73 26 10 29 49 34 27 10 63 79 62 93 49 48 57 90 80 44 91 48 96 23 66 44 93 17
91 30 69 13 96 85 75 58 24 98 12 10 45 56 46 19 87 85 97 0 12 11 11 55 95 74 38 31 73 89 10 30 73 28 37 89 29 33 51 16 28 19 58 43 41 94 84 45 51 47 42 54 16 10 21 40 83 28 29 27 48 27 39 77 79 32 52 63 77 67 56 48 15 75 17 12 67 36 36 87 54 49 84 79 34 43 46 60 21 14 47 25 34 64 35 58 56 40 89 56 40 59 68 32 35 65 28 43 66 32 77 40 69 52 27 98 78 93 43 46 67 62 32 29 12 34 68 50 83 17
19 53 13 89 45 38 19 18 15 13 27 14 20 49 48 89 77 88 74 12 0 73 65 51 28 86 21 73 62 76 61 15 84 33 42 52 54 54 69 12 49 23 52 72 17 71 43 93 93 47 37 18 15 82 24 21 80 81 17 14 54 95 25 63 42 39 24 71 99 42 51 95 13 50 53 42 30 35 67 25 11 40 11 61 22 62 41 61 48 35 50 79 57 24 35 20 19 62 51 22 45 11 12 21 26 23 53 73 86 12 56 92 26 26 39 39 66 79 31 70 24 23 75 69 86 24 31 66 33 63
99 92 63 92 88 33 57 83 32 35 22 54 28 39 75 73 24 37 33 11 73 0 74 29 64 42 29 90 71 24 67 44 88 62 18 80 49 94 30 75 35 28 71 88 26 11 82 95 67 84 45 39 18 66 93 90 45 67 84 44 72 22 82 14 67 48 10 51 79 67 95 51 28 66 96 37 41 74 19 51 27 25 14 37 30 71 73 56 60 26 12 22 74 44 41 49 53 81 63 34 60 46 78 63 76 14 36 60 61 45 97 99 49 54 56 97 51 68 15 93 46 90 66 75 80 24 11 11 48 26
26 37 73 44 83 38 23 83 70 81 55 29 90 36 82 13 94 54 36 11 65 74 0 92 75 95 19 50 59 65 80 32 87 68 16 96 44 42 58 61 59 67 26 20 11 47 17 82 92 63 20 28 43 36 96 81 11 55 46 56 61 75 85 68 96 28 23 88 76 14 17 16 70 82 52 52 12 36 54 93 14 21 23 38 63 17 75 85 78 36 50 76 82 36 77 63 44 42 99 88 97 35 34 89 28 37 86 41 81 76 48 84 58 75 85 35 71 87 99 48 83 98 25 80 31 81 81 32 24 26
75 84 28 31 65 14 92 87 43 55 60 27 74 25 50 19 55 35 51 55 51 29 92 0 88 17 78 15 85 92 25 80 24 34 49 48 93 93 29 29 91 72 49 13 28 99 11 30 24 84 82 62 74 66 54 81 28 21 37 20 50 24 36 92 55 69 46 58 16 99 75 30 42 15 46 15 88 30 84 77 30 48 97 64 64 69 44 11 86 76 53 85 67 33 40 69 82 48 32 22 50 10 51 88 65 83 46 41 86 79 91 39 71 64 16 40 79 53 40 87 54 39 75 32 59 21 15 51 72 39
39 51 70 61 20 51 35 66 57 90 82 90 12 57 99 77 33 74 74 95 28 64 75 88 0 33 42 12 79 79 36 52 76 10 35 63 51 40 30 16 36 81 68 64 36 58 10 81 58 16 71 12 27 54 31 62 66 60 93 40 66 17 56 17 28 18 44 17 69 31 36 79 41 42 21 16 72 59 34 82 92 90 45 52 31 81 74 69 31 94 65 58 26 25 33 57 80 60 59 82 10 55 78 80 43 76 70 82 96 31 34 97 49 29 39 65 57 98 44 43 43 84 23 20 27 80 37 67 32 42
46 53 46 79 17 62 22 24 78 23 52 48 52 69 67 37 41 47 18 74 86 42 95 17 33 0 67 82 14 40 78 11 58 61 88 76 83 65 94 62 69 54 10 35 73 24 92 65 63 97 66 21 62 80 89 46 96 43 32 41 94 90 48 98 37 66 97 53 86 88 29 95 56 52 11 79 21 72 15 10 17 77 48 22 54 65 28 59 24 51 59 33 89 28 44 48 70 94 11 33 56 62 94 91 81 27 33 19 97 27 19 11 71 94 23 17 25 60 96 54 15 25 87 54 96 29 47 69 34 55
23 81 68 86 66 15 76 92 21 83 19 27 93 75 41 77 68 93 22 38 21 29 19 78 42 67 0 95 23 76 43 87 43 91 96 75 96 53 68 94 45 52 32 52 76 84 44 80 82 53 85 96 76 61 66 62 24 92 83 49 81 34 44 68 62 92 75 92 91 53 78 81 92 61 79 58 20 89 71 76 79 23 48 70 74 66 35 69 40 11 35 52 21 54 23 84 61 15 77 81 66 70 76 38 14 19 35 27 52 17 13 12 17 25 47 37 25 75 78 53 83 80 99 79 19 95 55 19 72 53
24 97 46 55 78 82 80 45 36 75 76 73 60 85 54 72 72 74 59 31 73 90 50 15 12 82 95 0 66 94 16 64 44 80 47 65 26 44 53 30 49 92 57 53 49 47 63 43 23 70 42 26 34 85 37 12 44 38 91 47 41 50 12 63 42 68 47 21 95 57 50 69 14 29 49 42 46 20 27 38 86 47 32 83 33 30 48 76 22 78 94 34 51 71 26 54 49 62 67 88 76 52 81 64 85 39 10 23 28 46 46 10 70 99 69 13 55 88 25 62 74 71 69 33 65 81 79 84 49 50
14 11 69 64 78 37 52 48 47 95 75 48 90 13 66 98 89 46 32 73 62 71 59 85 79 14 23 66 0 98 97 97 79 52 96 20 74 84 66 47 81 99 18 26 17 46 81 60 60 21 86 80 83 99 94 94 43 25 22 39 88 25 22 88 21 11 60 84 91 66 49 60 72 14 50 53 87 79 38 39 34 50 45 95 82 25 45 71 89 74 18 57 68 53 77 64 60 20 87 16 80 25 67 27 62 53 33 56 46 81 67 45 96 26 10 79 90 84 72 61 38 96 38 38 39 65 52 47 24 76
19 78 84 61 85 76 20 75 16 11 35 40 94 99 15 26 48 46 50 89 76 24 65 92 79 40 76 94 98 0 77 49 25 69 41 73 12 43 85 55 23 54 81 67 84 91 30 92 38 91 82 44 67 88 11 30 56 31 36 57 97 46 90 16 84 16 14 89 16 10 42 62 90 98 49 84 69 16 90 95 89 22 55 66 44 86 41 38 56 99 22 28 83 59 48 12 72 91 13 68 79 93 84 67 31 87 29 19 68 41 68 29 13 37 85 83 53 75 87 25 55 21 44 79 51 68 72 47 94 13
10 24 47 27 34 59 59 11 30 82 43 72 67 28 34 38 73 12 97 10 61 67 80 25 36 78 43 16 97 77 0 50 19 70 11 17 21 41 25 85 86 27 26 95 86 34 66 93 70 21 29 24 54 35 65 46 62 52 77 48 91 20 87 76 93 38 69 14 38 16 50 10 57 12 13 20 27 23 88 30 51 29 82 60 50 47 31 59 72 97 43 80 40 91 13 19 21 31 64 35 86 86 52 50 57 10 45 60 76 67 44 36 98 82 19 82 34 22 33 49 66 35 54 40 42 33 92 57 67 48
96 65 71 60 29 98 11 43 70 30 82 69 28 31 97 10 94 96 38 30 15 44 32 80 52 11 87 64 97 49 50 0 38 75 47 24 75 75 26 43 17 86 89 32 50 31 60 27 16 27 81 44 21 76 88 58 62 20 34 87 99 97 48 32 49 33 27 11 27 89 32 45 91 97 74 98 74 66 35 47 71 22 62 22 58 23 89 97 64 85 64 93 73 65 31 29 92 71 96 48 66 28 61 27 83 80 99 62 73 27 28 49 31 37 52 61 99 34 30 56 78 15 35 55 46 70 49 61 24 78
34 80 43 98 69 82 24 36 61 10 71 31 27 97 20 87 59 51 41 73 84 88 87 24 76 58 43 44 79 25 19 38 0 93 59 22 50 50 70 99 58 82 36 88 75 34 34 15 27 70 63 72 49 37 42 73 65 44 60 69 78 66 15 83 22 27 59 54 51 33 61 64 64 55 84 62 61 44 76 42 92 47 50 29 66 35 58 59 33 91 81 94 72 20 71 77 47 76 64 48 86 26 87 96 46 68 56 25 41 37 10 17 13 28 23 19 77 57 23 10 14 44 29 85 48 36 40 64 28 29
28 37 11 11 65 21 59 52 49 91 84 96 34 54 87 89 22 53 94 28 33 62 68 34 10 61 91 80 52 69 70 75 93 0 17 55 79 25 26 80 97 53 12 43 53 86 25 46 72 98 64 85 99 83 19 30 37 32 75 78 40 62 89 74 93 26 18 65 54 55 33 62 77 14 28 40 26 33 65 31 32 54 32 96 61 52 66 75 84 25 86 98 93 15 19 48 53 88 46 52 15 16 98 72 15 42 56 84 30 19 89 22 82 33 14 89 15 89 96 14 46 60 27 38 29 57 61 73 77 22
75 10 61 47 51 42 25 25 46 30 65 23 65 16 39 57 93 40 23 37 42 18 16 49 35 88 96 47 96 41 11 47 59 17 0 93 95 46 53 76 20 13 71 49 48 20 15 12 21 57 48 61 94 24 60 90 53 53 36 58 21 28 67 57 76 59 98 23 13 99 20 45 27 46 66 51 86 11 44 46 62 26 37 40 95 30 49 67 74 49 25 11 15 51 79 18 49 35 85 38 84 44 45 93 64 97 33 73 93 46 33 11 69 60 15 91 54 27 57 82 27 27 24 56 22 53 74 37 99 71
58 60 81 36 24 75 10 43 44 33 73 37 36 36 65 83 26 33 10 89 52 80 96 48 63 76 75 65 20 73 17 24 22 55 93 0 89 82 13 28 89 67 71 88 17 49 23 25 48 89 39 83 70 82 52 48 36 66 42 87 50 26 17 46 63 35 71 87 90 68 88 73 97 25 21 55 80 14 75 33 39 57 26 46 90 35 50 67 56 25 95 93 93 53 29 58 53 47 37 85 93 72 83 32 45 83 40 23 84 56 97 54 55 25 56 47 21 83 13 27 31 69 98 86 48 94 69 76 12 48
37 17 97 14 39 50 60 33 33 48 65 80 57 82 88 53 19 21 54 29 54 49 44 93 51 83 96 26 74 12 21 75 50 79 95 89 0 64 77 29 30 79 39 87 72 43 84 48 33 96 92 47 42 84 21 60 80 37 64 90 71 11 48 86 79 14 88 96 41 86 89 23 47 72 27 38 14 81 10 55 36 25 62 42 25 66 64 11 68 34 32 99 69 65 16 35 36 38 26 89 59 58 25 99 82 35 94 43 76 88 65 37 98 33 48 72 21 57 56 47 85 16 61 44 43 22 16 78 16 90
84 40 16 68 41 41 75 79 96 99 21 25 75 22 28 20 43 25 77 33 54 94 42 93 40 65 53 44 84 43 41 75 50 25 46 82 64 0 22 68 37 36 87 53 41 40 55 57 95 13 13 86 90 47 43 86 12 90 85 47 46 43 41 93 63 57 15 88 15 70 72 87 63 53 76 74 15 78 21 80 11 27 46 15 39 63 40 11 59 81 65 27 88 49 62 44 13 29 60 36 81 81 24 34 48 77 54 66 13 13 69 70 23 49 36 88 85 58 36 97 49 31 72 10 34 92 78 55 48 90
72 53 40 36 14 86 46 89 60 59 29 28 88 41 43 12 39 39 86 51 69 30 58 29 30 94 68 53 66 85 25 26 70 26 53 13 77 22 0 73 76 66 34 89 44 44 18 16 20 20 98 80 95 29 45 21 89 54 23 97 96 14 34 10 33 99 53 95 15 36 20 39 68 95 22 46 46 94 53 61 60 56 47 82 97 99 27 40 16 21 96 35 49 91 90 86 28 18 45 91 83 34 91 99 43 91 16 17 48 74 94 20 23 27 24 65 84 18 90 83 19 42 18 76 30 31 79 17 99 68
15 45 35 92 61 71 49 48 12 86 31 19 74 87 93 82 20 89 74 16 12 75 61 29 16 62 94 30 47 55 85 43 99 80 76 28 29 68 73 0 85 74 82 50 61 52 86 65 86 66 25 10 55 76 29 82 14 88 22 43 33 28 85 64 70 72 41 87 85 62 75 23 42 80 23 21 79 33 54 99 35 12 10 29 39 63 50 82 68 73 55 56 72 51 66 62 48 82 86 86 99 65 10 44 88 24 35 91 34 56 80 80 76 44 17 35 32 73 46 55 32 19 24 81 55 68 84 54 75 63
39 54 50 99 89 62 39 83 18 17 20 20 70 85 36 54 76 24 39 28 49 35 59 91 36 69 45 49 81 23 86 17 58 97 20 89 30 37 76 85 0 11 98 91 43 10 41 96 16 84 81 35 98 43 82 86 15 87 27 94 73 59 73 22 64 16 40 86 72 33 35 25 11 21 97 48 78 94 71 96 55 23 36 92 83 95 17 23 82 75 76 35 89 55 52 40 12 89 83 95 36 30 72 57 47 17 90 57 62 99 72 10 64 37 90 17 29 20 60 22 50 20 20 25 85 86 26 69 83 10
72 65 84 27 54 13 66 56 54 19 79 82 89 43 73 29 11 93 13 19 23 28 67 72 81 54 52 92 99 54 27 86 82 53 13 67 79 36 66 74 11 0 55 86 44 47 48 77 58 68 85 22 28 39 71 87 53 22 58 93 14 52 92 45 46 71 99 11 94 49 22 11 91 45 81 49 63 15 41 68 32 44 53 63 13 77 30 38 38 38 57 33 29 92 29 81 22 58 62 23 45 98 41 44 67 40 91 48 51 85 77 33 55 16 44 92 22 27 41 56 84 28 36 81 98 66 99 77 42 11
40 28 13 60 86 74 95 40 33 59 43 53 23 47 91 24 90 12 55 58 52 71 26 49 68 10 32 57 18 81 26 89 36 12 71 71 39 87 34 82 98 55 0 19 85 79 25 36 90 42 78 36 35 37 87 25 22 55 70 38 22 65 32 41 33 86 49 24 72 17 25 59 77 29 33 67 66 39 26 98 70 33 12 28 21 18 48 66 41 41 23 56 23 45 27 37 59 57 74 40 10 78 52 73 69 42 56 18 61 56 67 10 39 38 81 88 88 60 84 34 34 34 39 21 67 58 12 41 71 26
53 34 62 73 10 83 61 10 69 27 71 85 87 47 85 12 94 16 56 43 72 88 20 13 64 35 52 53 26 67 95 32 88 43 49 88 87 53 89 50 91 86 19 0 43 81 17 42 90 80 30 30 70 52 60 63 45 89 54 85 79 91 22 42 23 26 71 72 10 97 37 61 25 91 50 97 53 35 67 72 98 33 37 94 23 78 12 37 49 93 37 21 39 66 59 28 31 80 66 62 48 49 98 58 72 78 33 60 29 30 34 67 31 72 99 18 62 86 41 18 51 41 25 68 34 78 17 99 59 23
95 31 95 63 97 39 14 83 77 30 43 92 27 97 27 63 71 84 86 41 17 26 11 28 36 73 76 49 17 84 86 50 75 53 48 17 72 41 44 61 43 44 85 43 0 82 88 85 69 74 33 22 13 39 37 34 46 41 52 73 39 21 35 99 78 15 21 12 78 75 98 90 97 13 96 38 42 19 12 96 57 51 87 33 28 55 89 66 66 19 96 12 86 26 32 58 57 72 45 54 29 78 18 88 11 53 27 65 68 30 13 80 60 32 48 29 21 18 22 58 17 31 79 20 37 35 93 95 79 81
10 52 80 41 89 88 82 68 48 11 49 31 94 21 64 22 49 96 86 94 71 11 47 99 58 24 84 47 46 91 34 31 34 86 20 49 43 40 44 52 10 47 79 81 82 0 68 28 97 78 88 33 81 88 17 22 89 46 17 75 34 47 76 74 81 15 78 94 78 37 47 54 40 87 21 72 63 48 40 90 42 13 15 99 45 66 82 92 53 38 16 30 59 73 96 21 35 58 51 31 29 86 26 27 86 58 38 23 83 77 90 33 75 59 70 21 51 27 79 56 78 19 11 19 15 34 60 56 14 44
31 74 10 99 84 92 27 93 38 86 97 48 83 71 45 36 70 14 80 84 43 82 17 11 10 92 44 63 81 30 66 60 34 25 15 23 84 55 18 86 41 48 25 17 88 68 0 94 81 75 26 16 48 70 52 30 42 85 41 28 97 39 69 82 46 99 19 15 57 80 47 61 24 76 37 76 24 10 14 35 28 56 29 81 51 87 54 22 90 54 12 44 15 64 72 51 45 76 98 77 35 13 38 93 61 94 98 78 38 33 30 87 74 63 57 12 51 41 60 21 87 99 46 90 81 26 76 45 42 76
99 67 38 13 70 97 98 67 55 67 84 62 53 15 10 65 76 21 42 45 93 95 82 30 81 65 80 43 60 92 93 27 15 46 12 25 48 57 16 65 96 77 36 42 85 28 94 0 17 36 19 13 86 24 31 35 90 77 99 52 60 13 21 72 79 13 36 95 46 96 79 44 76 70 95 37 54 68 47 11 85 20 63 38 93 69 97 50 68 27 77 44 62 65 61 31 62 34 52 94 26 40 45 57 77 30 87 84 12 32 38 41 39 85 29 78 46 35 69 55 86 84 44 76 71 61 69 79 89 15
14 99 34 23 77 35 41 11 75 55 31 50 38 56 39 82 83 29 13 51 93 67 92 24 58 63 82 23 60 38 70 16 27 72 21 48 33 95 20 86 16 58 90 90 69 97 81 17 0 64 49 66 59 15 52 56 91 52 20 22 60 35 63 20 10 31 99 59 52 21 37 50 77 24 53 71 51 89 84 65 28 36 18 45 17 61 87 55 39 72 47 96 27 96 55 73 89 62 65 74 21 12 60 14 66 32 91 79 47 26 81 84 95 23 85 66 47 17 22 52 95 27 91 65 63 45 76 91 59 79
16 78 15 98 59 77 49 18 66 38 33 85 14 62 55 59 22 21 70 47 47 84 63 84 16 97 53 70 21 91 21 27 70 98 57 89 96 13 20 66 84 68 42 80 74 78 75 36 64 0 15 91 55 66 68 32 24 56 76 44 57 52 72 48 41 67 83 83 22 76 67 55 88 91 73 82 23 49 64 11 58 16 72 84 63 55 42 74 95 72 11 94 91 14 95 19 97 68 70 31 46 96 21 65 72 50 80 27 35 41 67 38 99 80 11 77 85 38 75 43 81 28 41 48 33 22 47 71 85 64
64 28 91 74 19 38 68 36 22 20 92 87 38 54 12 68 85 51 87 42 37 45 20 82 71 66 85 42 86 82 29 81 63 64 48 39 92 13 98 25 81 85 78 30 33 88 26 19 49 15 0 39 83 93 52 43 95 11 50 93 93 31 15 36 21 55 90 71 86 29 74 45 95 11 82 92 19 22 50 30 49 18 59 40 61 97 33 69 34 61 56 71 67 48 28 17 22 80 98 89 93 39 27 75 85 19 54 21 12 55 41 92 78 95 42 83 27 57 20 98 80 78 61 72 21 69 84 34 87 67
76 94 98 54 20 85 36 69 36 51 77 65 80 31 21 74 40 34 21 54 18 39 28 62 12 21 96 26 80 44 24 44 72 85 61 83 47 86 80 10 35 22 36 30 22 33 16 13 66 91 39 0 50 29 42 71 78 90 92 40 42 53 24 41 11 26 47 84 57 86 30 91 25 74 15 16 37 58 18 60 89 81 87 87 26 25 63 42 60 82 82 53 95 59 46 96 33 34 19 72 90 38 58 16 63 50 93 26 35 39 67 33 21 43 90 35 87 86 82 22 82 28 26 29 96 87 17 17 12 46
82 10 57 50 23 74 36 33 19 90 16 99 51 33 62 60 11 51 98 16 15 18 43 74 27 62 76 34 83 67 54 21 49 99 94 70 42 90 95 55 98 28 35 70 13 81 48 86 59 55 83 50 0 39 40 27 26 22 39 96 76 41 47 48 44 49 13 25 77 65 51 98 70 91 81 31 71 33 74 57 22 39 39 17 41 81 81 24 97 71 90 82 80 36 89 98 88 37 66 49 44 31 73 88 59 98 97 27 93 79 42 34 45 36 80 40 88 87 98 29 34 61 97 73 75 78 63 26 78 36
60 62 90 32 26 42 22 33 66 57 64 14 20 78 32 57 39 65 43 10 82 66 36 66 54 80 61 85 99 88 35 76 37 83 24 82 84 47 29 76 43 39 37 52 39 88 70 24 15 66 93 29 39 0 18 95 21 83 60 78 97 72 46 31 82 37 88 66 51 23 88 18 61 18 24 49 70 30 10 94 32 74 41 43 80 11 33 78 95 48 25 42 64 14 31 14 29 17 68 33 48 83 36 37 90 73 10 27 56 61 40 11 48 66 49 40 14 75 80 16 89 33 27 84 82 78 73 70 41 39
28 61 93 30 86 28 34 70 59 81 12 27 61 48 43 78 53 99 25 21 24 93 96 54 31 89 66 37 94 11 65 88 42 19 60 52 21 43 45 29 82 71 87 60 37 17 52 31 52 68 52 42 40 18 0 48 63 78 21 17 79 45 60 48 22 40 53 23 90 34 90 47 19 96 46 20 25 41 69 70 14 96 10 92 46 75 46 23 66 92 83 93 11 39 52 89 14 29 74 30 86 49 41 20 49 84 64 19 73 23 88 70 22 41 66 95 26 16 26 39 78 88 26 77 61 61 46 78 49 22
18 34 94 62 23 50 52 98 38 72 96 82 56 17 74 58 23 67 91 40 21 90 81 81 62 46 62 12 94 30 46 58 73 30 90 48 60 86 21 82 86 87 25 63 34 22 30 35 56 32 43 71 27 95 48 0 83 60 69 86 37 10 33 65 88 67 91 61 22 43 76 82 69 45 53 72 96 67 83 92 45 38 58 68 19 32 76 86 40 94 38 40 71 87 77 93 16 79 81 18 52 11 66 46 38 21 33 27 20 14 27 29 62 47 48 44 49 71 91 94 17 64 79 50 92 61 55 80 73 92
23 62 61 76 35 50 21 57 82 61 70 27 65 94 36 99 77 49 76 83 80 45 11 28 66 96 24 44 43 56 62 62 65 37 53 36 80 12 89 14 15 53 22 45 46 89 42 90 91 24 95 78 26 21 63 83 0 66 94 55 91 22 97 98 82 68 34 20 12 81 17 95 34 77 65 87 62 66 68 46 14 92 57 85 71 19 97 39 28 32 21 61 94 81 92 18 69 69 69 73 38 60 18 57 83 89 61 68 40 11 95 82 80 56 18 90 29 72 83 76 59 77 35 13 25 54 13 18 40 77
26 60 78 84 93 74 36 65 86 92 99 35 15 28 62 26 27 61 74 28 81 67 55 21 60 43 92 38 25 31 52 20 44 32 53 66 37 90 54 88 87 22 55 89 41 46 85 77 52 56 11 90 22 83 78 60 66 0 63 58 63 58 70 24 66 18 29 15 52 90 78 80 44 32 19 37 26 75 69 61 36 98 11 84 18 46 46 66 50 31 11 86 81 98 50 10 65 88 16 38 21 16 40 19 69 78 70 80 58 74 64 34 97 71 30 26 86 60 67 28 86 45 67 43 94 90 66 35 33 96
20 32 87 37 94 99 85 87 14 74 47 52 55 96 78 68 76 75 87 29 17 84 46 37 93 32 83 91 22 36 77 34 60 75 36 42 64 85 23 22 27 58 70 54 52 17 41 99 20 76 50 92 39 60 21 69 94 63 0 78 79 66 88 91 84 67 14 32 27 86 55 46 67 30 65 24 59 48 93 44 28 28 43 67 54 27 31 60 52 30 65 79 22 35 47 76 34 94 58 24 27 31 71 94 45 84 25 89 61 55 40 19 46 36 67 31 85 41 79 67 61 51 38 29 51 88 75 98 71 29
69 35 86 42 75 44 19 15 57 15 39 76 77 79 34 30 99 37 95 27 14 44 56 20 40 41 49 47 39 57 48 87 69 78 58 87 90 47 97 43 94 93 38 85 73 75 28 52 22 44 93 40 96 78 17 86 55 58 78 0 51 81 64 91 54 67 74 93 85 87 41 76 82 37 69 32 68 15 42 71 23 70 11 57 74 39 87 39 99 29 58 16 16 27 91 88 66 63 90 32 53 80 12 41 69 63 30 22 19 74 18 78 74 50 56 55 10 60 38 54 76 66 55 32 21 56 72 47 46 39
91 87 94 97 82 28 13 99 15 45 54 79 95 69 59 65 48 67 96 48 54 72 61 50 66 94 81 41 88 97 91 99 78 40 21 50 71 46 96 33 73 14 22 79 39 34 97 60 60 57 93 42 76 97 79 37 91 63 79 51 0 87 58 47 28 95 30 39 22 88 59 91 82 15 21 55 14 82 43 89 46 67 14 89 50 88 38 17 43 17 54 24 74 98 51 30 50 59 15 13 39 55 36 44 62 33 76 13 54 93 95 81 29 41 40 74 28 99 70 39 60 41 29 73 46 40 21 32 51 96
53 36 70 59 40 44 56 46 31 12 27 36 64 59 55 69 49 27 34 27 95 22 75 24 17 90 34 50 25 46 20 97 66 62 28 26 11 43 14 28 59 52 65 91 21 47 39 13 35 52 31 53 41 72 45 10 22 58 66 81 87 0 64 36 43 45 28 79 27 29 40 40 36 15 62 96 79 31 56 35 41 80 56 83 92 80 67 90 21 68 57 56 43 16 45 96 81 11 56 52 45 57 68 33 85 57 90 64 67 84 61 13 74 68 83 68 33 23 42 32 70 95 98 74 55 70 14 38 73 72
41 63 56 68 68 79 96 58 57 14 32 49 68 75 70 26 35 22 11 39 25 82 85 36 56 48 44 12 22 90 87 48 15 89 67 17 48 41 34 85 73 92 32 22 35 76 69 21 63 72 15 24 47 46 60 33 97 70 88 64 58 64 0 83 19 73 75 46 60 45 49 35 16 49 72 48 14 16 14 18 12 55 63 24 53 56 26 96 59 25 51 50 74 28 92 73 63 48 86 77 43 55 79 48 35 12 22 70 10 51 18 31 47 42 45 30 56 16 49 47 81 94 66 73 34 79 46 43 47 52
87 41 71 74 54 49 18 15 86 27 34 73 90 67 55 90 88 32 24 77 63 14 68 92 17 98 68 63 88 16 76 32 83 74 57 46 86 93 10 64 22 45 41 42 99 74 82 72 20 48 36 41 48 31 48 65 98 24 91 91 47 36 83 0 54 42 50 84 57 75 95 89 39 17 73 29 32 63 23 85 22 21 10 85 97 85 58 47 44 58 78 87 98 18 69 82 70 13 28 27 16 60 16 80 95 38 24 97 41 44 52 25 31 72 56 31 35 16 36 78 21 25 42 76 98 39 31 24 67 57
46 76 98 19 35 54 35 30 76 79 95 82 33 18 54 38 24 99 34 79 42 67 96 55 28 37 62 42 21 84 93 49 22 93 76 63 79 63 33 70 64 46 33 23 78 81 46 79 10 41 21 11 44 82 22 88 82 66 84 54 28 43 19 54 0 37 85 50 58 56 45 59 72 84 39 33 81 29 55 24 44 93 82 33 21 36 83 11 44 37 40 24 99 46 80 42 82 77 23 42 71 21 51 42 85 49 97 90 50 39 52 99 35 66 94 40 53 31 45 45 67 94 91 62 52 23 51 82 29 19
98 28 39 19 35 85 65 43 24 12 55 50 80 41 16 40 26 33 43 32 39 48 28 69 18 66 92 68 11 16 38 33 27 26 59 35 14 57 99 72 16 71 86 26 15 15 99 13 31 67 55 26 49 37 40 67 68 18 67 67 95 45 73 42 37 0 40 19 97 32 28 97 34 59 22 36 73 81 93 79 85 66 73 90 78 18 23 38 11 79 43 53 26 57 23 95 90 44 54 64 70 76 32 42 28 40 63 36 19 89 84 24 59 27 30 68 38 47 51 61 52 55 11 66 80 47 49 42 36 37
16 15 29 34 37 55 90 77 58 90 15 44 99 33 65 18 92 32 97 52 24 10 23 46 44 97 75 47 60 14 69 27 59 18 98 71 88 15 53 41 40 99 49 71 21 78 19 36 99 83 90 47 13 88 53 91 34 29 14 74 30 28 75 50 85 40 0 70 42 19 70 19 65 40 34 41 86 52 67 28 33 97 38 15 80 78 89 54 36 39 78 94 10 71 26 33 57 96 41 58 76 55 47 91 72 10 24 36 32 92 29 84 29 21 70 11 33 70 45 71 60 10 94 42 55 15 59 62 98 22
15 88 19 25 35 26 95 95 55 82 96 43 83 88 99 91 32 76 23 63 71 51 88 58 17 53 92 21 84 89 14 11 54 65 23 87 96 88 95 87 86 11 24 72 12 94 15 95 59 83 71 84 25 66 23 61 20 15 32 93 39 79 46 84 50 19 70 0 82 16 71 88 86 42 49 89 47 10 11 90 61 29 55 43 48 44 93 11 29 53 22 38 84 97 14 62 98 82 43 63 27 30 35 60 23 55 29 12 13 70 54 73 72 48 60 86 20 67 55 97 10 15 22 66 80 17 13 27 43 19
76 35 71 37 71 46 29 20 19 91 11 87 48 47 89 69 67 94 40 77 99 79 76 16 69 86 91 95 91 16 38 27 51 54 13 90 41 15 15 85 72 94 72 10 78 78 57 46 52 22 86 57 77 51 90 22 12 52 27 85 22 27 60 57 58 97 42 82 0 88 19 83 57 43 40 93 90 53 84 54 37 28 88 28 21 75 63 35 31 68 80 77 69 89 54 78 38 65 33 89 99 21 96 84 13 35 61 72 67 62 80 41 74 85 40 24 40 36 38 87 50 36 16 59 77 27 45 35 26 87
66 57 98 99 14 95 44 55 56 35 91 75 72 87 81 86 98 36 45 67 42 67 14 99 31 88 53 57 66 10 16 89 33 55 99 68 86 70 36 62 33 49 17 97 75 37 80 96 21 76 29 86 65 23 34 43 81 90 86 87 88 29 45 75 56 32 19 16 88 0 73 65 36 28 22 32 97 23 49 30 27 72 47 80 11 25 79 23 99 49 79 62 95 58 37 24 69 15 47 12 36 68 82 71 33 61 29 88 46 72 18 62 23 27 22 38 84 42 58 21 31 27 17 85 26 81 87 65 57 20
88 18 79 48 14 44 21 68 93 44 52 17 93 52 92 15 39 99 96 56 51 95 17 75 36 29 78 50 49 42 50 32 61 33 20 88 89 72 20 75 35 22 25 37 98 47 47 79 37 67 74 30 51 88 90 76 17 78 55 41 59 40 49 95 45 28 70 71 19 73 0 10 30 77 36 94 64 27 63 94 73 41 23 69 30 39 17 60 17 38 56 10 95 21 66 29 71 63 10 50 81 42 27 86 32 26 72 89 39 88 58 80 62 66 75 57 67 72 11 65 69 45 57 99 72 65 65 91 56 67
19 56 66 50 29 10 88 10 18 71 28 14 19 66 34 85 29 75 37 48 95 51 16 30 79 95 81 69 60 62 10 45 64 62 45 73 23 87 39 23 25 11 59 61 90 54 61 44 50 55 45 91 98 18 47 82 95 80 46 76 91 40 35 89 59 97 19 88 83 65 10 0 63 60 72 23 30 62 84 84 69 93 27 74 49 78 39 71 15 94 91 35 28 32 11 35 35 28 96 93 70 24 15 75 12 12 92 75 13 39 42 24 97 45 72 71 50 75 84 65 81 42 92 40 88 56 70 62 27 56
56 21 40 56 31 82 94 52 48 15 33 22 37 76 71 79 78 55 15 15 13 28 70 42 41 56 92 14 72 90 57 91 64 77 27 97 47 63 68 42 11 91 77 25 97 40 24 76 77 88 95 25 70 61 19 69 34 44 67 82 82 36 16 39 72 34 65 86 57 36 30 63 0 75 24 84 61 20 14 68 16 73 73 87 31 88 37 58 14 96 31 15 63 24 92 82 27 77 76 12 75 99 50 55 75 50 90 64 12 77 15 92 96 17 95 16 42 41 59 25 80 90 35 40 86 45 69 76 87 44
38 90 78 18 41 44 46 44 87 50 34 87 97 96 49 93 49 10 61 75 50 66 82 15 42 52 61 29 14 98 12 97 55 14 46 25 72 53 95 80 21 45 29 91 13 87 76 70 24 91 11 74 91 18 96 45 77 32 30 37 15 15 49 17 84 59 40 42 43 28 77 60 75 0 15 92 93 89 16 63 23 82 54 11 64 40 92 55 67 12 21 49 19 21 43 54 32 92 83 32 13 25 48 82 14 37 10 63 57 76 59 12 95 50 39 63 88 78 33 88 20 44 68 68 33 21 91 58 82 27
86 98 77 98 16 14 45 79 92 59 27 95 61 47 53 27 39 41 38 17 53 96 52 46 21 11 79 49 50 49 13 74 84 28 66 21 27 76 22 23 97 81 33 50 96 21 37 95 53 73 82 15 81 24 46 53 65 19 65 69 21 62 72 73 39 22 34 49 40 22 36 72 24 15 0 18 48 46 43 76 53 51 68 48 47 77 34 80 83 51 11 21 52 32 86 46 93 73 55 57 92 28 45 50 93 18 56 42 23 75 75 91 47 56 61 47 97 89 95 26 49 12 67 97 12 20 82 74 20 88
26 98 54 47 28 54 28 37 48 68 51 34 43 14 11 55 73 92 83 12 42 37 52 15 16 79 58 42 53 84 20 98 62 40 51 55 38 74 46 21 48 49 67 97 38 72 76 37 71 82 92 16 31 49 20 72 87 37 24 32 55 96 48 29 33 36 41 89 93 32 94 23 84 92 18 0 39 61 37 93 16 95 68 28 74 75 22 60 30 55 57 26 42 22 19 45 12 38 93 59 96 12 65 95 16 28 14 31 81 79 34 87 86 81 88 67 29 28 66 57 38 97 65 65 30 82 63 81 51 95
78 42 76 89 10 53 24 84 42 17 33 30 86 17 47 42 67 61 29 67 30 41 12 88 72 21 20 46 87 69 27 74 61 26 86 80 14 15 46 79 78 63 66 53 42 63 24 54 51 23 19 37 71 70 25 96 62 26 59 68 14 79 14 32 81 73 86 47 90 97 64 30 61 93 48 39 0 91 28 26 79 87 79 17 69 23 60 25 97 82 91 88 67 57 65 93 73 52 93 32 54 62 87 60 35 50 91 94 42 47 56 10 32 98 61 62 66 63 77 78 35 20 86 34 12 43 98 97 14 57
80 99 15 61 26 38 22 66 51 32 99 52 60 73 20 44 23 14 83 36 35 74 36 30 59 72 89 20 79 16 23 66 44 33 11 14 81 78 94 33 94 15 39 35 19 48 10 68 89 49 22 58 33 30 41 67 66 75 48 15 82 31 16 63 29 81 52 10 53 23 27 62 20 89 46 61 91 0 23 97 58 19 58 47 60 61 49 38 34 39 22 73 69 80 24 45 97 43 63 60 26 18 30 75 72 49 74 99 61 32 11 30 30 45 64 89 67 92 78 34 46 39 80 65 25 13 55 63 23 93
41 45 58 20 74 15 82 46 57 71 23 28 38 77 46 91 87 91 18 36 67 19 54 84 34 15 71 27 38 90 88 35 76 65 44 75 10 21 53 54 71 41 26 67 12 40 14 47 84 64 50 18 74 10 69 83 68 69 93 42 43 56 14 23 55 93 67 11 84 49 63 84 14 16 43 37 28 23 0 17 84 66 18 81 41 46 83 38 33 51 33 37 50 80 68 83 40 29 51 98 56 70 37 13 95 12 60 19 23 16 71 21 57 15 14 93 71 60 90 12 37 66 23 58 63 43 68 13 20 30
95 71 18 69 75 85 58 58 53 69 74 35 18 90 71 46 10 82 21 87 25 51 93 77 82 10 76 38 39 95 30 47 42 31 46 33 55 80 61 99 96 68 98 72 96 90 35 11 65 11 30 60 57 94 70 92 46 61 44 71 89 35 18 85 24 79 28 90 54 30 94 84 68 63 76 93 26 97 17 0 35 29 77 41 41 28 59 70 55 52 76 71 75 55 11 69 48 97 35 90 80 72 22 53 51 24 27 75 77 19 98 34 14 94 52 58 60 83 82 67 25 76 54 87 79 48 52 23 36 76
74 91 13 52 78 26 63 60 45 91 60 13 85 48 20 81 25 70 92 54 11 27 14 30 92 17 79 86 34 89 51 71 92 32 62 39 36 11 60 35 55 32 70 98 57 42 28 85 28 58 49 89 22 32 14 45 14 36 28 23 46 41 12 22 44 85 33 61 37 27 73 69 16 23 53 16 79 58 84 35 0 57 27 50 76 13 74 21 50 96 67 17 33 48 30 24 42 57 45 91 27 84 95 99 68 18 80 14 74 71 71 83 28 51 18 46 68 76 68 58 99 29 37 18 55 49 59 42 49 92
33 17 76 55 29 65 54 87 82 86 62 72 98 36 60 43 33 49 34 49 40 25 21 48 90 77 23 47 50 22 29 22 47 54 26 57 25 27 56 12 23 44 33 33 51 13 56 20 36 16 18 81 39 74 96 38 92 98 28 70 67 80 55 21 93 66 97 29 28 72 41 93 73 82 51 95 87 19 66 29 57 0 82 37 47 15 13 42 19 54 71 50 21 51 74 33 58 83 64 82 63 87 74 82 96 72 73 11 77 27 58 70 74 12 44 41 95 34 29 44 83 67 27 38 57 79 74 86 66 74
30 26 64 21 11 14 12 35 15 90 15 82 17 80 91 97 46 32 70 84 11 14 23 97 45 48 48 32 45 55 82 62 50 32 37 26 62 46 47 10 36 53 12 37 87 15 29 63 18 72 59 87 39 41 10 58 57 11 43 11 14 56 63 10 82 73 38 55 88 47 23 27 73 54 68 68 79 58 18 77 27 82 0 80 21 80 56 99 71 71 64 34 63 67 52 14 77 36 58 84 50 91 63 88 84 64 75 37 87 77 41 10 23 17 71 58 65 43 79 66 17 15 95 30 62 52 65 21 58 26
51 23 56 67 41 37 13 43 98 10 50 33 16 50 74 37 97 85 17 79 61 37 38 64 52 22 70 83 95 66 60 22 29 96 40 46 42 15 82 29 92 63 28 94 33 99 81 38 45 84 40 87 17 43 92 68 85 84 67 57 89 83 24 85 33 90 15 43 28 80 69 74 87 11 48 28 17 47 81 41 50 37 80 0 35 87 42 30 33 52 53 10 60 70 12 70 38 29 53 99 94 69 25 89 52 37 49 16 84 74 71 30 48 84 76 22 50 38 29 73 39 33 22 97 50 30 94 38 91 10
78 25 48 78 61 56 76 31 42 34 28 12 27 24 84 55 16 98 85 34 22 30 63 64 31 54 74 33 82 44 50 58 66 61 95 90 25 39 97 39 83 13 21 23 28 45 51 93 17 63 61 26 41 80 46 19 71 18 54 74 50 92 53 97 21 78 80 48 21 11 30 49 31 64 47 74 69 60 41 41 76 47 21 35 0 87 42 99 54 94 69 93 46 47 16 58 31 44 51 85 64 68 85 12 65 39 99 66 20 70 51 68 52 75 33 38 39 47 43 30 37 87 85 45 61 26 35 67 28 31
90 46 72 18 71 66 30 25 13 87 48 11 36 33 25 85 64 19 48 43 62 71 17 69 81 65 66 30 25 86 47 23 35 52 30 35 66 63 99 63 95 77 18 78 55 66 87 69 61 55 97 25 81 11 75 32 19 46 27 39 88 80 56 85 36 18 78 44 75 25 39 78 88 40 77 75 23 61 46 28 13 15 80 87 87 0 45 31 65 13 22 92 82 27 39 20 48 50 42 13 79 55 54 34 28 17 34 93 50 29 42 70 99 31 84 82 85 19 75 82 61 89 15 82 58 12 25 54 96 25
71 19 15 74 90 19 91 75 66 67 29 66 99 77 15 71 35 89 92 46 41 73 75 44 74 28 35 48 45 41 31 89 58 66 49 50 64 40 27 50 17 30 48 12 89 82 54 97 87 42 33 63 81 33 46 76 97 46 31 87 38 67 26 58 83 23 89 93 63 79 17 39 37 92 34 22 60 49 83 59 74 13 56 42 42 45 0 83 32 45 79 19 20 90 67 67 14 96 26 33 14 52 73 57 68 17 70 63 82 51 17 41 56 37 54 40 77 58 67 27 40 70 99 62 93 41 53 84 53 92
13 77 78 58 29 98 27 32 67 92 37 42 67 91 19 65 52 98 12 60 61 56 85 11 69 59 69 76 71 38 59 97 59 75 67 67 11 11 40 82 23 38 66 37 66 92 22 50 55 74 69 42 24 78 23 86 39 66 60 39 17 90 96 47 11 38 54 11 35 23 60 71 58 55 80 60 25 38 38 70 21 42 99 30 99 31 83 0 20 80 92 72 96 48 43 55 51 42 13 17 95 40 88 24 53 38 40 83 25 82 71 27 14 26 92 43 45 66 58 19 41 99 26 97 39 25 41 50 71 21
77 26 66 99 39 84 72 83 69 67 86 38 81 80 80 71 76 60 78 21 48 60 78 86 31 24 40 22 89 56 72 64 33 84 74 56 68 59 16 68 82 38 41 49 66 53 90 68 39 95 34 60 97 95 66 40 28 50 52 99 43 21 59 44 44 11 36 29 31 99 17 15 14 67 83 30 97 34 33 55 50 19 71 33 54 65 32 20 0 86 21 51 40 29 60 23 36 65 35 15 49 65 35 85 20 29 37 78 44 40 47 80 57 56 32 79 29 65 76 71 61 52 28 79 39 76 36 23 55 92
80 21 88 88 96 80 98 11 21 29 12 31 69 49 66 60 78 61 16 14 35 26 36 76 94 51 11 78 74 99 97 85 91 25 49 25 34 81 21 73 75 38 41 93 19 38 54 27 72 72 61 82 71 48 92 94 32 31 30 29 17 68 25 58 37 79 39 53 68 49 38 94 96 12 51 55 82 39 51 52 96 54 71 52 94 13 45 80 86 0 28 75 56 66 53 35 51 64 99 50 54 24 80 24 22 14 69 99 22 90 36 50 71 42 22 49 10 26 15 69 46 64 43 85 66 32 92 49 55 26
22 19 57 88 83 76 63 97 34 81 67 11 75 73 56 24 45 82 94 47 50 12 50 53 65 59 35 94 18 22 43 64 81 86 25 95 32 65 96 55 76 57 23 37 96 16 12 77 47 11 56 82 90 25 83 38 21 11 65 58 54 57 51 78 40 43 78 22 80 79 56 91 31 21 11 57 91 22 33 76 67 71 64 53 69 22 79 92 21 28 0 40 60 50 78 94 91 77 68 84 32 84 74 59 34 83 49 61 68 97 19 70 66 84 30 84 86 74 92 18 71 65 80 65 90 20 36 74 82 79
31 42 43 20 73 53 60 31 14 78 51 69 22 86 86 80 86 53 28 25 79 22 76 85 58 33 52 34 57 28 80 93 94 98 11 93 99 27 35 56 35 33 56 21 12 30 44 44 96 94 71 53 82 42 93 40 61 86 79 16 24 56 50 87 24 53 94 38 77 62 10 35 15 49 21 26 88 73 37 71 17 50 34 10 93 92 19 72 51 75 40 0 99 72 96 24 21 16 71 42 50 89 55 35 47 34 98 39 19 55 46 92 64 66 73 20 73 52 59 99 42 84 75 15 49 67 65 62 10 77
62 20 95 55 49 91 65 58 76 23 22 83 52 38 25 88 89 36 98 34 57 74 82 67 26 89 21 51 68 83 40 73 72 93 15 93 69 88 49 72 89 29 23 39 86 59 15 62 27 91 67 95 80 64 11 71 94 81 22 16 74 43 74 98 99 26 10 84 69 95 95 28 63 19 52 42 67 69 50 75 33 21 63 60 46 82 20 96 40 56 60 99 0 80 19 73 80 82 35 92 23 24 32 63 62 22 88 56 96 30 10 83 43 16 19 67 26 88 63 97 17 42 42 86 81 49 98 93 79 71
45 51 23 80 59 79 14 28 27 70 43 40 47 64 26 30 81 19 43 64 24 44 36 33 25 28 54 71 53 59 91 65 20 15 51 53 65 49 91 51 55 92 45 66 26 73 64 65 96 14 48 59 36 14 39 87 81 98 35 27 98 16 28 18 46 57 71 97 89 58 21 32 24 21 32 22 57 80 80 55 48 51 67 70 47 27 90 48 29 66 50 72 80 0 17 48 84 34 95 96 10 32 91 69 65 45 83 60 81 84 62 20 79 82 83 25 66 60 59 76 19 81 51 16 12 97 47 86 33 70
84 16 32 32 53 63 47 91 32 72 63 45 33 63 44 91 23 91 38 35 35 41 77 40 33 44 23 26 77 48 13 31 71 19 79 29 16 62 90 66 52 29 27 59 32 96 72 61 55 95 28 46 89 31 52 77 92 50 47 91 51 45 92 69 80 23 26 14 54 37 66 11 92 43 86 19 65 24 68 11 30 74 52 12 16 39 67 43 60 53 78 96 19 17 0 21 16 67 82 16 73 51 48 35 37 32 16 76 76 20 24 68 93 85 78 12 76 60 55 37 89 25 16 31 14 75 45 48 17 78
20 99 73 66 37 40 98 66 35 11 64 56 94 37 71 41 60 43 84 58 20 49 63 69 57 48 84 54 64 12 19 29 77 48 18 58 35 44 86 62 40 81 37 28 58 21 51 31 73 19 17 96 98 14 89 93 18 10 76 88 30 96 73 82 42 95 33 62 78 24 29 35 82 54 46 45 93 45 83 69 24 33 14 70 58 20 67 55 23 35 94 24 73 48 21 0 50 63 35 14 23 10 25 90 31 37 75 82 76 30 95 10 44 90 73 61 46 56 59 68 91 66 38 42 82 73 61 44 66 77
49 49 97 50 41 17 36 39 18 21 14 23 75 97 61 54 49 91 88 56 19 53 44 82 80 70 61 49 60 72 21 92 47 53 49 53 36 13 28 48 12 22 59 31 57 35 45 62 89 97 22 33 88 29 14 16 69 65 34 66 50 81 63 70 82 90 57 98 38 69 71 35 27 32 93 12 73 97 40 48 42 58 77 38 31 48 14 51 36 51 91 21 80 84 16 50 0 19 88 20 23 38 17 51 50 41 90 99 69 89 71 24 53 22 39 10 26 89 16 20 88 26 72 93 96 96 99 43 39 64
83 12 48 53 35 42 41 99 10 34 85 45 21 19 81 60 65 96 88 40 62 81 42 48 60 94 15 62 20 91 31 71 76 88 35 47 38 29 18 82 89 58 57 80 72 58 76 34 62 68 80 34 37 17 29 79 69 88 94 63 59 11 48 13 77 44 96 82 65 15 63 28 77 92 73 38 52 43 29 97 57 83 36 29 44 50 96 42 65 64 77 16 82 34 67 63 19 0 63 65 78 51 44 88 69 87 95 45 30 25 19 72 57 21 86 53 15 98 48 23 27 71 38 48 99 33 64 83 19 94
36 34 56 66 60 45 90 61 95 91 95 87 28 20 15 92 40 59 94 89 51 63 99 32 59 11 77 67 87 13 64 96 64 46 85 37 26 60 45 86 83 62 74 66 45 51 98 52 65 70 98 19 66 68 74 81 69 16 58 90 15 56 86 28 23 54 41 43 33 47 10 96 76 83 55 93 93 63 51 35 45 64 58 53 51 42 26 13 35 99 68 71 35 95 82 35 88 63 0 63 21 98 78 15 85 10 43 49 78 25 79 16 63 41 89 82 69 99 80 90 94 13 31 32 24 20 56 25 11 97
73 99 40 61 35 40 80 68 76 36 62 98 62 70 38 18 53 26 32 56 22 34 88 22 82 33 81 88 16 68 35 48 48 52 38 85 89 36 91 86 95 23 40 62 54 31 77 94 74 31 89 72 49 33 30 18 73 38 24 32 13 52 77 27 42 64 58 63 89 12 50 93 12 32 57 59 32 60 98 90 91 82 84 99 85 13 33 17 15 50 84 42 92 96 16 14 20 65 63 0 70 20 46 71 78 31 54 99 52 13 44 89 28 27 95 66 40 93 79 21 35 72 98 74 99 52 56 74 15 37
89 31 75 18 20 98 40 11 74 34 56 95 30 42 32 50 46 20 82 40 45 60 97 50 10 56 66 76 80 79 86 66 86 15 84 93 59 81 83 99 36 45 10 48 29 29 35 26 21 46 93 90 44 48 86 52 38 21 27 53 39 45 43 16 71 70 76 27 99 36 81 70 75 13 92 96 54 26 56 80 27 63 50 94 64 79 14 95 49 54 32 50 23 10 73 23 23 78 21 70 0 46 35 56 27 99 94 32 99 61 50 40 76 87 11 98 16 65 12 24 41 62 30 35 41 19 20 25 18 92
61 82 62 75 19 86 88 82 47 15 25 29 68 86 64 76 99 83 72 59 11 46 35 10 55 62 70 52 25 93 86 28 26 16 44 72 58 81 34 65 30 98 78 49 78 86 13 40 12 96 39 38 31 83 49 11 60 16 31 80 55 57 55 60 21 76 55 30 21 68 42 24 99 25 28 12 62 18 70 72 84 87 91 69 68 55 52 40 65 24 84 89 24 32 51 10 38 51 98 20 46 0 72 60 34 41 97 49 37 32 38 85 54 20 58 49 36 91 17 32 17 60 23 15 47 57 82 88 35 22
41 47 60 69 14 86 42 21 12 71 54 49 68 90 36 90 74 87 55 68 12 78 34 51 78 94 76 81 67 84 52 61 87 98 45 83 25 24 91 10 72 41 52 98 18 26 38 45 60 21 27 58 73 36 41 66 18 40 71 12 36 68 79 16 51 32 47 35 96 82 27 15 50 48 45 65 87 30 37 22 95 74 63 25 85 54 73 88 35 80 74 55 32 91 48 25 17 44 78 46 35 72 0 49 97 26 33 64 31 39 24 38 74 62 79 36 93 36 12 87 58 87 91 41 50 92 98 91 92 39
59 70 44 52 94 57 51 21 68 79 70 65 52 35 14 71 24 14 56 32 21 63 89 88 80 91 38 64 27 67 50 27 96 72 93 32 99 34 99 44 57 44 73 58 88 27 93 57 14 65 75 16 88 37 20 46 57 19 94 41 44 33 48 80 42 42 91 60 84 71 86 75 55 82 50 95 60 75 13 53 99 82 88 89 12 34 57 24 85 24 59 35 63 69 35 90 51 88 15 71 56 60 49 0 69 76 53 68 71 62 92 77 54 38 31 97 63 55 98 54 52 87 62 62 41 46 39 79 35 41
12 86 55 99 52 26 35 42 66 16 93 39 54 16 52 33 75 55 73 35 26 76 28 65 43 81 14 85 62 31 57 83 46 15 64 45 82 48 43 88 47 67 69 72 11 86 61 77 66 72 85 63 59 90 49 38 83 69 45 69 62 85 35 95 85 28 72 23 13 33 32 12 75 14 93 16 35 72 95 51 68 96 84 52 65 28 68 53 20 22 34 47 62 65 37 31 50 69 85 78 27 34 97 69 0 18 80 64 45 29 29 82 13 32 43 61 14 25 68 83 19 46 17 10 99 78 30 87 71 74
51 89 21 25 29 71 36 23 22 50 13 30 29 53 50 38 83 91 26 65 23 14 37 83 76 27 19 39 53 87 10 80 68 42 97 83 35 77 91 24 17 40 42 78 53 58 94 30 32 50 19 50 98 73 84 21 89 78 84 63 33 57 12 38 49 40 10 55 35 61 26 12 50 37 18 28 50 49 12 24 18 72 64 37 39 17 17 38 29 14 83 34 22 45 32 37 41 87 10 31 99 41 26 76 18 0 76 82 58 61 70 37 40 99 83 16 92 33 77 71 21 49 94 12 59 11 22 79 30 95
51 76 18 31 69 57 95 25 65 22 52 84 93 19 37 98 75 48 10 28 53 36 86 46 70 33 35 10 33 29 45 99 56 56 33 40 94 54 16 35 90 91 56 33 27 38 98 87 91 80 54 93 97 10 64 33 61 70 25 30 76 90 22 24 97 63 24 29 61 29 72 92 90 10 56 14 91 74 60 27 80 73 75 49 99 34 70 40 37 69 49 98 88 83 16 75 90 95 43 54 94 97 33 53 80 76 0 38 33 80 14 48 59 25 80 86 61 71 45 54 38 71 16 77 51 42 66 85 38 89
53 74 36 61 21 25 93 81 67 62 34 59 87 53 90 60 48 35 29 43 73 60 41 41 82 19 27 23 56 19 60 62 25 84 73 23 43 66 17 91 57 48 18 60 65 23 78 84 79 27 21 26 27 27 19 27 68 80 89 22 13 64 70 97 90 36 36 12 72 88 89 75 64 63 42 31 94 99 19 75 14 11 37 16 66 93 63 83 78 99 61 39 56 60 76 82 99 45 49 99 32 49 64 68 64 82 38 0 63 77 29 59 18 77 88 56 36 36 93 71 58 62 60 84 73 70 85 36 78 89
26 79 54 84 33 54 11 84 99 85 70 31 52 86 69 58 27 47 49 66 86 61 81 86 96 97 52 28 46 68 76 73 41 30 93 84 76 13 48 34 62 51 61 29 68 83 38 12 47 35 12 35 93 56 73 20 40 58 61 19 54 67 10 41 50 19 32 13 67 46 39 13 12 57 23 81 42 61 23 77 74 77 87 84 20 50 82 25 44 22 68 19 96 81 76 76 69 30 78 52 99 37 31 71 45 58 33 63 0 93 64 12 32 14 34 24 48 96 54 68 17 26 93 67 57 68 47 63 61 40
84 52 15 49 17 53 61 76 20 31 49 68 47 75 23 45 43 95 34 32 12 45 76 79 31 27 17 46 81 41 67 27 37 19 46 56 88 13 74 56 99 85 56 30 30 77 33 32 26 41 55 39 79 61 23 14 11 74 55 74 93 84 51 44 39 89 92 70 62 72 88 39 77 76 75 79 47 32 16 19 71 27 77 74 70 29 51 82 40 90 97 55 30 84 20 30 89 25 25 13 61 32 39 62 29 61 80 77 93 0 61 12 58 90 34 54 63 15 18 33 65 75 61 91 80 54 60 16 45 28
98 99 82 19 37 72 76 43 67 50 56 90 40 16 40 28 43 78 27 77 56 97 48 91 34 19 13 46 67 68 44 28 10 89 33 97 65 69 94 80 72 77 67 34 13 90 30 38 81 67 41 67 42 40 88 27 95 64 40 18 95 61 18 52 52 84 29 54 80 18 58 42 15 59 75 34 56 11 71 98 71 58 41 71 51 42 17 71 47 36 19 46 10 62 24 95 71 19 79 44 50 38 24 92 29 70 14 29 64 61 0 44 49 89 35 68 36 47 50 66 13 43 26 38 51 48 51 89 23 74
78 77 65 17 40 61 39 54 58 18 41 65 48 78 63 90 71 98 10 40 92 99 84 39 97 11 12 10 45 29 36 49 17 22 11 54 37 70 20 80 10 33 10 67 80 33 87 41 84 38 92 33 34 11 70 29 82 34 19 78 81 13 31 25 99 24 84 73 41 62 80 24 92 12 91 87 10 30 21 34 83 70 10 30 68 70 41 27 80 50 70 92 83 20 68 10 24 72 16 89 40 85 38 77 82 37 48 59 12 12 44 0 93 61 94 67 81 92 17 69 51 10 32 85 65 47 62 50 59 83
53 58 17 80 74 69 20 51 22 29 53 84 84 64 82 48 31 83 63 69 26 49 58 71 49 71 17 70 96 13 98 31 13 82 69 55 98 23 23 76 64 55 39 31 60 75 74 39 95 99 78 21 45 48 22 62 80 97 46 74 29 74 47 31 35 59 29 72 74 23 62 97 96 95 47 86 32 30 57 14 28 74 23 48 52 99 56 14 57 71 66 64 43 79 93 44 53 57 63 28 76 54 74 54 13 40 59 18 32 58 49 93 0 39 61 30 76 13 94 32 14 96 38 66 33 34 62 27 49 50
86 47 25 70 26 17 41 96 34 91 19 62 37 74 45 66 88 48 79 52 26 54 75 64 29 94 25 99 26 37 82 37 28 33 60 25 33 49 27 44 37 16 38 72 32 59 63 85 23 80 95 43 36 66 41 47 56 71 36 50 41 68 42 72 66 27 21 48 85 27 66 45 17 50 56 81 98 45 15 94 51 12 17 84 75 31 37 26 56 42 84 66 16 82 85 90 22 21 41 27 87 20 62 38 32 99 25 77 14 90 89 61 39 0 66 56 59 98 15 55 72 14 42 97 78 59 77 41 13 72
56 41 99 36 54 81 14 29 71 44 81 45 43 12 74 67 58 15 62 27 39 56 85 16 39 23 47 69 10 85 19 52 23 14 15 56 48 36 24 17 90 44 81 99 48 70 57 29 85 11 42 90 80 49 66 48 18 30 67 56 40 83 45 56 94 30 70 60 40 22 75 72 95 39 61 88 61 64 14 52 18 44 71 76 33 84 54 92 32 22 30 73 19 83 78 73 39 86 89 95 11 58 79 31 43 83 80 88 34 34 35 94 61 66 0 12 92 15 95 73 18 53 86 15 75 89 29 10 29 75
72 88 13 25 81 43 53 21 61 79 80 58 60 54 93 97 67 93 93 98 39 97 35 40 65 17 37 13 79 83 82 61 19 89 91 47 72 88 65 35 17 92 88 18 29 21 12 78 66 77 83 35 40 40 95 44 90 26 31 55 74 68 30 31 40 68 11 86 24 38 57 71 16 63 47 67 62 89 93 58 46 41 58 22 38 82 40 43 79 49 84 20 67 25 12 61 10 53 82 66 98 49 36 97 61 16 86 56 24 54 68 67 30 56 12 0 85 74 44 72 44 41 16 98 98 12 67 46 39 31
80 49 43 32 37 31 21 93 76 24 68 96 60 16 92 64 36 15 49 78 66 51 71 79 57 25 25 55 90 53 34 99 77 15 54 21 21 85 84 32 29 22 88 62 21 51 51 46 47 85 27 87 88 14 26 49 29 86 85 10 28 33 56 35 53 38 33 20 40 84 67 50 42 88 97 29 66 67 71 60 68 95 65 50 39 85 77 45 29 10 86 73 26 66 76 46 26 15 69 40 16 36 93 63 14 92 61 36 48 63 36 81 76 59 92 85 0 43 71 62 56 87 76 71 31 76 30 77 39 96
96 29 66 12 59 52 10 86 18 86 64 15 26 60 37 98 54 43 48 93 79 68 87 53 98 60 75 88 84 75 22 34 57 89 27 83 57 58 18 73 20 27 60 86 18 27 41 35 17 38 57 86 87 75 16 71 72 60 41 60 99 23 16 16 31 47 70 67 36 42 72 75 41 78 89 28 63 92 60 83 76 34 43 38 47 19 58 66 65 26 74 52 88 60 60 56 89 98 99 93 65 91 36 55 25 33 71 36 96 15 47 92 13 98 15 74 43 0 68 59 32 78 42 42 36 13 40 44 36 32
66 40 81 64 59 87 64 67 17 55 77 40 27 18 99 41 87 46 57 43 31 15 99 40 44 96 78 25 72 87 33 30 23 96 57 13 56 36 90 46 60 41 84 41 22 79 60 69 22 75 20 82 98 80 26 91 83 67 79 38 70 42 49 36 45 51 45 55 38 58 11 84 59 33 95 66 77 78 90 82 68 29 79 29 43 75 67 58 76 15 92 59 63 59 55 59 16 48 80 79 12 17 12 98 68 77 45 93 54 18 50 17 94 15 95 44 71 68 0 78 78 11 87 14 21 50 69 54 34 83
27 76 51 95 11 43 35 59 97 77 54 90 91 31 81 65 78 24 90 46 70 93 48 87 43 54 53 62 61 25 49 56 10 14 82 27 47 97 83 55 22 56 34 18 58 56 21 55 52 43 98 22 29 16 39 94 76 28 67 54 39 32 47 78 45 61 71 97 87 21 65 65 25 88 26 57 78 34 12 67 58 44 66 73 30 82 27 19 71 69 18 99 97 76 37 68 20 23 90 21 24 32 87 54 83 71 54 71 68 33 66 69 32 55 73 72 62 59 78 0 14 99 64 75 54 96 46 68 77 25
86 71 60 50 50 85 32 11 76 41 50 69 46 53 76 31 93 22 80 67 24 46 83 54 43 15 83 74 38 55 66 78 14 46 27 31 85 49 19 32 50 84 34 51 17 78 87 86 95 81 80 82 34 89 78 17 59 86 61 76 60 70 81 21 67 52 60 10 50 31 69 81 80 20 49 38 35 46 37 25 99 83 17 39 37 61 40 41 61 46 71 42 17 19 89 91 88 27 94 35 41 17 58 52 19 21 38 58 17 65 13 51 14 72 18 44 56 32 78 14 0 41 21 13 62 98 45 60 71 14
90 96 14 90 92 95 80 37 29 24 16 73 42 12 23 75 28 34 44 62 23 90 98 39 84 25 80 71 96 21 35 15 44 60 27 69 16 31 42 19 20 28 34 41 31 19 99 84 27 28 78 28 61 33 88 64 77 45 51 66 41 95 94 25 94 55 10 15 36 27 45 42 90 44 12 97 20 39 66 76 29 67 15 33 87 89 70 99 52 64 65 84 42 81 25 66 26 71 13 72 62 60 87 87 46 49 71 62 26 75 43 10 96 14 53 41 87 78 11 99 41 0 71 20 69 12 79 38 65 27
97 27 16 45 78 11 93 77 70 61 53 57 86 17 21 26 94 75 91 32 75 66 25 75 23 87 99 69 38 44 54 35 29 27 24 98 61 72 18 24 20 36 39 25 79 11 46 44 91 41 61 26 97 27 26 79 35 67 38 55 29 98 66 42 91 11 94 22 16 17 57 92 35 68 67 65 86 80 23 54 37 27 95 22 85 15 99 26 28 43 80 75 42 51 16 38 72 38 31 98 30 23 91 62 17 94 16 60 93 61 26 32 38 42 86 16 76 42 87 64 21 71 0 13 18 84 93 23 53 27
67 73 28 68 55 27 17 11 38 65 52 98 23 39 38 32 11 91 48 29 69 75 80 32 20 54 79 33 38 79 40 55 85 38 56 86 44 10 76 81 25 81 21 68 20 19 90 76 65 48 72 29 73 84 77 50 13 43 29 32 73 74 73 76 62 66 42 66 59 85 99 40 40 68 97 65 34 65 58 87 18 38 30 97 45 82 62 97 79 85 65 15 86 16 31 42 93 48 32 74 35 15 41 62 10 12 77 84 67 91 38 85 66 97 15 98 71 42 14 75 13 20 13 0 68 67 57 59 50 30
13 66 18 51 71 73 33 91 69 99 42 90 57 71 96 78 24 74 96 12 86 80 31 59 27 96 19 65 39 51 42 46 48 29 22 48 43 34 30 55 85 98 67 34 37 15 81 71 63 33 21 96 75 82 61 92 25 94 51 21 46 55 34 98 52 80 55 80 77 26 72 88 86 33 12 30 12 25 63 79 55 57 62 50 61 58 93 39 39 66 90 49 81 12 14 82 96 99 24 99 41 47 50 41 99 59 51 73 57 80 51 65 33 78 75 98 31 36 21 54 62 69 18 68 0 32 64 59 77 32
52 77 93 16 66 55 82 48 98 52 32 74 29 45 71 57 56 26 23 34 24 24 81 21 80 29 95 81 65 68 33 70 36 57 53 94 22 92 31 68 86 66 58 78 35 34 26 61 45 22 69 87 78 78 61 61 54 90 88 56 40 70 79 39 23 47 15 17 27 81 65 56 45 21 20 82 43 13 43 48 49 79 52 30 26 12 41 25 76 32 20 67 49 97 75 73 96 33 20 52 19 57 92 46 78 11 42 70 68 54 48 47 34 59 89 12 76 13 50 96 98 12 84 67 32 0 98 51 65 76
16 51 59 64 29 86 48 46 39 34 23 29 44 92 76 51 49 37 66 68 31 11 81 15 37 47 55 79 52 72 92 49 40 61 74 69 16 78 79 84 26 99 12 17 93 60 76 69 76 47 84 17 63 73 46 55 13 66 75 72 21 14 46 31 51 49 59 13 45 87 65 70 69 91 82 63 98 55 68 52 59 74 65 94 35 25 53 41 36 92 36 65 98 47 45 61 99 64 56 56 20 82 98 39 30 22 66 85 47 60 51 62 62 77 29 67 30 40 69 46 45 79 93 57 64 98 0 89 64 69
64 81 26 10 15 61 70 75 98 25 69 76 98 19 31 12 23 89 44 50 66 11 32 51 67 69 19 84 47 47 57 61 64 73 37 76 78 55 17 54 69 77 41 99 95 56 45 79 91 71 34 17 26 70 78 80 18 35 98 47 32 38 43 24 82 42 62 27 35 65 91 62 76 58 74 81 97 63 13 23 42 86 21 38 67 54 84 50 23 49 74 62 93 86 48 44 43 83 25 74 25 88 91 79 87 79 85 36 63 16 89 50 27 41 10 46 77 44 54 68 60 38 23 59 59 51 89 0 47 78
85 45 45 42 10 75 75 87 15 20 13 12 71 26 54 37 39 73 93 83 33 48 24 72 32 34 72 49 24 94 67 24 28 77 99 12 16 48 99 75 83 42 71 59 79 14 42 89 59 85 87 12 78 41 49 73 40 33 71 46 51 73 47 67 29 36 98 43 26 57 56 27 87 82 20 51 14 23 20 36 49 66 58 91 28 96 53 71 55 55 82 10 79 33 17 66 39 19 11 15 18 35 92 35 71 30 38 78 61 45 23 59 49 13 29 39 39 36 34 77 71 65 53 50 77 65 64 47 0 94
27 14 16 91 82 94 42 69 82 44 29 42 90 70 69 21 60 97 17 17 63 26 26 39 42 55 53 50 76 13 48 78 29 22 71 48 90 90 68 63 10 11 26 23 81 44 76 15 79 64 67 46 36 39 22 92 77 96 29 39 96 72 52 57 19 37 22 19 87 20 67 56 44 27 88 95 57 93 30 76 92 74 26 10 31 25 92 21 92 26 79 77 71 70 78 77 64 94 97 37 92 22 39 41 74 95 89 89 40 28 74 83 50 72 75 31 96 32 83 25 14 27 27 30 32 76 69 78 94 0