130
0 77 66 91 21 11 34 14 71 42 75 56 75 21 52 41 42 36 18 57 95 73 87 68 15 96 10 16 81 85 84 17 53 98 51 17 29 21 46 62 45 26 43 48 70 50 13 83 89 44 68 41 61 49 45 65 37 39 33 70 95 52 56 43 34 41 49 62 42 48 97 39 63 51 81 54 17 27 99 92 60 12 50 53 52 34 11 91 29 88 35 88 72 65 37 67 52 89 10 29 27 81 83 96 85 18 26 23 96 70 18 51 87 32 28 54 46 40 40 97 48 68 66 11 48 78 61 51 17 33
77 0 32 72 23 71 75 59 72 81 29 39 28 83 59 11 82 70 40 75 66 56 66 70 64 64 27 77 41 69 29 82 48 43 19 29 21 80 62 24 93 16 67 84 27 78 42 56 73 84 38 68 33 85 97 43 23 84 76 75 59 95 49 41 21 25 53 24 93 42 20 35 47 65 68 88 18 65 81 89 68 73 23 63 74 21 69 25 72 64 24 53 74 59 52 83 11 39 67 45 93 21 54 98 12 78 87 40 19 21 94 68 77 43 50 48 59 51 53 82 95 68 91 16 62 26 85 75 11 40
66 32 0 18 47 93 54 56 72 53 63 14 92 56 57 38 90 38 48 44 75 87 88 99 39 62 63 69 72 83 12 67 99 94 29 67 48 81 90 29 93 35 65 35 21 34 68 75 80 23 58 74 39 26 39 88 47 43 94 83 28 70 87 61 33 46 41 59 95 86 95 79 78 98 43 47 89 63 54 65 69 60 34 20 11 26 99 29 84 28 96 50 18 23 42 74 79 83 92 41 61 32 72 31 81 47 34 32 42 47 27 94 90 18 82 13 68 78 32 39 24 36 51 68 15 30 13 74 67 44
91 72 18 0 75 14 73 23 51 21 83 83 28 68 20 93 71 12 92 90 44 33 58 16 95 66 12 34 83 58 94 65 64 98 48 58 92 97 82 71 40 95 90 15 86 64 82 39 71 75 84 69 46 30 62 76 67 37 54 66 88 64 73 89 17 42 54 26 96 28 39 66 57 22 21 36 37 67 83 15 94 46 89 93 10 10 95 33 24 74 61 63 37 17 20 45 39 20 97 80 95 87 56 94 93 23 28 36 53 14 70 85 42 37 82 10 70 63 86 70 54 37 78 63 22 13 14 30 75 32
21 23 47 75 0 64 47 36 33 73 90 91 84 70 66 83 95 50 36 15 48 37 84 58 70 35 51 39 72 48 36 90 27 63 83 85 52 43 99 99 61 44 26 97 76 94 88 18 71 16 24 20 99 18 11 20 18 83 18 96 33 34 13 33 20 24 88 65 63 42 73 76 43 39 43 34 91 89 83 44 60 22 73 69 24 95 63 79 68 49 55 81 68 31 63 20 96 27 59 12 20 91 95 46 79 64 79 83 76 35 38 94 90 30 12 12 54 34 55 65 62 81 52 91 51 93 60 27 92 63
11 71 93 14 64 0 49 23 53 44 94 71 77 91 11 59 85 58 37 26 46 97 56 60 53 36 75 58 83 27 37 10 39 16 67 34 83 88 80 66 52 25 64 64 58 65 36 13 20 78 65 85 73 70 61 71 90 93 42 77 86 67 42 75 40 10 86 65 52 82 36 23 21 29 27 50 23 19 20 90 70 73 80 28 57 18 43 98 75 26 24 81 49 45 50 46 40 55 63 32 40 63 16 45 23 34 61 69 73 67 23 11 36 65 93 87 32 61 10 38 36 73 69 24 39 51 49 42 77 45
34 75 54 73 47 49 0 93 66 31 63 95 43 55 79 85 72 48 99 79 86 75 31 80 28 27 38 46 44 74 11 19 40 37 63 29 10 94 10 32 38 74 39 67 20 98 64 88 44 24 94 88 51 17 75 50 20 24 86 72 68 15 96 34 76 87 84 46 86 41 81 27 53 91 15 54 67 32 32 35 64 98 19 29 57 11 94 88 10 74 56 89 65 36 21 21 36 12 90 42 66 18 73 16 25 31 84 66 85 89 93 61 88 28 44 92 48 46 54 74 73 96 28 55 16 32 43 79 36 91
14 59 56 23 36 23 93 0 20 90 59 21 98 90 13 75 33 73 92 15 75 82 77 56 48 72 49 72 97 69 56 53 18 69 57 16 80 35 43 75 85 53 66 30 29 73 33 18 15 94 19 12 50 37 54 95 30 39 80 94 27 81 30 17 71 76 42 32 20 20 28 85 77 44 83 29 46 22 45 15 72 59 53 69 74 71 26 50 17 12 58 99 56 34 95 35 49 92 51 52 79 60 22 85 36 78 18 37 38 20 54 32 84 19 76 49 98 58 85 43 82 82 11 99 22 48 26 77 33 71
71 72 72 51 33 53 66 20 0 11 89 54 95 70 34 94 88 47 75 64 67 32 48 41 46 53 95 18 58 55 33 53 47 93 29 17 31 69 16 39 51 40 23 97 45 32 85 51 83 59 42 90 92 71 58 34 55 21 89 29 77 13 92 23 67 38 96 54 59 28 41 41 50 63 11 94 99 92 78 93 53 70 40 71 80 61 80 17 35 19 36 88 47 39 25 86 79 96 94 60 68 64 18 43 82 80 96 64 88 20 85 20 63 27 71 69 10 38 86 89 65 48 12 39 26 99 26 54 58 50
42 81 53 21 73 44 31 90 11 0 40 21 18 48 99 89 85 58 11 74 44 24 77 89 58 50 19 65 77 75 24 37 76 30 42 70 76 45 64 12 30 53 69 92 86 71 34 85 63 95 38 82 32 63 85 81 28 19 54 96 67 68 87 11 58 12 25 71 61 58 75 34 33 69 26 25 23 87 80 96 69 14 54 96 25 24 78 52 57 57 71 49 58 23 61 69 99 98 72 99 19 79 93 34 13 84 18 82 79 61 87 98 92 80 48 29 33 74 77 49 52 67 84 38 77 17 32 76 77 63
75 29 63 83 90 94 63 59 89 40 0 24 92 82 74 78 91 50 68 94 93 56 78 68 69 16 11 68 53 99 39 29 94 84 67 44 98 82 27 53 66 94 82 64 11 57 61 15 56 28 77 41 52 87 13 35 83 91 59 86 70 10 90 31 14 70 51 63 46 85 89 17 99 31 92 33 80 92 23 64 23 54 67 63 31 94 62 86 82 81 23 26 61 79 69 71 26 77 42 38 37 27 78 13 39 25 18 38 16 38 64 14 52 48 23 14 45 86 42 15 33 41 67 60 51 44 77 84 16 11
56 39 14 83 91 71 95 21 54 21 24 0 40 86 49 66 55 57 94 12 37 84 95 48 42 77 86 95 61 23 82 62 54 30 83 10 52 83 64 22 25 90 86 33 49 27 53 25 89 44 92 26 55 72 31 73 95 43 19 71 60 69 48 90 34 93 78 86 69 61 38 12 40 72 81 95 57 97 90 88 88 56 86 70 87 49 90 85 96 93 15 81 83 15 49 99 82 21 95 12 91 76 57 51 53 13 95 45 38 28 63 84 38 15 27 93 17 26 57 76 91 88 16 48 48 79 29 29 52 39
75 28 92 28 84 77 43 98 95 18 92 40 0 77 58 95 15 54 68 21 14 16 76 63 65 64 68 12 54 70 24 45 93 34 71 52 21 81 23 42 64 99 71 97 81 14 29 57 39 69 50 92 39 39 55 49 79 94 78 91 29 65 82 50 43 91 15 71 35 56 42 99 25 39 66 93 52 44 63 40 30 72 18 72 53 93 63 39 31 60 78 68 63 68 12 20 51 12 16 37 81 57 59 12 29 87 10 43 56 82 70 49 31 40 39 65 65 39 90 84 60 20 65 78 78 61 13 51 69 23
21 83 56 68 70 91 55 90 70 48 82 86 77 0 68 57 22 38 99 96 58 15 22 66 36 34 58 13 88 90 70 46 60 33 16 72 56 13 76 95 47 75 99 35 99 54 61 27 11 57 91 92 79 91 66 32 43 96 54 41 93 60 37 58 41 17 40 66 88 77 84 77 26 20 40 45 88 41 80 40 47 21 25 40 65 78 65 88 39 71 48 49 57 89 42 63 33 62 42 25 20 96 95 88 33 64 10 85 10 37 11 42 28 52 27 31 33 96 72 43 74 82 98 93 50 39 36 16 67 43
52 59 57 20 66 11 79 13 34 99 74 49 58 68 0 29 21 73 30 33 28 47 52 20 22 56 97 60 32 37 91 93 78 10 54 95 67 95 62 85 24 95 54 56 93 33 66 13 86 97 90 97 14 12 79 70 80 25 25 95 83 20 19 91 25 85 42 90 32 84 50 80 90 93 85 93 36 31 14 73 11 50 66 66 63 49 53 76 24 42 95 29 77 85 89 30 46 88 36 83 48 53 82 15 35 81 51 76 86 73 86 69 72 26 78 62 73 90 86 49 62 70 79 78 50 96 25 46 83 36
41 11 38 93 83 59 85 75 94 89 78 66 95 57 29 0 69 76 18 40 94 21 21 42 83 12 90 24 29 66 70 56 86 95 45 72 44 27 53 13 64 55 34 69 84 62 53 50 15 14 19 34 25 22 20 95 16 29 81 72 19 44 55 47 92 40 72 84 49 99 93 77 37 97 78 25 93 13 47 24 74 18 66 72 64 25 60 66 30 53 30 10 83 72 61 80 90 23 35 45 12 84 43 13 82 14 91 15 11 25 38 29 23 60 97 84 81 73 84 18 52 61 34 75 77 55 10 54 11 17
42 82 90 71 95 85 72 33 88 85 91 55 15 22 21 69 0 35 84 71 38 35 21 14 69 10 25 33 75 89 66 29 28 64 23 25 14 44 55 63 51 54 27 73 92 60 74 80 41 73 55 13 13 53 80 80 44 65 42 67 37 19 53 94 68 90 70 71 73 89 29 95 68 11 46 52 28 86 67 15 49 15 16 96 71 67 84 85 29 23 87 61 90 77 46 30 34 99 64 18 97 10 27 35 27 40 17 43 75 73 77 79 67 82 33 88 35 10 85 62 25 95 64 36 61 79 92 25 56 99
36 70 38 12 50 58 48 73 47 58 50 57 54 38 73 76 35 0 50 11 42 62 38 63 83 60 63 82 18 57 10 44 42 38 67 26 97 17 64 97 88 43 96 79 17 88 45 46 88 23 98 98 22 90 24 50 80 90 33 90 28 17 17 53 43 78 48 65 29 96 41 96 48 97 61 99 87 25 74 40 15 66 14 19 51 25 98 67 50 75 66 86 67 39 27 52 86 78 53 87 18 20 44 88 73 37 71 20 85 17 33 31 91 90 55 31 97 61 60 88 96 15 61 87 36 45 81 97 71 67
18 40 48 92 36 37 99 92 75 11 68 94 68 99 30 18 84 50 0 49 49 62 25 78 62 94 14 40 48 94 99 36 17 97 79 51 30 80 22 35 39 71 49 28 39 28 20 54 42 67 78 40 97 11 72 20 93 57 81 23 43 38 88 40 89 24 86 85 90 47 62 42 53 80 70 88 96 85 57 90 99 81 41 47 71 86 94 14 61 18 27 34 40 18 68 14 42 56 36 13 66 87 16 64 19 85 88 36 30 84 34 70 41 74 94 54 90 21 65 55 54 51 79 55 19 35 67 16 20 96
57 75 44 90 15 26 79 15 64 74 94 12 21 96 33 40 71 11 49 0 13 57 65 28 91 20 20 21 76 16 14 55 21 22 42 96 88 28 42 70 67 76 71 94 11 60 54 88 74 69 81 54 24 52 13 52 95 37 17 27 29 60 82 73 23 88 38 39 99 38 92 90 54 86 10 64 32 83 21 92 40 90 49 24 56 96 16 71 62 47 21 83 52 50 94 30 43 59 53 19 85 67 45 13 73 81 42 61 32 22 58 27 22 85 60 90 13 60 62 82 23 69 54 52 69 17 49 34 19 33
95 66 75 44 48 46 86 75 67 44 93 37 14 58 28 94 38 42 49 13 0 53 69 24 35 92 54 51 10 19 59 28 64 14 97 94 51 60 79 59 20 22 17 88 89 60 79 31 18 67 75 39 32 91 34 78 99 73 66 48 85 67 34 43 18 36 73 82 84 20 34 38 10 67 16 22 60 72 15 28 19 13 78 30 60 50 81 55 36 77 74 36 66 89 52 59 39 74 46 92 47 92 40 49 88 35 23 47 36 31 52 82 11 96 22 57 51 14 19 80 12 72 27 85 37 40 68 23 15 40
73 56 87 33 37 97 75 82 32 24 56 84 16 15 47 21 35 62 62 57 53 0 20 92 15 23 51 86 52 47 22 59 84 22 98 26 48 29 71 22 31 31 26 55 56 89 18 73 44 34 99 79 69 44 33 95 39 33 18 56 26 82 83 91 15 13 66 19 85 92 88 14 29 74 47 53 78 48 64 69 19 55 69 58 16 74 98 11 99 30 86 66 75 73 64 70 85 72 70 66 70 96 71 21 46 52 89 28 82 14 82 98 53 21 14 75 95 92 43 64 46 51 66 81 96 32 14 90 86 83
87 66 88 58 84 56 31 77 48 77 78 95 76 22 52 21 21 38 25 65 69 20 0 17 13 55 66 48 46 33 39 29 28 45 25 51 99 54 42 27 61 13 77 77 55 87 57 78 18 38 34 40 33 50 78 87 88 15 67 22 92 97 61 18 35 31 48 56 99 52 90 47 93 81 15 70 60 60 91 35 14 95 97 66 79 85 11 20 52 62 28 42 35 61 66 54 82 26 10 68 12 39 26 66 38 25 65 31 34 54 69 42 73 51 88 12 23 38 98 30 37 67 62 34 32 40 34 54 72 71
68 70 99 16 58 60 80 56 41 89 68 48 63 66 20 42 14 63 78 28 24 92 17 0 36 95 84 47 81 40 85 12 76 47 42 12 10 27 22 44 13 71 31 41 36 45 41 95 66 60 76 60 20 73 65 98 81 77 36 11 58 43 46 75 52 85 83 26 56 31 16 39 76 50 50 32 30 61 90 62 54 36 75 21 35 74 78 82 19 63 83 88 61 75 79 63 91 19 50 51 54 60 38 12 30 76 27 79 30 69 11 27 64 64 60 25 72 47 93 39 95 36 51 13 15 76 78 81 12 64
15 64 39 95 70 53 28 48 46 58 69 42 65 36 22 83 69 83 62 91 35 15 13 36 0 59 34 80 72 88 18 33 51 11 90 80 13 31 71 41 71 58 91 77 51 87 72 58 29 80 19 28 86 56 57 12 11 60 91 80 62 65 65 76 63 10 13 88 29 20 97 72 41 54 19 11 19 66 21 87 93 20 22 81 83 27 85 18 32 39 22 70 44 68 11 93 56 67 12 65 89 36 51 21 85 75 29 65 18 43 74 25 16 33 20 65 41 69 14 70 54 49 11 84 68 46 62 24 67 23
96 64 62 66 35 36 27 72 53 50 16 77 64 34 56 12 10 60 94 20 92 23 55 95 59 0 42 81 68 34 50 11 22 51 34 21 24 10 46 31 44 39 27 54 10 76 87 52 69 76 65 98 71 96 27 44 20 54 36 37 32 65 67 83 90 52 75 68 66 81 72 15 14 75 56 87 44 70 62 65 57 22 65 12 67 28 79 58 88 80 38 47 71 94 16 30 85 24 18 30 45 79 68 54 69 97 73 88 21 10 73 45 93 37 79 94 10 84 31 52 48 59 75 87 82 40 13 17 53 48
10 27 63 12 51 75 38 49 95 19 11 86 68 58 97 90 25 63 14 20 54 51 66 84 34 42 0 52 81 73 22 63 94 90 36 25 93 70 38 24 58 69 13 27 55 31 22 17 10 46 82 41 66 40 79 67 23 12 56 57 61 94 29 62 71 58 57 62 83 75 82 17 12 47 72 11 25 87 75 47 49 96 87 30 14 39 14 56 30 67 60 76 45 24 77 71 58 82 24 44 78 68 43 54 21 53 80 88 21 38 26 67 60 19 21 86 46 77 71 20 90 65 59 54 61 60 90 95 98 64
16 77 69 34 39 58 46 72 18 65 68 95 12 13 60 24 33 82 40 21 51 86 48 47 80 81 52 0 69 69 36 11 46 70 69 52 96 52 82 70 58 17 10 29 16 22 33 82 91 39 71 80 19 71 69 25 71 12 26 28 87 61 57 86 61 77 56 45 79 55 42 79 56 90 11 46 71 48 61 14 68 76 95 51 48 21 67 66 66 93 30 70 23 21 54 56 91 70 81 87 17 70 93 47 82 32 47 77 94 75 16 68 89 38 47 64 34 85 27 91 75 72 90 73 99 89 31 67 91 81
81 41 72 83 72 83 44 97 58 77 53 61 54 88 32 29 75 18 48 76 10 52 46 81 72 68 81 69 0 68 98 15 16 39 45 62 22 55 26 70 32 61 70 93 21 92 99 84 92 27 57 82 74 99 63 74 14 92 97 22 46 30 46 40 74 51 35 86 91 24 68 40 70 77 98 55 77 77 36 30 16 15 38 77 26 67 90 40 31 95 66 30 66 94 66 70 85 37 91 23 78 39 17 46 83 19 74 78 15 44 13 32 15 84 85 94 84 69 72 19 38 28 74 32 47 29 60 82 85 35
85 69 83 58 48 27 74 69 55 75 99 23 70 90 37 66 89 57 94 16 19 47 33 40 88 34 73 69 68 0 40 63 72 61 27 68 68 64 94 49 46 40 70 12 42 38 68 57 51 98 47 92 81 79 34 68 27 23 53 68 76 90 70 74 13 83 43 22 57 84 23 82 33 25 64 42 87 58 87 26 73 46 26 69 61 35 29 86 27 85 31 51 51 90 55 70 32 20 41 47 91 98 67 21 76 41 44 17 64 15 25 92 77 75 59 13 82 49 62 21 77 45 77 39 37 34 13 13 60 78
84 29 12 94 36 37 11 56 33 24 39 82 24 70 91 70 66 10 99 14 59 22 39 85 18 50 22 36 98 40 0 37 16 87 87 61 49 49 95 85 37 33 95 79 45 31 79 68 94 30 71 96 92 86 93 17 61 29 30 71 93 95 92 71 86 32 84 32 25 75 65 12 65 28 63 39 94 47 88 87 71 92 62 55 62 35 63 78 63 82 56 18 60 41 56 75 82 96 25 40 68 29 50 35 18 14 19 42 89 23 26 92 42 12 44 94 22 98 81 14 44 76 34 95 89 39 18 55 32 60
17 82 67 65 90 10 19 53 53 37 29 62 45 46 93 56 29 44 36 55 28 59 29 12 33 11 63 11 15 63 37 0 37 41 77 92 44 60 47 47 10 87 63 29 12 26 84 99 31 73 92 30 96 31 68 61 66 14 59 31 44 26 72 72 74 37 23 39 94 81 73 69 82 37 68 70 80 81 63 26 74 22 60 65 21 54 79 99 10 87 58 45 79 60 66 75 93 93 90 81 59 43 63 45 67 10 33 29 55 45 49 44 18 65 82 84 71 69 95 57 20 52 40 80 69 54 80 69 97 24
53 48 99 64 27 39 40 18 47 76 94 54 93 60 78 86 28 42 17 21 64 84 28 76 51 22 94 46 16 72 16 37 0 78 81 34 64 90 69 97 98 68 90 56 93 60 95 62 59 26 13 87 65 38 52 53 27 52 40 45 88 58 55 78 94 69 83 84 55 83 38 20 14 55 96 20 93 40 32 87 41 74 26 75 34 49 86 56 28 90 24 69 97 85 67 33 43 10 39 84 35 62 52 34 38 62 45 80 22 52 72 98 82 23 10 74 72 70 30 86 61 75 10 93 16 23 72 92 18 82
98 43 94 98 63 16 37 69 93 30 84 30 34 33 10 95 64 38 97 22 14 22 45 47 11 51 90 70 39 61 87 41 78 0 50 95 23 34 80 30 89 60 76 14 72 95 68 27 32 35 72 80 41 47 38 71 94 15 67 35 79 78 72 92 14 44 76 56 35 79 33 90 94 94 76 70 73 38 53 24 19 48 16 18 72 10 54 10 13 27 43 56 92 42 69 40 70 34 57 93 90 47 70 75 43 52 32 39 54 43 83 48 18 90 63 56 88 20 90 36 16 10 81 96 36 12 90 34 62 23
51 19 29 48 83 67 63 57 29 42 67 83 71 16 54 45 23 67 79 42 97 98 25 42 90 34 36 69 45 27 87 77 81 50 0 77 97 68 38 66 96 53 96 47 18 30 29 76 71 95 75 19 83 67 55 57 91 89 62 85 33 24 79 36 10 83 49 11 74 75 48 63 25 45 91 57 98 61 36 86 23 14 63 65 36 16 28 54 38 89 67 30 27 43 67 92 24 54 74 48 20 72 69 69 98 31 50 65 90 27 97 69 20 44 55 46 94 83 68 42 60 78 72 18 12 41 62 51 19 60
17 29 67 58 85 34 29 16 17 70 44 10 52 72 95 72 25 26 51 96 94 26 51 12 80 21 25 52 62 68 61 92 34 95 77 0 99 79 80 53 52 73 50 36 10 37 63 77 80 84 87 23 70 75 99 65 11 27 84 52 21 91 70 44 92 61 78 77 22 46 86 67 31 83 34 74 98 22 13 12 89 55 58 95 58 26 17 93 36 38 70 69 67 39 69 68 27 53 62 69 15 51 31 73 65 63 45 52 67 90 66 35 95 14 73 61 49 27 29 18 87 26 27 48 55 59 58 89 31 29
29 21 48 92 52 83 10 80 31 76 98 52 21 56 67 44 14 97 30 88 51 48 99 10 13 24 93 96 22 68 49 44 64 23 97 99 0 54 70 42 92 45 57 89 83 33 43 94 53 95 91 71 29 97 96 19 47 93 33 82 75 12 58 80 22 30 84 37 79 92 11 18 77 95 11 11 59 98 14 85 20 48 72 99 59 27 77 41 42 38 28 80 27 41 28 11 16 35 56 58 80 65 79 41 61 19 71 62 11 46 63 67 85 68 80 60 72 60 92 28 88 86 32 95 68 51 27 73 25 17
21 80 81 97 43 88 94 35 69 45 82 83 81 13 95 27 44 17 80 28 60 29 54 27 31 10 70 52 55 64 49 60 90 34 68 79 54 0 50 12 81 93 79 34 69 14 19 73 37 89 84 15 85 95 86 93 89 44 72 85 21 43 43 88 77 42 28 94 81 34 25 85 64 32 92 29 30 69 45 57 76 32 17 87 16 27 31 10 18 57 63 94 23 83 62 17 49 51 50 25 21 84 73 56 32 62 23 19 53 23 50 63 58 96 29 79 72 11 44 12 56 84 42 48 24 20 41 66 30 69
46 62 90 82 99 80 10 43 16 64 27 64 23 76 62 53 55 64 22 42 79 71 42 22 71 46 38 82 26 94 95 47 69 80 38 80 70 50 0 98 45 55 83 60 42 61 16 40 62 13 37 19 85 73 37 66 32 33 76 83 19 76 84 62 69 22 91 52 58 79 76 58 56 27 90 70 30 39 76 94 31 28 62 66 64 83 94 66 56 58 16 71 74 68 81 52 45 23 64 74 56 41 73 76 82 90 73 10 56 13 71 59 33 94 69 60 50 98 55 33 39 81 76 96 74 31 48 75 61 31
62 24 29 71 99 66 32 75 39 12 53 22 42 95 85 13 63 97 35 70 59 22 27 44 41 31 24 70 70 49 85 47 97 30 66 53 42 12 98 0 86 98 76 31 76 82 74 75 61 64 58 34 26 54 51 18 96 38 39 26 91 79 78 78 75 95 27 83 78 11 72 32 24 79 18 21 95 74 77 82 86 22 49 58 26 33 30 92 36 55 11 50 95 54 80 48 31 72 83 65 97 80 49 32 69 76 76 77 70 51 45 15 53 53 79 73 77 12 23 11 16 17 79 98 88 52 35 66 36 80
45 93 93 40 61 52 38 85 51 30 66 25 64 47 24 64 51 88 39 67 20 31 61 13 71 44 58 58 32 46 37 10 98 89 96 52 92 81 45 86 0 60 50 17 41 81 66 16 57 62 48 37 84 74 10 33 28 91 88 74 46 17 81 78 13 10 70 55 15 73 26 87 38 68 27 39 78 33 84 15 45 55 41 46 36 72 18 42 88 81 27 39 33 80 22 58 12 76 89 12 64 25 75 91 18 45 66 35 35 16 68 37 50 85 72 77 16 61 77 88 96 46 57 59 93 33 24 66 36 36
26 16 35 95 44 25 74 53 40 53 94 90 99 75 95 55 54 43 71 76 22 31 13 71 58 39 69 17 61 40 33 87 68 60 53 73 45 93 55 98 60 0 93 48 93 79 46 74 70 56 64 65 45 24 31 66 55 83 13 96 14 58 34 52 41 34 66 25 32 77 11 60 41 21 34 44 98 56 21 13 89 95 21 87 94 60 48 46 15 69 40 25 86 17 27 63 85 92 30 56 48 43 13 74 42 84 54 60 74 22 37 40 43 82 18 63 50 85 71 51 38 19 60 67 35 27 82 31 91 92
43 67 65 90 26 64 39 66 23 69 82 86 71 99 54 34 27 96 49 71 17 26 77 31 91 27 13 10 70 70 95 63 90 76 96 50 57 79 83 76 50 93 0 54 57 25 53 67 45 91 24 49 81 11 73 41 19 71 70 56 14 17 87 17 71 52 70 84 70 63 58 72 83 63 34 92 47 16 60 94 41 50 84 67 44 74 36 71 56 39 52 22 86 77 76 20 94 90 16 27 87 31 69 39 36 46 29 41 47 68 76 71 11 85 43 69 25 74 90 94 28 96 98 53 25 72 86 70 31 49
48 84 35 15 97 64 67 30 97 92 64 33 97 35 56 69 73 79 28 94 88 55 77 41 77 54 27 29 93 12 79 29 56 14 47 36 89 34 60 31 17 48 54 0 40 66 14 83 27 13 34 97 92 97 21 14 87 72 30 40 36 96 98 16 99 37 93 98 22 13 24 78 93 98 56 12 98 59 13 27 51 33 46 47 32 13 61 73 35 66 15 97 67 47 73 63 24 87 62 98 29 82 83 14 38 43 12 98 65 59 93 59 58 39 62 78 91 23 41 46 91 35 74 12 94 14 94 86 28 97
70 27 21 86 76 58 20 29 45 86 11 49 81 99 93 84 92 17 39 11 89 56 55 36 51 10 55 16 21 42 45 12 93 72 18 10 83 69 42 76 41 93 57 40 0 76 62 12 53 76 25 57 86 87 65 10 44 16 42 73 78 10 65 49 67 92 16 92 61 45 42 50 41 42 46 57 95 82 43 71 57 59 35 45 13 64 41 19 19 68 97 83 90 25 19 86 56 54 10 10 71 51 18 37 74 37 92 55 83 98 56 99 89 39 71 31 54 69 74 92 25 55 29 27 31 38 90 21 57 41
50 78 34 64 94 65 98 73 32 71 57 27 14 54 33 62 60 88 28 60 60 89 87 45 87 76 31 22 92 38 31 26 60 95 30 37 33 14 61 82 81 79 25 66 76 0 94 50 75 95 12 55 30 63 12 73 45 82 71 75 58 34 49 82 22 99 46 97 78 21 80 44 99 79 53 16 39 65 23 16 94 77 29 45 48 32 24 73 85 47 27 41 68 20 55 71 26 97 84 49 10 33 79 77 53 35 45 35 92 18 10 57 73 75 28 90 76 30 84 29 26 21 58 85 97 51 76 67 98 80
13 42 68 82 88 36 64 33 85 34 61 53 29 61 66 53 74 45 20 54 79 18 57 41 72 87 22 33 99 68 79 84 95 68 29 63 43 19 16 74 66 46 53 14 62 94 0 50 30 46 19 13 30 52 67 13 10 28 78 31 28 58 68 70 48 98 92 76 17 81 81 92 52 38 31 54 31 62 33 82 15 57 87 49 96 68 37 58 57 89 49 66 78 31 91 31 91 63 94 87 91 84 65 87 91 18 48 95 30 19 80 56 48 11 21 81 46 20 64 26 13 74 34 69 84 98 30 67 86 54
83 56 75 39 18 13 88 18 51 85 15 25 57 27 13 50 80 46 54 88 31 73 78 95 58 52 17 82 84 57 68 99 62 27 76 77 94 73 40 75 16 74 67 83 12 50 50 0 38 39 66 43 92 15 75 27 84 14 16 85 70 91 15 17 53 22 28 55 11 77 85 59 52 84 85 82 95 59 21 87 57 57 89 90 32 90 86 45 15 69 25 25 62 57 53 29 31 60 92 24 81 53 89 73 58 59 12 22 71 42 30 83 57 94 76 58 80 39 28 15 62 59 61 63 18 14 27 87 18 89
89 73 80 71 71 20 44 15 83 63 56 89 39 11 86 15 41 88 42 74 18 44 18 66 29 69 10 91 92 51 94 31 59 32 71 80 53 37 62 61 57 70 45 27 53 75 30 38 0 64 78 47 58 52 80 94 50 92 36 91 22 59 35 26 41 38 77 52 90 76 37 54 65 36 41 60 73 29 25 95 48 17 73 54 77 22 96 30 89 36 79 85 54 16 19 88 10 78 97 55 89 38 54 88 63 90 21 67 99 28 30 60 42 52 47 57 98 89 85 37 88 83 52 71 92 57 80 19 45 58
44 84 23 75 16 78 24 94 59 95 28 44 69 57 97 14 73 23 67 69 67 34 38 60 80 76 46 39 27 98 30 73 26 35 95 84 95 89 13 64 62 56 91 13 76 95 46 39 64 0 28 75 41 92 70 60 49 41 56 90 69 24 29 94 37 62 19 49 31 36 89 89 54 87 93 12 29 37 34 68 28 28 70 87 56 81 13 70 69 25 55 67 14 24 46 37 28 71 85 87 61 60 36 95 74 94 82 69 11 97 89 60 33 43 96 97 60 59 48 29 81 97 89 92 65 79 67 21 74 18
68 38 58 84 24 65 94 19 42 38 77 92 50 91 90 19 55 98 78 81 75 99 34 76 19 65 82 71 57 47 71 92 13 72 75 87 91 84 37 58 48 64 24 34 25 12 19 66 78 28 0 40 77 65 58 32 96 46 76 14 90 37 97 54 88 22 70 35 85 65 43 98 54 42 97 72 42 13 24 44 51 80 78 22 20 19 47 28 97 54 99 14 79 70 15 11 63 10 12 71 48 11 29 58 35 96 66 20 97 55 91 28 88 15 57 59 50 47 26 28 76 63 53 70 15 20 42 88 49 22
41 68 74 69 20 85 88 12 90 82 41 26 92 92 97 34 13 98 40 54 39 79 40 60 28 98 41 80 82 92 96 30 87 80 19 23 71 15 19 34 37 65 49 97 57 55 13 43 47 75 40 0 90 94 31 47 62 97 93 51 48 78 59 30 34 20 28 70 61 67 28 10 30 17 79 62 52 85 79 63 38 68 10 91 16 52 39 37 13 46 11 68 52 78 74 62 83 30 12 46 77 97 94 79 43 18 79 63 96 20 84 57 52 25 12 38 63 27 20 77 12 29 47 22 25 14 56 75 88 81
61 33 39 46 99 73 51 50 92 32 52 55 39 79 14 25 13 22 97 24 32 69 33 20 86 71 66 19 74 81 92 96 65 41 83 70 29 85 85 26 84 45 81 92 86 30 30 92 58 41 77 90 0 50 22 75 56 69 64 26 27 46 60 43 34 37 78 98 76 74 57 67 82 49 49 95 40 40 96 84 35 67 41 86 32 84 38 54 31 57 90 18 76 97 89 62 85 74 77 97 38 95 94 80 96 71 39 47 25 66 76 84 45 67 28 97 15 28 67 63 63 55 31 13 10 56 73 22 84 18
49 85 26 30 18 70 17 37 71 63 87 72 39 91 12 22 53 90 11 52 91 44 50 73 56 96 40 71 99 79 86 31 38 47 67 75 97 95 73 54 74 24 11 97 87 63 52 15 52 92 65 94 50 0 28 31 32 95 10 70 20 22 98 20 47 97 25 95 96 10 48 91 12 51 77 27 43 47 41 80 56 78 83 98 82 77 76 47 63 73 25 85 38 47 99 63 60 17 77 99 68 37 19 49 43 27 10 66 98 56 29 30 66 30 99 69 10 31 40 99 10 17 59 12 39 14 10 30 46 50
45 97 39 62 11 61 75 54 58 85 13 31 55 66 79 20 80 24 72 13 34 33 78 65 57 27 79 69 63 34 93 68 52 38 55 99 96 86 37 51 10 31 73 21 65 12 67 75 80 70 58 31 22 28 0 25 61 30 16 84 15 55 63 14 21 36 37 97 24 41 63 49 90 18 75 85 25 90 25 80 11 45 99 50 63 64 55 91 58 32 54 82 20 40 62 36 77 58 69 90 61 35 97 98 62 82 96 98 41 32 81 92 17 60 16 56 85 45 95 50 50 92 74 25 49 18 94 68 66 48
65 43 88 76 20 71 50 95 34 81 35 73 49 32 70 95 80 50 20 52 78 95 87 98 12 44 67 25 74 68 17 61 53 71 57 65 19 93 66 18 33 66 41 14 10 73 13 27 94 60 32 47 75 31 25 0 98 27 58 28 56 73 13 45 86 62 79 79 68 74 44 61 86 54 77 54 48 97 64 49 86 72 64 25 75 18 83 37 55 58 96 97 74 21 56 10 39 97 31 42 84 72 36 10 34 18 23 23 13 57 94 91 12 70 28 56 51 27 48 44 59 56 82 79 70 21 87 31 19 85
37 23 47 67 18 90 20 30 55 28 83 95 79 43 80 16 44 80 93 95 99 39 88 81 11 20 23 71 14 27 61 66 27 94 91 11 47 89 32 96 28 55 19 87 44 45 10 84 50 49 96 62 56 32 61 98 0 12 11 48 86 25 87 38 50 32 32 40 36 73 59 37 23 56 14 26 82 96 66 21 56 78 16 45 92 61 70 84 35 31 87 17 85 89 73 27 53 12 52 92 27 92 49 80 69 71 99 73 95 17 75 18 48 20 75 61 89 77 36 25 92 87 20 21 48 14 55 15 49 24
39 84 43 37 83 93 24 39 21 19 91 43 94 96 25 29 65 90 57 37 73 33 15 77 60 54 12 12 92 23 29 14 52 15 89 27 93 44 33 38 91 83 71 72 16 82 28 14 92 41 46 97 69 95 30 27 12 0 26 40 32 84 90 40 65 58 22 68 68 81 96 50 15 10 53 83 70 10 18 77 43 53 72 96 59 97 68 74 17 69 85 39 46 73 33 82 30 41 94 34 25 12 88 27 78 20 28 65 30 70 72 87 90 41 59 35 31 74 43 78 66 27 37 54 32 76 68 90 81 82
33 76 94 54 18 42 86 80 89 54 59 19 78 54 25 81 42 33 81 17 66 18 67 36 91 36 56 26 97 53 30 59 40 67 62 84 33 72 76 39 88 13 70 30 42 71 78 16 36 56 76 93 64 10 16 58 11 26 0 99 43 62 29 48 68 66 55 91 18 63 51 31 29 55 49 49 52 75 81 52 69 48 66 21 96 21 57 67 70 62 70 31 47 74 66 13 93 97 78 26 60 50 82 22 32 52 49 35 20 28 80 78 79 60 78 88 60 18 87 17 45 46 81 94 60 76 86 24 23 59
70 75 83 66 96 77 72 94 29 96 86 71 91 41 95 72 67 90 23 27 48 56 22 11 80 37 57 28 22 68 71 31 45 35 85 52 82 85 83 26 74 96 56 40 73 75 31 85 91 90 14 51 26 70 84 28 48 40 99 0 99 94 76 33 17 28 64 56 75 41 54 86 11 12 68 77 76 92 19 91 20 34 76 40 83 78 12 34 21 12 26 21 93 17 88 38 47 12 34 12 35 93 83 75 84 18 86 71 74 17 38 54 47 47 25 11 47 14 35 58 93 85 72 26 63 57 99 37 44 47
95 59 28 88 33 86 68 27 77 67 70 60 29 93 83 19 37 28 43 29 85 26 92 58 62 32 61 87 46 76 93 44 88 79 33 21 75 21 19 91 46 14 14 36 78 58 28 70 22 69 90 48 27 20 15 56 86 32 43 99 0 91 62 23 64 21 35 32 39 39 28 11 34 40 26 18 19 90 41 89 79 14 62 73 99 78 34 86 16 63 40 42 66 21 97 86 36 94 53 11 40 34 79 51 57 72 77 79 71 47 25 14 58 22 18 21 81 53 82 28 34 36 21 18 75 64 88 42 53 87
52 95 70 64 34 67 15 81 13 68 10 69 65 60 20 44 19 17 38 60 67 82 97 43 65 65 94 61 30 90 95 26 58 78 24 91 12 43 76 79 17 58 17 96 10 34 58 91 59 24 37 78 46 22 55 73 25 84 62 94 91 0 44 31 31 98 89 45 87 93 69 11 45 70 93 55 42 92 24 30 65 22 80 16 26 47 43 13 48 13 96 69 90 36 13 89 66 65 78 77 48 80 22 73 25 10 27 34 81 49 58 13 30 81 61 52 43 15 75 78 79 31 89 88 24 95 53 17 49 92
56 49 87 73 13 42 96 30 92 87 90 48 82 37 19 55 53 17 88 82 34 83 61 46 65 67 29 57 46 70 92 72 55 72 79 70 58 43 84 78 81 34 87 98 65 49 68 15 35 29 97 59 60 98 63 13 87 90 29 76 62 44 0 19 59 41 72 47 32 40 98 58 52 48 17 11 46 72 77 98 38 45 84 66 24 53 41 48 51 35 70 68 21 44 83 35 83 55 13 26 77 86 50 92 62 15 72 60 66 36 70 98 42 25 29 69 60 86 18 17 81 68 58 50 93 98 98 42 17 11
43 41 61 89 33 75 34 17 23 11 31 90 50 58 91 47 94 53 40 73 43 91 18 75 76 83 62 86 40 74 71 72 78 92 36 44 80 88 62 78 78 52 17 16 49 82 70 17 26 94 54 30 43 20 14 45 38 40 48 33 23 31 19 0 16 17 63 48 42 26 81 42 96 72 54 82 11 91 29 26 26 59 18 53 93 78 46 37 22 91 13 33 85 49 90 86 21 26 55 58 94 23 74 64 77 32 39 88 62 12 36 50 34 56 73 29 61 39 71 88 21 22 14 47 72 51 59 22 40 79
34 21 33 17 20 40 76 71 67 58 14 34 43 41 25 92 68 43 89 23 18 15 35 52 63 90 71 61 74 13 86 74 94 14 10 92 22 77 69 75 13 41 71 99 67 22 48 53 41 37 88 34 34 47 21 86 50 65 68 17 64 31 59 16 0 45 17 98 18 48 96 36 26 50 12 89 70 22 92 58 85 11 31 84 40 98 32 92 56 31 23 66 30 99 63 58 12 21 32 14 18 48 32 55 31 17 82 63 26 11 65 84 74 79 64 53 51 95 10 16 62 83 73 20 33 95 95 52 68 69
41 25 46 42 24 10 87 76 38 12 70 93 91 17 85 40 90 78 24 88 36 13 31 85 10 52 58 77 51 83 32 37 69 44 83 61 30 42 22 95 10 34 52 37 92 99 98 22 38 62 22 20 37 97 36 62 32 58 66 28 21 98 41 17 45 0 60 18 35 51 86 49 49 49 27 56 87 93 20 12 12 40 13 42 91 26 50 71 33 33 87 28 19 92 26 38 17 52 60 45 26 53 45 39 19 31 11 45 28 16 44 46 17 93 40 75 59 87 21 49 34 49 74 94 93 50 69 29 65 77
49 53 41 54 88 86 84 42 96 25 51 78 15 40 42 72 70 48 86 38 73 66 48 83 13 75 57 56 35 43 84 23 83 76 49 78 84 28 91 27 70 66 70 93 16 46 92 28 77 19 70 28 78 25 37 79 32 22 55 64 35 89 72 63 17 60 0 16 28 97 71 52 80 83 12 49 29 35 56 62 64 44 52 86 31 90 20 72 47 87 21 17 41 44 68 22 32 36 14 67 63 79 30 97 41 54 72 11 35 85 12 10 85 17 39 74 94 44 48 27 10 88 68 50 30 57 20 36 86 88
62 24 59 26 65 65 46 32 54 71 63 86 71 66 90 84 71 65 85 39 82 19 56 26 88 68 62 45 86 22 32 39 84 56 11 77 37 94 52 83 55 25 84 98 92 97 76 55 52 49 35 70 98 95 97 79 40 68 91 56 32 45 47 48 98 18 16 0 92 60 56 91 70 34 43 74 78 50 34 43 40 20 33 13 40 60 38 31 97 83 76 59 50 90 89 16 93 13 87 30 76 69 76 29 77 19 27 29 95 17 85 19 26 92 70 85 89 52 74 26 56 16 15 48 39 65 92 87 30 39
42 93 95 96 63 52 86 20 59 61 46 69 35 88 32 49 73 29 90 99 84 85 99 56 29 66 83 79 91 57 25 94 55 35 74 22 79 81 58 78 15 32 70 22 61 78 17 11 90 31 85 61 76 96 24 68 36 68 18 75 39 87 32 42 18 35 28 92 0 43 83 21 11 77 74 96 13 96 59 19 64 48 82 65 49 81 50 96 34 86 51 53 69 94 94 25 14 90 87 67 71 69 87 91 52 96 36 58 72 75 69 80 60 82 24 83 15 63 27 19 94 54 61 94 51 96 19 34 73 11
48 42 86 28 42 82 41 20 28 58 85 61 56 77 84 99 89 96 47 38 20 92 52 31 20 81 75 55 24 84 75 81 83 79 75 46 92 34 79 11 73 77 63 13 45 21 81 77 76 36 65 67 74 10 41 74 73 81 63 41 39 93 40 26 48 51 97 60 43 0 65 82 71 26 59 89 13 53 93 35 73 81 40 37 88 75 36 40 75 11 51 66 34 17 38 68 19 58 87 45 44 83 59 96 15 88 46 76 12 88 64 42 93 58 63 67 48 67 54 70 38 93 73 42 73 61 68 78 24 87
97 20 95 39 73 36 81 28 41 75 89 38 42 84 50 93 29 41 62 92 34 88 90 16 97 72 82 42 68 23 65 73 38 33 48 86 11 25 76 72 26 11 58 24 42 80 81 85 37 89 43 28 57 48 63 44 59 96 51 54 28 69 98 81 96 86 71 56 83 65 0 16 79 64 40 95 89 93 77 76 79 38 24 66 49 61 74 55 63 74 37 15 67 68 52 65 89 75 23 67 28 34 45 83 41 98 96 60 75 52 89 18 91 75 53 33 91 74 52 30 90 53 98 79 39 52 43 81 82 52
39 35 79 66 76 23 27 85 41 34 17 12 99 77 80 77 95 96 42 90 38 14 47 39 72 15 17 79 40 82 12 69 20 90 63 67 18 85 58 32 87 60 72 78 50 44 92 59 54 89 98 10 67 91 49 61 37 50 31 86 11 11 58 42 36 49 52 91 21 82 16 0 42 86 60 69 73 72 65 23 28 17 90 10 47 18 73 56 44 53 16 99 14 67 26 27 97 30 23 80 61 62 53 54 51 73 66 71 39 28 82 71 10 87 43 96 61 81 47 39 11 96 77 49 99 93 86 89 85 56
63 47 78 57 43 21 53 77 50 33 99 40 25 26 90 37 68 48 53 54 10 29 93 76 41 14 12 56 70 33 65 82 14 94 25 31 77 64 56 24 38 41 83 93 41 99 52 52 65 54 54 30 82 12 90 86 23 15 29 11 34 45 52 96 26 49 80 70 11 71 79 42 0 85 17 41 61 30 96 58 17 65 57 50 88 83 60 23 56 24 69 46 95 45 50 13 38 51 79 88 69 67 59 81 36 86 30 81 39 26 93 99 66 73 86 17 78 87 87 48 39 76 91 36 16 54 43 57 19 39
51 65 98 22 39 29 91 44 63 69 31 72 39 20 93 97 11 97 80 86 67 74 81 50 54 75 47 90 77 25 28 37 55 94 45 83 95 32 27 79 68 21 63 98 42 79 38 84 36 87 42 17 49 51 18 54 56 10 55 12 40 70 48 72 50 49 83 34 77 26 64 86 85 0 23 83 75 78 50 43 50 82 98 58 62 92 88 42 85 47 45 43 65 80 52 60 36 17 48 60 40 24 35 61 70 48 78 43 32 33 30 14 15 83 41 27 66 67 97 29 32 45 69 97 73 37 35 27 84 62
81 68 43 21 43 27 15 83 11 26 92 81 66 40 85 78 46 61 70 10 16 47 15 50 19 56 72 11 98 64 63 68 96 76 91 34 11 92 90 18 27 34 34 56 46 53 31 85 41 93 97 79 49 77 75 77 14 53 49 68 26 93 17 54 12 27 12 43 74 59 40 60 17 23 0 22 54 95 61 82 71 37 23 32 65 36 84 80 68 96 35 44 99 62 18 51 74 52 11 62 54 43 99 75 27 91 95 47 59 18 93 29 48 91 92 25 21 32 52 45 23 81 26 16 77 45 32 47 87 54
54 88 47 36 34 50 54 29 94 25 33 95 93 45 93 25 52 99 88 64 22 53 70 32 11 87 11 46 55 42 39 70 20 70 57 74 11 29 70 21 39 44 92 12 57 16 54 82 60 12 72 62 95 27 85 54 26 83 49 77 18 55 11 82 89 56 49 74 96 89 95 69 41 83 22 0 40 58 30 45 55 83 17 44 12 64 97 31 10 40 97 45 33 92 11 33 61 87 41 40 58 68 54 19 52 87 70 82 14 75 57 85 81 75 66 91 92 44 81 35 99 53 35 39 82 29 91 11 79 15
17 18 89 37 91 23 67 46 99 23 80 57 52 88 36 93 28 87 96 32 60 78 60 30 19 44 25 71 77 87 94 80 93 73 98 98 59 30 30 95 78 98 47 98 95 39 31 95 73 29 42 52 40 43 25 48 82 70 52 76 19 42 46 11 70 87 29 78 13 13 89 73 61 75 54 40 0 24 81 21 26 63 84 46 90 62 98 14 89 93 62 27 49 18 26 14 85 47 94 89 28 40 18 26 52 10 67 39 87 38 88 32 97 97 93 72 86 95 93 53 23 92 82 56 43 76 12 55 81 58
27 65 63 67 89 19 32 22 92 87 92 97 44 41 31 13 86 25 85 83 72 48 60 61 66 70 87 48 77 58 47 81 40 38 61 22 98 69 39 74 33 56 16 59 82 65 62 59 29 37 13 85 40 47 90 97 96 10 75 92 90 92 72 91 22 93 35 50 96 53 93 72 30 78 95 58 24 0 94 20 47 13 32 84 13 68 85 92 22 37 59 35 14 24 70 52 73 83 87 85 48 56 21 52 84 27 65 33 16 68 51 68 72 34 69 26 94 13 68 70 18 43 44 78 68 70 38 44 82 30
99 81 54 83 83 20 32 45 78 80 23 90 63 80 14 47 67 74 57 21 15 64 91 90 21 62 75 61 36 87 88 63 32 53 36 13 14 45 76 77 84 21 60 13 43 23 33 21 25 34 24 79 96 41 25 64 66 18 81 19 41 24 77 29 92 20 56 34 59 93 77 65 96 50 61 30 81 94 0 37 56 42 18 38 50 40 42 85 34 76 36 47 35 13 67 45 64 53 48 57 62 63 80 92 64 76 57 18 95 56 67 98 83 22 98 77 91 15 91 99 95 55 63 83 56 76 41 12 28 45
92 89 65 15 44 90 35 15 93 96 64 88 40 40 73 24 15 40 90 92 28 69 35 62 87 65 47 14 30 26 87 26 87 24 86 12 85 57 94 82 15 13 94 27 71 16 82 87 95 68 44 63 84 80 80 49 21 77 52 91 89 30 98 26 58 12 62 43 19 35 76 23 58 43 82 45 21 20 37 0 32 80 44 76 71 35 79 75 49 23 56 37 73 65 65 97 32 74 19 76 92 25 87 34 81 95 52 65 26 49 60 62 51 34 59 51 40 34 26 38 43 55 51 61 44 28 46 83 44 15
60 68 69 94 60 70 64 72 53 69 23 88 30 47 11 74 49 15 99 40 19 19 14 54 93 57 49 68 16 73 71 74 41 19 23 89 20 76 31 86 45 89 41 51 57 94 15 57 48 28 51 38 35 56 11 86 56 43 69 20 79 65 38 26 85 12 64 40 64 73 79 28 17 50 71 55 26 47 56 32 0 32 77 19 59 57 14 41 63 48 58 56 86 97 11 73 79 83 50 87 93 91 50 42 94 58 16 46 70 38 46 94 21 30 11 11 56 88 83 66 71 80 44 61 87 31 77 28 88 23
12 73 60 46 22 73 98 59 70 14 54 56 72 21 50 18 15 66 81 90 13 55 95 36 20 22 96 76 15 46 92 22 74 48 14 55 48 32 28 22 55 95 50 33 59 77 57 57 17 28 80 68 67 78 45 72 78 53 48 34 14 22 45 59 11 40 44 20 48 81 38 17 65 82 37 83 63 13 42 80 32 0 34 54 69 81 74 96 59 70 49 10 28 67 83 12 57 40 36 25 89 29 72 87 23 64 40 64 14 35 39 98 40 20 12 70 57 50 95 94 91 74 30 29 85 51 41 34 81 68
50 23 34 89 73 80 19 53 40 54 67 86 18 25 66 66 16 14 41 49 78 69 97 75 22 65 87 95 38 26 62 60 26 16 63 58 72 17 62 49 41 21 84 46 35 29 87 89 73 70 78 10 41 83 99 64 16 72 66 76 62 80 84 18 31 13 52 33 82 40 24 90 57 98 23 17 84 32 18 44 77 34 0 83 43 22 40 21 31 39 52 93 32 55 91 88 93 84 80 46 46 20 79 56 82 28 92 38 64 68 60 32 19 60 54 90 38 16 41 51 14 51 36 55 54 84 32 97 59 50
53 63 20 93 69 28 29 69 71 96 63 70 72 40 66 72 96 19 47 24 30 58 66 21 81 12 30 51 77 69 55 65 75 18 65 95 99 87 66 58 46 87 67 47 45 45 49 90 54 87 22 91 86 98 50 25 45 96 21 40 73 16 66 53 84 42 86 13 65 37 66 10 50 58 32 44 46 84 38 76 19 54 83 0 70 89 93 98 12 95 65 61 16 77 61 55 14 15 10 86 30 42 39 95 45 48 47 51 49 89 29 84 30 41 10 67 12 36 35 66 23 17 66 22 97 37 45 10 58 31
52 74 11 10 24 57 57 74 80 25 31 87 53 65 63 64 71 51 71 56 60 16 79 35 83 67 14 48 26 61 62 21 34 72 36 58 59 16 64 26 36 94 44 32 13 48 96 32 77 56 20 16 32 82 63 75 92 59 96 83 99 26 24 93 40 91 31 40 49 88 49 47 88 62 65 12 90 13 50 71 59 69 43 70 0 99 93 44 24 29 87 98 75 70 84 89 79 26 18 21 43 74 99 52 54 98 12 77 26 72 25 57 44 25 34 37 12 45 24 62 82 96 17 45 97 75 53 57 97 65
34 21 26 10 95 18 11 71 61 24 94 49 93 78 49 25 67 25 86 96 50 74 85 74 27 28 39 21 67 35 35 54 49 10 16 26 27 27 83 33 72 60 74 13 64 32 68 90 22 81 19 52 84 77 64 18 61 97 21 78 78 47 53 78 98 26 90 60 81 75 61 18 83 92 36 64 62 68 40 35 57 81 22 89 99 0 96 16 47 28 25 22 33 56 28 64 24 16 59 50 80 18 73 52 73 38 89 15 14 73 56 32 76 68 90 95 13 47 33 46 10 61 17 54 32 42 97 37 39 53
11 69 99 95 63 43 94 26 80 78 62 90 63 65 53 60 84 98 94 16 81 98 11 78 85 79 14 67 90 29 63 79 86 54 28 17 77 31 94 30 18 48 36 61 41 24 37 86 96 13 47 39 38 76 55 83 70 68 57 12 34 43 41 46 32 50 20 38 50 36 74 73 60 88 84 97 98 85 42 79 14 74 40 93 93 96 0 94 21 40 30 19 16 51 84 44 35 27 10 81 44 31 17 42 70 46 28 63 71 72 88 95 25 19 19 28 71 28 34 19 29 96 54 75 76 73 52 80 31 40
91 25 29 33 79 98 88 50 17 52 86 85 39 88 76 66 85 67 14 71 55 11 20 82 18 58 56 66 40 86 78 99 56 10 54 93 41 10 66 92 42 46 71 73 19 73 58 45 30 70 28 37 54 47 91 37 84 74 67 34 86 13 48 37 92 71 72 31 96 40 55 56 23 42 80 31 14 92 85 75 41 96 21 98 44 16 94 0 86 95 33 21 49 39 66 45 16 70 57 99 78 36 83 91 42 10 52 62 17 40 96 92 14 70 13 23 40 79 57 43 72 87 69 75 89 19 92 35 78 57
29 72 84 24 68 75 10 17 35 57 82 96 31 39 24 30 29 50 61 62 36 99 52 19 32 88 30 66 31 27 63 10 28 13 38 36 42 18 56 36 88 15 56 35 19 85 57 15 89 69 97 13 31 63 58 55 35 17 70 21 16 48 51 22 56 33 47 97 34 75 63 44 56 85 68 10 89 22 34 49 63 59 31 12 24 47 21 86 0 11 40 94 54 84 26 55 85 79 61 30 84 87 88 41 43 73 67 27 48 74 12 73 90 76 90 54 85 97 23 87 71 49 74 16 33 23 80 21 94 31
88 64 28 74 49 26 74 12 19 57 81 93 60 71 42 53 23 75 18 47 77 30 62 63 39 80 67 93 95 85 82 87 90 27 89 38 38 57 58 55 81 69 39 66 68 47 89 69 36 25 54 46 57 73 32 58 31 69 62 12 63 13 35 91 31 33 87 83 86 11 74 53 24 47 96 40 93 37 76 23 48 70 39 95 29 28 40 95 11 0 71 21 27 86 28 38 63 65 37 15 48 30 64 89 98 47 98 18 17 37 95 64 25 82 49 44 85 55 63 78 12 34 40 15 59 72 77 74 80 47
35 24 96 61 55 24 56 58 36 71 23 15 78 48 95 30 87 66 27 21 74 86 28 83 22 38 60 30 66 31 56 58 24 43 67 70 28 63 16 11 27 40 52 15 97 27 49 25 79 55 99 11 90 25 54 96 87 85 70 26 40 96 70 13 23 87 21 76 51 51 37 16 69 45 35 97 62 59 36 56 58 49 52 65 87 25 30 33 40 71 0 34 61 23 37 57 70 57 36 79 21 73 44 25 91 30 35 63 27 82 59 20 95 44 13 16 29 51 98 10 70 10 90 55 68 64 77 45 41 59
88 53 50 63 81 81 89 99 88 49 26 81 68 49 29 10 61 86 34 83 36 66 42 88 70 47 76 70 30 51 18 45 69 56 30 69 80 94 71 50 39 25 22 97 83 41 66 25 85 67 14 68 18 85 82 97 17 39 31 21 42 69 68 33 66 28 17 59 53 66 15 99 46 43 44 45 27 35 47 37 56 10 93 61 98 22 19 21 94 21 34 0 88 98 72 71 93 40 14 84 15 21 39 24 82 13 71 14 90 84 94 57 14 38 19 99 76 56 41 30 87 23 53 71 37 41 30 84 91 33
72 74 18 37 68 49 65 56 47 58 61 83 63 57 77 83 90 67 40 52 66 75 35 61 44 71 45 23 66 51 60 79 97 92 27 67 27 23 74 95 33 86 86 67 90 68 78 62 54 14 79 52 76 38 20 74 85 46 47 93 66 90 21 85 30 19 41 50 69 34 67 14 95 65 99 33 49 14 35 73 86 28 32 16 75 33 16 49 54 27 61 88 0 47 67 23 36 43 93 66 93 42 24 87 32 38 55 52 40 89 33 92 21 53 58 10 68 44 16 50 45 94 91 52 29 72 47 88 27 73
65 59 23 17 31 45 36 34 39 23 79 15 68 89 85 72 77 39 18 50 89 73 61 75 68 94 24 21 94 90 41 60 85 42 43 39 41 83 68 54 80 17 77 47 25 20 31 57 16 24 70 78 97 47 40 21 89 73 74 17 21 36 44 49 99 92 44 90 94 17 68 67 45 80 62 92 18 24 13 65 97 67 55 77 70 56 51 39 84 86 23 98 47 0 45 83 11 21 87 17 71 15 68 75 81 84 27 91 23 24 13 87 27 91 21 75 66 62 73 97 53 24 56 70 47 86 57 99 86 75
37 52 42 20 63 50 21 95 25 61 69 49 12 42 89 61 46 27 68 94 52 64 66 79 11 16 77 54 66 55 56 66 67 69 67 69 28 62 81 80 22 27 76 73 19 55 91 53 19 46 15 74 89 99 62 56 73 33 66 88 97 13 83 90 63 26 68 89 94 38 52 26 50 52 18 11 26 70 67 65 11 83 91 61 84 28 84 66 26 28 37 72 67 45 0 18 89 68 89 23 14 13 78 97 76 66 91 73 63 21 94 54 21 19 53 42 22 30 69 86 24 48 60 11 25 51 63 47 94 35
67 83 74 45 20 46 21 35 86 69 71 99 20 63 30 80 30 52 14 30 59 70 54 63 93 30 71 56 70 70 75 75 33 40 92 68 11 17 52 48 58 63 20 63 86 71 31 29 88 37 11 62 62 63 36 10 27 82 13 38 86 89 35 86 58 38 22 16 25 68 65 27 13 60 51 33 14 52 45 97 73 12 88 55 89 64 44 45 55 38 57 71 23 83 18 0 90 84 94 64 97 11 65 33 72 51 90 48 93 96 24 11 92 35 62 79 43 69 93 94 72 95 32 23 35 73 18 37 42 47
52 11 79 39 96 40 36 49 79 99 26 82 51 33 46 90 34 86 42 43 39 85 82 91 56 85 58 91 85 32 82 93 43 70 24 27 16 49 45 31 12 85 94 24 56 26 91 31 10 28 63 83 85 60 77 39 53 30 93 47 36 66 83 21 12 17 32 93 14 19 89 97 38 36 74 61 85 73 64 32 79 57 93 14 79 24 35 16 85 63 70 93 36 11 89 90 0 61 33 47 93 41 94 61 91 49 11 95 85 72 11 63 93 84 42 82 10 99 61 49 82 56 20 12 99 97 67 97 75 13
89 39 83 20 27 55 12 92 96 98 77 21 12 62 88 23 99 78 56 59 74 72 26 19 67 24 82 70 37 20 96 93 10 34 54 53 35 51 23 72 76 92 90 87 54 97 63 60 78 71 10 30 74 17 58 97 12 41 97 12 94 65 55 26 21 52 36 13 90 58 75 30 51 17 52 87 47 83 53 74 83 40 84 15 26 16 27 70 79 65 57 40 43 21 68 84 61 0 58 68 81 26 90 64 36 14 70 86 72 28 84 84 13 52 40 19 17 87 90 85 37 61 51 88 68 98 54 73 40 76
10 67 92 97 59 63 90 51 94 72 42 95 16 42 36 35 64 53 36 53 46 70 10 50 12 18 24 81 91 41 25 90 39 57 74 62 56 50 64 83 89 30 16 62 10 84 94 92 97 85 12 12 77 77 69 31 52 94 78 34 53 78 13 55 32 60 14 87 87 87 23 23 79 48 11 41 94 87 48 19 50 36 80 10 18 59 10 57 61 37 36 14 93 87 89 94 33 58 0 77 27 10 30 42 80 77 21 54 93 70 78 91 65 61 47 28 10 49 85 99 96 38 93 59 46 11 36 31 21 30
29 45 41 80 12 32 42 52 60 99 38 12 37 25 83 45 18 87 13 19 92 66 68 51 65 30 44 87 23 47 40 81 84 93 48 69 58 25 74 65 12 56 27 98 10 49 87 24 55 87 71 46 97 99 90 42 92 34 26 12 11 77 26 58 14 45 67 30 67 45 67 80 88 60 62 40 89 85 57 76 87 25 46 86 21 50 81 99 30 15 79 84 66 17 23 64 47 68 77 0 19 95 63 76 96 49 66 28 52 83 23 50 32 76 59 49 57 46 28 90 38 27 53 74 10 83 39 57 27 28
27 93 61 95 20 40 66 79 68 19 37 91 81 20 48 12 97 18 66 85 47 70 12 54 89 45 78 17 78 91 68 59 35 90 20 15 80 21 56 97 64 48 87 29 71 10 91 81 89 61 48 77 38 68 61 84 27 25 60 35 40 48 77 94 18 26 63 76 71 44 28 61 69 40 54 58 28 48 62 92 93 89 46 30 43 80 44 78 84 48 21 15 93 71 14 97 93 81 27 19 0 80 32 34 57 88 22 41 66 57 14 35 69 45 42 86 49 48 65 74 84 39 77 18 15 70 76 98 93 86
81 21 32 87 91 63 18 60 64 79 27 76 57 96 53 84 10 20 87 67 92 96 39 60 36 79 68 70 39 98 29 43 62 47 72 51 65 84 41 80 25 43 31 82 51 33 84 53 38 60 11 97 95 37 35 72 92 12 50 93 34 80 86 23 48 53 79 69 69 83 34 62 67 24 43 68 40 56 63 25 91 29 20 42 74 18 31 36 87 30 73 21 42 15 13 11 41 26 10 95 80 0 16 42 16 33 77 68 68 19 87 29 50 55 17 55 79 31 54 36 50 96 70 72 47 12 86 14 11 87
83 54 72 56 95 16 73 22 18 93 78 57 59 95 82 43 27 44 16 45 40 71 26 38 51 68 43 93 17 67 50 63 52 70 69 31 79 73 73 49 75 13 69 83 18 79 65 89 54 36 29 94 94 19 97 36 49 88 82 83 79 22 50 74 32 45 30 76 87 59 45 53 59 35 99 54 18 21 80 87 50 72 79 39 99 73 17 83 88 64 44 39 24 68 78 65 94 90 30 63 32 16 0 29 44 95 90 81 63 44 58 83 28 65 61 65 12 66 59 22 42 48 38 23 34 92 42 70 18 74
96 98 31 94 46 45 16 85 43 34 13 51 12 88 15 13 35 88 64 13 49 21 66 12 21 54 54 47 46 21 35 45 34 75 69 73 41 56 76 32 91 74 39 14 37 77 87 73 88 95 58 79 80 49 98 10 80 27 22 75 51 73 92 64 55 39 97 29 91 96 83 54 81 61 75 19 26 52 92 34 42 87 56 95 52 52 42 91 41 89 25 24 87 75 97 33 61 64 42 76 34 42 29 0 51 67 74 54 33 79 55 67 29 51 18 97 92 78 81 44 93 46 29 44 54 11 14 35 50 67
85 12 81 93 79 23 25 36 82 13 39 53 29 33 35 82 27 73 19 73 88 46 38 30 85 69 21 82 83 76 18 67 38 43 98 65 61 32 82 69 18 42 36 38 74 53 91 58 63 74 35 43 96 43 62 34 69 78 32 84 57 25 62 77 31 19 41 77 52 15 41 51 36 70 27 52 52 84 64 81 94 23 82 45 54 73 70 42 43 98 91 82 32 81 76 72 91 36 80 96 57 16 44 51 0 87 53 64 70 15 13 90 15 48 30 12 37 37 98 65 80 55 44 87 26 15 80 94 49 38
18 78 47 23 64 34 31 78 80 84 25 13 87 64 81 14 40 37 85 81 35 52 25 76 75 97 53 32 19 41 14 10 62 52 31 63 19 62 90 76 45 84 46 43 37 35 18 59 90 94 96 18 71 27 82 18 71 20 52 18 72 10 15 32 17 31 54 19 96 88 98 73 86 48 91 87 10 27 76 95 58 64 28 48 98 38 46 10 73 47 30 13 38 84 66 51 49 14 77 49 88 33 95 67 87 0 21 23 86 55 54 99 45 60 56 55 48 79 29 61 13 92 93 59 14 89 76 49 82 78
26 87 34 28 79 61 84 18 96 18 18 95 10 10 51 91 17 71 88 42 23 89 65 27 29 73 80 47 74 44 19 33 45 32 50 45 71 23 73 76 66 54 29 12 92 45 48 12 21 82 66 79 39 10 96 23 99 28 49 86 77 27 72 39 82 11 72 27 36 46 96 66 30 78 95 70 67 65 57 52 16 40 92 47 12 89 28 52 67 98 35 71 55 27 91 90 11 70 21 66 22 77 90 74 53 21 0 27 38 80 31 23 56 36 36 55 14 96 27 34 87 15 88 23 66 43 50 30 69 61
23 40 32 36 83 69 66 37 64 82 38 45 43 85 76 15 43 20 36 61 47 28 31 79 65 88 88 77 78 17 42 29 80 39 65 52 62 19 10 77 35 60 41 98 55 35 95 22 67 69 20 63 47 66 98 23 73 65 35 71 79 34 60 88 63 45 11 29 58 76 60 71 81 43 47 82 39 33 18 65 46 64 38 51 77 15 63 62 27 18 63 14 52 91 73 48 95 86 54 28 41 68 81 54 64 23 27 0 66 37 42 75 35 41 34 10 71 90 35 97 19 35 43 68 11 47 62 80 18 72
96 19 42 53 76 73 85 38 88 79 16 38 56 10 86 11 75 85 30 32 36 82 34 30 18 21 21 94 15 64 89 55 22 54 90 67 11 53 56 70 35 74 47 65 83 92 30 71 99 11 97 96 25 98 41 13 95 30 20 74 71 81 66 62 26 28 35 95 72 12 75 39 39 32 59 14 87 16 95 26 70 14 64 49 26 14 71 17 48 17 27 90 40 23 63 93 85 72 93 52 66 68 63 33 70 86 38 66 0 82 43 14 89 67 63 84 93 83 44 46 22 14 22 41 23 12 47 30 14 29
70 21 47 14 35 67 89 20 20 61 38 28 82 37 73 25 73 17 84 22 31 14 54 69 43 10 38 75 44 15 23 45 52 43 27 90 46 23 13 51 16 22 68 59 98 18 19 42 28 97 55 20 66 56 32 57 17 70 28 17 47 49 36 12 11 16 85 17 75 88 52 28 26 33 18 75 38 68 56 49 38 35 68 89 72 73 72 40 74 37 82 84 89 24 21 96 72 28 70 83 57 19 44 79 15 55 80 37 82 0 49 86 52 77 36 44 23 88 44 86 23 11 10 23 69 93 10 23 72 29
18 94 27 70 38 23 93 54 85 87 64 63 70 11 86 38 77 33 34 58 52 82 69 11 74 73 26 16 13 25 26 49 72 83 97 66 63 50 71 45 68 37 76 93 56 10 80 30 30 89 91 84 76 29 81 94 75 72 80 38 25 58 70 36 65 44 12 85 69 64 89 82 93 30 93 57 88 51 67 60 46 39 60 29 25 56 88 96 12 95 59 94 33 13 94 24 11 84 78 23 14 87 58 55 13 54 31 42 43 49 0 55 21 93 91 61 15 59 30 11 85 82 40 28 70 31 23 65 38 91
51 68 94 85 94 11 61 32 20 98 14 84 49 42 69 29 79 31 70 27 82 98 42 27 25 45 67 68 32 92 92 44 98 48 69 35 67 63 59 15 37 40 71 59 99 57 56 83 60 60 28 57 84 30 92 91 18 87 78 54 14 13 98 50 84 46 10 19 80 42 18 71 99 14 29 85 32 68 98 62 94 98 32 84 57 32 95 92 73 64 20 57 92 87 54 11 63 84 91 50 35 29 83 67 90 99 23 75 14 86 55 0 40 34 32 85 13 83 39 28 66 30 43 13 35 55 68 97 49 77
87 77 90 42 90 36 88 84 63 92 52 38 31 28 72 23 67 91 41 22 11 53 73 64 16 93 60 89 15 77 42 18 82 18 20 95 85 58 33 53 50 43 11 58 89 73 48 57 42 33 88 52 45 66 17 12 48 90 79 47 58 30 42 34 74 17 85 26 60 93 91 10 66 15 48 81 97 72 83 51 21 40 19 30 44 76 25 14 90 25 95 14 21 27 21 92 93 13 65 32 69 50 28 29 15 45 56 35 89 52 21 40 0 36 51 71 64 18 46 58 61 12 63 69 90 45 76 51 91 74
32 43 18 37 30 65 28 19 27 80 48 15 40 52 26 60 82 90 74 85 96 21 51 64 33 37 19 38 84 75 12 65 23 90 44 14 68 96 94 53 85 82 85 39 39 75 11 94 52 43 15 25 67 30 60 70 20 41 60 47 22 81 25 56 79 93 17 92 82 58 75 87 73 83 91 75 97 34 22 34 30 20 60 41 25 68 19 70 76 82 44 38 53 91 19 35 84 52 61 76 45 55 65 51 48 60 36 41 67 77 93 34 36 0 98 29 56 38 50 48 53 63 54 95 28 45 70 26 50 84
28 50 82 82 12 93 44 76 71 48 23 27 39 27 78 97 33 55 94 60 22 14 88 60 20 79 21 47 85 59 44 82 10 63 55 73 80 29 69 79 72 18 43 62 71 28 21 76 47 96 57 12 28 99 16 28 75 59 78 25 18 61 29 73 64 40 39 70 24 63 53 43 86 41 92 66 93 69 98 59 11 12 54 10 34 90 19 13 90 49 13 19 58 21 53 62 42 40 47 59 42 17 61 18 30 56 36 34 63 36 91 32 51 98 0 51 19 53 15 61 11 76 26 57 82 82 86 44 68 90
54 48 13 10 12 87 92 49 69 29 14 93 65 31 62 84 88 31 54 90 57 75 12 25 65 94 86 64 94 13 94 84 74 56 46 61 60 79 60 73 77 63 69 78 31 90 81 58 57 97 59 38 97 69 56 56 61 35 88 11 21 52 69 29 53 75 74 85 83 67 33 96 17 27 25 91 72 26 77 51 11 70 90 67 37 95 28 23 54 44 16 99 10 75 42 79 82 19 28 49 86 55 65 97 12 55 55 10 84 44 61 85 71 29 51 0 84 18 60 69 86 55 21 93 55 12 49 73 41 51
46 59 68 70 54 32 48 98 10 33 45 17 65 33 73 81 35 97 90 13 51 95 23 72 41 10 46 34 84 82 22 71 72 88 94 49 72 72 50 77 16 50 25 91 54 76 46 80 98 60 50 63 15 10 85 51 89 31 60 47 81 43 60 61 51 59 94 89 15 48 91 61 78 66 21 92 86 94 91 40 56 57 38 12 12 13 71 40 85 85 29 76 68 66 22 43 10 17 10 57 49 79 12 92 37 48 14 71 93 23 15 13 64 56 19 84 0 26 63 99 21 53 56 82 47 72 32 78 66 35
40 51 78 63 34 61 46 58 38 74 86 26 39 96 90 73 10 61 21 60 14 92 38 47 69 84 77 85 69 49 98 69 70 20 83 27 60 11 98 12 61 85 74 23 69 30 20 39 89 59 47 27 28 31 45 27 77 74 18 14 53 15 86 39 95 87 44 52 63 67 74 81 87 67 32 44 95 13 15 34 88 50 16 36 45 47 28 79 97 55 51 56 44 62 30 69 99 87 49 46 48 31 66 78 37 79 96 90 83 88 59 83 18 38 53 18 26 0 52 56 44 94 90 57 84 95 61 25 47 17
40 53 32 86 55 10 54 85 86 77 42 57 90 72 86 84 85 60 65 62 19 43 98 93 14 31 71 27 72 62 81 95 30 90 68 29 92 44 55 23 77 71 90 41 74 84 64 28 85 48 26 20 67 40 95 48 36 43 87 35 82 75 18 71 10 21 48 74 27 54 52 47 87 97 52 81 93 68 91 26 83 95 41 35 24 33 34 57 23 63 98 41 16 73 69 93 61 90 85 28 65 54 59 81 98 29 27 35 44 44 30 39 46 50 15 60 63 52 0 40 33 79 97 47 23 42 39 14 95 19
97 82 39 70 65 38 74 43 89 49 15 76 84 43 49 18 62 88 55 82 80 64 30 39 70 52 20 91 19 21 14 57 86 36 42 18 28 12 33 11 88 51 94 46 92 29 26 15 37 29 28 77 63 99 50 44 25 78 17 58 28 78 17 88 16 49 27 26 19 70 30 39 48 29 45 35 53 70 99 38 66 94 51 66 62 46 19 43 87 78 10 30 50 97 86 94 49 85 99 90 74 36 22 44 65 61 34 97 46 86 11 28 58 48 61 69 99 56 40 0 42 78 10 50 22 67 27 62 15 76
48 95 24 54 62 36 73 82 65 52 33 91 60 74 62 52 25 96 54 23 12 46 37 95 54 48 90 75 38 77 44 20 61 16 60 87 88 56 39 16 96 38 28 91 25 26 13 62 88 81 76 12 63 10 50 59 92 66 45 93 34 79 81 21 62 34 10 56 94 38 90 11 39 32 23 99 23 18 95 43 71 91 14 23 82 10 29 72 71 12 70 87 45 53 24 72 82 37 96 38 84 50 42 93 80 13 87 19 22 23 85 66 61 53 11 86 21 44 33 42 0 11 71 24 96 74 74 24 17 34
68 68 36 37 81 73 96 82 48 67 41 88 20 82 70 61 95 15 51 69 72 51 67 36 49 59 65 72 28 45 76 52 75 10 78 26 86 84 81 17 46 19 96 35 55 21 74 59 83 97 63 29 55 17 92 56 87 27 46 85 36 31 68 22 83 49 88 16 54 93 53 96 76 45 81 53 92 43 55 55 80 74 51 17 96 61 96 87 49 34 10 23 94 24 48 95 56 61 38 27 39 96 48 46 55 92 15 35 14 11 82 30 12 63 76 55 53 94 79 78 11 0 11 18 35 65 24 91 66 33
66 91 51 78 52 69 28 11 12 84 67 16 65 98 79 34 64 61 79 54 27 66 62 51 11 75 59 90 74 77 34 40 10 81 72 27 32 42 76 79 57 60 98 74 29 58 34 61 52 89 53 47 31 59 74 82 20 37 81 72 21 89 58 14 73 74 68 15 61 73 98 77 91 69 26 35 82 44 63 51 44 30 36 66 17 17 54 69 74 40 90 53 91 56 60 32 20 51 93 53 77 70 38 29 44 93 88 43 22 10 40 43 63 54 26 21 56 90 97 10 71 11 0 51 70 67 23 55 92 80
11 16 68 63 91 24 55 99 39 38 60 48 78 93 78 75 36 87 55 52 85 81 34 13 84 87 54 73 32 39 95 80 93 96 18 48 95 48 96 98 59 67 53 12 27 85 69 63 71 92 70 22 13 12 25 79 21 54 94 26 18 88 50 47 20 94 50 48 94 42 79 49 36 97 16 39 56 78 83 61 61 29 55 22 45 54 75 75 16 15 55 71 52 70 11 23 12 88 59 74 18 72 23 44 87 59 23 68 41 23 28 13 69 95 57 93 82 57 47 50 24 18 51 0 38 95 39 49 21 42
48 62 15 22 51 39 16 22 26 77 51 48 78 50 50 77 61 36 19 69 37 96 32 15 68 82 61 99 47 37 89 69 16 36 12 55 68 24 74 88 93 35 25 94 31 97 84 18 92 65 15 25 10 39 49 70 48 32 60 63 75 24 93 72 33 93 30 39 51 73 39 99 16 73 77 82 43 68 56 44 87 85 54 97 97 32 76 89 33 59 68 37 29 47 25 35 99 68 46 10 15 47 34 54 26 14 66 11 23 69 70 35 90 28 82 55 47 84 23 22 96 35 70 38 0 74 53 12 66 81
78 26 30 13 93 51 32 48 99 17 44 79 61 39 96 55 79 45 35 17 40 32 40 76 46 40 60 89 29 34 39 54 23 12 41 59 51 20 31 52 33 27 72 14 38 51 98 14 57 79 20 14 56 14 18 21 14 76 76 57 64 95 98 51 95 50 57 65 96 61 52 93 54 37 45 29 76 70 76 28 31 51 84 37 75 42 73 19 23 72 64 41 72 86 51 73 97 98 11 83 70 12 92 11 15 89 43 47 12 93 31 55 45 45 82 12 72 95 42 67 74 65 67 95 74 0 17 32 16 12
61 85 13 14 60 49 43 26 26 32 77 29 13 36 25 10 92 81 67 49 68 14 34 78 62 13 90 31 60 13 18 80 72 90 62 58 27 41 48 35 24 82 86 94 90 76 30 27 80 67 42 56 73 10 94 87 55 68 86 99 88 53 98 59 95 69 20 92 19 68 43 86 43 35 32 91 12 38 41 46 77 41 32 45 53 97 52 92 80 77 77 30 47 57 63 18 67 54 36 39 76 86 42 14 80 76 50 62 47 10 23 68 76 70 86 49 32 61 39 27 74 24 23 39 53 17 0 14 68 96
51 75 74 30 27 42 79 77 54 76 84 29 51 16 46 54 25 97 16 34 23 90 54 81 24 17 95 67 82 13 55 69 92 34 51 89 73 66 75 66 66 31 70 86 21 67 67 87 19 21 88 75 22 30 68 31 15 90 24 37 42 17 42 22 52 29 36 87 34 78 81 89 57 27 47 11 55 44 12 83 28 34 97 10 57 37 80 35 21 74 45 84 88 99 47 37 97 73 31 57 98 14 70 35 94 49 30 80 30 23 65 97 51 26 44 73 78 25 14 62 24 91 55 49 12 32 14 0 82 56
17 11 67 75 92 77 36 33 58 77 16 52 69 67 83 11 56 71 20 19 15 86 72 12 67 53 98 91 85 60 32 97 18 62 19 31 25 30 61 36 36 91 31 28 57 98 86 18 45 74 49 88 84 46 66 19 49 81 23 44 53 49 17 40 68 65 86 30 73 24 82 85 19 84 87 79 81 82 28 44 88 81 59 58 97 39 31 78 94 80 41 91 27 86 94 42 75 40 21 27 93 11 18 50 49 82 69 18 14 72 38 49 91 50 68 41 66 47 95 15 17 66 92 21 66 16 68 82 0 43
33 40 44 32 63 45 91 71 50 63 11 39 23 43 36 17 99 67 96 33 40 83 71 64 23 48 64 81 35 78 60 24 82 23 60 29 17 69 31 80 36 92 49 97 41 80 54 89 58 18 22 81 18 50 48 85 24 82 59 47 87 92 11 79 69 77 88 39 11 87 52 56 39 62 54 15 58 30 45 15 23 68 50 31 65 53 40 57 31 47 59 33 73 75 35 47 13 76 30 28 86 87 74 67 38 78 61 72 29 29 91 77 74 84 90 51 35 17 19 76 34 33 80 42 81 12 96 56 43 0