85
0 58 30 84 53 85 65 85 54 41 37 61 17 59 67 59 38 45 55 62 49 90 15 68 12 30 49 64 27 26 60 76 56 78 22 36 60 89 41 25 55 82 99 83 98 52 86 95 12 51 26 68 48 60 74 11 62 36 26 81 21 29 37 50 54 77 40 54 52 29 98 29 86 77 34 78 54 35 16 41 37 58 97 66 48
58 0 56 21 88 86 23 62 94 41 88 64 30 76 28 89 41 74 87 31 14 13 95 59 91 60 94 12 82 67 48 17 93 25 85 94 97 49 87 32 28 71 69 33 57 92 29 13 30 34 61 44 68 44 75 70 73 58 32 84 66 92 37 61 98 34 44 51 99 52 56 20 48 80 66 61 20 72 12 16 78 98 21 38 96
30 56 0 26 46 41 24 69 62 51 16 35 43 84 94 98 46 43 16 20 31 56 79 49 29 78 38 88 96 64 11 39 32 88 39 76 90 28 34 31 75 39 71 62 71 90 59 50 34 59 94 27 84 74 41 84 10 90 57 51 59 62 23 23 73 17 57 52 48 42 43 97 27 56 26 59 86 85 42 88 26 98 61 94 93
84 21 26 0 49 87 20 36 85 44 69 34 73 72 96 30 19 60 98 21 68 86 51 53 41 41 53 41 65 17 90 75 49 96 46 24 40 18 79 25 91 31 17 54 64 25 92 58 14 98 25 99 88 59 37 49 14 30 32 36 35 24 55 61 32 11 19 44 69 26 88 88 45 32 68 95 24 16 26 92 15 75 25 97 24
53 88 46 49 0 55 58 58 13 55 99 30 78 91 55 80 76 56 80 19 94 56 20 22 50 40 93 68 39 53 41 84 29 63 37 35 72 78 69 13 52 13 69 13 27 71 39 32 69 23 60 23 85 87 82 42 23 73 77 44 44 47 88 98 70 56 41 34 30 72 79 39 49 65 15 67 64 80 98 89 55 63 65 21 21
85 86 41 87 55 0 24 46 76 22 12 85 13 49 20 42 49 44 98 30 24 10 68 40 86 88 45 12 38 89 34 55 95 44 27 15 79 54 53 70 17 53 32 63 76 35 86 47 41 95 24 86 19 55 22 71 25 39 77 29 57 61 17 19 56 13 59 99 14 96 77 23 91 64 69 16 84 84 44 97 10 84 46 33 45
65 23 24 20 58 24 0 52 45 35 62 65 31 21 59 11 68 56 62 54 43 96 48 76 14 49 52 20 43 29 32 30 11 88 20 61 21 42 69 21 92 17 52 37 99 63 33 26 75 88 65 92 40 13 22 19 72 98 69 59 42 67 84 14 24 24 70 98 70 99 46 23 24 32 42 87 26 73 94 21 41 10 43 91 65
85 62 69 36 58 46 52 0 45 89 19 17 51 66 55 48 73 15 14 31 72 69 77 85 89 40 74 63 41 29 94 79 77 99 52 94 29 18 50 34 30 45 59 33 93 89 62 52 75 23 31 92 46 87 91 41 21 88 83 67 15 50 29 80 48 72 50 43 11 81 86 92 67 58 62 34 93 55 55 31 24 77 27 48 60
54 94 62 85 13 76 45 45 0 30 90 86 89 14 24 25 78 67 84 10 48 35 47 91 64 55 97 46 92 71 90 68 59 74 56 18 37 50 60 76 10 12 30 37 60 17 40 43 60 36 48 56 36 10 13 39 43 21 97 79 72 95 81 92 22 19 67 62 79 61 43 71 78 73 89 36 11 45 49 14 35 58 35 73 30
41 41 51 44 55 22 35 89 30 0 40 51 70 20 48 55 24 45 28 28 54 39 30 34 90 94 32 80 12 36 76 10 43 50 47 36 58 79 35 85 91 92 90 19 95 63 41 10 42 82 92 73 92 63 66 91 96 90 24 12 80 31 58 41 19 22 42 67 25 36 83 21 41 38 42 89 77 69 21 27 98 26 61 86 91
37 88 16 69 99 12 62 19 90 40 0 40 14 95 77 55 30 80 22 92 16 95 87 19 11 90 25 57 33 25 82 49 82 48 32 46 74 46 12 30 78 49 92 94 24 31 90 27 52 89 23 85 81 10 98 84 28 60 86 75 58 50 42 80 50 80 11 41 95 71 61 13 63 36 56 15 17 30 49 51 74 53 51 34 16
61 64 35 34 30 85 65 17 86 51 40 0 82 34 21 55 80 85 73 67 72 74 12 66 58 92 51 74 40 20 46 69 40 18 32 63 71 82 33 49 88 53 23 78 76 64 92 84 89 38 93 36 30 34 99 55 29 61 67 90 53 16 61 20 32 47 46 78 43 69 46 57 32 60 32 29 80 49 14 52 45 75 11 74 56
17 30 43 73 78 13 31 51 89 70 14 82 0 13 56 90 48 98 95 83 35 60 75 57 28 30 51 17 76 13 18 41 15 40 30 81 38 85 78 95 23 48 10 16 56 85 92 72 37 70 20 59 42 28 53 94 37 22 27 96 85 66 55 45 91 52 31 25 52 16 19 12 17 52 96 93 59 61 65 74 47 51 16 86 18
59 76 84 72 91 49 21 66 14 20 95 34 13 0 11 54 51 40 70 49 69 19 92 18 72 44 15 20 81 48 83 84 39 67 91 84 98 24 76 40 21 63 48 13 99 83 30 95 98 71 70 23 81 52 20 66 23 22 93 15 76 44 67 62 54 78 89 14 47 47 70 45 61 95 40 48 56 65 49 14 93 59 46 64 11
67 28 94 96 55 20 59 55 24 48 77 21 56 11 0 22 58 51 56 53 49 88 71 55 74 78 96 11 34 64 57 94 56 14 60 15 79 17 29 42 60 67 13 55 65 32 98 98 94 44 55 67 31 83 96 62 23 75 17 42 75 83 45 39 97 86 52 79 78 13 59 50 86 93 98 43 19 36 89 56 92 70 75 56 91
59 89 98 30 80 42 11 48 25 55 55 55 90 54 22 0 57 61 87 13 81 63 90 23 97 43 88 11 40 53 52 25 17 96 75 92 91 64 95 99 73 87 57 58 57 80 64 81 39 35 87 86 71 41 19 43 51 40 23 44 71 21 21 52 50 27 99 86 13 73 75 21 31 34 26 11 19 34 23 57 16 87 22 85 54
38 41 46 19 76 49 68 73 78 24 30 80 48 51 58 57 0 30 30 93 81 87 91 68 13 15 32 97 40 42 37 58 77 75 40 89 50 66 33 10 39 17 46 56 83 90 96 27 35 15 58 40 14 22 44 84 20 19 54 44 87 73 50 98 25 23 24 42 98 10 67 32 67 45 27 88 52 41 83 27 94 93 69 17 12
45 74 43 60 56 44 56 15 67 45 80 85 98 40 51 61 30 0 67 96 37 41 30 42 17 62 32 90 65 86 94 83 74 93 16 50 20 44 30 54 60 62 64 24 92 51 86 25 11 36 20 84 27 97 39 73 36 39 62 96 36 80 77 21 95 38 13 17 68 68 68 97 44 71 49 24 54 28 62 62 32 68 49 52 84
55 87 16 98 80 98 62 14 84 28 22 73 95 70 56 87 30 67 0 40 89 73 30 61 99 84 33 93 76 81 95 14 59 60 39 91 94 53 96 71 24 76 28 82 84 63 91 38 83 81 39 10 11 54 59 10 28 32 81 42 77 68 60 99 69 40 52 92 94 81 65 37 82 52 74 79 35 38 42 58 94 73 48 89 48
62 31 20 21 19 30 54 31 10 28 92 67 83 49 53 13 93 96 40 0 50 39 40 79 12 34 15 86 78 91 24 73 44 49 13 51 72 55 81 36 46 79 34 39 31 55 15 47 55 70 68 20 65 16 82 95 98 49 93 84 95 39 58 40 14 14 52 67 77 36 79 17 47 76 44 60 19 23 45 26 45 59 20 51 63
49 14 31 68 94 24 43 72 48 54 16 72 35 69 49 81 81 37 89 50 0 27 13 89 15 93 99 65 28 21 47 87 65 60 59 91 27 74 16 46 41 49 12 20 76 87 58 38 11 85 73 11 59 38 17 26 97 38 80 76 27 11 15 48 34 90 90 81 70 22 45 29 24 90 76 42 79 66 68 28 30 74 12 95 53
90 13 56 86 56 10 96 69 35 39 95 74 60 19 88 63 87 41 73 39 27 0 65 84 19 18 90 64 66 98 14 27 37 58 55 82 33 93 52 29 47 58 22 91 72 16 94 86 56 32 53 84 97 17 13 11 75 39 31 59 46 34 41 40 42 44 41 18 63 85 61 86 90 30 53 23 90 96 66 91 75 79 51 14 99
15 95 79 51 20 68 48 77 47 30 87 12 75 92 71 90 91 30 30 40 13 65 0 92 18 95 23 78 43 15 18 93 92 70 85 43 46 15 32 23 40 98 69 74 25 52 48 40 66 81 60 42 90 24 45 42 77 10 94 66 59 38 61 64 86 75 86 83 54 97 44 29 79 22 10 93 73 97 89 91 54 64 59 94 80
68 59 49 53 22 40 76 85 91 34 19 66 57 18 55 23 68 42 61 79 89 84 92 0 82 12 86 57 10 35 28 36 11 16 99 62 28 81 85 37 12 66 55 41 67 85 27 50 41 43 33 91 87 29 92 64 38 99 70 61 29 24 40 21 67 81 35 23 84 17 93 49 16 62 75 41 96 86 77 54 80 74 41 58 29
12 91 29 41 50 86 14 89 64 90 11 58 28 72 74 97 13 17 99 12 15 19 18 82 0 30 74 94 54 26 67 17 57 50 41 96 91 65 92 51 86 11 45 22 40 19 16 40 96 28 85 61 33 36 49 75 90 32 70 87 39 67 60 36 84 45 33 32 22 38 10 90 74 89 59 80 93 69 85 28 48 88 19 81 86
30 60 78 41 40 88 49 40 55 94 90 92 30 44 78 43 15 62 84 34 93 18 95 12 30 0 57 79 60 85 36 34 76 28 41 79 75 62 11 49 58 80 22 20 87 51 15 98 84 65 22 44 73 46 33 71 25 28 46 49 87 21 86 64 40 48 45 11 96 86 47 95 40 60 97 92 66 54 79 95 36 54 61 65 68
49 94 38 53 93 45 52 74 97 32 25 51 51 15 96 88 32 32 33 15 99 90 23 86 74 57 0 78 63 77 74 54 42 38 63 28 67 30 20 19 30 87 40 63 64 41 83 44 78 51 82 96 12 69 62 41 70 58 56 48 91 80 21 38 13 69 57 78 93 33 99 54 84 44 45 53 36 63 93 91 63 96 65 56 20
64 12 88 41 68 12 20 63 46 80 57 74 17 20 11 11 97 90 93 86 65 64 78 57 94 79 78 0 81 73 34 44 90 22 40 45 28 87 47 20 99 61 13 58 44 67 63 40 91 10 89 96 92 11 70 57 32 49 82 27 17 97 70 41 45 44 70 53 74 59 88 99 48 36 16 68 84 82 62 30 34 73 26 11 58
27 82 96 65 39 38 43 41 92 12 33 40 76 81 34 40 40 65 76 78 28 66 43 10 54 60 63 81 0 79 55 29 65 30 54 96 44 88 29 75 98 26 83 78 54 76 47 49 35 99 76 58 49 11 48 87 96 72 83 29 14 27 48 40 63 57 46 56 24 39 89 29 96 50 80 57 89 57 84 50 32 32 66 98 99
26 67 64 17 53 89 29 29 71 36 25 20 13 48 64 53 42 86 81 91 21 98 15 35 26 85 77 73 79 0 34 48 53 75 45 45 55 25 13 29 98 89 96 71 57 98 96 48 96 98 57 52 50 57 24 51 67 36 50 35 89 50 84 54 21 53 80 46 63 27 69 45 39 71 32 34 30 25 63 53 95 36 91 51 27
60 48 11 90 41 34 32 94 90 76 82 46 18 83 57 52 37 94 95 24 47 14 18 28 67 36 74 34 55 34 0 56 88 38 50 37 96 24 71 55 91 41 32 22 78 54 16 74 89 33 80 13 94 54 28 22 91 57 64 96 46 67 89 42 66 64 83 58 32 91 27 18 34 40 29 21 22 93 67 89 88 74 88 93 54
76 17 39 75 84 55 30 79 68 10 49 69 41 84 94 25 58 83 14 73 87 27 93 36 17 34 54 44 29 48 56 0 75 80 96 54 52 21 19 30 71 78 11 28 74 10 50 52 38 61 97 82 86 45 75 80 95 43 24 54 98 14 58 92 68 42 27 99 32 65 46 34 83 69 21 54 22 48 48 90 36 31 48 31 66
56 93 32 49 29 95 11 77 59 43 82 40 15 39 56 17 77 74 59 44 65 37 92 11 57 76 42 90 65 53 88 75 0 56 10 49 84 96 62 74 75 74 91 86 78 55 52 54 47 37 76 49 39 32 30 72 25 97 52 35 43 90 11 86 20 41 76 80 60 16 54 41 98 10 81 95 18 37 62 16 57 18 75 73 17
78 25 88 96 63 44 88 99 74 50 48 18 40 67 14 96 75 93 60 49 60 58 70 16 50 28 38 22 30 75 38 80 56 0 37 26 37 56 65 59 94 24 42 65 65 69 62 79 40 64 24 36 65 14 39 37 50 25 13 67 29 92 62 91 43 99 91 66 65 17 64 39 12 57 19 31 14 58 49 64 70 27 79 74 60
22 85 39 46 37 27 20 52 56 47 32 32 30 91 60 75 40 16 39 13 59 55 85 99 41 41 63 40 54 45 50 96 10 37 0 25 56 49 98 56 57 71 24 24 97 27 76 92 51 21 63 35 64 39 62 31 38 35 88 98 86 13 35 27 72 63 85 88 19 65 37 31 93 48 56 46 74 82 91 52 47 48 46 83 46
36 94 76 24 35 15 61 94 18 36 46 63 81 84 15 92 89 50 91 51 91 82 43 62 96 79 28 45 96 45 37 54 49 26 25 0 50 34 50 53 96 20 18 39 19 64 95 91 86 33 56 80 84 94 60 27 41 75 64 98 52 16 88 15 34 84 56 86 59 39 70 27 59 49 32 65 75 70 27 25 24 22 62 61 82
60 97 90 40 72 79 21 29 37 58 74 71 38 98 79 91 50 20 94 72 27 33 46 28 91 75 67 28 44 55 96 52 84 37 56 50 0 39 27 41 24 58 16 53 90 69 46 20 40 94 82 53 34 95 93 44 34 74 63 37 75 46 53 24 53 23 47 46 38 64 34 22 13 59 79 36 14 66 73 53 56 46 23 34 55
89 49 28 18 78 54 42 18 50 79 46 82 85 24 17 64 66 44 53 55 74 93 15 81 65 62 30 87 88 25 24 21 96 56 49 34 39 0 88 33 11 50 20 61 22 28 54 79 56 97 19 25 15 59 14 80 41 83 13 53 12 34 21 85 31 58 37 31 94 16 77 48 53 58 20 58 15 56 58 37 98 85 85 83 45
41 87 34 79 69 53 69 50 60 35 12 33 78 76 29 95 33 30 96 81 16 52 32 85 92 11 20 47 29 13 71 19 62 65 98 50 27 88 0 18 65 77 50 68 26 80 96 67 78 50 52 63 26 94 60 47 51 19 67 41 30 68 97 55 23 64 46 46 53 60 20 44 38 40 77 75 32 98 27 21 87 89 30 62 81
25 32 31 25 13 70 21 34 76 85 30 49 95 40 42 99 10 54 71 36 46 29 23 37 51 49 19 20 75 29 55 30 74 59 56 53 41 33 18 0 18 83 13 52 22 54 64 54 74 22 51 31 31 36 39 39 35 20 40 60 58 73 29 18 64 40 62 34 67 49 23 94 23 72 92 72 21 33 58 56 40 10 32 79 48
55 28 75 91 52 17 92 30 10 91 78 88 23 21 60 73 39 60 24 46 41 47 40 12 86 58 30 99 98 98 91 71 75 94 57 96 24 11 65 18 0 32 19 84 32 27 52 35 21 79 59 41 63 89 10 44 28 77 87 37 70 66 66 76 86 78 48 73 67 39 43 99 36 44 69 51 64 91 24 37 84 75 69 98 63
82 71 39 31 13 53 17 45 12 92 49 53 48 63 67 87 17 62 76 79 49 58 98 66 11 80 87 61 26 89 41 78 74 24 71 20 58 50 77 83 32 0 12 97 32 11 79 27 47 10 42 73 33 23 42 53 29 64 49 80 77 38 72 76 52 19 45 87 22 60 20 33 71 73 47 96 10 41 11 19 32 64 72 27 91
99 69 71 17 69 32 52 59 30 90 92 23 10 48 13 57 46 64 28 34 12 22 69 55 45 22 40 13 83 96 32 11 91 42 24 18 16 20 50 13 19 12 0 78 61 99 76 42 20 43 86 65 40 64 12 75 94 72 34 55 11 19 77 21 30 82 66 41 11 73 65 96 84 40 60 60 18 84 84 99 62 46 20 96 92
83 33 62 54 13 63 37 33 37 19 94 78 16 13 55 58 56 24 82 39 20 91 74 41 22 20 63 58 78 71 22 28 86 65 24 39 53 61 68 52 84 97 78 0 16 56 45 67 99 57 89 87 91 92 93 52 74 17 52 82 41 49 46 97 28 98 96 30 90 77 45 30 60 19 29 94 41 18 77 44 54 83 43 89 51
98 57 71 64 27 76 99 93 60 95 24 76 56 99 65 57 83 92 84 31 76 72 25 67 40 87 64 44 54 57 78 74 78 65 97 19 90 22 26 22 32 32 61 16 0 99 62 32 52 47 94 24 56 34 41 45 40 45 98 93 16 71 44 22 17 73 75 98 95 29 45 47 61 23 13 10 19 20 19 36 59 81 28 98 63
52 92 90 25 71 35 63 89 17 63 31 64 85 83 32 80 90 51 63 55 87 16 52 85 19 51 41 67 76 98 54 10 55 69 27 64 69 28 80 54 27 11 99 56 99 0 74 66 72 29 56 50 46 33 92 40 89 63 21 62 39 77 22 43 49 68 63 87 53 80 29 63 68 72 72 59 22 63 96 75 97 62 80 83 15
86 29 59 92 39 86 33 62 40 41 90 92 92 30 98 64 96 86 91 15 58 94 48 27 16 15 83 63 47 96 16 50 52 62 76 95 46 54 96 64 52 79 76 45 62 74 0 94 70 25 57 33 87 70 43 70 72 16 56 96 13 93 48 55 38 64 77 77 93 71 91 51 14 66 87 11 48 25 96 74 21 71 82 11 85
95 13 50 58 32 47 26 52 43 10 27 84 72 95 98 81 27 25 38 47 38 86 40 50 40 98 44 40 49 48 74 52 54 79 92 91 20 79 67 54 35 27 42 67 32 66 94 0 18 79 36 67 54 59 88 87 61 94 81 19 72 93 12 89 88 38 62 12 60 58 60 87 64 44 95 76 54 70 79 58 37 91 57 24 37
12 30 34 14 69 41 75 75 60 42 52 89 37 98 94 39 35 11 83 55 11 56 66 41 96 84 78 91 35 96 89 38 47 40 51 86 40 56 78 74 21 47 20 99 52 72 70 18 0 84 15 33 67 71 41 54 60 95 63 11 85 28 26 27 33 78 27 59 34 60 21 19 63 36 14 11 90 37 44 89 56 16 74 37 85
51 34 59 98 23 95 88 23 36 82 89 38 70 71 44 35 15 36 81 70 85 32 81 43 28 65 51 10 99 98 33 61 37 64 21 33 94 97 50 22 79 10 43 57 47 29 25 79 84 0 32 59 72 33 49 17 34 26 42 78 31 26 71 12 33 58 25 76 60 50 47 27 76 71 49 87 93 92 53 57 55 95 77 52 21
26 61 94 25 60 24 65 31 48 92 23 93 20 70 55 87 58 20 39 68 73 53 60 33 85 22 82 89 76 57 80 97 76 24 63 56 82 19 52 51 59 42 86 89 94 56 57 36 15 32 0 36 92 14 10 91 27 20 30 17 46 45 39 81 95 50 75 85 74 83 15 30 10 51 59 52 39 81 82 95 47 94 78 49 63
68 44 27 99 23 86 92 92 56 73 85 36 59 23 67 86 40 84 10 20 11 84 42 91 61 44 96 96 58 52 13 82 49 36 35 80 53 25 63 31 41 73 65 87 24 50 33 67 33 59 36 0 46 41 81 25 39 61 81 74 72 11 67 42 95 54 61 65 79 25 80 31 75 11 19 86 99 81 42 15 33 15 65 38 39
48 68 84 88 85 19 40 46 36 92 81 30 42 81 31 71 14 27 11 65 59 97 90 87 33 73 12 92 49 50 94 86 39 65 64 84 34 15 26 31 63 33 40 91 56 46 87 54 67 72 92 46 0 51 70 76 31 22 17 60 39 38 71 36 61 44 82 93 69 96 34 12 85 92 60 83 10 49 36 37 17 37 38 54 35
60 44 74 59 87 55 13 87 10 63 10 34 28 52 83 41 22 97 54 16 38 17 24 29 36 46 69 11 11 57 54 45 32 14 39 94 95 59 94 36 89 23 64 92 34 33 70 59 71 33 14 41 51 0 64 44 81 99 37 29 91 64 85 11 88 76 10 67 98 73 35 94 84 18 16 15 82 91 17 61 38 76 44 34 92
74 75 41 37 82 22 22 91 13 66 98 99 53 20 96 19 44 39 59 82 17 13 45 92 49 33 62 70 48 24 28 75 30 39 62 60 93 14 60 39 10 42 12 93 41 92 43 88 41 49 10 81 70 64 0 96 27 41 51 85 64 58 85 26 67 93 88 33 49 48 85 75 96 57 79 79 23 12 88 10 42 26 78 28 40
11 70 84 49 42 71 19 41 39 91 84 55 94 66 62 43 84 73 10 95 26 11 42 64 75 71 41 57 87 51 22 80 72 37 31 27 44 80 47 39 44 53 75 52 45 40 70 87 54 17 91 25 76 44 96 0 48 18 49 89 80 80 95 74 84 47 49 94 70 43 34 79 93 55 18 28 48 67 63 38 48 31 58 52 43
62 73 10 14 23 25 72 21 43 96 28 29 37 23 23 51 20 36 28 98 97 75 77 38 90 25 70 32 96 67 91 95 25 50 38 41 34 41 51 35 28 29 94 74 40 89 72 61 60 34 27 39 31 81 27 48 0 95 16 73 78 96 55 31 69 23 69 44 63 42 86 80 99 38 40 26 90 33 91 20 17 96 59 25 98
36 58 90 30 73 39 98 88 21 90 60 61 22 22 75 40 19 39 32 49 38 39 10 99 32 28 58 49 72 36 57 43 97 25 35 75 74 83 19 20 77 64 72 17 45 63 16 94 95 26 20 61 22 99 41 18 95 0 25 63 65 63 17 92 92 84 51 48 92 60 80 22 57 90 68 17 47 74 87 55 60 52 39 43 84
26 32 57 32 77 77 69 83 97 24 86 67 27 93 17 23 54 62 81 93 80 31 94 70 70 46 56 82 83 50 64 24 52 13 88 64 63 13 67 40 87 49 34 52 98 21 56 81 63 42 30 81 17 37 51 49 16 25 0 20 66 57 33 70 47 62 68 11 41 81 73 19 77 39 52 39 14 65 14 34 21 99 69 39 10
81 84 51 36 44 29 59 67 79 12 75 90 96 15 42 44 44 96 42 84 76 59 66 61 87 49 48 27 29 35 96 54 35 67 98 98 37 53 41 60 37 80 55 82 93 62 96 19 11 78 17 74 60 29 85 89 73 63 20 0 86 77 10 73 42 91 47 63 33 47 95 84 30 90 16 29 95 17 54 83 16 67 50 76 13
21 66 59 35 44 57 42 15 72 80 58 53 85 76 75 71 87 36 77 95 27 46 59 29 39 87 91 17 14 89 46 98 43 29 86 52 75 12 30 58 70 77 11 41 16 39 13 72 85 31 46 72 39 91 64 80 78 65 66 86 0 32 26 28 38 72 41 65 36 60 93 82 18 76 52 93 51 10 82 84 34 26 36 95 14
29 92 62 24 47 61 67 50 95 31 50 16 66 44 83 21 73 80 68 39 11 34 38 24 67 21 80 97 27 50 67 14 90 92 13 16 46 34 68 73 66 38 19 49 71 77 93 93 28 26 45 11 38 64 58 80 96 63 57 77 32 0 15 25 14 37 88 86 61 95 28 80 33 19 24 39 51 20 84 36 18 88 74 51 61
37 37 23 55 88 17 84 29 81 58 42 61 55 67 45 21 50 77 60 58 15 41 61 40 60 86 21 70 48 84 89 58 11 62 35 88 53 21 97 29 66 72 77 46 44 22 48 12 26 71 39 67 71 85 85 95 55 17 33 10 26 15 0 85 46 74 74 11 78 24 61 49 28 43 25 46 15 43 18 99 15 83 85 31 61
50 61 23 61 98 19 14 80 92 41 80 20 45 62 39 52 98 21 99 40 48 40 64 21 36 64 38 41 40 54 42 92 86 91 27 15 24 85 55 18 76 76 21 97 22 43 55 89 27 12 81 42 36 11 26 74 31 92 70 73 28 25 85 0 22 98 32 41 73 63 80 53 64 18 87 72 88 94 89 23 88 41 60 80 81
54 98 73 32 70 56 24 48 22 19 50 32 91 54 97 50 25 95 69 14 34 42 86 67 84 40 13 45 63 21 66 68 20 43 72 34 53 31 23 64 86 52 30 28 17 49 38 88 33 33 95 95 61 88 67 84 69 92 47 42 38 14 46 22 0 60 88 58 36 27 12 85 66 65 33 68 73 89 43 36 51 97 69 81 42
77 34 17 11 56 13 24 72 19 22 80 47 52 78 86 27 23 38 40 14 90 44 75 81 45 48 69 44 57 53 64 42 41 99 63 84 23 58 64 40 78 19 82 98 73 68 64 38 78 58 50 54 44 76 93 47 23 84 62 91 72 37 74 98 60 0 16 88 46 42 55 62 57 66 25 99 16 50 97 23 88 64 70 63 81
40 44 57 19 41 59 70 50 67 42 11 46 31 89 52 99 24 13 52 52 90 41 86 35 33 45 57 70 46 80 83 27 76 91 85 56 47 37 46 62 48 45 66 96 75 63 77 62 27 25 75 61 82 10 88 49 69 51 68 47 41 88 74 32 88 16 0 69 10 23 70 37 49 26 23 18 52 37 46 23 12 66 38 94 41
54 51 52 44 34 99 98 43 62 67 41 78 25 14 79 86 42 17 92 67 81 18 83 23 32 11 78 53 56 46 58 99 80 66 88 86 46 31 46 34 73 87 41 30 98 87 77 12 59 76 85 65 93 67 33 94 44 48 11 63 65 86 11 41 58 88 69 0 29 35 20 33 95 69 26 32 22 68 85 23 90 25 22 53 75
52 99 48 69 30 14 70 11 79 25 95 43 52 47 78 13 98 68 94 77 70 63 54 84 22 96 93 74 24 63 32 32 60 65 19 59 38 94 53 67 67 22 11 90 95 53 93 60 34 60 74 79 69 98 49 70 63 92 41 33 36 61 78 73 36 46 10 29 0 71 31 41 30 69 78 44 35 50 67 67 77 68 31 17 48
29 52 42 26 72 96 99 81 61 36 71 69 16 47 13 73 10 68 81 36 22 85 97 17 38 86 33 59 39 27 91 65 16 17 65 39 64 16 60 49 39 60 73 77 29 80 71 58 60 50 83 25 96 73 48 43 42 60 81 47 60 95 24 63 27 42 23 35 71 0 88 75 36 70 74 63 85 56 87 10 11 71 89 90 56
98 56 43 88 79 77 46 86 43 83 61 46 19 70 59 75 67 68 65 79 45 61 44 93 10 47 99 88 89 69 27 46 54 64 37 70 34 77 20 23 43 20 65 45 45 29 91 60 21 47 15 80 34 35 85 34 86 80 73 95 93 28 61 80 12 55 70 20 31 88 0 80 65 73 75 33 75 53 24 39 48 38 85 28 22
29 20 97 88 39 23 23 92 71 21 13 57 12 45 50 21 32 97 37 17 29 86 29 49 90 95 54 99 29 45 18 34 41 39 31 27 22 48 44 94 99 33 96 30 47 63 51 87 19 27 30 31 12 94 75 79 80 22 19 84 82 80 49 53 85 62 37 33 41 75 80 0 91 33 91 15 92 45 59 85 15 22 89 60 97
86 48 27 45 49 91 24 67 78 41 63 32 17 61 86 31 67 44 82 47 24 90 79 16 74 40 84 48 96 39 34 83 98 12 93 59 13 53 38 23 36 71 84 60 61 68 14 64 63 76 10 75 85 84 96 93 99 57 77 30 18 33 28 64 66 57 49 95 30 36 65 91 0 68 39 31 16 32 87 74 87 25 72 27 53
77 80 56 32 65 64 32 58 73 38 36 60 52 95 93 34 45 71 52 76 90 30 22 62 89 60 44 36 50 71 40 69 10 57 48 49 59 58 40 72 44 73 40 19 23 72 66 44 36 71 51 11 92 18 57 55 38 90 39 90 76 19 43 18 65 66 26 69 69 70 73 33 68 0 96 96 61 43 82 36 78 83 52 97 78
34 66 26 68 15 69 42 62 89 42 56 32 96 40 98 26 27 49 74 44 76 53 10 75 59 97 45 16 80 32 29 21 81 19 56 32 79 20 77 92 69 47 60 29 13 72 87 95 14 49 59 19 60 16 79 18 40 68 52 16 52 24 25 87 33 25 23 26 78 74 75 91 39 96 0 46 57 72 47 95 18 11 58 29 68
78 61 59 95 67 16 87 34 36 89 15 29 93 48 43 11 88 24 79 60 42 23 93 41 80 92 53 68 57 34 21 54 95 31 46 65 36 58 75 72 51 96 60 94 10 59 11 76 11 87 52 86 83 15 79 28 26 17 39 29 93 39 46 72 68 99 18 32 44 63 33 15 31 96 46 0 73 35 85 70 62 40 77 98 23
54 20 86 24 64 84 26 93 11 77 17 80 59 56 19 19 52 54 35 19 79 90 73 96 93 66 36 84 89 30 22 22 18 14 74 75 14 15 32 21 64 10 18 41 19 22 48 54 90 93 39 99 10 82 23 48 90 47 14 95 51 51 15 88 73 16 52 22 35 85 75 92 16 61 57 73 0 60 17 28 68 22 18 34 99
35 72 85 16 80 84 73 55 45 69 30 49 61 65 36 34 41 28 38 23 66 96 97 86 69 54 63 82 57 25 93 48 37 58 82 70 66 56 98 33 91 41 84 18 20 63 25 70 37 92 81 81 49 91 12 67 33 74 65 17 10 20 43 94 89 50 37 68 50 56 53 45 32 43 72 35 60 0 64 77 23 98 84 50 84
16 12 42 26 98 44 94 55 49 21 49 14 65 49 89 23 83 62 42 45 68 66 89 77 85 79 93 62 84 63 67 48 62 49 91 27 73 58 27 58 24 11 84 77 19 96 96 79 44 53 82 42 36 17 88 63 91 87 14 54 82 84 18 89 43 97 46 85 67 87 24 59 87 82 47 85 17 64 0 55 69 10 45 81 89
41 16 88 92 89 97 21 31 14 27 51 52 74 14 56 57 27 62 58 26 28 91 91 54 28 95 91 30 50 53 89 90 16 64 52 25 53 37 21 56 37 19 99 44 36 75 74 58 89 57 95 15 37 61 10 38 20 55 34 83 84 36 99 23 36 23 23 23 67 10 39 85 74 36 95 70 28 77 55 0 19 21 37 74 61
37 78 26 15 55 10 41 24 35 98 74 45 47 93 92 16 94 32 94 45 30 75 54 80 48 36 63 34 32 95 88 36 57 70 47 24 56 98 87 40 84 32 62 54 59 97 21 37 56 55 47 33 17 38 42 48 17 60 21 16 34 18 15 88 51 88 12 90 77 11 48 15 87 78 18 62 68 23 69 19 0 50 85 39 85
58 98 98 75 63 84 10 77 58 26 53 75 51 59 70 87 93 68 73 59 74 79 64 74 88 54 96 73 32 36 74 31 18 27 48 22 46 85 89 10 75 64 46 83 81 62 71 91 16 95 94 15 37 76 26 31 96 52 99 67 26 88 83 41 97 64 66 25 68 71 38 22 25 83 11 40 22 98 10 21 50 0 20 34 53
97 21 61 25 65 46 43 27 35 61 51 11 16 46 75 22 69 49 48 20 12 51 59 41 19 61 65 26 66 91 88 48 75 79 46 62 23 85 30 32 69 72 20 43 28 80 82 57 74 77 78 65 38 44 78 58 59 39 69 50 36 74 85 60 69 70 38 22 31 89 85 89 72 52 58 77 18 84 45 37 85 20 0 46 42
66 38 94 97 21 33 91 48 73 86 34 74 86 64 56 85 17 52 89 51 95 14 94 58 81 65 56 11 98 51 93 31 73 74 83 61 34 83 62 79 98 27 96 89 98 83 11 24 37 52 49 38 54 34 28 52 25 43 39 76 95 51 31 80 81 63 94 53 17 90 28 60 27 97 29 98 34 50 81 74 39 34 46 0 38
48 96 93 24 21 45 65 60 30 91 16 56 18 11 91 54 12 84 48 63 53 99 80 29 86 68 20 58 99 27 54 66 17 60 46 82 55 45 81 48 63 91 92 51 63 15 85 37 85 21 63 39 35 92 40 43 98 84 10 13 14 61 61 81 42 81 41 75 48 56 22 97 53 78 68 23 99 84 89 61 85 53 42 38 0