30
0 69 29 37 27 21 39 81 65 29 75 53 26 64 12 71 41 17 89 61 87 33 46 70 79 80 48 34 62 77
69 0 41 92 76 58 68 78 99 39 60 72 23 73 70 35 14 31 23 54 81 59 34 99 26 35 12 24 95 25
29 41 0 16 95 44 33 25 39 26 21 84 55 57 36 93 42 40 88 48 81 84 25 25 71 94 82 23 67 70
37 92 16 0 42 63 17 55 56 55 15 55 86 58 91 87 96 34 86 44 40 51 10 32 83 35 30 13 64 32
27 76 95 42 0 38 69 45 14 46 92 90 88 26 98 62 76 50 23 89 57 87 70 88 72 33 78 21 56 28
21 58 44 63 38 0 20 44 45 18 14 87 91 66 72 77 28 46 99 65 43 26 60 50 85 83 24 68 99 74
39 68 33 17 69 20 0 56 20 76 64 57 45 55 63 61 65 37 73 66 11 87 32 81 35 47 50 78 82 42
81 78 25 55 45 44 56 0 14 74 32 60 93 28 89 66 26 56 36 51 47 76 31 33 84 79 50 50 47 62
65 99 39 56 14 45 20 14 0 72 83 33 20 66 92 72 25 26 91 21 73 71 29 22 64 89 34 13 28 99
29 39 26 55 46 18 76 74 72 0 47 89 52 17 47 13 71 60 92 12 74 23 33 76 78 61 92 97 55 28
75 60 21 15 92 14 64 32 83 47 0 79 36 73 33 18 75 14 12 42 34 49 82 93 35 65 42 61 94 41
53 72 84 55 90 87 57 60 33 89 79 0 40 42 54 74 92 29 69 14 75 27 19 80 64 11 44 48 36 77
26 23 55 86 88 91 45 93 20 52 36 40 0 36 90 97 62 77 94 92 59 60 24 10 71 61 91 69 61 45
64 73 57 58 26 66 55 28 66 17 73 42 36 0 60 72 57 95 93 70 65 32 67 85 13 90 69 56 77 27
12 70 36 91 98 72 63 89 92 47 33 54 90 60 0 48 87 29 62 99 65 48 19 29 67 62 63 68 90 13
71 35 93 87 62 77 61 66 72 13 18 74 97 72 48 0 84 41 21 67 65 30 58 42 33 95 58 36 86 13
41 14 42 96 76 28 65 26 25 71 75 92 62 57 87 84 0 28 57 67 30 27 23 89 17 36 59 72 34 65
17 31 40 34 50 46 37 56 26 60 14 29 77 95 29 41 28 0 70 16 23 90 88 32 88 43 96 83 79 21
89 23 88 86 23 99 73 36 91 92 12 69 94 93 62 21 57 70 0 99 75 75 81 33 11 54 24 58 64 90
61 54 48 44 89 65 66 51 21 12 42 14 92 70 99 67 67 16 99 0 40 17 34 22 60 30 50 58 78 11
87 81 81 40 57 43 11 47 73 74 34 75 59 65 65 65 30 23 75 40 0 95 34 74 96 41 23 23 74 16
33 59 84 51 87 26 87 76 71 23 49 27 60 32 48 30 27 90 75 17 95 0 32 66 80 60 46 24 11 40
46 34 25 10 70 60 32 31 29 33 82 19 24 67 19 58 23 88 81 34 34 32 0 60 51 26 35 78 77 35
70 99 25 32 88 50 81 33 22 76 93 80 10 85 29 42 89 32 33 22 74 66 60 0 18 31 60 15 13 12
79 26 71 83 72 85 35 84 64 78 35 64 71 13 67 33 17 88 11 60 96 80 51 18 0 65 57 91 80 13
80 35 94 35 33 83 47 79 89 61 65 11 61 90 62 95 36 43 54 30 41 60 26 31 65 0 52 60 43 63
48 12 82 30 78 24 50 50 34 92 42 44 91 69 63 58 59 96 24 50 23 46 35 60 57 52 0 73 67 56
34 24 23 13 21 68 78 50 13 97 61 48 69 56 68 36 72 83 58 58 23 24 78 15 91 60 73 0 49 63
62 95 67 64 56 99 82 47 28 55 94 36 61 77 90 86 34 79 64 78 74 11 77 13 80 43 67 49 0 95
77 25 70 32 28 74 42 62 99 28 41 77 45 27 13 13 65 21 90 11 16 40 35 12 13 63 56 63 95 0