75
0 35 12 37 94 24 98 75 41 23 53 80 82 24 44 64 54 69 85 61 62 66 41 15 87 32 46 56 34 83 44 45 68 32 53 53 24 20 23 37 93 74 38 95 43 41 66 94 96 43 96 80 92 97 17 85 34 12 28 49 38 78 64 20 89 51 79 84 99 83 59 45 14 36 54
35 0 51 81 60 90 75 64 36 67 39 93 16 18 29 24 50 81 55 74 33 58 96 54 82 72 66 35 95 83 61 50 66 99 78 61 17 22 76 69 97 21 28 58 57 89 89 35 77 86 24 69 32 48 69 18 30 79 34 95 40 89 74 70 24 10 34 92 85 49 61 47 80 65 28
12 51 0 67 17 75 82 78 80 75 45 65 34 29 27 42 41 62 18 76 20 12 46 58 26 89 47 36 52 26 39 47 14 34 57 56 64 87 12 27 16 16 56 35 30 82 76 39 37 37 31 53 72 79 70 94 46 17 38 18 70 97 81 45 91 38 51 57 11 81 57 68 14 44 67
37 81 67 0 92 47 47 65 24 13 77 77 33 79 16 62 33 58 66 81 65 58 16 28 24 90 12 86 20 20 60 24 22 61 44 82 58 63 50 98 16 88 35 62 98 67 61 28 30 64 95 86 50 14 16 68 95 46 23 96 78 71 75 24 80 80 63 83 61 30 85 87 61 43 64
94 60 17 92 0 56 68 56 85 69 82 10 51 46 76 13 33 78 22 89 25 90 97 96 65 64 30 46 69 23 48 81 72 70 79 29 55 30 43 99 55 32 86 27 38 27 62 80 50 14 79 48 48 86 99 74 64 55 40 26 30 84 10 93 96 90 16 51 81 98 79 12 91 93 33
24 90 75 47 56 0 22 92 20 64 16 82 30 57 80 36 66 89 22 72 41 29 61 39 40 23 27 99 25 29 62 82 24 70 79 56 74 14 22 11 89 62 16 38 77 88 94 48 49 12 43 84 91 18 87 53 64 84 95 95 56 84 81 52 46 85 91 38 96 29 44 49 11 20 81
98 75 82 47 68 22 0 77 67 12 37 54 67 18 68 30 23 38 89 47 95 92 96 20 35 41 41 20 15 75 71 73 85 68 95 18 15 64 81 57 17 62 68 39 20 68 73 48 72 67 53 62 35 96 79 86 89 22 37 74 44 27 27 14 95 39 60 12 64 17 38 34 99 30 51
75 64 78 65 56 92 77 0 26 86 15 23 70 63 29 53 29 61 58 16 22 27 84 68 55 15 17 29 72 92 91 35 35 83 81 11 91 98 45 19 14 70 31 41 21 22 81 84 77 11 68 96 46 60 92 38 67 25 46 60 46 59 82 79 78 39 66 89 90 65 93 71 42 56 55
41 36 80 24 85 20 67 26 0 60 60 99 29 88 52 10 83 38 38 75 39 97 74 90 40 77 37 60 19 99 69 34 42 26 49 28 40 39 65 14 91 44 80 28 63 53 59 99 17 66 62 82 71 88 98 57 12 63 13 11 50 20 32 33 71 35 85 40 59 73 66 27 80 51 49
23 67 75 13 69 64 12 86 60 0 92 30 82 10 93 19 67 91 28 74 16 17 82 72 48 43 92 28 91 23 84 49 10 67 62 47 37 12 99 81 71 19 43 69 83 49 19 17 59 33 39 13 79 60 38 11 94 96 85 68 55 62 82 29 34 93 73 75 76 54 35 90 61 81 52
53 39 45 77 82 16 37 15 60 92 0 33 78 56 77 83 98 65 21 37 36 47 75 46 39 95 84 56 49 44 86 16 79 55 99 32 51 22 53 25 69 91 20 94 55 70 66 79 72 44 85 37 85 78 84 95 69 27 83 24 65 30 51 74 13 59 34 94 18 46 33 74 33 50 96
80 93 65 77 10 82 54 23 99 30 33 0 89 24 28 76 73 77 71 74 60 34 58 74 56 40 41 70 40 45 48 48 53 76 23 43 20 30 71 22 99 20 82 11 75 58 52 82 75 68 25 28 60 15 11 30 68 38 96 58 77 73 97 70 32 25 28 67 72 19 78 72 50 99 48
82 16 34 33 51 30 67 70 29 82 78 89 0 54 30 23 68 39 69 71 43 66 56 29 92 13 28 46 97 20 57 89 46 32 59 85 92 10 84 37 74 27 73 33 38 63 65 86 14 88 34 72 59 28 53 41 28 79 11 19 74 26 63 82 12 83 83 39 50 33 17 78 14 65 21
24 18 29 79 46 57 18 63 88 10 56 24 54 0 53 60 51 13 17 47 57 30 61 82 50 20 72 78 94 80 81 63 98 60 37 51 29 66 42 52 64 44 43 95 52 47 37 86 74 44 37 12 83 54 46 78 75 19 31 70 88 77 77 78 19 73 20 69 77 14 57 83 69 89 81
44 29 27 16 76 80 68 29 52 93 77 28 30 53 0 96 76 78 19 28 37 64 13 72 28 38 25 76 22 23 13 21 36 20 83 51 84 98 55 31 29 87 90 38 52 88 97 21 59 71 69 16 27 68 31 11 27 90 23 68 38 87 80 87 20 47 70 43 62 47 95 70 29 77 94
64 24 42 62 13 36 30 53 10 19 83 76 23 60 96 0 47 94 90 64 64 36 99 50 26 56 94 28 41 27 23 81 33 16 94 99 55 50 60 92 92 81 33 59 72 69 91 15 14 74 70 23 59 98 35 94 96 42 82 59 76 57 84 43 57 52 40 55 10 15 52 28 23 46 22
54 50 41 33 33 66 23 29 83 67 98 73 68 51 76 47 0 65 75 66 70 54 93 42 47 46 33 20 59 92 83 88 57 68 97 61 47 63 12 94 94 91 84 16 43 56 39 63 96 83 81 43 11 80 33 56 76 13 28 13 72 61 47 45 17 88 90 25 25 99 49 39 41 11 65
69 81 62 58 78 89 38 61 38 91 65 77 39 13 78 94 65 0 51 47 73 41 85 25 16 91 32 19 50 50 62 76 56 58 76 47 31 29 10 84 31 32 50 19 20 78 92 41 83 24 23 41 97 54 67 27 67 27 16 65 41 49 84 71 25 18 35 32 30 68 44 59 79 78 42
85 55 18 66 22 22 89 58 38 28 21 71 69 17 19 90 75 51 0 59 56 70 12 88 59 97 90 47 95 10 35 86 26 57 95 15 27 57 15 62 25 67 14 14 42 49 36 29 25 50 41 10 99 69 77 80 86 16 49 57 47 95 92 11 68 20 46 79 89 54 32 18 72 50 67
61 74 76 81 89 72 47 16 75 74 37 74 71 47 28 64 66 47 59 0 18 49 64 83 39 40 22 56 26 60 61 28 88 93 35 44 31 22 52 63 20 76 90 89 49 34 57 91 18 79 70 39 48 14 21 57 28 42 26 72 93 26 64 62 89 23 27 17 97 46 40 52 62 30 67
62 33 20 65 25 41 95 22 39 16 36 60 43 57 37 64 70 73 56 18 0 19 75 56 72 46 61 61 54 13 38 70 57 44 51 71 86 48 43 15 88 18 90 58 61 29 56 96 38 50 10 10 95 14 78 57 21 71 37 35 48 83 39 17 57 56 33 85 11 24 99 65 41 99 15
66 58 12 58 90 29 92 27 97 17 47 34 66 30 64 36 54 41 70 49 19 0 42 62 21 88 95 49 85 80 45 27 56 94 70 44 19 30 61 32 70 24 13 75 96 35 49 14 78 94 93 28 42 41 17 57 14 88 74 16 19 45 47 34 64 50 54 19 96 67 21 89 74 83 37
41 96 46 16 97 61 96 84 74 82 75 58 56 61 13 99 93 85 12 64 75 42 0 74 45 46 20 45 51 54 26 59 21 65 93 45 49 99 59 95 70 17 54 17 40 94 84 80 68 80 97 19 34 61 86 42 72 56 69 42 89 60 28 66 32 25 30 29 46 67 55 98 30 76 99
15 54 58 28 96 39 20 68 90 72 46 74 29 82 72 50 42 25 88 83 56 62 74 0 93 96 36 80 53 98 96 81 86 80 48 35 76 70 25 20 53 29 63 42 57 36 95 47 39 18 46 25 76 58 70 29 30 46 13 66 67 15 19 77 95 60 26 57 65 39 29 35 56 93 44
87 82 26 24 65 40 35 55 40 48 39 56 92 50 28 26 47 16 59 39 72 21 45 93 0 40 57 97 90 29 48 48 13 88 77 26 12 43 26 30 90 43 10 42 31 97 61 87 70 84 95 25 40 84 32 91 69 42 76 67 67 46 65 16 37 86 78 56 48 33 53 96 98 62 24
32 72 89 90 64 23 41 15 77 43 95 40 13 20 38 56 46 91 97 40 46 88 46 96 40 0 64 38 69 80 59 24 21 89 69 64 61 55 40 48 27 31 27 75 43 42 13 54 25 54 54 71 24 88 33 88 85 29 56 44 84 16 70 43 48 63 34 71 49 40 72 90 46 81 41
46 66 47 12 30 27 41 17 37 92 84 41 28 72 25 94 33 32 90 22 61 95 20 36 57 64 0 45 35 60 66 19 59 46 50 68 60 46 22 22 71 18 81 43 64 23 55 50 92 90 81 14 77 47 71 39 31 86 77 41 85 46 57 99 81 76 75 97 28 25 24 42 38 85 63
56 35 36 86 46 99 20 29 60 28 56 70 46 78 76 28 20 19 47 56 61 49 45 80 97 38 45 0 45 67 34 45 96 29 57 12 47 80 64 59 22 54 19 51 80 70 21 29 72 98 19 86 54 48 18 46 89 30 94 13 47 73 92 10 69 28 68 14 23 23 23 54 88 95 10
34 95 52 20 69 25 15 72 19 91 49 40 97 94 22 41 59 50 95 26 54 85 51 53 90 69 35 45 0 55 26 69 97 59 87 11 54 45 40 68 34 47 30 43 70 78 19 72 37 19 26 94 40 97 10 34 25 97 62 12 22 59 36 85 98 78 20 67 81 87 35 37 13 52 13
83 83 26 20 23 29 75 92 99 23 44 45 20 80 23 27 92 50 10 60 13 80 54 98 29 80 60 67 55 0 37 97 24 18 40 29 32 55 98 89 56 15 90 32 60 15 70 25 82 51 96 95 68 47 75 97 10 85 64 11 71 97 85 66 81 39 82 60 43 82 44 22 18 41 36
44 61 39 60 48 62 71 91 69 84 86 48 57 81 13 23 83 62 35 61 38 45 26 96 48 59 66 34 26 37 0 28 16 26 83 77 47 67 27 40 99 81 24 17 25 73 24 45 40 18 59 29 63 75 54 29 97 52 80 49 22 53 63 20 39 63 86 15 64 72 55 33 14 88 69
45 50 47 24 81 82 73 35 34 49 16 48 89 63 21 81 88 76 86 28 70 27 59 81 48 24 19 45 69 97 28 0 88 75 21 74 29 74 15 21 49 89 39 95 68 35 71 35 63 14 64 38 36 39 39 29 38 39 86 63 13 27 81 94 41 73 21 78 88 70 57 97 59 39 93
68 66 14 22 72 24 85 35 42 10 79 53 46 98 36 33 57 56 26 88 57 56 21 86 13 21 59 96 97 24 16 88 0 16 75 37 39 70 69 88 27 24 49 26 61 29 75 12 66 99 57 44 94 36 88 71 52 45 61 36 94 81 93 21 79 47 37 45 61 85 12 91 98 83 39
32 99 34 61 70 70 68 83 26 67 55 76 32 60 20 16 68 58 57 93 44 94 65 80 88 89 46 29 59 18 26 75 16 0 27 62 89 83 48 23 44 98 82 67 54 77 68 11 16 21 93 34 15 31 11 75 55 61 88 46 28 30 29 23 51 94 68 89 95 14 63 33 86 24 54
53 78 57 44 79 79 95 81 49 62 99 23 59 37 83 94 97 76 95 35 51 70 93 48 77 69 50 57 87 40 83 21 75 27 0 69 84 75 98 49 12 24 65 27 96 76 29 28 14 77 93 12 39 88 60 76 88 19 30 88 66 48 16 74 93 82 29 16 70 44 41 51 88 37 29
53 61 56 82 29 56 18 11 28 47 32 43 85 51 51 99 61 47 15 44 71 44 45 35 26 64 68 12 11 29 77 74 37 62 69 0 18 27 73 33 38 97 63 90 88 28 77 93 61 81 11 22 74 23 18 34 18 11 54 36 94 55 25 99 25 27 30 64 31 74 64 13 70 50 29
24 17 64 58 55 74 15 91 40 37 51 20 92 29 84 55 47 31 27 31 86 19 49 76 12 61 60 47 54 32 47 29 39 89 84 18 0 62 63 62 76 91 29 37 57 61 10 26 49 92 42 20 85 59 15 37 57 56 44 99 61 52 54 45 78 83 31 90 14 74 93 34 35 99 22
20 22 87 63 30 14 64 98 39 12 22 30 10 66 98 50 63 29 57 22 48 30 99 70 43 55 46 80 45 55 67 74 70 83 75 27 62 0 85 82 33 33 49 12 86 61 72 48 23 46 54 57 35 94 16 66 12 79 50 14 69 33 70 57 34 64 13 41 14 31 54 92 34 80 44
23 76 12 50 43 22 81 45 65 99 53 71 84 42 55 60 12 10 15 52 43 61 59 25 26 40 22 64 40 98 27 15 69 48 98 73 63 85 0 99 38 49 68 38 96 42 95 54 12 60 79 80 29 47 94 62 50 21 64 75 66 42 37 21 42 15 98 73 99 32 53 51 68 47 78
37 69 27 98 99 11 57 19 14 81 25 22 37 52 31 92 94 84 62 63 15 32 95 20 30 48 22 59 68 89 40 21 88 23 49 33 62 82 99 0 90 59 10 99 18 73 58 32 41 45 64 62 75 20 48 11 51 44 70 55 90 53 78 41 68 79 63 18 69 45 93 63 92 93 49
93 97 16 16 55 89 17 14 91 71 69 99 74 64 29 92 94 31 25 20 88 70 70 53 90 27 71 22 34 56 99 49 27 44 12 38 76 33 38 90 0 10 71 71 33 16 12 58 16 60 79 25 27 83 47 54 22 61 25 31 11 17 88 32 86 38 72 27 41 52 81 53 23 12 26
74 21 16 88 32 62 62 70 44 19 91 20 27 44 87 81 91 32 67 76 18 24 17 29 43 31 18 54 47 15 81 89 24 98 24 97 91 33 49 59 10 0 10 64 49 83 79 46 62 66 99 48 60 71 54 39 52 53 85 67 89 23 20 18 56 41 16 11 41 98 29 87 49 38 47
38 28 56 35 86 16 68 31 80 43 20 82 73 43 90 33 84 50 14 90 90 13 54 63 10 27 81 19 30 90 24 39 49 82 65 63 29 49 68 10 71 10 0 18 66 52 30 12 63 81 56 62 54 51 60 57 45 38 91 74 96 65 61 92 11 63 46 34 37 41 54 93 90 88 17
95 58 35 62 27 38 39 41 28 69 94 11 33 95 38 59 16 19 14 89 58 75 17 42 42 75 43 51 43 32 17 95 26 67 27 90 37 12 38 99 71 64 18 0 83 66 51 14 81 26 11 46 50 24 59 82 47 92 60 69 37 80 68 56 11 98 90 99 29 96 29 82 82 41 77
43 57 30 98 38 77 20 21 63 83 55 75 38 52 52 72 43 20 42 49 61 96 40 57 31 43 64 80 70 60 25 68 61 54 96 88 57 86 96 18 33 49 66 83 0 24 58 83 45 81 72 69 59 96 12 75 23 82 15 83 54 21 59 46 27 10 14 54 11 41 37 56 69 50 68
41 89 82 67 27 88 68 22 53 49 70 58 63 47 88 69 56 78 49 34 29 35 94 36 97 42 23 70 78 15 73 35 29 77 76 28 61 61 42 73 16 83 52 66 24 0 72 43 78 33 72 62 16 54 40 41 91 56 31 47 95 93 57 83 94 60 33 61 77 95 45 88 91 84 67
66 89 76 61 62 94 73 81 59 19 66 52 65 37 97 91 39 92 36 57 56 49 84 95 61 13 55 21 19 70 24 71 75 68 29 77 10 72 95 58 12 79 30 51 58 72 0 71 75 67 86 53 46 16 47 73 87 58 32 89 54 64 63 91 49 78 18 41 98 78 17 55 56 15 51
94 35 39 28 80 48 48 84 99 17 79 82 86 86 21 15 63 41 29 91 96 14 80 47 87 54 50 29 72 25 45 35 12 11 28 93 26 48 54 32 58 46 12 14 83 43 71 0 63 50 95 54 77 15 77 71 41 18 78 22 22 59 75 91 64 44 46 37 41 72 61 53 53 37 93
96 77 37 30 50 49 72 77 17 59 72 75 14 74 59 14 96 83 25 18 38 78 68 39 70 25 92 72 37 82 40 63 66 16 14 61 49 23 12 41 16 62 63 81 45 78 75 63 0 50 53 56 51 14 29 44 39 33 92 41 93 71 17 32 29 41 96 20 59 79 14 88 15 68 10
43 86 37 64 14 12 67 11 66 33 44 68 88 44 71 74 83 24 50 79 50 94 80 18 84 54 90 98 19 51 18 14 99 21 77 81 92 46 60 45 60 66 81 26 81 33 67 50 50 0 22 19 67 31 56 38 21 99 50 32 40 56 71 20 99 10 17 70 44 48 44 17 74 81 87
96 24 31 95 79 43 53 68 62 39 85 25 34 37 69 70 81 23 41 70 10 93 97 46 95 54 81 19 26 96 59 64 57 93 93 11 42 54 79 64 79 99 56 11 72 72 86 95 53 22 0 20 74 31 94 81 39 70 82 82 94 70 36 25 25 22 11 58 71 66 46 10 24 67 91
80 69 53 86 48 84 62 96 82 13 37 28 72 12 16 23 43 41 10 39 10 28 19 25 25 71 14 86 94 95 29 38 44 34 12 22 20 57 80 62 25 48 62 46 69 62 53 54 56 19 20 0 10 99 41 60 63 80 11 27 71 56 73 12 97 99 16 40 19 83 85 62 75 93 60
92 32 72 50 48 91 35 46 71 79 85 60 59 83 27 59 11 97 99 48 95 42 34 76 40 24 77 54 40 68 63 36 94 15 39 74 85 35 29 75 27 60 54 50 59 16 46 77 51 67 74 10 0 91 71 29 83 32 69 23 57 37 36 35 13 83 82 38 13 82 97 34 18 14 50
97 48 79 14 86 18 96 60 88 60 78 15 28 54 68 98 80 54 69 14 14 41 61 58 84 88 47 48 97 47 75 39 36 31 88 23 59 94 47 20 83 71 51 24 96 54 16 15 14 31 31 99 91 0 41 31 59 60 47 53 74 96 27 47 86 43 30 41 51 59 97 89 50 84 65
17 69 70 16 99 87 79 92 98 38 84 11 53 46 31 35 33 67 77 21 78 17 86 70 32 33 71 18 10 75 54 39 88 11 60 18 15 16 94 48 47 54 60 59 12 40 47 77 29 56 94 41 71 41 0 36 23 10 70 87 45 90 92 62 33 71 50 51 69 15 74 29 82 49 83
85 18 94 68 74 53 86 38 57 11 95 30 41 78 11 94 56 27 80 57 57 57 42 29 91 88 39 46 34 97 29 29 71 75 76 34 37 66 62 11 54 39 57 82 75 41 73 71 44 38 81 60 29 31 36 0 76 60 71 77 82 65 20 81 14 19 87 61 76 71 70 39 93 76 51
34 30 46 95 64 64 89 67 12 94 69 68 28 75 27 96 76 67 86 28 21 14 72 30 69 85 31 89 25 10 97 38 52 55 88 18 57 12 50 51 22 52 45 47 23 91 87 41 39 21 39 63 83 59 23 76 0 64 53 77 88 44 29 27 47 66 70 66 30 55 41 25 62 65 89
12 79 17 46 55 84 22 25 63 96 27 38 79 19 90 42 13 27 16 42 71 88 56 46 42 29 86 30 97 85 52 39 45 61 19 11 56 79 21 44 61 53 38 92 82 56 58 18 33 99 70 80 32 60 10 60 64 0 54 29 32 35 55 88 31 21 86 66 85 79 58 17 44 94 62
28 34 38 23 40 95 37 46 13 85 83 96 11 31 23 82 28 16 49 26 37 74 69 13 76 56 77 94 62 64 80 86 61 88 30 54 44 50 64 70 25 85 91 60 15 31 32 78 92 50 82 11 69 47 70 71 53 54 0 96 89 26 30 54 78 26 77 59 95 10 97 35 62 76 72
49 95 18 96 26 95 74 60 11 68 24 58 19 70 68 59 13 65 57 72 35 16 42 66 67 44 41 13 12 11 49 63 36 46 88 36 99 14 75 55 31 67 74 69 83 47 89 22 41 32 82 27 23 53 87 77 77 29 96 0 45 24 72 58 79 93 38 53 47 74 52 83 65 17 32
38 40 70 78 30 56 44 46 50 55 65 77 74 88 38 76 72 41 47 93 48 19 89 67 67 84 85 47 22 71 22 13 94 28 66 94 61 69 66 90 11 89 96 37 54 95 54 22 93 40 94 71 57 74 45 82 88 32 89 45 0 90 20 57 12 64 82 19 71 15 32 67 62 13 43
78 89 97 71 84 84 27 59 20 62 30 73 26 77 87 57 61 49 95 26 83 45 60 15 46 16 46 73 59 97 53 27 81 30 48 55 52 33 42 53 17 23 65 80 21 93 64 59 71 56 70 56 37 96 90 65 44 35 26 24 90 0 29 31 53 87 77 78 38 85 99 28 23 14 35
64 74 81 75 10 81 27 82 32 82 51 97 63 77 80 84 47 84 92 64 39 47 28 19 65 70 57 92 36 85 63 81 93 29 16 25 54 70 37 78 88 20 61 68 59 57 63 75 17 71 36 73 36 27 92 20 29 55 30 72 20 29 0 57 42 57 29 31 63 64 56 65 64 69 98
20 70 45 24 93 52 14 79 33 29 74 70 82 78 87 43 45 71 11 62 17 34 66 77 16 43 99 10 85 66 20 94 21 23 74 99 45 57 21 41 32 18 92 56 46 83 91 91 32 20 25 12 35 47 62 81 27 88 54 58 57 31 57 0 45 69 15 44 66 46 92 44 15 91 10
89 24 91 80 96 46 95 78 71 34 13 32 12 19 20 57 17 25 68 89 57 64 32 95 37 48 81 69 98 81 39 41 79 51 93 25 78 34 42 68 86 56 11 11 27 94 49 64 29 99 25 97 13 86 33 14 47 31 78 79 12 53 42 45 0 39 64 14 12 19 40 62 66 99 11
51 10 38 80 90 85 39 39 35 93 59 25 83 73 47 52 88 18 20 23 56 50 25 60 86 63 76 28 78 39 63 73 47 94 82 27 83 64 15 79 38 41 63 98 10 60 78 44 41 10 22 99 83 43 71 19 66 21 26 93 64 87 57 69 39 0 89 47 31 24 49 97 70 36 81
79 34 51 63 16 91 60 66 85 73 34 28 83 20 70 40 90 35 46 27 33 54 30 26 78 34 75 68 20 82 86 21 37 68 29 30 31 13 98 63 72 16 46 90 14 33 18 46 96 17 11 16 82 30 50 87 70 86 77 38 82 77 29 15 64 89 0 56 53 32 64 72 93 21 80
84 92 57 83 51 38 12 89 40 75 94 67 39 69 43 55 25 32 79 17 85 19 29 57 56 71 97 14 67 60 15 78 45 89 16 64 90 41 73 18 27 11 34 99 54 61 41 37 20 70 58 40 38 41 51 61 66 66 59 53 19 78 31 44 14 47 56 0 11 86 80 89 14 21 24
99 85 11 61 81 96 64 90 59 76 18 72 50 77 62 10 25 30 89 97 11 96 46 65 48 49 28 23 81 43 64 88 61 95 70 31 14 14 99 69 41 41 37 29 11 77 98 41 59 44 71 19 13 51 69 76 30 85 95 47 71 38 63 66 12 31 53 11 0 50 50 99 44 23 71
83 49 81 30 98 29 17 65 73 54 46 19 33 14 47 15 99 68 54 46 24 67 67 39 33 40 25 23 87 82 72 70 85 14 44 74 74 31 32 45 52 98 41 96 41 95 78 72 79 48 66 83 82 59 15 71 55 79 10 74 15 85 64 46 19 24 32 86 50 0 17 27 92 72 93
59 61 57 85 79 44 38 93 66 35 33 78 17 57 95 52 49 44 32 40 99 21 55 29 53 72 24 23 35 44 55 57 12 63 41 64 93 54 53 93 81 29 54 29 37 45 17 61 14 44 46 85 97 97 74 70 41 58 97 52 32 99 56 92 40 49 64 80 50 17 0 25 53 69 31
45 47 68 87 12 49 34 71 27 90 74 72 78 83 70 28 39 59 18 52 65 89 98 35 96 90 42 54 37 22 33 97 91 33 51 13 34 92 51 63 53 87 93 82 56 88 55 53 88 17 10 62 34 89 29 39 25 17 35 83 67 28 65 44 62 97 72 89 99 27 25 0 67 89 19
14 80 14 61 91 11 99 42 80 61 33 50 14 69 29 23 41 79 72 62 41 74 30 56 98 46 38 88 13 18 14 59 98 86 88 70 35 34 68 92 23 49 90 82 69 91 56 53 15 74 24 75 18 50 82 93 62 44 62 65 62 23 64 15 66 70 93 14 44 92 53 67 0 54 31
36 65 44 43 93 20 30 56 51 81 50 99 65 89 77 46 11 78 50 30 99 83 76 93 62 81 85 95 52 41 88 39 83 24 37 50 99 80 47 93 12 38 88 41 50 84 15 37 68 81 67 93 14 84 49 76 65 94 76 17 13 14 69 91 99 36 21 21 23 72 69 89 54 0 71
54 28 67 64 33 81 51 55 49 52 96 48 21 81 94 22 65 42 67 67 15 37 99 44 24 41 63 10 13 36 69 93 39 54 29 29 22 44 78 49 26 47 17 77 68 67 51 93 10 87 91 60 50 65 83 51 89 62 72 32 43 35 98 10 11 81 80 24 71 93 31 19 31 71 0