125
0 42 28 46 65 75 65 12 54 27 38 31 54 10 55 47 73 20 48 82 27 87 95 24 65 14 25 47 41 42 23 91 67 44 55 75 82 37 22 60 31 39 23 16 31 12 50 40 80 66 68 26 51 59 25 11 27 67 41 18 51 18 99 39 90 60 70 42 57 53 27 69 93 27 28 41 14 14 94 89 67 22 69 11 65 17 22 53 58 86 16 70 25 17 35 55 41 26 84 28 74 11 86 56 93 66 53 84 85 43 54 75 96 11 63 60 90 83 52 26 79 15 68 36 41
42 0 59 63 96 90 84 89 77 22 63 44 23 77 85 40 70 26 41 32 88 26 26 42 72 55 64 55 80 62 48 70 47 19 81 46 19 81 96 78 89 29 39 80 41 23 64 69 26 97 79 80 44 57 64 67 39 22 20 82 90 31 79 36 14 13 65 86 56 19 99 75 10 72 71 46 73 82 15 77 47 62 84 23 29 84 27 48 80 12 60 59 29 25 71 90 84 83 42 61 64 55 60 41 38 86 60 36 11 76 76 66 27 70 18 26 96 82 83 24 86 61 13 28 31
28 59 0 67 80 43 14 58 98 86 81 92 58 43 88 98 28 33 69 44 30 41 59 14 63 63 40 77 51 64 39 93 65 51 50 90 84 81 10 90 21 37 21 95 13 86 97 30 63 59 53 94 28 74 69 67 35 74 43 81 52 91 31 41 35 42 48 32 86 61 30 90 58 78 87 82 20 42 63 47 86 52 83 81 14 39 38 39 89 84 71 73 77 22 11 52 81 18 61 18 33 23 92 52 20 35 64 92 10 17 35 77 40 91 88 40 49 91 14 53 63 98 44 20 71
46 63 67 0 61 50 43 97 31 45 80 19 34 60 11 21 20 37 35 81 64 31 93 73 36 63 47 89 92 59 15 76 53 51 71 82 48 30 69 41 54 55 65 90 62 40 41 10 82 28 45 25 47 23 22 65 68 90 87 12 60 18 93 54 29 45 92 25 63 28 90 32 93 34 77 45 21 70 48 94 31 31 13 70 44 35 45 65 46 53 33 55 87 82 54 86 78 72 24 11 68 61 61 20 65 72 21 39 24 96 66 88 32 17 92 31 23 82 49 39 18 78 82 62 36
65 96 80 61 0 54 51 92 81 63 86 81 79 97 60 87 49 60 83 13 29 47 36 64 57 92 57 26 67 54 58 46 92 95 62 37 94 34 45 33 90 55 23 40 53 94 39 61 57 61 80 83 47 43 83 39 18 24 46 51 61 39 23 54 12 42 57 13 96 45 20 44 10 13 91 98 62 20 54 63 32 54 53 50 82 52 45 76 34 62 28 96 75 53 14 51 89 30 32 21 38 24 93 87 90 81 37 15 22 79 45 47 99 35 30 58 87 51 97 23 35 75 71 99 84
75 90 43 50 54 0 56 31 83 73 32 66 81 95 68 61 53 38 43 96 34 92 49 63 88 62 58 69 56 30 97 41 76 13 95 32 80 68 32 46 36 53 15 85 78 71 80 21 51 75 24 58 41 99 64 51 47 77 67 67 60 98 25 96 49 20 92 42 95 86 44 54 12 98 12 38 43 99 97 81 31 38 78 38 98 93 86 42 35 54 61 82 49 20 20 95 54 87 24 54 89 72 18 36 11 94 78 72 95 79 65 93 13 95 11 21 59 38 45 42 71 69 57 51 95
65 84 14 43 51 56 0 59 59 86 83 59 76 51 13 75 76 82 37 52 68 21 70 23 79 69 81 23 82 30 61 21 64 13 51 94 61 58 53 60 88 72 18 55 37 81 32 68 63 85 27 24 97 68 72 96 57 64 64 23 17 81 73 86 50 37 96 28 36 61 16 73 79 51 62 28 24 51 50 20 30 40 98 33 97 73 79 44 88 52 47 33 17 14 54 32 17 59 22 75 78 70 20 15 60 26 20 24 36 51 75 69 19 28 28 99 50 77 72 28 24 58 10 21 21
12 89 58 97 92 31 59 0 24 24 31 42 81 12 64 66 79 15 34 81 46 51 22 74 39 84 27 72 63 56 37 16 24 67 62 60 80 15 48 28 14 70 24 73 20 90 21 28 94 53 69 22 65 96 99 79 71 87 92 84 93 89 22 45 61 88 86 93 20 48 13 57 50 36 85 10 24 60 70 98 11 12 62 72 38 68 31 78 59 40 86 22 46 69 14 12 49 27 74 41 15 13 66 40 17 89 29 39 99 71 96 40 39 79 99 29 70 26 73 12 90 67 40 94 62
54 77 98 31 81 83 59 24 0 49 12 60 56 57 34 73 71 50 95 56 15 69 77 96 77 14 31 11 65 24 90 32 95 11 50 46 17 49 32 41 31 57 39 93 96 95 20 41 66 22 33 35 82 11 32 77 21 80 62 37 87 34 55 56 60 82 90 28 92 46 20 24 66 51 57 82 10 67 84 79 39 35 19 12 93 66 51 30 90 72 64 94 23 83 24 82 26 40 75 23 30 52 40 76 46 99 81 85 16 82 80 29 50 88 20 52 16 29 34 74 49 48 89 91 38
27 22 86 45 63 73 86 24 49 0 35 29 95 45 59 17 89 32 19 90 85 46 32 54 44 31 10 84 40 36 74 17 99 27 11 10 50 93 76 10 78 73 29 65 71 90 90 92 55 48 92 16 57 33 57 43 50 34 70 35 64 35 77 48 85 84 23 73 41 52 15 88 93 70 64 46 85 62 87 45 96 85 22 15 63 41 49 53 52 76 41 89 74 99 92 58 84 60 72 47 63 76 95 52 22 76 77 17 43 65 22 88 47 80 44 57 78 19 43 65 99 40 51 94 75
38 63 81 80 86 32 83 31 12 35 0 13 27 13 85 27 34 67 15 39 68 22 83 93 26 65 22 49 83 54 77 70 11 37 87 93 38 72 94 25 89 96 71 86 98 76 97 28 69 77 35 52 31 44 71 93 60 86 30 52 15 96 84 74 57 96 98 71 48 54 19 56 28 67 29 58 64 40 39 78 37 82 22 70 67 38 98 54 65 58 56 29 91 58 64 13 64 37 18 78 43 99 92 82 39 17 14 46 96 61 26 87 31 49 14 22 63 34 16 49 87 15 65 53 89
31 44 92 19 81 66 59 42 60 29 13 0 99 56 55 10 59 57 66 38 56 79 94 30 73 40 42 43 88 71 12 44 34 57 83 44 99 85 29 82 18 73 95 99 39 43 79 36 85 82 30 31 90 25 26 65 51 21 83 15 11 85 46 47 44 98 13 10 22 49 50 80 34 24 65 83 87 96 43 45 57 60 40 16 17 47 30 85 79 16 66 36 29 55 34 17 77 32 97 96 47 53 40 64 68 62 11 35 95 76 97 88 19 34 72 22 20 17 74 10 71 40 71 83 70
54 23 58 34 79 81 76 81 56 95 27 99 0 36 69 62 19 73 80 57 45 52 72 80 25 49 96 80 42 65 69 23 49 77 45 38 83 86 68 37 57 71 26 22 77 99 26 39 13 90 16 65 36 51 65 33 27 36 69 75 40 12 74 22 32 76 78 50 72 25 77 18 18 52 20 79 84 81 69 37 97 98 44 18 27 15 28 59 39 13 91 81 36 20 10 36 67 95 80 21 48 91 86 10 10 22 44 37 25 63 24 57 88 19 59 92 70 75 56 22 99 71 39 80 97
10 77 43 60 97 95 51 12 57 45 13 56 36 0 96 40 64 48 28 89 45 64 14 77 96 23 47 85 49 44 92 93 18 67 48 25 46 65 97 94 17 76 98 70 84 61 69 56 56 49 51 10 50 98 65 38 94 78 25 93 52 60 58 73 89 22 42 37 88 22 17 12 54 72 85 80 22 15 64 79 86 93 68 90 92 22 36 94 89 55 96 42 99 31 14 31 84 70 36 89 10 74 73 57 31 26 88 19 92 65 94 86 40 26 57 13 93 55 40 59 65 54 97 72 79
55 85 88 11 60 68 13 64 34 59 85 55 69 96 0 27 43 65 89 84 11 65 81 41 40 19 63 58 81 56 99 86 33 50 31 43 83 82 62 15 99 13 22 82 77 89 14 12 10 84 54 80 21 72 19 54 36 36 20 35 35 13 55 57 23 98 98 94 43 32 63 11 15 50 95 61 74 97 85 62 76 68 75 87 57 67 26 48 47 52 94 91 69 95 89 10 18 34 75 83 37 54 27 21 97 16 35 15 78 69 59 81 78 65 22 47 48 15 96 97 65 56 24 52 44
47 40 98 21 87 61 75 66 73 17 27 10 62 40 27 0 95 61 42 84 86 91 42 74 61 29 64 43 74 51 21 31 97 44 80 77 26 63 84 37 90 84 30 87 48 18 92 97 80 18 25 67 28 37 97 24 15 65 18 34 95 30 23 35 70 25 32 19 74 32 24 29 97 94 12 39 44 51 45 45 92 96 14 36 24 65 94 95 49 66 93 31 87 52 13 42 39 49 20 79 80 38 60 12 96 73 99 85 47 11 26 94 76 43 59 80 85 47 66 48 18 33 88 97 77
73 70 28 20 49 53 76 79 71 89 34 59 19 64 43 95 0 18 39 84 89 51 47 93 61 39 57 33 68 51 90 90 90 41 18 62 69 83 59 83 22 29 22 83 43 47 26 25 37 42 96 86 46 53 22 49 31 45 19 17 18 39 98 26 86 48 59 88 49 42 83 35 67 61 67 24 96 54 90 21 85 39 51 19 89 40 46 45 15 83 34 69 41 28 12 23 88 79 51 72 24 37 38 35 16 10 89 71 59 35 59 92 41 11 87 74 38 22 15 28 80 45 17 91 97
20 26 33 37 60 38 82 15 50 32 67 57 73 48 65 61 18 0 88 73 99 26 99 60 94 55 84 86 61 27 59 68 69 25 82 66 80 20 38 49 43 18 84 10 28 49 81 28 39 38 16 70 32 80 58 83 43 80 32 22 24 20 99 13 89 30 76 43 71 25 26 87 69 47 82 81 29 57 10 95 33 32 75 35 70 91 48 50 91 32 90 62 93 52 96 53 11 85 73 94 54 32 47 43 49 97 86 47 43 19 97 32 39 88 11 68 97 94 52 44 38 20 21 86 64
48 41 69 35 83 43 37 34 95 19 15 66 80 28 89 42 39 88 0 93 87 17 74 75 44 53 26 68 64 76 27 67 97 85 94 90 91 19 23 45 84 98 49 93 75 31 68 27 42 83 43 51 48 14 84 22 82 60 52 23 20 37 88 60 17 49 98 91 14 30 84 49 48 88 15 90 81 22 43 47 10 81 27 15 32 25 53 83 99 42 23 40 88 76 36 89 31 74 94 85 71 25 57 28 24 46 93 36 95 32 63 11 60 28 94 89 37 53 87 80 78 53 73 82 37
82 32 44 81 13 96 52 81 56 90 39 38 57 89 84 84 84 73 93 0 45 59 79 69 70 40 61 87 65 78 19 39 16 68 60 78 97 73 35 59 39 59 53 93 61 76 72 80 53 38 25 85 21 37 68 42 19 17 93 70 14 13 36 72 22 79 49 65 85 84 12 77 82 91 74 22 56 57 75 65 95 81 25 86 13 89 65 28 55 56 64 59 67 45 87 25 42 61 45 70 67 34 38 48 69 30 50 78 37 45 45 94 50 79 56 21 71 96 53 73 79 73 99 27 83
27 88 30 64 29 34 68 46 15 85 68 56 45 45 11 86 89 99 87 45 0 87 98 24 99 56 47 91 83 62 32 90 72 33 86 80 50 18 41 60 36 97 42 87 14 85 21 73 66 68 31 94 34 73 36 96 74 80 96 43 78 41 52 84 83 80 80 96 38 91 90 13 30 75 54 54 94 89 12 70 18 13 89 60 26 21 56 32 79 94 81 98 78 76 25 22 54 94 98 22 52 44 34 66 39 32 10 92 72 45 93 55 48 84 90 84 32 10 71 40 31 41 48 22 99
87 26 41 31 47 92 21 51 69 46 22 79 52 64 65 91 51 26 17 59 87 0 74 84 78 34 14 73 81 65 89 13 46 93 33 43 67 16 51 58 44 42 84 75 57 35 48 40 40 18 47 61 53 79 78 64 73 70 52 99 96 35 59 50 46 28 79 69 74 42 44 16 86 33 73 46 73 91 82 45 21 82 28 22 31 55 86 73 72 74 17 93 53 78 33 24 22 49 87 52 59 93 21 55 67 21 24 21 25 72 68 10 78 18 31 32 79 88 62 78 58 16 67 80 26
95 26 59 93 36 49 70 22 77 32 83 94 72 14 81 42 47 99 74 79 98 74 0 94 35 80 71 83 33 39 50 57 47 23 50 24 82 19 35 24 47 16 73 86 50 11 36 36 64 45 85 15 59 97 71 52 66 39 55 88 78 33 34 35 54 17 85 66 87 13 42 85 37 28 48 30 67 63 36 43 13 32 49 11 67 24 98 45 81 77 12 29 14 78 97 79 84 98 36 62 70 39 10 20 22 79 98 63 98 46 39 82 17 64 43 98 90 42 27 79 68 51 10 96 85
24 42 14 73 64 63 23 74 96 54 93 30 80 77 41 74 93 60 75 69 24 84 94 0 64 22 99 12 73 43 96 20 83 20 98 40 10 60 77 92 31 99 73 96 43 36 21 68 52 23 91 77 95 18 84 27 28 11 29 13 83 74 18 98 28 20 26 42 62 97 38 52 35 41 23 97 88 29 41 94 22 40 75 30 17 83 90 82 15 60 77 55 64 97 83 57 74 90 27 26 32 12 68 99 23 52 16 70 57 99 73 89 47 57 95 43 75 75 37 59 31 25 81 14 85
65 72 63 36 57 88 79 39 77 44 26 73 25 96 40 61 61 94 44 70 99 78 35 64 0 14 88 56 48 65 32 71 42 69 97 72 84 26 92 92 85 24 50 85 41 67 52 66 46 92 42 84 43 42 72 10 64 93 36 46 72 19 72 18 45 86 89 75 24 53 64 61 61 75 81 79 95 27 71 50 49 21 84 23 59 86 17 70 96 39 71 78 94 89 26 11 44 66 45 92 60 78 77 84 35 70 32 84 90 20 67 84 43 95 30 80 28 62 60 41 25 28 26 43 59
14 55 63 63 92 62 69 84 14 31 65 40 49 23 19 29 39 55 53 40 56 34 80 22 14 0 69 62 46 11 12 84 39 22 87 36 64 23 84 58 56 52 53 14 48 49 90 29 57 63 45 31 20 98 52 70 57 60 48 76 59 77 74 68 41 14 42 67 73 94 20 52 65 59 74 42 30 22 53 50 18 64 77 25 53 87 22 73 93 11 50 94 73 98 31 98 36 41 28 44 70 16 62 49 40 19 48 81 90 90 50 52 42 90 97 53 41 55 75 80 54 40 71 21 34
25 64 40 47 57 58 81 27 31 10 22 42 96 47 63 64 57 84 26 61 47 14 71 99 88 69 0 74 95 65 28 11 13 72 20 90 27 40 68 89 60 77 53 18 30 50 26 81 73 56 80 44 28 71 60 72 37 92 92 16 12 11 15 87 79 53 36 43 72 77 71 89 65 87 64 49 82 33 69 35 27 30 88 83 33 86 52 75 18 79 99 19 84 84 78 56 29 99 22 10 48 46 53 89 23 26 32 36 71 16 69 86 78 90 95 23 27 79 20 64 65 46 93 45 55
47 55 77 89 26 69 23 72 11 84 49 43 80 85 58 43 33 86 68 87 91 73 83 12 56 62 74 0 79 16 53 49 43 33 48 25 77 57 64 36 31 12 49 31 75 66 39 14 53 80 86 31 14 51 53 58 39 22 75 80 60 56 32 26 70 99 26 65 11 93 70 75 53 61 93 62 56 72 27 79 31 40 56 71 47 58 97 55 59 57 63 39 12 63 76 48 85 16 24 53 93 21 74 65 11 49 80 42 60 30 12 21 15 28 18 39 52 15 92 51 44 69 96 65 86
41 80 51 92 67 56 82 63 65 40 83 88 42 49 81 74 68 61 64 65 83 81 33 73 48 46 95 79 0 77 69 20 98 60 99 94 12 11 56 27 62 87 62 23 24 36 22 30 43 30 71 70 13 64 35 50 17 37 65 16 25 93 71 17 61 94 64 62 57 67 50 21 58 58 57 99 37 88 77 50 56 50 90 39 61 53 10 91 16 91 45 82 77 80 18 53 76 58 99 93 15 91 28 60 78 64 12 17 50 17 42 70 33 78 51 51 68 98 90 89 49 36 98 27 64
42 62 64 59 54 30 30 56 24 36 54 71 65 44 56 51 51 27 76 78 62 65 39 43 65 11 65 16 77 0 12 95 95 58 21 32 21 78 77 16 76 18 57 36 48 62 37 70 71 89 28 11 47 36 63 39 43 76 85 14 72 64 55 79 61 74 57 94 47 86 16 90 86 37 76 51 76 55 65 69 52 98 75 79 92 25 42 89 98 73 30 14 92 19 39 30 94 75 52 75 86 18 64 98 84 61 22 65 63 77 21 98 91 84 39 60 30 49 11 16 34 98 40 90 48
23 48 39 15 58 97 61 37 90 74 77 12 69 92 99 21 90 59 27 19 32 89 50 96 32 12 28 53 69 12 0 16 99 13 93 37 47 38 20 64 85 38 39 44 34 53 37 74 12 50 54 66 52 51 46 82 52 27 95 92 58 76 97 49 59 55 40 49 42 94 52 52 22 78 67 89 25 21 85 16 66 43 95 51 23 10 63 47 63 37 41 18 68 96 34 78 74 54 67 27 54 91 86 67 51 82 57 47 59 58 70 97 84 85 82 52 79 82 30 14 27 46 73 57 16
91 70 93 76 46 41 21 16 32 17 70 44 23 93 86 31 90 68 67 39 90 13 57 20 71 84 11 49 20 95 16 0 88 84 14 54 97 96 59 16 36 62 57 37 70 32 54 17 74 60 59 11 60 49 10 39 36 89 60 53 70 52 57 84 59 35 87 51 86 69 75 45 70 90 25 46 14 30 41 52 42 17 75 87 27 33 95 46 31 68 55 67 44 93 47 39 52 63 71 32 99 51 35 93 45 30 91 18 78 85 41 38 37 77 53 95 65 28 23 86 10 26 48 16 78
67 47 65 53 92 76 64 24 95 99 11 34 49 18 33 97 90 69 97 16 72 46 47 83 42 39 13 43 98 95 99 88 0 67 24 11 53 83 62 75 85 25 78 55 83 51 69 66 98 80 80 30 57 37 68 57 48 23 81 38 68 88 72 78 36 38 65 12 41 67 29 43 99 29 81 81 20 69 40 90 97 98 78 56 84 13 55 37 67 29 13 18 20 36 68 58 91 20 95 44 51 11 41 68 67 96 44 65 76 86 51 29 38 87 83 27 33 74 34 79 67 63 95 31 98
44 19 51 51 95 13 13 67 11 27 37 57 77 67 50 44 41 25 85 68 33 93 23 20 69 22 72 33 60 58 13 84 67 0 12 38 30 93 36 94 48 74 60 56 96 33 50 59 73 12 31 88 67 74 42 51 13 56 35 60 56 75 93 25 63 61 71 56 70 83 81 66 69 42 97 19 14 61 68 76 98 76 84 52 61 37 11 19 62 12 85 64 73 95 56 21 44 37 22 52 72 27 51 74 24 65 72 83 85 82 53 32 52 42 46 59 58 80 84 12 19 53 16 36 44
55 81 50 71 62 95 51 62 50 11 87 83 45 48 31 80 18 82 94 60 86 33 50 98 97 87 20 48 99 21 93 14 24 12 0 97 40 54 24 36 20 68 60 86 88 42 72 93 99 84 17 26 37 37 92 98 75 63 59 57 65 63 62 62 41 43 43 55 40 21 92 98 86 52 66 10 99 59 47 83 99 98 22 99 95 37 13 22 44 51 81 82 95 43 40 43 12 89 19 22 52 64 77 89 16 61 16 79 20 25 10 87 10 73 46 97 62 11 22 59 49 19 43 40 38
75 46 90 82 37 32 94 60 46 10 93 44 38 25 43 77 62 66 90 78 80 43 24 40 72 36 90 25 94 32 37 54 11 38 97 0 57 94 80 20 19 90 19 65 74 75 72 19 79 15 43 50 54 54 98 66 80 33 27 49 12 14 42 85 71 56 78 30 72 88 41 59 17 20 74 53 44 30 19 63 98 60 28 86 93 19 71 36 40 82 81 29 22 91 87 10 83 47 31 92 23 90 57 27 85 13 65 19 12 59 73 20 24 40 33 70 13 23 18 63 76 88 65 82 44
82 19 84 48 94 80 61 80 17 50 38 99 83 46 83 26 69 80 91 97 50 67 82 10 84 64 27 77 12 21 47 97 53 30 40 57 0 17 23 56 40 37 17 12 53 13 82 41 72 60 47 21 79 20 49 50 31 97 89 96 37 57 18 86 47 99 65 96 77 15 18 94 42 87 99 52 48 57 78 22 99 82 78 58 72 79 67 21 34 10 55 78 84 70 65 88 24 81 68 77 54 15 37 20 86 97 81 49 77 88 27 16 42 31 86 69 82 51 30 70 95 30 33 52 22
37 81 81 30 34 68 58 15 49 93 72 85 86 65 82 63 83 20 19 73 18 16 19 60 26 23 40 57 11 78 38 96 83 93 54 94 17 0 60 82 25 67 34 81 68 50 90 78 59 24 55 56 47 44 56 92 22 58 41 57 10 58 92 60 39 28 31 99 95 26 59 47 31 67 92 32 75 88 35 59 41 95 78 13 47 94 45 69 67 13 29 44 11 84 95 76 50 98 44 78 28 34 83 69 79 78 13 55 18 55 54 51 44 45 77 52 10 69 56 62 88 94 10 31 61
22 96 10 69 45 32 53 48 32 76 94 29 68 97 62 84 59 38 23 35 41 51 35 77 92 84 68 64 56 77 20 59 62 36 24 80 23 60 0 42 37 33 49 47 58 68 31 78 40 50 63 71 36 26 47 51 40 77 52 84 36 51 15 13 81 68 54 19 24 11 88 10 15 67 87 99 90 96 71 77 11 84 88 19 53 28 53 57 92 54 89 53 50 88 69 97 26 28 38 29 91 77 34 44 62 19 17 38 17 61 86 35 76 98 97 17 81 68 69 87 39 58 93 57 59
60 78 90 41 33 46 60 28 41 10 25 82 37 94 15 37 83 49 45 59 60 58 24 92 92 58 89 36 27 16 64 16 75 94 36 20 56 82 42 0 89 16 97 93 58 99 67 81 18 63 20 10 47 73 27 69 82 22 55 50 78 49 27 56 68 85 92 20 27 61 94 92 65 27 24 95 20 23 14 21 17 65 66 60 47 19 49 98 47 95 20 71 42 31 87 77 43 36 99 13 13 72 46 44 76 20 88 73 29 32 87 67 65 31 41 76 81 40 61 48 14 83 69 82 69
31 89 21 54 90 36 88 14 31 78 89 18 57 17 99 90 22 43 84 39 36 44 47 31 85 56 60 31 62 76 85 36 85 48 20 19 40 25 37 89 0 44 73 60 42 53 15 40 99 27 94 48 27 34 43 65 85 13 64 37 56 82 95 10 60 22 28 53 52 20 13 64 85 24 57 55 65 99 32 73 68 13 27 93 38 75 50 71 37 73 55 23 95 48 11 43 84 98 13 81 35 11 45 93 86 19 73 80 22 72 42 54 88 91 89 98 54 67 21 45 70 10 90 56 34
39 29 37 55 55 53 72 70 57 73 96 73 71 76 13 84 29 18 98 59 97 42 16 99 24 52 77 12 87 18 38 62 25 74 68 90 37 67 33 16 44 0 17 34 28 27 68 15 93 79 10 76 79 85 91 56 39 45 33 86 78 70 77 35 68 37 22 33 50 67 77 29 66 93 49 70 77 78 55 89 42 99 11 71 77 21 96 47 68 17 20 90 47 32 91 49 95 42 29 57 98 24 76 18 50 29 15 18 98 78 74 50 92 60 70 70 86 19 48 56 39 67 52 82 45
23 39 21 65 23 15 18 24 39 29 71 95 26 98 22 30 22 84 49 53 42 84 73 73 50 53 53 49 62 57 39 57 78 60 60 19 17 34 49 97 73 17 0 37 94 95 67 88 11 17 84 81 16 30 99 19 57 24 97 30 36 32 32 97 51 94 88 19 61 42 88 17 88 47 40 59 41 36 63 15 96 82 30 96 95 11 93 86 27 88 28 40 80 95 32 77 77 40 24 23 59 48 66 98 77 96 82 34 59 67 72 69 72 18 44 13 26 50 86 61 96 11 11 57 61
16 80 95 90 40 85 55 73 93 65 86 99 22 70 82 87 83 10 93 93 87 75 86 96 85 14 18 31 23 36 44 37 55 56 86 65 12 81 47 93 60 34 37 0 79 79 26 61 49 59 96 63 11 30 47 44 95 36 12 51 69 36 63 75 68 37 75 66 37 52 56 60 58 34 49 66 65 11 90 18 52 11 39 63 71 88 98 31 55 93 14 57 15 40 41 85 16 84 45 15 54 48 84 68 86 20 97 68 53 51 63 61 66 52 25 81 24 42 37 60 54 59 17 84 70
31 41 13 62 53 78 37 20 96 71 98 39 77 84 77 48 43 28 75 61 14 57 50 43 41 48 30 75 24 48 34 70 83 96 88 74 53 68 58 58 42 28 94 79 0 33 20 79 70 16 79 84 77 15 84 83 73 11 84 80 24 17 82 40 98 92 79 17 88 80 38 11 61 19 82 61 41 50 52 27 95 92 15 72 64 10 51 48 17 33 18 66 60 93 94 46 12 98 37 96 39 47 71 28 26 23 82 95 46 45 91 65 32 49 46 11 78 77 93 15 82 44 26 95 56
12 23 86 40 94 71 81 90 95 90 76 43 99 61 89 18 47 49 31 76 85 35 11 36 67 49 50 66 36 62 53 32 51 33 42 75 13 50 68 99 53 27 95 79 33 0 58 76 57 45 84 34 97 75 39 72 94 74 47 38 67 68 66 48 62 45 61 29 16 21 13 25 26 90 14 35 72 93 45 72 84 11 54 41 15 94 40 87 65 54 48 79 34 35 44 94 92 17 42 17 72 66 62 13 72 81 27 82 78 32 79 83 96 29 97 29 33 86 77 41 64 20 26 85 82
50 64 97 41 39 80 32 21 20 90 97 79 26 69 14 92 26 81 68 72 21 48 36 21 52 90 26 39 22 37 37 54 69 50 72 72 82 90 31 67 15 68 67 26 20 58 0 39 86 33 67 79 45 68 78 83 74 99 64 65 83 55 45 25 42 16 15 86 40 28 91 77 12 27 55 10 62 27 11 96 69 48 18 68 57 97 61 53 59 82 54 73 46 17 27 44 93 34 77 86 81 96 60 17 89 34 83 73 31 11 58 30 49 30 41 35 22 70 86 78 13 10 87 73 36
40 69 30 10 61 21 68 28 41 92 28 36 39 56 12 97 25 28 27 80 73 40 36 68 66 29 81 14 30 70 74 17 66 59 93 19 41 78 78 81 40 15 88 61 79 76 39 0 86 37 13 94 30 21 87 40 28 91 24 75 72 12 25 33 28 91 12 34 23 38 83 73 84 16 33 55 31 71 73 85 42 65 24 78 98 31 74 92 55 62 56 43 76 35 92 36 36 74 86 57 79 43 94 61 28 55 46 43 97 95 80 73 15 89 26 98 58 49 41 26 49 48 83 28 56
80 26 63 82 57 51 63 94 66 55 69 85 13 56 10 80 37 39 42 53 66 40 64 52 46 57 73 53 43 71 12 74 98 73 99 79 72 59 40 18 99 93 11 49 70 57 86 86 0 87 54 85 49 27 56 92 83 96 32 70 95 10 74 65 71 64 85 19 97 45 95 90 58 15 88 48 40 23 18 26 93 31 64 33 43 96 55 34 34 29 77 96 82 20 97 90 82 32 94 27 59 11 56 71 38 65 83 57 52 75 80 29 80 27 16 84 44 59 56 81 86 92 92 31 23
66 97 59 28 61 75 85 53 22 48 77 82 90 49 84 18 42 38 83 38 68 18 45 23 92 63 56 80 30 89 50 60 80 12 84 15 60 24 50 63 27 79 17 59 16 45 33 37 87 0 22 93 13 74 15 70 41 12 62 93 69 47 80 45 84 72 16 92 29 10 67 75 55 45 39 77 45 77 65 36 10 83 54 67 58 90 16 27 52 40 64 44 60 76 67 91 58 35 31 83 11 24 91 94 63 32 89 84 98 66 44 17 50 67 24 76 33 75 55 66 64 66 25 39 39
68 79 53 45 80 24 27 69 33 92 35 30 16 51 54 25 96 16 43 25 31 47 85 91 42 45 80 86 71 28 54 59 80 31 17 43 47 55 63 20 94 10 84 96 79 84 67 13 54 22 0 12 13 86 67 50 20 39 41 72 78 86 15 58 40 72 77 90 50 95 22 18 94 76 36 55 31 33 89 13 92 78 92 66 35 92 59 22 90 63 34 83 23 47 55 17 70 38 52 17 91 44 30 32 79 52 43 57 26 89 43 66 80 50 98 11 81 42 64 47 68 44 90 63 49
26 80 94 25 83 58 24 22 35 16 52 31 65 10 80 67 86 70 51 85 94 61 15 77 84 31 44 31 70 11 66 11 30 88 26 50 21 56 71 10 48 76 81 63 84 34 79 94 85 93 12 0 16 15 94 95 13 87 38 79 45 89 84 53 70 81 91 48 30 85 84 79 94 90 96 96 31 34 37 81 18 16 81 31 83 44 42 44 17 85 78 68 38 66 42 98 29 87 42 80 34 61 94 91 21 64 80 52 31 46 25 37 98 64 22 74 43 70 28 32 38 94 22 71 78
51 44 28 47 47 41 97 65 82 57 31 90 36 50 21 28 46 32 48 21 34 53 59 95 43 20 28 14 13 47 52 60 57 67 37 54 79 47 36 47 27 79 16 11 77 97 45 30 49 13 13 16 0 59 17 38 58 89 97 78 30 93 35 26 91 95 25 51 21 64 96 71 88 65 12 84 20 57 40 87 77 74 10 70 10 12 39 34 64 91 16 18 15 96 94 74 53 80 44 83 51 54 61 96 45 56 85 58 52 16 72 71 27 32 15 62 34 44 91 94 16 48 60 22 42
59 57 74 23 43 99 68 96 11 33 44 25 51 98 72 37 53 80 14 37 73 79 97 18 42 98 71 51 64 36 51 49 37 74 37 54 20 44 26 73 34 85 30 30 15 75 68 21 27 74 86 15 59 0 28 58 37 39 50 40 30 59 19 87 44 65 71 87 82 89 18 81 96 45 35 82 80 15 25 86 12 49 75 30 94 59 35 56 61 84 10 63 31 84 42 34 55 43 11 12 41 93 67 58 87 45 54 96 69 99 83 61 57 74 27 36 16 17 28 28 24 76 63 47 92
25 64 69 22 83 64 72 99 32 57 71 26 65 65 19 97 22 58 84 68 36 78 71 84 72 52 60 53 35 63 46 10 68 42 92 98 49 56 47 27 43 91 99 47 84 39 78 87 56 15 67 94 17 28 0 64 19 40 64 54 62 56 84 25 10 36 46 42 44 61 91 98 58 79 65 17 14 50 78 30 93 78 65 10 55 10 69 83 93 38 57 99 55 84 31 18 24 94 40 16 48 38 42 74 42 93 10 35 78 25 57 73 18 47 40 32 65 56 78 68 17 17 44 75 42
11 67 67 65 39 51 96 79 77 43 93 65 33 38 54 24 49 83 22 42 96 64 52 27 10 70 72 58 50 39 82 39 57 51 98 66 50 92 51 69 65 56 19 44 83 72 83 40 92 70 50 95 38 58 64 0 93 35 84 28 80 38 62 65 80 45 21 22 85 92 22 71 38 70 44 97 86 62 72 96 76 86 95 24 64 92 93 54 44 71 92 61 85 24 49 92 86 11 35 56 66 56 75 88 41 88 87 66 70 38 60 55 76 50 54 90 83 46 63 21 84 87 43 72 84
27 39 35 68 18 47 57 71 21 50 60 51 27 94 36 15 31 43 82 19 74 73 66 28 64 57 37 39 17 43 52 36 48 13 75 80 31 22 40 82 85 39 57 95 73 94 74 28 83 41 20 13 58 37 19 93 0 15 13 81 50 95 74 83 80 77 95 14 70 41 69 15 50 85 41 10 18 94 68 29 12 84 14 90 60 67 33 86 18 42 57 31 13 54 66 39 45 27 31 28 25 69 18 98 34 92 87 53 11 39 58 88 90 30 76 20 25 48 12 40 53 10 72 11 24
67 22 74 90 24 77 64 87 80 34 86 21 36 78 36 65 45 80 60 17 80 70 39 11 93 60 92 22 37 76 27 89 23 56 63 33 97 58 77 22 13 45 24 36 11 74 99 91 96 12 39 87 89 39 40 35 15 0 33 44 28 81 76 48 15 51 12 65 21 63 20 14 44 49 47 42 21 18 91 29 90 66 55 42 93 71 33 30 45 52 10 90 42 13 15 89 46 19 83 76 18 92 65 70 75 48 63 36 99 23 60 28 32 69 64 33 85 92 49 60 95 99 93 85 38
41 20 43 87 46 67 64 92 62 70 30 83 69 25 20 18 19 32 52 93 96 52 55 29 36 48 92 75 65 85 95 60 81 35 59 27 89 41 52 55 64 33 97 12 84 47 64 24 32 62 41 38 97 50 64 84 13 33 0 10 83 92 88 12 92 70 35 60 33 12 74 82 81 18 28 52 73 40 86 39 27 94 91 55 30 38 13 16 39 68 63 49 76 38 12 57 16 28 41 81 82 64 54 34 84 94 15 35 91 84 19 24 36 14 42 84 94 70 61 32 36 70 54 61 86
18 82 81 12 51 67 23 84 37 35 52 15 75 93 35 34 17 22 23 70 43 99 88 13 46 76 16 80 16 14 92 53 38 60 57 49 96 57 84 50 37 86 30 51 80 38 65 75 70 93 72 79 78 40 54 28 81 44 10 0 87 86 15 82 98 11 91 80 79 63 33 57 38 81 30 14 33 95 25 52 47 10 39 77 17 76 75 32 27 50 49 24 95 22 17 31 37 49 55 32 41 72 17 58 56 83 72 23 39 31 74 40 25 34 76 93 38 45 18 48 32 81 35 93 43
51 90 52 60 61 60 17 93 87 64 15 11 40 52 35 95 18 24 20 14 78 96 78 83 72 59 12 60 25 72 58 70 68 56 65 12 37 10 36 78 56 78 36 69 24 67 83 72 95 69 78 45 30 30 62 80 50 28 83 87 0 99 92 34 21 12 96 25 95 17 94 53 37 32 46 83 99 63 56 27 58 42 87 45 67 84 69 83 29 10 67 32 46 59 69 52 72 20 39 81 58 66 71 49 88 22 72 37 27 68 80 63 14 17 98 44 99 13 45 61 26 16 31 10 16
18 31 91 18 39 98 81 89 34 35 96 85 12 60 13 30 39 20 37 13 41 35 33 74 19 77 11 56 93 64 76 52 88 75 63 14 57 58 51 49 82 70 32 36 17 68 55 12 10 47 86 89 93 59 56 38 95 81 92 86 99 0 55 70 95 85 29 46 61 19 60 45 15 63 72 73 88 47 55 49 18 45 83 87 24 55 69 35 61 68 13 19 70 67 95 67 24 76 60 43 92 24 24 87 68 32 36 26 59 98 34 51 17 38 19 76 36 66 28 33 56 59 97 37 13
99 79 31 93 23 25 73 22 55 77 84 46 74 58 55 23 98 99 88 36 52 59 34 18 72 74 15 32 71 55 97 57 72 93 62 42 18 92 15 27 95 77 32 63 82 66 45 25 74 80 15 84 35 19 84 62 74 76 88 15 92 55 0 88 53 49 49 69 50 46 57 95 31 94 25 34 37 62 12 26 57 39 89 34 74 39 77 33 63 82 42 51 37 87 27 54 62 91 72 12 11 49 59 28 28 52 53 38 61 35 99 50 40 36 15 24 58 31 58 25 73 63 31 14 85
39 36 41 54 54 96 86 45 56 48 74 47 22 73 57 35 26 13 60 72 84 50 35 98 18 68 87 26 17 79 49 84 78 25 62 85 86 60 13 56 10 35 97 75 40 48 25 33 65 45 58 53 26 87 25 65 83 48 12 82 34 70 88 0 43 64 78 91 83 57 65 40 36 10 29 36 19 31 29 16 39 78 41 97 26 94 90 71 21 64 72 33 97 60 36 85 84 53 33 88 89 34 76 33 18 64 92 14 12 59 86 17 76 74 93 70 68 45 11 24 55 72 53 36 83
90 14 35 29 12 49 50 61 60 85 57 44 32 89 23 70 86 89 17 22 83 46 54 28 45 41 79 70 61 61 59 59 36 63 41 71 47 39 81 68 60 68 51 68 98 62 42 28 71 84 40 70 91 44 10 80 80 15 92 98 21 95 53 43 0 44 62 52 11 50 76 32 84 94 83 80 64 32 81 35 87 61 93 44 62 65 43 77 48 69 99 10 22 93 82 83 41 19 40 58 33 99 23 72 26 89 40 54 99 33 62 19 59 87 67 43 53 19 87 23 12 20 67 30 75
60 13 42 45 42 20 37 88 82 84 96 98 76 22 98 25 48 30 49 79 80 28 17 20 86 14 53 99 94 74 55 35 38 61 43 56 99 28 68 85 22 37 94 37 92 45 16 91 64 72 72 81 95 65 36 45 77 51 70 11 12 85 49 64 44 0 45 47 27 73 59 79 47 45 79 39 67 62 85 27 97 62 20 97 57 13 54 21 69 94 32 97 61 10 45 11 50 16 25 56 82 58 88 45 53 67 31 51 97 10 38 62 38 13 88 65 23 97 95 36 69 57 61 56 38
70 65 48 92 57 92 96 86 90 23 98 13 78 42 98 32 59 76 98 49 80 79 85 26 89 42 36 26 64 57 40 87 65 71 43 78 65 31 54 92 28 22 88 75 79 61 15 12 85 16 77 91 25 71 46 21 95 12 35 91 96 29 49 78 62 45 0 50 29 74 28 29 54 45 14 75 62 35 79 69 33 90 51 39 99 77 54 18 72 53 54 39 91 49 72 11 69 68 58 81 91 86 12 54 51 89 86 57 94 59 39 56 41 57 32 62 54 38 11 83 32 59 18 87 17
42 86 32 25 13 42 28 93 28 73 71 10 50 37 94 19 88 43 91 65 96 69 66 42 75 67 43 65 62 94 49 51 12 56 55 30 96 99 19 20 53 33 19 66 17 29 86 34 19 92 90 48 51 87 42 22 14 65 60 80 25 46 69 91 52 47 50 0 93 66 80 49 27 34 65 58 27 43 45 73 36 54 34 80 21 16 94 84 21 66 42 58 20 62 18 49 34 17 85 13 72 76 63 29 97 24 55 46 53 25 89 61 50 76 16 53 46 17 20 25 86 30 38 40 57
57 56 86 63 96 95 36 20 92 41 48 22 72 88 43 74 49 71 14 85 38 74 87 62 24 73 72 11 57 47 42 86 41 70 40 72 77 95 24 27 52 50 61 37 88 16 40 23 97 29 50 30 21 82 44 85 70 21 33 79 95 61 50 83 11 27 29 93 0 54 90 37 71 42 68 84 77 82 62 95 58 20 36 35 18 93 79 21 82 99 72 99 82 11 60 99 57 82 48 95 10 19 22 91 90 44 81 41 37 50 36 29 27 92 38 71 18 52 74 85 30 64 75 11 82
53 19 61 28 45 86 61 48 46 52 54 49 25 22 32 32 42 25 30 84 91 42 13 97 53 94 77 93 67 86 94 69 67 83 21 88 15 26 11 61 20 67 42 52 80 21 28 38 45 10 95 85 64 89 61 92 41 63 12 63 17 19 46 57 50 73 74 66 54 0 16 68 38 42 13 38 21 78 85 67 95 63 82 99 63 77 64 32 28 76 61 34 79 80 83 55 17 17 32 58 50 95 35 88 16 98 17 45 74 21 65 13 37 68 63 40 51 15 59 72 46 52 27 99 46
27 99 30 90 20 44 16 13 20 15 19 50 77 17 63 24 83 26 84 12 90 44 42 38 64 20 71 70 50 16 52 75 29 81 92 41 18 59 88 94 13 77 88 56 38 13 91 83 95 67 22 84 96 18 91 22 69 20 74 33 94 60 57 65 76 59 28 80 90 16 0 57 69 50 49 86 32 97 87 26 48 69 29 14 88 84 87 70 51 91 55 68 64 91 36 85 13 47 67 19 84 52 91 59 58 39 82 54 49 22 34 97 92 77 67 29 54 70 84 30 23 28 12 66 29
69 75 90 32 44 54 73 57 24 88 56 80 18 12 11 29 35 87 49 77 13 16 85 52 61 52 89 75 21 90 52 45 43 66 98 59 94 47 10 92 64 29 17 60 11 25 77 73 90 75 18 79 71 81 98 71 15 14 82 57 53 45 95 40 32 79 29 49 37 68 57 0 77 11 39 71 67 26 93 83 82 20 84 93 97 81 59 74 10 66 43 67 71 96 77 46 82 36 66 54 52 66 48 64 93 36 14 52 19 31 42 55 71 34 49 29 96 96 67 86 25 56 10 74 47
93 10 58 93 10 12 79 50 66 93 28 34 18 54 15 97 67 69 48 82 30 86 37 35 61 65 65 53 58 86 22 70 99 69 86 17 42 31 15 65 85 66 88 58 61 26 12 84 58 55 94 94 88 96 58 38 50 44 81 38 37 15 31 36 84 47 54 27 71 38 69 77 0 77 18 71 72 61 80 92 42 14 54 25 95 52 20 48 44 44 21 89 59 76 78 58 31 74 59 38 19 89 58 86 20 36 37 31 80 69 14 30 66 23 14 66 45 32 11 98 70 14 51 36 67
27 72 78 34 13 98 51 36 51 70 67 24 52 72 50 94 61 47 88 91 75 33 28 41 75 59 87 61 58 37 78 90 29 42 52 20 87 67 67 27 24 93 47 34 19 90 27 16 15 45 76 90 65 45 79 70 85 49 18 81 32 63 94 10 94 45 45 34 42 42 50 11 77 0 75 99 69 51 63 79 46 88 89 35 39 29 43 54 10 58 35 77 78 53 12 12 46 48 10 81 87 55 47 69 33 37 97 26 29 55 79 76 31 84 99 40 88 77 24 82 58 57 52 55 65
28 71 87 77 91 12 62 85 57 64 29 65 20 85 95 12 67 82 15 74 54 73 48 23 81 74 64 93 57 76 67 25 81 97 66 74 99 92 87 24 57 49 40 49 82 14 55 33 88 39 36 96 12 35 65 44 41 47 28 30 46 72 25 29 83 79 14 65 68 13 49 39 18 75 0 28 27 44 29 51 34 58 59 68 68 79 58 55 97 51 84 48 51 40 39 49 27 16 68 44 47 87 91 99 38 30 87 18 17 55 58 51 54 39 76 21 22 90 88 58 38 26 36 18 88
41 46 82 45 98 38 28 10 82 46 58 83 79 80 61 39 24 81 90 22 54 46 30 97 79 42 49 62 99 51 89 46 81 19 10 53 52 32 99 95 55 70 59 66 61 35 10 55 48 77 55 96 84 82 17 97 10 42 52 14 83 73 34 36 80 39 75 58 84 38 86 71 71 99 28 0 64 25 12 76 70 94 33 84 82 97 26 54 58 89 37 50 23 94 69 84 40 69 20 66 16 91 87 45 58 94 37 56 14 28 50 64 98 57 44 35 54 30 19 91 40 15 45 13 37
14 73 20 21 62 43 24 24 10 85 64 87 84 22 74 44 96 29 81 56 94 73 67 88 95 30 82 56 37 76 25 14 20 14 99 44 48 75 90 20 65 77 41 65 41 72 62 31 40 45 31 31 20 80 14 86 18 21 73 33 99 88 37 19 64 67 62 27 77 21 32 67 72 69 27 64 0 68 54 12 64 53 60 89 66 17 60 32 70 37 22 76 60 19 97 36 83 36 81 43 92 17 24 61 33 16 73 14 80 95 55 93 65 92 59 75 44 65 38 67 28 50 53 56 14
14 82 42 70 20 99 51 60 67 62 40 96 81 15 97 51 54 57 22 57 89 91 63 29 27 22 33 72 88 55 21 30 69 61 59 30 57 88 96 23 99 78 36 11 50 93 27 71 23 77 33 34 57 15 50 62 94 18 40 95 63 47 62 31 32 62 35 43 82 78 97 26 61 51 44 25 68 0 63 47 69 70 13 24 86 12 65 72 19 35 71 51 59 36 44 23 20 18 36 16 72 14 10 95 22 29 30 21 19 16 48 33 39 16 85 70 30 37 70 95 84 49 72 76 28
94 15 63 48 54 97 50 70 84 87 39 43 69 64 85 45 90 10 43 75 12 82 36 41 71 53 69 27 77 65 85 41 40 68 47 19 78 35 71 14 32 55 63 90 52 45 11 73 18 65 89 37 40 25 78 72 68 91 86 25 56 55 12 29 81 85 79 45 62 85 87 93 80 63 29 12 54 63 0 60 61 59 28 90 39 75 39 22 10 24 98 39 35 75 19 79 65 35 38 53 35 60 60 96 28 75 99 33 96 63 28 67 73 23 82 19 63 46 34 53 24 95 96 77 73
89 77 47 94 63 81 20 98 79 45 78 45 37 79 62 45 21 95 47 65 70 45 43 94 50 50 35 79 50 69 16 52 90 76 83 63 22 59 77 21 73 89 15 18 27 72 96 85 26 36 13 81 87 86 30 96 29 29 39 52 27 49 26 16 35 27 69 73 95 67 26 83 92 79 51 76 12 47 60 0 35 26 61 35 67 21 66 18 74 70 50 37 17 47 57 86 85 93 47 30 41 63 72 14 37 34 40 89 73 78 96 54 38 87 82 80 20 51 12 14 76 94 18 76 43
67 47 86 31 32 31 30 11 39 96 37 57 97 86 76 92 85 33 10 95 18 21 13 22 49 18 27 31 56 52 66 42 97 98 99 98 99 41 11 17 68 42 96 52 95 84 69 42 93 10 92 18 77 12 93 76 12 90 27 47 58 18 57 39 87 97 33 36 58 95 48 82 42 46 34 70 64 69 61 35 0 33 90 64 26 85 97 99 20 38 59 98 87 56 37 38 25 92 20 63 39 64 53 98 87 53 84 83 87 15 58 87 58 75 90 41 39 36 42 41 11 37 21 66 22
22 62 52 31 54 38 40 12 35 85 82 60 98 93 68 96 39 32 81 81 13 82 32 40 21 64 30 40 50 98 43 17 98 76 98 60 82 95 84 65 13 99 82 11 92 11 48 65 31 83 78 16 74 49 78 86 84 66 94 10 42 45 39 78 61 62 90 54 20 63 69 20 14 88 58 94 53 70 59 26 33 0 22 66 92 92 78 36 41 91 36 23 34 66 58 35 40 55 63 72 97 85 74 17 42 90 41 65 99 81 95 57 76 45 59 26 28 77 89 84 62 69 41 51 83
69 84 83 13 53 78 98 62 19 22 22 40 44 68 75 14 51 75 27 25 89 28 49 75 84 77 88 56 90 75 95 75 78 84 22 28 78 78 88 66 27 11 30 39 15 54 18 24 64 54 92 81 10 75 65 95 14 55 91 39 87 83 89 41 93 20 51 34 36 82 29 84 54 89 59 33 60 13 28 61 90 22 0 53 48 10 20 93 93 24 21 55 82 78 16 82 29 68 72 82 20 95 80 55 64 76 76 16 24 66 34 68 75 43 96 83 37 92 18 65 69 67 49 26 24
11 23 81 70 50 38 33 72 12 15 70 16 18 90 87 36 19 35 15 86 60 22 11 30 23 25 83 71 39 79 51 87 56 52 99 86 58 13 19 60 93 71 96 63 72 41 68 78 33 67 66 31 70 30 10 24 90 42 55 77 45 87 34 97 44 97 39 80 35 99 14 93 25 35 68 84 89 24 90 35 64 66 53 0 75 23 55 25 64 16 87 72 37 70 66 45 20 26 99 26 26 65 76 45 23 97 77 58 20 27 50 22 30 61 24 85 74 73 36 20 44 75 72 86 48
65 29 14 44 82 98 97 38 93 63 67 17 27 92 57 24 89 70 32 13 26 31 67 17 59 53 33 47 61 92 23 27 84 61 95 93 72 47 53 47 38 77 95 71 64 15 57 98 43 58 35 83 10 94 55 64 60 93 30 17 67 24 74 26 62 57 99 21 18 63 88 97 95 39 68 82 66 86 39 67 26 92 48 75 0 23 56 98 17 39 12 38 76 33 95 96 17 89 66 20 91 88 64 64 52 63 82 51 42 66 94 95 73 47 25 49 91 73 49 80 18 53 86 92 36
17 84 39 35 52 93 73 68 66 41 38 47 15 22 67 65 40 91 25 89 21 55 24 83 86 87 86 58 53 25 10 33 13 37 37 19 79 94 28 19 75 21 11 88 10 94 97 31 96 90 92 44 12 59 10 92 67 71 38 76 84 55 39 94 65 13 77 16 93 77 84 81 52 29 79 97 17 12 75 21 85 92 10 23 23 0 67 29 53 79 98 24 70 54 91 14 72 36 58 18 15 82 92 94 76 17 20 77 96 84 72 50 16 74 63 32 59 55 12 34 48 63 49 32 48
22 27 38 45 45 86 79 31 51 49 98 30 28 36 26 94 46 48 53 65 56 86 98 90 17 22 52 97 10 42 63 95 55 11 13 71 67 45 53 49 50 96 93 98 51 40 61 74 55 16 59 42 39 35 69 93 33 33 13 75 69 69 77 90 43 54 54 94 79 64 87 59 20 43 58 26 60 65 39 66 97 78 20 55 56 67 0 62 51 57 87 73 90 24 64 28 63 44 37 38 71 76 67 70 46 43 81 93 35 77 24 15 98 39 39 19 24 57 48 55 59 91 30 64 57
53 48 39 65 76 42 44 78 30 53 54 85 59 94 48 95 45 50 83 28 32 73 45 82 70 73 75 55 91 89 47 46 37 19 22 36 21 69 57 98 71 47 86 31 48 87 53 92 34 27 22 44 34 56 83 54 86 30 16 32 83 35 33 71 77 21 18 84 21 32 70 74 48 54 55 54 32 72 22 18 99 36 93 25 98 29 62 0 59 88 53 89 97 26 64 57 57 18 42 89 56 38 14 51 72 69 93 66 78 53 19 66 64 74 76 27 51 84 58 61 18 33 60 92 97
58 80 89 46 34 35 88 59 90 52 65 79 39 89 47 49 15 91 99 55 79 72 81 15 96 93 18 59 16 98 63 31 67 62 44 40 34 67 92 47 37 68 27 55 17 65 59 55 34 52 90 17 64 61 93 44 18 45 39 27 29 61 63 21 48 69 72 21 82 28 51 10 44 10 97 58 70 19 10 74 20 41 93 64 17 53 51 59 0 54 88 70 44 88 47 12 33 24 37 93 67 80 47 56 78 25 80 60 28 22 53 35 12 90 40 36 39 71 22 53 92 75 91 31 91
86 12 84 53 62 54 52 40 72 76 58 16 13 55 52 66 83 32 42 56 94 74 77 60 39 11 79 57 91 73 37 68 29 12 51 82 10 13 54 95 73 17 88 93 33 54 82 62 29 40 63 85 91 84 38 71 42 52 68 50 10 68 82 64 69 94 53 66 99 76 91 66 44 58 51 89 37 35 24 70 38 91 24 16 39 79 57 88 54 0 21 24 11 79 83 23 57 99 81 80 58 35 26 99 54 48 83 14 11 19 51 55 32 63 85 94 93 25 19 28 50 53 27 65 61
16 60 71 33 28 61 47 86 64 41 56 66 91 96 94 93 34 90 23 64 81 17 12 77 71 50 99 63 45 30 41 55 13 85 81 81 55 29 89 20 55 20 28 14 18 48 54 56 77 64 34 78 16 10 57 92 57 10 63 49 67 13 42 72 99 32 54 42 72 61 55 43 21 35 84 37 22 71 98 50 59 36 21 87 12 98 87 53 88 21 0 64 25 50 81 34 18 41 63 26 80 97 42 49 64 32 28 71 89 93 35 89 90 18 76 56 61 25 94 56 22 80 58 18 13
70 59 73 55 96 82 33 22 94 89 29 36 81 42 91 31 69 62 40 59 98 93 29 55 78 94 19 39 82 14 18 67 18 64 82 29 78 44 53 71 23 90 40 57 66 79 73 43 96 44 83 68 18 63 99 61 31 90 49 24 32 19 51 33 10 97 39 58 99 34 68 67 89 77 48 50 76 51 39 37 98 23 55 72 38 24 73 89 70 24 64 0 39 78 24 19 67 19 64 12 25 37 82 85 39 58 60 54 59 16 19 45 33 24 14 63 35 41 28 36 97 63 49 54 89
25 29 77 87 75 49 17 46 23 74 91 29 36 99 69 87 41 93 88 67 78 53 14 64 94 73 84 12 77 92 68 44 20 73 95 22 84 11 50 42 95 47 80 15 60 34 46 76 82 60 23 38 15 31 55 85 13 42 76 95 46 70 37 97 22 61 91 20 82 79 64 71 59 78 51 23 60 59 35 17 87 34 82 37 76 70 90 97 44 11 25 39 0 55 63 61 79 89 43 15 51 59 55 70 11 22 43 34 90 94 93 74 44 74 94 25 23 63 84 78 73 36 87 33 42
17 25 22 82 53 20 14 69 83 99 58 55 20 31 95 52 28 52 76 45 76 78 78 97 89 98 84 63 80 19 96 93 36 95 43 91 70 84 88 31 48 32 95 40 93 35 17 35 20 76 47 66 96 84 84 24 54 13 38 22 59 67 87 60 93 10 49 62 11 80 91 96 76 53 40 94 19 36 75 47 56 66 78 70 33 54 24 26 88 79 50 78 55 0 68 92 26 81 47 93 74 69 15 55 14 98 77 68 33 87 21 97 63 69 51 69 36 86 75 67 55 89 45 95 87
35 71 11 54 14 20 54 14 24 92 64 34 10 14 89 13 12 96 36 87 25 33 97 83 26 31 78 76 18 39 34 47 68 56 40 87 65 95 69 87 11 91 32 41 94 44 27 92 97 67 55 42 94 42 31 49 66 15 12 17 69 95 27 36 82 45 72 18 60 83 36 77 78 12 39 69 97 44 19 57 37 58 16 66 95 91 64 64 47 83 81 24 63 68 0 62 77 49 78 19 26 79 82 66 80 83 24 19 61 20 11 56 51 28 41 65 30 10 83 72 27 28 77 44 14
55 90 52 86 51 95 32 12 82 58 13 17 36 31 10 42 23 53 89 25 22 24 79 57 11 98 56 48 53 30 78 39 58 21 43 10 88 76 97 77 43 49 77 85 46 94 44 36 90 91 17 98 74 34 18 92 39 89 57 31 52 67 54 85 83 11 11 49 99 55 85 46 58 12 49 84 36 23 79 86 38 35 82 45 96 14 28 57 12 23 34 19 61 92 62 0 62 83 28 58 94 90 57 65 81 38 78 65 49 87 80 65 61 33 11 16 30 47 68 67 72 87 62 93 67
41 84 81 78 89 54 17 49 26 84 64 77 67 84 18 39 88 11 31 42 54 22 84 74 44 36 29 85 76 94 74 52 91 44 12 83 24 50 26 43 84 95 77 16 12 92 93 36 82 58 70 29 53 55 24 86 45 46 16 37 72 24 62 84 41 50 69 34 57 17 13 82 31 46 27 40 83 20 65 85 25 40 29 20 17 72 63 57 33 57 18 67 79 26 77 62 0 84 34 74 19 75 14 78 75 40 73 84 14 24 57 50 44 40 12 18 36 72 73 26 40 36 61 67 10
26 83 18 72 30 87 59 27 40 60 37 32 95 70 34 49 79 85 74 61 94 49 98 90 66 41 99 16 58 75 54 63 20 37 89 47 81 98 28 36 98 42 40 84 98 17 34 74 32 35 38 87 80 43 94 11 27 19 28 49 20 76 91 53 19 16 68 17 82 17 47 36 74 48 16 69 36 18 35 93 92 55 68 26 89 36 44 18 24 99 41 19 89 81 49 83 84 0 67 10 61 60 21 81 30 47 90 47 16 48 84 46 60 60 22 88 37 47 79 80 13 22 47 55 23
84 42 61 24 32 24 22 74 75 72 18 97 80 36 75 20 51 73 94 45 98 87 36 27 45 28 22 24 99 52 67 71 95 22 19 31 68 44 38 99 13 29 24 45 37 42 77 86 94 31 52 42 44 11 40 35 31 83 41 55 39 60 72 33 40 25 58 85 48 32 67 66 59 10 68 20 81 36 38 47 20 63 72 99 66 58 37 42 37 81 63 64 43 47 78 28 34 67 0 58 14 33 46 28 49 78 39 54 50 41 45 50 85 79 54 52 10 43 14 93 84 78 94 47 87
28 61 18 11 21 54 75 41 23 47 78 96 21 89 83 79 72 94 85 70 22 52 62 26 92 44 10 53 93 75 27 32 44 52 22 92 77 78 29 13 81 57 23 15 96 17 86 57 27 83 17 80 83 12 16 56 28 76 81 32 81 43 12 88 58 56 81 13 95 58 19 54 38 81 44 66 43 16 53 30 63 72 82 26 20 18 38 89 93 80 26 12 15 93 19 58 74 10 58 0 81 78 30 90 12 74 99 78 49 54 21 46 77 98 87 27 37 65 79 41 49 70 33 11 71
74 64 33 68 38 89 78 15 30 63 43 47 48 10 37 80 24 54 71 67 52 59 70 32 60 70 48 93 15 86 54 99 51 72 52 23 54 28 91 13 35 98 59 54 39 72 81 79 59 11 91 34 51 41 48 66 25 18 82 41 58 92 11 89 33 82 91 72 10 50 84 52 19 87 47 16 92 72 35 41 39 97 20 26 91 15 71 56 67 58 80 25 51 74 26 94 19 61 14 81 0 11 97 29 51 34 22 45 69 91 22 54 44 22 26 97 42 63 74 93 18 86 17 36 63
11 55 23 61 24 72 70 13 52 76 99 53 91 74 54 38 37 32 25 34 44 93 39 12 78 16 46 21 91 18 91 51 11 27 64 90 15 34 77 72 11 24 48 48 47 66 96 43 11 24 44 61 54 93 38 56 69 92 64 72 66 24 49 34 99 58 86 76 19 95 52 66 89 55 87 91 17 14 60 63 64 85 95 65 88 82 76 38 80 35 97 37 59 69 79 90 75 60 33 78 11 0 33 89 43 41 21 55 21 73 58 81 67 24 94 71 53 75 79 31 66 40 80 49 90
86 60 92 61 93 18 20 66 40 95 92 40 86 73 27 60 38 47 57 38 34 21 10 68 77 62 53 74 28 64 86 35 41 51 77 57 37 83 34 46 45 76 66 84 71 62 60 94 56 91 30 94 61 67 42 75 18 65 54 17 71 24 59 76 23 88 12 63 22 35 91 48 58 47 91 87 24 10 60 72 53 74 80 76 64 92 67 14 47 26 42 82 55 15 82 57 14 21 46 30 97 33 0 13 80 98 19 84 73 38 30 99 19 44 16 74 22 40 74 71 20 92 81 16 38
56 41 52 20 87 36 15 40 76 52 82 64 10 57 21 12 35 43 28 48 66 55 20 99 84 49 89 65 60 98 67 93 68 74 89 27 20 69 44 44 93 18 98 68 28 13 17 61 71 94 32 91 96 58 74 88 98 70 34 58 49 87 28 33 72 45 54 29 91 88 59 64 86 69 99 45 61 95 96 14 98 17 55 45 64 94 70 51 56 99 49 85 70 55 66 65 78 81 28 90 29 89 13 0 32 21 12 73 67 59 77 86 33 34 93 56 80 66 48 39 21 32 15 55 22
93 38 20 65 90 11 60 17 46 22 39 68 10 31 97 96 16 49 24 69 39 67 22 23 35 40 23 11 78 84 51 45 67 24 16 85 86 79 62 76 86 50 77 86 26 72 89 28 38 63 79 21 45 87 42 41 34 75 84 56 88 68 28 18 26 53 51 97 90 16 58 93 20 33 38 58 33 22 28 37 87 42 64 23 52 76 46 72 78 54 64 39 11 14 80 81 75 30 49 12 51 43 80 32 0 25 90 59 92 59 42 78 22 89 43 50 27 51 59 55 72 86 44 50 94
66 86 35 72 81 94 26 89 99 76 17 62 22 26 16 73 10 97 46 30 32 21 79 52 70 19 26 49 64 61 82 30 96 65 61 13 97 78 19 20 19 29 96 20 23 81 34 55 65 32 52 64 56 45 93 88 92 48 94 83 22 32 52 64 89 67 89 24 44 98 39 36 36 37 30 94 16 29 75 34 53 90 76 97 63 17 43 69 25 48 32 58 22 98 83 38 40 47 78 74 34 41 98 21 25 0 38 65 37 64 89 10 39 25 12 31 97 63 10 99 65 12 31 91 80
53 60 64 21 37 78 20 29 81 77 14 11 44 88 35 99 89 86 93 50 10 24 98 16 32 48 32 80 12 22 57 91 44 72 16 65 81 13 17 88 73 15 82 97 82 27 83 46 83 89 43 80 85 54 10 87 87 63 15 72 72 36 53 92 40 31 86 55 81 17 82 14 37 97 87 37 73 30 99 40 84 41 76 77 82 20 81 93 80 83 28 60 43 77 24 78 73 90 39 99 22 21 19 12 90 38 0 80 61 26 26 23 23 47 98 19 13 50 29 89 13 89 71 23 32
84 36 92 39 15 72 24 39 85 17 46 35 37 19 15 85 71 47 36 78 92 21 63 70 84 81 36 42 17 65 47 18 65 83 79 19 49 55 38 73 80 18 34 68 95 82 73 43 57 84 57 52 58 96 35 66 53 36 35 23 37 26 38 14 54 51 57 46 41 45 54 52 31 26 18 56 14 21 33 89 83 65 16 58 51 77 93 66 60 14 71 54 34 68 19 65 84 47 54 78 45 55 84 73 59 65 80 0 65 16 94 50 17 29 87 56 91 65 49 64 63 80 53 41 42
85 11 10 24 22 95 36 99 16 43 96 95 25 92 78 47 59 43 95 37 72 25 98 57 90 90 71 60 50 63 59 78 76 85 20 12 77 18 17 29 22 98 59 53 46 78 31 97 52 98 26 31 52 69 78 70 11 99 91 39 27 59 61 12 99 97 94 53 37 74 49 19 80 29 17 14 80 19 96 73 87 99 24 20 42 96 35 78 28 11 89 59 90 33 61 49 14 16 50 49 69 21 73 67 92 37 61 65 0 14 19 43 29 89 13 77 45 89 73 79 96 54 21 86 19
43 76 17 96 79 79 51 71 82 65 61 76 63 65 69 11 35 19 32 45 45 72 46 99 20 90 16 30 17 77 58 85 86 82 25 59 88 55 61 32 72 78 67 51 45 32 11 95 75 66 89 46 16 99 25 38 39 23 84 31 68 98 35 59 33 10 59 25 50 21 22 31 69 55 55 28 95 16 63 78 15 81 66 27 66 84 77 53 22 19 93 16 94 87 20 87 24 48 41 54 91 73 38 59 59 64 26 16 14 0 94 70 91 13 97 34 62 63 33 65 54 75 37 44 18
54 76 35 66 45 65 75 96 80 22 26 97 24 94 59 26 59 97 63 45 93 68 39 73 67 50 69 12 42 21 70 41 51 53 10 73 27 54 86 87 42 74 72 63 91 79 58 80 80 44 43 25 72 83 57 60 58 60 19 74 80 34 99 86 62 38 39 89 36 65 34 42 14 79 58 50 55 48 28 96 58 95 34 50 94 72 24 19 53 51 35 19 93 21 11 80 57 84 45 21 22 58 30 77 42 89 26 94 19 94 0 74 19 67 89 82 91 41 62 78 42 75 42 36 74
75 66 77 88 47 93 69 40 29 88 87 88 57 86 81 94 92 32 11 94 55 10 82 89 84 52 86 21 70 98 97 38 29 32 87 20 16 51 35 67 54 50 69 61 65 83 30 73 29 17 66 37 71 61 73 55 88 28 24 40 63 51 50 17 19 62 56 61 29 13 97 55 30 76 51 64 93 33 67 54 87 57 68 22 95 50 15 66 35 55 89 45 74 97 56 65 50 46 50 46 54 81 99 86 78 10 23 50 43 70 74 0 92 99 50 25 34 93 65 58 28 11 27 57 87
96 27 40 32 99 13 19 39 50 47 31 19 88 40 78 76 41 39 60 50 48 78 17 47 43 42 78 15 33 91 84 37 38 52 10 24 42 44 76 65 88 92 72 66 32 96 49 15 80 50 80 98 27 57 18 76 90 32 36 25 14 17 40 76 59 38 41 50 27 37 92 71 66 31 54 98 65 39 73 38 58 76 75 30 73 16 98 64 12 32 90 33 44 63 51 61 44 60 85 77 44 67 19 33 22 39 23 17 29 91 19 92 0 11 82 98 78 53 91 22 76 18 70 66 78
11 70 91 17 35 95 28 79 88 80 49 34 19 26 65 43 11 88 28 79 84 18 64 57 95 90 90 28 78 84 85 77 87 42 73 40 31 45 98 31 91 60 18 52 49 29 30 89 27 67 50 64 32 74 47 50 30 69 14 34 17 38 36 74 87 13 57 76 92 68 77 34 23 84 39 57 92 16 23 87 75 45 43 61 47 74 39 74 90 63 18 24 74 69 28 33 40 60 79 98 22 24 44 34 89 25 47 29 89 13 67 99 11 0 55 15 20 29 19 54 28 12 40 94 33
63 18 88 92 30 11 28 99 20 44 14 72 59 57 22 59 87 11 94 56 90 31 43 95 30 97 95 18 51 39 82 53 83 46 46 33 86 77 97 41 89 70 44 25 46 97 41 26 16 24 98 22 15 27 40 54 76 64 42 76 98 19 15 93 67 88 32 16 38 63 67 49 14 99 76 44 59 85 82 82 90 59 96 24 25 63 39 76 40 85 76 14 94 51 41 11 12 22 54 87 26 94 16 93 43 12 98 87 13 97 89 50 82 55 0 37 62 13 27 57 65 86 68 60 52
60 26 40 31 58 21 99 29 52 57 22 22 92 13 47 80 74 68 89 21 84 32 98 43 80 53 23 39 51 60 52 95 27 59 97 70 69 52 17 76 98 70 13 81 11 29 35 98 84 76 11 74 62 36 32 90 20 33 84 93 44 76 24 70 43 65 62 53 71 40 29 29 66 40 21 35 75 70 19 80 41 26 83 85 49 32 19 27 36 94 56 63 25 69 65 16 18 88 52 27 97 71 74 56 50 31 19 56 77 34 82 25 98 15 37 0 66 33 99 24 14 52 90 15 17
90 96 49 23 87 59 50 70 16 78 63 20 70 93 48 85 38 97 37 71 32 79 90 75 28 41 27 52 68 30 79 65 33 58 62 13 82 10 81 81 54 86 26 24 78 33 22 58 44 33 81 43 34 16 65 83 25 85 94 38 99 36 58 68 53 23 54 46 18 51 54 96 45 88 22 54 44 30 63 20 39 28 37 74 91 59 24 51 39 93 61 35 23 36 30 30 36 37 10 37 42 53 22 80 27 97 13 91 45 62 91 34 78 20 62 66 0 37 96 17 84 69 84 24 42
83 82 91 82 51 38 77 26 29 19 34 17 75 55 15 47 22 94 53 96 10 88 42 75 62 55 79 15 98 49 82 28 74 80 11 23 51 69 68 40 67 19 50 42 77 86 70 49 59 75 42 70 44 17 56 46 48 92 70 45 13 66 31 45 19 97 38 17 52 15 70 96 32 77 90 30 65 37 46 51 36 77 92 73 73 55 57 84 71 25 25 41 63 86 10 47 72 47 43 65 63 75 40 66 51 63 50 65 89 63 41 93 53 29 13 33 37 0 41 21 73 57 26 67 19
52 83 14 49 97 45 72 73 34 43 16 74 56 40 96 66 15 52 87 53 71 62 27 37 60 75 20 92 90 11 30 23 34 84 22 18 30 56 69 61 21 48 86 37 93 77 86 41 56 55 64 28 91 28 78 63 12 49 61 18 45 28 58 11 87 95 11 20 74 59 84 67 11 24 88 19 38 70 34 12 42 89 18 36 49 12 48 58 22 19 94 28 84 75 83 68 73 79 14 79 74 79 74 48 59 10 29 49 73 33 62 65 91 19 27 99 96 41 0 83 97 20 34 93 36
26 24 53 39 23 42 28 12 74 65 49 10 22 59 97 48 28 44 80 73 40 78 79 59 41 80 64 51 89 16 14 86 79 12 59 63 70 62 87 48 45 56 61 60 15 41 78 26 81 66 47 32 94 28 68 21 40 60 32 48 61 33 25 24 23 36 83 25 85 72 30 86 98 82 58 91 67 95 53 14 41 84 65 20 80 34 55 61 53 28 56 36 78 67 72 67 26 80 93 41 93 31 71 39 55 99 89 64 79 65 78 58 22 54 57 24 17 21 83 0 61 27 93 10 27
79 86 63 18 35 71 24 90 49 99 87 71 99 65 65 18 80 38 78 79 31 58 68 31 25 54 65 44 49 34 27 10 67 19 49 76 95 88 39 14 70 39 96 54 82 64 13 49 86 64 68 38 16 24 17 84 53 95 36 32 26 56 73 55 12 69 32 86 30 46 23 25 70 58 38 40 28 84 24 76 11 62 69 44 18 48 59 18 92 50 22 97 73 55 27 72 40 13 84 49 18 66 20 21 72 65 13 63 96 54 42 28 76 28 65 14 84 73 97 61 0 89 95 82 10
15 61 98 78 75 69 58 67 48 40 15 40 71 54 56 33 45 20 53 73 41 16 51 25 28 40 46 69 36 98 46 26 63 53 19 88 30 94 58 83 10 67 11 59 44 20 10 48 92 66 44 94 48 76 17 87 10 99 70 81 16 59 63 72 20 57 59 30 64 52 28 56 14 57 26 15 50 49 95 94 37 69 67 75 53 63 91 33 75 53 80 63 36 89 28 87 36 22 78 70 86 40 92 32 86 12 89 80 54 75 75 11 18 12 86 52 69 57 20 27 89 0 64 81 72
68 13 44 82 71 57 10 40 89 51 65 71 39 97 24 88 17 21 73 99 48 67 10 81 26 71 93 96 98 40 73 48 95 16 43 65 33 10 93 69 90 52 11 17 26 26 87 83 92 25 90 22 60 63 44 43 72 93 54 35 31 97 31 53 67 61 18 38 75 27 12 10 51 52 36 45 53 72 96 18 21 41 49 72 86 49 30 60 91 27 58 49 87 45 77 62 61 47 94 33 17 80 81 15 44 31 71 53 21 37 42 27 70 40 68 90 84 26 34 93 95 64 0 21 54
36 28 20 62 99 51 21 94 91 94 53 83 80 72 52 97 91 86 82 27 22 80 96 14 43 21 45 65 27 90 57 16 31 36 40 82 52 31 57 82 56 82 57 84 95 85 73 28 31 39 63 71 22 47 75 72 11 85 61 93 10 37 14 36 30 56 87 40 11 99 66 74 36 55 18 13 56 76 77 76 66 51 26 86 92 32 64 92 31 65 18 54 33 95 44 93 67 55 47 11 36 49 16 55 50 91 23 41 86 44 36 57 66 94 60 15 24 67 93 10 82 81 21 0 63
41 31 71 36 84 95 21 62 38 75 89 70 97 79 44 77 97 64 37 83 99 26 85 85 59 34 55 86 64 48 16 78 98 44 38 44 22 61 59 69 34 45 61 70 56 82 36 56 23 39 49 78 42 92 42 84 24 38 86 43 16 13 85 83 75 38 17 57 82 46 29 47 67 65 88 37 14 28 73 43 22 83 24 48 36 48 57 97 91 61 13 89 42 87 14 67 10 23 87 71 63 90 38 22 94 80 32 42 19 18 74 87 78 33 52 17 42 19 36 27 10 72 54 63 0