15
0 57 69 17 71 98 52 40 39 52 30 85 71 50 68
57 0 23 95 85 54 63 24 54 64 53 38 24 49 86
69 23 0 40 12 81 81 30 56 51 71 77 25 98 68
17 95 40 0 47 86 76 87 54 60 79 71 18 74 46
71 85 12 47 0 10 28 27 58 64 64 66 89 12 62
98 54 81 86 10 0 85 63 94 38 64 66 65 57 32
52 63 81 76 28 85 0 81 89 41 57 15 23 55 33
40 24 30 87 27 63 81 0 32 66 35 43 40 87 35
39 54 56 54 58 94 89 32 0 16 56 71 61 51 49
52 64 51 60 64 38 41 66 16 0 94 52 69 21 62
30 53 71 79 64 64 57 35 56 94 0 70 63 98 50
85 38 77 71 66 66 15 43 71 52 70 0 57 99 32
71 24 25 18 89 65 23 40 61 69 63 57 0 65 70
50 49 98 74 12 57 55 87 51 21 98 99 65 0 71
68 86 68 46 62 32 33 35 49 62 50 32 70 71 0