105
0 90 87 38 55 76 54 10 57 45 59 59 54 11 28 23 81 22 21 71 71 87 55 45 67 13 47 33 93 48 60 68 95 12 53 49 49 88 75 56 11 57 90 40 64 92 87 42 98 18 71 26 27 64 21 82 58 20 76 63 28 77 74 91 54 91 58 39 83 98 71 70 46 77 85 97 95 92 86 36 56 90 84 40 37 35 12 56 72 69 31 73 89 27 34 28 14 24 34 51 74 80 88 44 41
90 0 71 33 25 67 54 99 27 99 15 49 21 96 31 69 15 84 61 59 20 36 35 98 76 66 20 22 60 78 17 35 24 91 46 62 89 97 71 17 70 69 94 76 10 12 29 93 76 43 87 87 38 74 54 52 15 56 33 32 94 37 29 72 97 61 60 49 70 76 21 79 50 33 85 80 27 73 27 53 75 49 74 17 46 91 50 17 57 20 83 43 70 20 30 15 10 52 87 97 74 63 19 92 58
87 71 0 17 96 59 84 72 65 84 76 15 61 15 13 46 43 44 38 43 27 88 81 42 22 19 87 14 97 49 17 94 51 18 46 15 76 60 58 45 64 43 12 57 39 95 29 91 56 62 21 71 43 76 18 11 32 50 61 43 13 83 42 55 33 10 48 34 18 52 12 98 86 11 93 15 83 75 17 78 89 58 65 45 59 29 93 58 27 72 92 46 34 60 10 94 94 95 18 39 37 28 55 94 72
38 33 17 0 98 20 43 50 74 94 80 67 59 93 67 87 16 89 57 79 43 78 19 92 41 24 37 10 94 63 11 34 57 60 68 94 89 58 14 93 50 20 68 29 56 81 54 38 83 30 66 11 96 10 56 84 57 89 13 98 28 23 10 31 35 35 90 23 97 65 30 44 39 43 28 56 31 36 43 74 65 90 47 45 27 95 93 19 60 35 29 26 58 90 23 24 45 84 82 88 93 85 26 12 25
55 25 96 98 0 86 80 75 48 97 25 59 96 93 67 50 40 19 59 50 38 98 20 92 19 65 29 16 54 35 35 73 54 68 72 94 26 43 70 49 30 92 29 79 39 24 84 77 56 37 37 53 12 53 11 69 81 42 70 96 35 15 51 32 64 96 32 28 51 24 27 71 42 80 11 97 89 52 85 45 15 25 65 11 67 34 31 82 48 91 93 68 74 55 88 53 51 57 61 16 84 90 74 70 67
76 67 59 20 86 0 10 91 78 24 44 42 14 81 16 23 53 73 57 11 60 84 14 25 44 53 25 23 96 59 56 20 48 21 20 98 46 91 98 20 26 55 39 18 10 48 79 76 89 49 96 14 23 52 60 49 31 32 23 96 42 78 11 18 27 77 85 33 20 97 60 81 26 41 66 88 52 64 15 40 43 23 18 89 64 22 89 15 21 32 32 73 52 95 11 82 45 44 64 33 56 65 63 47 12
54 54 84 43 80 10 0 56 44 46 34 70 73 90 65 12 96 89 89 34 79 50 24 79 81 66 71 19 36 99 59 51 67 37 54 74 68 89 31 46 67 16 36 17 87 20 24 85 72 92 34 24 40 97 98 55 42 15 40 90 98 57 91 15 93 79 63 52 69 57 67 10 87 94 47 83 43 51 94 18 65 95 49 49 44 58 73 92 96 74 61 99 23 81 99 71 66 28 83 34 38 73 68 11 26
10 99 72 50 75 91 56 0 90 86 61 16 97 72 84 44 10 86 42 27 88 86 17 83 37 70 81 52 41 44 83 29 91 69 37 24 14 35 87 51 37 52 81 70 25 72 45 68 93 63 15 34 39 55 62 87 12 72 24 56 20 69 63 56 25 14 76 74 20 25 54 61 88 65 89 98 76 78 15 86 53 43 44 80 85 18 20 91 20 64 23 65 82 63 92 65 50 87 50 35 11 14 11 71 30
57 27 65 74 48 78 44 90 0 98 53 46 47 71 10 43 89 17 49 30 18 31 34 34 19 53 68 12 56 12 20 60 90 71 32 35 53 27 26 18 28 53 97 52 50 55 76 69 27 40 70 59 49 72 16 62 47 20 26 59 73 61 55 49 28 21 33 21 53 65 53 20 30 28 75 94 41 53 15 70 21 46 22 16 83 12 64 35 86 18 91 44 11 24 64 96 68 99 91 77 31 14 12 56 10
45 99 84 94 97 24 46 86 98 0 94 84 65 45 10 72 70 87 26 76 74 42 58 37 52 72 84 52 88 85 77 32 91 21 74 24 31 46 98 19 91 16 24 22 70 83 75 10 69 28 20 10 20 47 71 93 96 91 36 88 75 35 56 83 21 22 73 47 29 65 36 63 25 54 29 64 73 42 42 71 47 22 18 44 70 80 97 31 56 59 19 91 29 97 53 77 31 76 31 39 62 67 33 52 37
59 15 76 80 25 44 34 61 53 94 0 12 28 41 66 76 70 89 57 66 42 50 25 21 48 89 89 40 83 73 51 10 91 35 48 81 80 39 84 20 77 22 14 19 47 86 42 46 38 59 90 19 78 36 60 66 87 32 38 53 14 50 38 69 12 40 92 76 59 87 82 88 25 12 25 50 60 32 21 79 58 71 51 55 59 94 44 42 27 68 38 29 69 10 33 42 43 32 28 90 60 96 61 71 67
59 49 15 67 59 42 70 16 46 84 12 0 79 95 27 82 32 89 36 11 44 97 44 14 76 38 48 15 80 91 47 51 86 81 86 73 95 57 80 22 40 30 24 30 26 12 21 33 72 10 76 97 57 43 24 65 62 81 93 74 27 55 13 75 69 84 78 65 25 88 40 47 51 48 85 64 40 55 34 25 64 27 54 52 13 38 43 60 37 28 70 43 42 66 70 76 63 60 34 56 16 65 98 27 39
54 21 61 59 96 14 73 97 47 65 28 79 0 22 79 39 75 63 44 60 34 42 14 31 30 17 88 55 36 25 96 87 61 36 71 46 81 95 92 33 93 71 37 73 87 28 89 45 92 15 36 62 85 89 57 35 41 95 56 58 84 73 53 22 44 61 94 69 86 24 44 12 71 64 78 85 40 68 16 24 68 73 25 25 46 70 29 86 37 68 40 54 33 72 34 86 48 90 16 53 22 94 61 83 36
11 96 15 93 93 81 90 72 71 45 41 95 22 0 53 61 73 92 77 85 11 43 40 46 46 83 65 96 63 82 85 26 12 76 26 40 86 10 95 91 99 87 76 20 69 81 24 33 79 83 20 91 13 97 67 41 71 38 77 85 92 44 71 79 88 17 55 96 58 21 62 96 98 74 22 48 33 97 89 39 86 72 32 62 83 34 63 29 83 53 57 13 58 46 67 81 23 57 10 81 56 44 45 25 77
28 31 13 67 67 16 65 84 10 10 66 27 79 53 0 62 98 88 30 64 37 69 69 98 83 99 86 11 65 92 14 79 38 84 89 29 29 26 60 21 62 27 71 42 49 28 45 51 10 60 59 92 76 19 89 40 95 28 83 26 75 56 32 17 56 80 69 61 23 51 88 19 33 46 82 64 53 76 17 24 74 24 15 60 88 69 31 55 66 22 74 82 98 29 53 94 99 59 23 37 70 77 80 29 31
23 69 46 87 50 23 12 44 43 72 76 82 39 61 62 0 74 65 35 61 61 72 28 46 81 83 49 56 94 38 83 44 50 22 80 27 59 40 38 96 44 81 30 70 79 97 63 88 61 87 45 86 34 15 81 32 30 49 84 52 16 17 63 89 31 64 56 72 73 55 83 30 95 71 84 41 10 91 22 71 17 23 86 41 52 27 16 91 83 95 39 53 25 33 70 37 46 49 81 93 30 37 84 79 58
81 15 43 16 40 53 96 10 89 70 70 32 75 73 98 74 0 66 75 97 91 54 10 33 67 59 70 42 48 28 83 78 21 23 93 75 96 16 67 24 38 32 35 41 71 40 47 92 63 36 71 12 43 58 22 78 38 84 91 40 23 72 90 30 58 11 66 53 20 69 63 57 44 48 36 13 66 33 36 52 10 92 51 49 79 90 74 28 17 18 67 82 59 49 93 14 80 29 30 14 97 79 69 42 60
22 84 44 89 19 73 89 86 17 87 89 89 63 92 88 65 66 0 63 80 90 19 74 75 39 25 33 26 15 78 41 59 39 32 87 47 93 47 86 51 20 27 12 72 21 84 85 26 83 32 65 92 87 69 14 84 82 94 44 93 36 47 70 77 68 62 68 73 41 83 89 60 50 71 82 28 48 13 38 85 49 44 67 68 71 99 11 71 94 27 48 91 17 51 72 94 76 36 37 84 66 82 53 80 16
21 61 38 57 59 57 89 42 49 26 57 36 44 77 30 35 75 63 0 55 87 45 12 99 90 33 93 24 29 31 57 77 87 43 28 18 75 36 29 53 90 97 57 52 98 68 52 31 11 87 74 98 99 65 66 77 49 98 76 11 87 46 81 57 39 79 35 96 91 67 98 21 87 45 63 56 97 36 28 56 39 33 74 15 15 55 24 11 66 42 22 66 87 23 97 83 60 73 10 53 76 20 36 64 76
71 59 43 79 50 11 34 27 30 76 66 11 60 85 64 61 97 80 55 0 23 66 43 60 74 90 56 96 97 86 49 18 97 67 73 15 11 41 14 24 41 31 58 90 68 85 88 46 63 18 22 64 43 78 50 28 97 49 24 30 89 40 21 62 82 46 18 40 30 29 22 59 55 53 87 52 42 79 59 87 42 89 19 56 34 40 84 26 98 74 26 32 64 56 19 88 30 52 68 96 84 30 38 97 84
71 20 27 43 38 60 79 88 18 74 42 44 34 11 37 61 91 90 87 23 0 90 13 65 87 27 91 90 41 37 64 21 18 55 63 21 98 98 94 14 67 92 97 53 30 52 41 65 76 45 92 54 34 71 61 81 83 45 37 70 33 22 84 80 18 20 93 42 13 34 35 85 42 56 78 62 80 35 51 33 31 41 52 27 68 29 82 34 43 97 80 42 46 32 42 18 22 43 86 95 56 65 80 39 53
87 36 88 78 98 84 50 86 31 42 50 97 42 43 69 72 54 19 45 66 90 0 89 27 94 63 87 57 91 13 18 64 40 68 71 79 96 83 38 70 96 12 31 24 89 34 77 44 34 89 59 11 65 60 18 95 50 13 39 60 14 85 41 43 97 42 85 38 87 80 29 44 11 41 57 28 85 18 89 56 77 28 99 37 58 63 27 47 24 23 26 49 89 86 84 88 80 31 18 87 43 68 40 88 61
55 35 81 19 20 14 24 17 34 58 25 44 14 40 69 28 10 74 12 43 13 89 0 61 20 44 31 37 95 89 40 81 18 14 34 69 67 27 50 36 11 16 58 72 39 20 29 79 30 39 94 93 91 67 30 50 16 15 98 23 46 14 45 78 12 65 90 95 40 99 95 36 53 36 25 52 16 19 26 41 20 75 55 19 85 52 79 54 98 41 95 72 54 26 49 58 55 37 54 36 78 22 25 69 37
45 98 42 92 92 25 79 83 34 37 21 14 31 46 98 46 33 75 99 60 65 27 61 0 57 56 39 58 69 18 56 63 92 39 90 33 71 67 28 90 19 80 46 98 71 35 70 24 74 75 97 40 82 29 26 93 33 63 27 62 46 76 86 37 63 17 51 56 77 95 70 48 64 12 51 15 30 84 58 41 71 76 35 20 47 13 40 69 73 55 75 73 38 14 25 25 47 12 79 82 23 64 13 87 70
67 76 22 41 19 44 81 37 19 52 48 76 30 46 83 81 67 39 90 74 87 94 20 57 0 82 58 39 96 62 76 54 71 83 60 27 12 59 69 59 71 51 84 33 27 21 95 87 41 49 26 31 93 84 51 76 41 93 62 81 51 28 88 14 66 19 33 97 75 17 88 31 79 79 12 37 12 42 80 73 88 54 31 39 14 52 20 72 66 61 61 93 36 83 19 99 77 97 80 24 11 96 34 11 66
13 66 19 24 65 53 66 70 53 72 89 38 17 83 99 83 59 25 33 90 27 63 44 56 82 0 37 56 74 42 29 33 27 72 63 63 88 97 58 15 93 82 48 81 34 36 67 47 78 17 66 62 43 97 93 91 99 37 81 79 73 16 26 33 91 27 69 19 52 99 97 82 18 56 36 72 43 54 99 10 72 32 16 36 84 59 72 42 50 72 62 81 47 81 35 18 13 61 10 12 70 73 20 36 56
47 20 87 37 29 25 71 81 68 84 89 48 88 65 86 49 70 33 93 56 91 87 31 39 58 37 0 14 83 70 77 72 72 84 52 34 69 75 47 47 89 50 50 90 73 86 93 54 37 71 48 89 44 51 59 23 72 12 86 88 23 61 74 90 19 96 75 13 52 82 67 73 50 31 23 85 92 84 10 52 26 75 88 36 59 59 33 72 19 43 17 74 73 43 38 25 70 43 63 19 17 88 19 39 81
33 22 14 10 16 23 19 52 12 52 40 15 55 96 11 56 42 26 24 96 90 57 37 58 39 56 14 0 51 74 40 49 11 91 88 74 22 95 28 26 29 66 52 23 86 67 44 99 76 55 88 47 79 72 20 94 76 64 12 91 31 78 77 67 36 50 64 26 93 23 23 75 10 47 62 38 18 68 76 50 20 37 21 36 45 79 35 91 22 80 57 19 73 55 23 48 63 64 59 61 93 19 54 91 35
93 60 97 94 54 96 36 41 56 88 83 80 36 63 65 94 48 15 29 97 41 91 95 69 96 74 83 51 0 82 67 57 15 90 51 48 16 58 23 72 62 68 91 53 87 15 61 98 60 37 53 44 31 65 63 57 21 79 81 84 96 87 77 65 67 64 41 52 59 89 71 81 85 58 12 70 46 67 72 48 17 83 66 97 54 78 59 13 58 94 27 28 78 86 54 59 25 65 38 93 16 29 54 71 95
48 78 49 63 35 59 99 44 12 85 73 91 25 82 92 38 28 78 31 86 37 13 89 18 62 42 70 74 82 0 27 11 14 21 48 73 21 62 57 16 19 36 89 57 25 42 41 41 24 42 48 78 65 52 37 89 32 17 20 79 17 70 36 39 26 86 43 13 22 49 73 75 77 24 27 40 27 91 78 29 41 11 56 59 25 21 74 42 57 68 80 14 56 94 68 10 14 77 89 97 71 59 10 78 71
60 17 17 11 35 56 59 83 20 77 51 47 96 85 14 83 83 41 57 49 64 18 40 56 76 29 77 40 67 27 0 40 22 47 81 56 81 72 40 88 69 16 66 50 82 76 14 33 25 62 18 21 89 82 46 84 82 12 27 54 58 43 73 13 30 47 23 88 69 65 97 95 47 40 74 41 51 76 50 35 95 43 36 22 71 84 80 64 20 24 56 96 63 97 70 86 70 83 35 94 83 10 82 94 68
68 35 94 34 73 20 51 29 60 32 10 51 87 26 79 44 78 59 77 18 21 64 81 63 54 33 72 49 57 11 40 0 47 40 66 55 32 77 15 12 26 87 74 29 16 65 21 29 46 71 56 94 91 57 25 61 81 61 10 84 49 69 46 32 78 81 16 31 87 88 56 36 27 78 95 59 59 73 10 64 19 32 76 81 72 38 23 71 56 99 47 89 53 24 39 10 55 33 13 48 89 54 27 87 17
95 24 51 57 54 48 67 91 90 91 91 86 61 12 38 50 21 39 87 97 18 40 18 92 71 27 72 11 15 14 22 47 0 35 11 60 92 90 98 34 44 80 45 82 23 36 35 63 27 76 46 51 27 93 30 87 47 53 54 92 54 62 52 83 43 84 25 30 74 55 89 56 39 89 58 49 29 11 78 89 83 86 87 27 65 87 39 69 90 58 62 16 36 40 94 60 46 82 45 73 83 86 30 30 85
12 91 18 60 68 21 37 69 71 21 35 81 36 76 84 22 23 32 43 67 55 68 14 39 83 72 84 91 90 21 47 40 35 0 66 41 88 59 81 45 15 43 88 60 32 60 84 73 41 43 14 90 54 95 41 45 39 66 26 82 49 37 23 18 93 89 85 37 82 53 96 89 42 27 20 50 34 70 56 97 68 19 96 13 23 27 98 14 65 18 18 44 62 12 42 36 63 23 64 54 48 41 64 53 78
53 46 46 68 72 20 54 37 32 74 48 86 71 26 89 80 93 87 28 73 63 71 34 90 60 63 52 88 51 48 81 66 11 66 0 50 46 46 70 32 50 77 46 50 77 33 85 16 74 10 48 63 83 70 26 46 48 27 26 71 13 20 98 16 66 26 84 51 84 48 18 40 62 57 75 12 25 35 32 71 79 52 36 33 65 45 20 45 82 30 21 52 56 76 43 18 66 16 95 14 20 81 35 80 66
49 62 15 94 94 98 74 24 35 24 81 73 46 40 29 27 75 47 18 15 21 79 69 33 27 63 34 74 48 73 56 55 60 41 50 0 58 51 98 45 76 73 55 82 48 98 28 20 11 78 27 59 50 35 29 21 15 12 40 57 75 31 17 12 23 17 35 59 46 80 91 93 69 42 44 51 55 32 43 95 58 63 51 67 63 53 62 90 86 75 99 55 33 64 92 36 42 64 31 52 30 11 90 36 90
49 89 76 89 26 46 68 14 53 31 80 95 81 86 29 59 96 93 75 11 98 96 67 71 12 88 69 22 16 21 81 32 92 88 46 58 0 67 64 87 28 22 37 43 72 75 29 62 62 44 76 82 70 33 94 29 65 39 64 56 56 86 97 24 33 48 57 76 60 53 19 64 46 92 61 28 90 63 98 33 60 47 88 73 93 81 86 47 46 76 94 33 37 15 25 77 45 23 54 60 15 80 13 95 12
88 97 60 58 43 91 89 35 27 46 39 57 95 10 26 40 16 47 36 41 98 83 27 67 59 97 75 95 58 62 72 77 90 59 46 51 67 0 52 42 23 95 22 56 50 45 74 69 14 12 55 12 13 85 85 43 54 15 35 64 92 35 44 92 69 61 14 89 73 96 84 89 64 26 35 59 55 12 37 37 32 93 57 18 29 84 53 62 51 12 15 93 24 23 16 22 16 83 70 26 49 21 77 96 86
75 71 58 14 70 98 31 87 26 98 84 80 92 95 60 38 67 86 29 14 94 38 50 28 69 58 47 28 23 57 40 15 98 81 70 98 64 52 0 73 11 64 27 92 26 37 93 61 54 69 37 75 55 13 92 53 54 49 67 76 76 21 88 43 32 74 82 78 99 53 63 41 65 91 96 49 66 96 52 66 98 82 67 90 15 36 16 80 79 25 48 36 84 16 98 28 80 53 21 80 39 79 44 46 59
56 17 45 93 49 20 46 51 18 19 20 22 33 91 21 96 24 51 53 24 14 70 36 90 59 15 47 26 72 16 88 12 34 45 32 45 87 42 73 0 66 75 37 28 39 45 48 10 73 63 42 62 96 23 63 86 56 19 44 86 92 16 93 85 13 28 81 76 19 78 55 92 30 35 32 75 64 64 99 12 48 48 45 23 93 99 10 63 47 84 40 71 11 54 55 87 46 20 33 85 67 30 29 87 85
11 70 64 50 30 26 67 37 28 91 77 40 93 99 62 44 38 20 90 41 67 96 11 19 71 93 89 29 62 19 69 26 44 15 50 76 28 23 11 66 0 92 48 17 62 24 74 32 68 63 51 53 63 19 51 85 50 40 15 89 13 41 26 50 74 75 46 72 98 40 24 43 11 76 36 13 26 45 76 70 95 97 21 79 53 81 98 44 12 85 22 82 29 65 67 14 25 22 70 18 51 91 53 42 36
57 69 43 20 92 55 16 52 53 16 22 30 71 87 27 81 32 27 97 31 92 12 16 80 51 82 50 66 68 36 16 87 80 43 77 73 22 95 64 75 92 0 41 94 80 21 35 87 68 43 71 80 51 63 48 42 88 94 39 87 97 29 69 68 68 59 39 56 37 31 90 77 61 28 36 57 56 95 46 95 17 42 47 68 41 25 72 38 49 22 76 95 97 89 29 43 40 86 48 62 88 67 23 15 90
90 94 12 68 29 39 36 81 97 24 14 24 37 76 71 30 35 12 57 58 97 31 58 46 84 48 50 52 91 89 66 74 45 88 46 55 37 22 27 37 48 41 0 52 77 85 91 34 74 28 66 74 80 51 45 19 12 10 74 76 94 76 87 15 13 77 90 14 60 25 26 60 55 40 94 40 96 42 95 14 57 95 40 98 14 77 92 75 43 71 50 79 82 88 43 59 66 54 67 80 43 19 41 15 34
40 76 57 29 79 18 17 70 52 22 19 30 73 20 42 70 41 72 52 90 53 24 72 98 33 81 90 23 53 57 50 29 82 60 50 82 43 56 92 28 17 94 52 0 24 58 82 46 23 45 53 87 39 42 91 19 69 27 58 78 75 44 88 67 30 62 22 27 22 14 22 81 11 59 71 61 93 40 70 59 50 88 48 67 70 13 72 60 41 92 34 49 56 78 74 72 78 48 58 43 45 65 76 88 61
64 10 39 56 39 10 87 25 50 70 47 26 87 69 49 79 71 21 98 68 30 89 39 71 27 34 73 86 87 25 82 16 23 32 77 48 72 50 26 39 62 80 77 24 0 11 27 12 58 69 28 64 55 73 48 93 33 85 61 37 70 27 72 44 85 61 51 22 67 66 11 14 97 17 70 13 34 53 85 46 50 74 14 94 22 76 14 90 35 45 99 26 98 71 23 33 67 53 54 27 82 91 34 40 88
92 12 95 81 24 48 20 72 55 83 86 12 28 81 28 97 40 84 68 85 52 34 20 35 21 36 86 67 15 42 76 65 36 60 33 98 75 45 37 45 24 21 85 58 11 0 38 75 63 19 16 65 28 90 40 11 72 23 44 72 51 94 71 93 87 34 35 54 33 90 16 91 61 72 93 63 66 92 81 49 84 19 44 43 70 16 17 73 43 83 15 85 47 14 33 14 16 74 86 99 24 20 26 80 65
87 29 29 54 84 79 24 45 76 75 42 21 89 24 45 63 47 85 52 88 41 77 29 70 95 67 93 44 61 41 14 21 35 84 85 28 29 74 93 48 74 35 91 82 27 38 0 97 68 11 10 56 34 90 10 99 94 25 27 22 62 78 32 70 64 13 94 35 11 81 26 78 19 21 79 81 31 53 97 83 43 21 44 43 67 56 66 68 35 93 76 45 78 82 75 89 78 60 20 12 88 66 14 67 77
42 93 91 38 77 76 85 68 69 10 46 33 45 33 51 88 92 26 31 46 65 44 79 24 87 47 54 99 98 41 33 29 63 73 16 20 62 69 61 10 32 87 34 46 12 75 97 0 61 55 81 16 88 44 26 46 49 34 37 63 25 41 61 51 94 16 44 99 79 36 38 97 93 86 97 47 44 42 57 88 22 54 26 14 52 65 98 29 69 13 30 81 55 98 99 73 24 44 46 85 29 25 12 90 18
98 76 56 83 56 89 72 93 27 69 38 72 92 79 10 61 63 83 11 63 76 34 30 74 41 78 37 76 60 24 25 46 27 41 74 11 62 14 54 73 68 68 74 23 58 63 68 61 0 65 41 29 58 88 59 71 12 22 90 52 26 25 22 91 78 66 94 47 64 88 57 15 47 61 56 27 72 79 33 70 59 91 46 32 18 45 69 73 65 41 98 26 97 60 22 30 33 96 12 58 19 81 94 12 69
18 43 62 30 37 49 92 63 40 28 59 10 15 83 60 87 36 32 87 18 45 89 39 75 49 17 71 55 37 42 62 71 76 43 10 78 44 12 69 63 63 43 28 45 69 19 11 55 65 0 69 93 44 46 40 57 68 28 57 51 17 38 91 84 77 16 18 47 58 69 60 71 96 35 89 77 68 22 89 15 50 48 98 82 20 67 82 58 59 23 92 44 31 68 12 15 60 59 75 24 57 26 57 95 63
71 87 21 66 37 96 34 15 70 20 90 76 36 20 59 45 71 65 74 22 92 59 94 97 26 66 48 88 53 48 18 56 46 14 48 27 76 55 37 42 51 71 66 53 28 16 10 81 41 69 0 62 95 66 89 64 34 91 95 47 66 14 55 91 30 91 46 19 50 99 42 13 89 25 42 99 21 90 17 14 43 68 75 86 95 85 63 32 10 32 48 41 47 53 24 70 42 25 70 23 74 29 96 67 92
26 87 71 11 53 14 24 34 59 10 19 97 62 91 92 86 12 92 98 64 54 11 93 40 31 62 89 47 44 78 21 94 51 90 63 59 82 12 75 62 53 80 74 87 64 65 56 16 29 93 62 0 64 29 50 42 35 68 60 54 70 60 94 78 91 49 62 81 38 76 21 41 98 42 10 67 24 35 41 97 13 69 51 60 13 34 54 91 29 50 13 22 39 89 55 33 50 80 71 95 67 65 24 29 61
27 38 43 96 12 23 40 39 49 20 78 57 85 13 76 34 43 87 99 43 34 65 91 82 93 43 44 79 31 65 89 91 27 54 83 50 70 13 55 96 63 51 80 39 55 28 34 88 58 44 95 64 0 35 97 38 64 53 61 76 19 32 18 78 47 42 29 89 89 57 96 23 99 29 68 35 32 69 77 86 89 78 79 21 57 12 59 25 52 29 91 18 89 47 26 15 51 84 85 97 99 91 14 31 46
64 74 76 10 53 52 97 55 72 47 36 43 89 97 19 15 58 69 65 78 71 60 67 29 84 97 51 72 65 52 82 57 93 95 70 35 33 85 13 23 19 63 51 42 73 90 90 44 88 46 66 29 35 0 13 26 36 30 76 84 35 72 36 98 82 56 98 40 70 91 92 28 27 62 47 22 90 51 56 65 97 37 55 92 16 32 18 36 16 31 21 75 53 12 27 40 50 93 19 80 28 62 94 79 23
21 54 18 56 11 60 98 62 16 71 60 24 57 67 89 81 22 14 66 50 61 18 30 26 51 93 59 20 63 37 46 25 30 41 26 29 94 85 92 63 51 48 45 91 48 40 10 26 59 40 89 50 97 13 0 11 83 74 66 98 61 28 12 44 64 76 24 23 33 98 65 89 79 81 61 52 24 55 94 77 82 70 63 28 29 74 92 85 95 16 67 31 77 30 83 25 70 58 82 60 60 30 11 31 82
82 52 11 84 69 49 55 87 62 93 66 65 35 41 40 32 78 84 77 28 81 95 50 93 76 91 23 94 57 89 84 61 87 45 46 21 29 43 53 86 85 42 19 19 93 11 99 46 71 57 64 42 38 26 11 0 29 47 12 45 41 37 35 17 82 36 85 32 79 76 87 79 38 79 79 95 65 35 11 49 68 82 24 22 92 38 59 54 30 75 25 43 21 23 34 46 58 52 59 12 47 53 60 88 12
58 15 32 57 81 31 42 12 47 96 87 62 41 71 95 30 38 82 49 97 83 50 16 33 41 99 72 76 21 32 82 81 47 39 48 15 65 54 54 56 50 88 12 69 33 72 94 49 12 68 34 35 64 36 83 29 0 60 90 68 52 80 99 41 87 44 62 98 26 69 60 33 23 35 62 84 64 15 80 65 44 16 87 49 51 19 96 63 15 72 68 28 45 37 13 76 63 58 71 23 60 57 62 75 56
20 56 50 89 42 32 15 72 20 91 32 81 95 38 28 49 84 94 98 49 45 13 15 63 93 37 12 64 79 17 12 61 53 66 27 12 39 15 49 19 40 94 10 27 85 23 25 34 22 28 91 68 53 30 74 47 60 0 38 14 46 46 93 72 67 18 34 38 69 58 86 23 19 45 32 48 70 18 57 96 52 26 76 95 11 27 39 80 60 46 32 78 94 68 19 21 77 83 86 52 14 57 21 16 61
76 33 61 13 70 23 40 24 26 36 38 93 56 77 83 84 91 44 76 24 37 39 98 27 62 81 86 12 81 20 27 10 54 26 26 40 64 35 67 44 15 39 74 58 61 44 27 37 90 57 95 60 61 76 66 12 90 38 0 56 26 87 87 12 62 92 98 90 61 45 56 48 19 28 36 12 19 10 44 42 77 25 94 36 55 29 76 20 96 51 21 35 13 44 64 78 58 81 73 72 84 15 91 53 88
63 32 43 98 96 96 90 56 59 88 53 74 58 85 26 52 40 93 11 30 70 60 23 62 81 79 88 91 84 79 54 84 92 82 71 57 56 64 76 86 89 87 76 78 37 72 22 63 52 51 47 54 76 84 98 45 68 14 56 0 28 48 16 64 50 20 61 18 71 27 36 29 71 65 14 92 48 44 92 83 92 88 17 78 75 55 89 59 33 31 49 57 31 32 68 13 38 35 79 49 50 42 79 93 78
28 94 13 28 35 42 98 20 73 75 14 27 84 92 75 16 23 36 87 89 33 14 46 46 51 73 23 31 96 17 58 49 54 49 13 75 56 92 76 92 13 97 94 75 70 51 62 25 26 17 66 70 19 35 61 41 52 46 26 28 0 60 47 29 23 35 13 64 64 74 40 39 54 70 51 28 16 46 22 55 54 69 96 55 46 34 86 88 66 97 60 74 12 80 19 15 37 82 79 64 14 68 87 48 45
77 37 83 23 15 78 57 69 61 35 50 55 73 44 56 17 72 47 46 40 22 85 14 76 28 16 61 78 87 70 43 69 62 37 20 31 86 35 21 16 41 29 76 44 27 94 78 41 25 38 14 60 32 72 28 37 80 46 87 48 60 0 59 42 24 46 27 80 68 68 11 35 65 96 64 66 66 63 70 35 24 28 73 89 66 31 95 19 79 16 77 50 33 54 37 49 62 85 49 61 67 66 75 60 91
74 29 42 10 51 11 91 63 55 56 38 13 53 71 32 63 90 70 81 21 84 41 45 86 88 26 74 77 77 36 73 46 52 23 98 17 97 44 88 93 26 69 87 88 72 71 32 61 22 91 55 94 18 36 12 35 99 93 87 16 47 59 0 76 13 76 93 52 29 59 13 37 70 62 92 57 73 20 22 57 36 78 24 23 83 50 96 87 22 52 74 93 96 11 54 85 58 82 45 79 46 54 85 20 77
91 72 55 31 32 18 15 56 49 83 69 75 22 79 17 89 30 77 57 62 80 43 78 37 14 33 90 67 65 39 13 32 83 18 16 12 24 92 43 85 50 68 15 67 44 93 70 51 91 84 91 78 78 98 44 17 41 72 12 64 29 42 76 0 33 48 36 16 75 99 59 17 98 94 91 38 35 52 49 88 43 91 59 70 19 59 65 76 57 74 45 56 95 88 55 58 36 11 12 94 81 19 61 47 52
54 97 33 35 64 27 93 25 28 21 12 69 44 88 56 31 58 68 39 82 18 97 12 63 66 91 19 36 67 26 30 78 43 93 66 23 33 69 32 13 74 68 13 30 85 87 64 94 78 77 30 91 47 82 64 82 87 67 62 50 23 24 13 33 0 92 26 17 88 32 96 75 76 79 82 45 56 18 11 69 85 41 26 72 45 10 14 39 31 69 51 12 50 93 22 96 34 34 44 52 63 69 91 21 55
91 61 10 35 96 77 79 14 21 22 40 84 61 17 80 64 11 62 79 46 20 42 65 17 19 27 96 50 64 86 47 81 84 89 26 17 48 61 74 28 75 59 77 62 61 34 13 16 66 16 91 49 42 56 76 36 44 18 92 20 35 46 76 48 92 0 43 71 91 93 39 76 21 20 84 11 31 10 74 22 97 29 28 49 29 85 50 43 17 50 79 58 84 20 84 31 35 76 94 97 25 86 32 67 78
58 60 48 90 32 85 63 76 33 73 92 78 94 55 69 56 66 68 35 18 93 85 90 51 33 69 75 64 41 43 23 16 25 85 84 35 57 14 82 81 46 39 90 22 51 35 94 44 94 18 46 62 29 98 24 85 62 34 98 61 13 27 93 36 26 43 0 94 97 46 19 75 65 68 38 56 72 15 96 51 29 56 57 68 93 40 84 24 65 92 83 35 21 49 82 85 98 77 34 21 82 32 29 81 21
39 49 34 23 28 33 52 74 21 47 76 65 69 96 61 72 53 73 96 40 42 38 95 56 97 19 13 26 52 13 88 31 30 37 51 59 76 89 78 76 72 56 14 27 22 54 35 99 47 47 19 81 89 40 23 32 98 38 90 18 64 80 52 16 17 71 94 0 10 95 82 98 97 24 60 94 81 89 42 71 92 79 91 61 48 92 10 89 17 53 68 68 25 54 36 99 70 46 10 38 91 27 80 11 13
83 70 18 97 51 20 69 20 53 29 59 25 86 58 23 73 20 41 91 30 13 87 40 77 75 52 52 93 59 22 69 87 74 82 84 46 60 73 99 19 98 37 60 22 67 33 11 79 64 58 50 38 89 70 33 79 26 69 61 71 64 68 29 75 88 91 97 10 0 92 59 13 93 14 22 80 43 69 50 61 57 13 22 45 22 79 58 15 88 59 75 11 36 80 16 17 33 14 94 79 72 85 21 17 11
98 76 52 65 24 97 57 25 65 65 87 88 24 21 51 55 69 83 67 29 34 80 99 95 17 99 82 23 89 49 65 88 55 53 48 80 53 96 53 78 40 31 25 14 66 90 81 36 88 69 99 76 57 91 98 76 69 58 45 27 74 68 59 99 32 93 46 95 92 0 69 11 89 72 33 39 42 11 10 26 82 92 39 47 79 62 92 29 45 39 51 18 41 19 16 27 33 92 24 56 25 57 57 85 98
71 21 12 30 27 60 67 54 53 36 82 40 44 62 88 83 63 89 98 22 35 29 95 70 88 97 67 23 71 73 97 56 89 96 18 91 19 84 63 55 24 90 26 22 11 16 26 38 57 60 42 21 96 92 65 87 60 86 56 36 40 11 13 59 96 39 19 82 59 69 0 57 44 39 66 45 48 63 72 23 46 46 18 45 19 26 39 10 40 47 39 52 70 99 64 43 69 65 37 95 52 69 20 84 94
70 79 98 44 71 81 10 61 20 63 88 47 12 96 19 30 57 60 21 59 85 44 36 48 31 82 73 75 81 75 95 36 56 89 40 93 64 89 41 92 43 77 60 81 14 91 78 97 15 71 13 41 23 28 89 79 33 23 48 29 39 35 37 17 75 76 75 98 13 11 57 0 47 34 28 52 85 83 77 21 30 81 47 93 56 28 98 65 54 33 55 64 24 91 38 29 76 34 69 82 58 97 49 96 12
46 50 86 39 42 26 87 88 30 25 25 51 71 98 33 95 44 50 87 55 42 11 53 64 79 18 50 10 85 77 47 27 39 42 62 69 46 64 65 30 11 61 55 11 97 61 19 93 47 96 89 98 99 27 79 38 23 19 19 71 54 65 70 98 76 21 65 97 93 89 44 47 0 43 74 91 47 77 35 69 33 99 10 98 52 77 42 61 12 50 24 84 70 15 49 70 25 98 66 61 73 65 20 27 96
77 33 11 43 80 41 94 65 28 54 12 48 64 74 46 71 48 71 45 53 56 41 36 12 79 56 31 47 58 24 40 78 89 27 57 42 92 26 91 35 76 28 40 59 17 72 21 86 61 35 25 42 29 62 81 79 35 45 28 65 70 96 62 94 79 20 68 24 14 72 39 34 43 0 84 36 74 37 59 32 37 27 90 47 74 78 44 80 16 45 87 80 10 36 94 36 60 91 43 14 62 89 92 41 69
85 85 93 28 11 66 47 89 75 29 25 85 78 22 82 84 36 82 63 87 78 57 25 51 12 36 23 62 12 27 74 95 58 20 75 44 61 35 96 32 36 36 94 71 70 93 79 97 56 89 42 10 68 47 61 79 62 32 36 14 51 64 92 91 82 84 38 60 22 33 66 28 74 84 0 99 92 74 97 50 56 77 95 44 26 50 46 21 29 57 81 34 41 24 28 53 70 45 72 55 76 33 99 76 34
97 80 15 56 97 88 83 98 94 64 50 64 85 48 64 41 13 28 56 52 62 28 52 15 37 72 85 38 70 40 41 59 49 50 12 51 28 59 49 75 13 57 40 61 13 63 81 47 27 77 99 67 35 22 52 95 84 48 12 92 28 66 57 38 45 11 56 94 80 39 45 52 91 36 99 0 67 56 21 63 77 14 39 11 42 10 53 81 39 14 41 27 54 24 54 66 43 60 80 85 73 10 27 47 26
95 27 83 31 89 52 43 76 41 73 60 40 40 33 53 10 66 48 97 42 80 85 16 30 12 43 92 18 46 27 51 59 29 34 25 55 90 55 66 64 26 56 96 93 34 66 31 44 72 68 21 24 32 90 24 65 64 70 19 48 16 66 73 35 56 31 72 81 43 42 48 85 47 74 92 67 0 36 47 38 93 91 83 97 97 94 87 45 69 58 79 30 68 24 64 53 28 94 83 30 89 21 46 64 68
92 73 75 36 52 64 51 78 53 42 32 55 68 97 76 91 33 13 36 79 35 18 19 84 42 54 84 68 67 91 76 73 11 70 35 32 63 12 96 64 45 95 42 40 53 92 53 42 79 22 90 35 69 51 55 35 15 18 10 44 46 63 20 52 18 10 15 89 69 11 63 83 77 37 74 56 36 0 29 33 57 55 48 32 76 16 21 11 26 83 47 40 68 98 79 26 24 54 77 83 48 17 43 89 43
86 27 17 43 85 15 94 15 15 42 21 34 16 89 17 22 36 38 28 59 51 89 26 58 80 99 10 76 72 78 50 10 78 56 32 43 98 37 52 99 76 46 95 70 85 81 97 57 33 89 17 41 77 56 94 11 80 57 44 92 22 70 22 49 11 74 96 42 50 10 72 77 35 59 97 21 47 29 0 64 30 34 41 33 92 28 52 42 33 60 84 28 73 25 12 23 89 17 97 29 76 81 66 48 43
36 53 78 74 45 40 18 86 70 71 79 25 24 39 24 71 52 85 56 87 33 56 41 41 73 10 52 50 48 29 35 64 89 97 71 95 33 37 66 12 70 95 14 59 46 49 83 88 70 15 14 97 86 65 77 49 65 96 42 83 55 35 57 88 69 22 51 71 61 26 23 21 69 32 50 63 38 33 64 0 95 88 44 68 81 54 81 56 87 89 76 28 61 24 74 58 76 77 94 44 38 87 94 30 27
56 75 89 65 15 43 65 53 21 47 58 64 68 86 74 17 10 49 39 42 31 77 20 71 88 72 26 20 17 41 95 19 83 68 79 58 60 32 98 48 95 17 57 50 50 84 43 22 59 50 43 13 89 97 82 68 44 52 77 92 54 24 36 43 85 97 29 92 57 82 46 30 33 37 56 77 93 57 30 95 0 42 95 10 10 90 78 43 41 97 53 79 20 43 51 97 82 37 80 86 37 26 89 45 84
90 49 58 90 25 23 95 43 46 22 71 27 73 72 24 23 92 44 33 89 41 28 75 76 54 32 75 37 83 11 43 32 86 19 52 63 47 93 82 48 97 42 95 88 74 19 21 54 91 48 68 69 78 37 70 82 16 26 25 88 69 28 78 91 41 29 56 79 13 92 46 81 99 27 77 14 91 55 34 88 42 0 10 64 56 59 42 49 78 73 65 18 31 73 95 99 71 70 80 49 98 74 86 88 13
84 74 65 47 65 18 49 44 22 18 51 54 25 32 15 86 51 67 74 19 52 99 55 35 31 16 88 21 66 56 36 76 87 96 36 51 88 57 67 45 21 47 40 48 14 44 44 26 46 98 75 51 79 55 63 24 87 76 94 17 96 73 24 59 26 28 57 91 22 39 18 47 10 90 95 39 83 48 41 44 95 10 0 78 62 96 23 49 96 50 25 87 22 29 75 10 41 95 16 56 90 54 39 66 79
40 17 45 45 11 89 49 80 16 44 55 52 25 62 60 41 49 68 15 56 27 37 19 20 39 36 36 36 97 59 22 81 27 13 33 67 73 18 90 23 79 68 98 67 94 43 43 14 32 82 86 60 21 92 28 22 49 95 36 78 55 89 23 70 72 49 68 61 45 47 45 93 98 47 44 11 97 32 33 68 10 64 78 0 19 40 56 12 18 45 54 69 23 84 15 94 97 17 25 62 17 96 75 14 96
37 46 59 27 67 64 44 85 83 70 59 13 46 83 88 52 79 71 15 34 68 58 85 47 14 84 59 45 54 25 71 72 65 23 65 63 93 29 15 93 53 41 14 70 22 70 67 52 18 20 95 13 57 16 29 92 51 11 55 75 46 66 83 19 45 29 93 48 22 79 19 56 52 74 26 42 97 76 92 81 10 56 62 19 0 98 93 94 11 84 49 80 69 78 94 31 94 11 13 53 46 67 68 14 69
35 91 29 95 34 22 58 18 12 80 94 38 70 34 69 27 90 99 55 40 29 63 52 13 52 59 59 79 78 21 84 38 87 27 45 53 81 84 36 99 81 25 77 13 76 16 56 65 45 67 85 34 12 32 74 38 19 27 29 55 34 31 50 59 10 85 40 92 79 62 26 28 77 78 50 10 94 16 28 54 90 59 96 40 98 0 57 67 94 78 81 49 68 11 66 53 19 75 68 65 28 12 68 47 50
12 50 93 93 31 89 73 20 64 97 44 43 29 63 31 16 74 11 24 84 82 27 79 40 20 72 33 35 59 74 80 23 39 98 20 62 86 53 16 10 98 72 92 72 14 17 66 98 69 82 63 54 59 18 92 59 96 39 76 89 86 95 96 65 14 50 84 10 58 92 39 98 42 44 46 53 87 21 52 81 78 42 23 56 93 57 0 26 46 99 80 59 43 45 56 84 46 94 58 77 82 88 44 22 20
56 17 58 19 82 15 92 91 35 31 42 60 86 29 55 91 28 71 11 26 34 47 54 69 72 42 72 91 13 42 64 71 69 14 45 90 47 62 80 63 44 38 75 60 90 73 68 29 73 58 32 91 25 36 85 54 63 80 20 59 88 19 87 76 39 43 24 89 15 29 10 65 61 80 21 81 45 11 42 56 43 49 49 12 94 67 26 0 32 81 30 18 40 76 21 35 31 53 77 66 16 23 11 26 75
72 57 27 60 48 21 96 20 86 56 27 37 37 83 66 83 17 94 66 98 43 24 98 73 66 50 19 22 58 57 20 56 90 65 82 86 46 51 79 47 12 49 43 41 35 43 35 69 65 59 10 29 52 16 95 30 15 60 96 33 66 79 22 57 31 17 65 17 88 45 40 54 12 16 29 39 69 26 33 87 41 78 96 18 11 94 46 32 0 15 27 59 65 18 62 33 31 67 94 44 88 51 55 81 88
69 20 72 35 91 32 74 64 18 59 68 28 68 53 22 95 18 27 42 74 97 23 41 55 61 72 43 80 94 68 24 99 58 18 30 75 76 12 25 84 85 22 71 92 45 83 93 13 41 23 32 50 29 31 16 75 72 46 51 31 97 16 52 74 69 50 92 53 59 39 47 33 50 45 57 14 58 83 60 89 97 73 50 45 84 78 99 81 15 0 48 61 24 84 82 11 22 51 43 30 45 39 29 24 17
31 83 92 29 93 32 61 23 91 19 38 70 40 57 74 39 67 48 22 26 80 26 95 75 61 62 17 57 27 80 56 47 62 18 21 99 94 15 48 40 22 76 50 34 99 15 76 30 98 92 48 13 91 21 67 25 68 32 21 49 60 77 74 45 51 79 83 68 75 51 39 55 24 87 81 41 79 47 84 76 53 65 25 54 49 81 80 30 27 48 0 60 26 93 92 45 69 86 66 28 83 39 62 77 53
73 43 46 26 68 73 99 65 44 91 29 43 54 13 82 53 82 91 66 32 42 49 72 73 93 81 74 19 28 14 96 89 16 44 52 55 33 93 36 71 82 95 79 49 26 85 45 81 26 44 41 22 18 75 31 43 28 78 35 57 74 50 93 56 12 58 35 68 11 18 52 64 84 80 34 27 30 40 28 28 79 18 87 69 80 49 59 18 59 61 60 0 84 63 81 58 60 29 40 53 26 12 40 96 88
89 70 34 58 74 52 23 82 11 29 69 42 33 58 98 25 59 17 87 64 46 89 54 38 36 47 73 73 78 56 63 53 36 62 56 33 37 24 84 11 29 97 82 56 98 47 78 55 97 31 47 39 89 53 77 21 45 94 13 31 12 33 96 95 50 84 21 25 36 41 70 24 70 10 41 54 68 68 73 61 20 31 22 23 69 68 43 40 65 24 26 84 0 71 48 22 85 36 25 81 42 10 92 91 14
27 20 60 90 55 95 81 63 24 97 10 66 72 46 29 33 49 51 23 56 32 86 26 14 83 81 43 55 86 94 97 24 40 12 76 64 15 23 16 54 65 89 88 78 71 14 82 98 60 68 53 89 47 12 30 23 37 68 44 32 80 54 11 88 93 20 49 54 80 19 99 91 15 36 24 24 24 98 25 24 43 73 29 84 78 11 45 76 18 84 93 63 71 0 51 29 32 68 54 12 69 73 22 13 20
34 30 10 23 88 11 99 92 64 53 33 70 34 67 53 70 93 72 97 19 42 84 49 25 19 35 38 23 54 68 70 39 94 42 43 92 25 16 98 55 67 29 43 74 23 33 75 99 22 12 24 55 26 27 83 34 13 19 64 68 19 37 54 55 22 84 82 36 16 16 64 38 49 94 28 54 64 79 12 74 51 95 75 15 94 66 56 21 62 82 92 81 48 51 0 99 43 47 59 55 94 20 65 78 47
28 15 94 24 53 82 71 65 96 77 42 76 86 81 94 37 14 94 83 88 18 88 58 25 99 18 25 48 59 10 86 10 60 36 18 36 77 22 28 87 14 43 59 72 33 14 89 73 30 15 70 33 15 40 25 46 76 21 78 13 15 49 85 58 96 31 85 99 17 27 43 29 70 36 53 66 53 26 23 58 97 99 10 94 31 53 84 35 33 11 45 58 22 29 99 0 11 94 23 23 83 38 39 35 30
14 10 94 45 51 45 66 50 68 31 43 63 48 23 99 46 80 76 60 30 22 80 55 47 77 13 70 63 25 14 70 55 46 63 66 42 45 16 80 46 25 40 66 78 67 16 78 24 33 60 42 50 51 50 70 58 63 77 58 38 37 62 58 36 34 35 98 70 33 33 69 76 25 60 70 43 28 24 89 76 82 71 41 97 94 19 46 31 31 22 69 60 85 32 43 11 0 38 78 75 61 58 36 47 96
24 52 95 84 57 44 28 87 99 76 32 60 90 57 59 49 29 36 73 52 43 31 37 12 97 61 43 64 65 77 83 33 82 23 16 64 23 83 53 20 22 86 54 48 53 74 60 44 96 59 25 80 84 93 58 52 58 83 81 35 82 85 82 11 34 76 77 46 14 92 65 34 98 91 45 60 94 54 17 77 37 70 95 17 11 75 94 53 67 51 86 29 36 68 47 94 38 0 24 97 99 12 65 74 95
34 87 18 82 61 64 83 50 91 31 28 34 16 10 23 81 30 37 10 68 86 18 54 79 80 10 63 59 38 89 35 13 45 64 95 31 54 70 21 33 70 48 67 58 54 86 20 46 12 75 70 71 85 19 82 59 71 86 73 79 79 49 45 12 44 94 34 10 94 24 37 69 66 43 72 80 83 77 97 94 80 80 16 25 13 68 58 77 94 43 66 40 25 54 59 23 78 24 0 47 25 46 16 17 15
51 97 39 88 16 33 34 35 77 39 90 56 53 81 37 93 14 84 53 96 95 87 36 82 24 12 19 61 93 97 94 48 73 54 14 52 60 26 80 85 18 62 80 43 27 99 12 85 58 24 23 95 97 80 60 12 23 52 72 49 64 61 79 94 52 97 21 38 79 56 95 82 61 14 55 85 30 83 29 44 86 49 56 62 53 65 77 66 44 30 28 53 81 12 55 23 75 97 47 0 18 65 32 90 75
74 74 37 93 84 56 38 11 31 62 60 16 22 56 70 30 97 66 76 84 56 43 78 23 11 70 17 93 16 71 83 89 83 48 20 30 15 49 39 67 51 88 43 45 82 24 88 29 19 57 74 67 99 28 60 47 60 14 84 50 14 67 46 81 63 25 82 91 72 25 52 58 73 62 76 73 89 48 76 38 37 98 90 17 46 28 82 16 88 45 83 26 42 69 94 83 61 99 25 18 0 91 82 17 68
80 63 28 85 90 65 73 14 14 67 96 65 94 44 77 37 79 82 20 30 65 68 22 64 96 73 88 19 29 59 10 54 86 41 81 11 80 21 79 30 91 67 19 65 91 20 66 25 81 26 29 65 91 62 30 53 57 57 15 42 68 66 54 19 69 86 32 27 85 57 69 97 65 89 33 10 21 17 81 87 26 74 54 96 67 12 88 23 51 39 39 12 10 73 20 38 58 12 46 65 91 0 62 60 27
88 19 55 26 74 63 68 11 12 33 61 98 61 45 80 84 69 53 36 38 80 40 25 13 34 20 19 54 54 10 82 27 30 64 35 90 13 77 44 29 53 23 41 76 34 26 14 12 94 57 96 24 14 94 11 60 62 21 91 79 87 75 85 61 91 32 29 80 21 57 20 49 20 92 99 27 46 43 66 94 89 86 39 75 68 68 44 11 55 29 62 40 92 22 65 39 36 65 16 32 82 62 0 69 69
44 92 94 12 70 47 11 71 56 52 71 27 83 25 29 79 42 80 64 97 39 88 69 87 11 36 39 91 71 78 94 87 30 53 80 36 95 96 46 87 42 15 15 88 40 80 67 90 12 95 67 29 31 79 31 88 75 16 53 93 48 60 20 47 21 67 81 11 17 85 84 96 27 41 76 47 64 89 48 30 45 88 66 14 14 47 22 26 81 24 77 96 91 13 78 35 47 74 17 90 17 60 69 0 53
41 58 72 25 67 12 26 30 10 37 67 39 36 77 31 58 60 16 76 84 53 61 37 70 66 56 81 35 95 71 68 17 85 78 66 90 12 86 59 85 36 90 34 61 88 65 77 18 69 63 92 61 46 23 82 12 56 61 88 78 45 91 77 52 55 78 21 13 11 98 94 12 96 69 34 26 68 43 43 27 84 13 79 96 69 50 20 75 88 17 53 88 14 20 47 30 96 95 15 75 68 27 69 53 0