35
0 23 67 56 13 54 36 35 81 37 11 42 39 46 42 32 86 82 39 55 74 60 81 80 53 14 79 40 67 68 18 63 96 44 50
23 0 49 44 29 72 43 25 89 89 52 42 48 54 74 76 83 57 60 51 86 56 72 63 67 74 71 99 36 22 35 85 66 62 72
67 49 0 37 56 55 89 38 93 22 99 20 69 12 29 41 13 77 87 70 47 41 51 88 50 56 71 88 94 22 72 27 97 19 45
56 44 37 0 10 40 54 35 19 68 29 47 93 19 15 34 67 95 83 72 51 34 96 89 64 31 59 12 91 10 72 20 39 20 33
13 29 56 10 0 12 43 47 20 88 43 35 13 17 70 42 20 81 80 46 92 71 40 65 42 24 50 42 28 87 71 25 11 86 38
54 72 55 40 12 0 21 56 55 35 22 69 16 40 14 21 78 43 85 43 44 76 51 13 29 61 75 20 69 40 83 83 12 88 19
36 43 89 54 43 21 0 17 95 91 87 27 32 68 68 54 65 45 34 57 95 66 69 25 83 94 52 71 58 61 66 87 99 66 35
35 25 38 35 47 56 17 0 78 28 40 72 92 25 40 27 82 53 98 41 64 49 19 61 46 16 19 29 44 35 98 24 44 58 55
81 89 93 19 20 55 95 78 0 87 76 50 85 13 59 84 73 46 82 58 51 22 96 39 84 16 22 79 96 84 38 50 31 93 65
37 89 22 68 88 35 91 28 87 0 98 85 24 51 74 26 13 89 32 57 98 82 20 24 36 77 21 62 68 74 44 78 96 15 35
11 52 99 29 43 22 87 40 76 98 0 30 10 96 67 86 87 18 79 20 28 92 58 99 66 66 10 45 27 50 57 82 17 84 19
42 42 20 47 35 69 27 72 50 85 30 0 72 68 16 77 28 51 23 38 45 26 88 55 64 57 56 26 58 64 87 85 32 49 47
39 48 69 93 13 16 32 92 85 24 10 72 0 28 55 54 48 37 37 14 44 79 86 26 26 78 59 70 14 61 79 65 79 65 66
46 54 12 19 17 40 68 25 13 51 96 68 28 0 18 13 63 42 10 37 95 50 15 14 28 46 62 19 33 29 69 85 97 69 97
42 74 29 15 70 14 68 40 59 74 67 16 55 18 0 15 22 52 72 39 97 43 74 69 52 60 36 98 83 94 25 46 54 17 32
32 76 41 34 42 21 54 27 84 26 86 77 54 13 15 0 98 23 13 19 98 38 76 19 22 42 77 10 77 46 90 61 62 63 30
86 83 13 67 20 78 65 82 73 13 87 28 48 63 22 98 0 27 46 35 80 12 98 59 94 30 94 32 12 10 30 24 76 97 19
82 57 77 95 81 43 45 53 46 89 18 51 37 42 52 23 27 0 21 90 27 62 41 40 76 52 13 98 56 91 87 38 20 97 34
39 60 87 83 80 85 34 98 82 32 79 23 37 10 72 13 46 21 0 99 94 35 69 92 58 89 13 71 43 21 33 20 35 56 37
55 51 70 72 46 43 57 41 58 57 20 38 14 37 39 19 35 90 99 0 75 97 71 83 15 86 26 78 15 60 25 36 77 53 66
74 86 47 51 92 44 95 64 51 98 28 45 44 95 97 98 80 27 94 75 0 84 47 74 57 99 29 91 39 87 51 69 54 36 41
60 56 41 34 71 76 66 49 22 82 92 26 79 50 43 38 12 62 35 97 84 0 82 10 35 74 44 48 76 88 64 56 43 75 13
81 72 51 96 40 51 69 19 96 20 58 88 86 15 74 76 98 41 69 71 47 82 0 69 46 67 86 37 61 79 37 53 91 48 85
80 63 88 89 65 13 25 61 39 24 99 55 26 14 69 19 59 40 92 83 74 10 69 0 19 61 50 62 53 26 53 58 80 53 40
53 67 50 64 42 29 83 46 84 36 66 64 26 28 52 22 94 76 58 15 57 35 46 19 0 79 43 89 89 21 63 61 58 84 63
14 74 56 31 24 61 94 16 16 77 66 57 78 46 60 42 30 52 89 86 99 74 67 61 79 0 75 39 35 33 55 77 95 86 13
79 71 71 59 50 75 52 19 22 21 10 56 59 62 36 77 94 13 13 26 29 44 86 50 43 75 0 77 28 72 65 52 98 58 21
40 99 88 12 42 20 71 29 79 62 45 26 70 19 98 10 32 98 71 78 91 48 37 62 89 39 77 0 98 67 90 54 60 74 21
67 36 94 91 28 69 58 44 96 68 27 58 14 33 83 77 12 56 43 15 39 76 61 53 89 35 28 98 0 79 94 16 49 82 68
68 22 22 10 87 40 61 35 84 74 50 64 61 29 94 46 10 91 21 60 87 88 79 26 21 33 72 67 79 0 49 12 23 27 14
18 35 72 72 71 83 66 98 38 44 57 87 79 69 25 90 30 87 33 25 51 64 37 53 63 55 65 90 94 49 0 96 67 47 81
63 85 27 20 25 83 87 24 50 78 82 85 65 85 46 61 24 38 20 36 69 56 53 58 61 77 52 54 16 12 96 0 53 91 95
96 66 97 39 11 12 99 44 31 96 17 32 79 97 54 62 76 20 35 77 54 43 91 80 58 95 98 60 49 23 67 53 0 76 40
44 62 19 20 86 88 66 58 93 15 84 49 65 69 17 63 97 97 56 53 36 75 48 53 84 86 58 74 82 27 47 91 76 0 51
50 72 45 33 38 19 35 55 65 35 19 47 66 97 32 30 19 34 37 66 41 13 85 40 63 13 21 21 68 14 81 95 40 51 0