80
0 47 44 31 87 97 33 69 67 64 71 60 85 22 26 78 56 93 84 34 57 74 97 31 15 99 29 69 32 14 12 36 48 88 47 10 73 61 79 54 13 89 47 31 21 44 59 55 66 70 15 66 84 59 64 72 53 46 16 69 81 73 21 52 43 70 51 72 35 31 68 26 16 74 99 11 43 12 63 40
47 0 21 17 21 33 59 79 17 35 28 14 96 73 42 63 89 30 34 38 30 54 11 58 31 34 30 56 76 54 81 34 64 73 64 40 27 37 13 50 45 54 18 42 68 91 98 42 97 39 48 32 18 10 99 47 37 88 75 71 89 62 12 92 96 27 35 86 69 94 89 15 56 87 63 11 35 57 59 20
44 21 0 44 11 28 92 29 19 72 63 74 81 47 48 40 84 65 48 18 63 14 38 11 15 95 10 20 56 99 81 31 77 88 81 16 93 97 98 25 66 84 95 89 74 30 12 66 47 90 34 67 40 80 52 18 99 83 50 93 85 82 46 55 89 58 31 42 17 53 35 10 10 35 36 53 39 11 86 83
31 17 44 0 31 35 98 73 57 10 37 22 60 87 50 55 29 83 88 76 13 45 17 57 72 54 84 87 46 36 24 41 92 43 61 91 52 51 23 62 49 67 26 19 64 74 77 78 40 75 99 86 86 89 13 22 25 91 67 52 94 61 34 44 99 33 15 98 20 10 83 53 79 88 37 64 56 84 13 43
87 21 11 31 0 93 68 47 14 28 12 60 71 57 78 57 16 78 75 98 65 50 49 58 38 52 93 26 91 81 24 18 34 94 72 92 26 17 43 68 74 11 29 29 74 70 18 56 71 97 81 94 31 46 74 61 87 39 79 87 66 97 47 24 72 86 72 69 44 25 43 28 74 20 61 38 43 14 29 19
97 33 28 35 93 0 51 43 42 62 21 69 78 78 73 22 91 48 88 34 96 29 98 31 75 43 53 32 98 43 65 46 62 15 15 29 45 63 55 60 13 20 85 38 75 62 57 73 12 52 31 36 31 61 46 35 42 75 35 42 13 21 94 74 56 68 35 26 55 95 92 77 39 36 84 62 96 17 96 59
33 59 92 98 68 51 0 44 60 66 81 35 77 42 63 16 33 69 25 69 32 15 77 11 57 60 97 69 46 60 29 77 44 75 42 86 54 48 35 87 57 32 90 30 75 92 59 87 95 56 41 81 69 92 88 54 28 55 22 64 17 66 48 72 25 26 28 28 51 53 92 16 29 16 47 95 50 98 79 69
69 79 29 73 47 43 44 0 89 52 33 45 34 31 66 79 70 20 87 63 25 75 91 88 38 14 66 34 11 29 78 36 28 51 64 78 53 62 79 38 56 74 13 83 73 18 27 26 29 57 13 75 31 13 49 37 47 36 63 54 20 77 97 90 88 80 41 80 28 28 11 89 17 59 79 56 39 57 82 59
67 17 19 57 14 42 60 89 0 11 51 98 67 97 84 76 50 40 44 92 45 37 97 13 80 44 11 18 81 87 39 64 52 19 21 94 96 50 11 65 39 12 53 59 12 28 24 47 34 68 87 47 24 18 43 25 34 77 88 37 75 71 12 91 55 40 39 59 14 69 71 90 12 54 85 11 24 49 13 38
64 35 72 10 28 62 66 52 11 0 68 84 11 77 84 27 29 26 21 95 89 74 64 90 31 54 40 14 49 65 39 86 64 94 35 77 81 56 28 51 39 86 77 86 18 92 89 99 39 89 38 51 40 88 12 22 48 54 82 48 54 83 43 44 63 95 39 79 46 31 68 44 63 98 45 13 39 27 74 53
71 28 63 37 12 21 81 33 51 68 0 30 29 89 88 85 60 52 91 72 86 20 37 46 64 35 35 26 63 11 35 68 18 92 93 38 85 15 43 47 79 12 53 99 58 75 25 62 19 90 31 27 87 47 85 27 98 89 23 53 77 76 50 87 33 50 95 66 79 92 23 35 49 61 94 54 75 14 65 61
60 14 74 22 60 69 35 45 98 84 30 0 35 73 60 56 19 82 38 48 19 12 74 83 60 98 74 69 43 64 18 52 65 83 77 97 79 94 20 38 66 81 96 21 65 37 90 97 53 19 48 83 11 18 99 40 13 91 90 48 48 48 96 51 95 73 64 44 50 37 70 23 32 35 94 39 33 31 99 76
85 96 81 60 71 78 77 34 67 11 29 35 0 70 67 68 48 41 71 14 49 48 69 49 18 45 37 37 84 75 50 62 40 81 63 73 26 55 47 68 91 83 79 64 53 25 73 29 75 33 81 94 17 30 91 28 68 48 35 12 33 89 46 55 66 39 20 92 88 69 55 69 58 17 88 98 93 32 95 85
22 73 47 87 57 78 42 31 97 77 89 73 70 0 97 24 48 29 95 91 31 13 40 22 54 74 14 36 98 40 62 88 70 98 81 36 71 68 29 31 95 38 35 56 99 39 93 53 13 16 33 28 15 83 19 38 11 82 83 36 95 96 50 41 48 52 74 50 97 75 25 83 53 95 21 41 18 50 32 71
26 42 48 50 78 73 63 66 84 84 88 60 67 97 0 57 70 69 94 73 50 24 13 72 81 75 53 90 35 52 45 11 52 97 11 14 91 75 13 32 54 29 68 32 66 89 20 43 46 71 34 86 80 93 91 68 92 36 30 96 47 75 75 41 29 67 43 27 87 71 79 53 97 99 62 99 73 36 72 34
78 63 40 55 57 22 16 79 76 27 85 56 68 24 57 0 87 27 90 66 24 69 26 77 56 73 16 20 56 28 52 88 98 16 18 17 79 27 79 83 55 43 79 65 89 52 13 41 73 51 23 13 25 23 40 76 27 39 12 62 88 70 17 18 70 75 96 96 84 68 58 22 66 47 46 82 50 73 46 57
56 89 84 29 16 91 33 70 50 29 60 19 48 48 70 87 0 43 63 88 68 99 89 67 36 50 47 10 92 75 88 33 23 20 25 96 72 81 79 36 70 56 66 82 41 98 51 70 11 88 98 59 95 94 45 84 16 78 53 62 20 86 21 16 18 31 52 73 21 63 76 53 78 31 43 79 86 51 74 38
93 30 65 83 78 48 69 20 40 26 52 82 41 29 69 27 43 0 59 42 78 58 24 68 84 33 71 79 44 87 43 30 90 90 62 22 60 34 16 18 81 89 76 16 49 47 44 70 59 31 60 70 24 82 50 31 12 68 61 21 95 42 80 90 64 29 62 42 48 56 96 13 45 78 29 17 93 51 63 47
84 34 48 88 75 88 25 87 44 21 91 38 71 95 94 90 63 59 0 57 52 41 61 49 26 35 81 38 76 15 42 10 69 18 27 67 91 14 42 86 41 72 25 66 39 77 50 58 81 48 36 16 21 26 23 65 83 98 14 68 75 85 82 80 65 84 39 14 25 49 77 62 80 54 62 17 72 46 17 53
34 38 18 76 98 34 69 63 92 95 72 48 14 91 73 66 88 42 57 0 88 44 15 90 89 99 92 78 17 56 23 85 49 96 80 34 66 28 79 92 76 35 10 48 21 62 98 22 24 48 62 84 33 22 18 27 60 12 60 45 95 92 67 46 84 99 27 66 98 90 86 69 39 98 41 65 49 42 54 38
57 30 63 13 65 96 32 25 45 89 86 19 49 31 50 24 68 78 52 88 0 79 95 34 90 62 40 12 56 39 74 64 99 53 76 97 21 42 42 45 73 21 36 72 88 94 92 62 97 23 60 47 20 36 35 90 31 54 41 86 77 76 21 97 85 95 31 77 73 74 88 57 72 13 52 50 27 64 88 70
74 54 14 45 50 29 15 75 37 74 20 12 48 13 24 69 99 58 41 44 79 0 24 79 11 13 16 26 31 98 73 17 71 21 83 81 39 76 64 18 81 85 54 32 74 99 45 83 31 47 76 42 63 83 37 72 15 90 38 72 78 58 19 45 42 15 72 34 71 42 47 18 74 70 65 84 10 79 67 62
97 11 38 17 49 98 77 91 97 64 37 74 69 40 13 26 89 24 61 15 95 24 0 26 46 72 77 15 44 14 47 19 91 31 17 17 31 47 69 20 10 11 34 81 62 71 57 40 13 20 17 79 44 59 27 72 25 89 15 64 33 79 54 66 44 94 80 35 13 42 90 99 48 27 53 57 70 69 81 77
31 58 11 57 58 31 11 88 13 90 46 83 49 22 72 77 67 68 49 90 34 79 26 0 73 27 36 65 75 27 90 28 77 21 20 86 34 58 33 79 62 52 96 27 62 41 13 29 91 19 37 60 24 66 66 53 66 47 50 21 63 69 25 46 83 13 75 46 73 60 44 52 67 23 59 65 49 63 76 99
15 31 15 72 38 75 57 38 80 31 64 60 18 54 81 56 36 84 26 89 90 11 46 73 0 82 53 17 46 33 97 39 27 70 52 77 38 66 73 18 26 62 45 12 11 41 95 29 30 24 53 14 49 99 26 91 93 68 46 88 75 55 13 56 47 86 14 23 54 86 81 36 28 76 26 31 73 25 17 31
99 34 95 54 52 43 60 14 44 54 35 98 45 74 75 73 50 33 35 99 62 13 72 27 82 0 60 14 59 15 92 62 33 51 38 51 74 53 44 59 96 89 15 20 56 89 74 24 68 99 16 27 77 93 90 43 53 30 70 11 24 71 20 26 19 79 75 90 87 96 48 23 39 47 49 38 30 95 90 91
29 30 10 84 93 53 97 66 11 40 35 74 37 14 53 16 47 71 81 92 40 16 77 36 53 60 0 22 71 54 71 68 68 50 68 42 53 80 43 68 39 69 20 59 89 73 36 66 90 79 99 15 88 54 21 38 73 60 31 91 70 46 31 73 64 43 72 32 94 24 76 85 81 59 92 61 64 76 21 31
69 56 20 87 26 32 69 34 18 14 26 69 37 36 90 20 10 79 38 78 12 26 15 65 17 14 22 0 26 10 63 65 85 50 66 50 81 68 47 29 38 73 29 46 11 75 95 35 25 71 76 72 90 33 46 44 18 58 78 96 97 76 27 50 99 75 19 42 36 43 10 87 87 37 82 64 53 10 32 63
32 76 56 46 91 98 46 11 81 49 63 43 84 98 35 56 92 44 76 17 56 31 44 75 46 59 71 26 0 73 44 81 83 68 73 44 93 53 16 74 54 17 48 78 33 99 13 50 23 93 59 47 81 12 96 50 76 10 82 33 46 63 16 83 40 34 17 24 13 58 59 79 87 62 14 52 92 15 83 46
14 54 99 36 81 43 60 29 87 65 11 64 75 40 52 28 75 87 15 56 39 98 14 27 33 15 54 10 73 0 47 91 80 72 59 59 32 41 11 56 92 91 67 55 43 67 35 71 63 94 79 73 88 20 44 29 36 12 75 62 89 67 40 14 11 38 78 59 97 60 44 97 53 24 31 62 59 90 61 71
12 81 81 24 24 65 29 78 39 39 35 18 50 62 45 52 88 43 42 23 74 73 47 90 97 92 71 63 44 47 0 91 77 75 53 25 75 32 51 54 68 90 87 18 47 81 77 56 98 59 45 47 10 36 20 50 40 88 85 26 17 31 40 51 88 84 67 94 30 59 31 81 50 49 13 55 31 68 10 20
36 34 31 41 18 46 77 36 64 86 68 52 62 88 11 88 33 30 10 85 64 17 19 28 39 62 68 65 81 91 91 0 66 85 77 15 91 88 52 83 43 27 39 26 37 64 96 63 63 60 96 64 87 39 67 70 76 14 53 54 79 35 92 26 34 39 38 97 73 39 89 26 89 62 37 16 10 81 93 85
48 64 77 92 34 62 44 28 52 64 18 65 40 70 52 98 23 90 69 49 99 71 91 77 27 33 68 85 83 80 77 66 0 33 65 85 45 63 79 97 92 99 98 65 95 50 58 83 65 76 41 30 92 14 21 85 72 83 84 34 99 90 34 79 82 88 83 41 58 88 65 24 89 76 35 69 95 38 99 80
88 73 88 43 94 15 75 51 19 94 92 83 81 98 97 16 20 90 18 96 53 21 31 21 70 51 50 50 68 72 75 85 33 0 92 34 44 61 83 93 97 68 79 12 97 30 33 44 19 88 34 78 56 55 39 88 87 99 70 79 13 28 85 31 32 91 49 20 45 53 70 99 88 11 53 61 32 86 63 91
47 64 81 61 72 15 42 64 21 35 93 77 63 81 11 18 25 62 27 80 76 83 17 20 52 38 68 66 73 59 53 77 65 92 0 17 90 23 31 31 47 93 60 57 68 99 61 47 62 46 26 55 22 86 79 76 44 98 56 55 58 28 61 45 15 85 18 95 93 47 48 79 39 55 36 41 41 93 69 25
10 40 16 91 92 29 86 78 94 77 38 97 73 36 14 17 96 22 67 34 97 81 17 86 77 51 42 50 44 59 25 15 85 34 17 0 55 51 11 10 58 75 13 32 81 45 62 81 68 56 59 16 93 36 78 29 63 62 48 63 98 42 68 44 22 46 73 25 52 99 10 36 81 25 26 76 65 70 75 76
73 27 93 52 26 45 54 53 96 81 85 79 26 71 91 79 72 60 91 66 21 39 31 34 38 74 53 81 93 32 75 91 45 44 90 55 0 42 34 91 84 78 14 89 49 19 86 31 76 53 99 62 65 87 96 43 47 57 48 31 79 58 49 44 48 82 86 94 25 78 10 31 24 62 62 36 78 95 18 29
61 37 97 51 17 63 48 62 50 56 15 94 55 68 75 27 81 34 14 28 42 76 47 58 66 53 80 68 53 41 32 88 63 61 23 51 42 0 77 70 88 85 47 96 18 80 44 15 38 15 99 14 18 25 47 16 38 88 51 27 65 36 40 91 84 85 89 37 77 83 84 84 43 24 56 44 42 50 85 23
79 13 98 23 43 55 35 79 11 28 43 20 47 29 13 79 79 16 42 79 42 64 69 33 73 44 43 47 16 11 51 52 79 83 31 11 34 77 0 90 56 46 29 10 80 11 65 84 16 46 56 10 92 56 70 69 89 85 89 25 11 65 36 43 24 77 34 32 51 62 48 38 44 95 95 23 70 31 95 66
54 50 25 62 68 60 87 38 65 51 47 38 68 31 32 83 36 18 86 92 45 18 20 79 18 59 68 29 74 56 54 83 97 93 31 10 91 70 90 0 71 23 34 63 34 62 99 36 35 23 81 35 83 86 52 98 96 55 93 98 75 19 16 37 19 87 33 43 83 90 82 58 17 33 86 99 49 63 50 33
13 45 66 49 74 13 57 56 39 39 79 66 91 95 54 55 70 81 41 76 73 81 10 62 26 96 39 38 54 92 68 43 92 97 47 58 84 88 56 71 0 24 37 83 45 44 38 40 52 49 70 13 18 88 39 52 32 53 40 57 81 92 15 26 80 40 23 40 25 57 60 49 36 65 84 60 24 65 30 44
89 54 84 67 11 20 32 74 12 86 12 81 83 38 29 43 56 89 72 35 21 85 11 52 62 89 69 73 17 91 90 27 99 68 93 75 78 85 46 23 24 0 65 44 10 62 19 51 86 64 73 11 80 99 12 18 61 61 15 60 41 17 44 70 11 83 96 58 84 97 16 89 66 37 64 68 45 30 21 67
47 18 95 26 29 85 90 13 53 77 53 96 79 35 68 79 66 76 25 10 36 54 34 96 45 15 20 29 48 67 87 39 98 79 60 13 14 47 29 34 37 65 0 37 26 86 98 91 80 23 11 29 27 22 51 32 56 30 16 90 50 74 29 68 78 96 58 28 39 90 87 89 96 23 53 51 31 23 74 51
31 42 89 19 29 38 30 83 59 86 99 21 64 56 32 65 82 16 66 48 72 32 81 27 12 20 59 46 78 55 18 26 65 12 57 32 89 96 10 63 83 44 37 0 65 50 57 76 51 49 97 61 62 91 27 58 94 41 78 89 51 35 56 60 98 66 48 12 59 89 22 44 42 59 54 40 85 72 12 60
21 68 74 64 74 75 75 73 12 18 58 65 53 99 66 89 41 49 39 21 88 74 62 62 11 56 89 11 33 43 47 37 95 97 68 81 49 18 80 34 45 10 26 65 0 91 58 99 54 22 43 27 88 19 96 65 50 82 21 47 67 78 36 13 83 45 64 35 88 89 69 37 55 60 77 63 18 91 57 46
44 91 30 74 70 62 92 18 28 92 75 37 25 39 89 52 98 47 77 62 94 99 71 41 41 89 73 75 99 67 81 64 50 30 99 45 19 80 11 62 44 62 86 50 91 0 82 28 19 91 56 85 50 26 67 73 25 81 23 62 10 50 95 48 51 13 18 18 74 44 56 85 75 35 78 34 39 59 57 66
59 98 12 77 18 57 59 27 24 89 25 90 73 93 20 13 51 44 50 98 92 45 57 13 95 74 36 95 13 35 77 96 58 33 61 62 86 44 65 99 38 19 98 57 58 82 0 21 68 43 30 35 22 97 84 88 38 35 38 47 47 27 41 57 67 54 38 77 40 24 34 52 35 81 82 58 89 58 38 73
55 42 66 78 56 73 87 26 47 99 62 97 29 53 43 41 70 70 58 22 62 83 40 29 29 24 66 35 50 71 56 63 83 44 47 81 31 15 84 36 40 51 91 76 99 28 21 0 24 10 94 10 90 74 99 89 28 75 16 52 61 17 46 10 57 50 89 12 44 96 21 19 79 20 96 16 92 82 39 36
66 97 47 40 71 12 95 29 34 39 19 53 75 13 46 73 11 59 81 24 97 31 13 91 30 68 90 25 23 63 98 63 65 19 62 68 76 38 16 35 52 86 80 51 54 19 68 24 0 53 88 94 76 85 50 43 67 40 33 44 14 53 52 23 95 34 62 64 50 46 94 25 86 52 82 61 44 61 61 61
70 39 90 75 97 52 56 57 68 89 90 19 33 16 71 51 88 31 48 48 23 47 20 19 24 99 79 71 93 94 59 60 76 88 46 56 53 15 46 23 49 64 23 49 22 91 43 10 53 0 73 67 33 49 91 52 36 62 10 80 83 13 71 95 70 76 22 14 42 67 83 30 96 43 31 22 54 78 19 37
15 48 34 99 81 31 41 13 87 38 31 48 81 33 34 23 98 60 36 62 60 76 17 37 53 16 99 76 59 79 45 96 41 34 26 59 99 99 56 81 70 73 11 97 43 56 30 94 88 73 0 31 81 29 31 98 34 12 76 72 25 61 68 74 35 19 91 29 92 18 31 27 92 31 90 93 62 42 35 32
66 32 67 86 94 36 81 75 47 51 27 83 94 28 86 13 59 70 16 84 47 42 79 60 14 27 15 72 47 73 47 64 30 78 55 16 62 14 10 35 13 11 29 61 27 85 35 10 94 67 31 0 49 37 62 75 61 12 10 90 86 45 73 97 77 92 52 19 70 46 54 87 35 18 37 90 61 12 46 41
84 18 40 86 31 31 69 31 24 40 87 11 17 15 80 25 95 24 21 33 20 63 44 24 49 77 88 90 81 88 10 87 92 56 22 93 65 18 92 83 18 80 27 62 88 50 22 90 76 33 81 49 0 70 48 77 86 74 34 28 84 53 75 67 77 56 71 44 23 44 74 31 78 55 46 39 77 77 44 36
59 10 80 89 46 61 92 13 18 88 47 18 30 83 93 23 94 82 26 22 36 83 59 66 99 93 54 33 12 20 36 39 14 55 86 36 87 25 56 86 88 99 22 91 19 26 97 74 85 49 29 37 70 0 16 13 74 46 29 85 50 64 39 34 69 73 74 68 24 92 18 34 75 87 29 17 30 41 24 38
64 99 52 13 74 46 88 49 43 12 85 99 91 19 91 40 45 50 23 18 35 37 27 66 26 90 21 46 96 44 20 67 21 39 79 78 96 47 70 52 39 12 51 27 96 67 84 99 50 91 31 62 48 16 0 41 96 64 96 24 91 13 40 54 32 10 87 48 86 84 48 69 31 85 19 69 26 89 42 18
72 47 18 22 61 35 54 37 25 22 27 40 28 38 68 76 84 31 65 27 90 72 72 53 91 43 38 44 50 29 50 70 85 88 76 29 43 16 69 98 52 18 32 58 65 73 88 89 43 52 98 75 77 13 41 0 97 34 90 15 69 53 58 26 34 96 27 56 28 96 40 28 24 51 94 78 63 63 59 67
53 37 99 25 87 42 28 47 34 48 98 13 68 11 92 27 16 12 83 60 31 15 25 66 93 53 73 18 76 36 40 76 72 87 44 63 47 38 89 96 32 61 56 94 50 25 38 28 67 36 34 61 86 74 96 97 0 94 74 89 61 78 31 86 54 15 97 66 83 42 80 43 73 20 86 91 82 92 40 93
46 88 83 91 39 75 55 36 77 54 89 91 48 82 36 39 78 68 98 12 54 90 89 47 68 30 60 58 10 12 88 14 83 99 98 62 57 88 85 55 53 61 30 41 82 81 35 75 40 62 12 12 74 46 64 34 94 0 78 86 41 58 60 86 72 95 94 84 71 10 32 62 57 92 71 65 55 69 72 53
16 75 50 67 79 35 22 63 88 82 23 90 35 83 30 12 53 61 14 60 41 38 15 50 46 70 31 78 82 75 85 53 84 70 56 48 48 51 89 93 40 15 16 78 21 23 38 16 33 10 76 10 34 29 96 90 74 78 0 84 45 95 14 61 28 92 81 62 12 30 90 26 90 20 80 47 12 36 91 93
69 71 93 52 87 42 64 54 37 48 53 48 12 36 96 62 62 21 68 45 86 72 64 21 88 11 91 96 33 62 26 54 34 79 55 63 31 27 25 98 57 60 90 89 47 62 47 52 44 80 72 90 28 85 24 15 89 86 84 0 83 83 55 37 71 56 45 87 37 46 41 66 70 79 93 41 25 86 89 92
81 89 85 94 66 13 17 20 75 54 77 48 33 95 47 88 20 95 75 95 77 78 33 63 75 24 70 97 46 89 17 79 99 13 58 98 79 65 11 75 81 41 50 51 67 10 47 61 14 83 25 86 84 50 91 69 61 41 45 83 0 73 50 30 93 63 21 75 16 80 54 28 78 98 35 32 87 41 69 88
73 62 82 61 97 21 66 77 71 83 76 48 89 96 75 70 86 42 85 92 76 58 79 69 55 71 46 76 63 67 31 35 90 28 28 42 58 36 65 19 92 17 74 35 78 50 27 17 53 13 61 45 53 64 13 53 78 58 95 83 73 0 16 84 46 34 50 26 19 40 85 52 85 17 58 75 99 95 58 15
21 12 46 34 47 94 48 97 12 43 50 96 46 50 75 17 21 80 82 67 21 19 54 25 13 20 31 27 16 40 40 92 34 85 61 68 49 40 36 16 15 44 29 56 36 95 41 46 52 71 68 73 75 39 40 58 31 60 14 55 50 16 0 74 13 88 96 97 57 46 88 16 78 36 46 59 86 69 49 71
52 92 55 44 24 74 72 90 91 44 87 51 55 41 41 18 16 90 80 46 97 45 66 46 56 26 73 50 83 14 51 26 79 31 45 44 44 91 43 37 26 70 68 60 13 48 57 10 23 95 74 97 67 34 54 26 86 86 61 37 30 84 74 0 56 20 32 60 57 72 17 53 94 61 99 34 43 25 27 82
43 96 89 99 72 56 25 88 55 63 33 95 66 48 29 70 18 64 65 84 85 42 44 83 47 19 64 99 40 11 88 34 82 32 15 22 48 84 24 19 80 11 78 98 83 51 67 57 95 70 35 77 77 69 32 34 54 72 28 71 93 46 13 56 0 94 16 16 74 58 71 48 51 19 18 59 16 47 77 35
70 27 58 33 86 68 26 80 40 95 50 73 39 52 67 75 31 29 84 99 95 15 94 13 86 79 43 75 34 38 84 39 88 91 85 46 82 85 77 87 40 83 96 66 45 13 54 50 34 76 19 92 56 73 10 96 15 95 92 56 63 34 88 20 94 0 50 78 74 80 92 44 88 43 84 27 25 92 80 73
51 35 31 15 72 35 28 41 39 39 95 64 20 74 43 96 52 62 39 27 31 72 80 75 14 75 72 19 17 78 67 38 83 49 18 73 86 89 34 33 23 96 58 48 64 18 38 89 62 22 91 52 71 74 87 27 97 94 81 45 21 50 96 32 16 50 0 24 76 50 87 90 74 39 78 93 71 74 64 44
72 86 42 98 69 26 28 80 59 79 66 44 92 50 27 96 73 42 14 66 77 34 35 46 23 90 32 42 24 59 94 97 41 20 95 25 94 37 32 43 40 58 28 12 35 18 77 12 64 14 29 19 44 68 48 56 66 84 62 87 75 26 97 60 16 78 24 0 20 65 66 86 78 51 67 46 79 56 89 65
35 69 17 20 44 55 51 28 14 46 79 50 88 97 87 84 21 48 25 98 73 71 13 73 54 87 94 36 13 97 30 73 58 45 93 52 25 77 51 83 25 84 39 59 88 74 40 44 50 42 92 70 23 24 86 28 83 71 12 37 16 19 57 57 74 74 76 20 0 80 10 35 24 48 57 61 62 14 16 85
31 94 53 10 25 95 53 28 69 31 92 37 69 75 71 68 63 56 49 90 74 42 42 60 86 96 24 43 58 60 59 39 88 53 47 99 78 83 62 90 57 97 90 89 89 44 24 96 46 67 18 46 44 92 84 96 42 10 30 46 80 40 46 72 58 80 50 65 80 0 35 92 39 39 13 35 19 64 93 94
68 89 35 83 43 92 92 11 71 68 23 70 55 25 79 58 76 96 77 86 88 47 90 44 81 48 76 10 59 44 31 89 65 70 48 10 10 84 48 82 60 16 87 22 69 56 34 21 94 83 31 54 74 18 48 40 80 32 90 41 54 85 88 17 71 92 87 66 10 35 0 92 63 70 52 50 53 65 58 59
26 15 10 53 28 77 16 89 90 44 35 23 69 83 53 22 53 13 62 69 57 18 99 52 36 23 85 87 79 97 81 26 24 99 79 36 31 84 38 58 49 89 89 44 37 85 52 19 25 30 27 87 31 34 69 28 43 62 26 66 28 52 16 53 48 44 90 86 35 92 92 0 89 63 31 54 15 62 31 80
16 56 10 79 74 39 29 17 12 63 49 32 58 53 97 66 78 45 80 39 72 74 48 67 28 39 81 87 87 53 50 89 89 88 39 81 24 43 44 17 36 66 96 42 55 75 35 79 86 96 92 35 78 75 31 24 73 57 90 70 78 85 78 94 51 88 74 78 24 39 63 89 0 74 44 27 94 51 31 79
74 87 35 88 20 36 16 59 54 98 61 35 17 95 99 47 31 78 54 98 13 70 27 23 76 47 59 37 62 24 49 62 76 11 55 25 62 24 95 33 65 37 23 59 60 35 81 20 52 43 31 18 55 87 85 51 20 92 20 79 98 17 36 61 19 43 39 51 48 39 70 63 74 0 88 88 21 45 39 81
99 63 36 37 61 84 47 79 85 45 94 94 88 21 62 46 43 29 62 41 52 65 53 59 26 49 92 82 14 31 13 37 35 53 36 26 62 56 95 86 84 64 53 54 77 78 82 96 82 31 90 37 46 29 19 94 86 71 80 93 35 58 46 99 18 84 78 67 57 13 52 31 44 88 0 36 27 19 34 91
11 11 53 64 38 62 95 56 11 13 54 39 98 41 99 82 79 17 17 65 50 84 57 65 31 38 61 64 52 62 55 16 69 61 41 76 36 44 23 99 60 68 51 40 63 34 58 16 61 22 93 90 39 17 69 78 91 65 47 41 32 75 59 34 59 27 93 46 61 35 50 54 27 88 36 0 19 28 38 83
43 35 39 56 43 96 50 39 24 39 75 33 93 18 73 50 86 93 72 49 27 10 70 49 73 30 64 53 92 59 31 10 95 32 41 65 78 42 70 49 24 45 31 85 18 39 89 92 44 54 62 61 77 30 26 63 82 55 12 25 87 99 86 43 16 25 71 79 62 19 53 15 94 21 27 19 0 37 93 24
12 57 11 84 14 17 98 57 49 27 14 31 32 50 36 73 51 51 46 42 64 79 69 63 25 95 76 10 15 90 68 81 38 86 93 70 95 50 31 63 65 30 23 72 91 59 58 82 61 78 42 12 77 41 89 63 92 69 36 86 41 95 69 25 47 92 74 56 14 64 65 62 51 45 19 28 37 0 45 10
63 59 86 13 29 96 79 82 13 74 65 99 95 32 72 46 74 63 17 54 88 67 81 76 17 90 21 32 83 61 10 93 99 63 69 75 18 85 95 50 30 21 74 12 57 57 38 39 61 19 35 46 44 24 42 59 40 72 91 89 69 58 49 27 77 80 64 89 16 93 58 31 31 39 34 38 93 45 0 46
40 20 83 43 19 59 69 59 38 53 61 76 85 71 34 57 38 47 53 38 70 62 77 99 31 91 31 63 46 71 20 85 80 91 25 76 29 23 66 33 44 67 51 60 46 66 73 36 61 37 32 41 36 38 18 67 93 53 93 92 88 15 71 82 35 73 44 65 85 94 59 80 79 81 91 83 24 10 46 0