145
0 49 99 53 84 42 74 42 33 33 99 14 82 70 56 96 33 20 93 18 32 62 13 41 14 10 42 73 75 27 54 24 49 21 17 55 93 50 31 75 30 10 60 57 37 68 21 80 36 70 88 42 52 33 64 96 51 19 14 79 93 22 85 89 16 71 79 80 53 89 70 71 56 84 39 77 11 92 91 70 98 61 38 99 18 88 85 57 68 13 82 90 27 85 32 46 87 37 18 35 41 78 72 60 89 77 37 60 56 14 80 29 58 64 63 55 55 36 17 31 17 93 58 15 37 45 92 11 46 17 79 60 58 69 58 87 94 95 27 50 44 71 37 49 69
49 0 33 47 75 55 94 85 35 99 88 93 44 36 42 33 36 96 75 37 58 26 22 86 25 91 22 89 24 52 41 98 97 38 73 50 32 69 85 71 95 65 84 16 32 71 28 81 26 54 42 90 37 11 29 82 58 29 56 93 64 64 35 47 53 54 55 63 92 27 37 99 65 43 99 74 48 36 52 60 56 54 80 65 21 56 32 92 73 66 88 88 17 39 46 96 22 21 81 54 58 44 22 43 19 35 25 77 88 56 87 80 47 67 93 45 41 35 30 48 39 85 64 68 54 51 84 56 23 41 90 44 74 55 16 29 19 65 76 56 26 58 31 22 18
99 33 0 41 77 44 75 97 77 11 60 33 45 24 72 76 63 57 54 32 19 67 12 96 40 34 75 62 23 59 24 56 27 49 89 66 50 91 38 78 21 75 73 92 93 20 36 95 12 32 80 46 73 36 98 48 91 45 36 96 77 90 34 77 89 33 63 51 34 22 55 30 59 15 64 26 69 72 29 25 53 79 44 24 69 35 80 75 20 41 91 78 11 49 22 16 16 92 71 93 44 19 74 20 13 76 32 59 14 90 65 37 61 73 94 16 96 52 71 22 18 24 83 32 59 96 57 32 52 29 46 14 78 69 90 22 20 94 30 27 90 52 30 23 64
53 47 41 0 43 55 40 64 76 23 53 44 25 25 53 71 75 99 71 54 98 78 75 19 26 90 52 98 28 88 49 64 83 70 48 39 64 29 72 94 12 96 60 14 41 66 12 48 87 72 47 31 57 59 55 44 70 91 71 92 44 60 61 68 80 13 99 64 26 10 82 27 67 83 27 20 23 16 40 98 27 93 84 21 52 68 10 40 39 39 46 58 29 38 73 27 97 73 49 18 46 82 96 65 81 10 56 71 92 37 26 30 80 48 34 10 20 44 48 24 30 78 76 82 68 44 52 18 68 15 20 76 53 78 29 90 95 45 29 96 94 45 10 73 31
84 75 77 43 0 43 42 81 91 50 24 81 72 90 18 18 62 88 40 99 25 10 61 33 84 84 75 34 14 17 93 24 60 58 37 64 61 29 53 71 83 60 21 84 98 80 73 59 68 13 13 31 36 28 68 50 36 91 18 20 20 19 88 40 95 59 60 88 48 48 48 46 42 50 50 69 47 27 87 62 98 72 65 78 92 52 79 26 93 52 87 11 82 15 22 17 77 33 27 46 15 30 68 13 95 14 39 20 77 60 74 17 38 60 61 36 58 87 46 83 21 80 48 68 56 20 96 19 37 43 75 17 37 10 29 22 86 12 14 94 13 69 34 24 73
42 55 44 55 43 0 86 31 48 11 83 46 10 71 43 97 22 17 23 97 95 91 44 41 92 93 75 79 13 39 42 97 73 85 19 29 83 84 24 94 82 61 51 56 98 63 98 46 52 32 39 15 18 85 82 21 56 63 70 60 72 16 43 10 56 11 32 17 36 57 29 92 56 53 81 52 52 16 45 68 52 71 90 46 61 16 48 84 26 18 21 24 90 89 93 74 36 88 86 55 53 56 58 77 88 98 36 89 17 29 70 32 53 74 81 44 29 59 30 90 67 77 14 47 27 73 81 43 81 63 85 62 59 31 18 43 95 24 90 69 64 72 41 15 83
74 94 75 40 42 86 0 87 36 81 12 10 31 24 45 78 51 63 14 69 31 88 89 90 36 76 77 50 16 35 21 58 93 94 42 81 11 31 45 31 16 64 40 99 40 58 49 21 48 87 49 51 71 54 98 88 81 60 70 44 62 37 51 30 76 20 21 39 84 54 93 90 20 74 75 77 33 46 23 80 56 79 85 56 65 39 97 71 20 72 63 80 61 61 69 90 10 42 25 15 60 45 14 49 16 15 41 78 12 40 99 94 62 79 60 75 53 66 40 17 68 65 48 95 98 86 40 49 82 96 91 61 83 97 44 78 35 49 69 61 69 92 96 19 45
42 85 97 64 81 31 87 0 51 88 93 70 36 48 53 66 46 72 78 45 26 95 23 79 17 60 90 78 88 53 29 67 14 43 69 26 12 31 69 15 92 36 15 95 72 89 25 65 99 77 66 29 81 42 73 22 90 28 97 89 89 81 18 75 42 76 89 67 93 65 40 31 62 93 83 65 66 11 79 15 38 45 86 17 25 22 53 55 55 64 47 51 30 86 93 74 93 10 13 47 13 97 89 65 89 79 91 92 35 76 60 48 52 35 52 23 83 63 92 97 52 62 15 54 84 61 75 32 79 65 69 30 52 48 51 27 57 44 77 67 42 87 32 73 29
33 35 77 76 91 48 36 51 0 48 75 75 56 84 74 26 42 15 96 91 70 68 34 78 25 11 87 13 53 74 41 94 66 46 11 59 90 71 85 18 11 75 57 64 33 38 23 46 68 32 25 59 23 55 85 29 88 67 97 92 57 91 90 59 56 92 22 22 64 78 34 37 99 15 39 91 72 67 26 29 69 86 66 72 90 48 22 13 89 17 28 46 82 30 70 61 28 36 88 58 88 41 50 92 87 11 75 58 31 83 27 80 81 84 40 65 54 32 57 91 80 52 57 82 51 42 93 54 42 55 14 30 55 91 34 87 37 41 11 66 18 10 27 27 21
33 99 11 23 50 11 81 88 48 0 31 26 64 70 13 23 84 55 74 12 31 29 64 22 91 45 55 70 31 94 91 97 34 94 69 58 26 44 47 36 89 68 19 54 15 84 16 30 56 87 30 62 27 69 36 96 85 74 48 92 20 74 14 21 79 76 78 78 25 43 92 31 93 54 34 91 46 36 11 81 83 84 12 10 36 73 33 21 13 53 66 86 17 47 13 58 61 57 19 81 95 55 83 81 13 15 67 33 64 72 93 11 53 39 76 48 77 37 30 49 35 37 73 62 42 22 62 62 43 20 38 79 81 16 98 40 96 79 76 44 51 65 72 41 22
99 88 60 53 24 83 12 93 75 31 0 37 40 88 83 21 73 35 72 86 49 84 96 14 12 18 99 23 59 58 52 29 61 83 55 68 33 37 40 18 46 13 87 88 52 24 35 74 87 83 92 16 51 42 83 82 82 98 23 34 70 36 78 96 49 53 33 97 75 53 68 85 76 71 89 63 67 86 95 96 99 87 77 89 74 50 37 16 70 23 51 52 42 12 66 45 82 95 41 77 65 88 90 21 29 82 62 64 33 20 38 57 60 97 37 14 48 33 87 92 78 24 96 67 62 24 17 22 95 94 44 37 20 16 71 12 48 61 67 90 89 59 89 62 44
14 93 33 44 81 46 10 70 75 26 37 0 58 88 20 27 64 91 54 16 43 23 34 33 38 94 79 22 40 90 80 64 76 46 92 55 41 29 68 36 42 77 41 42 64 36 67 13 50 17 94 38 94 36 71 53 22 82 21 87 77 58 68 77 55 43 36 96 87 38 50 10 31 69 54 39 66 10 70 43 28 98 45 47 45 41 34 87 97 91 70 58 98 75 94 78 36 61 34 37 75 75 70 70 88 45 74 42 89 20 42 89 44 11 66 67 29 36 77 86 30 17 29 25 22 54 62 16 80 96 57 49 15 25 59 78 92 41 89 83 41 91 14 76 97
82 44 45 25 72 10 31 36 56 64 40 58 0 84 19 17 10 22 34 97 36 20 67 30 64 37 63 15 55 39 96 22 70 45 76 48 50 11 93 72 98 79 67 96 78 87 30 34 40 14 36 71 41 41 18 33 47 17 48 48 33 77 62 43 55 62 71 86 81 93 12 37 74 82 45 93 80 87 69 55 81 81 18 98 80 10 20 32 48 32 38 28 98 33 62 11 95 23 90 69 60 11 16 90 97 52 44 97 28 71 71 86 30 27 86 70 94 64 59 55 58 67 54 68 68 99 92 88 80 75 81 80 35 62 65 46 47 33 15 27 77 97 45 90 54
70 36 24 25 90 71 24 48 84 70 88 88 84 0 32 69 77 16 77 71 96 99 28 18 93 51 38 82 64 58 56 79 45 22 50 60 27 34 27 82 76 91 76 88 66 97 59 15 15 98 18 98 33 48 22 11 96 24 71 59 77 88 55 83 91 87 43 45 23 64 11 28 55 65 89 89 81 74 45 26 41 85 94 57 50 56 10 34 82 30 59 19 29 15 89 67 41 83 84 39 22 26 18 35 74 46 93 50 33 51 21 69 86 34 43 28 60 33 86 38 10 79 74 76 10 41 67 81 63 13 55 89 96 16 68 64 25 62 97 34 46 90 48 44 88
56 42 72 53 18 43 45 53 74 13 83 20 19 32 0 56 25 10 86 55 99 62 45 73 17 16 98 96 62 31 32 98 27 27 52 75 90 52 71 94 39 46 87 51 11 41 10 12 25 17 71 10 48 71 87 64 24 16 81 69 18 59 89 32 95 77 83 94 48 39 15 23 48 48 24 48 69 43 24 67 12 34 44 37 15 95 32 66 44 41 39 65 29 76 47 86 29 96 46 26 33 21 47 52 24 17 21 40 40 72 74 37 71 11 41 49 73 10 34 86 49 12 34 52 58 71 52 36 37 98 85 91 14 20 30 89 60 84 94 57 26 37 28 47 91
96 33 76 71 18 97 78 66 26 23 21 27 17 69 56 0 51 78 45 90 53 14 48 22 21 65 71 44 60 32 66 41 77 97 76 51 18 18 71 85 19 81 95 65 55 11 66 51 29 25 12 32 90 94 82 65 14 17 32 68 13 80 61 62 45 67 82 76 99 21 18 42 27 71 87 90 99 27 87 89 66 13 96 59 81 20 42 61 16 29 83 60 46 65 17 69 35 61 34 66 58 19 24 99 49 49 76 84 46 43 41 24 23 22 26 42 22 84 67 80 75 15 58 42 15 48 33 78 68 20 39 93 46 48 67 72 57 84 16 25 50 53 70 22 72
33 36 63 75 62 22 51 46 42 84 73 64 10 77 25 51 0 22 59 93 67 26 81 87 14 36 28 40 33 50 52 95 27 27 65 84 81 43 74 59 36 84 34 91 54 26 70 22 49 55 60 18 48 64 31 96 60 76 98 38 34 81 89 42 24 66 23 90 61 92 17 46 99 84 96 86 85 87 45 91 24 80 21 39 65 32 62 93 41 89 89 85 17 75 23 81 17 37 30 96 17 17 58 47 23 93 29 69 69 17 11 19 87 16 10 97 89 30 31 32 64 97 83 87 95 23 33 80 52 76 87 48 69 18 50 30 25 89 93 59 84 23 94 98 60
20 96 57 99 88 17 63 72 15 55 35 91 22 16 10 78 22 0 40 58 42 55 76 75 75 13 44 54 60 73 63 10 72 57 92 86 64 43 42 12 48 92 46 79 19 71 46 37 31 24 36 70 72 49 99 42 33 43 92 89 57 44 35 70 32 91 95 43 63 66 44 76 43 67 20 12 33 43 79 81 52 10 92 42 20 36 38 74 83 25 59 51 10 41 50 91 95 37 16 96 16 79 43 71 69 95 78 80 86 93 90 88 22 25 17 81 22 58 93 79 46 59 37 80 36 78 82 26 66 55 16 40 29 49 14 81 47 97 79 88 19 67 46 18 20
93 75 54 71 40 23 14 78 96 74 72 54 34 77 86 45 59 40 0 20 78 78 97 83 69 77 39 90 44 63 29 22 46 83 62 41 57 70 28 32 11 82 71 16 94 53 86 99 44 59 91 79 39 67 10 87 73 43 37 26 63 33 84 95 82 37 97 93 56 80 39 54 35 78 51 34 65 93 78 66 70 33 41 42 12 17 21 17 73 98 55 47 66 69 62 50 86 95 60 21 51 23 59 86 66 15 28 98 36 73 58 69 40 76 75 93 51 45 30 11 94 62 95 36 30 69 98 10 26 68 32 37 65 48 46 20 36 93 41 62 10 66 30 26 58
18 37 32 54 99 97 69 45 91 12 86 16 97 71 55 90 93 58 20 0 42 19 16 35 27 17 19 55 34 55 34 30 89 69 24 30 89 38 80 46 10 65 15 90 93 24 49 67 82 80 35 24 70 47 95 96 33 52 79 35 79 67 20 79 69 91 71 75 25 11 25 25 64 32 75 18 62 67 36 50 92 47 22 47 26 83 34 72 36 35 40 19 24 94 30 31 66 48 75 17 84 10 69 16 65 80 97 66 41 23 78 29 55 68 77 35 58 52 26 65 95 25 76 96 73 98 44 15 26 50 81 57 22 10 14 16 27 76 45 36 57 86 21 75 93
32 58 19 98 25 95 31 26 70 31 49 43 36 96 99 53 67 42 78 42 0 19 51 19 14 16 47 85 94 73 57 97 48 34 80 66 96 33 52 13 65 50 49 23 79 60 46 82 84 32 65 25 69 40 30 86 98 97 95 13 32 61 31 83 58 87 90 57 11 22 84 58 16 69 73 96 90 22 16 57 74 74 48 51 55 90 40 17 14 57 87 93 30 71 62 22 48 26 81 49 96 84 29 65 40 25 44 19 48 56 10 10 91 80 17 57 61 98 81 21 55 51 53 30 73 47 38 27 66 32 99 65 65 60 97 32 43 18 57 50 81 56 11 44 78
62 26 67 78 10 91 88 95 68 29 84 23 20 99 62 14 26 55 78 19 19 0 37 49 76 43 62 42 26 14 45 81 61 43 81 42 52 94 44 44 77 64 63 79 66 26 19 52 38 21 51 26 17 11 85 41 75 77 40 35 97 29 98 55 59 99 32 56 14 33 57 73 46 42 52 45 29 29 30 43 70 54 94 29 51 21 22 32 40 21 62 63 22 65 77 59 92 16 68 90 86 86 39 77 74 90 73 64 79 11 28 90 16 80 34 36 48 17 43 64 48 82 35 48 16 21 51 36 72 66 33 29 13 79 17 31 22 79 93 74 83 25 99 36 77
13 22 12 75 61 44 89 23 34 64 96 34 67 28 45 48 81 76 97 16 51 37 0 98 16 39 82 82 38 43 43 72 26 81 75 31 45 20 14 24 43 30 88 84 17 31 36 73 18 55 60 62 92 44 86 42 95 67 40 41 37 24 95 15 87 99 32 49 96 83 69 99 27 59 15 48 62 68 85 69 58 65 63 19 65 80 60 66 22 62 71 82 80 20 53 99 91 27 31 53 14 64 12 41 17 63 86 57 59 36 92 34 28 18 28 80 12 92 17 13 36 87 33 51 26 68 83 34 63 57 73 82 57 84 61 62 44 37 87 72 69 42 36 52 10
41 86 96 19 33 41 90 79 78 22 14 33 30 18 73 22 87 75 83 35 19 49 98 0 15 68 14 57 41 18 73 33 44 25 20 57 50 81 52 39 47 75 58 65 36 79 80 58 17 66 32 24 61 34 68 90 59 21 36 71 74 42 18 44 68 60 11 43 41 44 69 20 11 29 68 20 87 13 49 94 14 50 38 66 94 53 82 90 33 58 19 62 58 61 91 78 97 24 83 17 64 38 68 37 68 43 67 69 39 33 87 64 65 58 40 65 71 42 68 59 72 73 66 41 26 27 84 11 76 99 20 79 76 28 86 52 54 12 42 48 68 24 92 50 82
14 25 40 26 84 92 36 17 25 91 12 38 64 93 17 21 14 75 69 27 14 76 16 15 0 64 56 58 45 55 41 13 70 60 94 18 55 12 94 52 91 42 14 91 14 59 88 36 76 49 69 14 78 11 38 20 14 19 50 79 47 18 29 23 50 88 20 79 15 51 12 99 46 79 51 47 54 34 18 69 66 65 82 18 77 80 28 94 11 91 37 47 61 83 98 25 10 95 66 89 47 30 14 36 85 26 10 33 14 75 77 59 77 57 85 80 49 81 26 65 32 66 79 44 63 54 48 99 83 34 24 21 68 90 42 56 88 64 65 23 76 74 76 41 80
10 91 34 90 84 93 76 60 11 45 18 94 37 51 16 65 36 13 77 17 16 43 39 68 64 0 70 64 11 25 69 17 72 64 70 10 84 34 98 26 57 98 17 51 62 14 69 45 11 89 67 34 90 46 19 68 39 91 55 96 94 17 57 11 24 22 26 44 23 67 16 29 18 90 97 82 76 94 54 21 49 18 22 41 74 48 92 52 18 65 90 68 30 10 70 25 84 38 51 91 35 12 33 59 19 61 36 89 15 93 80 17 61 83 63 30 13 71 28 32 89 33 32 82 41 99 57 34 97 32 62 88 50 98 81 81 73 35 39 98 39 26 64 37 96
42 22 75 52 75 75 77 90 87 55 99 79 63 38 98 71 28 44 39 19 47 62 82 14 56 70 0 57 34 55 46 57 33 63 18 10 60 94 88 29 89 26 19 58 41 95 77 28 73 69 83 59 84 94 55 38 69 67 84 54 94 64 84 25 69 86 17 42 13 94 96 76 99 36 73 61 24 11 18 30 91 81 71 76 14 20 12 91 52 32 33 10 42 68 89 10 73 98 68 63 86 16 12 82 71 35 89 81 66 63 52 39 98 50 45 54 99 82 22 76 81 74 88 37 84 87 35 88 54 88 43 65 98 73 88 94 82 45 24 33 65 92 17 52 76
73 89 62 98 34 79 50 78 13 70 23 22 15 82 96 44 40 54 90 55 85 42 82 57 58 64 57 0 20 67 62 47 91 52 27 73 35 41 78 26 36 65 63 75 95 10 24 83 68 27 66 27 34 28 47 35 26 73 99 54 34 50 68 64 87 60 72 66 99 81 22 94 37 92 76 15 98 98 43 11 64 53 89 38 31 79 49 99 29 85 51 95 98 53 57 23 58 38 73 80 68 59 49 17 68 44 79 89 23 45 98 88 47 24 86 33 20 30 58 14 45 58 11 34 19 51 44 18 20 42 79 10 53 44 30 46 13 62 43 60 57 62 15 83 51
75 24 23 28 14 13 16 88 53 31 59 40 55 64 62 60 33 60 44 34 94 26 38 41 45 11 34 20 0 37 48 16 65 99 92 64 66 58 62 92 74 58 37 21 68 41 83 26 90 51 59 10 70 88 28 18 89 46 85 95 20 72 36 26 32 16 79 11 52 73 24 12 50 74 22 54 83 12 14 75 41 11 97 78 49 77 15 38 70 11 33 19 15 87 60 99 34 27 48 99 50 15 65 85 75 50 72 88 12 81 28 12 72 48 86 84 64 54 44 67 81 70 60 99 40 35 90 75 83 71 58 81 74 92 10 15 42 60 72 96 79 96 27 68 91
27 52 59 88 17 39 35 53 74 94 58 90 39 58 31 32 50 73 63 55 73 14 43 18 55 25 55 67 37 0 39 98 71 22 37 60 22 20 32 12 18 68 17 24 78 43 63 49 19 64 88 26 66 97 40 32 42 45 83 55 39 83 38 83 75 49 33 85 19 47 70 21 45 88 52 93 40 27 67 60 65 92 34 22 18 70 88 58 42 49 26 93 20 82 44 57 52 21 78 70 20 25 10 77 92 33 41 55 81 20 73 41 23 91 67 10 55 43 56 15 94 85 34 84 10 36 29 20 50 10 63 18 22 79 36 47 49 89 25 17 42 94 31 17 68
54 41 24 49 93 42 21 29 41 91 52 80 96 56 32 66 52 63 29 34 57 45 43 73 41 69 46 62 48 39 0 89 68 26 51 97 50 68 59 61 81 43 12 57 74 34 85 79 18 95 66 44 82 15 89 98 21 22 63 59 89 50 48 84 87 57 46 65 42 34 75 67 95 36 57 72 28 22 56 56 50 28 41 45 33 64 84 54 79 93 38 52 54 83 32 49 76 41 33 96 26 84 79 99 53 92 31 99 69 88 73 44 10 18 52 14 77 51 71 13 53 22 62 83 30 95 92 59 93 21 28 65 11 53 48 14 97 58 32 48 98 95 20 44 37
24 98 56 64 24 97 58 67 94 97 29 64 22 79 98 41 95 10 22 30 97 81 72 33 13 17 57 47 16 98 89 0 90 31 54 96 45 40 88 92 26 26 88 33 21 38 22 91 59 68 50 49 55 86 30 30 22 24 21 11 60 15 13 33 78 90 63 46 55 91 82 25 91 38 51 61 55 34 58 47 62 20 22 56 31 41 47 67 65 95 21 96 37 19 50 35 75 40 40 75 68 53 74 15 73 98 36 62 99 51 59 50 50 31 44 89 94 90 77 99 94 19 62 74 35 78 77 67 92 93 90 98 97 18 55 14 11 69 82 44 20 44 75 51 91
49 97 27 83 60 73 93 14 66 34 61 76 70 45 27 77 27 72 46 89 48 61 26 44 70 72 33 91 65 71 68 90 0 38 14 37 29 29 31 42 24 50 47 81 45 46 13 10 37 73 52 37 91 86 37 60 63 30 66 63 13 85 41 35 13 94 75 55 20 42 32 55 34 74 93 18 61 10 71 27 12 81 91 77 39 62 29 29 35 27 47 39 73 65 87 17 96 87 34 21 69 11 14 77 88 42 84 90 91 98 93 74 15 63 27 62 53 81 98 99 58 37 50 59 59 41 34 93 30 86 54 17 42 51 39 41 97 85 13 59 38 86 84 39 11
21 38 49 70 58 85 94 43 46 94 83 46 45 22 27 97 27 57 83 69 34 43 81 25 60 64 63 52 99 22 26 31 38 0 39 67 34 53 90 98 96 60 34 27 48 17 14 65 54 27 46 65 81 81 33 74 99 29 95 84 75 63 91 46 32 87 32 91 35 53 80 71 68 16 73 77 52 60 69 23 35 75 87 43 62 87 74 71 44 32 68 91 80 11 32 82 88 32 40 13 13 92 11 26 50 52 65 99 97 59 81 41 31 20 99 50 95 13 55 31 32 17 66 91 98 38 15 33 81 74 11 91 10 29 69 73 18 89 12 68 42 39 44 73 33
17 73 89 48 37 19 42 69 11 69 55 92 76 50 52 76 65 92 62 24 80 81 75 20 94 70 18 27 92 37 51 54 14 39 0 64 58 91 18 23 39 42 61 43 70 22 41 36 13 61 94 50 71 88 53 59 85 40 85 82 33 41 70 29 51 21 34 14 63 48 36 89 31 79 25 83 45 49 55 48 41 80 52 96 43 96 55 94 52 74 94 13 22 57 75 67 60 15 74 46 71 11 41 85 17 84 67 22 80 45 14 96 69 93 94 73 29 36 94 92 17 24 66 96 82 17 58 91 87 61 65 31 20 36 41 53 75 44 12 19 39 73 92 62 15
55 50 66 39 64 29 81 26 59 58 68 55 48 60 75 51 84 86 41 30 66 42 31 57 18 10 10 73 64 60 97 96 37 67 64 0 35 55 51 33 46 29 91 45 55 69 32 81 95 33 65 80 14 53 85 75 85 55 50 33 41 59 72 80 34 89 64 79 26 98 27 94 34 43 40 56 80 12 29 58 72 68 29 38 80 54 47 66 24 93 85 66 43 99 40 78 10 68 85 17 27 11 18 32 33 63 29 43 94 39 90 76 35 29 25 38 67 49 55 28 12 34 52 52 96 55 26 33 32 20 38 36 90 23 81 15 56 55 55 36 36 45 49 24 61
93 32 50 64 61 83 11 12 90 26 33 41 50 27 90 18 81 64 57 89 96 52 45 50 55 84 60 35 66 22 50 45 29 34 58 35 0 63 82 40 67 53 28 78 37 79 76 30 96 27 67 72 56 64 99 31 99 85 39 15 12 45 31 42 63 57 73 73 49 46 53 91 26 28 19 36 25 37 74 28 55 57 45 96 63 77 20 27 91 59 63 49 48 90 83 47 48 45 93 10 83 64 39 36 14 32 18 93 86 52 14 48 95 62 12 61 59 14 55 71 47 79 75 85 32 92 81 91 31 80 83 84 37 34 20 33 61 27 83 39 69 71 86 70 55
50 69 91 29 29 84 31 31 71 44 37 29 11 34 52 18 43 43 70 38 33 94 20 81 12 34 94 41 58 20 68 40 29 53 91 55 63 0 86 79 43 37 58 97 60 21 10 92 47 94 69 41 55 25 83 18 35 89 96 89 22 35 84 92 75 96 92 92 10 87 91 15 19 55 88 51 57 31 16 44 13 86 32 40 64 17 44 84 14 41 80 89 40 27 29 48 14 21 86 83 56 37 26 32 59 46 61 86 82 59 25 71 43 71 35 17 64 57 26 19 76 18 71 15 86 30 63 11 62 18 15 82 41 54 44 43 49 22 83 98 21 72 87 36 55
31 85 38 72 53 24 45 69 85 47 40 68 93 27 71 71 74 42 28 80 52 44 14 52 94 98 88 78 62 32 59 88 31 90 18 51 82 86 0 90 37 56 57 78 49 78 86 61 67 75 48 84 96 11 89 80 60 66 34 17 35 55 45 85 24 67 34 75 39 46 87 88 36 66 35 97 98 56 98 63 56 19 18 47 41 46 67 93 70 30 71 61 80 40 71 78 10 21 44 94 85 19 93 94 29 44 39 77 53 11 40 49 26 75 68 54 77 62 58 99 25 71 90 75 60 79 41 74 75 77 39 97 52 24 17 70 39 54 80 50 45 87 60 51 53
75 71 78 94 71 94 31 15 18 36 18 36 72 82 94 85 59 12 32 46 13 44 24 39 52 26 29 26 92 12 61 92 42 98 23 33 40 79 90 0 87 18 43 19 88 28 66 50 45 99 69 68 11 78 79 75 25 57 80 51 76 78 79 99 30 90 98 62 42 70 17 83 97 89 54 88 25 43 46 10 59 96 23 90 76 49 16 69 28 59 65 83 12 97 12 71 11 76 51 77 99 88 60 32 33 62 79 78 26 40 46 92 17 71 17 55 74 42 49 80 28 33 92 10 78 55 51 67 82 18 37 87 93 88 31 64 89 21 65 46 54 19 47 58 41
30 95 21 12 83 82 16 92 11 89 46 42 98 76 39 19 36 48 11 10 65 77 43 47 91 57 89 36 74 18 81 26 24 96 39 46 67 43 37 87 0 60 80 81 44 35 71 71 28 55 98 95 93 13 87 74 63 40 60 33 40 90 13 21 68 67 61 26 30 98 44 95 99 35 16 11 56 45 11 67 24 22 40 25 53 44 84 98 15 21 43 88 90 36 24 79 93 83 96 41 84 84 48 34 72 19 35 57 84 85 44 87 86 22 24 97 99 89 89 22 65 89 12 29 72 63 74 50 81 10 73 54 25 49 18 41 12 91 81 90 43 37 82 58 25
10 65 75 96 60 61 64 36 75 68 13 77 79 91 46 81 84 92 82 65 50 64 30 75 42 98 26 65 58 68 43 26 50 60 42 29 53 37 56 18 60 0 82 51 94 76 17 34 75 21 81 55 78 42 60 78 33 97 62 58 36 90 91 12 21 79 33 68 30 98 81 45 38 91 44 30 69 89 91 64 18 66 67 43 71 73 79 14 50 68 55 99 82 79 96 74 25 48 51 41 49 95 27 86 14 98 19 68 42 53 51 67 65 16 41 62 29 70 24 93 87 42 13 34 52 33 70 61 74 63 23 36 93 90 72 44 82 83 99 14 93 72 20 95 83
60 84 73 60 21 51 40 15 57 19 87 41 67 76 87 95 34 46 71 15 49 63 88 58 14 17 19 63 37 17 12 88 47 34 61 91 28 58 57 43 80 82 0 44 84 69 74 36 51 35 24 14 37 78 48 47 89 97 64 90 25 27 94 40 71 26 16 99 66 58 77 67 10 90 20 84 35 30 13 78 23 11 68 28 58 86 84 73 86 50 23 50 23 10 42 89 23 41 58 68 98 68 75 79 97 58 46 55 21 33 16 71 41 20 73 37 34 26 41 38 52 59 76 42 96 65 33 51 49 29 98 96 27 12 63 92 91 26 10 53 63 55 22 99 85
57 16 92 14 84 56 99 95 64 54 88 42 96 88 51 65 91 79 16 90 23 79 84 65 91 51 58 75 21 24 57 33 81 27 43 45 78 97 78 19 81 51 44 0 83 10 59 83 86 41 21 92 18 64 82 37 20 78 40 27 79 68 65 84 36 72 69 45 26 30 92 93 26 70 31 90 65 95 28 81 68 80 42 94 55 80 75 14 90 62 90 58 16 24 65 73 51 44 70 66 91 23 42 22 51 84 97 70 19 75 65 32 71 57 25 23 21 54 19 96 57 53 33 61 74 82 35 32 38 26 60 14 58 24 56 40 30 18 68 62 26 27 53 54 55
37 32 93 41 98 98 40 72 33 15 52 64 78 66 11 55 54 19 94 93 79 66 17 36 14 62 41 95 68 78 74 21 45 48 70 55 37 60 49 88 44 94 84 83 0 56 34 51 12 90 38 83 51 14 66 82 22 39 90 27 18 36 71 76 69 74 89 95 34 54 67 34 35 78 79 93 56 77 78 72 76 48 44 62 93 87 80 57 77 82 58 51 42 72 32 25 18 88 28 68 99 82 90 74 47 68 32 76 17 25 52 56 96 82 89 27 13 86 29 61 68 34 11 97 46 66 39 33 47 18 38 72 71 76 82 89 45 51 81 92 17 91 47 39 94
68 71 20 66 80 63 58 89 38 84 24 36 87 97 41 11 26 71 53 24 60 26 31 79 59 14 95 10 41 43 34 38 46 17 22 69 79 21 78 28 35 76 69 10 56 0 80 92 10 48 42 60 39 76 62 70 78 56 78 16 18 60 78 87 94 42 73 29 80 67 44 37 23 97 10 88 56 74 12 94 27 81 74 23 91 73 13 67 64 86 43 49 54 47 38 19 99 86 23 96 56 95 48 77 10 84 88 95 65 13 75 90 69 92 82 55 55 20 47 85 89 51 61 57 95 33 62 16 53 59 88 61 81 64 74 72 42 73 43 19 90 39 15 96 99
21 28 36 12 73 98 49 25 23 16 35 67 30 59 10 66 70 46 86 49 46 19 36 80 88 69 77 24 83 63 85 22 13 14 41 32 76 10 86 66 71 17 74 59 34 80 0 36 13 67 56 81 65 73 60 86 34 14 76 12 61 98 13 98 47 28 62 89 97 56 35 57 23 89 62 74 74 73 27 32 45 65 94 67 91 83 75 76 35 69 69 42 47 16 21 62 61 99 46 33 30 51 53 29 88 16 13 63 63 36 81 20 60 49 57 95 91 65 32 75 25 28 73 90 54 51 67 78 45 92 51 13 23 89 28 49 66 33 88 59 42 33 16 73 20
80 81 95 48 59 46 21 65 46 30 74 13 34 15 12 51 22 37 99 67 82 52 73 58 36 45 28 83 26 49 79 91 10 65 36 81 30 92 61 50 71 34 36 83 51 92 36 0 27 26 35 85 10 40 24 21 18 33 90 98 26 85 60 28 20 50 35 79 45 54 10 34 71 99 56 49 25 22 54 37 86 86 73 15 97 69 77 80 89 40 96 43 48 61 59 26 20 35 99 47 26 58 33 42 62 20 87 81 31 45 81 18 90 34 98 33 86 22 25 94 11 74 66 33 76 90 53 17 62 66 72 48 36 85 76 95 66 43 16 11 98 15 33 70 16
36 26 12 87 68 52 48 99 68 56 87 50 40 15 25 29 49 31 44 82 84 38 18 17 76 11 73 68 90 19 18 59 37 54 13 95 96 47 67 45 28 75 51 86 12 10 13 27 0 99 47 36 96 23 61 65 23 98 48 87 57 34 33 92 12 69 28 45 50 67 12 94 16 30 51 54 94 71 87 80 87 49 28 27 50 38 66 31 47 85 99 21 40 33 18 14 35 23 10 56 44 49 87 86 30 58 24 68 76 79 42 50 78 97 92 47 77 14 98 75 22 86 24 59 70 97 82 50 29 95 17 85 83 77 28 73 51 29 34 11 88 86 77 45 12
70 54 32 72 13 32 87 77 32 87 83 17 14 98 17 25 55 24 59 80 32 21 55 66 49 89 69 27 51 64 95 68 73 27 61 33 27 94 75 99 55 21 35 41 90 48 67 26 99 0 64 81 70 38 57 26 85 70 92 35 57 49 70 68 69 10 44 87 29 71 47 79 42 25 15 34 12 71 54 12 43 25 10 55 92 30 81 69 11 90 31 30 38 21 87 23 34 55 32 81 86 35 24 69 18 12 74 45 86 17 25 62 95 68 89 37 49 48 18 92 25 32 60 94 51 35 55 76 24 24 99 18 58 47 71 52 30 28 21 48 82 38 84 81 16
88 42 80 47 13 39 49 66 25 30 92 94 36 18 71 12 60 36 91 35 65 51 60 32 69 67 83 66 59 88 66 50 52 46 94 65 67 69 48 69 98 81 24 21 38 42 56 35 47 64 0 88 22 67 12 97 45 59 73 55 73 19 19 56 65 35 40 20 94 78 17 55 30 88 25 14 72 77 75 33 20 45 63 21 47 78 50 21 98 12 14 29 33 99 88 12 25 53 16 79 43 55 67 34 48 86 54 73 91 71 33 80 22 99 76 73 87 61 43 52 69 91 21 70 38 19 26 93 99 93 19 71 43 98 31 29 51 20 18 97 96 16 99 10 23
42 90 46 31 31 15 51 29 59 62 16 38 71 98 10 32 18 70 79 24 25 26 62 24 14 34 59 27 10 26 44 49 37 65 50 80 72 41 84 68 95 55 14 92 83 60 81 85 36 81 88 0 53 51 27 24 70 32 64 22 14 81 52 49 77 17 55 41 85 83 85 52 61 63 27 70 22 68 11 25 65 77 62 44 59 17 60 94 53 12 58 54 11 11 14 77 37 70 28 47 16 59 81 44 28 96 11 23 25 13 43 58 13 25 29 10 98 37 54 59 98 69 71 10 98 28 75 50 95 89 36 94 77 16 92 23 67 89 16 94 57 67 91 62 56
52 37 73 57 36 18 71 81 23 27 51 94 41 33 48 90 48 72 39 70 69 17 92 61 78 90 84 34 70 66 82 55 91 81 71 14 56 55 96 11 93 78 37 18 51 39 65 10 96 70 22 53 0 26 66 64 85 25 30 52 27 15 30 26 13 74 70 10 77 13 62 60 26 28 18 45 65 36 62 54 57 72 27 99 33 78 44 72 78 77 66 22 76 32 69 61 14 63 19 61 76 88 47 54 62 90 18 86 92 23 57 76 57 33 72 51 14 92 85 19 36 82 53 54 46 91 81 24 87 48 78 70 19 62 21 50 35 46 42 55 84 68 39 12 28
33 11 36 59 28 85 54 42 55 69 42 36 41 48 71 94 64 49 67 47 40 11 44 34 11 46 94 28 88 97 15 86 86 81 88 53 64 25 11 78 13 42 78 64 14 76 73 40 23 38 67 51 26 0 40 72 43 23 47 68 68 11 82 91 52 22 73 23 58 30 22 40 89 37 95 35 83 95 77 27 17 99 13 70 36 65 23 76 91 40 86 56 72 18 61 20 87 35 39 21 44 93 10 35 86 51 23 74 13 56 87 51 95 29 66 41 63 30 19 75 14 44 73 52 38 50 66 57 56 25 98 82 89 62 44 92 77 76 16 76 22 86 54 37 89
64 29 98 55 68 82 98 73 85 36 83 71 18 22 87 82 31 99 10 95 30 85 86 68 38 19 55 47 28 40 89 30 37 33 53 85 99 83 89 79 87 60 48 82 66 62 60 24 61 57 12 27 66 40 0 54 10 56 38 41 58 58 89 56 76 70 36 79 78 75 92 25 89 68 11 73 42 25 57 77 31 44 16 15 48 28 42 43 43 19 50 89 82 92 54 62 99 54 93 72 28 71 86 52 39 10 43 58 81 14 29 16 27 67 14 44 67 78 89 14 11 67 15 72 57 34 90 93 97 33 18 52 97 27 57 56 81 51 89 86 62 98 63 97 73
96 82 48 44 50 21 88 22 29 96 82 53 33 11 64 65 96 42 87 96 86 41 42 90 20 68 38 35 18 32 98 30 60 74 59 75 31 18 80 75 74 78 47 37 82 70 86 21 65 26 97 24 64 72 54 0 95 62 15 37 90 69 78 65 11 65 72 29 16 27 47 87 66 76 42 70 18 30 48 94 94 83 70 27 69 50 64 87 55 82 66 14 56 74 96 91 38 93 77 14 86 32 36 79 22 73 66 35 62 71 28 14 17 14 92 77 37 27 69 55 70 46 86 95 55 51 96 85 62 78 75 97 97 26 34 24 40 48 52 31 25 67 11 74 24
51 58 91 70 36 56 81 90 88 85 82 22 47 96 24 14 60 33 73 33 98 75 95 59 14 39 69 26 89 42 21 22 63 99 85 85 99 35 60 25 63 33 89 20 22 78 34 18 23 85 45 70 85 43 10 95 0 61 50 78 89 93 71 54 16 57 35 50 38 14 21 33 64 45 81 96 63 74 31 52 34 63 74 36 34 14 10 34 43 96 27 93 20 98 15 15 70 16 77 45 10 61 70 68 34 51 11 13 92 29 27 46 33 98 12 99 23 90 86 26 24 25 89 43 67 62 57 10 54 49 62 95 30 11 52 81 28 90 58 26 16 81 12 57 98
19 29 45 91 91 63 60 28 67 74 98 82 17 24 16 17 76 43 43 52 97 77 67 21 19 91 67 73 46 45 22 24 30 29 40 55 85 89 66 57 40 97 97 78 39 56 14 33 98 70 59 32 25 23 56 62 61 0 61 84 98 53 28 63 17 10 91 63 64 80 81 62 86 82 23 85 27 61 76 48 41 18 29 22 75 52 96 48 12 22 74 40 11 20 14 42 97 70 26 93 68 31 77 70 21 46 69 38 54 56 46 27 51 10 70 43 44 48 64 45 82 90 60 89 52 59 39 87 50 17 45 97 36 53 50 51 29 69 13 83 66 33 10 24 86
14 56 36 71 18 70 70 97 97 48 23 21 48 71 81 32 98 92 37 79 95 40 40 36 50 55 84 99 85 83 63 21 66 95 85 50 39 96 34 80 60 62 64 40 90 78 76 90 48 92 73 64 30 47 38 15 50 61 0 35 17 45 79 61 87 33 95 47 14 55 16 87 83 57 53 66 63 48 22 56 23 69 15 81 21 67 37 63 49 26 90 16 63 42 98 86 70 25 93 28 86 25 37 43 18 99 20 92 17 73 53 17 50 74 58 87 63 12 59 42 14 27 13 42 54 31 92 67 16 52 33 57 34 62 49 88 44 21 17 20 21 66 91 28 57
79 93 96 92 20 60 44 89 92 92 34 87 48 59 69 68 38 89 26 35 13 35 41 71 79 96 54 54 95 55 59 11 63 84 82 33 15 89 17 51 33 58 90 27 27 16 12 98 87 35 55 22 52 68 41 37 78 84 35 0 80 75 10 85 98 98 77 70 64 13 47 88 61 91 71 64 95 60 98 90 18 55 79 52 56 51 66 95 14 43 22 32 20 76 40 91 97 80 59 60 81 55 57 86 73 72 16 75 44 15 26 51 34 29 81 88 47 96 88 66 73 29 21 87 47 45 45 82 94 36 49 15 87 48 20 86 52 50 87 95 58 13 58 71 20
93 64 77 44 20 72 62 89 57 20 70 77 33 77 18 13 34 57 63 79 32 97 37 74 47 94 94 34 20 39 89 60 13 75 33 41 12 22 35 76 40 36 25 79 18 18 61 26 57 57 73 14 27 68 58 90 89 98 17 80 0 62 28 37 97 79 42 92 83 25 23 16 62 34 74 38 22 68 90 93 43 30 60 63 43 30 16 43 97 49 86 78 15 21 20 82 58 93 44 18 28 52 89 70 42 82 31 65 39 36 74 52 87 52 53 17 26 43 42 63 74 95 20 67 23 90 68 98 62 93 56 40 96 69 88 20 76 46 99 18 55 89 35 77 18
22 64 90 60 19 16 37 81 91 74 36 58 77 88 59 80 81 44 33 67 61 29 24 42 18 17 64 50 72 83 50 15 85 63 41 59 45 35 55 78 90 90 27 68 36 60 98 85 34 49 19 81 15 11 58 69 93 53 45 75 62 0 53 21 18 37 18 98 20 39 90 46 15 47 96 66 69 55 23 48 21 80 70 78 66 25 74 35 14 74 18 36 70 57 84 17 76 73 40 72 38 61 65 48 19 33 51 41 64 46 18 35 81 52 13 55 83 42 56 36 96 55 70 35 79 62 65 19 36 20 82 62 73 99 82 99 79 19 43 35 42 70 32 52 16
85 35 34 61 88 43 51 18 90 14 78 68 62 55 89 61 89 35 84 20 31 98 95 18 29 57 84 68 36 38 48 13 41 91 70 72 31 84 45 79 13 91 94 65 71 78 13 60 33 70 19 52 30 82 89 78 71 28 79 10 28 53 0 14 97 35 34 95 46 78 22 92 34 51 90 11 15 30 61 48 69 44 51 34 98 33 14 20 17 64 97 19 87 32 45 45 70 81 14 78 48 49 53 36 73 99 35 82 95 13 40 24 95 37 43 34 36 11 52 22 32 49 26 30 23 48 97 32 43 13 77 51 79 35 66 67 95 14 23 32 18 81 48 57 91
89 47 77 68 40 10 30 75 59 21 96 77 43 83 32 62 42 70 95 79 83 55 15 44 23 11 25 64 26 83 84 33 35 46 29 80 42 92 85 99 21 12 40 84 76 87 98 28 92 68 56 49 26 91 56 65 54 63 61 85 37 21 14 0 77 65 98 35 35 24 24 96 72 18 12 82 52 77 63 84 66 75 99 89 91 63 27 86 75 15 25 48 13 93 70 81 32 60 85 47 75 12 24 95 45 20 22 93 14 96 90 70 95 26 14 44 93 29 36 87 56 51 15 85 21 48 69 61 17 96 76 55 24 32 39 57 99 26 73 36 33 95 85 13 62
16 53 89 80 95 56 76 42 56 79 49 55 55 91 95 45 24 32 82 69 58 59 87 68 50 24 69 87 32 75 87 78 13 32 51 34 63 75 24 30 68 21 71 36 69 94 47 20 12 69 65 77 13 52 76 11 16 17 87 98 97 18 97 77 0 20 43 72 46 69 10 84 57 78 62 27 10 68 41 90 81 17 73 48 16 83 71 93 93 20 87 68 21 13 83 59 77 51 70 53 88 76 77 76 77 25 71 77 30 50 89 69 24 59 17 98 59 46 98 34 91 14 24 81 34 92 22 97 74 65 49 44 71 77 69 37 66 87 23 33 13 60 14 82 35
71 54 33 13 59 11 20 76 92 76 53 43 62 87 77 67 66 91 37 91 87 99 99 60 88 22 86 60 16 49 57 90 94 87 21 89 57 96 67 90 67 79 26 72 74 42 28 50 69 10 35 17 74 22 70 65 57 10 33 98 79 37 35 65 20 0 60 87 71 37 23 18 61 92 83 67 71 88 57 56 45 47 98 61 40 41 33 30 92 50 34 17 16 42 53 43 32 15 25 61 88 94 28 67 72 44 11 32 10 64 13 35 46 83 62 66 57 24 49 52 52 26 33 10 42 29 50 95 84 17 10 83 21 51 65 31 50 16 64 12 26 42 17 99 98
79 55 63 99 60 32 21 89 22 78 33 36 71 43 83 82 23 95 97 71 90 32 32 11 20 26 17 72 79 33 46 63 75 32 34 64 73 92 34 98 61 33 16 69 89 73 62 35 28 44 40 55 70 73 36 72 35 91 95 77 42 18 34 98 43 60 0 21 76 13 23 32 14 83 73 64 44 48 49 73 34 63 64 61 75 67 48 32 23 34 30 37 71 93 50 83 62 18 21 40 86 93 53 70 13 98 13 11 21 41 12 71 94 31 54 88 43 58 68 89 38 99 50 50 11 20 48 39 38 98 55 87 39 32 72 62 28 33 97 32 43 94 23 41 17
80 63 51 64 88 17 39 67 22 78 97 96 86 45 94 76 90 43 93 75 57 56 49 43 79 44 42 66 11 85 65 46 55 91 14 79 73 92 75 62 26 68 99 45 95 29 89 79 45 87 20 41 10 23 79 29 50 63 47 70 92 98 95 35 72 87 21 0 11 65 79 46 16 73 13 54 39 78 53 49 81 62 86 46 38 46 24 98 55 68 49 53 54 34 80 98 91 70 10 85 39 58 50 95 95 76 41 62 66 85 75 58 66 41 65 70 63 74 34 71 89 71 18 97 10 59 72 94 96 10 17 89 91 92 36 62 47 82 30 48 19 14 71 53 60
53 92 34 26 48 36 84 93 64 25 75 87 81 23 48 99 61 63 56 25 11 14 96 41 15 23 13 99 52 19 42 55 20 35 63 26 49 10 39 42 30 30 66 26 34 80 97 45 50 29 94 85 77 58 78 16 38 64 14 64 83 20 46 35 46 71 76 11 0 94 59 98 79 48 14 91 85 86 79 13 14 19 79 81 73 44 47 34 56 84 48 80 15 75 59 39 86 84 34 53 92 52 12 71 15 82 56 32 83 33 22 53 27 62 65 47 35 64 59 70 99 49 61 89 20 95 56 94 28 86 53 81 83 56 16 95 41 74 77 94 87 67 51 75 45
89 27 22 10 48 57 54 65 78 43 53 38 93 64 39 21 92 66 80 11 22 33 83 44 51 67 94 81 73 47 34 91 42 53 48 98 46 87 46 70 98 98 58 30 54 67 56 54 67 71 78 83 13 30 75 27 14 80 55 13 25 39 78 24 69 37 13 65 94 0 65 64 52 16 14 47 93 80 28 46 27 66 14 24 92 38 36 29 11 31 51 26 86 78 97 57 56 47 86 39 60 15 20 39 71 99 72 66 26 23 29 45 28 58 20 50 30 40 99 76 58 63 94 29 75 63 92 31 57 15 96 79 25 73 91 67 70 49 69 81 52 23 87 23 88
70 37 55 82 48 29 93 40 34 92 68 50 12 11 15 18 17 44 39 25 84 57 69 69 12 16 96 22 24 70 75 82 32 80 36 27 53 91 87 17 44 81 77 92 67 44 35 10 12 47 17 85 62 22 92 47 21 81 16 47 23 90 22 24 10 23 23 79 59 65 0 87 35 29 41 47 68 78 24 50 49 23 52 11 55 60 70 63 55 65 40 55 45 77 42 68 62 81 44 59 99 43 17 61 68 17 36 50 27 16 50 95 75 26 57 69 28 26 34 92 27 11 69 60 69 14 88 18 37 30 43 22 39 99 92 98 61 32 58 50 84 73 63 19 59
71 99 30 27 46 92 90 31 37 31 85 10 37 28 23 42 46 76 54 25 58 73 99 20 99 29 76 94 12 21 67 25 55 71 89 94 91 15 88 83 95 45 67 93 34 37 57 34 94 79 55 52 60 40 25 87 33 62 87 88 16 46 92 96 84 18 32 46 98 64 87 0 43 74 42 45 76 33 60 27 24 24 18 54 67 48 80 86 30 90 66 31 85 11 90 55 35 20 76 87 70 53 35 54 20 57 93 39 27 93 57 73 58 57 55 78 53 31 87 60 81 28 20 61 82 33 15 28 47 50 60 35 34 33 29 81 29 74 85 29 78 46 38 63 99
56 65 59 67 42 56 20 62 99 93 76 31 74 55 48 27 99 43 35 64 16 46 27 11 46 18 99 37 50 45 95 91 34 68 31 34 26 19 36 97 99 38 10 26 35 23 23 71 16 42 30 61 26 89 89 66 64 86 83 61 62 15 34 72 57 61 14 16 79 52 35 43 0 98 88 44 61 89 23 53 61 65 88 88 62 48 96 43 96 89 80 99 80 90 53 64 65 61 49 43 66 55 28 61 14 34 97 88 72 20 24 30 63 34 63 75 41 43 77 12 17 53 62 82 26 92 17 26 37 62 80 19 85 84 20 34 56 41 21 26 65 44 89 25 59
84 43 15 83 50 53 74 93 15 54 71 69 82 65 48 71 84 67 78 32 69 42 59 29 79 90 36 92 74 88 36 38 74 16 79 43 28 55 66 89 35 91 90 70 78 97 89 99 30 25 88 63 28 37 68 76 45 82 57 91 34 47 51 18 78 92 83 73 48 16 29 74 98 0 88 40 58 13 18 52 28 37 36 30 27 28 46 51 10 96 62 80 39 32 37 54 24 36 16 44 60 67 38 98 17 18 13 23 58 60 56 62 20 10 83 65 42 11 87 15 71 23 58 90 90 28 11 52 39 58 12 68 56 25 81 25 70 53 66 61 64 51 52 40 98
39 99 64 27 50 81 75 83 39 34 89 54 45 89 24 87 96 20 51 75 73 52 15 68 51 97 73 76 22 52 57 51 93 73 25 40 19 88 35 54 16 44 20 31 79 10 62 56 51 15 25 27 18 95 11 42 81 23 53 71 74 96 90 12 62 83 73 13 14 14 41 42 88 88 0 78 28 21 88 26 76 77 40 21 26 94 12 53 92 88 61 58 60 68 39 43 70 76 33 97 98 39 53 77 20 54 65 38 54 30 24 29 22 37 16 81 99 31 95 88 34 11 64 86 26 40 70 43 53 58 53 28 58 99 51 13 51 23 92 93 50 39 56 90 69
77 74 26 20 69 52 77 65 91 91 63 39 93 89 48 90 86 12 34 18 96 45 48 20 47 82 61 15 54 93 72 61 18 77 83 56 36 51 97 88 11 30 84 90 93 88 74 49 54 34 14 70 45 35 73 70 96 85 66 64 38 66 11 82 27 67 64 54 91 47 47 45 44 40 78 0 53 28 76 77 32 28 36 70 43 15 40 84 80 46 59 49 44 78 39 65 73 66 44 22 39 20 79 29 28 37 63 82 24 59 83 52 46 93 10 15 93 81 65 55 74 23 47 66 43 51 99 10 53 20 44 23 41 55 83 44 96 90 80 13 39 18 77 65 94
11 48 69 23 47 52 33 66 72 46 67 66 80 81 69 99 85 33 65 62 90 29 62 87 54 76 24 98 83 40 28 55 61 52 45 80 25 57 98 25 56 69 35 65 56 56 74 25 94 12 72 22 65 83 42 18 63 27 63 95 22 69 15 52 10 71 44 39 85 93 68 76 61 58 28 53 0 34 69 76 83 41 93 59 22 44 96 87 37 39 52 15 29 84 87 56 47 80 96 31 57 45 79 73 40 33 70 37 79 27 39 62 81 54 41 18 93 25 87 67 80 28 57 14 24 53 79 74 58 81 51 81 97 90 74 26 83 38 30 25 91 54 32 53 52
92 36 72 16 27 16 46 11 67 36 86 10 87 74 43 27 87 43 93 67 22 29 68 13 34 94 11 98 12 27 22 34 10 60 49 12 37 31 56 43 45 89 30 95 77 74 73 22 71 71 77 68 36 95 25 30 74 61 48 60 68 55 30 77 68 88 48 78 86 80 78 33 89 13 21 28 34 0 45 87 73 60 91 25 15 25 96 67 45 42 55 16 21 33 72 71 28 10 18 74 78 67 65 31 24 54 92 67 64 18 15 95 74 80 13 39 51 32 70 82 80 32 21 39 57 74 90 23 37 41 15 37 46 97 84 33 22 77 40 45 44 35 57 67 71
91 52 29 40 87 45 23 79 26 11 95 70 69 45 24 87 45 79 78 36 16 30 85 49 18 54 18 43 14 67 56 58 71 69 55 29 74 16 98 46 11 91 13 28 78 12 27 54 87 54 75 11 62 77 57 48 31 76 22 98 90 23 61 63 41 57 49 53 79 28 24 60 23 18 88 76 69 45 0 12 78 58 85 29 80 22 48 11 11 83 97 23 70 48 44 23 49 56 22 81 54 25 31 99 88 75 61 39 95 53 94 13 85 70 50 44 50 89 23 93 31 18 63 47 39 28 69 92 27 83 65 47 83 25 81 39 91 57 84 90 78 95 25 31 87
70 60 25 98 62 68 80 15 29 81 96 43 55 26 67 89 91 81 66 50 57 43 69 94 69 21 30 11 75 60 56 47 27 23 48 58 28 44 63 10 67 64 78 81 72 94 32 37 80 12 33 25 54 27 77 94 52 48 56 90 93 48 48 84 90 56 73 49 13 46 50 27 53 52 26 77 76 87 12 0 57 53 23 59 56 69 49 13 36 92 27 33 69 83 75 32 85 95 92 34 44 46 31 23 74 33 67 37 76 28 92 69 66 55 26 45 63 92 68 91 73 38 61 25 38 99 36 94 82 93 78 37 97 63 39 84 43 11 70 19 89 90 55 78 88
98 56 53 27 98 52 56 38 69 83 99 28 81 41 12 66 24 52 70 92 74 70 58 14 66 49 91 64 41 65 50 62 12 35 41 72 55 13 56 59 24 18 23 68 76 27 45 86 87 43 20 65 57 17 31 94 34 41 23 18 43 21 69 66 81 45 34 81 14 27 49 24 61 28 76 32 83 73 78 57 0 11 48 42 55 76 89 57 40 81 57 89 48 82 64 72 20 18 71 73 75 91 87 36 63 51 55 59 52 93 61 92 37 27 87 33 46 67 37 64 48 46 85 61 99 38 71 26 50 73 61 95 91 33 87 10 50 44 96 29 41 92 41 39 88
61 54 79 93 72 71 79 45 86 84 87 98 81 85 34 13 80 10 33 47 74 54 65 50 65 18 81 53 11 92 28 20 81 75 80 68 57 86 19 96 22 66 11 80 48 81 65 86 49 25 45 77 72 99 44 83 63 18 69 55 30 80 44 75 17 47 63 62 19 66 23 24 65 37 77 28 41 60 58 53 11 0 78 37 37 64 67 92 47 34 85 81 24 88 44 81 67 75 32 13 47 58 34 93 77 48 20 80 16 12 85 74 47 83 82 56 48 75 76 15 23 88 17 32 22 90 45 21 34 99 29 54 21 71 42 30 21 96 54 95 84 35 36 51 94
38 80 44 84 65 90 85 86 66 12 77 45 18 94 44 96 21 92 41 22 48 94 63 38 82 22 71 89 97 34 41 22 91 87 52 29 45 32 18 23 40 67 68 42 44 74 94 73 28 10 63 62 27 13 16 70 74 29 15 79 60 70 51 99 73 98 64 86 79 14 52 18 88 36 40 36 93 91 85 23 48 78 0 39 76 16 26 66 44 75 15 24 40 10 48 62 79 68 72 52 61 77 49 17 64 94 49 88 41 89 10 12 59 16 74 76 17 49 38 31 29 73 35 87 29 75 70 19 47 53 33 35 95 45 76 69 78 68 61 78 23 93 28 75 44
99 65 24 21 78 46 56 17 72 10 89 47 98 57 37 59 39 42 42 47 51 29 19 66 18 41 76 38 78 22 45 56 77 43 96 38 96 40 47 90 25 43 28 94 62 23 67 15 27 55 21 44 99 70 15 27 36 22 81 52 63 78 34 89 48 61 61 46 81 24 11 54 88 30 21 70 59 25 29 59 42 37 39 0 14 30 30 94 58 11 38 87 46 87 65 78 89 50 38 30 44 94 70 20 78 29 74 64 88 66 84 53 63 40 55 25 49 45 18 18 39 39 95 12 44 16 79 60 44 84 85 36 61 90 89 13 67 16 98 58 67 84 56 14 37
18 21 69 52 92 61 65 25 90 36 74 45 80 50 15 81 65 20 12 26 55 51 65 94 77 74 14 31 49 18 33 31 39 62 43 80 63 64 41 76 53 71 58 55 93 91 91 97 50 92 47 59 33 36 48 69 34 75 21 56 43 66 98 91 16 40 75 38 73 92 55 67 62 27 26 43 22 15 80 56 55 37 76 14 0 10 96 28 45 35 81 26 15 73 18 82 75 18 19 24 19 92 69 46 17 64 70 85 12 32 88 76 12 90 77 13 60 18 62 50 86 21 29 55 27 28 29 81 98 23 31 90 79 67 79 64 40 86 43 18 10 85 74 50 51
88 56 35 68 52 16 39 22 48 73 50 41 10 56 95 20 32 36 17 83 90 21 80 53 80 48 20 79 77 70 64 41 62 87 96 54 77 17 46 49 44 73 86 80 87 73 83 69 38 30 78 17 78 65 28 50 14 52 67 51 30 25 33 63 83 41 67 46 44 38 60 48 48 28 94 15 44 25 22 69 76 64 16 30 10 0 28 18 64 37 63 62 20 92 13 26 83 19 82 81 84 51 70 46 33 69 53 92 82 54 48 14 35 77 32 90 45 68 15 11 90 51 12 21 45 46 27 96 23 37 11 62 23 90 76 47 66 40 57 37 74 56 68 69 23
85 32 80 10 79 48 97 53 22 33 37 34 20 10 32 42 62 38 21 34 40 22 60 82 28 92 12 49 15 88 84 47 29 74 55 47 20 44 67 16 84 79 84 75 80 13 75 77 66 81 50 60 44 23 42 64 10 96 37 66 16 74 14 27 71 33 48 24 47 36 70 80 96 46 12 40 96 96 48 49 89 67 26 30 96 28 0 50 41 60 49 97 24 14 19 85 29 69 44 73 49 26 85 80 44 43 68 84 24 86 47 26 71 82 29 24 81 55 76 60 27 67 57 67 21 91 72 79 50 64 70 64 49 73 87 88 32 84 40 82 32 24 69 89 84
57 92 75 40 26 84 71 55 13 21 16 87 32 34 66 61 93 74 17 72 17 32 66 90 94 52 91 99 38 58 54 67 29 71 94 66 27 84 93 69 98 14 73 14 57 67 76 80 31 69 21 94 72 76 43 87 34 48 63 95 43 35 20 86 93 30 32 98 34 29 63 86 43 51 53 84 87 67 11 13 57 92 66 94 28 18 50 0 92 81 17 45 69 80 96 41 60 61 32 56 88 50 26 35 64 12 89 28 52 17 40 52 84 53 35 43 27 91 83 27 21 84 63 80 28 69 37 42 60 74 86 36 46 15 50 61 72 34 30 12 50 32 82 23 22
68 73 20 39 93 26 20 55 89 13 70 97 48 82 44 16 41 83 73 36 14 40 22 33 11 18 52 29 70 42 79 65 35 44 52 24 91 14 70 28 15 50 86 90 77 64 35 89 47 11 98 53 78 91 43 55 43 12 49 14 97 14 17 75 93 92 23 55 56 11 55 30 96 10 92 80 37 45 11 36 40 47 44 58 45 64 41 92 0 16 66 25 62 84 83 18 48 94 30 40 36 97 69 46 51 96 35 27 75 28 90 45 90 47 16 18 38 78 17 15 14 29 50 19 22 55 41 20 90 85 95 25 68 10 32 34 70 42 11 84 48 54 69 25 60
13 66 41 39 52 18 72 64 17 53 23 91 32 30 41 29 89 25 98 35 57 21 62 58 91 65 32 85 11 49 93 95 27 32 74 93 59 41 30 59 21 68 50 62 82 86 69 40 85 90 12 12 77 40 19 82 96 22 26 43 49 74 64 15 20 50 34 68 84 31 65 90 89 96 88 46 39 42 83 92 81 34 75 11 35 37 60 81 16 0 20 13 74 16 83 10 62 45 75 72 73 21 10 83 96 40 20 30 34 82 29 55 81 17 11 17 74 36 64 99 97 20 85 72 10 37 34 48 79 74 51 23 83 95 50 66 39 77 52 55 14 17 64 65 49
82 88 91 46 87 21 63 47 28 66 51 70 38 59 39 83 89 59 55 40 87 62 71 19 37 90 33 51 33 26 38 21 47 68 94 85 63 80 71 65 43 55 23 90 58 43 69 96 99 31 14 58 66 86 50 66 27 74 90 22 86 18 97 25 87 34 30 49 48 51 40 66 80 62 61 59 52 55 97 27 57 85 15 38 81 63 49 17 66 20 0 81 93 10 74 50 41 90 42 60 82 70 26 88 97 19 65 17 31 34 48 65 55 50 80 26 41 31 61 46 17 84 29 56 63 68 32 12 72 79 20 26 91 86 85 51 21 97 95 66 31 60 85 61 51
90 88 78 58 11 24 80 51 46 86 52 58 28 19 65 60 85 51 47 19 93 63 82 62 47 68 10 95 19 93 52 96 39 91 13 66 49 89 61 83 88 99 50 58 51 49 42 43 21 30 29 54 22 56 89 14 93 40 16 32 78 36 19 48 68 17 37 53 80 26 55 31 99 80 58 49 15 16 23 33 89 81 24 87 26 62 97 45 25 13 81 0 97 97 62 93 25 77 66 17 71 99 47 76 28 99 44 57 26 43 95 13 79 50 22 89 61 73 35 53 68 85 81 49 44 39 59 13 60 83 86 87 19 49 73 36 75 54 92 89 85 92 69 87 33
27 17 11 29 82 90 61 30 82 17 42 98 98 29 29 46 17 10 66 24 30 22 80 58 61 30 42 98 15 20 54 37 73 80 22 43 48 40 80 12 90 82 23 16 42 54 47 48 40 38 33 11 76 72 82 56 20 11 63 20 15 70 87 13 21 16 71 54 15 86 45 85 80 39 60 44 29 21 70 69 48 24 40 46 15 20 24 69 62 74 93 97 0 16 45 12 47 22 28 31 50 53 56 14 20 67 80 37 74 74 18 32 44 15 31 81 13 73 52 47 17 62 92 48 53 41 40 60 51 10 16 83 45 61 57 89 87 22 86 51 70 35 18 98 26
85 39 49 38 15 89 61 86 30 47 12 75 33 15 76 65 75 41 69 94 71 65 20 61 83 10 68 53 87 82 83 19 65 11 57 99 90 27 40 97 36 79 10 24 72 47 16 61 33 21 99 11 32 18 92 74 98 20 42 76 21 57 32 93 13 42 93 34 75 78 77 11 90 32 68 78 84 33 48 83 82 88 10 87 73 92 14 80 84 16 10 97 16 0 84 44 39 92 55 42 82 15 22 80 77 34 80 78 10 62 45 74 59 16 28 55 91 64 26 32 42 14 77 76 70 36 25 22 80 57 50 53 33 91 27 22 80 87 95 44 24 24 73 53 85
32 46 22 73 22 93 69 93 70 13 66 94 62 89 47 17 23 50 62 30 62 77 53 91 98 70 89 57 60 44 32 50 87 32 75 40 83 29 71 12 24 96 42 65 32 38 21 59 18 87 88 14 69 61 54 96 15 14 98 40 20 84 45 70 83 53 50 80 59 97 42 90 53 37 39 39 87 72 44 75 64 44 48 65 18 13 19 96 83 83 74 62 45 84 0 84 96 34 59 82 45 43 26 12 76 80 50 22 79 42 73 65 41 92 58 21 92 33 88 29 77 73 89 58 58 84 97 22 19 61 24 78 86 57 67 54 90 23 98 35 14 26 39 15 32
46 96 16 27 17 74 90 74 61 58 45 78 11 67 86 69 81 91 50 31 22 59 99 78 25 25 10 23 99 57 49 35 17 82 67 78 47 48 78 71 79 74 89 73 25 19 62 26 14 23 12 77 61 20 62 91 15 42 86 91 82 17 45 81 59 43 83 98 39 57 68 55 64 54 43 65 56 71 23 32 72 81 62 78 82 26 85 41 18 10 50 93 12 44 84 0 81 46 19 49 25 47 40 68 12 50 79 72 85 43 59 25 40 44 17 86 52 15 29 89 83 84 72 90 46 60 26 41 59 53 20 61 89 10 29 21 87 78 25 15 38 71 93 75 85
87 22 16 97 77 36 10 93 28 61 82 36 95 41 29 35 17 95 86 66 48 92 91 97 10 84 73 58 34 52 76 75 96 88 60 10 48 14 10 11 93 25 23 51 18 99 61 20 35 34 25 37 14 87 99 38 70 97 70 97 58 76 70 32 77 32 62 91 86 56 62 35 65 24 70 73 47 28 49 85 20 67 79 89 75 83 29 60 48 62 41 25 47 39 96 81 0 69 43 99 42 80 51 20 43 75 12 90 14 90 62 16 68 92 35 57 74 38 14 80 62 89 29 30 44 19 39 33 35 39 19 82 95 59 75 66 86 75 34 17 14 66 78 57 36
37 21 92 73 33 88 42 10 36 57 95 61 23 83 96 61 37 37 95 48 26 16 27 24 95 38 98 38 27 21 41 40 87 32 15 68 45 21 21 76 83 48 41 44 88 86 99 35 23 55 53 70 63 35 54 93 16 70 25 80 93 73 81 60 51 15 18 70 84 47 81 20 61 36 76 66 80 10 56 95 18 75 68 50 18 19 69 61 94 45 90 77 22 92 34 46 69 0 50 35 35 95 86 91 91 20 97 51 47 20 93 48 30 48 43 53 71 45 60 13 19 71 49 40 46 93 55 64 86 54 21 60 33 25 44 21 91 54 41 61 24 68 71 96 63
18 81 71 49 27 86 25 13 88 19 41 34 90 84 46 34 30 16 60 75 81 68 31 83 66 51 68 73 48 78 33 40 34 40 74 85 93 86 44 51 96 51 58 70 28 23 46 99 10 32 16 28 19 39 93 77 77 26 93 59 44 40 14 85 70 25 21 10 34 86 44 76 49 16 33 44 96 18 22 92 71 32 72 38 19 82 44 32 30 75 42 66 28 55 59 19 43 50 0 62 56 87 72 90 14 68 49 14 33 75 82 17 44 41 33 45 68 63 64 48 66 73 58 99 48 16 67 39 28 86 87 44 25 15 99 81 31 18 27 10 26 98 77 15 79
35 54 93 18 46 55 15 47 58 81 77 37 69 39 26 66 96 96 21 17 49 90 53 17 89 91 63 80 99 70 96 75 21 13 46 17 10 83 94 77 41 41 68 66 68 96 33 47 56 81 79 47 61 21 72 14 45 93 28 60 18 72 78 47 53 61 40 85 53 39 59 87 43 44 97 22 31 74 81 34 73 13 52 30 24 81 73 56 40 72 60 17 31 42 82 49 99 35 62 0 65 86 88 40 77 46 38 91 25 37 13 88 48 41 71 41 96 31 82 32 25 31 70 31 90 97 78 16 62 90 77 18 13 59 21 29 36 98 71 67 22 22 69 14 58
41 58 44 46 15 53 60 13 88 95 65 75 60 22 33 58 17 16 51 84 96 86 14 64 47 35 86 68 50 20 26 68 69 13 71 27 83 56 85 99 84 49 98 91 99 56 30 26 44 86 43 16 76 44 28 86 10 68 86 81 28 38 48 75 88 88 86 39 92 60 99 70 66 60 98 39 57 78 54 44 75 47 61 44 19 84 49 88 36 73 82 71 50 82 45 25 42 35 56 65 0 42 45 89 83 29 25 90 97 59 71 88 83 91 80 48 64 55 45 19 66 56 63 72 48 51 13 99 33 92 63 22 44 18 49 35 18 95 12 37 30 75 43 19 69
78 44 19 82 30 56 45 97 41 55 88 75 11 26 21 19 17 79 23 10 84 86 64 38 30 12 16 59 15 25 84 53 11 92 11 11 64 37 19 88 84 95 68 23 82 95 51 58 49 35 55 59 88 93 71 32 61 31 25 55 52 61 49 12 76 94 93 58 52 15 43 53 55 67 39 20 45 67 25 46 91 58 77 94 92 51 26 50 97 21 70 99 53 15 43 47 80 95 87 86 42 0 96 97 63 15 50 13 99 89 86 16 65 70 48 94 74 82 98 77 33 50 46 39 66 78 49 84 78 37 91 79 90 51 31 99 98 39 79 13 90 90 48 37 33
72 22 74 96 68 58 14 89 50 83 90 70 16 18 47 24 58 43 59 69 29 39 12 68 14 33 12 49 65 10 79 74 14 11 41 18 39 26 93 60 48 27 75 42 90 48 53 33 87 24 67 81 47 10 86 36 70 77 37 57 89 65 53 24 77 28 53 50 12 20 17 35 28 38 53 79 79 65 31 31 87 34 49 70 69 70 85 26 69 10 26 47 56 22 26 40 51 86 72 88 45 96 0 36 41 69 98 35 87 98 70 85 20 70 16 89 77 60 62 16 92 40 70 55 37 57 48 44 97 15 47 11 88 27 83 91 41 59 29 76 37 75 95 20 43
60 43 20 65 13 77 49 65 92 81 21 70 90 35 52 99 47 71 86 16 65 77 41 37 36 59 82 17 85 77 99 15 77 26 85 32 36 32 94 32 34 86 79 22 74 77 29 42 86 69 34 44 54 35 52 79 68 70 43 86 70 48 36 95 76 67 70 95 71 39 61 54 61 98 77 29 73 31 99 23 36 93 17 20 46 46 80 35 46 83 88 76 14 80 12 68 20 91 90 40 89 97 36 0 66 98 61 41 45 66 94 12 93 22 52 47 95 89 55 92 92 38 89 50 96 85 17 60 90 14 40 38 53 72 79 80 89 38 93 48 16 85 34 92 95
89 19 13 81 95 88 16 89 87 13 29 88 97 74 24 49 23 69 66 65 40 74 17 68 85 19 71 68 75 92 53 73 88 50 17 33 14 59 29 33 72 14 97 51 47 10 88 62 30 18 48 28 62 86 39 22 34 21 18 73 42 19 73 45 77 72 13 95 15 71 68 20 14 17 20 28 40 24 88 74 63 77 64 78 17 33 44 64 51 96 97 28 20 77 76 12 43 91 14 77 83 63 41 66 0 55 14 79 28 36 47 44 39 99 24 30 61 40 26 41 49 92 94 25 25 71 97 15 94 92 57 82 81 62 82 76 87 11 19 47 89 32 77 44 44
77 35 76 10 14 98 15 79 11 15 82 45 52 46 17 49 93 95 15 80 25 90 63 43 26 61 35 44 50 33 92 98 42 52 84 63 32 46 44 62 19 98 58 84 68 84 16 20 58 12 86 96 90 51 10 73 51 46 99 72 82 33 99 20 25 44 98 76 82 99 17 57 34 18 54 37 33 54 75 33 51 48 94 29 64 69 43 12 96 40 19 99 67 34 80 50 75 20 68 46 29 15 69 98 55 0 50 57 48 95 22 21 85 52 31 71 67 81 94 39 21 46 76 35 26 34 27 95 54 98 58 20 22 97 75 35 77 86 42 66 70 61 23 36 92
37 25 32 56 39 36 41 91 75 67 62 74 44 93 21 76 29 78 28 97 44 73 86 67 10 36 89 79 72 41 31 36 84 65 67 29 18 61 39 79 35 19 46 97 32 88 13 87 24 74 54 11 18 23 43 66 11 69 20 16 31 51 35 22 71 11 13 41 56 72 36 93 97 13 65 63 70 92 61 67 55 20 49 74 70 53 68 89 35 20 65 44 80 80 50 79 12 97 49 38 25 50 98 61 14 50 0 64 65 82 85 52 84 24 81 27 58 16 22 95 38 32 55 54 53 61 92 99 59 37 22 37 60 62 91 73 35 92 93 84 97 78 86 52 56
60 77 59 71 20 89 78 92 58 33 64 42 97 50 40 84 69 80 98 66 19 64 57 69 33 89 81 89 88 55 99 62 90 99 22 43 93 86 77 78 57 68 55 70 76 95 63 81 68 45 73 23 86 74 58 35 13 38 92 75 65 41 82 93 77 32 11 62 32 66 50 39 88 23 38 82 37 67 39 37 59 80 88 64 85 92 84 28 27 30 17 57 37 78 22 72 90 51 14 91 90 13 35 41 79 57 64 0 78 95 55 68 19 86 26 42 93 91 72 78 65 86 49 57 36 46 89 18 24 12 73 94 28 22 87 17 76 90 83 93 91 38 20 78 11
56 88 14 92 77 17 12 35 31 64 33 89 28 33 40 46 69 86 36 41 48 79 59 39 14 15 66 23 12 81 69 99 91 97 80 94 86 82 53 26 84 42 21 19 17 65 63 31 76 86 91 25 92 13 81 62 92 54 17 44 39 64 95 14 30 10 21 66 83 26 27 27 72 58 54 24 79 64 95 76 52 16 41 88 12 82 24 52 75 34 31 26 74 10 79 85 14 47 33 25 97 99 87 45 28 48 65 78 0 99 47 74 95 56 95 88 75 92 45 40 48 11 58 13 97 64 16 45 12 95 80 39 91 48 31 99 38 10 74 90 79 21 27 34 20
14 56 90 37 60 29 40 76 83 72 20 20 71 51 72 43 17 93 73 23 56 11 36 33 75 93 63 45 81 20 88 51 98 59 45 39 52 59 11 40 85 53 33 75 25 13 36 45 79 17 71 13 23 56 14 71 29 56 73 15 36 46 13 96 50 64 41 85 33 23 16 93 20 60 30 59 27 18 53 28 93 12 89 66 32 54 86 17 28 82 34 43 74 62 42 43 90 20 75 37 59 89 98 66 36 95 82 95 99 0 33 68 55 62 71 31 50 43 95 98 76 80 18 52 28 54 23 58 11 43 69 25 66 76 25 31 81 77 75 96 71 30 36 76 40
80 87 65 26 74 70 99 60 27 93 38 42 71 21 74 41 11 90 58 78 10 28 92 87 77 80 52 98 28 73 73 59 93 81 14 90 14 25 40 46 44 51 16 65 52 75 81 81 42 25 33 43 57 87 29 28 27 46 53 26 74 18 40 90 89 13 12 75 22 29 50 57 24 56 24 83 39 15 94 92 61 85 10 84 88 48 47 40 90 29 48 95 18 45 73 59 62 93 82 13 71 86 70 94 47 22 85 55 47 33 0 32 68 90 35 98 84 66 80 49 11 59 61 62 86 37 86 91 41 65 41 62 90 16 74 24 41 71 51 15 35 77 91 96 88
29 80 37 30 17 32 94 48 80 11 57 89 86 69 37 24 19 88 69 29 10 90 34 64 59 17 39 88 12 41 44 50 74 41 96 76 48 71 49 92 87 67 71 32 56 90 20 18 50 62 80 58 76 51 16 14 46 27 17 51 52 35 24 70 69 35 71 58 53 45 95 73 30 62 29 52 62 95 13 69 92 74 12 53 76 14 26 52 45 55 65 13 32 74 65 25 16 48 17 88 88 16 85 12 44 21 52 68 74 68 32 0 18 84 77 58 29 22 38 55 90 14 37 84 37 30 99 72 81 63 41 13 32 45 80 75 25 90 81 91 71 64 81 12 18
58 47 61 80 38 53 62 52 81 53 60 44 30 86 71 23 87 22 40 55 91 16 28 65 77 61 98 47 72 23 10 50 15 31 69 35 95 43 26 17 86 65 41 71 96 69 60 90 78 95 22 13 57 95 27 17 33 51 50 34 87 81 95 95 24 46 94 66 27 28 75 58 63 20 22 46 81 74 85 66 37 47 59 63 12 35 71 84 90 81 55 79 44 59 41 40 68 30 44 48 83 65 20 93 39 85 84 19 95 55 68 18 0 35 53 64 80 52 52 59 84 23 71 12 73 49 93 93 85 45 64 61 88 99 79 91 55 42 55 69 13 83 39 85 62
64 67 73 48 60 74 79 35 84 39 97 11 27 34 11 22 16 25 76 68 80 80 18 58 57 83 50 24 48 91 18 31 63 20 93 29 62 71 75 71 22 16 20 57 82 92 49 34 97 68 99 25 33 29 67 14 98 10 74 29 52 52 37 26 59 83 31 41 62 58 26 57 34 10 37 93 54 80 70 55 27 83 16 40 90 77 82 53 47 17 50 50 15 16 92 44 92 48 41 41 91 70 70 22 99 52 24 86 56 62 90 84 35 0 54 74 95 42 45 45 42 46 30 71 93 39 13 16 61 95 72 25 10 82 57 93 26 73 19 10 53 48 74 68 63
63 93 94 34 61 81 60 52 40 76 37 66 86 43 41 26 10 17 75 77 17 34 28 40 85 63 45 86 86 67 52 44 27 99 94 25 12 35 68 17 24 41 73 25 89 82 57 98 92 89 76 29 72 66 14 92 12 70 58 81 53 13 43 14 17 62 54 65 65 20 57 55 63 83 16 10 41 13 50 26 87 82 74 55 77 32 29 35 16 11 80 22 31 28 58 17 35 43 33 71 80 48 16 52 24 31 81 26 95 71 35 77 53 54 0 56 78 57 81 87 96 14 86 70 76 34 34 20 99 29 46 60 74 66 34 77 35 37 64 20 92 20 10 96 82
55 45 16 10 36 44 75 23 65 48 14 67 70 28 49 42 97 81 93 35 57 36 80 65 80 30 54 33 84 10 14 89 62 50 73 38 61 17 54 55 97 62 37 23 27 55 95 33 47 37 73 10 51 41 44 77 99 43 87 88 17 55 34 44 98 66 88 70 47 50 69 78 75 65 81 15 18 39 44 45 33 56 76 25 13 90 24 43 18 17 26 89 81 55 21 86 57 53 45 41 48 94 89 47 30 71 27 42 88 31 98 58 64 74 56 0 58 55 82 28 58 39 10 12 29 57 57 31 68 59 55 87 62 76 66 16 14 97 16 68 69 16 48 34 56
55 41 96 20 58 29 53 83 54 77 48 29 94 60 73 22 89 22 51 58 61 48 12 71 49 13 99 20 64 55 77 94 53 95 29 67 59 64 77 74 99 29 34 21 13 55 91 86 77 49 87 98 14 63 67 37 23 44 63 47 26 83 36 93 59 57 43 63 35 30 28 53 41 42 99 93 93 51 50 63 46 48 17 49 60 45 81 27 38 74 41 61 13 91 92 52 74 71 68 96 64 74 77 95 61 67 58 93 75 50 84 29 80 95 78 58 0 81 51 88 15 69 26 20 69 64 92 82 68 49 51 18 75 11 79 50 76 43 99 95 77 93 40 62 59
36 35 52 44 87 59 66 63 32 37 33 36 64 33 10 84 30 58 45 52 98 17 92 42 81 71 82 30 54 43 51 90 81 13 36 49 14 57 62 42 89 70 26 54 86 20 65 22 14 48 61 37 92 30 78 27 90 48 12 96 43 42 11 29 46 24 58 74 64 40 26 31 43 11 31 81 25 32 89 92 67 75 49 45 18 68 55 91 78 36 31 73 73 64 33 15 38 45 63 31 55 82 60 89 40 81 16 91 92 43 66 22 52 42 57 55 81 0 31 16 62 15 11 73 58 92 46 26 65 22 85 77 85 77 86 93 54 38 91 76 82 13 19 73 99
17 30 71 48 46 30 40 92 57 30 87 77 59 86 34 67 31 93 30 26 81 43 17 68 26 28 22 58 44 56 71 77 98 55 94 55 55 26 58 49 89 24 41 19 29 47 32 25 98 18 43 54 85 19 89 69 86 64 59 88 42 56 52 36 98 49 68 34 59 99 34 87 77 87 95 65 87 70 23 68 37 76 38 18 62 15 76 83 17 64 61 35 52 26 88 29 14 60 64 82 45 98 62 55 26 94 22 72 45 95 80 38 52 45 81 82 51 31 0 32 28 99 81 75 34 98 63 22 65 50 71 38 15 70 51 82 63 11 94 87 63 11 31 68 59
31 48 22 24 83 90 17 97 91 49 92 86 55 38 86 80 32 79 11 65 21 64 13 59 65 32 76 14 67 15 13 99 99 31 92 28 71 19 99 80 22 93 38 96 61 85 75 94 75 92 52 59 19 75 14 55 26 45 42 66 63 36 22 87 34 52 89 71 70 76 92 60 12 15 88 55 67 82 93 91 64 15 31 18 50 11 60 27 15 99 46 53 47 32 29 89 80 13 48 32 19 77 16 92 41 39 95 78 40 98 49 55 59 45 87 28 88 16 32 0 61 96 78 38 78 72 30 95 62 72 73 31 15 22 42 47 47 87 17 85 11 43 91 87 22
17 39 18 30 21 67 68 52 80 35 78 30 58 10 49 75 64 46 94 95 55 48 36 72 32 89 81 45 81 94 53 94 58 32 17 12 47 76 25 28 65 87 52 57 68 89 25 11 22 25 69 98 36 14 11 70 24 82 14 73 74 96 32 56 91 52 38 89 99 58 27 81 17 71 34 74 80 80 31 73 48 23 29 39 86 90 27 21 14 97 17 68 17 42 77 83 62 19 66 25 66 33 92 92 49 21 38 65 48 76 11 90 84 42 96 58 15 62 28 61 0 29 43 64 21 53 29 92 80 16 33 64 87 27 79 78 13 39 58 20 95 34 63 68 56
93 85 24 78 80 77 65 62 52 37 24 17 67 79 12 15 97 59 62 25 51 82 87 73 66 33 74 58 70 85 22 19 37 17 24 34 79 18 71 33 89 42 59 53 34 51 28 74 86 32 91 69 82 44 67 46 25 90 27 29 95 55 49 51 14 26 99 71 49 63 11 28 53 23 11 23 28 32 18 38 46 88 73 39 21 51 67 84 29 20 84 85 62 14 73 84 89 71 73 31 56 50 40 38 92 46 32 86 11 80 59 14 23 46 14 39 69 15 99 96 29 0 76 22 65 53 19 61 85 14 29 22 24 94 71 17 69 78 31 92 22 66 74 59 95
58 64 83 76 48 14 48 15 57 73 96 29 54 74 34 58 83 37 95 76 53 35 33 66 79 32 88 11 60 34 62 62 50 66 66 52 75 71 90 92 12 13 76 33 11 61 73 66 24 60 21 71 53 73 15 86 89 60 13 21 20 70 26 15 24 33 50 18 61 94 69 20 62 58 64 47 57 21 63 61 85 17 35 95 29 12 57 63 50 85 29 81 92 77 89 72 29 49 58 70 63 46 70 89 94 76 55 49 58 18 61 37 71 30 86 10 26 11 81 78 43 76 0 44 83 98 14 31 74 79 93 20 91 17 15 93 72 56 62 37 50 29 85 23 87
15 68 32 82 68 47 95 54 82 62 67 25 68 76 52 42 87 80 36 96 30 48 51 41 44 82 37 34 99 84 83 74 59 91 96 52 85 15 75 10 29 34 42 61 97 57 90 33 59 94 70 10 54 52 72 95 43 89 42 87 67 35 30 85 81 10 50 97 89 29 60 61 82 90 86 66 14 39 47 25 61 32 87 12 55 21 67 80 19 72 56 49 48 76 58 90 30 40 99 31 72 39 55 50 25 35 54 57 13 52 62 84 12 71 70 12 20 73 75 38 64 22 44 0 52 68 83 97 15 97 21 25 27 46 18 36 59 91 77 69 68 93 73 54 81
37 54 59 68 56 27 98 84 51 42 62 22 68 10 58 15 95 36 30 73 73 16 26 26 63 41 84 19 40 10 30 35 59 98 82 96 32 86 60 78 72 52 96 74 46 95 54 76 70 51 38 98 46 38 57 55 67 52 54 47 23 79 23 21 34 42 11 10 20 75 69 82 26 90 26 43 24 57 39 38 99 22 29 44 27 45 21 28 22 10 63 44 53 70 58 46 44 46 48 90 48 66 37 96 25 26 53 36 97 28 86 37 73 93 76 29 69 58 34 78 21 65 83 52 0 74 85 88 16 89 93 85 50 97 64 31 33 42 48 75 21 12 93 89 81
45 51 96 44 20 73 86 61 42 22 24 54 99 41 71 48 23 78 69 98 47 21 68 27 54 99 87 51 35 36 95 78 41 38 17 55 92 30 79 55 63 33 65 82 66 33 51 90 97 35 19 28 91 50 34 51 62 59 31 45 90 62 48 48 92 29 20 59 95 63 14 33 92 28 40 51 53 74 28 99 38 90 75 16 28 46 91 69 55 37 68 39 41 36 84 60 19 93 16 97 51 78 57 85 71 34 61 46 64 54 37 30 49 39 34 57 64 92 98 72 53 53 98 68 74 0 11 72 17 87 12 64 68 81 41 53 37 15 26 27 88 93 64 44 82
92 84 57 52 96 81 40 75 93 62 17 62 92 67 52 33 33 82 98 44 38 51 83 84 48 57 35 44 90 29 92 77 34 15 58 26 81 63 41 51 74 70 33 35 39 62 67 53 82 55 26 75 81 66 90 96 57 39 92 45 68 65 97 69 22 50 48 72 56 92 88 15 17 11 70 99 79 90 69 36 71 45 70 79 29 27 72 37 41 34 32 59 40 25 97 26 39 55 67 78 13 49 48 17 97 27 92 89 16 23 86 99 93 13 34 57 92 46 63 30 29 19 14 83 85 11 0 51 34 29 39 58 66 37 71 96 14 87 39 79 31 53 90 97 64
11 56 32 18 19 43 49 32 54 62 22 16 88 81 36 78 80 26 10 15 27 36 34 11 99 34 88 18 75 20 59 67 93 33 91 33 91 11 74 67 50 61 51 32 33 16 78 17 50 76 93 50 24 57 93 85 10 87 67 82 98 19 32 61 97 95 39 94 94 31 18 28 26 52 43 10 74 23 92 94 26 21 19 60 81 96 79 42 20 48 12 13 60 22 22 41 33 64 39 16 99 84 44 60 15 95 99 18 45 58 91 72 93 16 20 31 82 26 22 95 92 61 31 97 88 72 51 0 70 54 55 20 44 46 13 26 72 42 17 83 11 59 79 50 12
46 23 52 68 37 81 82 79 42 43 95 80 80 63 37 68 52 66 26 26 66 72 63 76 83 97 54 20 83 50 93 92 30 81 87 32 31 62 75 82 81 74 49 38 47 53 45 62 29 24 99 95 87 56 97 62 54 50 16 94 62 36 43 17 74 84 38 96 28 57 37 47 37 39 53 53 58 37 27 82 50 34 47 44 98 23 50 60 90 79 72 60 51 80 19 59 35 86 28 62 33 78 97 90 94 54 59 24 12 11 41 81 85 61 99 68 68 65 65 62 80 85 74 15 16 17 34 70 0 63 37 61 35 20 13 37 24 54 30 65 36 24 23 93 38
17 41 29 15 43 63 96 65 55 20 94 96 75 13 98 20 76 55 68 50 32 66 57 99 34 32 88 42 71 10 21 93 86 74 61 20 80 18 77 18 10 63 29 26 18 59 92 66 95 24 93 89 48 25 33 78 49 17 52 36 93 20 13 96 65 17 98 10 86 15 30 50 62 58 58 20 81 41 83 93 73 99 53 84 23 37 64 74 85 74 79 83 10 57 61 53 39 54 86 90 92 37 15 14 92 98 37 12 95 43 65 63 45 95 29 59 49 22 50 72 16 14 79 97 89 87 29 54 63 0 18 78 50 31 32 65 69 55 53 29 38 52 49 59 57
79 90 46 20 75 85 91 69 14 38 44 57 81 55 85 39 87 16 32 81 99 33 73 20 24 62 43 79 58 63 28 90 54 11 65 38 83 15 39 37 73 23 98 60 38 88 51 72 17 99 19 36 78 98 18 75 62 45 33 49 56 82 77 76 49 10 55 17 53 96 43 60 80 12 53 44 51 15 65 78 61 29 33 85 31 11 70 86 95 51 20 86 16 50 24 20 19 21 87 77 63 91 47 40 57 58 22 73 80 69 41 41 64 72 46 55 51 85 71 73 33 29 93 21 93 12 39 55 37 18 0 96 10 16 34 34 51 82 73 57 34 38 43 41 38
60 44 14 76 17 62 61 30 30 79 37 49 80 89 91 93 48 40 37 57 65 29 82 79 21 88 65 10 81 18 65 98 17 91 31 36 84 82 97 87 54 36 96 14 72 61 13 48 85 18 71 94 70 82 52 97 95 97 57 15 40 62 51 55 44 83 87 89 81 79 22 35 19 68 28 23 81 37 47 37 95 54 35 36 90 62 64 36 25 23 26 87 83 53 78 61 82 60 44 18 22 79 11 38 82 20 37 94 39 25 62 13 61 25 60 87 18 77 38 31 64 22 20 25 85 64 58 20 61 78 96 0 23 81 11 83 54 16 20 67 69 38 94 50 41
58 74 78 53 37 59 83 52 55 81 20 15 35 96 14 46 69 29 65 22 65 13 57 76 68 50 98 53 74 22 11 97 42 10 20 90 37 41 52 93 25 93 27 58 71 81 23 36 83 58 43 77 19 89 97 97 30 36 34 87 96 73 79 24 71 21 39 91 83 25 39 34 85 56 58 41 97 46 83 97 91 21 95 61 79 23 49 46 68 83 91 19 45 33 86 89 95 33 25 13 44 90 88 53 81 22 60 28 91 66 90 32 88 10 74 62 75 85 15 15 87 24 91 27 50 68 66 44 35 50 10 23 0 27 19 90 39 16 47 17 58 40 88 17 20
69 55 69 78 10 31 97 48 91 16 16 25 62 16 20 48 18 49 48 10 60 79 84 28 90 98 73 44 92 79 53 18 51 29 36 23 34 54 24 88 49 90 12 24 76 64 89 85 77 47 98 16 62 62 27 26 11 53 62 48 69 99 35 32 77 51 32 92 56 73 99 33 84 25 99 55 90 97 25 63 33 71 45 90 67 90 73 15 10 95 86 49 61 91 57 10 59 25 15 59 18 51 27 72 62 97 62 22 48 76 16 45 99 82 66 76 11 77 70 22 27 94 17 46 97 81 37 46 20 31 16 81 27 0 55 78 22 46 99 12 48 37 35 11 48
58 16 90 29 29 18 44 51 34 98 71 59 65 68 30 67 50 14 46 14 97 17 61 86 42 81 88 30 10 36 48 55 39 69 41 81 20 44 17 31 18 72 63 56 82 74 28 76 28 71 31 92 21 44 57 34 52 50 49 20 88 82 66 39 69 65 72 36 16 91 92 29 20 81 51 83 74 84 81 39 87 42 76 89 79 76 87 50 32 50 85 73 57 27 67 29 75 44 99 21 49 31 83 79 82 75 91 87 31 25 74 80 79 57 34 66 79 86 51 42 79 71 15 18 64 41 71 13 13 32 34 11 19 55 0 42 50 73 23 26 57 85 98 25 68
87 29 22 90 22 43 78 27 87 40 12 78 46 64 89 72 30 81 20 16 32 31 62 52 56 81 94 46 15 47 14 14 41 73 53 15 33 43 70 64 41 44 92 40 89 72 49 95 73 52 29 23 50 92 56 24 81 51 88 86 20 99 67 57 37 31 62 62 95 67 98 81 34 25 13 44 26 33 39 84 10 30 69 13 64 47 88 61 34 66 51 36 89 22 54 21 66 21 81 29 35 99 91 80 76 35 73 17 99 31 24 75 91 93 77 16 50 93 82 47 78 17 93 36 31 53 96 26 37 65 34 83 90 78 42 0 20 24 31 10 90 47 59 38 39
94 19 20 95 86 95 35 57 37 96 48 92 47 25 60 57 25 47 36 27 43 22 44 54 88 73 82 13 42 49 97 11 97 18 75 56 61 49 39 89 12 82 91 30 45 42 66 66 51 30 51 67 35 77 81 40 28 29 44 52 76 79 95 99 66 50 28 47 41 70 61 29 56 70 51 96 83 22 91 43 50 21 78 67 40 66 32 72 70 39 21 75 87 80 90 87 86 91 31 36 18 98 41 89 87 77 35 76 38 81 41 25 55 26 35 14 76 54 63 47 13 69 72 59 33 37 14 72 24 69 51 54 39 22 50 20 0 42 17 83 90 36 27 97 27
95 65 94 45 12 24 49 44 41 79 61 41 33 62 84 84 89 97 93 76 18 79 37 12 64 35 45 62 60 89 58 69 85 89 44 55 27 22 54 21 91 83 26 18 51 73 33 43 29 28 20 89 46 76 51 48 90 69 21 50 46 19 14 26 87 16 33 82 74 49 32 74 41 53 23 90 38 77 57 11 44 96 68 16 86 40 84 34 42 77 97 54 22 87 23 78 75 54 18 98 95 39 59 38 11 86 92 90 10 77 71 90 42 73 37 97 43 38 11 87 39 78 56 91 42 15 87 42 54 55 82 16 16 46 73 24 42 0 68 42 49 37 86 40 17
27 76 30 29 14 90 69 77 11 76 67 89 15 97 94 16 93 79 41 45 57 93 87 42 65 39 24 43 72 25 32 82 13 12 12 55 83 83 80 65 81 99 10 68 81 43 88 16 34 21 18 16 42 16 89 52 58 13 17 87 99 43 23 73 23 64 97 30 77 69 58 85 21 66 92 80 30 40 84 70 96 54 61 98 43 57 40 30 11 52 95 92 86 95 98 25 34 41 27 71 12 79 29 93 19 42 93 83 74 75 51 81 55 19 64 16 99 91 94 17 58 31 62 77 48 26 39 17 30 53 73 20 47 99 23 31 17 68 0 20 33 89 72 71 20
50 56 27 96 94 69 61 67 66 44 90 83 27 34 57 25 59 88 62 36 50 74 72 48 23 98 33 60 96 17 48 44 59 68 19 36 39 98 50 46 90 14 53 62 92 19 59 11 11 48 97 94 55 76 86 31 26 83 20 95 18 35 32 36 33 12 32 48 94 81 50 29 26 61 93 13 25 45 90 19 29 95 78 58 18 37 82 12 84 55 66 89 51 44 35 15 17 61 10 67 37 13 76 48 47 66 84 93 90 96 15 91 69 10 20 68 95 76 87 85 20 92 37 69 75 27 79 83 65 29 57 67 17 12 26 10 83 42 20 0 29 44 14 19 22
44 26 90 94 13 64 69 42 18 51 89 41 77 46 26 50 84 19 10 57 81 83 69 68 76 39 65 57 79 42 98 20 38 42 39 36 69 21 45 54 43 93 63 26 17 90 42 98 88 82 96 57 84 22 62 25 16 66 21 58 55 42 18 33 13 26 43 19 87 52 84 78 65 64 50 39 91 44 78 89 41 84 23 67 10 74 32 50 48 14 31 85 70 24 14 38 14 24 26 22 30 90 37 16 89 70 97 91 79 71 35 71 13 53 92 69 77 82 63 11 95 22 50 68 21 88 31 11 36 38 34 69 58 48 57 90 90 49 33 29 0 46 64 14 76
71 58 52 45 69 72 92 87 10 65 59 91 97 90 37 53 23 67 66 86 56 25 42 24 74 26 92 62 96 94 95 44 86 39 73 45 71 72 87 19 37 72 55 27 91 39 33 15 86 38 16 67 68 86 98 67 81 33 66 13 89 70 81 95 60 42 94 14 67 23 73 46 44 51 39 18 54 35 95 90 92 35 93 84 85 56 24 32 54 17 60 92 35 24 26 71 66 68 98 22 75 90 75 85 32 61 78 38 21 30 77 64 83 48 20 16 93 13 11 43 34 66 29 93 12 93 53 59 24 52 38 38 40 37 85 47 36 37 89 44 46 0 67 95 36
37 31 30 10 34 41 96 32 27 72 89 14 45 48 28 70 94 46 30 21 11 99 36 92 76 64 17 15 27 31 20 75 84 44 92 49 86 87 60 47 82 20 22 53 47 15 16 33 77 84 99 91 39 54 63 11 12 10 91 58 35 32 48 85 14 17 23 71 51 87 63 38 89 52 56 77 32 57 25 55 41 36 28 56 74 68 69 82 69 64 85 69 18 73 39 93 78 71 77 69 43 48 95 34 77 23 86 20 27 36 91 81 39 74 10 48 40 19 31 91 63 74 85 73 93 64 90 79 23 49 43 94 88 35 98 59 27 86 72 14 64 67 0 43 25
49 22 23 73 24 15 19 73 27 41 62 76 90 44 47 22 98 18 26 75 44 36 52 50 41 37 52 83 68 17 44 51 39 73 62 24 70 36 51 58 58 95 99 54 39 96 73 70 45 81 10 62 12 37 97 74 57 24 28 71 77 52 57 13 82 99 41 53 75 23 19 63 25 40 90 65 53 67 31 78 39 51 75 14 50 69 89 23 25 65 61 87 98 53 15 75 57 96 15 14 19 37 20 92 44 36 52 78 34 76 96 12 85 68 96 34 62 73 68 87 68 59 23 54 89 44 97 50 93 59 41 50 17 11 25 38 97 40 71 19 14 95 43 0 75
69 18 64 31 73 83 45 29 21 22 44 97 54 88 91 72 60 20 58 93 78 77 10 82 80 96 76 51 91 68 37 91 11 33 15 61 55 55 53 41 25 83 85 55 94 99 20 16 12 16 23 56 28 89 73 24 98 86 57 20 18 16 91 62 35 98 17 60 45 88 59 99 59 98 69 94 52 71 87 88 88 94 44 37 51 23 84 22 60 49 51 33 26 85 32 85 36 63 79 58 69 33 43 95 44 92 56 11 20 40 88 18 62 63 82 56 59 99 59 22 56 95 87 81 81 82 64 12 38 57 38 41 20 48 68 39 27 17 20 22 76 36 25 75 0