110
0 51 67 87 85 62 77 69 71 46 99 74 69 18 29 14 18 20 44 57 89 89 29 54 92 73 78 21 40 64 47 61 21 34 90 97 98 37 27 61 34 95 91 80 49 27 51 91 39 49 23 22 17 58 41 41 97 86 39 45 97 38 49 14 22 81 75 28 62 78 42 79 97 66 72 25 69 45 82 77 31 88 86 80 56 83 59 76 32 99 68 78 13 58 13 44 32 48 79 24 47 82 34 81 20 63 36 87 64 60
51 0 30 83 29 64 58 36 88 30 28 98 86 64 17 18 71 37 51 72 41 18 60 11 15 76 16 55 70 18 97 19 71 98 53 25 19 54 91 72 22 60 66 78 39 18 69 34 84 12 80 77 44 86 25 37 71 74 36 31 72 37 94 89 87 20 47 66 70 36 82 67 35 49 82 84 65 44 69 21 45 41 24 88 45 99 69 51 55 69 54 11 89 80 42 46 83 94 23 82 99 22 72 63 84 82 24 25 47 92
67 30 0 45 76 18 16 92 74 48 85 19 53 96 61 58 36 54 51 49 54 26 41 33 40 13 58 25 52 65 20 22 92 35 76 93 67 33 65 27 59 22 37 46 15 98 65 66 36 99 39 58 92 55 86 35 11 80 39 91 59 67 20 14 29 46 38 98 92 13 16 77 83 17 21 82 80 31 45 24 96 14 31 78 14 16 20 78 90 69 67 32 96 31 12 77 72 24 53 45 47 80 29 25 31 48 16 98 89 20
87 83 45 0 37 59 51 13 35 73 15 29 62 25 92 79 25 64 53 26 63 77 52 74 94 38 51 90 61 15 25 30 96 91 87 27 62 12 53 38 64 62 35 21 77 79 34 67 20 47 91 90 25 93 26 92 20 62 90 35 51 86 96 68 53 26 93 92 60 27 66 32 62 19 62 78 72 84 35 42 67 36 40 77 12 92 46 34 44 42 46 17 91 19 64 97 85 87 79 19 66 78 20 80 59 56 19 14 30 27
85 29 76 37 0 98 30 47 84 31 39 33 59 21 42 58 76 64 33 17 81 43 15 11 39 39 70 53 90 57 10 86 79 58 58 57 10 53 46 55 14 14 53 97 11 79 23 31 23 45 11 13 95 24 12 36 97 90 23 89 58 74 29 50 21 98 24 52 58 50 29 55 46 71 58 70 96 77 79 65 52 61 95 95 85 62 27 93 64 80 80 16 38 54 15 70 97 92 13 42 29 74 82 48 69 89 58 16 13 50
62 64 18 59 98 0 45 84 18 55 62 73 13 88 67 97 67 26 16 51 99 65 26 14 93 20 67 79 48 84 71 70 13 35 87 10 46 32 86 60 76 92 63 12 64 77 51 81 63 31 42 93 68 18 17 12 41 55 91 28 54 32 54 36 76 96 25 48 32 48 86 34 49 98 62 90 61 63 95 65 18 47 81 35 47 30 85 38 10 60 54 36 74 50 50 12 42 18 69 10 51 47 48 52 64 25 75 67 98 85
77 58 16 51 30 45 0 58 11 30 77 57 97 79 81 57 28 54 57 37 62 86 48 26 80 77 75 14 51 33 38 13 10 79 63 20 99 58 18 65 60 31 68 27 85 26 81 20 56 42 77 16 95 32 33 47 77 65 22 22 74 24 19 97 70 40 31 48 70 35 95 39 86 39 79 68 99 12 98 50 52 65 84 92 55 41 76 63 91 21 95 90 88 89 78 13 76 15 92 78 38 55 52 27 42 54 24 49 84 38
69 36 92 13 47 84 58 0 51 32 26 72 24 20 40 82 19 78 49 27 17 90 66 90 82 98 46 74 23 39 62 43 61 54 98 47 69 77 86 27 18 34 31 20 62 20 63 91 52 72 44 42 37 14 32 88 85 92 47 17 26 95 19 22 16 20 10 53 65 82 42 66 84 22 35 28 90 61 75 29 31 47 46 12 41 65 71 18 87 60 87 67 70 55 75 49 75 57 19 28 96 86 89 22 52 54 93 13 36 94
71 88 74 35 84 18 11 51 0 62 84 72 16 60 96 97 81 53 77 66 81 12 53 49 65 86 41 49 14 28 20 66 17 21 11 30 44 41 62 21 68 15 14 38 37 78 29 60 98 36 78 17 64 80 60 49 64 94 99 54 39 21 62 78 74 22 52 86 87 38 31 31 16 69 39 86 64 72 15 18 72 38 90 55 16 50 10 48 16 71 25 81 44 33 19 21 61 86 48 32 80 10 62 58 68 89 31 65 96 13
46 30 48 73 31 55 30 32 62 0 84 33 47 29 21 83 73 27 80 37 70 95 58 25 25 84 53 88 27 83 87 34 50 19 26 11 85 62 55 70 10 96 69 53 12 46 93 82 62 68 95 28 13 49 73 14 30 96 25 71 24 84 18 17 32 11 30 22 65 54 69 89 23 54 21 59 53 42 46 37 15 20 99 36 91 85 64 56 54 70 54 57 76 66 88 56 16 69 36 33 31 56 51 26 85 79 65 60 23 17
99 28 85 15 39 62 77 26 84 84 0 71 83 96 52 95 85 53 32 18 34 41 84 99 91 78 92 71 67 54 49 82 46 83 31 44 46 54 64 65 40 87 72 13 82 86 22 11 46 71 95 74 70 10 12 56 94 20 87 91 18 47 60 24 53 77 23 24 54 39 23 54 44 82 94 59 93 87 76 75 72 51 44 39 16 28 75 15 72 34 60 18 75 64 65 74 99 29 22 98 90 76 78 49 58 68 54 17 25 13
74 98 19 29 33 73 57 72 72 33 71 0 89 83 38 85 96 97 39 64 56 11 33 39 14 65 82 91 61 81 81 10 77 73 85 24 65 35 11 64 57 94 57 23 26 21 14 20 20 36 19 56 65 90 11 60 95 61 49 52 20 39 87 98 38 67 63 13 17 23 37 12 59 30 97 44 98 64 40 90 26 88 38 98 88 77 56 89 43 47 38 63 64 36 87 75 77 65 41 90 13 71 93 86 86 99 65 51 77 86
69 86 53 62 59 13 97 24 16 47 83 89 0 90 82 69 86 96 32 31 85 26 50 33 86 78 91 41 50 84 66 40 83 69 83 62 45 60 81 78 34 69 32 54 95 19 58 45 65 49 70 12 43 73 18 76 62 91 52 60 65 52 66 92 87 89 58 78 91 81 15 51 28 54 79 20 48 76 81 10 68 85 46 11 37 62 97 42 13 90 64 59 34 28 48 28 58 35 76 69 93 92 39 26 77 87 60 73 94 99
18 64 96 25 21 88 79 20 60 29 96 83 90 0 19 22 68 24 89 57 19 70 69 97 15 66 74 21 43 31 43 36 88 30 60 63 99 37 39 50 22 55 54 42 77 34 68 33 71 90 94 44 68 22 52 26 27 99 20 61 96 28 98 77 71 97 88 63 93 17 61 84 88 66 81 97 98 37 12 70 74 61 65 58 27 75 87 35 51 71 10 51 45 74 51 93 35 91 13 34 63 84 44 16 59 17 29 90 98 60
29 17 61 92 42 67 81 40 96 21 52 38 82 19 0 54 29 30 58 33 62 28 63 88 29 40 42 78 16 57 63 79 53 19 97 95 75 87 37 10 81 95 32 92 68 62 36 71 73 22 44 59 91 47 84 71 63 95 75 45 67 88 72 56 62 67 79 12 74 90 16 37 22 66 86 35 67 51 38 32 39 57 96 79 92 29 70 55 79 23 84 53 27 66 18 15 10 61 97 77 65 24 77 10 16 38 87 69 85 29
14 18 58 79 58 97 57 82 97 83 95 85 69 22 54 0 57 73 43 60 56 16 57 60 18 13 25 76 36 32 85 25 36 99 38 80 84 22 44 87 90 50 86 13 67 58 75 26 87 49 78 49 98 79 81 10 38 75 87 10 42 46 58 74 12 66 25 67 84 65 58 78 98 79 91 49 49 46 68 13 42 36 28 51 83 82 98 23 16 65 44 77 22 79 57 99 21 85 86 86 40 92 42 92 36 48 41 55 30 49
18 71 36 25 76 67 28 19 81 73 85 96 86 68 29 57 0 80 22 85 45 24 21 58 17 96 56 30 44 14 61 66 21 69 10 32 26 31 95 50 59 89 99 87 65 37 57 44 92 18 81 32 47 92 29 88 69 86 83 27 11 51 79 20 51 41 80 68 93 28 20 76 83 56 52 89 41 25 30 24 85 35 24 85 54 12 34 23 66 76 33 22 50 62 15 42 80 16 36 20 51 45 24 21 72 20 54 11 25 59
20 37 54 64 64 26 54 78 53 27 53 97 96 24 30 73 80 0 27 99 31 53 48 61 69 61 23 92 59 38 62 84 41 90 54 64 50 54 99 12 23 57 95 10 53 32 99 74 94 87 73 31 37 12 48 23 60 90 33 51 90 12 33 93 38 29 56 10 70 43 92 82 92 36 15 55 45 67 61 18 60 73 34 34 10 74 23 39 18 32 84 67 51 97 91 72 17 24 62 85 96 69 92 58 26 24 42 16 65 23
44 51 51 53 33 16 57 49 77 80 32 39 32 89 58 43 22 27 0 31 42 32 44 32 50 43 39 19 61 58 62 40 79 24 47 17 34 75 20 97 50 57 62 14 29 17 98 39 22 67 57 36 52 99 84 90 74 34 29 55 42 41 69 77 40 71 16 76 99 71 45 71 50 27 32 25 28 76 90 25 36 28 47 95 67 93 71 59 88 44 31 80 44 76 29 52 74 31 75 87 85 82 57 39 32 22 45 47 92 13
57 72 49 26 17 51 37 27 66 37 18 64 31 57 33 60 85 99 31 0 79 16 97 29 95 49 19 53 85 44 21 92 36 85 26 60 86 10 17 70 66 76 25 96 96 54 70 56 67 56 96 51 47 96 40 89 72 77 94 93 81 21 96 85 72 57 97 68 79 75 42 78 11 44 52 39 75 68 99 72 38 63 73 67 74 88 93 88 47 61 96 70 16 12 51 81 12 30 15 56 76 26 76 17 64 34 13 23 65 63
89 41 54 63 81 99 62 17 81 70 34 56 85 19 62 56 45 31 42 79 0 12 88 88 71 16 16 30 64 73 90 99 81 78 62 38 28 17 18 20 93 56 24 59 67 94 94 92 68 64 37 48 19 65 22 54 17 21 68 91 77 54 44 21 33 40 45 20 32 58 44 54 91 50 63 40 77 99 86 94 18 16 73 95 87 52 75 79 25 24 23 52 33 75 68 45 87 20 61 35 96 51 52 30 48 59 85 97 24 76
89 18 26 77 43 65 86 90 12 95 41 11 26 70 28 16 24 53 32 16 12 0 33 10 51 26 83 58 29 54 92 24 24 70 10 56 86 33 44 59 45 95 41 89 91 41 20 90 87 36 26 41 51 44 77 26 45 12 60 53 40 40 82 14 70 85 81 58 68 59 31 13 83 67 14 75 38 11 62 95 15 93 49 73 80 13 18 45 19 57 58 81 16 23 15 85 93 50 64 65 46 55 42 87 52 73 98 24 87 12
29 60 41 52 15 26 48 66 53 58 84 33 50 69 63 57 21 48 44 97 88 33 0 91 90 30 16 74 19 93 28 40 19 91 47 10 74 55 83 32 54 27 32 33 42 64 22 21 76 16 90 23 75 14 25 47 22 34 40 79 42 22 26 67 81 77 46 79 53 76 64 80 24 13 12 82 89 13 51 65 67 25 64 82 22 81 34 35 40 77 89 26 32 80 25 46 90 73 27 11 16 78 50 97 94 23 12 41 22 60
54 11 33 74 11 14 26 90 49 25 99 39 33 97 88 60 58 61 32 29 88 10 91 0 32 53 46 24 73 50 38 27 89 41 60 39 91 32 64 42 31 94 96 33 43 69 61 44 34 99 74 14 40 57 79 20 36 62 62 76 94 55 42 81 81 43 34 61 85 78 99 66 41 17 75 33 60 93 53 17 40 72 27 35 83 40 54 14 75 32 27 18 22 12 10 78 98 67 85 47 94 59 96 73 50 29 79 16 46 47
92 15 40 94 39 93 80 82 65 25 91 14 86 15 29 18 17 69 50 95 71 51 90 32 0 36 46 24 58 26 83 50 96 69 82 52 37 62 91 26 44 21 45 74 31 80 14 73 31 71 45 60 41 16 91 98 86 86 94 52 94 99 18 31 69 48 59 53 16 53 13 97 24 93 38 63 69 40 85 21 70 45 33 33 73 27 17 10 51 98 41 97 17 64 25 30 98 69 48 24 85 81 38 77 65 42 57 34 99 62
73 76 13 38 39 20 77 98 86 84 78 65 78 66 40 13 96 61 43 49 16 26 30 53 36 0 94 18 38 45 23 38 66 51 53 47 61 16 15 79 85 95 87 13 29 84 22 47 95 91 86 49 13 44 80 79 57 57 43 84 17 35 87 15 47 55 74 71 94 29 39 63 33 49 66 41 47 55 99 79 27 40 13 20 12 14 40 61 82 68 84 44 83 94 80 44 93 19 97 57 22 98 75 62 58 96 69 33 72 33
78 16 58 51 70 67 75 46 41 53 92 82 91 74 42 25 56 23 39 19 16 83 16 46 46 94 0 91 52 22 14 95 26 24 86 23 16 66 37 73 26 44 57 26 32 87 41 72 40 92 38 78 96 75 51 72 89 13 50 47 77 84 74 36 51 91 68 61 97 90 85 61 66 82 32 60 22 68 78 82 80 66 99 44 65 98 49 86 39 56 53 20 13 58 46 93 63 83 86 87 61 59 17 27 65 20 40 92 30 85
21 55 25 90 53 79 14 74 49 88 71 91 41 21 78 76 30 92 19 53 30 58 74 24 24 18 91 0 55 39 95 81 59 77 19 30 82 89 84 26 39 76 42 56 66 97 24 55 40 53 91 46 77 16 10 86 99 81 81 85 27 50 10 78 73 99 23 40 48 46 63 93 99 66 14 97 44 38 75 82 78 79 17 16 72 77 99 23 55 43 68 41 35 51 18 37 70 96 57 42 81 24 77 61 52 59 67 38 29 72
40 70 52 61 90 48 51 23 14 27 67 61 50 43 16 36 44 59 61 85 64 29 19 73 58 38 52 55 0 84 70 43 91 83 47 46 55 65 96 13 75 33 96 98 77 46 52 66 84 94 77 54 76 42 41 88 75 40 80 48 89 56 15 31 92 40 57 36 32 59 18 57 44 88 43 31 24 59 71 88 47 97 62 11 90 47 10 94 91 86 49 17 87 95 24 22 22 65 90 12 39 18 31 54 42 11 75 36 38 80
64 18 65 15 57 84 33 39 28 83 54 81 84 31 57 32 14 38 58 44 73 54 93 50 26 45 22 39 84 0 35 12 71 48 31 73 24 12 45 26 49 75 26 27 62 39 18 56 85 80 40 86 56 40 52 73 49 39 52 44 13 70 76 46 69 54 95 21 58 97 85 77 12 74 41 33 52 81 64 32 36 35 91 68 23 87 72 29 50 62 77 18 42 13 65 68 44 42 70 89 84 92 64 62 44 73 77 66 93 63
47 97 20 25 10 71 38 62 20 87 49 81 66 43 63 85 61 62 62 21 90 92 28 38 83 23 14 95 70 35 0 22 96 91 45 14 95 91 86 42 18 48 79 16 47 24 25 13 94 89 51 84 92 21 44 41 34 61 73 87 16 77 47 55 73 12 69 66 98 30 43 56 22 18 27 78 98 86 98 96 42 83 69 20 50 79 28 40 99 44 16 60 34 32 55 17 29 65 45 15 66 44 85 97 35 96 60 62 26 82
61 19 22 30 86 70 13 43 66 34 82 10 40 36 79 25 66 84 40 92 99 24 40 27 50 38 95 81 43 12 22 0 89 83 66 26 74 81 18 26 86 61 98 81 73 27 63 94 17 80 71 25 59 78 59 25 72 90 25 99 16 36 38 78 79 17 91 72 94 73 16 10 57 34 98 54 94 11 11 80 92 29 33 18 63 75 92 21 12 46 86 73 66 34 33 70 69 26 13 43 10 17 40 94 67 97 20 38 31 19
21 71 92 96 79 13 10 61 17 50 46 77 83 88 53 36 21 41 79 36 81 24 19 89 96 66 26 59 91 71 96 89 0 37 59 40 19 11 19 97 51 44 54 11 20 66 17 89 20 20 82 91 39 10 61 84 91 73 88 97 82 30 87 18 92 21 72 58 71 93 46 40 84 88 48 29 90 97 92 41 41 14 56 94 71 93 33 58 63 88 64 42 90 84 89 13 35 47 15 41 90 94 77 46 67 46 19 45 28 36
34 98 35 91 58 35 79 54 21 19 83 73 69 30 19 99 69 90 24 85 78 70 91 41 69 51 24 77 83 48 91 83 37 0 48 57 46 44 79 14 57 41 71 32 54 80 90 91 74 40 34 19 15 42 60 34 88 26 46 79 69 60 33 58 21 94 38 36 63 41 22 50 29 22 80 12 27 96 36 69 84 53 32 58 68 30 42 43 80 24 23 54 18 50 63 91 49 74 28 18 77 55 83 88 51 39 86 41 25 95
90 53 76 87 58 87 63 98 11 26 31 85 83 60 97 38 10 54 47 26 62 10 47 60 82 53 86 19 47 31 45 66 59 48 0 95 70 73 31 36 50 73 92 37 77 61 69 94 59 46 42 84 83 45 16 77 80 58 44 35 77 11 49 21 97 46 96 94 31 55 96 91 98 12 77 60 83 59 14 43 84 56 30 45 70 53 89 97 31 12 32 46 22 56 87 84 19 25 52 43 37 61 32 90 12 82 32 14 15 97
97 25 93 27 57 10 20 47 30 11 44 24 62 63 95 80 32 64 17 60 38 56 10 39 52 47 23 30 46 73 14 26 40 57 95 0 18 63 82 20 13 69 40 29 61 70 90 47 85 72 12 62 75 18 96 60 38 94 36 64 75 40 42 97 31 52 71 40 98 76 21 35 27 30 89 17 83 67 78 83 58 86 35 36 25 31 43 72 73 77 48 56 58 16 15 84 73 48 84 67 62 60 50 39 53 56 20 58 39 83
98 19 67 62 10 46 99 69 44 85 46 65 45 99 75 84 26 50 34 86 28 86 74 91 37 61 16 82 55 24 95 74 19 46 70 18 0 32 98 62 77 44 44 66 30 29 40 73 63 76 69 57 75 34 34 33 12 37 22 77 69 73 69 70 19 14 52 47 69 18 35 31 47 17 52 85 92 72 15 31 98 59 43 64 72 94 95 58 63 84 78 11 71 19 62 85 61 34 92 57 83 82 49 32 86 83 77 52 38 53
37 54 33 12 53 32 58 77 41 62 54 35 60 37 87 22 31 54 75 10 17 33 55 32 62 16 66 89 65 12 91 81 11 44 73 63 32 0 13 11 40 43 55 62 88 83 78 74 18 47 90 57 59 32 77 62 58 29 36 43 17 70 16 70 11 12 73 82 14 65 53 19 45 27 96 25 15 75 21 96 58 78 64 20 95 48 92 22 13 20 26 86 64 29 82 88 63 75 29 65 17 13 68 77 36 53 88 53 86 83
27 91 65 53 46 86 18 86 62 55 64 11 81 39 37 44 95 99 20 17 18 44 83 64 91 15 37 84 96 45 86 18 19 79 31 82 98 13 0 31 24 11 60 85 33 63 60 72 96 19 81 10 91 32 85 18 93 26 35 70 15 65 23 41 94 92 99 41 86 18 45 10 69 27 36 86 54 60 91 26 82 40 96 59 70 59 63 59 92 57 26 76 64 87 17 56 41 94 16 70 79 62 44 42 64 86 66 36 29 96
61 72 27 38 55 60 65 27 21 70 65 64 78 50 10 87 50 12 97 70 20 59 32 42 26 79 73 26 13 26 42 26 97 14 36 20 62 11 31 0 78 63 44 41 41 38 69 23 42 64 90 17 36 99 12 30 40 75 14 48 89 88 42 76 32 51 88 72 98 32 36 17 15 48 47 66 89 35 45 49 61 27 84 88 74 24 92 53 88 13 28 41 29 99 43 62 62 64 75 65 78 87 93 46 16 13 19 32 81 32
34 22 59 64 14 76 60 18 68 10 40 57 34 22 81 90 59 23 50 66 93 45 54 31 44 85 26 39 75 49 18 86 51 57 50 13 77 40 24 78 0 85 18 65 75 27 46 55 72 90 94 96 14 19 33 29 61 23 20 57 90 51 26 94 86 31 50 97 43 94 51 47 36 42 90 27 14 81 64 13 62 17 49 27 42 41 73 45 97 88 32 23 19 50 64 56 20 11 91 19 10 33 25 38 28 35 87 38 94 63
95 60 22 62 14 92 31 34 15 96 87 94 69 55 95 50 89 57 57 76 56 95 27 94 21 95 44 76 33 75 48 61 44 41 73 69 44 43 11 63 85 0 92 98 10 92 37 66 94 73 67 79 70 73 84 70 91 81 69 28 43 62 68 47 39 56 22 71 28 20 98 66 17 35 94 87 51 72 35 83 60 58 69 52 30 68 96 79 40 84 26 25 40 46 89 59 99 62 71 60 46 86 20 60 67 94 31 51 57 10
91 66 37 35 53 63 68 31 14 69 72 57 32 54 32 86 99 95 62 25 24 41 32 96 45 87 57 42 96 26 79 98 54 71 92 40 44 55 60 44 18 92 0 99 68 78 83 39 31 78 44 37 46 47 87 68 76 85 57 47 72 89 63 65 62 93 76 20 19 57 76 78 66 17 85 25 94 86 82 33 11 80 64 88 28 16 55 94 19 56 40 79 48 51 63 91 85 53 12 44 63 56 86 67 16 93 61 29 58 67
80 78 46 21 97 12 27 20 38 53 13 23 54 42 92 13 87 10 14 96 59 89 33 33 74 13 26 56 98 27 16 81 11 32 37 29 66 62 85 41 65 98 99 0 17 22 86 72 51 36 18 49 59 46 15 77 57 53 90 53 98 21 53 79 26 20 53 24 60 18 15 59 40 64 71 91 13 85 85 74 55 40 12 38 61 68 24 22 30 59 99 73 59 60 69 65 25 68 99 43 30 48 45 27 93 32 15 29 15 13
49 39 15 77 11 64 85 62 37 12 82 26 95 77 68 67 65 53 29 96 67 91 42 43 31 29 32 66 77 62 47 73 20 54 77 61 30 88 33 41 75 10 68 17 0 68 40 64 70 70 51 24 11 69 43 65 58 51 95 86 18 54 96 65 40 90 44 62 44 81 69 83 71 66 27 78 78 97 18 28 48 48 40 95 75 27 31 73 59 82 43 13 18 88 99 25 62 71 79 16 70 26 23 68 98 17 27 90 65 75
27 18 98 79 79 77 26 20 78 46 86 21 19 34 62 58 37 32 17 54 94 41 64 69 80 84 87 97 46 39 24 27 66 80 61 70 29 83 63 38 27 92 78 22 68 0 27 36 83 95 84 54 93 18 28 34 92 44 24 55 30 55 39 20 16 68 42 38 52 92 38 86 80 60 62 32 20 77 17 21 67 16 97 68 95 46 83 19 10 17 43 36 50 92 81 21 47 89 14 16 69 50 85 69 91 67 87 73 61 48
51 69 65 34 23 51 81 63 29 93 22 14 58 68 36 75 57 99 98 70 94 20 22 61 14 22 41 24 52 18 25 63 17 90 69 90 40 78 60 69 46 37 83 86 40 27 0 52 99 55 71 93 17 18 71 42 77 66 54 23 58 56 76 95 47 42 45 58 87 28 64 93 14 34 61 61 66 10 11 26 93 49 39 59 96 20 41 85 92 54 95 71 41 28 32 14 57 90 51 11 69 32 36 53 57 92 90 25 11 85
91 34 66 67 31 81 20 91 60 82 11 20 45 33 71 26 44 74 39 56 92 90 21 44 73 47 72 55 66 56 13 94 89 91 94 47 73 74 72 23 55 66 39 72 64 36 52 0 22 14 26 11 38 61 93 33 96 96 17 46 25 40 50 11 78 55 70 27 89 41 16 12 36 45 77 31 22 46 24 15 65 26 59 23 10 75 81 72 89 21 52 59 98 64 70 54 35 37 53 61 95 68 46 86 37 79 69 82 60 88
39 84 36 20 23 63 56 52 98 62 46 20 65 71 73 87 92 94 22 67 68 87 76 34 31 95 40 40 84 85 94 17 20 74 59 85 63 18 96 42 72 94 31 51 70 83 99 22 0 83 84 54 46 45 34 50 57 62 19 25 93 93 11 60 70 87 84 69 99 14 53 61 96 69 90 84 66 99 23 18 54 83 86 31 29 34 99 32 90 36 86 12 68 57 49 41 98 35 92 42 70 31 26 55 54 97 29 31 68 44
49 12 99 47 45 31 42 72 36 68 71 36 49 90 22 49 18 87 67 56 64 36 16 99 71 91 92 53 94 80 89 80 20 40 46 72 76 47 19 64 90 73 78 36 70 95 55 14 83 0 44 83 39 18 62 98 81 52 49 74 72 21 57 82 28 18 98 34 46 72 41 82 80 69 43 68 63 16 16 23 31 65 80 83 55 56 56 82 55 27 22 49 57 69 77 28 59 37 20 80 35 10 33 29 11 25 35 54 47 14
23 80 39 91 11 42 77 44 78 95 95 19 70 94 44 78 81 73 57 96 37 26 90 74 45 86 38 91 77 40 51 71 82 34 42 12 69 90 81 90 94 67 44 18 51 84 71 26 84 44 0 28 63 22 84 19 35 21 72 41 30 47 53 84 50 63 99 50 81 50 49 58 19 58 25 12 63 36 31 31 30 92 43 44 44 15 33 23 95 18 66 43 76 26 50 86 41 43 71 85 52 17 74 54 10 54 39 71 32 11
22 77 58 90 13 93 16 42 17 28 74 56 12 44 59 49 32 31 36 51 48 41 23 14 60 49 78 46 54 86 84 25 91 19 84 62 57 57 10 17 96 79 37 49 24 54 93 11 54 83 28 0 69 12 74 15 36 21 38 60 56 98 48 92 87 54 33 33 10 85 51 76 96 22 68 78 47 73 96 94 63 61 12 53 63 28 88 34 42 81 58 90 47 65 49 69 94 27 32 80 39 44 82 91 25 60 80 99 79 33
17 44 92 25 95 68 95 37 64 13 70 65 43 68 91 98 47 37 52 47 19 51 75 40 41 13 96 77 76 56 92 59 39 15 83 75 75 59 91 36 14 70 46 59 11 93 17 38 46 39 63 69 0 52 98 48 49 61 33 74 81 89 89 34 28 56 44 51 52 37 36 90 96 90 25 96 84 42 52 18 22 41 23 29 38 39 11 41 78 27 87 24 60 67 55 35 61 95 67 52 62 11 54 10 22 92 78 13 32 27
58 86 55 93 24 18 32 14 80 49 10 90 73 22 47 79 92 12 99 96 65 44 14 57 16 44 75 16 42 40 21 78 10 42 45 18 34 32 32 99 19 73 47 46 69 18 18 61 45 18 22 12 52 0 73 85 35 75 38 96 64 76 75 46 83 19 43 55 69 31 36 48 27 92 81 59 61 53 50 87 61 91 52 51 16 17 60 84 64 97 91 69 71 21 13 57 31 43 23 76 82 97 18 16 12 57 58 44 18 15
41 25 86 26 12 17 33 32 60 73 12 11 18 52 84 81 29 48 84 40 22 77 25 79 91 80 51 10 41 52 44 59 61 60 16 96 34 77 85 12 33 84 87 15 43 28 71 93 34 62 84 74 98 73 0 70 55 95 14 78 22 67 64 54 56 77 58 29 53 56 55 17 42 37 38 49 19 13 69 90 42 91 68 44 15 14 12 56 25 61 63 53 60 34 94 95 77 84 45 82 20 73 16 91 76 96 79 61 88 24
41 37 35 92 36 12 47 88 49 14 56 60 76 26 71 10 88 23 90 89 54 26 47 20 98 79 72 86 88 73 41 25 84 34 77 60 33 62 18 30 29 70 68 77 65 34 42 33 50 98 19 15 48 85 70 0 97 86 21 49 31 99 45 54 83 81 26 64 95 65 34 29 57 87 89 10 33 91 49 67 42 78 51 72 90 70 53 77 50 32 55 75 21 52 70 13 86 40 64 52 32 94 49 68 76 60 16 39 51 79
97 71 11 20 97 41 77 85 64 30 94 95 62 27 63 38 69 60 74 72 17 45 22 36 86 57 89 99 75 49 34 72 91 88 80 38 12 58 93 40 61 91 76 57 58 92 77 96 57 81 35 36 49 35 55 97 0 66 51 79 63 15 69 31 83 35 17 48 69 33 77 41 55 93 44 67 29 17 32 46 82 86 90 44 39 65 48 46 99 66 69 48 39 67 23 24 66 64 78 14 28 57 49 47 54 96 10 30 47 46
86 74 80 62 90 55 65 92 94 96 20 61 91 99 95 75 86 90 34 77 21 12 34 62 86 57 13 81 40 39 61 90 73 26 58 94 37 29 26 75 23 81 85 53 51 44 66 96 62 52 21 21 61 75 95 86 66 0 33 71 46 58 44 27 60 88 19 52 10 78 79 41 94 40 76 69 24 83 74 59 40 47 26 18 70 90 23 30 83 39 38 40 71 30 73 73 19 10 87 22 62 17 45 81 16 76 88 58 28 70
39 36 39 90 23 91 22 47 99 25 87 49 52 20 75 87 83 33 29 94 68 60 40 62 94 43 50 81 80 52 73 25 88 46 44 36 22 36 35 14 20 69 57 90 95 24 54 17 19 49 72 38 33 38 14 21 51 33 0 70 39 88 84 22 15 92 34 46 87 94 98 70 11 95 37 87 79 92 86 16 88 18 30 98 73 71 28 85 15 60 66 68 85 58 23 11 73 30 80 83 95 45 92 79 89 17 95 11 18 94
45 31 91 35 89 28 22 17 54 71 91 52 60 61 45 10 27 51 55 93 91 53 79 76 52 84 47 85 48 44 87 99 97 79 35 64 77 43 70 48 57 28 47 53 86 55 23 46 25 74 41 60 74 96 78 49 79 71 70 0 84 28 98 53 33 42 52 82 59 12 69 70 19 31 24 49 45 59 65 37 40 80 64 93 37 75 44 11 74 41 61 70 49 96 58 95 34 13 21 88 56 88 53 53 70 37 76 77 38 24
97 72 59 51 58 54 74 26 39 24 18 20 65 96 67 42 11 90 42 81 77 40 42 94 94 17 77 27 89 13 16 16 82 69 77 75 69 17 15 89 90 43 72 98 18 30 58 25 93 72 30 56 81 64 22 31 63 46 39 84 0 97 70 76 31 28 62 11 71 62 84 73 84 40 19 51 85 93 15 39 63 76 25 86 22 86 50 61 17 25 15 87 82 99 81 49 66 71 89 27 74 12 58 28 18 54 27 31 38 85
38 37 67 86 74 32 24 95 21 84 47 39 52 28 88 46 51 12 41 21 54 40 22 55 99 35 84 50 56 70 77 36 30 60 11 40 73 70 65 88 51 62 89 21 54 55 56 40 93 21 47 98 89 76 67 99 15 58 88 28 97 0 81 29 89 58 32 68 70 76 26 13 67 52 92 62 63 73 57 17 57 92 52 40 79 71 45 63 27 56 50 34 75 43 33 16 71 12 95 74 81 76 75 70 20 47 67 27 98 41
49 94 20 96 29 54 19 19 62 18 60 87 66 98 72 58 79 33 69 96 44 82 26 42 18 87 74 10 15 76 47 38 87 33 49 42 69 16 23 42 26 68 63 53 96 39 76 50 11 57 53 48 89 75 64 45 69 44 84 98 70 81 0 41 10 60 26 64 38 28 40 81 32 61 17 93 62 94 99 81 69 23 99 48 75 18 75 62 52 96 40 80 71 19 34 58 47 89 52 32 75 52 75 59 78 42 47 83 49 69
14 89 14 68 50 36 97 22 78 17 24 98 92 77 56 74 20 93 77 85 21 14 67 81 31 15 36 78 31 46 55 78 18 58 21 97 70 70 41 76 94 47 65 79 65 20 95 11 60 82 84 92 34 46 54 54 31 27 22 53 76 29 41 0 80 98 54 77 12 15 19 82 15 99 73 80 66 69 55 48 47 71 14 41 92 21 67 98 42 47 79 18 34 96 18 90 51 51 17 73 74 21 76 28 88 39 27 53 56 84
22 87 29 53 21 76 70 16 74 32 53 38 87 71 62 12 51 38 40 72 33 70 81 81 69 47 51 73 92 69 73 79 92 21 97 31 19 11 94 32 86 39 62 26 40 16 47 78 70 28 50 87 28 83 56 83 83 60 15 33 31 89 10 80 0 82 68 14 53 80 43 52 62 64 11 83 20 84 36 26 25 84 63 80 61 18 76 81 85 68 67 91 66 25 28 78 77 68 40 65 22 81 47 94 48 69 77 11 11 89
81 20 46 26 98 96 40 20 22 11 77 67 89 97 67 66 41 29 71 57 40 85 77 43 48 55 91 99 40 54 12 17 21 94 46 52 14 12 92 51 31 56 93 20 90 68 42 55 87 18 63 54 56 19 77 81 35 88 92 42 28 58 60 98 82 0 50 56 21 84 84 82 36 31 19 58 48 23 52 94 55 93 61 16 51 38 64 38 36 87 70 44 98 65 59 98 54 59 35 89 13 92 93 23 86 83 29 82 93 84
75 47 38 93 24 25 31 10 52 30 23 63 58 88 79 25 80 56 16 97 45 81 46 34 59 74 68 23 57 95 69 91 72 38 96 71 52 73 99 88 50 22 76 53 44 42 45 70 84 98 99 33 44 43 58 26 17 19 34 52 62 32 26 54 68 50 0 44 82 99 28 69 94 10 53 38 83 23 93 29 60 57 35 29 65 61 40 69 47 77 53 65 30 47 24 82 70 41 63 15 98 83 83 13 99 84 56 82 35 11
28 66 98 92 52 48 48 53 86 22 24 13 78 63 12 67 68 10 76 68 20 58 79 61 53 71 61 40 36 21 66 72 58 36 94 40 47 82 41 72 97 71 20 24 62 38 58 27 69 34 50 33 51 55 29 64 48 52 46 82 11 68 64 77 14 56 44 0 42 97 32 51 56 72 36 32 20 34 61 88 27 18 46 22 56 30 19 53 14 12 46 61 71 53 43 16 55 47 54 84 70 87 57 62 89 77 41 62 24 69
62 70 92 60 58 32 70 65 87 65 54 17 91 93 74 84 93 70 99 79 32 68 53 85 16 94 97 48 32 58 98 94 71 63 31 98 69 14 86 98 43 28 19 60 44 52 87 89 99 46 81 10 52 69 53 95 69 10 87 59 71 70 38 12 53 21 82 42 0 60 20 30 43 48 58 92 79 70 87 49 25 25 25 28 79 98 27 51 53 85 49 95 68 94 27 60 72 21 32 33 49 59 67 69 38 73 75 91 40 40
78 36 13 27 50 48 35 82 38 54 39 23 81 17 90 65 28 43 71 75 58 59 76 78 53 29 90 46 59 97 30 73 93 41 55 76 18 65 18 32 94 20 57 18 81 92 28 41 14 72 50 85 37 31 56 65 33 78 94 12 62 76 28 15 80 84 99 97 60 0 43 80 35 10 36 97 20 48 17 52 24 41 85 11 44 32 98 83 11 94 24 80 23 98 16 66 22 23 16 44 29 17 52 61 73 80 84 13 28 21
42 82 16 66 29 86 95 42 31 69 23 37 15 61 16 58 20 92 45 42 44 31 64 99 13 39 85 63 18 85 43 16 46 22 96 21 35 53 45 36 51 98 76 15 69 38 64 16 53 41 49 51 36 36 55 34 77 79 98 69 84 26 40 19 43 84 28 32 20 43 0 85 98 19 71 25 66 20 74 52 95 90 89 87 37 77 53 88 15 20 27 10 20 94 85 55 99 35 90 28 84 60 20 43 43 55 77 52 52 79
79 67 77 32 55 34 39 66 31 89 54 12 51 84 37 78 76 82 71 78 54 13 80 66 97 63 61 93 57 77 56 10 40 50 91 35 31 19 10 17 47 66 78 59 83 86 93 12 61 82 58 76 90 48 17 29 41 41 70 70 73 13 81 82 52 82 69 51 30 80 85 0 60 60 96 32 15 23 78 32 24 61 41 17 67 66 58 40 58 54 15 70 10 18 87 62 92 64 23 39 94 93 41 22 25 37 84 83 18 20
97 35 83 62 46 49 86 84 16 23 44 59 28 88 22 98 83 92 50 11 91 83 24 41 24 33 66 99 44 12 22 57 84 29 98 27 47 45 69 15 36 17 66 40 71 80 14 36 96 80 19 96 96 27 42 57 55 94 11 19 84 67 32 15 62 36 94 56 43 35 98 60 0 93 55 80 47 68 61 49 36 22 65 98 76 63 64 77 69 51 54 78 59 30 50 80 20 76 49 83 58 21 25 29 21 84 91 87 69 38
66 49 17 19 71 98 39 22 69 54 82 30 54 66 66 79 56 36 27 44 50 67 13 17 93 49 82 66 88 74 18 34 88 22 12 30 17 27 27 48 42 35 17 64 66 60 34 45 69 69 58 22 90 92 37 87 93 40 95 31 40 52 61 99 64 31 10 72 48 10 19 60 93 0 86 22 99 49 22 51 34 70 83 55 66 60 90 82 99 29 37 46 93 18 75 34 52 48 92 37 75 81 69 99 23 17 36 63 55 84
72 82 21 62 58 62 79 35 39 21 94 97 79 81 86 91 52 15 32 52 63 14 12 75 38 66 32 14 43 41 27 98 48 80 77 89 52 96 36 47 90 94 85 71 27 62 61 77 90 43 25 68 25 81 38 89 44 76 37 24 19 92 17 73 11 19 53 36 58 36 71 96 55 86 0 49 63 34 28 10 46 74 41 32 56 73 14 54 45 12 19 21 25 62 43 70 29 26 48 60 96 21 22 68 42 15 35 78 55 91
25 84 82 78 70 90 68 28 86 59 59 44 20 97 35 49 89 55 25 39 40 75 82 33 63 41 60 97 31 33 78 54 29 12 60 17 85 25 86 66 27 87 25 91 78 32 61 31 84 68 12 78 96 59 49 10 67 69 87 49 51 62 93 80 83 58 38 32 92 97 25 32 80 22 49 0 61 37 97 63 90 68 28 41 26 78 64 13 68 93 79 11 17 92 30 48 46 51 22 52 94 40 45 27 81 61 19 72 68 19
69 65 80 72 96 61 99 90 64 53 93 98 48 98 67 49 41 45 28 75 77 38 89 60 69 47 22 44 24 52 98 94 90 27 83 83 92 15 54 89 14 51 94 13 78 20 66 22 66 63 63 47 84 61 19 33 29 24 79 45 85 63 62 66 20 48 83 20 79 20 66 15 47 99 63 61 0 17 20 61 31 24 73 56 49 70 28 46 19 76 32 64 40 88 93 37 17 43 93 71 72 40 69 52 13 99 24 74 96 60
45 44 31 84 77 63 12 61 72 42 87 64 76 37 51 46 25 67 76 68 99 11 13 93 40 55 68 38 59 81 86 11 97 96 59 67 72 75 60 35 81 72 86 85 97 77 10 46 99 16 36 73 42 53 13 91 17 83 92 59 93 73 94 69 84 23 23 34 70 48 20 23 68 49 34 37 17 0 62 95 89 10 60 23 69 25 51 42 53 34 38 60 55 70 42 64 26 53 95 99 27 36 54 80 91 79 57 28 72 70
82 69 45 35 79 95 98 75 15 46 76 40 81 12 38 68 30 61 90 99 86 62 51 53 85 99 78 75 71 64 98 11 92 36 14 78 15 21 91 45 64 35 82 85 18 17 11 24 23 16 31 96 52 50 69 49 32 74 86 65 15 57 99 55 36 52 93 61 87 17 74 78 61 22 28 97 20 62 0 79 20 30 42 47 82 83 81 36 97 41 47 86 81 85 49 97 93 13 52 79 21 35 19 46 49 93 22 84 10 56
77 21 24 42 65 65 50 29 18 37 75 90 10 70 32 13 24 18 25 72 94 95 65 17 21 79 82 82 88 32 96 80 41 69 43 83 31 96 26 49 13 83 33 74 28 21 26 15 18 23 31 94 18 87 90 67 46 59 16 37 39 17 81 48 26 94 29 88 49 52 52 32 49 51 10 63 61 95 79 0 89 45 20 18 74 47 18 19 99 64 38 46 29 73 28 70 85 65 94 43 83 22 21 72 82 64 66 97 81 84
31 45 96 67 52 18 52 31 72 15 72 26 68 74 39 42 85 60 36 38 18 15 67 40 70 27 80 78 47 36 42 92 41 84 84 58 98 58 82 61 62 60 11 55 48 67 93 65 54 31 30 63 22 61 42 42 82 40 88 40 63 57 69 47 25 55 60 27 25 24 95 24 36 34 46 90 31 89 20 89 0 28 23 79 44 51 94 22 25 97 36 50 84 33 62 92 66 17 82 79 84 61 34 30 50 29 10 58 10 54
88 41 14 36 61 47 65 47 38 20 51 88 85 61 57 36 35 73 28 63 16 93 25 72 45 40 66 79 97 35 83 29 14 53 56 86 59 78 40 27 17 58 80 40 48 16 49 26 83 65 92 61 41 91 91 78 86 47 18 80 76 92 23 71 84 93 57 18 25 41 90 61 22 70 74 68 24 10 30 45 28 0 43 66 79 77 70 11 32 32 88 16 51 58 95 81 58 35 45 18 88 87 73 44 48 40 62 18 91 65
86 24 31 40 95 81 84 46 90 99 44 38 46 65 96 28 24 34 47 73 73 49 64 27 33 13 99 17 62 91 69 33 56 32 30 35 43 64 96 84 49 69 64 12 40 97 39 59 86 80 43 12 23 52 68 51 90 26 30 64 25 52 99 14 63 61 35 46 25 85 89 41 65 83 41 28 73 60 42 20 23 43 0 41 73 53 87 56 96 97 20 85 14 99 78 99 13 76 39 45 98 24 83 82 92 71 33 77 85 52
80 88 78 77 95 35 92 12 55 36 39 98 11 58 79 51 85 34 95 67 95 73 82 35 33 20 44 16 11 68 20 18 94 58 45 36 64 20 59 88 27 52 88 38 95 68 59 23 31 83 44 53 29 51 44 72 44 18 98 93 86 40 48 41 80 16 29 22 28 11 87 17 98 55 32 41 56 23 47 18 79 66 41 0 25 83 96 91 44 16 35 37 29 13 18 69 46 17 90 20 86 59 34 71 93 39 41 98 89 60
56 45 14 12 85 47 55 41 16 91 16 88 37 27 92 83 54 10 67 74 87 80 22 83 73 12 65 72 90 23 50 63 71 68 70 25 72 95 70 74 42 30 28 61 75 95 96 10 29 55 44 63 38 16 15 90 39 70 73 37 22 79 75 92 61 51 65 56 79 44 37 67 76 66 56 26 49 69 82 74 44 79 73 25 0 69 70 34 90 37 74 68 70 14 91 89 24 72 81 97 86 36 44 54 65 65 54 41 49 13
83 99 16 92 62 30 41 65 50 85 28 77 62 75 29 82 12 74 93 88 52 13 81 40 27 14 98 77 47 87 79 75 93 30 53 31 94 48 59 24 41 68 16 68 27 46 20 75 34 56 15 28 39 17 14 70 65 90 71 75 86 71 18 21 18 38 61 30 98 32 77 66 63 60 73 78 70 25 83 47 51 77 53 83 69 0 56 10 28 97 55 12 38 35 93 15 43 50 31 92 71 74 20 88 40 42 56 60 75 97
59 69 20 46 27 85 76 71 10 64 75 56 97 87 70 98 34 23 71 93 75 18 34 54 17 40 49 99 10 72 28 92 33 42 89 43 95 92 63 92 73 96 55 24 31 83 41 81 99 56 33 88 11 60 12 53 48 23 28 44 50 45 75 67 76 64 40 19 27 98 53 58 64 90 14 64 28 51 81 18 94 70 87 96 70 56 0 11 14 51 66 99 29 75 55 31 30 81 92 84 78 16 60 40 36 37 72 62 75 67
76 51 78 34 93 38 63 18 48 56 15 89 42 35 55 23 23 39 59 88 79 45 35 14 10 61 86 23 94 29 40 21 58 43 97 72 58 22 59 53 45 79 94 22 73 19 85 72 32 82 23 34 41 84 56 77 46 30 85 11 61 63 62 98 81 38 69 53 51 83 88 40 77 82 54 13 46 42 36 19 22 11 56 91 34 10 11 0 20 78 74 37 19 36 21 21 83 85 38 86 27 48 79 20 34 51 47 97 53 10
32 55 90 44 64 10 91 87 16 54 72 43 13 51 79 16 66 18 88 47 25 19 40 75 51 82 39 55 91 50 99 12 63 80 31 73 63 13 92 88 97 40 19 30 59 10 92 89 90 55 95 42 78 64 25 50 99 83 15 74 17 27 52 42 85 36 47 14 53 11 15 58 69 99 45 68 19 53 97 99 25 32 96 44 90 28 14 20 0 45 69 96 26 79 63 36 91 44 71 51 90 31 49 72 73 81 59 99 48 67
99 69 69 42 80 60 21 60 71 70 34 47 90 71 23 65 76 32 44 61 24 57 77 32 98 68 56 43 86 62 44 46 88 24 12 77 84 20 57 13 88 84 56 59 82 17 54 21 36 27 18 81 27 97 61 32 66 39 60 41 25 56 96 47 68 87 77 12 85 94 20 54 51 29 12 93 76 34 41 64 97 32 97 16 37 97 51 78 45 0 81 53 20 78 43 49 20 58 39 66 26 48 52 42 54 83 39 72 26 57
68 54 67 46 80 54 95 87 25 54 60 38 64 10 84 44 33 84 31 96 23 58 89 27 41 84 53 68 49 77 16 86 64 23 32 48 78 26 26 28 32 26 40 99 43 43 95 52 86 22 66 58 87 91 63 55 69 38 66 61 15 50 40 79 67 70 53 46 49 24 27 15 54 37 19 79 32 38 47 38 36 88 20 35 74 55 66 74 69 81 0 98 83 30 46 21 33 43 67 27 86 38 15 37 87 72 59 96 42 36
78 11 32 17 16 36 90 67 81 57 18 63 59 51 53 77 22 67 80 70 52 81 26 18 97 44 20 41 17 18 60 73 42 54 46 56 11 86 76 41 23 25 79 73 13 36 71 59 12 49 43 90 24 69 53 75 48 40 68 70 87 34 80 18 91 44 65 61 95 80 10 70 78 46 21 11 64 60 86 46 50 16 85 37 68 12 99 37 96 53 98 0 67 50 44 86 13 16 58 24 85 36 93 21 21 95 70 97 52 47
13 89 96 91 38 74 88 70 44 76 75 64 34 45 27 22 50 51 44 16 33 16 32 22 17 83 13 35 87 42 34 66 90 18 22 58 71 64 64 29 19 40 48 59 18 50 41 98 68 57 76 47 60 71 60 21 39 71 85 49 82 75 71 34 66 98 30 71 68 23 20 10 59 93 25 17 40 55 81 29 84 51 14 29 70 38 29 19 26 20 83 67 0 22 11 75 30 24 14 76 22 60 21 44 89 15 88 46 51 41
58 80 31 19 54 50 89 55 33 66 64 36 28 74 66 79 62 97 76 12 75 23 80 12 64 94 58 51 95 13 32 34 84 50 56 16 19 29 87 99 50 46 51 60 88 92 28 64 57 69 26 65 67 21 34 52 67 30 58 96 99 43 19 96 25 65 47 53 94 98 94 18 30 18 62 92 88 70 85 73 33 58 99 13 14 35 75 36 79 78 30 50 22 0 98 41 46 38 94 36 34 48 51 49 16 38 18 43 85 44
13 42 12 64 15 50 78 75 19 88 65 87 48 51 18 57 15 91 29 51 68 15 25 10 25 80 46 18 24 65 55 33 89 63 87 15 62 82 17 43 64 89 63 69 99 81 32 70 49 77 50 49 55 13 94 70 23 73 23 58 81 33 34 18 28 59 24 43 27 16 85 87 50 75 43 30 93 42 49 28 62 95 78 18 91 93 55 21 63 43 46 44 11 98 0 76 93 30 56 12 11 67 41 87 85 19 65 59 38 44
44 46 77 97 70 12 13 49 21 56 74 75 28 93 15 99 42 72 52 81 45 85 46 78 30 44 93 37 22 68 17 70 13 91 84 84 85 88 56 62 56 59 91 65 25 21 14 54 41 28 86 69 35 57 95 13 24 73 11 95 49 16 58 90 78 98 82 16 60 66 55 62 80 34 70 48 37 64 97 70 92 81 99 69 89 15 31 21 36 49 21 86 75 41 76 0 14 22 68 95 85 89 55 35 52 56 96 83 34 60
32 83 72 85 97 42 76 75 61 16 99 77 58 35 10 21 80 17 74 12 87 93 90 98 98 93 63 70 22 44 29 69 35 49 19 73 61 63 41 62 20 99 85 25 62 47 57 35 98 59 41 94 61 31 77 86 66 19 73 34 66 71 47 51 77 54 70 55 72 22 99 92 20 52 29 46 17 26 93 85 66 58 13 46 24 43 30 83 91 20 33 13 30 46 93 14 0 52 13 27 17 90 56 97 55 63 80 70 67 29
48 94 24 87 92 18 15 57 86 69 29 65 35 91 61 85 16 24 31 30 20 50 73 67 69 19 83 96 65 42 65 26 47 74 25 48 34 75 94 64 11 62 53 68 71 89 90 37 35 37 43 27 95 43 84 40 64 10 30 13 71 12 89 51 68 59 41 47 21 23 35 64 76 48 26 51 43 53 13 65 17 35 76 17 72 50 81 85 44 58 43 16 24 38 30 22 52 0 94 13 74 18 65 56 77 37 30 47 54 86
79 23 53 79 13 69 92 19 48 36 22 41 76 13 97 86 36 62 75 15 61 64 27 85 48 97 86 57 90 70 45 13 15 28 52 84 92 29 16 75 91 71 12 99 79 14 51 53 92 20 71 32 67 23 45 64 78 87 80 21 89 95 52 17 40 35 63 54 32 16 90 23 49 92 48 22 93 95 52 94 82 45 39 90 81 31 92 38 71 39 67 58 14 94 56 68 13 94 0 23 70 45 21 60 82 26 36 68 80 46
24 82 45 19 42 10 78 28 32 33 98 90 69 34 77 86 20 85 87 56 35 65 11 47 24 57 87 42 12 89 15 43 41 18 43 67 57 65 70 65 19 60 44 43 16 16 11 61 42 80 85 80 52 76 82 52 14 22 83 88 27 74 32 73 65 89 15 84 33 44 28 39 83 37 60 52 71 99 79 43 79 18 45 20 97 92 84 86 51 66 27 24 76 36 12 95 27 13 23 0 14 55 23 49 79 95 25 19 66 80
47 99 47 66 29 51 38 96 80 31 90 13 93 63 65 40 51 96 85 76 96 46 16 94 85 22 61 81 39 84 66 10 90 77 37 62 83 17 79 78 10 46 63 30 70 69 69 95 70 35 52 39 62 82 20 32 28 62 95 56 74 81 75 74 22 13 98 70 49 29 84 94 58 75 96 94 72 27 21 83 84 88 98 86 86 71 78 27 90 26 86 85 22 34 11 85 17 74 70 14 0 93 15 66 19 79 97 13 69 61
82 22 80 78 74 47 55 86 10 56 76 71 92 84 24 92 45 69 82 26 51 55 78 59 81 98 59 24 18 92 44 17 94 55 61 60 82 13 62 87 33 86 56 48 26 50 32 68 31 10 17 44 11 97 73 94 57 17 45 88 12 76 52 21 81 92 83 87 59 17 60 93 21 81 21 40 40 36 35 22 61 87 24 59 36 74 16 48 31 48 38 36 60 48 67 89 90 18 45 55 93 0 78 85 66 71 95 17 42 13
34 72 29 20 82 48 52 89 62 51 78 93 39 44 77 42 24 92 57 76 52 42 50 96 38 75 17 77 31 64 85 40 77 83 32 50 49 68 44 93 25 20 86 45 23 85 36 46 26 33 74 82 54 18 16 49 49 45 92 53 58 75 75 76 47 93 83 57 67 52 20 41 25 69 22 45 69 54 19 21 34 73 83 34 44 20 60 79 49 52 15 93 21 51 41 55 56 65 21 23 15 78 0 23 73 17 81 40 47 95
81 63 25 80 48 52 27 22 58 26 49 86 26 16 10 92 21 58 39 17 30 87 97 73 77 62 27 61 54 62 97 94 46 88 90 39 32 77 42 46 38 60 67 27 68 69 53 86 55 29 54 91 10 16 91 68 47 81 79 53 28 70 59 28 94 23 13 62 69 61 43 22 29 99 68 27 52 80 46 72 30 44 82 71 54 88 40 20 72 42 37 21 44 49 87 35 97 56 60 49 66 85 23 0 37 35 94 68 61 74
20 84 31 59 69 64 42 52 68 85 58 86 77 59 16 36 72 26 32 64 48 52 94 50 65 58 65 52 42 44 35 67 67 51 12 53 86 36 64 16 28 67 16 93 98 91 57 37 54 11 10 25 22 12 76 76 54 16 89 70 18 20 78 88 48 86 99 89 38 73 43 25 21 23 42 81 13 91 49 82 50 48 92 93 65 40 36 34 73 54 87 21 89 16 85 52 55 77 82 79 19 66 73 37 0 38 69 88 64 63
63 82 48 56 89 25 54 54 89 79 68 99 87 17 38 48 20 24 22 34 59 73 23 29 42 96 20 59 11 73 96 97 46 39 82 56 83 53 86 13 35 94 93 32 17 67 92 79 97 25 54 60 92 57 96 60 96 76 17 37 54 47 42 39 69 83 84 77 73 80 55 37 84 17 15 61 99 79 93 64 29 40 71 39 65 42 37 51 81 83 72 95 15 38 19 56 63 37 26 95 79 71 17 35 38 0 87 71 33 23
36 24 16 19 58 75 24 93 31 65 54 65 60 29 87 41 54 42 45 13 85 98 12 79 57 69 40 67 75 77 60 20 19 86 32 20 77 88 66 19 87 31 61 15 27 87 90 69 29 35 39 80 78 58 79 16 10 88 95 76 27 67 47 27 77 29 56 41 75 84 77 84 91 36 35 19 24 57 22 66 10 62 33 41 54 56 72 47 59 39 59 70 88 18 65 96 80 30 36 25 97 95 81 94 69 87 0 57 33 16
87 25 98 14 16 67 49 13 65 60 17 51 73 90 69 55 11 16 47 23 97 24 41 16 34 33 92 38 36 66 62 38 45 41 14 58 52 53 36 32 38 51 29 29 90 73 25 82 31 54 71 99 13 44 61 39 30 58 11 77 31 27 83 53 11 82 82 62 91 13 52 83 87 63 78 72 74 28 84 97 58 18 77 98 41 60 62 97 99 72 96 97 46 43 59 83 70 47 68 19 13 17 40 68 88 71 57 0 59 85
64 47 89 30 13 98 84 36 96 23 25 77 94 98 85 30 25 65 92 65 24 87 22 46 99 72 30 29 38 93 26 31 28 25 15 39 38 86 29 81 94 57 58 15 65 61 11 60 68 47 32 79 32 18 88 51 47 28 18 38 38 98 49 56 11 93 35 24 40 28 52 18 69 55 55 68 96 72 10 81 10 91 85 89 49 75 75 53 48 26 42 52 51 85 38 34 67 54 80 66 69 42 47 61 64 33 33 59 0 45
60 92 20 27 50 85 38 94 13 17 13 86 99 60 29 49 59 23 13 63 76 12 60 47 62 33 85 72 80 63 82 19 36 95 97 83 53 83 96 32 63 10 67 13 75 48 85 88 44 14 11 33 27 15 24 79 46 70 94 24 85 41 69 84 89 84 11 69 40 21 79 20 38 84 91 19 60 70 56 84 54 65 52 60 13 97 67 10 67 57 36 47 41 44 44 60 29 86 46 80 61 13 95 74 63 23 16 85 45 0