45
0 26 81 61 64 14 81 40 47 50 73 65 92 26 83 23 98 94 50 85 91 19 71 94 65 29 59 29 15 17 17 95 18 70 50 93 98 72 85 52 41 37 28 56 11
26 0 53 68 55 68 31 42 93 91 81 50 53 11 49 24 73 79 37 48 52 98 28 73 25 77 11 60 91 63 80 20 80 59 24 62 22 94 94 32 52 90 41 44 31
81 53 0 12 30 84 51 43 18 18 17 92 68 39 32 78 26 77 95 92 36 58 98 86 48 78 65 91 66 35 35 77 73 90 84 82 96 20 29 67 42 97 34 93 81
61 68 12 0 99 37 80 28 57 94 38 22 24 73 32 48 48 74 79 13 75 96 91 16 49 24 66 51 37 48 60 13 69 76 83 98 72 82 25 88 34 56 37 92 91
64 55 30 99 0 35 66 83 98 30 90 92 38 30 67 12 50 65 64 92 82 99 75 57 51 44 23 53 70 38 41 30 64 26 88 94 36 92 31 11 22 19 94 82 99
14 68 84 37 35 0 73 77 27 75 92 34 27 60 66 10 35 45 24 43 84 96 51 86 70 99 23 44 19 30 25 11 30 37 39 98 77 22 70 42 39 77 51 72 63
81 31 51 80 66 73 0 75 34 16 78 56 85 41 20 57 78 66 38 47 70 42 63 73 75 87 80 43 23 78 87 94 98 13 16 97 50 31 44 55 22 23 60 11 76
40 42 43 28 83 77 75 0 44 56 87 77 36 78 74 41 50 84 76 60 91 77 71 24 39 39 35 73 29 42 68 80 21 49 48 78 35 60 35 55 20 48 44 76 21
47 93 18 57 98 27 34 44 0 83 13 68 27 35 60 77 19 70 58 26 36 58 33 59 29 71 21 10 80 13 10 46 37 53 37 62 92 29 70 97 36 75 61 98 47
50 91 18 94 30 75 16 56 83 0 70 23 25 79 81 41 93 70 58 32 50 97 17 59 30 59 10 29 87 93 17 18 71 44 66 39 63 59 42 91 92 37 40 68 63
73 81 17 38 90 92 78 87 13 70 0 85 64 84 84 75 40 23 60 13 92 46 78 60 20 51 55 47 19 26 64 28 12 32 40 46 68 17 75 87 27 64 12 79 90
65 50 92 22 92 34 56 77 68 23 85 0 96 73 31 95 54 46 73 20 96 93 94 11 29 74 74 62 62 64 92 99 73 86 58 60 70 62 60 25 90 59 72 89 36
92 53 68 24 38 27 85 36 27 25 64 96 0 71 81 65 87 49 48 20 85 84 82 35 85 20 28 54 31 86 44 91 90 30 86 48 43 54 91 99 98 82 64 74 83
26 11 39 73 30 60 41 78 35 79 84 73 71 0 60 52 67 18 64 53 20 56 86 63 14 27 59 28 21 75 57 62 74 62 40 90 78 14 55 43 78 95 27 36 78
83 49 32 32 67 66 20 74 60 81 84 31 81 60 0 72 97 42 36 35 82 79 89 53 56 80 93 19 96 50 62 17 95 89 65 95 50 41 35 49 87 78 63 19 75
23 24 78 48 12 10 57 41 77 41 75 95 65 52 72 0 64 97 23 75 51 84 53 90 82 53 25 29 86 82 89 67 68 83 91 28 61 55 79 43 32 16 46 27 14
98 73 26 48 50 35 78 50 19 93 40 54 87 67 97 64 0 93 45 35 19 76 78 76 72 43 49 18 44 47 88 11 65 42 85 57 11 47 74 90 26 94 68 69 44
94 79 77 74 65 45 66 84 70 70 23 46 49 18 42 97 93 0 79 66 18 24 64 79 19 63 50 64 61 34 88 85 34 62 76 71 63 21 95 45 74 77 16 28 64
50 37 95 79 64 24 38 76 58 58 60 73 48 64 36 23 45 79 0 46 16 16 28 93 76 22 50 39 87 47 50 39 42 97 15 62 72 83 76 23 41 76 39 62 65
85 48 92 13 92 43 47 60 26 32 13 20 20 53 35 75 35 66 46 0 43 90 42 35 88 72 69 37 90 62 76 13 77 87 32 77 71 26 44 31 58 74 75 22 73
91 52 36 75 82 84 70 91 36 50 92 96 85 20 82 51 19 18 16 43 0 17 52 14 11 67 35 63 58 37 89 86 79 38 21 62 95 27 89 99 85 44 30 44 64
19 98 58 96 99 96 42 77 58 97 46 93 84 56 79 84 76 24 16 90 17 0 91 94 78 27 18 59 89 88 20 11 53 93 83 79 60 84 87 42 38 40 10 50 96
71 28 98 91 75 51 63 71 33 17 78 94 82 86 89 53 78 64 28 42 52 91 0 70 75 59 12 55 50 64 29 84 64 25 46 21 16 31 70 35 97 75 15 44 67
94 73 86 16 57 86 73 24 59 59 60 11 35 63 53 90 76 79 93 35 14 94 70 0 59 63 87 51 40 62 62 35 42 76 70 89 64 15 52 52 35 20 41 13 42
65 25 48 49 51 70 75 39 29 30 20 29 85 14 56 82 72 19 76 88 11 78 75 59 0 21 97 64 86 17 28 29 72 73 61 15 42 10 54 28 81 46 11 31 48
29 77 78 24 44 99 87 39 71 59 51 74 20 27 80 53 43 63 22 72 67 27 59 63 21 0 69 20 77 61 78 65 14 73 42 19 87 33 69 93 66 26 47 45 14
59 11 65 66 23 23 80 35 21 10 55 74 28 59 93 25 49 50 50 69 35 18 12 87 97 69 0 85 44 20 37 93 54 17 30 82 35 92 55 30 55 78 81 56 85
29 60 91 51 53 44 43 73 10 29 47 62 54 28 19 29 18 64 39 37 63 59 55 51 64 20 85 0 11 13 29 68 26 34 89 53 51 97 80 56 81 21 73 52 62
15 91 66 37 70 19 23 29 80 87 19 62 31 21 96 86 44 61 87 90 58 89 50 40 86 77 44 11 0 53 39 77 82 59 64 61 56 67 10 16 30 78 52 66 66
17 63 35 48 38 30 78 42 13 93 26 64 86 75 50 82 47 34 47 62 37 88 64 62 17 61 20 13 53 0 13 48 23 33 12 59 61 98 47 44 15 59 97 80 49
17 80 35 60 41 25 87 68 10 17 64 92 44 57 62 89 88 88 50 76 89 20 29 62 28 78 37 29 39 13 0 11 55 38 36 87 10 85 93 89 50 29 96 49 28
95 20 77 13 30 11 94 80 46 18 28 99 91 62 17 67 11 85 39 13 86 11 84 35 29 65 93 68 77 48 11 0 55 78 66 32 71 99 30 71 39 43 26 30 54
18 80 73 69 64 30 98 21 37 71 12 73 90 74 95 68 65 34 42 77 79 53 64 42 72 14 54 26 82 23 55 55 0 70 88 86 26 99 95 37 84 81 21 88 54
70 59 90 76 26 37 13 49 53 44 32 86 30 62 89 83 42 62 97 87 38 93 25 76 73 73 17 34 59 33 38 78 70 0 85 71 44 78 50 93 78 47 70 24 22
50 24 84 83 88 39 16 48 37 66 40 58 86 40 65 91 85 76 15 32 21 83 46 70 61 42 30 89 64 12 36 66 88 85 0 31 86 78 75 63 94 88 26 59 37
93 62 82 98 94 98 97 78 62 39 46 60 48 90 95 28 57 71 62 77 62 79 21 89 15 19 82 53 61 59 87 32 86 71 31 0 39 26 96 87 15 53 24 40 56
98 22 96 72 36 77 50 35 92 63 68 70 43 78 50 61 11 63 72 71 95 60 16 64 42 87 35 51 56 61 10 71 26 44 86 39 0 14 52 76 78 55 18 10 55
72 94 20 82 92 22 31 60 29 59 17 62 54 14 41 55 47 21 83 26 27 84 31 15 10 33 92 97 67 98 85 99 99 78 78 26 14 0 55 27 57 96 56 96 27
85 94 29 25 31 70 44 35 70 42 75 60 91 55 35 79 74 95 76 44 89 87 70 52 54 69 55 80 10 47 93 30 95 50 75 96 52 55 0 19 17 42 33 28 73
52 32 67 88 11 42 55 55 97 91 87 25 99 43 49 43 90 45 23 31 99 42 35 52 28 93 30 56 16 44 89 71 37 93 63 87 76 27 19 0 17 79 14 88 72
41 52 42 34 22 39 22 20 36 92 27 90 98 78 87 32 26 74 41 58 85 38 97 35 81 66 55 81 30 15 50 39 84 78 94 15 78 57 17 17 0 78 66 10 57
37 90 97 56 19 77 23 48 75 37 64 59 82 95 78 16 94 77 76 74 44 40 75 20 46 26 78 21 78 59 29 43 81 47 88 53 55 96 42 79 78 0 70 30 30
28 41 34 37 94 51 60 44 61 40 12 72 64 27 63 46 68 16 39 75 30 10 15 41 11 47 81 73 52 97 96 26 21 70 26 24 18 56 33 14 66 70 0 47 66
56 44 93 92 82 72 11 76 98 68 79 89 74 36 19 27 69 28 62 22 44 50 44 13 31 45 56 52 66 80 49 30 88 24 59 40 10 96 28 88 10 30 47 0 68
11 31 81 91 99 63 76 21 47 63 90 36 83 78 75 14 44 64 65 73 64 96 67 42 48 14 85 62 66 49 28 54 54 22 37 56 55 27 73 72 57 30 66 68 0