90
0 94 66 29 87 44 22 79 76 96 35 49 64 72 74 14 68 80 96 88 90 32 69 11 40 30 57 90 42 54 64 56 25 86 74 65 93 36 12 86 51 51 51 32 77 34 79 29 56 12 13 52 22 85 26 98 62 32 52 64 52 62 51 80 89 45 56 60 41 48 78 78 34 66 91 21 52 60 89 84 89 23 90 18 10 47 61 75 62 46
94 0 78 79 21 30 45 69 71 13 86 49 77 56 92 55 77 51 38 11 97 74 57 87 44 27 90 78 34 40 21 79 39 87 73 84 15 34 78 29 69 74 39 48 74 53 42 58 17 58 12 26 74 98 80 47 65 69 83 44 94 11 34 55 80 48 61 90 40 18 68 17 18 50 19 67 76 37 34 93 48 86 35 43 13 12 46 67 73 17
66 78 0 15 37 33 91 68 32 70 17 63 59 59 11 76 70 14 81 50 43 23 15 88 54 48 54 65 65 26 20 74 27 72 70 82 85 54 20 37 60 68 87 89 27 80 63 16 97 40 36 93 33 96 40 22 78 68 49 75 11 50 48 97 25 32 42 45 54 33 94 86 63 88 62 53 94 39 67 51 82 38 73 71 97 55 44 61 32 83
29 79 15 0 50 84 13 76 63 90 73 95 27 21 58 80 33 19 65 39 89 68 17 78 88 32 37 63 82 36 57 28 32 86 29 81 99 92 94 47 19 32 49 56 21 57 49 76 93 85 23 73 71 87 58 39 22 58 31 62 11 23 35 22 30 56 23 73 93 66 62 85 86 40 27 97 87 68 90 93 37 30 65 15 64 71 83 71 86 37
87 21 37 50 0 20 75 90 30 98 90 13 83 23 96 51 75 97 14 69 51 12 95 96 40 67 66 19 80 47 68 64 81 79 24 20 72 86 80 10 39 81 77 81 92 97 44 39 90 29 69 67 57 68 62 26 24 57 41 96 20 59 10 60 49 30 35 76 33 86 35 83 69 85 29 44 72 17 25 85 61 26 82 40 81 38 70 37 40 72
44 30 33 84 20 0 53 25 57 19 94 99 49 16 95 32 90 76 81 24 22 33 68 19 25 74 13 56 95 43 99 66 96 32 19 95 66 78 87 63 29 92 95 61 35 42 97 19 42 33 32 58 59 82 92 35 39 46 33 32 62 76 87 25 32 33 65 57 95 93 66 15 51 23 50 77 72 78 46 12 40 30 73 79 67 40 33 86 40 30
22 45 91 13 75 53 0 43 74 26 19 64 58 29 26 84 36 34 88 98 50 94 76 75 76 91 44 54 99 96 60 74 48 86 48 32 11 71 18 31 57 88 72 97 95 65 93 12 48 57 47 28 46 38 39 80 35 93 50 58 43 82 60 32 38 67 95 92 81 63 25 32 83 28 55 90 86 32 36 16 86 99 78 54 73 60 81 12 15 86
79 69 68 76 90 25 43 0 57 91 56 94 48 62 99 83 68 34 14 33 45 71 41 64 78 63 89 58 56 84 51 19 71 60 72 12 24 89 16 22 26 26 28 67 66 34 18 66 93 92 15 18 60 77 12 43 95 16 87 49 32 81 44 80 82 65 97 52 40 21 46 39 26 33 25 50 18 32 43 24 46 81 62 36 79 77 52 21 28 26
76 71 32 63 30 57 74 57 0 18 59 92 63 77 92 96 17 41 62 43 66 42 17 10 24 53 95 89 59 53 84 20 38 25 98 16 59 83 43 83 57 84 46 86 91 93 88 73 76 84 94 47 49 49 62 28 90 48 14 26 96 40 43 95 21 67 32 17 94 15 44 41 82 29 29 30 74 60 25 51 96 60 99 47 78 53 40 42 44 19
96 13 70 90 98 19 26 91 18 0 77 27 77 86 54 79 56 84 71 98 87 84 69 94 90 43 54 92 96 16 70 45 21 40 35 13 52 92 50 50 13 60 51 39 35 11 19 29 70 21 69 36 47 49 13 79 41 15 87 38 92 80 63 61 60 45 74 66 94 46 42 12 45 52 40 42 19 89 90 40 91 23 17 62 40 77 18 57 67 39
35 86 17 73 90 94 19 56 59 77 0 94 50 15 68 26 23 18 68 88 13 19 66 44 50 59 21 22 46 31 47 31 39 73 76 62 25 83 83 88 99 10 49 60 23 41 97 98 53 30 46 24 66 14 43 33 21 21 32 30 64 22 59 21 45 44 91 46 88 39 64 50 79 86 12 88 89 85 80 88 48 13 38 90 49 60 94 68 29 37
49 49 63 95 13 99 64 94 92 27 94 0 16 71 22 44 81 64 39 71 84 63 74 34 51 15 60 92 41 76 42 93 34 47 58 25 31 20 45 29 11 24 15 81 78 81 11 37 32 35 83 27 80 42 86 91 10 35 48 29 14 90 22 52 72 57 37 81 50 92 96 81 65 86 22 95 50 84 65 29 27 21 31 88 76 57 64 90 46 93
64 77 59 27 83 49 58 48 63 77 50 16 0 60 57 90 63 39 35 46 15 35 43 49 93 86 70 97 35 22 39 89 59 45 57 71 97 57 60 72 50 93 83 57 60 91 71 64 82 63 84 86 57 75 25 17 95 17 47 67 67 89 54 40 41 88 56 40 24 58 17 23 94 25 42 62 68 12 75 87 23 48 42 70 43 89 35 77 32 10
72 56 59 21 23 16 29 62 77 86 15 71 60 0 96 23 34 37 41 35 18 20 80 47 56 85 87 43 37 51 25 56 79 82 44 72 48 27 27 21 21 97 65 23 65 64 17 84 22 46 86 81 68 87 57 83 92 90 77 54 45 29 46 73 45 36 48 93 45 64 68 96 64 42 35 16 16 80 68 57 68 12 76 28 32 15 83 23 72 97
74 92 11 58 96 95 26 99 92 54 68 22 57 96 0 83 90 36 35 64 25 99 36 76 66 59 65 73 11 80 19 49 59 87 26 81 51 25 33 72 40 29 30 30 86 44 59 51 55 89 64 51 61 48 23 62 41 67 60 71 87 79 66 87 65 32 98 89 91 25 58 57 81 96 26 91 65 56 61 62 11 82 71 74 46 46 22 62 74 49
14 55 76 80 51 32 84 83 96 79 26 44 90 23 83 0 58 92 66 89 46 45 62 13 73 43 67 68 12 98 24 77 30 12 16 74 96 61 25 40 98 11 52 41 78 58 50 78 20 48 82 67 43 11 87 52 45 70 24 51 86 19 58 56 63 42 82 12 85 14 36 99 54 64 95 19 50 13 37 86 94 82 10 25 87 13 38 90 79 98
68 77 70 33 75 90 36 68 17 56 23 81 63 34 90 58 0 46 11 29 25 82 43 53 17 34 37 78 23 61 73 31 49 26 13 50 35 94 62 71 79 36 12 36 97 30 89 69 23 63 87 32 48 66 73 27 56 86 56 25 71 61 10 99 14 33 29 70 96 24 10 28 72 83 37 34 66 21 38 97 85 38 74 22 21 77 57 78 98 72
80 51 14 19 97 76 34 34 41 84 18 64 39 37 36 92 46 0 87 52 74 21 15 69 32 51 90 32 11 83 73 27 43 93 53 68 86 76 57 76 99 65 75 77 37 13 17 23 55 60 32 92 79 63 84 64 78 40 49 64 53 82 76 29 64 97 95 62 69 49 71 37 67 89 48 44 41 94 91 50 36 33 90 35 45 33 61 75 54 89
96 38 81 65 14 81 88 14 62 71 68 39 35 41 35 66 11 87 0 97 51 26 84 56 60 85 34 81 42 27 61 79 33 20 98 72 34 96 81 55 79 31 36 76 72 70 61 26 62 93 94 74 10 24 77 45 14 45 68 83 69 28 58 56 16 83 27 18 89 45 26 88 76 37 37 12 57 52 67 32 67 65 77 47 75 74 35 99 44 43
88 11 50 39 69 24 98 33 43 98 88 71 46 35 64 89 29 52 97 0 67 76 56 91 94 10 26 53 19 42 84 50 71 66 44 67 10 31 23 30 72 54 94 11 53 88 61 74 43 90 79 35 90 71 62 76 43 21 99 77 29 16 88 51 54 85 35 58 51 52 86 11 46 55 15 32 29 36 23 75 65 98 16 89 66 87 10 23 92 40
90 97 43 89 51 22 50 45 66 87 13 84 15 18 25 46 25 74 51 67 0 92 92 76 16 54 37 56 86 64 16 43 73 14 21 94 23 18 27 91 88 37 41 93 14 95 73 47 90 80 77 16 34 86 16 21 71 22 66 74 36 62 74 57 46 93 36 99 26 95 76 37 33 21 56 61 50 32 92 88 55 96 28 11 41 96 49 62 59 30
32 74 23 68 12 33 94 71 42 84 19 63 35 20 99 45 82 21 26 76 92 0 72 98 14 37 60 61 43 94 91 89 53 62 92 32 19 77 48 11 89 34 36 75 59 75 93 33 76 12 79 99 41 50 86 75 97 61 25 81 59 38 62 93 80 43 11 99 60 14 47 86 96 34 27 53 40 42 49 34 37 61 87 11 47 42 14 85 67 70
69 57 15 17 95 68 76 41 17 69 66 74 43 80 36 62 43 15 84 56 92 72 0 77 44 28 37 26 33 63 98 62 97 53 60 28 13 85 65 26 28 52 26 95 83 87 56 67 53 69 89 96 25 63 67 69 31 88 72 25 73 53 51 92 32 23 62 58 93 21 63 28 77 69 27 90 65 94 80 43 33 30 68 22 32 63 61 80 36 27
11 87 88 78 96 19 75 64 10 94 44 34 49 47 76 13 53 69 56 91 76 98 77 0 24 87 86 62 81 58 79 11 50 38 58 17 30 14 79 13 33 20 11 81 70 26 52 99 16 77 19 66 57 96 70 41 83 80 83 99 44 12 78 68 36 66 12 18 26 25 48 72 54 86 29 88 17 70 81 84 40 96 21 34 88 26 49 50 38 85
40 44 54 88 40 25 76 78 24 90 50 51 93 56 66 73 17 32 60 94 16 14 44 24 0 92 47 28 84 61 69 15 70 59 48 41 48 71 45 82 17 63 47 19 79 53 15 51 35 92 73 97 38 55 72 96 36 35 90 68 93 83 86 76 76 53 33 24 67 76 73 93 42 28 90 42 93 31 92 47 10 93 86 83 12 89 68 34 73 83
30 27 48 32 67 74 91 63 53 43 59 15 86 85 59 43 34 51 85 10 54 37 28 87 92 0 52 74 65 78 48 67 99 90 48 82 39 46 20 86 14 55 90 73 82 87 20 87 41 97 93 51 38 17 96 73 65 58 58 82 61 59 17 32 61 83 35 67 96 47 50 45 49 43 22 20 61 15 55 37 76 39 36 67 63 93 52 96 88 36
57 90 54 37 66 13 44 89 95 54 21 60 70 87 65 67 37 90 34 26 37 60 37 86 47 52 0 96 25 71 82 17 35 19 18 15 74 33 44 12 54 41 32 99 42 56 29 10 40 66 34 72 69 69 68 60 60 37 36 35 57 24 59 51 75 54 77 54 52 93 11 17 95 70 28 91 53 56 88 85 85 10 60 44 60 55 87 65 34 89
90 78 65 63 19 56 54 58 89 92 22 92 97 43 73 68 78 32 81 53 56 61 26 62 28 74 96 0 88 86 77 11 81 14 71 32 45 57 34 75 35 71 20 75 27 96 27 89 16 39 22 77 68 43 84 29 80 65 90 81 65 63 31 44 12 20 26 49 99 20 58 65 55 82 30 73 25 71 93 63 24 57 71 99 30 81 65 43 43 32
42 34 65 82 80 95 99 56 59 96 46 41 35 37 11 12 23 11 42 19 86 43 33 81 84 65 25 88 0 15 85 28 76 61 43 55 14 43 79 56 96 68 43 19 68 53 64 11 31 57 10 58 53 33 83 60 56 54 50 62 94 49 68 68 29 39 75 96 38 98 48 80 20 43 40 73 43 63 47 52 95 26 60 92 79 20 46 67 79 88
54 40 26 36 47 43 96 84 53 16 31 76 22 51 80 98 61 83 27 42 64 94 63 58 61 78 71 86 15 0 84 81 92 92 53 91 56 69 10 63 47 24 79 97 47 56 71 42 33 40 67 94 97 76 48 96 75 27 69 35 93 45 35 29 49 13 96 54 84 20 36 82 90 84 25 57 50 20 39 50 60 24 94 26 36 73 92 82 49 42
64 21 20 57 68 99 60 51 84 70 47 42 39 25 19 24 73 73 61 84 16 91 98 79 69 48 82 77 85 84 0 80 25 92 37 33 23 17 38 59 50 23 71 95 25 16 84 72 22 41 27 71 56 46 43 98 54 97 89 24 72 15 53 26 93 75 52 66 80 13 12 40 28 42 63 66 12 56 94 86 22 57 97 37 45 81 47 40 96 53
56 79 74 28 64 66 74 19 20 45 31 93 89 56 49 77 31 27 79 50 43 89 62 11 15 67 17 11 28 81 80 0 27 93 51 47 75 47 50 63 73 55 27 49 40 11 70 31 73 94 66 51 39 93 95 21 13 65 33 55 86 97 12 73 52 17 82 14 14 53 23 16 86 30 57 70 97 22 57 31 49 51 64 28 25 45 14 57 52 51
25 39 27 32 81 96 48 71 38 21 39 34 59 79 59 30 49 43 33 71 73 53 97 50 70 99 35 81 76 92 25 27 0 42 19 98 26 79 14 99 25 62 37 33 81 15 25 41 20 78 86 41 58 69 10 86 23 60 85 18 93 73 68 27 89 57 76 38 76 26 47 55 11 20 99 98 40 57 56 26 19 49 99 43 89 15 56 45 23 80
86 87 72 86 79 32 86 60 25 40 73 47 45 82 87 12 26 93 20 66 14 62 53 38 59 90 19 14 61 92 92 93 42 0 83 31 44 80 62 37 93 99 59 96 30 43 50 47 16 93 90 49 74 48 27 31 16 51 91 15 18 57 69 80 35 10 27 69 61 71 72 45 58 71 45 74 34 77 60 73 78 85 12 27 91 65 92 91 30 85
74 73 70 29 24 19 48 72 98 35 76 58 57 44 26 16 13 53 98 44 21 92 60 58 48 48 18 71 43 53 37 51 19 83 0 20 97 48 40 39 17 30 74 56 10 84 30 93 50 16 72 43 74 38 58 35 79 98 61 18 31 84 33 66 79 25 49 69 94 75 12 45 85 45 41 67 28 71 33 95 41 76 14 68 76 48 48 28 14 55
65 84 82 81 20 95 32 12 16 13 62 25 71 72 81 74 50 68 72 67 94 32 28 17 41 82 15 32 55 91 33 47 98 31 20 0 13 39 44 30 29 96 24 19 27 59 66 45 58 91 28 52 13 46 32 44 62 30 89 31 26 18 30 72 13 50 20 65 84 22 31 37 26 29 39 90 37 52 30 71 26 19 61 59 75 94 46 40 58 29
93 15 85 99 72 66 11 24 59 52 25 31 97 48 51 96 35 86 34 10 23 19 13 30 48 39 74 45 14 56 23 75 26 44 97 13 0 20 70 95 87 11 85 66 13 62 64 40 38 39 28 31 13 68 62 49 65 44 37 97 92 67 46 82 10 59 64 82 74 51 80 58 10 32 40 18 23 73 86 19 40 30 85 26 63 24 82 29 61 16
36 34 54 92 86 78 71 89 83 92 83 20 57 27 25 61 94 76 96 31 18 77 85 14 71 46 33 57 43 69 17 47 79 80 48 39 20 0 52 36 92 52 45 87 29 95 31 45 43 87 88 33 21 58 59 34 12 58 51 19 30 66 14 29 26 88 93 24 12 87 42 68 63 54 84 80 16 49 32 90 28 18 74 99 53 87 17 30 56 33
12 78 20 94 80 87 18 16 43 50 83 45 60 27 33 25 62 57 81 23 27 48 65 79 45 20 44 34 79 10 38 50 14 62 40 44 70 52 0 24 44 36 81 16 12 45 30 42 46 47 78 25 35 93 86 12 36 69 44 41 21 39 29 56 36 96 13 85 19 10 41 59 42 54 14 58 35 27 95 53 15 94 27 46 83 58 93 54 53 99
86 29 37 47 10 63 31 22 83 50 88 29 72 21 72 40 71 76 55 30 91 11 26 13 82 86 12 75 56 63 59 63 99 37 39 30 95 36 24 0 41 76 61 54 76 16 25 92 23 54 95 24 25 67 10 76 75 46 79 71 64 77 84 95 71 25 90 90 29 79 43 79 41 35 46 86 50 19 37 45 45 42 14 55 29 25 99 74 24 36
51 69 60 19 39 29 57 26 57 13 99 11 50 21 40 98 79 99 79 72 88 89 28 33 17 14 54 35 96 47 50 73 25 93 17 29 87 92 44 41 0 58 44 17 45 35 22 20 47 19 90 26 16 87 60 86 30 89 52 87 22 54 41 48 70 33 67 80 21 28 97 61 20 52 68 46 50 53 10 32 99 76 27 27 64 86 12 24 18 33
51 74 68 32 81 92 88 26 84 60 10 24 93 97 29 11 36 65 31 54 37 34 52 20 63 55 41 71 68 24 23 55 62 99 30 96 11 52 36 76 58 0 51 66 86 90 20 67 38 62 11 12 87 10 64 38 33 69 26 98 11 15 70 21 36 82 42 80 85 84 21 49 50 38 68 66 58 15 99 44 85 27 86 67 82 95 94 98 42 21
51 39 87 49 77 95 72 28 46 51 49 15 83 65 30 52 12 75 36 94 41 36 26 11 47 90 32 20 43 79 71 27 37 59 74 24 85 45 81 61 44 51 0 69 64 44 42 87 14 87 22 95 78 50 10 14 60 29 45 31 88 28 66 27 21 60 43 92 68 54 92 86 59 33 42 87 65 93 43 86 40 68 85 29 41 80 50 96 51 25
32 48 89 56 81 61 97 67 86 39 60 81 57 23 30 41 36 77 76 11 93 75 95 81 19 73 99 75 19 97 95 49 33 96 56 19 66 87 16 54 17 66 69 0 36 70 72 80 51 60 46 27 62 97 77 45 61 88 16 47 62 91 84 14 50 78 40 52 68 72 93 71 82 60 75 11 60 84 48 94 67 43 76 93 76 36 73 65 55 29
77 74 27 21 92 35 95 66 91 35 23 78 60 65 86 78 97 37 72 53 14 59 83 70 79 82 42 27 68 47 25 40 81 30 10 27 13 29 12 76 45 86 64 36 0 84 49 44 29 63 21 92 28 49 25 51 96 68 49 95 84 23 20 12 83 84 23 99 60 31 12 32 85 85 57 99 91 74 81 33 72 75 51 33 47 27 88 95 13 69
34 53 80 57 97 42 65 34 93 11 41 81 91 64 44 58 30 13 70 88 95 75 87 26 53 87 56 96 53 56 16 11 15 43 84 59 62 95 45 16 35 90 44 70 84 0 14 69 93 78 55 92 17 85 94 89 29 78 43 23 18 67 91 81 18 77 34 10 51 27 62 40 27 20 22 61 91 12 38 77 92 46 99 43 31 13 11 24 17 15
79 42 63 49 44 97 93 18 88 19 97 11 71 17 59 50 89 17 61 61 73 93 56 52 15 20 29 27 64 71 84 70 25 50 30 66 64 31 30 25 22 20 42 72 49 14 0 40 72 51 97 68 30 65 83 89 38 97 71 83 93 55 73 77 36 42 67 74 36 68 95 35 87 89 94 47 59 68 30 75 72 64 52 32 75 42 65 82 10 58
29 58 16 76 39 19 12 66 73 29 98 37 64 84 51 78 69 23 26 74 47 33 67 99 51 87 10 89 11 42 72 31 41 47 93 45 40 45 42 92 20 67 87 80 44 69 40 0 86 97 68 37 97 64 27 43 14 49 46 25 26 83 51 50 38 19 56 67 71 46 70 83 17 67 21 23 26 28 93 88 39 28 18 63 42 27 33 57 78 57
56 17 97 93 90 42 48 93 76 70 53 32 82 22 55 20 23 55 62 43 90 76 53 16 35 41 40 16 31 33 22 73 20 16 50 58 38 43 46 23 47 38 14 51 29 93 72 86 0 30 42 80 36 42 87 14 82 25 95 50 58 93 19 31 32 26 58 87 50 93 69 69 86 24 29 11 84 82 85 23 63 48 70 15 66 36 12 84 71 31
12 58 40 85 29 33 57 92 84 21 30 35 63 46 89 48 63 60 93 90 80 12 69 77 92 97 66 39 57 40 41 94 78 93 16 91 39 87 47 54 19 62 87 60 63 78 51 97 30 0 24 16 85 50 68 13 89 97 55 15 44 47 33 59 56 89 42 37 73 75 91 46 93 49 73 42 21 63 23 79 88 91 27 54 33 65 73 41 87 64
13 12 36 23 69 32 47 15 94 69 46 83 84 86 64 82 87 32 94 79 77 79 89 19 73 93 34 22 10 67 27 66 86 90 72 28 28 88 78 95 90 11 22 46 21 55 97 68 42 24 0 68 30 95 32 35 66 62 29 90 54 47 93 69 26 67 25 97 81 97 71 27 40 61 72 14 33 33 44 26 51 65 91 34 74 61 36 23 22 58
52 26 93 73 67 58 28 18 47 36 24 27 86 81 51 67 32 92 74 35 16 99 96 66 97 51 72 77 58 94 71 51 41 49 43 52 31 33 25 24 26 12 95 27 92 92 68 37 80 16 68 0 62 78 20 30 64 21 74 19 43 71 42 22 81 92 32 43 88 32 29 47 23 49 74 51 19 74 33 15 18 98 51 83 19 73 18 51 55 53
22 74 33 71 57 59 46 60 49 47 66 80 57 68 61 43 48 79 10 90 34 41 25 57 38 38 69 68 53 97 56 39 58 74 74 13 13 21 35 25 16 87 78 62 28 17 30 97 36 85 30 62 0 57 17 79 19 17 60 21 76 72 27 97 60 31 53 60 78 22 17 64 54 33 17 68 75 47 93 49 36 70 14 16 71 70 23 12 24 15
85 98 96 87 68 82 38 77 49 49 14 42 75 87 48 11 66 63 24 71 86 50 63 96 55 17 69 43 33 76 46 93 69 48 38 46 68 58 93 67 87 10 50 97 49 85 65 64 42 50 95 78 57 0 17 33 26 92 50 65 81 91 98 39 55 53 80 55 58 87 56 37 88 91 94 78 28 26 88 45 89 16 68 87 29 53 33 66 72 49
26 80 40 58 62 92 39 12 62 13 43 86 25 57 23 87 73 84 77 62 16 86 67 70 72 96 68 84 83 48 43 95 10 27 58 32 62 59 86 10 60 64 10 77 25 94 83 27 87 68 32 20 17 17 0 76 54 88 34 53 32 68 16 26 56 66 58 73 85 47 13 77 56 65 89 97 54 67 23 43 98 47 71 57 16 41 91 27 83 84
98 47 22 39 26 35 80 43 28 79 33 91 17 83 62 52 27 64 45 76 21 75 69 41 96 73 60 29 60 96 98 21 86 31 35 44 49 34 12 76 86 38 14 45 51 89 89 43 14 13 35 30 79 33 76 0 38 77 71 63 55 37 68 26 56 96 91 50 86 67 30 62 88 45 40 21 81 41 27 74 67 19 95 29 87 28 33 46 39 73
62 65 78 22 24 39 35 95 90 41 21 10 95 92 41 45 56 78 14 43 71 97 31 83 36 65 60 80 56 75 54 13 23 16 79 62 65 12 36 75 30 33 60 61 96 29 38 14 82 89 66 64 19 26 54 38 0 40 75 10 66 61 15 90 34 78 45 64 88 14 41 38 16 71 66 99 14 11 59 29 77 79 83 10 27 53 73 97 58 44
32 69 68 58 57 46 93 16 48 15 21 35 17 90 67 70 86 40 45 21 22 61 88 80 35 58 37 65 54 27 97 65 60 51 98 30 44 58 69 46 89 69 29 88 68 78 97 49 25 97 62 21 17 92 88 77 40 0 52 58 30 98 49 41 34 19 63 97 25 43 88 98 79 22 13 87 69 62 76 16 49 48 11 47 83 12 99 93 97 74
52 83 49 31 41 33 50 87 14 87 32 48 47 77 60 24 56 49 68 99 66 25 72 83 90 58 36 90 50 69 89 33 85 91 61 89 37 51 44 79 52 26 45 16 49 43 71 46 95 55 29 74 60 50 34 71 75 52 0 27 77 90 27 74 67 74 27 67 65 75 91 90 45 79 78 50 62 36 45 57 88 65 98 66 15 88 13 88 24 40
64 44 75 62 96 32 58 49 26 38 30 29 67 54 71 51 25 64 83 77 74 81 25 99 68 82 35 81 62 35 24 55 18 15 18 31 97 19 41 71 87 98 31 47 95 23 83 25 50 15 90 19 21 65 53 63 10 58 27 0 17 67 85 22 93 68 56 73 87 43 31 47 42 94 64 47 23 98 64 89 17 78 96 86 55 42 42 56 90 26
52 94 11 11 20 62 43 32 96 92 64 14 67 45 87 86 71 53 69 29 36 59 73 44 93 61 57 65 94 93 72 86 93 18 31 26 92 30 21 64 22 11 88 62 84 18 93 26 58 44 54 43 76 81 32 55 66 30 77 17 0 10 58 18 18 80 11 57 36 73 42 16 99 85 69 70 50 39 21 54 69 59 64 24 54 43 47 88 71 90
62 11 50 23 59 76 82 81 40 80 22 90 89 29 79 19 61 82 28 16 62 38 53 12 83 59 24 63 49 45 15 97 73 57 84 18 67 66 39 77 54 15 28 91 23 67 55 83 93 47 47 71 72 91 68 37 61 98 90 67 10 0 19 24 51 59 45 35 18 66 43 85 33 90 38 93 95 10 13 78 95 90 19 89 50 74 53 95 79 57
51 34 48 35 10 87 60 44 43 63 59 22 54 46 66 58 10 76 58 88 74 62 51 78 86 17 59 31 68 35 53 12 68 69 33 30 46 14 29 84 41 70 66 84 20 91 73 51 19 33 93 42 27 98 16 68 15 49 27 85 58 19 0 25 99 10 25 72 20 15 73 22 75 16 13 91 93 75 49 93 92 19 74 21 24 61 22 99 44 73
80 55 97 22 60 25 32 80 95 61 21 52 40 73 87 56 99 29 56 51 57 93 92 68 76 32 51 44 68 29 26 73 27 80 66 72 82 29 56 95 48 21 27 14 12 81 77 50 31 59 69 22 97 39 26 26 90 41 74 22 18 24 25 0 19 71 11 26 15 97 95 35 29 68 73 74 83 46 72 98 50 70 22 70 67 11 27 45 39 26
89 80 25 30 49 32 38 82 21 60 45 72 41 45 65 63 14 64 16 54 46 80 32 36 76 61 75 12 29 49 93 52 89 35 79 13 10 26 36 71 70 36 21 50 83 18 36 38 32 56 26 81 60 55 56 56 34 34 67 93 18 51 99 19 0 75 34 34 31 23 83 77 59 65 45 55 94 22 88 78 35 84 74 99 90 92 39 64 55 94
45 48 32 56 30 33 67 65 67 45 44 57 88 36 32 42 33 97 83 85 93 43 23 66 53 83 54 20 39 13 75 17 57 10 25 50 59 88 96 25 33 82 60 78 84 77 42 19 26 89 67 92 31 53 66 96 78 19 74 68 80 59 10 71 75 0 81 71 35 98 18 70 46 82 36 49 28 36 15 43 14 20 66 29 42 56 30 82 17 56
56 61 42 23 35 65 95 97 32 74 91 37 56 48 98 82 29 95 27 35 36 11 62 12 33 35 77 26 75 96 52 82 76 27 49 20 64 93 13 90 67 42 43 40 23 34 67 56 58 42 25 32 53 80 58 91 45 63 27 56 11 45 25 11 34 81 0 73 69 39 51 63 70 94 72 91 48 81 34 42 75 46 34 84 83 19 28 21 51 12
60 90 45 73 76 57 92 52 17 66 46 81 40 93 89 12 70 62 18 58 99 99 58 18 24 67 54 49 96 54 66 14 38 69 69 65 82 24 85 90 80 80 92 52 99 10 74 67 87 37 97 43 60 55 73 50 64 97 67 73 57 35 72 26 34 71 73 0 45 18 94 86 44 43 88 46 25 22 83 24 82 67 69 83 96 22 36 33 85 37
41 40 54 93 33 95 81 40 94 94 88 50 24 45 91 85 96 69 89 51 26 60 93 26 67 96 52 99 38 84 80 14 76 61 94 84 74 12 19 29 21 85 68 68 60 51 36 71 50 73 81 88 78 58 85 86 88 25 65 87 36 18 20 15 31 35 69 45 0 55 26 65 56 77 10 11 14 34 58 83 67 26 18 55 67 82 45 85 16 14
48 18 33 66 86 93 63 21 15 46 39 92 58 64 25 14 24 49 45 52 95 14 21 25 76 47 93 20 98 20 13 53 26 71 75 22 51 87 10 79 28 84 54 72 31 27 68 46 93 75 97 32 22 87 47 67 14 43 75 43 73 66 15 97 23 98 39 18 55 0 72 69 20 29 28 13 59 91 33 79 44 27 25 14 14 48 69 85 62 26
78 68 94 62 35 66 25 46 44 42 64 96 17 68 58 36 10 71 26 86 76 47 63 48 73 50 11 58 48 36 12 23 47 72 12 31 80 42 41 43 97 21 92 93 12 62 95 70 69 91 71 29 17 56 13 30 41 88 91 31 42 43 73 95 83 18 51 94 26 72 0 23 52 73 29 29 58 64 30 31 28 41 47 19 96 90 32 36 93 12
78 17 86 85 83 15 32 39 41 12 50 81 23 96 57 99 28 37 88 11 37 86 28 72 93 45 17 65 80 82 40 16 55 45 45 37 58 68 59 79 61 49 86 71 32 40 35 83 69 46 27 47 64 37 77 62 38 98 90 47 16 85 22 35 77 70 63 86 65 69 23 0 88 81 12 55 61 68 16 73 64 60 19 16 89 59 95 64 36 85
34 18 63 86 69 51 83 26 82 45 79 65 94 64 81 54 72 67 76 46 33 96 77 54 42 49 95 55 20 90 28 86 11 58 85 26 10 63 42 41 20 50 59 82 85 27 87 17 86 93 40 23 54 88 56 88 16 79 45 42 99 33 75 29 59 46 70 44 56 20 52 88 0 46 98 14 26 79 41 93 77 36 58 41 52 85 98 90 24 19
66 50 88 40 85 23 28 33 29 52 86 86 25 42 96 64 83 89 37 55 21 34 69 86 28 43 70 82 43 84 42 30 20 71 45 29 32 54 54 35 52 38 33 60 85 20 89 67 24 49 61 49 33 91 65 45 71 22 79 94 85 90 16 68 65 82 94 43 77 29 73 81 46 0 24 78 19 57 43 32 88 16 82 43 60 20 62 29 42 67
91 19 62 27 29 50 55 25 29 40 12 22 42 35 26 95 37 48 37 15 56 27 27 29 90 22 28 30 40 25 63 57 99 45 41 39 40 84 14 46 68 68 42 75 57 22 94 21 29 73 72 74 17 94 89 40 66 13 78 64 69 38 13 73 45 36 72 88 10 28 29 12 98 24 0 92 12 69 45 20 85 31 22 99 73 70 37 21 59 56
21 67 53 97 44 77 90 50 30 42 88 95 62 16 91 19 34 44 12 32 61 53 90 88 42 20 91 73 73 57 66 70 98 74 67 90 18 80 58 86 46 66 87 11 99 61 47 23 11 42 14 51 68 78 97 21 99 87 50 47 70 93 91 74 55 49 91 46 11 13 29 55 14 78 92 0 74 69 37 92 33 33 19 34 89 97 86 60 22 17
52 76 94 87 72 72 86 18 74 19 89 50 68 16 65 50 66 41 57 29 50 40 65 17 93 61 53 25 43 50 12 97 40 34 28 37 23 16 35 50 50 58 65 60 91 91 59 26 84 21 33 19 75 28 54 81 14 69 62 23 50 95 93 83 94 28 48 25 14 59 58 61 26 19 12 74 0 35 45 19 87 35 37 14 77 39 48 58 37 51
60 37 39 68 17 78 32 32 60 89 85 84 12 80 56 13 21 94 52 36 32 42 94 70 31 15 56 71 63 20 56 22 57 77 71 52 73 49 27 19 53 15 93 84 74 12 68 28 82 63 33 74 47 26 67 41 11 62 36 98 39 10 75 46 22 36 81 22 34 91 64 68 79 57 69 69 35 0 10 10 92 49 19 79 88 70 22 76 20 78
89 34 67 90 25 46 36 43 25 90 80 65 75 68 61 37 38 91 67 23 92 49 80 81 92 55 88 93 47 39 94 57 56 60 33 30 86 32 95 37 10 99 43 48 81 38 30 93 85 23 44 33 93 88 23 27 59 76 45 64 21 13 49 72 88 15 34 83 58 33 30 16 41 43 45 37 45 10 0 99 28 74 32 16 16 18 23 44 17 35
84 93 51 93 85 12 16 24 51 40 88 29 87 57 62 86 97 50 32 75 88 34 43 84 47 37 85 63 52 50 86 31 26 73 95 71 19 90 53 45 32 44 86 94 33 77 75 88 23 79 26 15 49 45 43 74 29 16 57 89 54 78 93 98 78 43 42 24 83 79 31 73 93 32 20 92 19 10 99 0 49 63 16 73 34 73 98 90 75 71
89 48 82 37 61 40 86 46 96 91 48 27 23 68 11 94 85 36 67 65 55 37 33 40 10 76 85 24 95 60 22 49 19 78 41 26 40 28 15 45 99 85 40 67 72 92 72 39 63 88 51 18 36 89 98 67 77 49 88 17 69 95 92 50 35 14 75 82 67 44 28 64 77 88 85 33 87 92 28 49 0 89 14 89 65 28 41 10 81 77
23 86 38 30 26 30 99 81 60 23 13 21 48 12 82 82 38 33 65 98 96 61 30 96 93 39 10 57 26 24 57 51 49 85 76 19 30 18 94 42 76 27 68 43 75 46 64 28 48 91 65 98 70 16 47 19 79 48 65 78 59 90 19 70 84 20 46 67 26 27 41 60 36 16 31 33 35 49 74 63 89 0 27 66 97 18 18 81 29 69
90 35 73 65 82 73 78 62 99 17 38 31 42 76 71 10 74 90 77 16 28 87 68 21 86 36 60 71 60 94 97 64 99 12 14 61 85 74 27 14 27 86 85 76 51 99 52 18 70 27 91 51 14 68 71 95 83 11 98 96 64 19 74 22 74 66 34 69 18 25 47 19 58 82 22 19 37 19 32 16 14 27 0 75 85 13 93 58 72 91
18 43 71 15 40 79 54 36 47 62 90 88 70 28 74 25 22 35 47 89 11 11 22 34 83 67 44 99 92 26 37 28 43 27 68 59 26 99 46 55 27 67 29 93 33 43 32 63 15 54 34 83 16 87 57 29 10 47 66 86 24 89 21 70 99 29 84 83 55 14 19 16 41 43 99 34 14 79 16 73 89 66 75 0 97 87 50 31 62 57
10 13 97 64 81 67 73 79 78 40 49 76 43 32 46 87 21 45 75 66 41 47 32 88 12 63 60 30 79 36 45 25 89 91 76 75 63 53 83 29 64 82 41 76 47 31 75 42 66 33 74 19 71 29 16 87 27 83 15 55 54 50 24 67 90 42 83 96 67 14 96 89 52 60 73 89 77 88 16 34 65 97 85 97 0 37 10 95 49 44
47 12 55 71 38 40 60 77 53 77 60 57 89 15 46 13 77 33 74 87 96 42 63 26 89 93 55 81 20 73 81 45 15 65 48 94 24 87 58 25 86 95 80 36 27 13 42 27 36 65 61 73 70 53 41 28 53 12 88 42 43 74 61 11 92 56 19 22 82 48 90 59 85 20 70 97 39 70 18 73 28 18 13 87 37 0 29 86 35 87
61 46 44 83 70 33 81 52 40 18 94 64 35 83 22 38 57 61 35 10 49 14 61 49 68 52 87 65 46 92 47 14 56 92 48 46 82 17 93 99 12 94 50 73 88 11 65 33 12 73 36 18 23 33 91 33 73 99 13 42 47 53 22 27 39 30 28 36 45 69 32 95 98 62 37 86 48 22 23 98 41 18 93 50 10 29 0 37 63 42
75 67 61 71 37 86 12 21 42 57 68 90 77 23 62 90 78 75 99 23 62 85 80 50 34 96 65 43 67 82 40 57 45 91 28 40 29 30 54 74 24 98 96 65 95 24 82 57 84 41 23 51 12 66 27 46 97 93 88 56 88 95 99 45 64 82 21 33 85 85 36 64 90 29 21 60 58 76 44 90 10 81 58 31 95 86 37 0 38 80
62 73 32 86 40 40 15 28 44 67 29 46 32 72 74 79 98 54 44 92 59 67 36 38 73 88 34 43 79 49 96 52 23 30 14 58 61 56 53 24 18 42 51 55 13 17 10 78 71 87 22 55 24 72 83 39 58 97 24 90 71 79 44 39 55 17 51 85 16 62 93 36 24 42 59 22 37 20 17 75 81 29 72 62 49 35 63 38 0 36
46 17 83 37 72 30 86 26 19 39 37 93 10 97 49 98 72 89 43 40 30 70 27 85 83 36 89 32 88 42 53 51 80 85 55 29 16 33 99 36 33 21 25 29 69 15 58 57 31 64 58 53 15 49 84 73 44 74 40 26 90 57 73 26 94 56 12 37 14 26 12 85 19 67 56 17 51 78 35 71 77 69 91 57 44 87 42 80 36 0