110
0 27 25 29 53 85 96 74 27 22 52 29 13 47 92 87 57 33 60 88 79 17 88 13 52 28 31 73 24 18 43 91 64 30 72 20 94 43 93 11 39 54 72 17 11 17 11 83 34 55 78 51 26 34 94 68 59 32 48 12 56 20 35 70 77 41 63 20 17 41 11 10 43 35 24 50 84 43 87 53 75 78 59 92 74 93 24 82 84 74 50 98 88 90 94 27 52 86 15 65 95 39 28 87 13 35 36 52 90 10
27 0 84 59 71 54 68 43 91 97 81 24 11 36 82 83 55 47 21 19 20 74 39 57 98 86 53 25 89 86 54 98 34 94 20 40 94 13 39 60 84 42 83 98 48 19 91 62 56 56 52 13 78 56 11 64 20 75 30 19 39 77 96 29 26 20 89 87 77 75 61 57 22 62 66 40 18 19 12 45 50 93 52 56 16 22 51 27 47 46 28 62 20 67 75 34 19 12 98 49 58 31 34 23 40 43 25 21 85 36
25 84 0 97 68 54 28 36 86 55 60 23 46 62 38 79 72 89 47 50 29 34 68 71 96 80 75 41 36 71 17 82 82 38 66 50 88 79 65 14 88 80 11 62 24 23 75 72 77 73 86 97 45 70 94 79 40 53 31 98 32 71 22 26 43 99 87 48 70 13 57 78 17 86 91 34 60 97 67 31 93 28 32 26 15 70 27 98 83 68 78 22 99 28 75 75 31 22 15 39 91 95 68 54 15 17 41 22 79 89
29 59 97 0 82 46 26 39 76 43 66 67 56 63 39 44 21 50 10 98 15 26 96 84 14 17 51 73 41 52 42 84 16 20 80 31 90 23 69 30 34 76 81 45 36 30 44 93 10 30 74 73 40 56 87 12 77 58 46 11 22 89 11 14 22 20 79 51 65 91 19 58 71 42 20 77 77 49 29 66 43 31 11 26 71 98 49 62 21 81 68 21 89 88 89 91 66 52 74 91 72 30 34 19 25 22 93 36 43 41
53 71 68 82 0 70 58 38 74 33 73 41 53 69 62 31 32 42 18 59 47 12 37 49 28 40 84 16 65 37 95 68 77 57 85 46 27 41 51 29 36 29 77 66 54 77 15 17 93 81 90 38 92 20 44 87 62 42 24 76 63 59 67 69 75 69 96 39 38 39 63 19 48 41 90 74 74 43 92 23 55 28 17 72 30 48 85 65 49 73 86 94 49 18 81 14 93 74 90 47 41 72 30 68 36 45 18 14 40 46
85 54 54 46 70 0 57 67 80 50 70 93 34 37 60 35 88 56 97 20 68 14 41 28 94 22 75 64 26 17 86 50 64 85 70 22 37 45 74 65 88 24 66 40 72 70 23 18 59 87 33 48 29 90 10 66 21 13 17 48 35 67 97 29 85 96 29 75 64 95 35 59 34 19 12 66 34 67 15 26 81 39 94 37 25 49 91 82 90 80 68 93 21 84 56 29 42 34 67 60 80 89 15 75 49 61 97 14 41 76
96 68 28 26 58 57 0 40 26 53 40 65 90 61 26 91 86 65 91 64 85 49 30 34 47 23 55 81 61 35 83 94 61 83 92 14 10 61 56 52 52 46 32 97 94 81 66 18 41 84 71 32 67 90 55 81 30 11 57 90 56 92 46 71 77 88 69 46 68 37 90 61 57 15 52 67 74 34 78 63 53 36 99 33 28 82 48 13 15 17 71 67 38 29 41 81 94 84 39 26 11 89 39 56 43 96 71 43 26 31
74 43 36 39 38 67 40 0 16 16 44 97 88 32 27 89 59 62 80 97 77 65 49 30 33 18 36 61 17 34 68 39 28 16 87 46 35 39 62 16 13 11 96 91 83 65 50 82 51 31 12 87 92 68 55 94 73 48 48 48 81 63 28 74 11 18 78 32 26 92 99 59 70 20 90 92 76 97 46 15 87 78 94 92 72 10 49 79 56 87 99 60 56 76 40 40 84 43 39 80 97 49 20 66 74 12 91 74 82 79
27 91 86 76 74 80 26 16 0 48 19 52 90 63 56 38 92 43 95 67 96 67 48 92 59 81 47 90 14 16 86 81 60 25 40 39 25 34 69 87 78 43 66 16 50 60 24 79 62 91 71 54 36 24 89 45 91 54 96 44 65 59 70 78 84 11 67 55 42 59 42 41 88 65 54 14 22 74 36 66 20 34 63 49 92 69 86 66 49 11 78 60 38 14 62 62 15 87 46 18 56 53 45 19 64 34 30 99 78 47
22 97 55 43 33 50 53 16 48 0 12 65 16 58 90 58 59 74 62 93 53 11 39 62 88 85 31 66 60 71 10 91 65 92 91 48 39 85 75 71 85 92 97 47 81 37 96 31 32 41 32 80 71 32 35 11 69 90 58 74 79 82 65 55 53 57 45 16 97 44 31 57 75 31 45 13 77 51 41 50 89 64 79 35 39 94 59 78 13 62 67 97 94 25 61 76 10 30 26 52 39 61 55 35 84 75 25 56 71 91
52 81 60 66 73 70 40 44 19 12 0 72 11 22 18 28 70 10 48 69 24 39 33 30 31 39 13 69 95 81 12 31 47 47 63 86 31 88 67 58 42 40 79 14 15 62 82 42 37 40 77 56 22 93 21 53 17 11 26 72 68 96 62 68 48 30 89 24 61 89 34 24 27 88 23 85 61 90 79 88 89 54 79 53 50 46 19 40 87 19 27 76 14 21 10 18 43 54 11 42 61 27 79 99 36 58 77 31 30 40
29 24 23 67 41 93 65 97 52 65 72 0 82 89 67 24 68 41 95 53 83 16 93 23 46 94 83 75 11 49 38 95 81 57 65 42 41 57 25 94 26 40 44 86 78 66 83 35 86 80 26 88 11 26 10 24 86 66 83 63 76 16 76 46 85 13 48 98 66 17 79 22 49 53 80 24 72 41 10 15 29 78 69 25 15 95 45 30 64 97 42 28 73 25 20 10 78 44 51 60 17 46 27 76 70 83 67 34 72 42
13 11 46 56 53 34 90 88 90 16 11 82 0 73 26 27 38 87 75 19 63 31 26 90 33 99 13 32 36 51 47 15 17 38 77 10 92 80 32 84 91 37 70 48 79 15 70 12 56 94 99 49 11 13 87 39 14 95 55 59 81 84 49 70 96 92 31 80 21 45 99 49 23 44 21 72 54 43 71 17 43 54 99 37 13 53 57 97 37 31 51 47 87 53 42 74 91 52 80 31 36 15 73 18 57 24 24 20 43 89
47 36 62 63 69 37 61 32 63 58 22 89 73 0 70 72 13 28 90 67 47 41 93 54 16 34 66 77 87 23 58 52 34 24 64 29 29 81 40 24 63 98 35 75 19 73 97 16 46 71 54 58 95 21 72 82 55 10 16 27 76 82 53 80 60 95 68 45 13 64 91 54 56 63 96 94 63 32 67 75 33 99 82 73 94 93 66 42 58 70 65 63 99 61 30 50 83 95 29 33 52 86 10 26 34 17 32 21 51 80
92 82 38 39 62 60 26 27 56 90 18 67 26 70 0 97 76 64 73 39 73 84 77 31 36 93 16 61 41 47 45 59 47 65 70 14 29 43 33 74 88 83 92 43 13 76 97 78 96 83 43 85 60 46 47 84 35 46 67 25 69 83 14 74 65 29 40 92 27 52 43 23 67 95 43 85 66 70 39 18 35 23 19 58 26 21 80 84 80 58 18 65 98 74 41 93 15 62 20 46 71 27 60 63 97 38 65 69 65 23
87 83 79 44 31 35 91 89 38 58 28 24 27 72 97 0 67 68 34 79 93 76 55 69 89 36 85 27 65 10 49 91 55 63 80 31 63 47 58 50 25 64 23 22 75 52 23 67 67 73 57 32 12 62 38 48 22 83 46 19 98 42 11 77 24 12 50 53 45 29 68 47 29 12 72 98 80 10 98 11 31 86 88 95 17 88 72 37 82 10 71 86 36 77 59 88 45 53 95 16 17 26 90 16 64 86 55 36 16 71
57 55 72 21 32 88 86 59 92 59 70 68 38 13 76 67 0 25 14 50 86 19 50 72 57 56 74 41 11 41 43 63 41 56 87 70 23 67 76 24 85 57 91 35 27 57 69 35 43 37 15 18 43 50 17 38 28 93 11 27 33 19 23 14 26 95 93 19 24 12 67 94 49 52 92 77 36 37 47 72 42 25 67 19 11 35 74 57 95 90 55 82 86 91 49 98 14 85 38 87 77 11 39 70 74 48 29 16 38 26
33 47 89 50 42 56 65 62 43 74 10 41 87 28 64 68 25 0 19 15 53 58 88 60 62 72 98 52 44 56 70 14 69 87 25 99 42 53 25 96 21 29 68 12 30 31 75 23 29 15 64 27 88 28 32 91 66 35 42 65 43 30 13 47 26 81 56 59 27 76 60 41 18 77 45 27 69 27 99 52 80 35 59 12 51 93 37 28 75 18 20 17 15 90 26 86 78 29 63 29 26 28 87 54 19 55 50 34 91 61
60 21 47 10 18 97 91 80 95 62 48 95 75 90 73 34 14 19 0 76 14 44 19 97 36 91 88 35 39 50 97 92 81 90 60 38 39 56 65 62 11 32 39 17 19 53 36 43 59 21 91 10 35 42 66 16 65 68 45 76 49 17 11 89 36 28 62 34 93 55 29 68 55 29 20 76 87 55 55 74 70 51 61 17 89 70 38 45 38 56 38 83 31 27 30 54 69 81 53 76 98 80 60 18 46 47 24 87 99 72
88 19 50 98 59 20 64 97 67 93 69 53 19 67 39 79 50 15 76 0 17 85 22 64 16 78 31 68 62 76 48 69 51 56 41 69 65 43 38 48 16 42 92 46 17 13 49 49 20 58 32 73 64 17 42 79 37 52 27 98 24 10 78 72 75 96 80 79 82 57 10 48 20 32 94 74 50 17 29 10 44 11 65 86 66 52 22 51 20 29 74 10 65 26 71 88 90 23 11 88 91 78 47 75 34 97 48 83 88 41
79 20 29 15 47 68 85 77 96 53 24 83 63 47 73 93 86 53 14 17 0 96 15 71 90 21 35 69 52 76 37 74 22 61 93 75 43 35 14 59 87 69 56 84 18 70 61 13 77 22 28 79 18 32 75 70 73 50 51 73 36 98 52 19 66 70 45 64 97 43 56 35 45 38 13 82 36 52 32 44 23 93 24 87 17 68 17 16 95 35 89 31 14 72 45 37 68 44 57 95 42 73 24 19 50 59 51 57 64 37
17 74 34 26 12 14 49 65 67 11 39 16 31 41 84 76 19 58 44 85 96 0 96 78 81 74 58 66 17 66 96 71 67 71 28 82 23 38 68 52 35 30 61 64 16 29 77 64 38 22 93 40 27 49 22 45 70 36 90 35 33 49 78 33 36 13 16 70 22 94 97 46 41 19 17 58 68 74 80 12 34 77 60 70 29 36 62 88 36 39 15 49 92 61 93 64 82 69 90 77 45 30 69 48 50 12 16 53 39 78
88 39 68 96 37 41 30 49 48 39 33 93 26 93 77 55 50 88 19 22 15 96 0 51 40 76 94 64 62 66 56 95 93 49 33 39 60 88 77 45 98 62 31 32 73 62 52 94 87 43 11 99 23 48 51 39 44 67 35 13 73 33 17 84 95 92 28 89 64 58 70 32 46 71 85 43 73 62 77 75 98 41 61 74 25 82 42 60 18 24 92 81 32 10 58 30 47 30 24 97 50 53 43 16 38 51 30 79 18 27
13 57 71 84 49 28 34 30 92 62 30 23 90 54 31 69 72 60 97 64 71 78 51 0 81 59 58 75 57 95 92 26 82 73 44 88 66 37 99 66 20 89 52 89 21 46 25 78 55 38 85 55 55 44 57 41 88 50 33 52 67 70 32 66 75 46 39 63 83 77 63 58 65 42 44 54 23 61 75 37 74 95 30 38 72 54 77 60 55 97 38 39 81 69 84 54 75 90 45 20 98 89 62 17 24 28 45 55 55 47
52 98 96 14 28 94 47 33 59 88 31 46 33 16 36 89 57 62 36 16 90 81 40 81 0 75 73 70 78 37 38 53 71 96 40 41 16 90 45 94 99 66 70 41 94 71 20 58 26 90 47 82 80 41 15 49 17 15 67 22 56 83 99 53 11 61 10 75 72 75 92 76 92 17 33 92 69 70 91 13 77 42 61 32 52 54 83 41 29 97 48 96 51 54 13 95 28 83 85 83 50 14 96 60 32 38 91 32 12 57
28 86 80 17 40 22 23 18 81 85 39 94 99 34 93 36 56 72 91 78 21 74 76 59 75 0 74 55 49 16 81 55 15 92 55 75 75 43 56 64 84 65 75 72 73 46 84 38 70 54 87 24 11 84 79 43 49 80 23 57 31 62 86 11 37 94 99 35 43 26 62 19 38 89 16 46 93 46 87 98 57 11 50 46 38 27 51 76 89 62 30 75 92 11 57 87 76 52 29 49 39 57 29 46 28 20 80 41 10 99
31 53 75 51 84 75 55 36 47 31 13 83 13 66 16 85 74 98 88 31 35 58 94 58 73 74 0 95 14 52 56 29 70 82 42 25 29 45 43 42 55 61 76 70 47 45 44 61 95 20 59 84 54 47 72 66 36 13 13 68 92 33 62 48 47 57 80 54 20 60 14 92 71 52 93 49 84 94 90 57 63 45 90 84 85 12 37 20 85 36 23 23 37 37 30 92 97 85 57 58 23 47 33 68 94 64 94 98 85 51
73 25 41 73 16 64 81 61 90 66 69 75 32 77 61 27 41 52 35 68 69 66 64 75 70 55 95 0 72 76 27 96 33 43 94 13 35 52 10 47 76 60 63 57 51 87 22 62 53 16 53 79 79 60 77 21 12 91 40 93 62 72 33 49 67 91 79 50 14 14 38 75 45 72 78 92 25 94 61 89 92 21 68 79 81 20 36 87 16 78 43 58 50 64 35 35 32 60 59 96 24 66 98 52 73 16 64 33 69 43
24 89 36 41 65 26 61 17 14 60 95 11 36 87 41 65 11 44 39 62 52 17 62 57 78 49 14 72 0 53 52 47 47 39 31 30 69 25 90 57 44 33 74 50 72 50 50 29 37 17 95 37 23 18 33 56 51 14 77 78 22 45 69 91 45 69 77 43 33 88 11 19 43 55 58 24 65 40 80 56 46 95 82 80 33 20 65 47 15 42 19 45 89 32 12 16 31 14 49 50 76 33 35 88 55 14 21 20 87 91
18 86 71 52 37 17 35 34 16 71 81 49 51 23 47 10 41 56 50 76 76 66 66 95 37 16 52 76 53 0 98 97 53 66 25 36 74 30 41 11 66 71 60 74 58 84 83 16 34 74 23 85 32 38 59 92 21 16 48 30 42 92 45 53 46 62 29 92 92 36 87 39 80 43 56 61 85 35 32 83 54 21 70 66 72 18 15 62 86 77 50 53 25 62 76 78 46 99 96 43 73 31 32 86 28 60 30 63 14 37
43 54 17 42 95 86 83 68 86 10 12 38 47 58 45 49 43 70 97 48 37 96 56 92 38 81 56 27 52 98 0 71 97 53 12 52 31 50 62 48 59 10 15 37 65 53 68 31 30 65 17 87 73 46 13 22 47 32 54 71 50 91 22 47 11 35 87 92 81 20 90 69 79 71 10 49 41 48 87 74 40 55 50 10 11 30 12 57 29 18 16 82 49 35 46 39 20 91 54 13 95 90 37 69 68 66 52 62 61 19
91 98 82 84 68 50 94 39 81 91 31 95 15 52 59 91 63 14 92 69 74 71 95 26 53 55 29 96 47 97 71 0 15 36 21 22 40 64 90 59 23 62 17 77 28 19 89 55 11 38 52 63 95 91 13 97 31 62 99 71 51 63 66 47 82 31 38 45 56 42 37 41 51 31 44 91 81 29 17 24 67 86 42 51 26 93 52 91 61 32 92 43 61 34 41 76 67 90 77 88 44 40 68 99 99 41 91 35 22 66
64 34 82 16 77 64 61 28 60 65 47 81 17 34 47 55 41 69 81 51 22 67 93 82 71 15 70 33 47 53 97 15 0 82 44 10 86 87 85 36 54 59 52 86 23 81 10 87 83 72 76 73 63 56 26 19 85 72 19 86 17 94 54 12 40 64 21 98 14 16 36 13 22 31 58 32 36 76 75 48 46 93 76 80 55 44 57 25 56 44 42 54 71 85 26 17 47 25 76 58 85 81 67 41 75 99 59 89 89 58
30 94 38 20 57 85 83 16 25 92 47 57 38 24 65 63 56 87 90 56 61 71 49 73 96 92 82 43 39 66 53 36 82 0 86 67 78 70 15 11 18 85 97 34 76 29 51 54 87 94 94 68 64 82 23 22 92 66 69 12 25 42 90 19 32 10 42 64 14 22 92 80 53 27 70 60 31 40 52 82 11 17 50 34 73 27 62 67 43 53 15 17 48 51 91 45 16 58 21 45 61 45 81 24 87 23 67 50 60 72
72 20 66 80 85 70 92 87 40 91 63 65 77 64 70 80 87 25 60 41 93 28 33 44 40 55 42 94 31 25 12 21 44 86 0 87 20 98 42 54 95 91 98 96 82 41 76 61 16 98 89 37 99 20 14 74 78 23 50 88 53 98 81 14 62 49 98 55 20 25 71 67 63 11 65 80 73 43 41 98 88 74 24 34 97 89 90 60 36 87 87 71 36 69 44 38 74 16 59 32 14 28 26 47 17 13 20 96 82 44
20 40 50 31 46 22 14 46 39 48 86 42 10 29 14 31 70 99 38 69 75 82 39 88 41 75 25 13 30 36 52 22 10 67 87 0 85 77 89 67 94 42 63 98 74 78 29 32 19 46 33 35 79 32 72 21 57 12 68 54 71 51 92 15 11 82 70 39 42 50 98 22 82 55 55 63 46 37 97 60 71 51 44 25 71 91 55 20 12 16 21 35 49 62 39 95 24 86 99 45 70 41 71 83 76 13 43 51 88 75
94 94 88 90 27 37 10 35 25 39 31 41 92 29 29 63 23 42 39 65 43 23 60 66 16 75 29 35 69 74 31 40 86 78 20 85 0 81 21 59 85 45 73 65 23 25 79 81 96 20 22 92 92 96 55 29 10 15 56 29 49 62 35 49 49 49 69 46 81 39 83 38 38 22 98 27 94 17 53 22 47 54 27 34 82 97 18 73 15 39 56 97 20 36 84 90 44 68 48 39 71 93 90 65 59 77 32 98 23 86
43 13 79 23 41 45 61 39 34 85 88 57 80 81 43 47 67 53 56 43 35 38 88 37 90 43 45 52 25 30 50 64 87 70 98 77 81 0 30 57 71 82 73 87 87 26 44 44 45 95 28 62 72 26 85 87 34 54 98 63 11 26 64 78 84 54 75 77 68 39 23 10 28 74 14 90 32 43 71 32 74 56 25 55 77 77 84 23 88 63 67 88 44 71 39 13 46 47 79 85 44 45 32 23 34 92 56 49 41 57
93 39 65 69 51 74 56 62 69 75 67 25 32 40 33 58 76 25 65 38 14 68 77 99 45 56 43 10 90 41 62 90 85 15 42 89 21 30 0 59 48 65 44 53 97 40 24 30 59 86 75 29 87 33 52 53 71 22 67 53 37 68 18 69 66 39 30 96 70 67 83 78 25 98 80 38 48 99 79 11 69 96 33 75 75 60 36 82 84 89 95 39 63 93 24 53 10 78 66 49 21 48 54 67 29 18 23 44 67 88
11 60 14 30 29 65 52 16 87 71 58 94 84 24 74 50 24 96 62 48 59 52 45 66 94 64 42 47 57 11 48 59 36 11 54 67 59 57 59 0 61 15 79 26 19 12 60 55 58 42 46 20 80 32 81 60 35 40 79 77 23 14 69 22 92 42 83 63 86 37 79 50 82 76 24 68 84 64 31 28 37 41 92 37 34 90 12 20 52 87 93 22 25 15 42 45 48 71 56 32 94 32 20 47 79 78 34 63 97 22
39 84 88 34 36 88 52 13 78 85 42 26 91 63 88 25 85 21 11 16 87 35 98 20 99 84 55 76 44 66 59 23 54 18 95 94 85 71 48 61 0 14 89 12 13 59 21 17 23 65 47 47 11 88 32 15 44 19 99 19 64 20 15 28 81 83 70 60 45 10 98 20 65 78 58 70 68 18 41 18 27 71 31 72 34 70 76 95 33 66 31 46 39 72 68 55 54 70 91 33 96 36 74 72 94 37 21 67 65 57
54 42 80 76 29 24 46 11 43 92 40 40 37 98 83 64 57 29 32 42 69 30 62 89 66 65 61 60 33 71 10 62 59 85 91 42 45 82 65 15 14 0 14 15 33 97 12 23 43 17 25 17 77 75 11 58 46 88 74 13 79 19 21 93 84 62 78 82 64 53 20 69 42 35 38 60 12 54 90 99 33 89 18 92 80 20 23 21 53 96 95 41 89 44 38 35 88 39 58 94 46 48 26 65 40 53 85 69 41 15
72 83 11 81 77 66 32 96 66 97 79 44 70 35 92 23 91 68 39 92 56 61 31 52 70 75 76 63 74 60 15 17 52 97 98 63 73 73 44 79 89 14 0 19 33 45 66 85 73 18 33 64 86 95 71 21 60 92 48 46 25 31 25 84 92 46 72 94 56 23 68 63 39 91 32 49 17 42 48 29 37 52 52 38 89 59 41 35 44 58 74 10 13 59 22 87 60 68 67 65 12 58 45 29 53 44 44 33 31 64
17 98 62 45 66 40 97 91 16 47 14 86 48 75 43 22 35 12 17 46 84 64 32 89 41 72 70 57 50 74 37 77 86 34 96 98 65 87 53 26 12 15 19 0 27 39 32 78 11 37 32 86 52 48 10 69 31 87 12 39 29 68 88 14 26 33 46 46 50 85 21 25 81 63 51 92 50 93 53 20 96 60 80 56 21 91 43 66 11 11 15 51 99 95 79 50 95 67 90 66 99 99 32 86 81 22 32 16 96 78
11 48 24 36 54 72 94 83 50 81 15 78 79 19 13 75 27 30 19 17 18 16 73 21 94 73 47 51 72 58 65 28 23 76 82 74 23 87 97 19 13 33 33 27 0 56 14 14 40 86 86 87 64 61 86 45 55 39 56 33 17 23 46 86 54 20 68 18 68 82 49 28 21 23 43 88 42 83 38 83 28 82 83 85 95 11 46 22 88 45 20 38 37 30 14 62 79 98 17 96 39 30 40 19 57 73 33 54 65 52
17 19 23 30 77 70 81 65 60 37 62 66 15 73 76 52 57 31 53 13 70 29 62 46 71 46 45 87 50 84 53 19 81 29 41 78 25 26 40 12 59 97 45 39 56 0 17 96 11 50 91 82 38 73 56 29 32 49 64 66 60 85 11 15 62 88 21 18 13 37 22 37 75 48 71 62 28 26 28 45 61 39 26 10 15 81 69 62 72 23 28 62 45 23 26 59 45 34 54 26 39 80 93 35 51 47 11 32 70 94
11 91 75 44 15 23 66 50 24 96 82 83 70 97 97 23 69 75 36 49 61 77 52 25 20 84 44 22 50 83 68 89 10 51 76 29 79 44 24 60 21 12 66 32 14 17 0 95 84 82 36 57 72 69 74 49 75 25 33 39 85 69 46 21 28 74 13 34 65 19 28 93 95 89 63 74 11 16 84 87 55 33 90 44 97 79 75 98 32 98 44 27 69 20 37 64 51 13 18 13 60 33 33 86 95 44 19 54 19 57
83 62 72 93 17 18 18 82 79 31 42 35 12 16 78 67 35 23 43 49 13 64 94 78 58 38 61 62 29 16 31 55 87 54 61 32 81 44 30 55 17 23 85 78 14 96 95 0 16 97 70 48 25 83 70 91 40 87 49 36 13 72 22 31 75 31 67 55 52 95 21 58 54 55 54 59 34 34 95 65 77 15 18 34 15 77 44 67 93 40 92 39 10 80 93 54 14 80 91 81 26 83 18 47 33 64 84 83 86 77
34 56 77 10 93 59 41 51 62 32 37 86 56 46 96 67 43 29 59 20 77 38 87 55 26 70 95 53 37 34 30 11 83 87 16 19 96 45 59 58 23 43 73 11 40 11 84 16 0 63 91 39 21 52 54 53 32 31 10 40 75 26 53 40 87 55 37 67 65 80 22 42 96 68 85 32 80 81 75 64 44 60 31 61 43 17 12 26 83 43 20 24 19 24 29 74 55 11 59 65 79 83 82 74 46 29 81 86 48 54
55 56 73 30 81 87 84 31 91 41 40 80 94 71 83 73 37 15 21 58 22 22 43 38 90 54 20 16 17 74 65 38 72 94 98 46 20 95 86 42 65 17 18 37 86 50 82 97 63 0 87 59 96 87 57 30 56 34 17 31 22 32 30 42 54 94 11 56 18 74 98 92 19 69 20 49 50 75 31 50 76 59 92 16 40 60 69 24 96 41 76 93 97 14 16 56 29 20 34 79 80 19 80 67 39 95 92 65 41 37
78 52 86 74 90 33 71 12 71 32 77 26 99 54 43 57 15 64 91 32 28 93 11 85 47 87 59 53 95 23 17 52 76 94 89 33 22 28 75 46 47 25 33 32 86 91 36 70 91 87 0 59 93 49 54 52 75 52 83 65 49 57 95 80 36 10 82 73 90 86 53 70 46 55 99 64 66 94 45 10 30 26 98 70 86 29 92 99 67 26 95 77 79 71 58 96 63 60 81 96 82 44 76 42 13 57 81 97 16 92
51 13 97 73 38 48 32 87 54 80 56 88 49 58 85 32 18 27 10 73 79 40 99 55 82 24 84 79 37 85 87 63 73 68 37 35 92 62 29 20 47 17 64 86 87 82 57 48 39 59 59 0 83 82 79 95 93 17 10 67 58 27 66 66 88 97 12 17 10 72 24 46 10 82 27 54 87 74 74 52 38 49 32 59 24 23 31 45 31 90 25 32 32 87 14 85 10 36 89 62 86 59 87 66 39 45 21 64 46 25
26 78 45 40 92 29 67 92 36 71 22 11 11 95 60 12 43 88 35 64 18 27 23 55 80 11 54 79 23 32 73 95 63 64 99 79 92 72 87 80 11 77 86 52 64 38 72 25 21 96 93 83 0 99 64 44 71 86 96 84 21 67 60 55 41 85 57 88 57 53 11 34 87 34 41 81 62 39 13 49 30 83 57 46 15 48 64 75 59 10 85 57 19 22 54 60 28 71 14 68 92 96 76 82 36 12 14 69 89 33
34 56 70 56 20 90 90 68 24 32 93 26 13 21 46 62 50 28 42 17 32 49 48 44 41 84 47 60 18 38 46 91 56 82 20 32 96 26 33 32 88 75 95 48 61 73 69 83 52 87 49 82 99 0 71 20 26 44 77 67 49 20 75 82 72 79 90 35 57 74 45 83 39 56 83 25 87 65 21 37 46 61 65 11 84 87 81 29 45 17 15 96 75 16 47 74 19 47 27 16 11 59 96 44 26 79 57 33 84 68
94 11 94 87 44 10 55 55 89 35 21 10 87 72 47 38 17 32 66 42 75 22 51 57 15 79 72 77 33 59 13 13 26 23 14 72 55 85 52 81 32 11 71 10 86 56 74 70 54 57 54 79 64 71 0 44 19 36 18 42 80 93 88 29 78 38 78 77 78 90 85 49 84 99 52 39 21 77 73 74 18 62 45 24 79 31 76 69 80 22 70 83 65 46 81 28 52 52 93 62 32 66 54 42 23 74 59 11 39 89
68 64 79 12 87 66 81 94 45 11 53 24 39 82 84 48 38 91 16 79 70 45 39 41 49 43 66 21 56 92 22 97 19 22 74 21 29 87 53 60 15 58 21 69 45 29 49 91 53 30 52 95 44 20 44 0 58 31 43 82 30 91 79 60 75 73 45 48 41 18 11 18 51 90 24 23 61 64 81 57 44 84 55 44 79 20 85 17 87 27 14 83 93 45 94 36 71 43 50 39 43 35 84 87 92 27 79 26 67 96
59 20 40 77 62 21 30 73 91 69 17 86 14 55 35 22 28 66 65 37 73 70 44 88 17 49 36 12 51 21 47 31 85 92 78 57 10 34 71 35 44 46 60 31 55 32 75 40 32 56 75 93 71 26 19 58 0 46 49 68 92 61 30 48 75 62 24 27 91 13 14 76 77 70 64 98 70 84 31 42 42 42 54 22 44 89 25 37 94 17 27 81 19 90 97 71 84 86 11 87 35 25 98 48 96 28 27 25 54 25
32 75 53 58 42 13 11 48 54 90 11 66 95 10 46 83 93 35 68 52 50 36 67 50 15 80 13 91 14 16 32 62 72 66 23 12 15 54 22 40 19 88 92 87 39 49 25 87 31 34 52 17 86 44 36 31 46 0 18 71 73 22 16 32 32 36 88 99 59 26 57 62 20 70 25 63 29 23 64 67 92 62 38 22 54 29 35 81 36 49 76 46 82 31 12 11 57 26 73 86 72 94 77 23 67 95 76 39 32 55
48 30 31 46 24 17 57 48 96 58 26 83 55 16 67 46 11 42 45 27 51 90 35 33 67 23 13 40 77 48 54 99 19 69 50 68 56 98 67 79 99 74 48 12 56 64 33 49 10 17 83 10 96 77 18 43 49 18 0 12 69 70 44 64 44 41 77 56 80 65 42 81 70 94 32 57 81 33 69 25 26 27 21 56 53 66 94 51 24 46 99 50 17 98 58 25 10 15 19 62 47 74 91 79 59 27 85 60 40 58
12 19 98 11 76 48 90 48 44 74 72 63 59 27 25 19 27 65 76 98 73 35 13 52 22 57 68 93 78 30 71 71 86 12 88 54 29 63 53 77 19 13 46 39 33 66 39 36 40 31 65 67 84 67 42 82 68 71 12 0 67 56 14 13 64 60 53 61 11 47 49 46 55 87 83 60 94 98 31 54 38 41 42 79 88 89 19 17 57 90 28 16 66 29 95 99 77 74 75 22 19 10 85 18 58 40 12 46 88 59
56 39 32 22 63 35 56 81 65 79 68 76 81 76 69 98 33 43 49 24 36 33 73 67 56 31 92 62 22 42 50 51 17 25 53 71 49 11 37 23 64 79 25 29 17 60 85 13 75 22 49 58 21 49 80 30 92 73 69 67 0 46 61 42 36 69 73 99 86 40 24 17 98 90 12 34 84 91 85 53 10 35 65 71 77 88 51 43 83 99 32 89 81 34 39 21 51 37 21 55 14 50 34 87 65 43 90 85 64 36
20 77 71 89 59 67 92 63 59 82 96 16 84 82 83 42 19 30 17 10 98 49 33 70 83 62 33 72 45 92 91 63 94 42 98 51 62 26 68 14 20 19 31 68 23 85 69 72 26 32 57 27 67 20 93 91 61 22 70 56 46 0 44 94 16 55 79 32 41 97 25 92 74 29 31 33 22 20 38 26 54 18 82 53 33 65 92 32 95 93 85 81 46 79 89 64 89 51 76 23 41 70 94 36 62 67 72 23 67 41
35 96 22 11 67 97 46 28 70 65 62 76 49 53 14 11 23 13 11 78 52 78 17 32 99 86 62 33 69 45 22 66 54 90 81 92 35 64 18 69 15 21 25 88 46 11 46 22 53 30 95 66 60 75 88 79 30 16 44 14 61 44 0 84 70 90 98 85 53 65 93 61 24 27 38 42 84 69 88 26 68 42 72 44 28 29 89 83 21 89 55 23 48 46 83 38 26 41 59 82 39 86 41 14 95 20 43 66 83 89
70 29 26 14 69 29 71 74 78 55 68 46 70 80 74 77 14 47 89 72 19 33 84 66 53 11 48 49 91 53 47 47 12 19 14 15 49 78 69 22 28 93 84 14 86 15 21 31 40 42 80 66 55 82 29 60 48 32 64 13 42 94 84 0 32 81 92 20 74 98 68 51 33 62 77 79 88 64 13 32 39 79 81 92 65 48 90 85 90 23 31 71 36 35 72 43 47 32 40 34 15 45 33 80 59 94 86 51 45 28
77 26 43 22 75 85 77 11 84 53 48 85 96 60 65 24 26 26 36 75 66 36 95 75 11 37 47 67 45 46 11 82 40 32 62 11 49 84 66 92 81 84 92 26 54 62 28 75 87 54 36 88 41 72 78 75 75 32 44 64 36 16 70 32 0 54 26 10 92 39 75 63 51 46 82 44 10 47 26 75 52 65 98 25 79 92 91 23 54 34 97 92 13 92 58 50 35 47 44 86 53 50 72 72 21 18 51 96 87 88
41 20 99 20 69 96 88 18 11 57 30 13 92 95 29 12 95 81 28 96 70 13 92 46 61 94 57 91 69 62 35 31 64 10 49 82 49 54 39 42 83 62 46 33 20 88 74 31 55 94 10 97 85 79 38 73 62 36 41 60 69 55 90 81 54 0 55 95 15 50 18 46 17 97 75 96 80 61 34 67 37 96 79 28 39 20 92 23 49 61 22 14 37 24 71 54 13 23 91 22 64 40 26 44 14 43 92 79 46 28
63 89 87 79 96 29 69 78 67 45 89 48 31 68 40 50 93 56 62 80 45 16 28 39 10 99 80 79 77 29 87 38 21 42 98 70 69 75 30 83 70 78 72 46 68 21 13 67 37 11 82 12 57 90 78 45 24 88 77 53 73 79 98 92 26 55 0 91 15 58 27 83 90 22 15 79 71 28 62 37 38 85 33 68 36 25 27 15 43 99 10 95 35 62 31 11 64 74 39 12 99 12 72 38 43 81 20 23 29 76
20 87 48 51 39 75 46 32 55 16 24 98 80 45 92 53 19 59 34 79 64 70 89 63 75 35 54 50 43 92 92 45 98 64 55 39 46 77 96 63 60 82 94 46 18 18 34 55 67 56 73 17 88 35 77 48 27 99 56 61 99 32 85 20 10 95 91 0 43 90 68 48 25 95 99 92 36 15 37 83 57 65 67 93 86 92 25 32 10 83 24 32 11 27 55 13 99 99 88 64 73 28 30 18 87 27 79 66 77 40
17 77 70 65 38 64 68 26 42 97 61 66 21 13 27 45 24 27 93 82 97 22 64 83 72 43 20 14 33 92 81 56 14 14 20 42 81 68 70 86 45 64 56 50 68 13 65 52 65 18 90 10 57 57 78 41 91 59 80 11 86 41 53 74 92 15 15 43 0 70 93 71 50 19 57 92 28 87 94 15 50 71 74 38 73 55 99 24 45 76 38 16 95 91 32 26 78 69 62 32 57 90 34 49 95 46 71 13 85 26
41 75 13 91 39 95 37 92 59 44 89 17 45 64 52 29 12 76 55 57 43 94 58 77 75 26 60 14 88 36 20 42 16 22 25 50 39 39 67 37 10 53 23 85 82 37 19 95 80 74 86 72 53 74 90 18 13 26 65 47 40 97 65 98 39 50 58 90 70 0 15 36 37 63 67 39 76 62 49 96 71 27 34 64 32 54 66 46 35 15 21 65 83 40 20 96 23 28 18 49 76 11 79 42 32 51 49 69 83 38
11 61 57 19 63 35 90 99 42 31 34 79 99 91 43 68 67 60 29 10 56 97 70 63 92 62 14 38 11 87 90 37 36 92 71 98 83 23 83 79 98 20 68 21 49 22 28 21 22 98 53 24 11 45 85 11 14 57 42 49 24 25 93 68 75 18 27 68 93 15 0 44 50 82 11 45 69 51 54 77 29 34 74 96 45 43 26 40 70 28 68 87 54 55 51 20 38 50 16 88 73 64 33 89 82 16 97 18 75 88
10 57 78 58 19 59 61 59 41 57 24 22 49 54 23 47 94 41 68 48 35 46 32 58 76 19 92 75 19 39 69 41 13 80 67 22 38 10 78 50 20 69 63 25 28 37 93 58 42 92 70 46 34 83 49 18 76 62 81 46 17 92 61 51 63 46 83 48 71 36 44 0 90 59 97 79 62 26 35 57 95 11 84 27 41 29 88 31 36 66 94 64 99 93 38 31 88 10 33 81 71 61 16 94 70 33 75 63 70 89
43 22 17 71 48 34 57 70 88 75 27 49 23 56 67 29 49 18 55 20 45 41 46 65 92 38 71 45 43 80 79 51 22 53 63 82 38 28 25 82 65 42 39 81 21 75 95 54 96 19 46 10 87 39 84 51 77 20 70 55 98 74 24 33 51 17 90 25 50 37 50 90 0 99 47 13 61 30 20 30 56 52 91 69 46 16 92 23 85 62 42 67 45 62 42 70 60 44 87 38 96 24 57 51 20 91 85 65 41 42
35 62 86 42 41 19 15 20 65 31 88 53 44 63 95 12 52 77 29 32 38 19 71 42 17 89 52 72 55 43 71 31 31 27 11 55 22 74 98 76 78 35 91 63 23 48 89 55 68 69 55 82 34 56 99 90 70 70 94 87 90 29 27 62 46 97 22 95 19 63 82 59 99 0 37 35 32 61 79 56 74 65 63 42 46 43 37 72 23 51 96 18 14 99 39 41 72 42 18 83 15 65 87 68 48 13 62 64 85 79
24 66 91 20 90 12 52 90 54 45 23 80 21 96 43 72 92 45 20 94 13 17 85 44 33 16 93 78 58 56 10 44 58 70 65 55 98 14 80 24 58 38 32 51 43 71 63 54 85 20 99 27 41 83 52 24 64 25 32 83 12 31 38 77 82 75 15 99 57 67 11 97 47 37 0 57 54 70 66 14 63 99 26 51 10 52 63 27 49 88 51 54 89 16 99 83 74 22 18 75 50 37 16 51 64 95 31 61 86 98
50 40 34 77 74 66 67 92 14 13 85 24 72 94 85 98 77 27 76 74 82 58 43 54 92 46 49 92 24 61 49 91 32 60 80 63 27 90 38 68 70 60 49 92 88 62 74 59 32 49 64 54 81 25 39 23 98 63 57 60 34 33 42 79 44 96 79 92 92 39 45 79 13 35 57 0 66 23 10 18 85 92 36 35 81 49 36 89 44 47 57 34 30 89 95 66 10 42 17 16 86 53 57 56 93 30 98 76 22 86
84 18 60 77 74 34 74 76 22 77 61 72 54 63 66 80 36 69 87 50 36 68 73 23 69 93 84 25 65 85 41 81 36 31 73 46 94 32 48 84 68 12 17 50 42 28 11 34 80 50 66 87 62 87 21 61 70 29 81 94 84 22 84 88 10 80 71 36 28 76 69 62 61 32 54 66 0 94 21 87 16 33 41 67 65 21 21 91 73 45 39 22 81 35 78 44 20 87 32 53 42 55 88 42 55 10 71 53 54 26
43 19 97 49 43 67 34 97 74 51 90 41 43 32 70 10 37 27 55 17 52 74 62 61 70 46 94 94 40 35 48 29 76 40 43 37 17 43 99 64 18 54 42 93 83 26 16 34 81 75 94 74 39 65 77 64 84 23 33 98 91 20 69 64 47 61 28 15 87 62 51 26 30 61 70 23 94 0 87 37 18 24 26 43 80 15 58 47 36 49 51 67 25 88 32 63 40 95 41 97 21 99 89 42 97 69 64 78 13 51
87 12 67 29 92 15 78 46 36 41 79 10 71 67 39 98 47 99 55 29 32 80 77 75 91 87 90 61 80 32 87 17 75 52 41 97 53 71 79 31 41 90 48 53 38 28 84 95 75 31 45 74 13 21 73 81 31 64 69 31 85 38 88 13 26 34 62 37 94 49 54 35 20 79 66 10 21 87 0 86 43 54 28 31 91 34 65 21 86 85 52 78 61 88 43 23 54 33 68 43 65 18 88 28 46 89 66 79 39 58
53 45 31 66 23 26 63 15 66 50 88 15 17 75 18 11 72 52 74 10 44 12 75 37 13 98 57 89 56 83 74 24 48 82 98 60 22 32 11 28 18 99 29 20 83 45 87 65 64 50 10 52 49 37 74 57 42 67 25 54 53 26 26 32 75 67 37 83 15 96 77 57 30 56 14 18 87 37 86 0 45 50 49 24 65 63 78 83 50 42 11 59 80 50 42 64 16 63 87 72 36 27 16 18 47 57 15 33 40 62
75 50 93 43 55 81 53 87 20 89 89 29 43 33 35 31 42 80 70 44 23 34 98 74 77 57 63 92 46 54 40 67 46 11 88 71 47 74 69 37 27 33 37 96 28 61 55 77 44 76 30 38 30 46 18 44 42 92 26 38 10 54 68 39 52 37 38 57 50 71 29 95 56 74 63 85 16 18 43 45 0 72 48 46 69 40 90 86 34 95 70 81 17 73 62 85 30 37 21 36 92 74 36 28 18 58 31 57 87 23
78 93 28 31 28 39 36 78 34 64 54 78 54 99 23 86 25 35 51 11 93 77 41 95 42 11 45 21 95 21 55 86 93 17 74 51 54 56 96 41 71 89 52 60 82 39 33 15 60 59 26 49 83 61 62 84 42 62 27 41 35 18 42 79 65 96 85 65 71 27 34 11 52 65 99 92 33 24 54 50 72 0 21 17 60 84 83 45 42 17 24 33 22 45 59 63 30 66 22 63 57 94 58 67 31 89 33 88 57 15
59 52 32 11 17 94 99 94 63 79 79 69 99 82 19 88 67 59 61 65 24 60 61 30 61 50 90 68 82 70 50 42 76 50 24 44 27 25 33 92 31 18 52 80 83 26 90 18 31 92 98 32 57 65 45 55 54 38 21 42 65 82 72 81 98 79 33 67 74 34 74 84 91 63 26 36 41 26 28 49 48 21 0 39 45 25 79 81 96 38 36 26 16 92 20 11 22 10 78 11 47 77 19 88 29 11 56 34 34 60
92 56 26 26 72 37 33 92 49 35 53 25 37 73 58 95 19 12 17 86 87 70 74 38 32 46 84 79 80 66 10 51 80 34 34 25 34 55 75 37 72 92 38 56 85 10 44 34 61 16 70 59 46 11 24 44 22 22 56 79 71 53 44 92 25 28 68 93 38 64 96 27 69 42 51 35 67 43 31 24 46 17 39 0 91 15 13 43 43 25 52 52 82 60 53 89 53 77 58 25 30 99 56 23 77 67 28 45 24 24
74 16 15 71 30 25 28 72 92 39 50 15 13 94 26 17 11 51 89 66 17 29 25 72 52 38 85 81 33 72 11 26 55 73 97 71 82 77 75 34 34 80 89 21 95 15 97 15 43 40 86 24 15 84 79 79 44 54 53 88 77 33 28 65 79 39 36 86 73 32 45 41 46 46 10 81 65 80 91 65 69 60 45 91 0 72 71 54 96 18 74 81 30 25 83 54 74 33 94 44 25 38 63 17 56 31 67 26 67 51
93 22 70 98 48 49 82 10 69 94 46 95 53 93 21 88 35 93 70 52 68 36 82 54 54 27 12 20 20 18 30 93 44 27 89 91 97 77 60 90 70 20 59 91 11 81 79 77 17 60 29 23 48 87 31 20 89 29 66 89 88 65 29 48 92 20 25 92 55 54 43 29 16 43 52 49 21 15 34 63 40 84 25 15 72 0 39 17 93 73 43 72 72 75 62 88 58 84 93 83 70 85 43 78 51 56 20 74 84 48
24 51 27 49 85 91 48 49 86 59 19 45 57 66 80 72 74 37 38 22 17 62 42 77 83 51 37 36 65 15 12 52 57 62 90 55 18 84 36 12 76 23 41 43 46 69 75 44 12 69 92 31 64 81 76 85 25 35 94 19 51 92 89 90 91 92 27 25 99 66 26 88 92 37 63 36 21 58 65 78 90 83 79 13 71 39 0 71 85 63 18 26 86 52 24 30 37 90 40 36 24 87 13 21 62 45 71 30 29 39
82 27 98 62 65 82 13 79 66 78 40 30 97 42 84 37 57 28 45 51 16 88 60 60 41 76 20 87 47 62 57 91 25 67 60 20 73 23 82 20 95 21 35 66 22 62 98 67 26 24 99 45 75 29 69 17 37 81 51 17 43 32 83 85 23 23 15 32 24 46 40 31 23 72 27 89 91 47 21 83 86 45 81 43 54 17 71 0 75 21 51 21 80 98 11 34 74 94 90 96 60 87 20 39 85 23 73 32 30 15
84 47 83 21 49 90 15 56 49 13 87 64 37 58 80 82 95 75 38 20 95 36 18 55 29 89 85 16 15 86 29 61 56 43 36 12 15 88 84 52 33 53 44 11 88 72 32 93 83 96 67 31 59 45 80 87 94 36 24 57 83 95 21 90 54 49 43 10 45 35 70 36 85 23 49 44 73 36 86 50 34 42 96 43 96 93 85 75 0 84 46 16 68 59 78 22 72 16 85 70 55 73 22 79 49 96 54 81 45 93
74 46 68 81 73 80 17 87 11 62 19 97 31 70 58 10 90 18 56 29 35 39 24 97 97 62 36 78 42 77 18 32 44 53 87 16 39 63 89 87 66 96 58 11 45 23 98 40 43 41 26 90 10 17 22 27 17 49 46 90 99 93 89 23 34 61 99 83 76 15 28 66 62 51 88 47 45 49 85 42 95 17 38 25 18 73 63 21 84 0 81 84 10 91 14 88 74 51 19 23 75 57 89 17 19 18 76 70 15 78
50 28 78 68 86 68 71 99 78 67 27 42 51 65 18 71 55 20 38 74 89 15 92 38 48 30 23 43 19 50 16 92 42 15 87 21 56 67 95 93 31 95 74 15 20 28 44 92 20 76 95 25 85 15 70 14 27 76 99 28 32 85 55 31 97 22 10 24 38 21 68 94 42 96 51 57 39 51 52 11 70 24 36 52 74 43 18 51 46 81 0 50 72 60 24 34 27 94 68 26 23 94 98 99 33 13 80 28 84 15
98 62 22 21 94 93 67 60 60 97 76 28 47 63 65 86 82 17 83 10 31 49 81 39 96 75 23 58 45 53 82 43 54 17 71 35 97 88 39 22 46 41 10 51 38 62 27 39 24 93 77 32 57 96 83 83 81 46 50 16 89 81 23 71 92 14 95 32 16 65 87 64 67 18 54 34 22 67 78 59 81 33 26 52 81 72 26 21 16 84 50 0 60 92 87 35 47 39 85 30 41 94 73 51 53 73 78 25 80 24
88 20 99 89 49 21 38 56 38 94 14 73 87 99 98 36 86 15 31 65 14 92 32 81 51 92 37 50 89 25 49 61 71 48 36 49 20 44 63 25 39 89 13 99 37 45 69 10 19 97 79 32 19 75 65 93 19 82 17 66 81 46 48 36 13 37 35 11 95 83 54 99 45 14 89 30 81 25 61 80 17 22 16 82 30 72 86 80 68 10 72 60 0 38 99 40 67 33 59 28 86 81 85 97 96 70 24 49 16 17
90 67 28 88 18 84 29 76 14 25 21 25 53 61 74 77 91 90 27 26 72 61 10 69 54 11 37 64 32 62 35 34 85 51 69 62 36 71 93 15 72 44 59 95 30 23 20 80 24 14 71 87 22 16 46 45 90 31 98 29 34 79 46 35 92 24 62 27 91 40 55 93 62 99 16 89 35 88 88 50 73 45 92 60 25 75 52 98 59 91 60 92 38 0 65 94 79 41 52 14 96 64 87 94 19 41 81 44 51 16
94 75 75 89 81 56 41 40 62 61 10 20 42 30 41 59 49 26 30 71 45 93 58 84 13 57 30 35 12 76 46 41 26 91 44 39 84 39 24 42 68 38 22 79 14 26 37 93 29 16 58 14 54 47 81 94 97 12 58 95 39 89 83 72 58 71 31 55 32 20 51 38 42 39 99 95 78 32 43 42 62 59 20 53 83 62 24 11 78 14 24 87 99 65 0 70 25 21 25 29 99 44 55 74 77 11 23 87 14 52
27 34 75 91 14 29 81 40 62 76 18 10 74 50 93 88 98 86 54 88 37 64 30 54 95 87 92 35 16 78 39 76 17 45 38 95 90 13 53 45 55 35 87 50 62 59 64 54 74 56 96 85 60 74 28 36 71 11 25 99 21 64 38 43 50 54 11 13 26 96 20 31 70 41 83 66 44 63 23 64 85 63 11 89 54 88 30 34 22 88 34 35 40 94 70 0 39 42 90 23 28 24 25 60 16 98 72 40 17 60
52 19 31 66 93 42 94 84 15 10 43 78 91 83 15 45 14 78 69 90 68 82 47 75 28 76 97 32 31 46 20 67 47 16 74 24 44 46 10 48 54 88 60 95 79 45 51 14 55 29 63 10 28 19 52 71 84 57 10 77 51 89 26 47 35 13 64 99 78 23 38 88 60 72 74 10 20 40 54 16 30 30 22 53 74 58 37 74 72 74 27 47 67 79 25 39 0 76 35 31 32 44 91 33 19 29 90 16 41 33
86 12 22 52 74 34 84 43 87 30 54 44 52 95 62 53 85 29 81 23 44 69 30 90 83 52 85 60 14 99 91 90 25 58 16 86 68 47 78 71 70 39 68 67 98 34 13 80 11 20 60 36 71 47 52 43 86 26 15 74 37 51 41 32 47 23 74 99 69 28 50 10 44 42 22 42 87 95 33 63 37 66 10 77 33 84 90 94 16 51 94 39 33 41 21 42 76 0 71 99 20 98 59 83 40 51 88 41 91 51
15 98 15 74 90 67 39 39 46 26 11 51 80 29 20 95 38 63 53 11 57 90 24 45 85 29 57 59 49 96 54 77 76 21 59 99 48 79 66 56 91 58 67 90 17 54 18 91 59 34 81 89 14 27 93 50 11 73 19 75 21 76 59 40 44 91 39 88 62 18 16 33 87 18 18 17 32 41 68 87 21 22 78 58 94 93 40 90 85 19 68 85 59 52 25 90 35 71 0 71 86 60 46 80 83 96 36 96 97 85
65 49 39 91 47 60 26 80 18 52 42 60 31 33 46 16 87 29 76 88 95 77 97 20 83 49 58 96 50 43 13 88 58 45 32 45 39 85 49 32 33 94 65 66 96 26 13 81 65 79 96 62 68 16 62 39 87 86 62 22 55 23 82 34 86 22 12 64 32 49 88 81 38 83 75 16 53 97 43 72 36 63 11 25 44 83 36 96 70 23 26 30 28 14 29 23 31 99 71 0 57 95 83 50 67 19 93 55 18 95
95 58 91 72 41 80 11 97 56 39 61 17 36 52 71 17 77 26 98 91 42 45 50 98 50 39 23 24 76 73 95 44 85 61 14 70 71 44 21 94 96 46 12 99 39 39 60 26 79 80 82 86 92 11 32 43 35 72 47 19 14 41 39 15 53 64 99 73 57 76 73 71 96 15 50 86 42 21 65 36 92 57 47 30 25 70 24 60 55 75 23 41 86 96 99 28 32 20 86 57 0 57 76 63 13 99 83 26 33 94
39 31 95 30 72 89 89 49 53 61 27 46 15 86 27 26 11 28 80 78 73 30 53 89 14 57 47 66 33 31 90 40 81 45 28 41 93 45 48 32 36 48 58 99 30 80 33 83 83 19 44 59 96 59 66 35 25 94 74 10 50 70 86 45 50 40 12 28 90 11 64 61 24 65 37 53 55 99 18 27 74 94 77 99 38 85 87 87 73 57 94 94 81 64 44 24 44 98 60 95 57 0 92 28 49 89 78 14 14 51
28 34 68 34 30 15 39 20 45 55 79 27 73 10 60 90 39 87 60 47 24 69 43 62 96 29 33 98 35 32 37 68 67 81 26 71 90 32 54 20 74 26 45 32 40 93 33 18 82 80 76 87 76 96 54 84 98 77 91 85 34 94 41 33 72 26 72 30 34 79 33 16 57 87 16 57 88 89 88 16 36 58 19 56 63 43 13 20 22 89 98 73 85 87 55 25 91 59 46 83 76 92 0 73 53 18 52 52 47 24
87 23 54 19 68 75 56 66 19 35 99 76 18 26 63 16 70 54 18 75 19 48 16 17 60 46 68 52 88 86 69 99 41 24 47 83 65 23 67 47 72 65 29 86 19 35 86 47 74 67 42 66 82 44 42 87 48 23 79 18 87 36 14 80 72 44 38 18 49 42 89 94 51 68 51 56 42 42 28 18 28 67 88 23 17 78 21 39 79 17 99 51 97 94 74 60 33 83 80 50 63 28 73 0 29 86 47 22 61 74
13 40 15 25 36 49 43 74 64 84 36 70 57 34 97 64 74 19 46 34 50 50 38 24 32 28 94 73 55 28 68 99 75 87 17 76 59 34 29 79 94 40 53 81 57 51 95 33 46 39 13 39 36 26 23 92 96 67 59 58 65 62 95 59 21 14 43 87 95 32 82 70 20 48 64 93 55 97 46 47 18 31 29 77 56 51 62 85 49 19 33 53 96 19 77 16 19 40 83 67 13 49 53 29 0 15 11 33 79 98
35 43 17 22 45 61 96 12 34 75 58 83 24 17 38 86 48 55 47 97 59 12 51 28 38 20 64 16 14 60 66 41 99 23 13 13 77 92 18 78 37 53 44 22 73 47 44 64 29 95 57 45 12 79 74 27 28 95 27 40 43 67 20 94 18 43 81 27 46 51 16 33 91 13 95 30 10 69 89 57 58 89 11 67 31 56 45 23 96 18 13 73 70 41 11 98 29 51 96 19 99 89 18 86 15 0 20 91 29 28
36 25 41 93 18 97 71 91 30 25 77 67 24 32 65 55 29 50 24 48 51 16 30 45 91 80 94 64 21 30 52 91 59 67 20 43 32 56 23 34 21 85 44 32 33 11 19 84 81 92 81 21 14 57 59 79 27 76 85 12 90 72 43 86 51 92 20 79 71 49 97 75 85 62 31 98 71 64 66 15 31 33 56 28 67 20 71 73 54 76 80 78 24 81 23 72 90 88 36 93 83 78 52 47 11 20 0 56 92 14
52 21 22 36 14 14 43 74 99 56 31 34 20 21 69 36 16 34 87 83 57 53 79 55 32 41 98 33 20 63 62 35 89 50 96 51 98 49 44 63 67 69 33 16 54 32 54 83 86 65 97 64 69 33 11 26 25 39 60 46 85 23 66 51 96 79 23 66 13 69 18 63 65 64 61 76 53 78 79 33 57 88 34 45 26 74 30 32 81 70 28 25 49 44 87 40 16 41 96 55 26 14 52 22 33 91 56 0 83 71
90 85 79 43 40 41 26 82 78 71 30 72 43 51 65 16 38 91 99 88 64 39 18 55 12 10 85 69 87 14 61 22 89 60 82 88 23 41 67 97 65 41 31 96 65 70 19 86 48 41 16 46 89 84 39 67 54 32 40 88 64 67 83 45 87 46 29 77 85 83 75 70 41 85 86 22 54 13 39 40 87 57 34 24 67 84 29 30 45 15 84 80 16 51 14 17 41 91 97 18 33 14 47 61 79 29 92 83 0 69
10 36 89 41 46 76 31 79 47 91 40 42 89 80 23 71 26 61 72 41 37 78 27 47 57 99 51 43 91 37 19 66 58 72 44 75 86 57 88 22 57 15 64 78 52 94 57 77 54 37 92 25 33 68 89 96 25 55 58 59 36 41 89 28 88 28 76 40 26 38 88 89 42 79 98 86 26 51 58 62 23 15 60 24 51 48 39 15 93 78 15 24 17 16 52 60 33 51 85 95 94 51 24 74 98 28 14 71 69 0