120
0 21 79 48 25 62 95 11 84 55 66 20 74 31 28 81 17 93 81 62 86 52 32 44 38 68 76 53 40 16 72 74 16 56 23 95 60 15 91 64 70 59 74 86 26 55 43 75 99 39 13 37 23 62 54 91 63 77 95 65 36 41 20 86 36 90 98 31 85 12 36 73 97 51 76 52 16 80 13 25 86 25 86 37 50 90 77 52 66 46 48 98 93 19 60 32 59 55 60 10 31 60 42 24 21 39 26 42 65 77 35 58 16 19 35 75 34 12 71 79
21 0 70 20 63 71 29 85 89 98 67 79 84 60 57 39 95 48 13 98 96 58 33 77 84 57 15 44 26 99 34 35 81 24 36 27 21 34 42 38 65 86 54 34 14 80 19 82 34 77 50 86 91 75 66 48 33 86 36 16 58 57 50 90 77 73 20 32 88 23 95 16 63 35 12 42 28 53 84 60 30 44 78 37 40 79 92 23 44 81 55 85 83 33 82 44 59 55 30 84 36 21 33 42 68 88 87 26 84 82 12 50 83 87 75 38 19 57 98 71
79 70 0 66 27 63 38 97 72 71 48 61 67 52 97 16 40 52 66 26 87 61 81 27 45 15 96 12 99 91 80 28 63 11 13 81 62 81 28 15 84 15 75 16 21 65 82 16 40 79 89 93 37 16 45 48 17 17 74 99 75 53 81 81 82 42 13 18 49 67 66 94 54 39 65 17 39 14 24 17 29 54 26 73 64 15 73 10 25 85 15 95 48 50 47 82 34 37 30 60 19 86 48 39 33 19 59 73 65 63 49 31 58 54 80 36 15 58 44 76
48 20 66 0 38 44 48 62 41 60 19 62 17 89 40 74 92 90 51 78 98 12 56 60 87 50 73 57 64 71 56 64 72 16 71 73 32 26 45 11 73 14 51 95 97 20 59 20 68 43 61 90 93 35 38 54 73 76 93 37 61 52 68 64 73 36 64 41 27 74 63 85 79 69 43 61 21 94 48 98 93 31 31 74 42 78 80 48 37 45 80 80 85 17 94 53 91 95 64 56 43 43 49 12 93 86 15 65 96 41 12 63 72 71 18 55 12 61 53 86
25 63 27 38 0 69 49 98 23 53 41 32 54 57 18 67 57 33 79 79 78 48 42 13 51 67 35 26 69 43 94 51 36 14 37 24 88 44 60 59 64 94 90 83 99 54 22 60 83 22 48 66 75 21 34 15 58 74 34 43 78 21 11 82 66 45 50 42 24 94 50 78 93 24 15 40 67 15 71 59 80 70 15 50 18 48 45 47 98 61 53 20 32 42 45 22 33 39 94 34 87 51 57 80 55 77 37 90 79 32 99 84 10 98 12 13 55 14 24 87
62 71 63 44 69 0 67 47 75 13 80 55 34 53 70 46 16 75 70 70 62 31 50 73 42 10 56 97 69 78 15 33 64 85 48 23 74 77 69 33 43 97 31 42 68 50 45 99 51 20 84 63 33 31 60 13 97 33 10 69 69 19 36 24 45 69 74 77 91 10 78 92 93 55 64 45 77 88 63 50 51 56 20 82 72 32 80 39 92 91 61 73 92 82 82 84 78 86 41 11 81 86 48 90 55 83 88 12 93 20 55 86 72 84 57 51 34 17 62 46
95 29 38 48 49 67 0 95 90 70 33 32 54 30 45 73 82 43 32 47 64 14 54 34 47 70 67 14 63 80 57 21 45 63 88 44 63 39 56 22 20 49 45 13 11 62 27 14 34 10 78 54 25 57 35 87 68 53 38 42 80 65 44 70 75 27 41 18 65 73 62 81 66 73 62 35 68 51 56 25 19 31 73 47 51 79 83 49 94 66 53 90 47 57 63 72 66 43 99 15 99 47 25 74 21 93 77 26 33 31 88 37 89 95 70 51 95 44 98 19
11 85 97 62 98 47 95 0 86 90 92 26 91 60 19 70 43 83 13 76 64 89 46 39 83 99 15 93 43 99 83 40 65 20 89 59 62 44 35 52 60 41 97 63 66 52 34 51 21 38 11 27 86 90 68 13 31 37 59 44 28 21 57 79 89 56 86 62 35 92 35 57 32 56 31 75 87 65 83 71 42 88 64 22 49 89 17 74 66 36 43 56 32 36 94 43 61 13 60 61 12 59 26 42 60 48 58 91 37 73 77 68 71 22 65 11 69 30 99 53
84 89 72 41 23 75 90 86 0 81 46 68 17 50 35 96 90 38 55 97 48 46 90 36 81 47 83 13 32 59 23 65 77 66 75 76 27 23 96 35 76 31 26 40 94 61 35 93 29 59 74 93 30 43 12 26 70 57 93 38 20 23 38 49 83 11 32 83 20 86 12 90 91 43 16 42 15 54 59 11 78 54 94 57 84 61 93 86 34 28 32 54 22 68 81 41 98 38 75 71 75 31 36 51 66 24 29 64 31 26 69 86 71 87 88 34 62 38 57 84
55 98 71 60 53 13 70 90 81 0 92 69 29 53 16 78 76 53 57 14 99 89 19 82 84 76 67 79 94 11 96 47 80 89 63 10 53 59 46 55 51 30 40 86 61 50 47 66 12 59 95 25 14 52 96 57 51 40 77 25 27 11 62 83 80 57 23 65 98 56 93 50 71 40 59 88 30 43 77 97 84 91 49 20 90 54 50 49 32 38 24 40 75 12 11 72 15 77 57 41 94 86 80 56 20 45 57 55 98 54 39 92 16 24 70 48 49 13 63 77
66 67 48 19 41 80 33 92 46 92 0 16 67 90 47 15 35 55 29 89 23 72 52 47 23 50 19 47 36 73 53 39 78 54 12 98 24 89 27 46 61 13 21 53 60 11 30 13 90 18 15 66 48 57 35 33 11 50 59 66 85 76 11 30 99 44 20 56 89 12 10 33 39 88 19 16 13 68 37 86 51 34 69 46 75 69 81 46 40 41 27 73 37 97 21 84 63 62 94 81 41 58 13 15 14 31 51 35 75 86 28 34 78 61 66 55 84 77 45 18
20 79 61 62 32 55 32 26 68 69 16 0 37 71 86 61 96 43 41 76 90 57 25 55 60 81 25 69 78 39 82 14 16 96 19 96 21 88 44 34 81 17 37 30 45 28 12 67 67 82 13 72 18 73 37 50 37 62 90 56 35 16 51 85 35 12 76 27 47 11 76 30 85 83 52 49 58 22 12 32 66 64 67 83 13 94 13 78 13 57 67 84 91 48 50 76 54 26 28 86 85 21 30 34 17 82 79 16 73 74 48 46 34 21 54 23 53 20 24 93
74 84 67 17 54 34 54 91 17 29 67 37 0 28 17 76 79 77 68 32 46 34 53 44 92 46 32 68 74 97 37 18 61 75 47 59 31 70 71 87 37 46 58 67 86 21 57 79 70 10 46 85 96 24 31 43 60 36 43 30 53 82 95 67 21 11 50 30 68 11 82 96 29 79 95 97 70 12 86 96 50 43 70 24 83 30 83 62 69 62 71 94 76 14 27 63 47 62 57 84 89 57 52 68 61 27 95 44 27 96 70 11 26 19 79 34 35 57 67 69
31 60 52 89 57 53 30 60 50 53 90 71 28 0 62 30 15 83 44 13 94 23 19 57 66 17 93 39 43 46 23 50 86 33 22 71 59 94 27 70 79 32 45 88 71 99 11 99 34 13 59 48 80 36 29 16 55 22 37 38 58 25 73 13 62 29 92 64 71 67 63 22 73 19 88 34 89 74 49 60 37 97 58 85 60 96 43 17 18 41 38 90 37 36 72 29 87 19 91 45 69 16 11 70 20 85 24 18 94 73 85 25 84 92 28 12 27 39 21 42
28 57 97 40 18 70 45 19 35 16 47 86 17 62 0 78 67 44 84 48 64 54 67 85 87 43 57 45 41 42 40 94 93 20 25 76 80 24 70 88 78 20 32 80 13 32 89 36 57 78 97 60 24 73 20 57 78 52 96 14 15 51 42 60 66 92 14 70 27 86 89 17 35 39 78 20 37 11 21 14 56 94 11 96 68 25 19 10 44 97 30 91 17 42 98 76 54 78 66 33 20 47 25 69 42 19 23 67 54 42 25 82 68 20 69 13 41 60 21 20
81 39 16 74 67 46 73 70 96 78 15 61 76 30 78 0 37 15 72 35 34 64 18 47 94 11 95 72 11 59 20 46 63 91 79 70 87 69 60 15 54 37 74 39 37 30 75 45 37 22 54 61 10 31 34 13 12 57 33 96 10 24 11 84 73 24 69 35 55 76 26 41 22 93 93 41 39 26 63 49 22 58 10 15 50 23 88 69 11 41 29 24 82 77 83 78 30 60 14 84 18 67 93 86 58 16 34 72 83 35 55 69 96 66 90 63 48 62 51 10
17 95 40 92 57 16 82 43 90 76 35 96 79 15 67 37 0 75 10 89 68 92 66 60 56 99 69 19 63 26 29 20 77 53 32 81 66 43 56 58 34 31 32 20 47 73 62 39 17 84 43 47 11 38 21 27 47 73 61 87 73 41 11 65 43 18 75 56 82 30 95 69 81 29 69 59 77 36 79 39 58 27 13 93 19 37 27 69 52 56 28 66 62 26 72 30 69 65 85 92 17 54 16 71 61 31 85 58 32 40 63 98 51 26 32 76 41 85 76 70
93 48 52 90 33 75 43 83 38 53 55 43 77 83 44 15 75 0 94 63 56 67 17 27 61 68 30 88 41 93 42 37 31 42 95 67 88 48 37 30 98 40 38 55 38 20 21 93 88 23 27 80 22 22 10 63 42 19 88 53 82 41 26 36 99 32 75 88 29 23 60 44 13 43 20 70 65 62 53 37 28 28 97 66 80 90 83 95 54 51 63 11 82 31 39 27 94 38 70 69 34 61 83 14 89 64 20 96 89 76 29 95 89 30 35 24 61 17 56 76
81 13 66 51 79 70 32 13 55 57 29 41 68 44 84 72 10 94 0 25 39 45 37 96 12 87 66 51 79 33 49 37 34 87 13 77 73 78 16 87 84 10 47 72 33 75 54 75 58 32 70 21 80 68 28 32 72 87 10 97 70 11 40 54 19 85 58 36 74 77 45 32 56 45 43 20 45 51 23 35 99 47 89 71 23 75 12 48 50 36 78 66 17 54 79 47 81 42 44 86 91 10 26 23 62 30 82 87 17 74 26 22 85 96 89 88 43 78 97 29
62 98 26 78 79 70 47 76 97 14 89 76 32 13 48 35 89 63 25 0 88 80 31 53 32 59 37 34 55 89 44 24 51 35 76 76 10 96 75 56 15 23 76 32 87 33 98 99 26 50 70 30 90 29 31 21 43 23 39 65 64 94 46 94 73 66 14 35 90 58 64 98 94 18 73 86 14 69 75 51 20 55 99 81 83 54 85 11 87 27 40 77 30 46 17 14 73 92 86 19 92 66 48 94 26 11 68 17 14 86 13 27 12 17 63 99 93 20 22 98
86 96 87 98 78 62 64 64 48 99 23 90 46 94 64 34 68 56 39 88 0 87 68 51 69 83 81 93 32 47 68 84 51 89 95 61 86 15 43 41 28 70 80 78 39 69 95 88 42 80 67 22 22 29 26 51 57 35 12 10 87 12 46 94 19 86 43 51 13 50 74 97 50 34 21 30 94 24 83 90 30 65 30 93 87 12 84 86 59 43 36 59 35 70 61 90 76 15 56 86 74 34 64 80 47 99 44 41 87 48 31 80 42 24 87 81 51 91 72 49
52 58 61 12 48 31 14 89 46 89 72 57 34 23 54 64 92 67 45 80 87 0 11 50 11 97 61 33 34 20 54 57 23 38 81 96 31 22 66 11 34 43 23 98 71 45 61 63 26 22 89 63 30 38 70 93 44 64 56 81 32 37 92 43 33 93 94 73 80 12 76 87 70 97 45 61 85 77 58 63 73 97 92 25 94 97 31 79 32 65 92 51 25 20 68 44 71 71 14 60 10 65 65 75 48 40 30 37 95 77 27 79 99 18 70 68 96 15 24 45
32 33 81 56 42 50 54 46 90 19 52 25 53 19 67 18 66 17 37 31 68 11 0 31 73 56 80 18 54 89 56 14 43 74 21 57 53 77 37 78 39 33 31 27 14 45 67 17 68 51 69 36 36 20 90 53 41 98 74 10 99 31 14 76 72 10 46 64 82 44 57 55 57 48 93 44 14 64 72 67 56 22 29 59 94 32 39 74 96 55 60 71 44 79 19 55 31 65 95 80 21 72 66 77 77 56 13 62 56 29 49 43 99 68 82 10 16 27 44 59
44 77 27 60 13 73 34 39 36 82 47 55 44 57 85 47 60 27 96 53 51 50 31 0 33 74 39 50 38 92 16 70 80 56 29 63 25 76 25 39 74 21 68 87 97 63 99 20 63 77 99 75 42 80 24 74 19 19 66 27 67 95 85 59 36 73 62 13 17 73 76 21 17 54 20 51 56 78 55 24 24 41 90 99 95 95 36 47 29 86 51 87 16 24 35 60 26 81 24 92 52 16 32 68 63 65 48 11 66 50 98 96 49 65 69 48 40 46 77 41
38 84 45 87 51 42 47 83 81 84 23 60 92 66 87 94 56 61 12 32 69 11 73 33 0 64 30 57 65 27 36 30 87 37 54 60 83 28 52 89 38 12 23 77 78 42 61 93 19 62 77 22 91 93 31 74 82 58 90 35 71 62 99 67 29 35 74 88 33 81 89 10 31 11 89 83 30 16 11 19 70 60 34 90 24 52 14 74 28 95 82 25 45 99 52 80 33 27 55 59 82 45 45 14 56 98 94 13 92 75 84 99 18 41 39 29 50 62 44 77
68 57 15 50 67 10 70 99 47 76 50 81 46 17 43 11 99 68 87 59 83 97 56 74 64 0 77 60 80 42 50 30 45 81 47 95 81 98 17 28 80 96 63 15 72 73 77 38 45 48 23 84 28 60 68 89 18 26 68 66 81 75 31 64 66 83 80 24 61 92 57 69 88 72 42 40 24 40 48 25 81 67 21 43 27 54 35 40 31 62 59 27 78 71 70 81 52 65 91 25 55 95 19 78 80 95 63 64 56 88 85 56 77 75 54 50 36 86 98 75
76 15 96 73 35 56 67 15 83 67 19 25 32 93 57 95 69 30 66 37 81 61 80 39 30 77 0 64 21 96 54 26 83 68 30 46 13 75 55 42 56 98 40 84 73 28 41 95 60 35 50 28 17 31 33 11 83 23 83 23 65 95 67 60 29 49 83 17 58 53 40 82 28 64 57 92 42 73 53 63 35 88 62 42 91 42 66 62 57 71 57 54 39 66 26 11 40 71 47 61 91 39 83 76 19 60 50 24 30 95 40 16 26 90 89 74 37 43 53 98
53 44 12 57 26 97 14 93 13 79 47 69 68 39 45 72 19 88 51 34 93 33 18 50 57 60 64 0 26 35 46 92 76 57 55 77 50 42 14 56 99 52 20 80 45 58 88 87 84 15 28 74 16 77 13 83 91 74 62 88 88 21 57 38 84 80 90 92 33 79 50 19 19 71 45 47 47 98 38 98 86 30 36 56 73 18 67 62 67 99 34 36 23 18 17 50 62 89 72 54 46 36 87 70 42 26 24 37 18 84 23 83 40 30 65 90 97 46 82 47
40 26 99 64 69 69 63 43 32 94 36 78 74 43 41 11 63 41 79 55 32 34 54 38 65 80 21 26 0 94 40 57 43 84 77 16 79 77 81 98 83 32 20 40 64 58 56 72 47 14 85 36 37 84 97 15 52 23 72 22 25 91 58 23 57 81 99 38 79 41 10 22 44 29 18 44 81 58 76 86 53 85 79 94 68 92 96 38 53 89 22 28 89 95 52 68 23 14 21 35 98 68 38 56 16 85 70 49 12 31 42 76 87 20 82 43 48 56 64 24
16 99 91 71 43 78 80 99 59 11 73 39 97 46 42 59 26 93 33 89 47 20 89 92 27 42 96 35 94 0 26 28 53 13 35 43 39 68 68 29 93 62 61 19 69 60 97 87 94 30 51 93 26 14 28 55 58 85 58 29 84 42 60 25 23 43 32 16 32 57 50 29 96 36 49 71 60 93 40 69 26 77 89 25 67 68 14 72 78 79 51 47 52 16 90 47 94 81 60 22 54 69 65 23 53 72 77 42 65 18 45 21 68 94 73 74 72 26 27 17
72 34 80 56 94 15 57 83 23 96 53 82 37 23 40 20 29 42 49 44 68 54 56 16 36 50 54 46 40 26 0 41 45 14 70 46 59 21 71 72 67 74 23 89 19 68 82 23 27 57 87 71 14 36 11 36 41 43 77 54 50 18 37 86 98 22 57 20 88 43 55 61 98 58 23 54 58 80 28 39 28 11 48 32 65 85 30 14 97 39 25 49 69 48 48 57 72 11 11 65 36 41 26 25 54 13 75 74 57 93 40 97 97 50 28 47 92 72 11 74
74 35 28 64 51 33 21 40 65 47 39 14 18 50 94 46 20 37 37 24 84 57 14 70 30 30 26 92 57 28 41 0 51 50 74 25 10 12 50 18 95 34 91 42 38 27 53 65 74 83 86 34 86 73 57 11 56 61 22 18 91 37 83 79 93 63 56 28 59 89 59 58 87 87 44 97 20 29 27 68 76 39 44 72 45 12 47 66 32 81 44 79 67 19 96 80 88 57 87 70 73 76 98 32 88 21 36 76 46 70 15 83 17 79 16 10 12 27 89 89
16 81 63 72 36 64 45 65 77 80 78 16 61 86 93 63 77 31 34 51 51 23 43 80 87 45 83 76 43 53 45 51 0 84 92 63 51 44 31 48 16 39 89 63 52 59 18 94 58 41 84 24 36 51 27 41 78 88 20 54 71 18 22 13 50 47 49 24 36 65 41 67 99 35 70 75 28 86 96 38 73 87 83 62 24 86 43 48 13 74 28 23 95 83 10 96 55 98 95 42 62 26 20 42 43 28 20 42 47 22 48 14 92 40 14 57 76 33 50 10
56 24 11 16 14 85 63 20 66 89 54 96 75 33 20 91 53 42 87 35 89 38 74 56 37 81 68 57 84 13 14 50 84 0 91 78 10 64 43 19 88 78 23 71 68 36 72 78 27 61 17 77 43 69 34 72 94 52 82 29 33 13 72 34 13 97 49 52 16 41 31 33 52 54 37 13 48 48 22 90 28 17 64 43 58 59 88 52 12 54 98 25 50 76 71 60 85 70 12 91 50 67 60 80 55 24 16 67 81 13 21 88 44 43 16 25 24 27 93 29
23 36 13 71 37 48 88 89 75 63 12 19 47 22 25 79 32 95 13 76 95 81 21 29 54 47 30 55 77 35 70 74 92 91 0 38 82 19 94 43 58 68 61 26 63 92 66 25 14 77 59 66 44 79 65 77 48 28 55 62 36 80 96 54 75 77 49 76 45 99 46 13 96 31 37 37 30 88 54 21 10 75 38 73 75 72 90 60 39 15 69 42 93 46 16 54 23 95 32 52 32 12 63 75 51 22 35 26 91 82 96 35 13 33 12 94 16 20 18 19
95 27 81 73 24 23 44 59 76 10 98 96 59 71 76 70 81 67 77 76 61 96 57 63 60 95 46 77 16 43 46 25 63 78 38 0 69 17 37 55 95 53 42 68 82 55 16 53 32 73 81 67 22 97 76 13 90 96 16 77 12 37 59 57 30 33 83 12 37 75 44 10 19 69 96 62 40 88 96 66 99 51 92 86 31 80 97 65 60 41 64 23 16 22 32 92 22 77 55 12 48 63 53 80 14 19 75 91 52 36 64 30 38 62 44 52 78 95 32 79
60 21 62 32 88 74 63 62 27 53 24 21 31 59 80 87 66 88 73 10 86 31 53 25 83 81 13 50 79 39 59 10 51 10 82 69 0 36 69 76 56 40 29 30 83 49 51 29 52 91 20 57 18 37 59 54 78 69 41 52 49 84 38 10 95 73 79 88 54 20 87 38 89 23 44 79 82 73 34 79 33 44 48 86 63 91 33 62 22 36 95 90 84 70 62 91 60 38 59 51 16 95 90 55 72 79 59 58 76 85 86 31 99 87 55 93 64 98 51 25
15 34 81 26 44 77 39 44 23 59 89 88 70 94 24 69 43 48 78 96 15 22 77 76 28 98 75 42 77 68 21 12 44 64 19 17 36 0 73 20 27 73 70 89 68 83 33 80 56 38 94 40 50 60 24 45 82 28 44 87 91 14 21 54 15 99 47 64 38 27 91 89 56 44 11 38 12 71 97 85 93 34 33 51 86 94 26 55 75 11 21 69 55 46 89 31 53 91 58 95 80 44 72 16 57 45 49 22 38 41 87 77 40 15 86 29 97 23 33 76
91 42 28 45 60 69 56 35 96 46 27 44 71 27 70 60 56 37 16 75 43 66 37 25 52 17 55 14 81 68 71 50 31 43 94 37 69 73 0 40 57 91 13 48 54 47 11 89 38 85 94 84 87 67 44 91 67 89 43 94 77 18 94 84 89 37 13 80 27 90 73 64 43 75 43 16 52 28 53 58 89 39 91 20 13 11 79 86 85 56 34 29 38 92 83 47 32 21 85 89 62 93 47 76 20 28 70 17 65 31 98 46 80 21 45 83 87 60 11 38
64 38 15 11 59 33 22 52 35 55 46 34 87 70 88 15 58 30 87 56 41 11 78 39 89 28 42 56 98 29 72 18 48 19 43 55 76 20 40 0 52 56 50 73 18 58 10 36 35 83 81 33 75 44 58 25 52 62 92 98 47 55 34 37 71 48 57 19 89 65 98 22 10 19 82 25 43 52 65 36 48 72 69 46 56 92 23 42 34 87 62 77 34 40 12 47 45 61 70 16 49 43 83 52 86 52 55 17 61 58 60 80 26 97 26 35 96 47 97 20
70 65 84 73 64 43 20 60 76 51 61 81 37 79 78 54 34 98 84 15 28 34 39 74 38 80 56 99 83 93 67 95 16 88 58 95 56 27 57 52 0 98 56 12 74 46 34 89 84 16 80 38 39 70 84 74 71 18 61 84 68 62 33 59 86 12 34 65 58 46 26 37 37 77 91 89 24 71 79 15 98 39 93 64 63 59 66 19 46 85 78 49 23 79 31 31 38 30 92 73 44 74 79 20 12 73 77 98 97 68 17 57 70 57 64 89 99 57 90 81
59 86 15 14 94 97 49 41 31 30 13 17 46 32 20 37 31 40 10 23 70 43 33 21 12 96 98 52 32 62 74 34 39 78 68 53 40 73 91 56 98 0 29 59 66 70 12 77 51 90 82 82 95 39 61 24 17 57 92 22 97 91 67 54 87 87 38 94 31 59 98 77 57 72 12 23 62 67 96 16 99 59 18 74 56 15 76 96 64 29 47 56 20 83 14 80 82 10 89 99 95 13 90 27 25 30 13 16 27 98 40 59 17 74 69 95 93 57 68 82
74 54 75 51 90 31 45 97 26 40 21 37 58 45 32 74 32 38 47 76 80 23 31 68 23 63 40 20 20 61 23 91 89 23 61 42 29 70 13 50 56 29 0 98 47 17 88 91 10 58 11 53 30 51 55 13 74 62 30 96 33 82 39 21 40 30 79 10 83 24 62 37 27 68 28 93 33 50 62 88 63 26 25 45 45 54 57 62 45 84 11 11 71 58 59 45 43 30 31 17 77 65 19 92 45 62 27 52 57 71 43 13 23 18 52 39 78 77 61 82
86 34 16 95 83 42 13 63 40 86 53 30 67 88 80 39 20 55 72 32 78 98 27 87 77 15 84 80 40 19 89 42 63 71 26 68 30 89 48 73 12 59 98 0 21 35 11 95 22 70 19 33 63 45 81 13 88 35 96 44 62 96 95 29 58 90 68 40 80 32 57 45 57 71 96 13 73 16 33 67 80 97 29 22 62 27 62 29 68 36 63 68 35 11 77 80 98 20 14 68 13 23 64 32 57 89 95 38 96 77 70 17 88 64 46 25 15 11 53 10
26 14 21 97 99 68 11 66 94 61 60 45 86 71 13 37 47 38 33 87 39 71 14 97 78 72 73 45 64 69 19 38 52 68 63 82 83 68 54 18 74 66 47 21 0 26 40 69 77 22 78 97 33 41 27 73 44 78 81 15 67 29 51 36 97 16 46 94 25 40 57 66 56 77 78 25 46 34 66 19 72 59 41 29 35 27 93 48 76 94 17 94 44 27 33 20 35 13 32 93 77 75 67 61 59 83 36 36 13 37 34 74 66 78 97 93 70 70 66 41
55 80 65 20 54 50 62 52 61 50 11 28 21 99 32 30 73 20 75 33 69 45 45 63 42 73 28 58 58 60 68 27 59 36 92 55 49 83 47 58 46 70 17 35 26 0 14 79 49 77 76 49 62 50 82 87 53 18 62 88 67 30 37 77 16 84 77 76 41 53 33 82 28 37 42 29 84 55 80 51 87 42 88 99 69 11 20 55 44 32 79 86 53 87 30 12 75 70 27 33 54 70 66 58 61 43 13 41 46 23 37 41 50 97 79 20 14 35 60 67
43 19 82 59 22 45 27 34 35 47 30 12 57 11 89 75 62 21 54 98 95 61 67 99 61 77 41 88 56 97 82 53 18 72 66 16 51 33 11 10 34 12 88 11 40 14 0 11 10 53 70 72 24 59 15 14 86 61 35 96 98 31 27 90 83 33 97 80 34 64 58 43 51 61 52 37 54 97 69 66 15 89 68 72 12 78 81 13 11 24 75 48 71 73 65 42 83 58 43 13 34 74 13 68 14 74 34 82 55 36 35 42 38 80 51 65 21 49 14 98
75 82 16 20 60 99 14 51 93 66 13 67 79 99 36 45 39 93 75 99 88 63 17 20 93 38 95 87 72 87 23 65 94 78 25 53 29 80 89 36 89 77 91 95 69 79 11 0 31 45 90 66 22 82 31 80 69 24 47 79 44 92 71 21 75 50 99 47 78 11 81 29 53 10 26 28 12 14 47 88 56 97 63 87 50 11 39 47 65 20 39 38 15 95 62 77 98 76 68 63 23 41 48 37 20 38 98 44 40 52 57 19 91 22 81 28 53 47 17 71
99 34 40 68 83 51 34 21 29 12 90 67 70 34 57 37 17 88 58 26 42 26 68 63 19 45 60 84 47 94 27 74 58 27 14 32 52 56 38 35 84 51 10 22 77 49 10 31 0 35 96 23 94 81 13 16 44 61 32 90 82 85 47 23 77 63 14 58 10 17 55 83 68 51 85 85 45 44 99 49 46 93 72 77 98 60 95 58 50 51 27 15 76 76 30 65 46 99 17 14 28 94 51 64 14 11 48 40 27 87 76 44 83 54 29 67 68 76 28 40
39 77 79 43 22 20 10 38 59 59 18 82 10 13 78 22 84 23 32 50 80 22 51 77 62 48 35 15 14 30 57 83 41 61 77 73 91 38 85 83 16 90 58 70 22 77 53 45 35 0 59 69 20 45 94 42 26 65 21 34 70 70 63 41 27 79 80 21 21 20 98 79 75 98 62 18 50 58 78 39 29 61 69 14 15 18 71 93 54 34 93 30 52 77 50 20 10 58 68 60 21 53 37 99 45 59 62 30 65 79 10 58 82 40 67 72 85 98 96 94
13 50 89 61 48 84 78 11 74 95 15 13 46 59 97 54 43 27 70 70 67 89 69 99 77 23 50 28 85 51 87 86 84 17 59 81 20 94 94 81 80 82 11 19 78 76 70 90 96 59 0 63 19 88 24 65 63 72 13 67 52 94 13 15 91 91 50 59 61 72 77 35 96 12 67 92 95 63 65 97 78 95 97 85 28 77 56 91 52 61 59 28 17 18 88 60 89 39 88 94 25 25 62 28 47 71 19 44 14 13 82 94 44 46 61 24 97 42 50 29
37 86 93 90 66 63 54 27 93 25 66 72 85 48 60 61 47 80 21 30 22 63 36 75 22 84 28 74 36 93 71 34 24 77 66 67 57 40 84 33 38 82 53 33 97 49 72 66 23 69 63 0 18 27 91 39 24 89 56 31 60 84 12 40 75 45 74 88 50 65 65 32 64 52 99 28 57 48 87 11 87 67 87 25 76 84 75 70 15 82 51 17 44 81 64 98 82 55 16 49 31 97 83 56 43 67 21 68 41 68 29 11 43 17 15 84 87 24 13 62
23 91 37 93 75 33 25 86 30 14 48 18 96 80 24 10 11 22 80 90 22 30 36 42 91 28 17 16 37 26 14 86 36 43 44 22 18 50 87 75 39 95 30 63 33 62 24 22 94 20 19 18 0 25 41 57 57 57 85 29 65 72 19 38 20 53 95 61 29 33 75 52 45 62 91 60 59 56 48 33 25 16 31 62 20 39 39 17 60 50 36 91 45 87 40 51 71 97 15 38 77 59 65 36 59 83 54 82 49 48 32 64 96 67 64 79 63 81 84 83
62 75 16 35 21 31 57 90 43 52 57 73 24 36 73 31 38 22 68 29 29 38 20 80 93 60 31 77 84 14 36 73 51 69 79 97 37 60 67 44 70 39 51 45 41 50 59 82 81 45 88 27 25 0 33 39 29 42 71 18 20 31 62 22 57 46 33 76 36 57 19 69 98 11 62 65 44 72 42 23 84 85 56 22 34 21 53 97 19 97 68 94 46 38 98 18 36 98 33 26 95 80 29 87 83 52 45 41 19 84 63 25 79 69 58 98 85 75 64 49
54 66 45 38 34 60 35 68 12 96 35 37 31 29 20 34 21 10 28 31 26 70 90 24 31 68 33 13 97 28 11 57 27 34 65 76 59 24 44 58 84 61 55 81 27 82 15 31 13 94 24 91 41 33 0 71 14 53 75 26 35 91 88 54 59 52 81 41 23 21 36 47 96 54 16 73 97 19 52 53 57 31 77 36 96 25 71 12 92 21 39 67 29 44 61 59 83 38 45 32 92 16 81 27 16 97 56 51 20 82 35 86 89 52 27 44 66 99 61 36
91 48 48 54 15 13 87 13 26 57 33 50 43 16 57 13 27 63 32 21 51 93 53 74 74 89 11 83 15 55 36 11 41 72 77 13 54 45 91 25 74 24 13 13 73 87 14 80 16 42 65 39 57 39 71 0 82 23 49 19 25 23 43 78 53 79 42 19 23 96 89 28 78 31 13 50 13 63 65 51 91 94 54 73 86 31 13 96 45 78 37 49 62 82 75 73 20 64 29 88 66 39 21 63 64 76 10 78 74 41 56 74 61 38 55 55 54 17 37 55
63 33 17 73 58 97 68 31 70 51 11 37 60 55 78 12 47 42 72 43 57 44 41 19 82 18 83 91 52 58 41 56 78 94 48 90 78 82 67 52 71 17 74 88 44 53 86 69 44 26 63 24 57 29 14 82 0 10 91 65 90 79 10 78 97 12 29 82 26 31 44 68 21 43 22 87 49 86 59 83 33 99 88 70 16 82 22 24 83 51 68 39 13 12 50 68 81 72 97 13 47 36 21 43 89 30 31 25 61 75 95 63 13 69 52 10 63 31 88 13
77 86 17 76 74 33 53 37 57 40 50 62 36 22 52 57 73 19 87 23 35 64 98 19 58 26 23 74 23 85 43 61 88 52 28 96 69 28 89 62 18 57 62 35 78 18 61 24 61 65 72 89 57 42 53 23 10 0 65 86 17 77 91 64 60 51 20 24 41 68 82 18 37 48 59 77 56 10 24 49 41 37 73 29 45 56 17 93 65 76 71 73 80 94 50 15 37 58 93 11 39 84 18 27 95 61 28 49 66 54 82 42 50 87 70 12 94 99 10 90
95 36 74 93 34 10 38 59 93 77 59 90 43 37 96 33 61 88 10 39 12 56 74 66 90 68 83 62 72 58 77 22 20 82 55 16 41 44 43 92 61 92 30 96 81 62 35 47 32 21 13 56 85 71 75 49 91 65 0 71 89 27 63 96 81 63 46 24 60 23 81 26 96 61 61 80 36 39 87 68 58 98 34 79 26 83 26 81 92 21 72 32 91 92 91 76 94 58 83 26 24 35 88 14 21 84 53 92 72 75 92 18 27 90 41 70 10 74 38 54
65 16 99 37 43 69 42 44 38 25 66 56 30 38 14 96 87 53 97 65 10 81 10 27 35 66 23 88 22 29 54 18 54 29 62 77 52 87 94 98 84 22 96 44 15 88 96 79 90 34 67 31 29 18 26 19 65 86 71 0 15 50 38 69 16 76 69 18 31 18 43 13 13 85 69 92 58 10 95 20 12 94 94 90 77 52 70 55 27 70 59 72 47 80 98 57 44 19 33 46 16 28 79 63 93 13 28 82 69 86 65 15 62 83 56 68 32 50 85 88
36 58 75 61 78 69 80 28 20 27 85 35 53 58 15 10 73 82 70 64 87 32 99 67 71 81 65 88 25 84 50 91 71 33 36 12 49 91 77 47 68 97 33 62 67 67 98 44 82 70 52 60 65 20 35 25 90 17 89 15 0 88 76 75 82 69 92 47 90 89 20 15 38 12 41 17 84 96 71 77 66 45 72 24 25 93 33 10 42 14 69 40 69 46 30 98 19 73 51 56 75 55 86 59 86 49 84 47 27 44 62 45 10 64 98 28 92 31 66 61
41 57 53 52 21 19 65 21 23 11 76 16 82 25 51 24 41 41 11 94 12 37 31 95 62 75 95 21 91 42 18 37 18 13 80 37 84 14 18 55 62 91 82 96 29 30 31 92 85 70 94 84 72 31 91 23 79 77 27 50 88 0 39 33 31 67 64 36 29 74 56 61 65 88 83 78 68 36 40 45 70 45 51 94 40 11 73 25 77 91 77 63 90 25 30 16 60 70 98 13 19 34 92 33 13 42 83 17 18 52 78 29 31 91 68 38 98 30 11 22
20 50 81 68 11 36 44 57 38 62 11 51 95 73 42 11 11 26 40 46 46 92 14 85 99 31 67 57 58 60 37 83 22 72 96 59 38 21 94 34 33 67 39 95 51 37 27 71 47 63 13 12 19 62 88 43 10 91 63 38 76 39 0 59 61 16 73 19 73 75 59 12 83 11 21 56 49 69 90 88 67 84 81 52 25 74 91 65 89 63 22 81 75 54 47 29 33 32 38 55 94 34 59 11 58 56 19 89 93 50 51 66 75 98 33 96 74 86 13 17
86 90 81 64 82 24 70 79 49 83 30 85 67 13 60 84 65 36 54 94 94 43 76 59 67 64 60 38 23 25 86 79 13 34 54 57 10 54 84 37 59 54 21 29 36 77 90 21 23 41 15 40 38 22 54 78 78 64 96 69 75 33 59 0 77 80 39 60 66 22 80 68 73 41 26 86 75 70 26 68 24 83 92 52 10 18 96 86 68 97 30 10 95 88 96 52 97 28 83 66 60 94 46 95 20 81 93 87 84 49 19 69 14 38 47 80 99 90 20 94
36 77 82 73 66 45 75 89 83 80 99 35 21 62 66 73 43 99 19 73 19 33 72 36 29 66 29 84 57 23 98 93 50 13 75 30 95 15 89 71 86 87 40 58 97 16 83 75 77 27 91 75 20 57 59 53 97 60 81 16 82 31 61 77 0 36 87 23 37 81 63 36 64 97 66 31 43 82 89 20 84 87 79 22 60 24 86 12 25 84 72 74 71 25 92 38 57 43 71 48 34 31 87 36 96 36 63 20 20 20 73 67 96 20 71 76 29 78 11 14
90 73 42 36 45 69 27 56 11 57 44 12 11 29 92 24 18 32 85 66 86 93 10 73 35 83 49 80 81 43 22 63 47 97 77 33 73 99 37 48 12 87 30 90 16 84 33 50 63 79 91 45 53 46 52 79 12 51 63 76 69 67 16 80 36 0 19 26 18 35 91 79 91 86 47 30 28 64 45 78 36 38 80 92 78 60 93 46 37 56 33 28 82 18 14 40 51 79 47 85 33 27 80 25 87 47 52 50 50 24 13 85 54 37 11 32 91 31 16 81
98 20 13 64 50 74 41 86 32 23 20 76 50 92 14 69 75 75 58 14 43 94 46 62 74 80 83 90 99 32 57 56 49 49 49 83 79 47 13 57 34 38 79 68 46 77 97 99 14 80 50 74 95 33 81 42 29 20 46 69 92 64 73 39 87 19 0 40 82 12 22 69 78 89 88 86 99 40 47 12 86 50 68 28 23 81 86 30 44 44 37 14 25 78 18 54 19 51 92 83 97 76 70 64 22 78 13 19 31 44 67 86 20 91 77 69 51 45 79 13
31 32 18 41 42 77 18 62 83 65 56 27 30 64 70 35 56 88 36 35 51 73 64 13 88 24 17 92 38 16 20 28 24 52 76 12 88 64 80 19 65 94 10 40 94 76 80 47 58 21 59 88 61 76 41 19 82 24 24 18 47 36 19 60 23 26 40 0 38 77 71 87 39 11 80 69 72 86 80 29 97 20 65 15 66 73 14 63 42 99 41 33 42 46 87 27 11 36 51 19 18 22 27 15 21 35 46 24 23 74 14 32 12 36 27 79 39 24 97 18
85 88 49 27 24 91 65 35 20 98 89 47 68 71 27 55 82 29 74 90 13 80 82 17 33 61 58 33 79 32 88 59 36 16 45 37 54 38 27 89 58 31 83 80 25 41 34 78 10 21 61 50 29 36 23 23 26 41 60 31 90 29 73 66 37 18 82 38 0 45 47 16 52 51 41 89 22 60 15 59 27 18 46 22 99 95 47 25 71 35 37 75 95 67 61 39 44 54 66 64 82 62 11 37 26 94 60 13 94 23 17 69 45 75 62 94 89 63 12 42
12 23 67 74 94 10 73 92 86 56 12 11 11 67 86 76 30 23 77 58 50 12 44 73 81 92 53 79 41 57 43 89 65 41 99 75 20 27 90 65 46 59 24 32 40 53 64 11 17 20 72 65 33 57 21 96 31 68 23 18 89 74 75 22 81 35 12 77 45 0 67 58 72 46 47 81 68 99 46 50 91 52 27 91 82 10 30 39 62 86 80 76 80 20 47 38 97 32 96 91 43 62 94 16 55 37 72 19 68 10 67 29 85 94 23 76 25 72 16 30
36 95 66 63 50 78 62 35 12 93 10 76 82 63 89 26 95 60 45 64 74 76 57 76 89 57 40 50 10 50 55 59 41 31 46 44 87 91 73 98 26 98 62 57 57 33 58 81 55 98 77 65 75 19 36 89 44 82 81 43 20 56 59 80 63 91 22 71 47 67 0 72 29 60 44 55 87 15 21 77 64 92 86 28 44 96 13 59 40 37 71 86 82 49 98 59 16 41 62 39 72 35 20 52 89 83 26 70 74 89 77 59 97 78 58 84 56 62 24 86
73 16 94 85 78 92 81 57 90 50 33 30 96 22 17 41 69 44 32 98 97 87 55 21 10 69 82 19 22 29 61 58 67 33 13 10 38 89 64 22 37 77 37 45 66 82 43 29 83 79 35 32 52 69 47 28 68 18 26 13 15 61 12 68 36 79 69 87 16 58 72 0 93 30 71 40 99 49 73 62 42 25 51 83 20 37 72 52 78 45 77 84 29 63 99 68 39 52 34 87 91 89 23 51 37 43 80 42 10 70 41 68 82 47 63 61 28 23 57 25
97 63 54 79 93 93 66 32 91 71 39 85 29 73 35 22 81 13 56 94 50 70 57 17 31 88 28 19 44 96 98 87 99 52 96 19 89 56 43 10 37 57 27 57 56 28 51 53 68 75 96 64 45 98 96 78 21 37 96 13 38 65 83 73 64 91 78 39 52 72 29 93 0 30 13 55 93 55 43 68 49 96 55 41 35 51 51 12 23 96 48 46 33 62 30 46 29 22 42 35 74 50 45 20 19 93 45 33 16 14 39 51 59 94 90 76 82 32 20 62
51 35 39 69 24 55 73 56 43 40 88 83 79 19 39 93 29 43 45 18 34 97 48 54 11 72 64 71 29 36 58 87 35 54 31 69 23 44 75 19 77 72 68 71 77 37 61 10 51 98 12 52 62 11 54 31 43 48 61 85 12 88 11 41 97 86 89 11 51 46 60 30 30 0 31 32 58 14 94 96 65 80 80 35 80 24 22 37 39 58 33 44 75 52 64 76 30 29 20 74 63 71 42 23 84 75 45 21 27 25 60 74 57 81 21 53 70 66 10 37
76 12 65 43 15 64 62 31 16 59 19 52 95 88 78 93 69 20 43 73 21 45 93 20 89 42 57 45 18 49 23 44 70 37 37 96 44 11 43 82 91 12 28 96 78 42 52 26 85 62 67 99 91 62 16 13 22 59 61 69 41 83 21 26 66 47 88 80 41 47 44 71 13 31 0 92 87 40 60 82 31 81 16 97 89 70 61 51 18 37 70 56 61 70 84 37 37 94 89 47 49 89 90 74 27 66 98 52 82 46 53 99 38 31 96 87 53 24 43 94
52 42 17 61 40 45 35 75 42 88 16 49 97 34 20 41 59 70 20 86 30 61 44 51 83 40 92 47 44 71 54 97 75 13 37 62 79 38 16 25 89 23 93 13 25 29 37 28 85 18 92 28 60 65 73 50 87 77 80 92 17 78 56 86 31 30 86 69 89 81 55 40 55 32 92 0 11 97 74 10 51 62 21 62 54 33 95 66 56 79 98 10 33 60 97 95 80 19 74 23 99 20 55 81 17 58 42 31 12 26 13 22 25 15 47 16 96 33 92 82
16 28 39 21 67 77 68 87 15 30 13 58 70 89 37 39 77 65 45 14 94 85 14 56 30 24 42 47 81 60 58 20 28 48 30 40 82 12 52 43 24 62 33 73 46 84 54 12 45 50 95 57 59 44 97 13 49 56 36 58 84 68 49 75 43 28 99 72 22 68 87 99 93 58 87 11 0 14 51 29 54 70 19 18 43 45 81 86 48 74 66 11 66 52 29 23 69 36 88 87 50 56 89 38 79 21 21 13 24 67 19 25 27 78 43 26 23 35 44 83
80 53 14 94 15 88 51 65 54 43 68 22 12 74 11 26 36 62 51 69 24 77 64 78 16 40 73 98 58 93 80 29 86 48 88 88 73 71 28 52 71 67 50 16 34 55 97 14 44 58 63 48 56 72 19 63 86 10 39 10 96 36 69 70 82 64 40 86 60 99 15 49 55 14 40 97 14 0 98 26 58 27 97 55 11 55 52 78 99 87 14 85 55 94 61 42 68 40 26 77 47 18 83 82 46 92 75 18 14 48 78 87 75 20 93 81 35 89 56 66
13 84 24 48 71 63 56 83 59 77 37 12 86 49 21 63 79 53 23 75 83 58 72 55 11 48 53 38 76 40 28 27 96 22 54 96 34 97 53 65 79 96 62 33 66 80 69 47 99 78 65 87 48 42 52 65 59 24 87 95 71 40 90 26 89 45 47 80 15 46 21 73 43 94 60 74 51 98 0 23 43 13 57 78 95 43 53 77 49 42 31 29 91 52 31 84 65 20 22 55 94 27 10 27 76 81 43 76 79 69 90 23 73 99 86 26 59 21 26 70
25 60 17 98 59 50 25 71 11 97 86 32 96 60 14 49 39 37 35 51 90 63 67 24 19 25 63 98 86 69 39 68 38 90 21 66 79 85 58 36 15 16 88 67 19 51 66 88 49 39 97 11 33 23 53 51 83 49 68 20 77 45 88 68 20 78 12 29 59 50 77 62 68 96 82 10 29 26 23 0 63 58 46 19 51 20 93 55 86 45 11 92 22 23 54 34 87 78 87 96 55 98 40 47 84 91 17 26 92 98 93 94 95 50 67 48 90 28 16 99
86 30 29 93 80 51 19 42 78 84 51 66 50 37 56 22 58 28 99 20 30 73 56 24 70 81 35 86 53 26 28 76 73 28 10 99 33 93 89 48 98 99 63 80 72 87 15 56 46 29 78 87 25 84 57 91 33 41 58 12 66 70 67 24 84 36 86 97 27 91 64 42 49 65 31 51 54 58 43 63 0 29 36 48 86 67 91 64 23 66 26 44 56 32 66 36 38 95 13 41 54 60 77 26 24 24 68 81 60 71 85 26 55 77 65 49 27 30 73 23
25 44 54 31 70 56 31 88 54 91 34 64 43 97 94 58 27 28 47 55 65 97 22 41 60 67 88 30 85 77 11 39 87 17 75 51 44 34 39 72 39 59 26 97 59 42 89 97 93 61 95 67 16 85 31 94 99 37 98 94 45 45 84 83 87 38 50 20 18 52 92 25 96 80 81 62 70 27 13 58 29 0 96 28 44 50 53 96 80 79 63 44 10 75 37 86 66 87 55 64 22 74 96 39 30 78 72 57 91 89 17 46 39 23 26 40 71 59 21 13
86 78 26 31 15 20 73 64 94 49 69 67 70 58 11 10 13 97 89 99 30 92 29 90 34 21 62 36 79 89 48 44 83 64 38 92 48 33 91 69 93 18 25 29 41 88 68 63 72 69 97 87 31 56 77 54 88 73 34 94 72 51 81 92 79 80 68 65 46 27 86 51 55 80 16 21 19 97 57 46 36 96 0 64 85 99 53 70 36 13 48 58 69 73 32 78 36 35 34 75 62 35 85 45 66 46 58 51 10 20 66 81 56 67 59 91 25 44 14 65
37 37 73 74 50 82 47 22 57 20 46 83 24 85 96 15 93 66 71 81 93 25 59 99 90 43 42 56 94 25 32 72 62 43 73 86 86 51 20 46 64 74 45 22 29 99 72 87 77 14 85 25 62 22 36 73 70 29 79 90 24 94 52 52 22 92 28 15 22 91 28 83 41 35 97 62 18 55 78 19 48 28 64 0 87 43 32 58 46 34 71 12 67 86 60 74 75 55 21 54 88 41 26 66 23 15 98 86 97 78 27 81 54 83 22 70 66 51 48 91
50 40 64 42 18 72 51 49 84 90 75 13 83 60 68 50 19 80 23 83 87 94 94 95 24 27 91 73 68 67 65 45 24 58 75 31 63 86 13 56 63 56 45 62 35 69 12 50 98 15 28 76 20 34 96 86 16 45 26 77 25 40 25 10 60 78 23 66 99 82 44 20 35 80 89 54 43 11 95 51 86 44 85 87 0 27 38 39 27 63 32 31 43 60 65 84 34 77 86 37 97 81 98 49 16 76 89 62 77 33 35 45 85 10 58 67 20 65 76 30
90 79 15 78 48 32 79 89 61 54 69 94 30 96 25 23 37 90 75 54 12 97 32 95 52 54 42 18 92 68 85 12 86 59 72 80 91 94 11 92 59 15 54 27 27 11 78 11 60 18 77 84 39 21 25 31 82 56 83 52 93 11 74 18 24 60 81 73 95 10 96 37 51 24 70 33 45 55 43 20 67 50 99 43 27 0 60 41 34 14 11 87 73 57 86 55 42 51 14 30 26 32 50 92 50 38 64 25 14 38 65 87 66 68 13 70 37 96 42 13
77 92 73 80 45 80 83 17 93 50 81 13 83 43 19 88 27 83 12 85 84 31 39 36 14 35 66 67 96 14 30 47 43 88 90 97 33 26 79 23 66 76 57 62 93 20 81 39 95 71 56 75 39 53 71 13 22 17 26 70 33 73 91 96 86 93 86 14 47 30 13 72 51 22 61 95 81 52 53 93 91 53 53 32 38 60 0 94 37 40 52 51 55 77 52 62 23 65 95 73 77 72 22 91 95 54 61 87 53 55 43 68 20 71 91 69 50 93 15 47
52 23 10 48 47 39 49 74 86 49 46 78 62 17 10 69 69 95 48 11 86 79 74 47 74 40 62 62 38 72 14 66 48 52 60 65 62 55 86 42 19 96 62 29 48 55 13 47 58 93 91 70 17 97 12 96 24 93 81 55 10 25 65 86 12 46 30 63 25 39 59 52 12 37 51 66 86 78 77 55 64 96 70 58 39 41 94 0 56 91 48 39 55 89 59 59 94 96 34 64 41 99 37 26 71 79 92 72 63 20 14 74 46 55 53 76 14 20 18 80
66 44 25 37 98 92 94 66 34 32 40 13 69 18 44 11 52 54 50 87 59 32 96 29 28 31 57 67 53 78 97 32 13 12 39 60 22 75 85 34 46 64 45 68 76 44 11 65 50 54 52 15 60 19 92 45 83 65 92 27 42 77 89 68 25 37 44 42 71 62 40 78 23 39 18 56 48 99 49 86 23 80 36 46 27 34 37 56 0 88 34 97 66 16 51 56 56 64 25 69 46 14 32 63 77 86 57 48 43 46 95 84 55 49 32 89 10 70 60 29
46 81 85 45 61 91 66 36 28 38 41 57 62 41 97 41 56 51 36 27 43 65 55 86 95 62 71 99 89 79 39 81 74 54 15 41 36 11 56 87 85 29 84 36 94 32 24 20 51 34 61 82 50 97 21 78 51 76 21 70 14 91 63 97 84 56 44 99 35 86 37 45 96 58 37 79 74 87 42 45 66 79 13 34 63 14 40 91 88 0 78 96 86 55 48 87 14 16 32 95 41 70 75 41 11 67 94 84 94 79 65 67 47 91 65 79 17 17 61 28
48 55 15 80 53 61 53 43 32 24 27 67 71 38 30 29 28 63 78 40 36 92 60 51 82 59 57 34 22 51 25 44 28 98 69 64 95 21 34 62 78 47 11 63 17 79 75 39 27 93 59 51 36 68 39 37 68 71 72 59 69 77 22 30 72 33 37 41 37 80 71 77 48 33 70 98 66 14 31 11 26 63 48 71 32 11 52 48 34 78 0 15 30 62 17 85 41 34 68 18 40 91 24 13 85 12 67 41 75 64 12 82 84 98 46 29 82 34 80 74
98 85 95 80 20 73 90 56 54 40 73 84 94 90 91 24 66 11 66 77 59 51 71 87 25 27 54 36 28 47 49 79 23 25 42 23 90 69 29 77 49 56 11 68 94 86 48 38 15 30 28 17 91 94 67 49 39 73 32 72 40 63 81 10 74 28 14 33 75 76 86 84 46 44 56 10 11 85 29 92 44 44 58 12 31 87 51 39 97 96 15 0 43 90 79 78 34 26 90 41 80 40 70 67 93 86 40 14 11 23 70 15 45 20 91 51 68 69 64 92
93 83 48 85 32 92 47 32 22 75 37 91 76 37 17 82 62 82 17 30 35 25 44 16 45 78 39 23 89 52 69 67 95 50 93 16 84 55 38 34 23 20 71 35 44 53 71 15 76 52 17 44 45 46 29 62 13 80 91 47 69 90 75 95 71 82 25 42 95 80 82 29 33 75 61 33 66 55 91 22 56 10 69 67 43 73 55 55 66 86 30 43 0 32 78 21 24 66 52 26 32 11 47 92 78 62 86 84 32 39 58 79 34 27 36 79 38 21 86 91
19 33 50 17 42 82 57 36 68 12 97 48 14 36 42 77 26 31 54 46 70 20 79 24 99 71 66 18 95 16 48 19 83 76 46 22 70 46 92 40 79 83 58 11 27 87 73 95 76 77 18 81 87 38 44 82 12 94 92 80 46 25 54 88 25 18 78 46 67 20 49 63 62 52 70 60 52 94 52 23 32 75 73 86 60 57 77 89 16 55 62 90 32 0 37 80 38 44 10 13 32 44 72 25 61 65 54 33 76 74 35 96 87 97 28 46 31 66 30 14
60 82 47 94 45 82 63 94 81 11 21 50 27 72 98 83 72 39 79 17 61 68 19 35 52 70 26 17 52 90 48 96 10 71 16 32 62 89 83 12 31 14 59 77 33 30 65 62 30 50 88 64 40 98 61 75 50 50 91 98 30 30 47 96 92 14 18 87 61 47 98 99 30 64 84 97 29 61 31 54 66 37 32 60 65 86 52 59 51 48 17 79 78 37 0 90 12 26 96 64 32 34 57 54 23 17 25 52 72 32 94 73 49 25 49 26 21 64 18 62
32 44 82 53 22 84 72 43 41 72 84 76 63 29 76 78 30 27 47 14 90 44 55 60 80 81 11 50 68 47 57 80 96 60 54 92 91 31 47 47 31 80 45 80 20 12 42 77 65 20 60 98 51 18 59 73 68 15 76 57 98 16 29 52 38 40 54 27 39 38 59 68 46 76 37 95 23 42 84 34 36 86 78 74 84 55 62 59 56 87 85 78 21 80 90 0 15 15 48 37 60 28 40 63 38 68 61 67 62 39 89 46 56 52 91 51 45 47 28 92
59 59 34 91 33 78 66 61 98 15 63 54 47 87 54 30 69 94 81 73 76 71 31 26 33 52 40 62 23 94 72 88 55 85 23 22 60 53 32 45 38 82 43 98 35 75 83 98 46 10 89 82 71 36 83 20 81 37 94 44 19 60 33 97 57 51 19 11 44 97 16 39 29 30 37 80 69 68 65 87 38 66 36 75 34 42 23 94 56 14 41 34 24 38 12 15 0 20 71 99 11 38 46 69 81 77 11 88 52 59 94 87 67 18 42 50 19 99 61 83
55 55 37 95 39 86 43 13 38 77 62 26 62 19 78 60 65 38 42 92 15 71 65 81 27 65 71 89 14 81 11 57 98 70 95 77 38 91 21 61 30 10 30 20 13 70 58 76 99 58 39 55 97 98 38 64 72 58 58 19 73 70 32 28 43 79 51 36 54 32 41 52 22 29 94 19 36 40 20 78 95 87 35 55 77 51 65 96 64 16 34 26 66 44 26 15 20 0 34 83 70 94 73 98 66 61 24 96 50 74 17 25 25 41 74 47 15 19 73 49
60 30 30 64 94 41 99 60 75 57 94 28 57 91 66 14 85 70 44 86 56 14 95 24 55 91 47 72 21 60 11 87 95 12 32 55 59 58 85 70 92 89 31 14 32 27 43 68 17 68 88 16 15 33 45 29 97 93 83 33 51 98 38 83 71 47 92 51 66 96 62 34 42 20 89 74 88 26 22 87 13 55 34 21 86 14 95 34 25 32 68 90 52 10 96 48 71 34 0 34 30 52 78 72 52 83 27 69 61 12 77 49 56 45 59 65 16 65 99 50
10 84 60 56 34 11 15 61 71 41 81 86 84 45 33 84 92 69 86 19 86 60 80 92 59 25 61 54 35 22 65 70 42 91 52 12 51 95 89 16 73 99 17 68 93 33 13 63 14 60 94 49 38 26 32 88 13 11 26 46 56 13 55 66 48 85 83 19 64 91 39 87 35 74 47 23 87 77 55 96 41 64 75 54 37 30 73 64 69 95 18 41 26 13 64 37 99 83 34 0 10 14 18 70 88 50 78 50 33 72 37 93 12 46 23 82 35 57 84 56
31 36 19 43 87 81 99 12 75 94 41 85 89 69 20 18 17 34 91 92 74 10 21 52 82 55 91 46 98 54 36 73 62 50 32 48 16 80 62 49 44 95 77 13 77 54 34 23 28 21 25 31 77 95 92 66 47 39 24 16 75 19 94 60 34 33 97 18 82 43 72 91 74 63 49 99 50 47 94 55 54 22 62 88 97 26 77 41 46 41 40 80 32 32 32 60 11 70 30 10 0 29 47 70 21 60 28 23 54 50 21 51 68 60 21 29 70 28 86 60
60 21 86 43 51 86 47 59 31 86 58 21 57 16 47 67 54 61 10 66 34 65 72 16 45 95 39 36 68 69 41 76 26 67 12 63 95 44 93 43 74 13 65 23 75 70 74 41 94 53 25 97 59 80 16 39 36 84 35 28 55 34 34 94 31 27 76 22 62 62 35 89 50 71 89 20 56 18 27 98 60 74 35 41 81 32 72 99 14 70 91 40 11 44 34 28 38 94 52 14 29 0 86 80 88 82 64 49 67 31 68 90 65 52 20 42 38 49 88 68
42 33 48 49 57 48 25 26 36 80 13 30 52 11 25 93 16 83 26 48 64 65 66 32 45 19 83 87 38 65 26 98 20 60 63 53 90 72 47 83 79 90 19 64 67 66 13 48 51 37 62 83 65 29 81 21 21 18 88 79 86 92 59 46 87 80 70 27 11 94 20 23 45 42 90 55 89 83 10 40 77 96 85 26 98 50 22 37 32 75 24 70 47 72 57 40 46 73 78 18 47 86 0 32 10 65 76 95 78 59 27 16 38 50 59 41 41 45 23 38
24 42 39 12 80 90 74 42 51 56 15 34 68 70 69 86 71 14 23 94 80 75 77 68 14 78 76 70 56 23 25 32 42 80 75 80 55 16 76 52 20 27 92 32 61 58 68 37 64 99 28 56 36 87 27 63 43 27 14 63 59 33 11 95 36 25 64 15 37 16 52 51 20 23 74 81 38 82 27 47 26 39 45 66 49 92 91 26 63 41 13 67 92 25 54 63 69 98 72 70 70 80 32 0 24 83 53 55 22 12 27 58 31 47 98 15 69 25 93 59
21 68 33 93 55 55 21 60 66 20 14 17 61 20 42 58 61 89 62 26 47 48 77 63 56 80 19 42 16 53 54 88 43 55 51 14 72 57 20 86 12 25 45 57 59 61 14 20 14 45 47 43 59 83 16 64 89 95 21 93 86 13 58 20 96 87 22 21 26 55 89 37 19 84 27 17 79 46 76 84 24 30 66 23 16 50 95 71 77 11 85 93 78 61 23 38 81 66 52 88 21 88 10 24 0 36 56 63 24 27 67 28 37 69 94 88 58 11 34 23
39 88 19 86 77 83 93 48 24 45 31 82 27 85 19 16 31 64 30 11 99 40 56 65 98 95 60 26 85 72 13 21 28 24 22 19 79 45 28 52 73 30 62 89 83 43 74 38 11 59 71 67 83 52 97 76 30 61 84 13 49 42 56 81 36 47 78 35 94 37 83 43 93 75 66 58 21 92 81 91 24 78 46 15 76 38 54 79 86 67 12 86 62 65 17 68 77 61 83 50 60 82 65 83 36 0 63 42 55 51 20 48 75 96 78 16 11 58 42 91
26 87 59 15 37 88 77 58 29 57 51 79 95 24 23 34 85 20 82 68 44 30 13 48 94 63 50 24 70 77 75 36 20 16 35 75 59 49 70 55 77 13 27 95 36 13 34 98 48 62 19 21 54 45 56 10 31 28 53 28 84 83 19 93 63 52 13 46 60 72 26 80 45 45 98 42 21 75 43 17 68 72 58 98 89 64 61 92 57 94 67 40 86 54 25 61 11 24 27 78 28 64 76 53 56 63 0 57 81 52 86 47 32 60 80 42 56 42 42 40
42 26 73 65 90 12 26 91 64 55 35 16 44 18 67 72 58 96 87 17 41 37 62 11 13 64 24 37 49 42 74 76 42 67 26 91 58 22 17 17 98 16 52 38 36 41 82 44 40 30 44 68 82 41 51 78 25 49 92 82 47 17 89 87 20 50 19 24 13 19 70 42 33 21 52 31 13 18 76 26 81 57 51 86 62 25 87 72 48 84 41 14 84 33 52 67 88 96 69 50 23 49 95 55 63 42 57 0 93 49 27 56 63 46 44 35 24 57 88 63
65 84 65 96 79 93 33 37 31 98 75 73 27 94 54 83 32 89 17 14 87 95 56 66 92 56 30 18 12 65 57 46 47 81 91 52 76 38 65 61 97 27 57 96 13 46 55 40 27 65 14 41 49 19 20 74 61 66 72 69 27 18 93 84 20 50 31 23 94 68 74 10 16 27 82 12 24 14 79 92 60 91 10 97 77 14 53 63 43 94 75 11 32 76 72 62 52 50 61 33 54 67 78 22 24 55 81 93 0 33 19 72 17 91 26 73 31 54 41 43
77 82 63 41 32 20 31 73 26 54 86 74 96 73 42 35 40 76 74 86 48 77 29 50 75 88 95 84 31 18 93 70 22 13 82 36 85 41 31 58 68 98 71 77 37 23 36 52 87 79 13 68 48 84 82 41 75 54 75 86 44 52 50 49 20 24 44 74 23 10 89 70 14 25 46 26 67 48 69 98 71 89 20 78 33 38 55 20 46 79 64 23 39 74 32 39 59 74 12 72 50 31 59 12 27 51 52 49 33 0 49 75 91 60 43 37 80 74 94 34
35 12 49 12 99 55 88 77 69 39 28 48 70 85 25 55 63 29 26 13 31 27 49 98 84 85 40 23 42 45 40 15 48 21 96 64 86 87 98 60 17 40 43 70 34 37 35 57 76 10 82 29 32 63 35 56 95 82 92 65 62 78 51 19 73 13 67 14 17 67 77 41 39 60 53 13 19 78 90 93 85 17 66 27 35 65 43 14 95 65 12 70 58 35 94 89 94 17 77 37 21 68 27 27 67 20 86 27 19 49 0 20 66 84 84 79 71 62 87 87
58 50 31 63 84 86 37 68 86 92 34 46 11 25 82 69 98 95 22 27 80 79 43 96 99 56 16 83 76 21 97 83 14 88 35 30 31 77 46 80 57 59 13 17 74 41 42 19 44 58 94 11 64 25 86 74 63 42 18 15 45 29 66 69 67 85 86 32 69 29 59 68 51 74 99 22 25 87 23 94 26 46 81 81 45 87 68 74 84 67 82 15 79 96 73 46 87 25 49 93 51 90 16 58 28 48 47 56 72 75 20 0 47 52 98 31 28 82 12 16
16 83 58 72 10 72 89 71 71 16 78 34 26 84 68 96 51 89 85 12 42 99 99 49 18 77 26 40 87 68 97 17 92 44 13 38 99 40 80 26 70 17 23 88 66 50 38 91 83 82 44 43 96 79 89 61 13 50 27 62 10 31 75 14 96 54 20 12 45 85 97 82 59 57 38 25 27 75 73 95 55 39 56 54 85 66 20 46 55 47 84 45 34 87 49 56 67 25 56 12 68 65 38 31 37 75 32 63 17 91 66 47 0 92 70 53 58 17 75 96
19 87 54 71 98 84 95 22 87 24 61 21 19 92 20 66 26 30 96 17 24 18 68 65 41 75 90 30 20 94 50 79 40 43 33 62 87 15 21 97 57 74 18 64 78 97 80 22 54 40 46 17 67 69 52 38 69 87 90 83 64 91 98 38 20 37 91 36 75 94 78 47 94 81 31 15 78 20 99 50 77 23 67 83 10 68 71 55 49 91 98 20 27 97 25 52 18 41 45 46 60 52 50 47 69 96 60 46 91 60 84 52 92 0 91 64 97 35 91 66
35 75 80 18 12 57 70 65 88 70 66 54 79 28 69 90 32 35 89 63 87 70 82 69 39 54 89 65 82 73 28 16 14 16 12 44 55 86 45 26 64 69 52 46 97 79 51 81 29 67 61 15 64 58 27 55 52 70 41 56 98 68 33 47 71 11 77 27 62 23 58 63 90 21 96 47 43 93 86 67 65 26 59 22 58 13 91 53 32 65 46 91 36 28 49 91 42 74 59 23 21 20 59 98 94 78 80 44 26 43 84 98 70 91 0 76 18 97 36 76
75 38 36 55 13 51 51 11 34 48 55 23 34 12 13 63 76 24 88 99 81 68 10 48 29 50 74 90 43 74 47 10 57 25 94 52 93 29 83 35 89 95 39 25 93 20 65 28 67 72 24 84 79 98 44 55 10 12 70 68 28 38 96 80 76 32 69 79 94 76 84 61 76 53 87 16 26 81 26 48 49 40 91 70 67 70 69 76 89 79 29 51 79 46 26 51 50 47 65 82 29 42 41 15 88 16 42 35 73 37 79 31 53 64 76 0 36 37 11 51
34 19 15 12 55 34 95 69 62 49 84 53 35 27 41 48 41 61 43 93 51 96 16 40 50 36 37 97 48 72 92 12 76 24 16 78 64 97 87 96 99 93 78 15 70 14 21 53 68 85 97 87 63 85 66 54 63 94 10 32 92 98 74 99 29 91 51 39 89 25 56 28 82 70 53 96 23 35 59 90 27 71 25 66 20 37 50 14 10 17 82 68 38 31 21 45 19 15 16 35 70 38 41 69 58 11 56 24 31 80 71 28 58 97 18 36 0 18 98 42
12 57 58 61 14 17 44 30 38 13 77 20 57 39 60 62 85 17 78 20 91 15 27 46 62 86 43 46 56 26 72 27 33 27 20 95 98 23 60 47 57 57 77 11 70 35 49 47 76 98 42 24 81 75 99 17 31 99 74 50 31 30 86 90 78 31 45 24 63 72 62 23 32 66 24 33 35 89 21 28 30 59 44 51 65 96 93 20 70 17 34 69 21 66 64 47 99 19 65 57 28 49 45 25 11 58 42 57 54 74 62 82 17 35 97 37 18 0 51 68
71 98 44 53 24 62 98 99 57 63 45 24 67 21 21 51 76 56 97 22 72 24 44 77 44 98 53 82 64 27 11 89 50 93 18 32 51 33 11 97 90 68 61 53 66 60 14 17 28 96 50 13 84 64 61 37 88 10 38 85 66 11 13 20 11 16 79 97 12 16 24 57 20 10 43 92 44 56 26 16 73 21 14 48 76 42 15 18 60 61 80 64 86 30 18 28 61 73 99 84 86 88 23 93 34 42 42 88 41 94 87 12 75 91 36 11 98 51 0 96
79 71 76 86 87 46 19 53 84 77 18 93 69 42 20 10 70 76 29 98 49 45 59 41 77 75 98 47 24 17 74 89 10 29 19 79 25 76 38 20 81 82 82 10 41 67 98 71 40 94 29 62 83 49 36 55 13 90 54 88 61 22 17 94 14 81 13 18 42 30 86 25 62 37 94 82 83 66 70 99 23 13 65 91 30 13 47 80 29 28 74 92 91 14 62 92 83 49 50 56 60 68 38 59 23 91 40 63 43 34 87 16 96 66 76 51 42 68 96 0