40
0 54 25 20 50 41 39 82 56 23 25 49 81 99 64 83 24 99 77 76 12 62 28 37 51 83 67 15 41 37 65 12 40 68 84 84 77 81 77 72
54 0 18 66 37 90 15 56 69 19 57 21 74 13 51 70 50 83 41 66 15 82 82 14 66 49 50 55 64 45 46 50 97 12 65 13 64 60 97 66
25 18 0 58 18 95 42 69 60 26 96 11 42 68 50 16 14 97 92 84 40 87 91 30 58 94 96 23 21 75 92 55 82 10 61 60 85 78 51 21
20 66 58 0 84 90 41 41 31 92 37 82 86 13 40 32 17 75 99 92 13 17 29 50 80 52 21 47 10 43 96 69 37 97 54 74 57 22 24 85
50 37 18 84 0 99 84 22 84 88 29 11 95 55 68 26 71 68 93 34 14 63 11 17 22 16 26 77 42 77 37 39 27 29 93 81 28 54 56 47
41 90 95 90 99 0 17 48 49 49 32 51 89 85 40 84 14 94 76 21 16 20 78 85 16 34 70 25 82 58 83 49 90 99 86 10 56 75 24 61
39 15 42 41 84 17 0 77 87 85 75 12 35 54 52 74 81 15 60 20 73 13 55 97 12 48 89 39 59 28 15 34 53 21 50 19 43 49 70 13
82 56 69 41 22 48 77 0 14 29 10 87 23 24 24 63 63 69 44 64 97 93 35 82 62 56 96 19 71 13 64 61 83 93 93 19 98 96 98 17
56 69 60 31 84 49 87 14 0 68 29 10 64 67 59 95 14 20 94 84 71 33 74 13 81 71 95 67 31 28 80 54 35 87 98 74 83 42 48 22
23 19 26 92 88 49 85 29 68 0 65 84 94 57 93 34 62 66 95 47 78 79 43 90 33 40 46 28 88 86 84 73 60 28 35 36 51 80 87 79
25 57 96 37 29 32 75 10 29 65 0 13 40 33 12 98 17 99 13 73 87 31 87 10 77 50 47 16 16 22 74 29 77 48 60 78 64 90 89 37
49 21 11 82 11 51 12 87 10 84 13 0 66 65 30 11 18 88 90 60 58 76 89 76 98 68 91 87 27 58 41 43 78 75 76 56 67 59 63 97
81 74 42 86 95 89 35 23 64 94 40 66 0 33 16 78 78 95 27 85 35 96 79 31 18 70 96 20 63 40 99 67 79 72 47 82 67 37 58 21
99 13 68 13 55 85 54 24 67 57 33 65 33 0 11 27 68 21 90 40 58 19 13 83 49 53 83 44 70 91 10 13 80 74 78 83 71 34 71 73
64 51 50 40 68 40 52 24 59 93 12 30 16 11 0 16 35 30 78 29 99 40 97 95 95 68 99 20 27 66 29 13 31 73 76 61 33 58 94 20
83 70 16 32 26 84 74 63 95 34 98 11 78 27 16 0 52 15 56 61 72 16 26 38 90 79 50 49 62 80 43 19 69 79 90 93 83 63 23 59
24 50 14 17 71 14 81 63 14 62 17 18 78 68 35 52 0 24 73 55 69 62 73 89 19 60 79 54 60 38 53 20 37 77 74 71 49 45 44 49
99 83 97 75 68 94 15 69 20 66 99 88 95 21 30 15 24 0 87 25 97 32 24 47 73 74 64 10 97 88 69 19 59 32 26 15 14 48 73 96
77 41 92 99 93 76 60 44 94 95 13 90 27 90 78 56 73 87 0 74 59 17 67 90 29 47 69 96 23 93 68 15 44 72 63 43 12 21 13 42
76 66 84 92 34 21 20 64 84 47 73 60 85 40 29 61 55 25 74 0 72 39 87 89 25 64 99 11 32 43 62 69 86 17 30 90 55 54 62 71
12 15 40 13 14 16 73 97 71 78 87 58 35 58 99 72 69 97 59 72 0 45 26 58 94 97 56 80 53 77 58 63 40 91 99 42 66 96 28 34
62 82 87 17 63 20 13 93 33 79 31 76 96 19 40 16 62 32 17 39 45 0 80 66 76 66 36 62 28 52 91 71 75 98 18 94 97 23 44 73
28 82 91 29 11 78 55 35 74 43 87 89 79 13 97 26 73 24 67 87 26 80 0 44 96 65 91 33 57 27 48 91 20 74 57 23 60 88 75 71
37 14 30 50 17 85 97 82 13 90 10 76 31 83 95 38 89 47 90 89 58 66 44 0 19 10 44 73 22 46 25 91 85 36 36 57 97 28 81 63
51 66 58 80 22 16 12 62 81 33 77 98 18 49 95 90 19 73 29 25 94 76 96 19 0 34 81 65 81 59 57 67 83 31 96 10 66 64 51 35
83 49 94 52 16 34 48 56 71 40 50 68 70 53 68 79 60 74 47 64 97 66 65 10 34 0 95 68 85 63 98 51 50 87 95 33 28 69 34 44
67 50 96 21 26 70 89 96 95 46 47 91 96 83 99 50 79 64 69 99 56 36 91 44 81 95 0 64 14 56 15 29 45 74 10 27 59 60 87 85
15 55 23 47 77 25 39 19 67 28 16 87 20 44 20 49 54 10 96 11 80 62 33 73 65 68 64 0 39 64 67 94 59 48 26 44 97 45 41 10
41 64 21 10 42 82 59 71 31 88 16 27 63 70 27 62 60 97 23 32 53 28 57 22 81 85 14 39 0 76 91 96 24 96 79 36 25 48 61 73
37 45 75 43 77 58 28 13 28 86 22 58 40 91 66 80 38 88 93 43 77 52 27 46 59 63 56 64 76 0 65 12 96 57 43 15 10 10 27 62
65 46 92 96 37 83 15 64 80 84 74 41 99 10 29 43 53 69 68 62 58 91 48 25 57 98 15 67 91 65 0 51 98 50 76 41 97 24 60 95
12 50 55 69 39 49 34 61 54 73 29 43 67 13 13 19 20 19 15 69 63 71 91 91 67 51 29 94 96 12 51 0 29 91 31 31 99 72 46 18
40 97 82 37 27 90 53 83 35 60 77 78 79 80 31 69 37 59 44 86 40 75 20 85 83 50 45 59 24 96 98 29 0 84 92 75 87 13 64 70
68 12 10 97 29 99 21 93 87 28 48 75 72 74 73 79 77 32 72 17 91 98 74 36 31 87 74 48 96 57 50 91 84 0 38 16 22 23 17 81
84 65 61 54 93 86 50 93 98 35 60 76 47 78 76 90 74 26 63 30 99 18 57 36 96 95 10 26 79 43 76 31 92 38 0 81 62 84 21 12
84 13 60 74 81 10 19 19 74 36 78 56 82 83 61 93 71 15 43 90 42 94 23 57 10 33 27 44 36 15 41 31 75 16 81 0 56 63 77 45
77 64 85 57 28 56 43 98 83 51 64 67 67 71 33 83 49 14 12 55 66 97 60 97 66 28 59 97 25 10 97 99 87 22 62 56 0 36 41 55
81 60 78 22 54 75 49 96 42 80 90 59 37 34 58 63 45 48 21 54 96 23 88 28 64 69 60 45 48 10 24 72 13 23 84 63 36 0 49 31
77 97 51 24 56 24 70 98 48 87 89 63 58 71 94 23 44 73 13 62 28 44 75 81 51 34 87 41 61 27 60 46 64 17 21 77 41 49 0 30
72 66 21 85 47 61 13 17 22 79 37 97 21 73 20 59 49 96 42 71 34 73 71 63 35 44 85 10 73 62 95 18 70 81 12 45 55 31 30 0