85
0 35 88 56 20 89 38 60 60 26 53 66 16 64 29 42 67 11 79 86 95 97 58 58 82 24 17 56 23 54 45 54 83 72 70 78 12 39 13 77 81 88 65 76 20 60 35 74 26 37 92 70 84 14 91 46 43 32 60 46 21 29 62 55 85 72 53 20 65 80 25 43 57 43 92 29 10 49 18 76 98 30 65 36 35
35 0 25 31 80 97 48 98 86 14 44 85 36 86 68 92 90 19 60 16 69 27 97 23 76 60 24 34 73 23 40 40 99 95 23 62 49 22 58 91 60 21 12 49 27 68 52 72 65 66 21 21 92 86 21 50 56 88 19 98 36 54 96 53 38 16 90 79 94 77 48 97 79 77 39 48 72 37 59 39 88 70 25 95 12
88 25 0 27 38 55 17 40 50 28 98 26 67 82 78 56 89 17 70 29 25 32 98 65 35 67 19 61 81 65 75 97 54 93 64 15 68 85 71 51 62 80 75 36 11 23 95 13 26 55 46 78 77 26 66 44 33 82 17 90 86 99 63 82 47 48 14 72 53 63 79 86 45 84 54 43 42 11 61 55 10 99 53 42 37
56 31 27 0 88 74 43 60 83 35 30 81 74 18 69 40 47 37 23 62 43 26 59 59 28 30 47 63 55 71 87 89 95 16 53 60 27 57 44 76 71 38 55 69 90 94 78 67 18 86 59 35 62 88 58 69 73 20 25 46 90 92 99 83 93 63 40 34 90 47 13 40 89 81 91 50 62 66 94 58 77 72 64 64 47
20 80 38 88 0 79 65 14 83 54 49 61 23 72 66 14 90 47 44 26 98 91 69 64 41 70 13 92 42 34 76 74 28 63 64 52 89 91 73 78 84 48 25 48 13 67 74 68 20 33 30 85 59 89 16 72 41 98 60 87 16 76 85 75 28 68 70 37 58 54 57 74 67 99 56 60 62 75 17 10 16 91 24 55 78
89 97 55 74 79 0 55 33 56 13 91 33 84 26 47 61 45 31 72 82 49 76 68 87 60 36 93 74 36 81 13 47 69 32 73 66 74 46 74 45 68 55 50 59 75 74 15 55 84 52 76 21 34 67 28 84 86 54 79 73 72 73 64 62 94 54 14 53 72 60 47 49 10 73 49 64 51 20 25 68 36 60 88 35 61
38 48 17 43 65 55 0 81 84 81 58 91 46 74 41 11 83 50 70 30 71 53 32 60 38 52 91 99 51 61 72 98 30 73 44 82 23 46 20 87 21 95 32 74 71 38 40 77 79 49 73 60 24 10 53 57 55 61 24 47 32 48 79 12 93 54 57 83 31 99 78 76 91 92 81 84 21 59 35 84 54 97 63 81 48
60 98 40 60 14 33 81 0 88 87 95 40 29 70 91 32 14 44 42 88 58 13 12 50 16 43 48 53 90 48 94 58 63 98 66 28 72 19 72 55 34 64 79 52 78 39 85 17 31 28 83 29 25 96 33 72 61 26 36 31 65 58 49 53 74 35 24 64 90 29 26 83 76 49 84 37 13 42 46 48 51 88 89 20 31
60 86 50 83 83 56 84 88 0 45 45 78 72 60 22 40 61 25 51 22 43 19 45 47 81 35 40 38 34 69 67 45 17 21 87 75 39 17 25 20 44 41 88 41 65 15 87 34 82 12 97 24 44 35 42 36 59 97 54 56 58 20 22 81 66 74 66 78 99 43 15 43 69 48 21 44 89 64 68 26 61 12 19 28 70
26 14 28 35 54 13 81 87 45 0 16 69 34 86 34 83 72 89 44 84 78 56 26 73 77 63 28 22 39 79 79 72 24 56 97 49 64 52 82 66 76 23 16 97 88 92 75 27 86 81 31 29 20 62 30 46 90 35 96 98 54 60 90 44 15 16 14 77 68 30 40 72 90 74 41 96 67 90 76 72 65 19 16 93 75
53 44 98 30 49 91 58 95 45 16 0 95 49 65 34 42 44 54 54 84 28 86 41 41 77 54 90 70 31 78 94 92 17 17 23 12 31 17 22 47 88 54 93 57 63 66 15 39 50 24 31 70 38 55 17 46 80 28 39 12 93 22 67 60 40 73 41 91 44 10 94 81 25 91 74 88 68 80 81 16 31 43 66 11 14
66 85 26 81 61 33 91 40 78 69 95 0 27 89 57 97 40 44 31 23 79 55 47 85 58 16 33 77 22 65 14 23 51 69 27 68 27 65 58 87 74 20 92 51 69 76 81 22 74 45 91 84 41 31 70 32 82 49 46 33 24 31 21 44 11 43 22 33 39 55 25 43 57 35 19 25 86 36 14 42 91 66 62 90 86
16 36 67 74 23 84 46 29 72 34 49 27 0 98 24 14 66 21 35 46 93 27 85 19 50 16 49 86 62 62 61 26 43 83 80 93 89 34 58 11 14 91 65 56 49 43 15 25 67 42 49 40 93 36 33 96 99 95 60 18 95 42 89 44 58 22 29 20 85 44 94 29 99 23 60 97 91 71 53 24 39 38 66 65 92
64 86 82 18 72 26 74 70 60 86 65 89 98 0 26 93 75 95 46 72 84 33 83 40 46 65 62 39 62 42 23 92 77 20 43 72 22 84 32 62 90 78 49 28 13 70 30 93 69 46 50 64 37 64 82 89 33 47 96 96 71 65 71 68 59 69 39 59 39 24 12 19 55 88 20 25 71 26 34 93 85 71 63 70 57
29 68 78 69 66 47 41 91 22 34 34 57 24 26 0 12 42 54 66 46 97 76 27 32 66 26 81 51 20 35 78 10 67 13 46 32 39 77 98 55 51 30 14 94 53 60 62 60 22 19 11 80 57 24 13 42 79 69 20 29 81 61 89 59 31 81 10 20 80 38 64 50 78 24 63 32 89 58 61 46 96 20 25 35 25
42 92 56 40 14 61 11 32 40 83 42 97 14 93 12 0 86 64 71 38 87 31 58 33 66 38 22 62 62 98 64 29 41 82 65 33 19 43 39 74 83 82 82 93 78 53 98 93 46 50 72 34 42 34 74 53 13 10 68 15 15 19 24 26 83 96 61 82 59 54 15 71 21 38 98 72 86 81 40 26 66 62 93 51 26
67 90 89 47 90 45 83 14 61 72 44 40 66 75 42 86 0 75 96 45 25 41 42 44 83 74 85 91 54 82 27 34 13 89 18 97 69 81 89 49 21 79 91 79 76 30 21 37 44 25 85 24 31 49 59 92 57 73 76 51 81 50 24 72 99 39 51 25 86 69 21 19 59 34 33 64 50 18 33 49 46 24 17 24 45
11 19 17 37 47 31 50 44 25 89 54 44 21 95 54 64 75 0 18 23 78 35 90 68 88 32 74 58 12 23 88 10 65 60 63 28 33 18 62 44 27 17 70 13 76 64 44 80 30 98 13 96 69 44 33 20 40 47 79 26 82 17 36 11 59 75 83 23 48 38 81 11 85 11 20 51 36 64 92 61 32 36 55 76 43
79 60 70 23 44 72 70 42 51 44 54 31 35 46 66 71 96 18 0 15 20 54 48 42 10 22 75 80 94 48 38 69 29 50 60 61 20 75 58 91 48 28 14 84 93 96 13 52 81 49 42 20 30 87 47 48 12 17 97 44 62 28 58 25 65 89 84 85 24 90 76 43 19 76 20 21 56 99 97 96 73 74 38 63 83
86 16 29 62 26 82 30 88 22 84 84 23 46 72 46 38 45 23 15 0 17 13 59 34 57 97 83 61 82 70 77 83 39 33 95 58 58 36 25 92 22 81 68 68 74 46 91 58 74 89 57 65 80 75 17 24 72 13 43 41 81 53 88 95 24 59 96 12 51 36 17 35 12 41 54 91 47 61 87 34 81 21 13 74 47
95 69 25 43 98 49 71 58 43 78 28 79 93 84 97 87 25 78 20 17 0 33 40 14 36 15 99 29 21 80 82 79 65 29 90 69 80 42 67 58 12 40 94 65 80 57 22 32 86 73 31 63 87 55 70 10 98 85 10 99 53 58 78 52 48 36 12 62 38 63 70 74 82 15 51 26 59 26 18 72 27 34 65 30 38
97 27 32 26 91 76 53 13 19 56 86 55 27 33 76 31 41 35 54 13 33 0 45 38 21 24 24 36 56 23 77 18 63 42 62 66 38 66 98 55 97 58 45 76 37 79 98 56 55 99 30 53 55 51 42 16 13 99 34 26 60 13 25 78 75 29 98 82 91 62 76 37 74 25 69 48 92 27 60 44 19 91 33 32 74
58 97 98 59 69 68 32 12 45 26 41 47 85 83 27 58 42 90 48 59 40 45 0 12 66 69 72 85 35 43 56 59 68 37 82 95 88 75 32 98 42 95 17 42 64 26 11 67 17 36 56 61 20 73 27 32 81 17 36 80 37 25 93 73 64 80 45 31 37 76 28 21 44 48 30 42 86 51 54 91 80 56 52 78 68
58 23 65 59 64 87 60 50 47 73 41 85 19 40 32 33 44 68 42 34 14 38 12 0 15 95 22 40 26 88 24 15 71 37 63 11 41 97 93 90 79 77 11 19 88 21 18 44 79 35 39 33 31 72 14 44 79 39 94 33 47 56 65 75 99 36 12 71 30 80 70 44 97 81 35 34 60 97 60 14 71 13 25 12 44
82 76 35 28 41 60 38 16 81 77 77 58 50 46 66 66 83 88 10 57 36 21 66 15 0 72 83 94 76 63 43 97 58 88 32 94 72 15 65 45 64 29 37 12 12 91 71 86 33 26 52 81 22 82 48 80 78 74 19 31 20 15 37 38 75 51 77 10 80 23 23 23 60 46 14 95 82 98 18 17 97 72 25 49 72
24 60 67 30 70 36 52 43 35 63 54 16 16 65 26 38 74 32 22 97 15 24 69 95 72 0 65 45 62 11 28 89 95 26 75 88 90 59 51 82 67 27 80 92 60 19 47 34 59 40 18 58 67 47 67 44 33 18 85 39 96 41 17 75 66 92 79 38 87 87 55 95 51 29 75 26 77 57 78 25 81 19 13 20 80
17 24 19 47 13 93 91 48 40 28 90 33 49 62 81 22 85 74 75 83 99 24 72 22 83 65 0 45 55 27 18 13 62 87 40 84 10 22 65 22 38 10 16 30 32 55 69 89 98 26 16 37 50 91 35 37 12 53 41 25 78 53 11 50 63 46 25 14 37 38 27 43 87 37 79 62 41 29 95 82 77 49 26 33 29
56 34 61 63 92 74 99 53 38 22 70 77 86 39 51 62 91 58 80 61 29 36 85 40 94 45 45 0 45 57 98 29 44 85 87 15 88 28 79 53 59 85 81 91 78 26 12 69 46 13 34 41 13 53 67 23 80 11 86 24 38 80 17 99 57 45 16 96 18 80 80 90 86 17 40 46 84 98 94 91 73 60 31 83 47
23 73 81 55 42 36 51 90 34 39 31 22 62 62 20 62 54 12 94 82 21 56 35 26 76 62 55 45 0 27 84 75 55 19 55 81 60 37 91 95 62 35 30 76 45 34 88 85 26 33 22 72 51 88 65 70 47 57 12 98 59 65 85 87 73 79 39 24 24 36 37 91 75 64 88 81 88 89 22 17 75 88 37 35 75
54 23 65 71 34 81 61 48 69 79 78 65 62 42 35 98 82 23 48 70 80 23 43 88 63 11 27 57 27 0 91 75 23 45 21 16 60 31 96 89 91 72 17 16 81 41 34 71 52 17 20 68 57 86 80 95 87 38 95 52 14 52 29 92 84 16 37 72 25 71 21 15 37 53 76 19 18 70 20 68 38 18 46 39 78
45 40 75 87 76 13 72 94 67 79 94 14 61 23 78 64 27 88 38 77 82 77 56 24 43 28 18 98 84 91 0 50 85 11 77 54 49 71 63 23 72 13 89 67 12 60 82 38 87 33 73 54 95 45 71 74 64 41 73 63 90 33 45 49 13 71 17 90 39 25 28 31 88 97 65 24 45 45 76 94 10 69 83 16 92
54 40 97 89 74 47 98 58 45 72 92 23 26 92 10 29 34 10 69 83 79 18 59 15 97 89 13 29 75 75 50 0 82 57 39 54 88 68 34 80 95 57 98 39 93 43 84 82 73 80 30 87 79 87 65 73 71 91 75 66 45 58 51 20 63 86 63 73 46 93 32 67 40 98 66 14 31 11 96 72 31 24 48 92 36
83 99 54 95 28 69 30 63 17 24 17 51 43 77 67 41 13 65 29 39 65 63 68 71 58 95 62 44 55 23 85 82 0 21 65 94 12 26 95 62 54 49 46 43 38 69 64 44 38 59 62 41 75 18 26 95 66 17 24 42 36 42 44 79 89 70 88 62 58 76 76 81 69 46 12 89 94 24 38 39 26 58 12 55 68
72 95 93 16 63 32 73 98 21 56 17 69 83 20 13 82 89 60 50 33 29 42 37 37 88 26 87 85 19 45 11 57 21 0 47 23 51 87 96 69 13 87 51 67 87 37 67 76 92 31 76 50 29 40 43 94 89 88 44 15 66 29 48 55 82 99 96 89 73 61 28 93 43 49 57 73 42 60 92 64 44 75 99 54 91
70 23 64 53 64 73 44 66 87 97 23 27 80 43 46 65 18 63 60 95 90 62 82 63 32 75 40 87 55 21 77 39 65 47 0 22 31 20 59 69 18 97 19 39 64 87 84 64 19 24 88 60 96 20 62 98 81 14 39 60 26 68 15 48 68 52 75 75 31 40 44 34 90 58 70 59 60 69 49 97 62 84 65 82 35
78 62 15 60 52 66 82 28 75 49 12 68 93 72 32 33 97 28 61 58 69 66 95 11 94 88 84 15 81 16 54 54 94 23 22 0 16 60 38 68 33 71 90 18 78 73 69 79 17 99 83 44 66 14 32 56 41 99 90 75 51 58 99 11 82 49 75 77 43 59 23 31 92 54 53 13 16 12 85 61 18 98 77 53 17
12 49 68 27 89 74 23 72 39 64 31 27 89 22 39 19 69 33 20 58 80 38 88 41 72 90 10 88 60 60 49 88 12 51 31 16 0 75 73 37 74 81 64 85 46 49 72 29 51 47 64 15 22 90 64 86 40 95 65 96 88 80 44 30 63 69 89 41 72 61 48 32 46 69 84 67 97 21 26 87 17 18 76 32 43
39 22 85 57 91 46 46 19 17 52 17 65 34 84 77 43 81 18 75 36 42 66 75 97 15 59 22 28 37 31 71 68 26 87 20 60 75 0 99 77 74 97 16 87 84 54 88 90 38 51 70 34 68 31 32 74 76 43 71 82 11 93 29 86 44 84 44 21 20 31 30 58 22 84 32 33 62 98 95 25 79 77 40 67 67
13 58 71 44 73 74 20 72 25 82 22 58 58 32 98 39 89 62 58 25 67 98 32 93 65 51 65 79 91 96 63 34 95 96 59 38 73 99 0 86 22 67 29 45 54 64 31 55 14 95 39 34 12 22 59 58 10 31 15 77 81 38 15 15 16 64 24 20 31 12 89 63 31 98 13 10 11 61 22 25 28 16 81 50 95
77 91 51 76 78 45 87 55 20 66 47 87 11 62 55 74 49 44 91 92 58 55 98 90 45 82 22 53 95 89 23 80 62 69 69 68 37 77 86 0 62 47 67 78 19 61 35 12 50 49 82 54 29 39 10 31 25 53 13 30 91 36 15 96 29 73 37 27 39 95 98 34 88 22 44 75 10 87 82 87 57 70 19 26 35
81 60 62 71 84 68 21 34 44 76 88 74 14 90 51 83 21 27 48 22 12 97 42 79 64 67 38 59 62 91 72 95 54 13 18 33 74 74 22 62 0 40 75 82 70 11 30 70 76 62 12 83 11 16 10 57 73 83 73 91 72 56 30 63 13 26 10 39 93 71 43 99 43 44 76 50 20 53 24 50 49 60 70 12 21
88 21 80 38 48 55 95 64 41 23 54 20 91 78 30 82 79 17 28 81 40 58 95 77 29 27 10 85 35 72 13 57 49 87 97 71 81 97 67 47 40 0 61 23 72 35 30 17 38 29 94 37 22 81 67 18 18 81 29 77 94 54 94 90 30 47 43 23 16 83 95 43 35 82 64 69 99 96 48 97 40 15 34 82 34
65 12 75 55 25 50 32 79 88 16 93 92 65 49 14 82 91 70 14 68 94 45 17 11 37 80 16 81 30 17 89 98 46 51 19 90 64 16 29 67 75 61 0 48 85 56 63 44 45 39 63 73 69 31 95 27 62 21 63 92 48 81 25 88 44 10 13 33 50 87 79 30 32 94 32 88 34 94 23 67 38 69 77 87 86
76 49 36 69 48 59 74 52 41 97 57 51 56 28 94 93 79 13 84 68 65 76 42 19 12 92 30 91 76 16 67 39 43 67 39 18 85 87 45 78 82 23 48 0 41 30 55 62 26 94 69 50 42 32 99 37 27 87 44 82 60 51 51 91 81 59 85 54 93 55 64 37 12 69 77 27 17 12 26 82 72 64 33 18 43
20 27 11 90 13 75 71 78 65 88 63 69 49 13 53 78 76 76 93 74 80 37 64 88 12 60 32 78 45 81 12 93 38 87 64 78 46 84 54 19 70 72 85 41 0 39 30 56 64 10 82 66 96 39 13 75 92 76 27 35 88 28 15 57 87 39 13 43 46 21 51 65 55 46 14 84 42 23 52 90 57 27 46 59 69
60 68 23 94 67 74 38 39 15 92 66 76 43 70 60 53 30 64 96 46 57 79 26 21 91 19 55 26 34 41 60 43 69 37 87 73 49 54 64 61 11 35 56 30 39 0 66 99 22 50 83 68 16 21 41 90 86 76 39 60 87 93 84 29 11 76 10 54 35 70 97 42 95 13 79 86 71 35 66 55 67 30 57 81 92
35 52 95 78 74 15 40 85 87 75 15 81 15 30 62 98 21 44 13 91 22 98 11 18 71 47 69 12 88 34 82 84 64 67 84 69 72 88 31 35 30 30 63 55 30 66 0 42 61 94 27 20 20 72 54 91 76 66 24 47 65 67 15 70 55 20 91 70 46 74 98 82 97 70 87 32 16 27 83 53 90 99 21 72 19
74 72 13 67 68 55 77 17 34 27 39 22 25 93 60 93 37 80 52 58 32 56 67 44 86 34 89 69 85 71 38 82 44 76 64 79 29 90 55 12 70 17 44 62 56 99 42 0 75 23 20 71 52 87 18 45 54 55 41 99 78 49 51 70 11 22 48 40 96 57 33 50 43 47 98 40 68 72 24 24 40 16 10 62 41
26 65 26 18 20 84 79 31 82 86 50 74 67 69 22 46 44 30 81 74 86 55 17 79 33 59 98 46 26 52 87 73 38 92 19 17 51 38 14 50 76 38 45 26 64 22 61 75 0 98 62 49 87 82 97 42 38 43 18 18 20 23 80 20 66 84 94 10 14 52 10 84 51 30 60 22 86 85 44 62 77 77 24 90 36
37 66 55 86 33 52 49 28 12 81 24 45 42 46 19 50 25 98 49 89 73 99 36 35 26 40 26 13 33 17 33 80 59 31 24 99 47 51 95 49 62 29 39 94 10 50 94 23 98 0 82 39 88 70 35 15 10 25 60 34 73 86 13 80 51 48 82 72 64 42 60 52 81 52 34 67 39 52 77 95 79 39 78 25 44
92 21 46 59 30 76 73 83 97 31 31 91 49 50 11 72 85 13 42 57 31 30 56 39 52 18 16 34 22 20 73 30 62 76 88 83 64 70 39 82 12 94 63 69 82 83 27 20 62 82 0 70 64 55 17 79 58 45 75 24 65 83 69 76 80 30 23 19 54 39 28 36 52 56 18 21 55 63 51 41 87 35 85 58 26
70 21 78 35 85 21 60 29 24 29 70 84 40 64 80 34 24 96 20 65 63 53 61 33 81 58 37 41 72 68 54 87 41 50 60 44 15 34 34 54 83 37 73 50 66 68 20 71 49 39 70 0 58 91 66 10 77 51 52 68 92 23 63 68 63 82 48 24 70 49 71 25 10 79 51 45 84 56 86 74 33 93 90 13 89
84 92 77 62 59 34 24 25 44 20 38 41 93 37 57 42 31 69 30 80 87 55 20 31 22 67 50 13 51 57 95 79 75 29 96 66 22 68 12 29 11 22 69 42 96 16 20 52 87 88 64 58 0 94 38 68 98 72 84 97 76 33 53 71 39 46 68 18 29 86 80 61 86 35 97 89 37 73 90 37 87 25 70 78 57
14 86 26 88 89 67 10 96 35 62 55 31 36 64 24 34 49 44 87 75 55 51 73 72 82 47 91 53 88 86 45 87 18 40 20 14 90 31 22 39 16 81 31 32 39 21 72 87 82 70 55 91 94 0 23 40 34 27 35 78 71 45 31 88 53 65 60 90 56 95 89 55 11 44 14 72 35 75 50 87 94 20 74 11 59
91 21 66 58 16 28 53 33 42 30 17 70 33 82 13 74 59 33 47 17 70 42 27 14 48 67 35 67 65 80 71 65 26 43 62 32 64 32 59 10 10 67 95 99 13 41 54 18 97 35 17 66 38 23 0 67 52 93 42 27 82 44 62 77 20 92 41 82 63 47 32 86 47 46 97 95 66 51 10 81 55 54 77 43 53
46 50 44 69 72 84 57 72 36 46 46 32 96 89 42 53 92 20 48 24 10 16 32 44 80 44 37 23 70 95 74 73 95 94 98 56 86 74 58 31 57 18 27 37 75 90 91 45 42 15 79 10 68 40 67 0 14 10 55 37 94 60 16 80 70 73 80 78 85 66 36 46 67 21 62 63 88 74 51 34 51 77 99 27 88
43 56 33 73 41 86 55 61 59 90 80 82 99 33 79 13 57 40 12 72 98 13 81 79 78 33 12 80 47 87 64 71 66 89 81 41 40 76 10 25 73 18 62 27 92 86 76 54 38 10 58 77 98 34 52 14 0 18 61 30 77 23 67 43 54 69 93 71 88 76 37 92 80 37 27 70 39 96 87 95 89 77 88 50 47
32 88 82 20 98 54 61 26 97 35 28 49 95 47 69 10 73 47 17 13 85 99 17 39 74 18 53 11 57 38 41 91 17 88 14 99 95 43 31 53 83 81 21 87 76 76 66 55 43 25 45 51 72 27 93 10 18 0 96 33 34 64 96 31 92 31 34 48 59 42 48 50 83 50 22 47 23 24 22 86 90 55 92 36 50
60 19 17 25 60 79 24 36 54 96 39 46 60 96 20 68 76 79 97 43 10 34 36 94 19 85 41 86 12 95 73 75 24 44 39 90 65 71 15 13 73 29 63 44 27 39 24 41 18 60 75 52 84 35 42 55 61 96 0 19 65 72 40 11 53 17 16 16 13 97 59 51 34 31 45 19 81 29 51 63 36 17 31 38 72
46 98 90 46 87 73 47 31 56 98 12 33 18 96 29 15 51 26 44 41 99 26 80 33 31 39 25 24 98 52 63 66 42 15 60 75 96 82 77 30 91 77 92 82 35 60 47 99 18 34 24 68 97 78 27 37 30 33 19 0 90 65 41 21 29 69 55 12 22 41 33 90 90 55 98 18 30 96 69 69 42 74 33 65 81
21 36 86 90 16 72 32 65 58 54 93 24 95 71 81 15 81 82 62 81 53 60 37 47 20 96 78 38 59 14 90 45 36 66 26 51 88 11 81 91 72 94 48 60 88 87 65 78 20 73 65 92 76 71 82 94 77 34 65 90 0 31 48 28 91 43 96 23 29 92 37 45 76 42 98 96 55 82 77 33 63 29 36 77 99
29 54 99 92 76 73 48 58 20 60 22 31 42 65 61 19 50 17 28 53 58 13 25 56 15 41 53 80 65 52 33 58 42 29 68 58 80 93 38 36 56 54 81 51 28 93 67 49 23 86 83 23 33 45 44 60 23 64 72 65 31 0 35 82 83 38 31 90 64 84 51 46 16 22 86 86 70 87 75 95 34 46 46 64 34
62 96 63 99 85 64 79 49 22 90 67 21 89 71 89 24 24 36 58 88 78 25 93 65 37 17 11 17 85 29 45 51 44 48 15 99 44 29 15 15 30 94 25 51 15 84 15 51 80 13 69 63 53 31 62 16 67 96 40 41 48 35 0 33 45 46 80 51 90 64 69 19 94 52 95 61 44 78 38 23 47 10 82 24 42
55 53 82 83 75 62 12 53 81 44 60 44 44 68 59 26 72 11 25 95 52 78 73 75 38 75 50 99 87 92 49 20 79 55 48 11 30 86 15 96 63 90 88 91 57 29 70 70 20 80 76 68 71 88 77 80 43 31 11 21 28 82 33 0 16 31 13 94 61 54 63 85 21 55 49 46 45 67 94 76 51 22 60 58 99
85 38 47 93 28 94 93 74 66 15 40 11 58 59 31 83 99 59 65 24 48 75 64 99 75 66 63 57 73 84 13 63 89 82 68 82 63 44 16 29 13 30 44 81 87 11 55 11 66 51 80 63 39 53 20 70 54 92 53 29 91 83 45 16 0 42 73 66 17 81 24 73 88 49 50 93 87 70 22 71 96 90 83 66 69
72 16 48 63 68 54 54 35 74 16 73 43 22 69 81 96 39 75 89 59 36 29 80 36 51 92 46 45 79 16 71 86 70 99 52 49 69 84 64 73 26 47 10 59 39 76 20 22 84 48 30 82 46 65 92 73 69 31 17 69 43 38 46 31 42 0 59 17 59 85 81 54 50 41 84 23 64 60 19 55 44 26 52 14 37
53 90 14 40 70 14 57 24 66 14 41 22 29 39 10 61 51 83 84 96 12 98 45 12 77 79 25 16 39 37 17 63 88 96 75 75 89 44 24 37 10 43 13 85 13 10 91 48 94 82 23 48 68 60 41 80 93 34 16 55 96 31 80 13 73 59 0 85 36 92 90 88 93 95 72 83 39 73 60 30 30 91 77 99 17
20 79 72 34 37 53 83 64 78 77 91 33 20 59 20 82 25 23 85 12 62 82 31 71 10 38 14 96 24 72 90 73 62 89 75 77 41 21 20 27 39 23 33 54 43 54 70 40 10 72 19 24 18 90 82 78 71 48 16 12 23 90 51 94 66 17 85 0 56 16 27 47 54 52 24 22 90 80 14 57 33 43 43 77 62
65 94 53 90 58 72 31 90 99 68 44 39 85 39 80 59 86 48 24 51 38 91 37 30 80 87 37 18 24 25 39 46 58 73 31 43 72 20 31 39 93 16 50 93 46 35 46 96 14 64 54 70 29 56 63 85 88 59 13 22 29 64 90 61 17 59 36 56 0 58 35 56 81 44 53 17 26 83 85 19 26 81 62 11 74
80 77 63 47 54 60 99 29 43 30 10 55 44 24 38 54 69 38 90 36 63 62 76 80 23 87 38 80 36 71 25 93 76 61 40 59 61 31 12 95 71 83 87 55 21 70 74 57 52 42 39 49 86 95 47 66 76 42 97 41 92 84 64 54 81 85 92 16 58 0 80 77 91 98 19 26 17 75 85 66 93 99 36 61 83
25 48 79 13 57 47 78 26 15 40 94 25 94 12 64 15 21 81 76 17 70 76 28 70 23 55 27 80 37 21 28 32 76 28 44 23 48 30 89 98 43 95 79 64 51 97 98 33 10 60 28 71 80 89 32 36 37 48 59 33 37 51 69 63 24 81 90 27 35 80 0 94 91 93 29 78 96 35 22 33 88 20 40 71 21
43 97 86 40 74 49 76 83 43 72 81 43 29 19 50 71 19 11 43 35 74 37 21 44 23 95 43 90 91 15 31 67 81 93 34 31 32 58 63 34 99 43 30 37 65 42 82 50 84 52 36 25 61 55 86 46 92 50 51 90 45 46 19 85 73 54 88 47 56 77 94 0 30 86 17 45 37 31 65 76 78 50 82 80 30
57 79 45 89 67 10 91 76 69 90 25 57 99 55 78 21 59 85 19 12 82 74 44 97 60 51 87 86 75 37 88 40 69 43 90 92 46 22 31 88 43 35 32 12 55 95 97 43 51 81 52 10 86 11 47 67 80 83 34 90 76 16 94 21 88 50 93 54 81 91 91 30 0 51 85 75 30 57 48 94 93 51 59 81 55
43 77 84 81 99 73 92 49 48 74 91 35 23 88 24 38 34 11 76 41 15 25 48 81 46 29 37 17 64 53 97 98 46 49 58 54 69 84 98 22 44 82 94 69 46 13 70 47 30 52 56 79 35 44 46 21 37 50 31 55 42 22 52 55 49 41 95 52 44 98 93 86 51 0 48 87 87 51 23 66 44 15 73 98 44
92 39 54 91 56 49 81 84 21 41 74 19 60 20 63 98 33 20 20 54 51 69 30 35 14 75 79 40 88 76 65 66 12 57 70 53 84 32 13 44 76 64 32 77 14 79 87 98 60 34 18 51 97 14 97 62 27 22 45 98 98 86 95 49 50 84 72 24 53 19 29 17 85 48 0 83 35 23 60 94 84 63 84 47 41
29 48 43 50 60 64 84 37 44 96 88 25 97 25 32 72 64 51 21 91 26 48 42 34 95 26 62 46 81 19 24 14 89 73 59 13 67 33 10 75 50 69 88 27 84 86 32 40 22 67 21 45 89 72 95 63 70 47 19 18 96 86 61 46 93 23 83 22 17 26 78 45 75 87 83 0 80 81 85 52 20 39 26 20 37
10 72 42 62 62 51 21 13 89 67 68 86 91 71 89 86 50 36 56 47 59 92 86 60 82 77 41 84 88 18 45 31 94 42 60 16 97 62 11 10 20 99 34 17 42 71 16 68 86 39 55 84 37 35 66 88 39 23 81 30 55 70 44 45 87 64 39 90 26 17 96 37 30 87 35 80 0 34 16 79 49 41 84 98 74
49 37 11 66 75 20 59 42 64 90 80 36 71 26 58 81 18 64 99 61 26 27 51 97 98 57 29 98 89 70 45 11 24 60 69 12 21 98 61 87 53 96 94 12 23 35 27 72 85 52 63 56 73 75 51 74 96 24 29 96 82 87 78 67 70 60 73 80 83 75 35 31 57 51 23 81 34 0 42 88 95 99 47 60 48
18 59 61 94 17 25 35 46 68 76 81 14 53 34 61 40 33 92 97 87 18 60 54 60 18 78 95 94 22 20 76 96 38 92 49 85 26 95 22 82 24 48 23 26 52 66 83 24 44 77 51 86 90 50 10 51 87 22 51 69 77 75 38 94 22 19 60 14 85 85 22 65 48 23 60 85 16 42 0 83 36 95 41 36 60
76 39 55 58 10 68 84 48 26 72 16 42 24 93 46 26 49 61 96 34 72 44 91 14 17 25 82 91 17 68 94 72 39 64 97 61 87 25 25 87 50 97 67 82 90 55 53 24 62 95 41 74 37 87 81 34 95 86 63 69 33 95 23 76 71 55 30 57 19 66 33 76 94 66 94 52 79 88 83 0 35 10 13 41 52
98 88 10 77 16 36 54 51 61 65 31 91 39 85 96 66 46 32 73 81 27 19 80 71 97 81 77 73 75 38 10 31 26 44 62 18 17 79 28 57 49 40 38 72 57 67 90 40 77 79 87 33 87 94 55 51 89 90 36 42 63 34 47 51 96 44 30 33 26 93 88 78 93 44 84 20 49 95 36 35 0 61 69 19 75
30 70 99 72 91 60 97 88 12 19 43 66 38 71 20 62 24 36 74 21 34 91 56 13 72 19 49 60 88 18 69 24 58 75 84 98 18 77 16 70 60 15 69 64 27 30 99 16 77 39 35 93 25 20 54 77 77 55 17 74 29 46 10 22 90 26 91 43 81 99 20 50 51 15 63 39 41 99 95 10 61 0 42 29 15
65 25 53 64 24 88 63 89 19 16 66 62 66 63 25 93 17 55 38 13 65 33 52 25 25 13 26 31 37 46 83 48 12 99 65 77 76 40 81 19 70 34 77 33 46 57 21 10 24 78 85 90 70 74 77 99 88 92 31 33 36 46 82 60 83 52 77 43 62 36 40 82 59 73 84 26 84 47 41 13 69 42 0 20 65
36 95 42 64 55 35 81 20 28 93 11 90 65 70 35 51 24 76 63 74 30 32 78 12 49 20 33 83 35 39 16 92 55 54 82 53 32 67 50 26 12 82 87 18 59 81 72 62 90 25 58 13 78 11 43 27 50 36 38 65 77 64 24 58 66 14 99 77 11 61 71 80 81 98 47 20 98 60 36 41 19 29 20 0 99
35 12 37 47 78 61 48 31 70 75 14 86 92 57 25 26 45 43 83 47 38 74 68 44 72 80 29 47 75 78 92 36 68 91 35 17 43 67 95 35 21 34 86 43 69 92 19 41 36 44 26 89 57 59 53 88 47 50 72 81 99 34 42 99 69 37 17 62 74 83 21 30 55 44 41 37 74 48 60 52 75 15 65 99 0