140
0 80 35 33 48 14 98 81 82 37 83 11 96 14 21 55 47 35 44 56 47 91 82 17 98 25 18 50 24 39 55 17 31 36 95 86 85 14 99 32 47 39 98 54 77 22 53 34 14 48 51 56 33 44 59 32 22 57 65 80 31 20 52 31 74 85 49 84 13 26 40 20 54 55 51 19 64 75 29 37 66 10 21 10 93 29 14 31 73 63 82 55 70 29 52 51 39 21 27 21 20 21 20 40 16 98 79 47 92 29 59 86 34 71 12 44 90 69 43 30 93 51 43 21 38 50 61 67 78 95 31 71 57 12 56 32 29 53 84 32
80 0 14 87 35 68 74 92 18 46 11 75 47 13 34 12 24 15 77 80 98 70 56 42 33 85 76 76 66 94 21 72 74 59 60 37 34 92 32 23 87 37 19 44 51 31 66 81 25 16 43 73 32 25 74 18 49 64 98 17 79 58 94 28 73 83 76 84 62 59 37 79 21 19 58 86 57 16 70 97 15 50 12 90 55 34 90 32 66 65 53 15 14 49 83 77 22 99 11 42 50 28 79 23 29 88 42 54 67 79 34 28 34 71 40 48 69 79 28 91 42 54 28 49 35 28 69 28 33 50 29 31 97 14 69 78 95 27 41 67
35 14 0 32 43 66 87 65 30 82 51 29 76 11 57 65 55 84 76 71 99 33 26 77 91 19 30 48 24 74 85 94 63 85 31 13 37 42 73 53 71 58 33 23 97 98 17 72 21 38 76 70 53 54 27 39 20 31 19 39 21 76 84 92 57 38 62 56 25 11 91 68 93 12 52 62 21 87 39 33 30 47 49 45 70 53 86 72 31 60 66 82 45 17 43 45 72 46 76 76 73 91 78 69 95 55 23 20 32 61 70 53 88 47 94 42 27 90 98 76 73 44 45 83 84 17 90 98 95 85 17 95 34 18 32 33 95 29 76 87
33 87 32 0 20 43 89 58 15 10 27 70 72 17 12 27 24 27 13 17 69 67 25 52 41 80 25 26 43 54 85 58 87 50 63 71 46 63 23 10 64 75 49 39 26 56 51 57 93 17 35 51 18 42 19 12 96 20 92 40 56 48 75 56 33 11 73 75 80 77 63 86 60 96 67 91 29 59 55 85 29 32 59 92 36 33 68 64 76 18 98 70 30 73 54 56 86 48 17 18 25 22 40 33 50 16 56 75 26 37 28 18 17 91 83 55 54 79 70 12 35 67 91 41 70 35 91 67 93 87 93 49 11 52 38 56 12 63 11 61
48 35 43 20 0 19 24 48 91 56 46 78 34 56 84 43 73 13 46 26 30 69 20 39 27 20 19 79 53 41 95 56 22 24 13 16 13 18 88 25 61 30 54 84 61 65 41 79 13 62 22 66 57 45 31 89 59 26 40 27 67 29 72 31 16 75 70 13 56 60 30 45 30 94 34 69 84 28 46 15 79 97 86 11 90 63 65 30 17 72 30 95 78 84 83 90 98 57 81 81 35 36 34 92 81 14 59 20 75 88 60 19 29 88 65 61 12 12 37 82 30 80 93 24 28 50 86 26 38 80 45 17 99 31 21 63 46 28 47 63
14 68 66 43 19 0 91 68 99 19 15 46 19 79 57 47 91 78 92 26 64 96 62 75 51 28 93 38 42 11 44 19 62 18 57 52 52 61 88 83 16 47 35 77 63 93 74 25 56 26 94 44 41 82 24 42 42 68 16 14 87 59 49 42 61 79 39 24 52 20 10 30 11 34 85 77 77 81 55 79 54 56 21 19 15 66 70 97 75 41 35 10 35 33 95 17 98 32 76 81 31 87 28 46 19 16 78 80 40 32 16 71 59 54 54 90 77 96 91 47 73 67 58 21 60 15 42 47 76 67 18 91 45 69 62 56 41 90 29 60
98 74 87 89 24 91 0 90 86 86 97 55 31 80 59 36 64 27 79 70 54 64 11 21 42 96 11 16 94 63 69 37 99 14 36 65 36 60 10 48 27 80 97 86 10 95 75 23 78 96 98 39 85 43 91 37 42 40 27 79 33 39 70 12 58 62 82 32 63 75 43 39 29 91 48 41 68 70 82 98 92 73 25 20 89 53 19 82 71 38 27 63 76 49 90 84 75 32 23 53 18 60 53 41 96 13 64 82 59 63 81 70 40 11 62 28 88 88 63 76 23 79 55 45 80 62 50 68 64 42 96 69 47 84 94 17 46 25 37 58
81 92 65 58 48 68 90 0 17 23 16 18 67 75 30 47 44 19 23 98 57 54 29 67 27 46 57 71 53 24 10 11 26 97 68 74 50 18 22 47 66 56 93 16 48 82 25 12 49 38 91 79 90 73 85 92 44 88 13 28 43 91 49 42 54 52 37 72 39 42 74 16 96 29 31 75 86 67 11 79 63 50 39 22 76 59 76 55 17 49 20 19 56 45 91 30 59 38 43 42 15 56 55 45 98 90 88 22 89 80 94 88 86 80 63 84 69 94 20 13 95 70 14 13 23 24 31 55 81 87 17 58 93 13 34 86 36 38 55 37
82 18 30 15 91 99 86 17 0 76 49 90 71 48 97 32 80 88 86 54 56 78 47 41 33 28 80 74 78 84 51 37 63 12 48 65 31 73 69 54 16 23 90 60 68 24 77 70 99 28 69 16 41 17 90 92 77 66 53 10 68 39 14 31 31 37 61 42 59 39 54 12 21 62 52 63 31 14 41 25 35 63 11 97 23 63 10 98 51 71 44 10 80 98 40 87 47 64 22 87 32 91 83 73 48 44 97 60 84 80 14 85 55 69 50 44 86 24 74 20 21 17 45 39 97 66 77 43 50 82 52 94 89 64 90 53 85 49 44 50
37 46 82 10 56 19 86 23 76 0 28 33 27 26 97 20 16 60 41 18 93 87 76 80 13 31 90 76 63 37 49 23 90 17 23 11 93 67 49 67 19 33 10 46 46 98 85 91 85 63 44 97 80 58 54 56 21 42 92 59 84 72 62 83 89 52 84 80 30 74 47 83 12 73 74 82 45 76 25 35 52 99 67 20 37 93 13 82 31 46 95 95 84 10 61 43 69 60 48 39 17 45 30 50 18 52 50 43 13 47 81 77 41 43 88 63 96 29 77 94 20 62 22 85 47 27 62 59 48 85 99 21 19 91 59 87 52 32 12 77
83 11 51 27 46 15 97 16 49 28 0 82 81 88 15 73 27 30 41 61 90 53 26 12 16 33 77 84 18 82 92 31 68 54 93 40 17 85 66 30 86 48 76 66 38 57 16 25 68 83 19 12 70 61 79 88 66 76 96 66 36 82 54 32 28 70 11 77 85 23 51 84 28 27 25 12 80 14 22 35 78 49 71 80 89 27 22 66 43 97 65 97 35 45 66 40 46 52 34 61 41 94 45 71 79 87 42 63 60 82 96 78 67 83 47 77 18 77 82 30 84 30 28 52 35 82 92 26 14 72 97 55 61 94 71 93 94 94 55 82
11 75 29 70 78 46 55 18 90 33 82 0 73 72 67 71 69 28 60 21 36 31 41 42 62 51 14 53 82 80 52 17 88 91 81 25 33 91 43 65 93 86 86 13 57 63 33 88 58 55 56 38 72 84 67 73 77 75 23 13 70 32 89 50 44 13 23 80 32 63 19 89 58 73 81 37 12 69 72 21 24 37 31 95 23 45 20 87 96 17 63 77 74 98 85 30 81 30 87 69 61 19 28 20 77 25 78 41 23 88 51 10 78 70 67 47 57 57 18 75 38 14 80 39 77 47 67 44 44 90 98 97 41 49 79 95 85 78 39 64
96 47 76 72 34 19 31 67 71 27 81 73 0 27 41 21 22 50 93 62 85 86 93 33 11 75 96 99 51 14 32 69 77 80 53 33 56 27 85 31 15 64 69 23 16 84 69 23 61 91 53 91 58 27 96 69 66 62 39 40 32 19 95 17 31 53 24 79 51 94 24 78 91 54 40 60 29 66 58 55 56 28 49 99 31 64 98 39 28 47 89 73 86 53 51 46 19 54 23 76 75 65 27 64 39 28 94 39 62 56 91 32 18 56 44 60 53 72 11 12 98 95 33 69 95 32 65 81 96 22 68 51 56 28 39 50 69 20 15 63
14 13 11 17 56 79 80 75 48 26 88 72 27 0 35 22 10 85 38 38 87 95 17 80 12 10 52 11 64 40 65 33 71 81 30 49 99 50 40 61 43 48 72 79 54 47 61 36 59 27 38 93 85 30 85 56 11 69 21 87 63 38 90 61 62 74 26 93 27 15 10 76 61 84 65 64 24 48 28 57 53 53 71 15 98 32 10 25 97 91 15 80 98 91 91 76 11 21 89 87 39 27 98 76 86 24 65 96 35 48 18 79 40 82 78 17 14 97 54 62 67 63 52 18 22 67 32 12 70 17 68 98 86 21 11 23 89 43 38 90
21 34 57 12 84 57 59 30 97 97 15 67 41 35 0 94 24 49 99 69 58 98 58 41 40 53 76 98 38 59 75 65 41 17 67 92 99 56 92 37 30 70 57 53 92 11 88 49 53 12 52 16 84 24 56 38 29 16 94 45 16 37 44 29 41 57 53 18 83 57 28 77 34 95 38 89 98 68 83 13 39 33 94 10 93 13 28 79 14 62 97 76 23 19 37 76 95 93 13 81 41 41 49 15 67 34 36 14 24 55 56 54 79 42 85 92 28 53 80 87 88 40 39 71 38 63 27 80 39 41 32 69 72 19 45 96 43 87 24 59
55 12 65 27 43 47 36 47 32 20 73 71 21 22 94 0 22 11 78 62 44 93 12 15 33 75 27 11 46 96 54 63 46 89 59 42 47 61 65 85 73 40 15 95 65 50 42 94 52 33 68 63 51 11 95 22 73 91 77 54 41 99 81 54 28 31 36 13 55 94 48 27 84 88 47 48 94 48 47 31 25 27 36 15 36 22 51 52 96 52 56 71 29 77 25 15 27 91 80 40 63 92 77 40 54 13 78 39 26 78 90 29 74 41 26 92 75 92 76 47 38 91 37 19 51 97 39 88 81 46 56 49 89 77 10 86 39 91 45 15
47 24 55 24 73 91 64 44 80 16 27 69 22 10 24 22 0 96 83 90 41 13 15 44 91 74 93 58 76 10 94 20 93 23 46 96 69 39 29 30 95 75 96 98 15 96 68 26 27 44 47 14 23 15 93 60 55 76 79 22 68 51 39 81 43 97 93 97 66 47 48 31 65 87 53 64 21 45 11 40 22 32 35 52 61 82 97 97 34 17 63 16 27 37 27 14 83 73 45 79 48 89 69 80 86 34 30 49 12 94 58 84 62 12 92 21 60 94 86 19 51 30 49 87 17 63 33 83 60 94 65 69 27 19 95 47 40 63 35 83
35 15 84 27 13 78 27 19 88 60 30 28 50 85 49 11 96 0 95 18 84 31 61 50 98 57 10 48 12 30 18 72 83 59 94 99 61 97 81 39 83 13 21 23 17 65 26 74 51 89 89 77 29 16 18 55 53 70 84 29 66 79 86 23 70 68 95 75 72 79 80 38 78 19 10 89 58 36 76 38 43 27 48 87 91 12 77 40 35 97 88 39 86 21 43 32 51 99 83 32 23 58 66 20 25 78 77 91 36 36 26 65 23 27 26 71 88 97 78 51 58 74 61 84 17 44 12 76 26 92 60 70 61 62 87 57 23 11 49 37
44 77 76 13 46 92 79 23 86 41 41 60 93 38 99 78 83 95 0 95 42 19 50 79 52 27 71 90 20 63 90 73 35 28 16 21 66 14 74 64 22 79 13 59 50 39 40 36 37 33 38 28 76 17 18 75 64 78 25 47 22 89 29 24 37 28 76 48 77 40 11 70 75 63 62 29 91 21 53 31 70 14 25 89 91 50 68 58 88 59 40 92 76 73 59 86 51 30 73 15 87 15 67 40 77 86 73 10 51 23 18 90 69 29 47 23 29 62 77 15 10 26 36 91 19 81 32 33 75 57 36 36 90 50 10 72 87 76 17 15
56 80 71 17 26 26 70 98 54 18 61 21 62 38 69 62 90 18 95 0 62 28 26 52 90 48 51 52 22 11 78 17 90 92 96 20 50 59 51 30 71 84 25 28 32 43 85 33 62 71 99 38 69 43 41 61 15 16 59 28 56 72 24 59 37 74 57 89 90 40 35 73 74 44 24 85 76 96 30 77 47 55 11 66 48 77 40 21 94 41 11 60 60 65 68 76 80 58 30 59 22 55 51 87 41 43 72 94 23 89 44 40 42 52 89 80 49 47 52 29 84 22 14 29 93 91 33 63 87 55 95 86 19 79 57 44 18 60 38 15
47 98 99 69 30 64 54 57 56 93 90 36 85 87 58 44 41 84 42 62 0 77 25 78 91 49 87 42 91 25 98 56 43 74 87 14 45 80 14 89 56 89 64 74 91 64 84 30 32 10 92 95 88 43 85 48 57 12 49 57 24 10 11 13 65 18 65 36 97 35 77 34 86 51 47 32 53 14 86 16 49 49 59 73 25 53 89 99 20 96 62 32 52 20 68 56 51 59 55 98 99 39 50 86 58 46 52 72 12 74 29 67 89 72 27 28 74 93 24 25 80 41 30 47 49 30 75 98 69 90 58 58 49 77 64 27 92 11 78 91
91 70 33 67 69 96 64 54 78 87 53 31 86 95 98 93 13 31 19 28 77 0 84 83 46 86 30 69 46 76 18 82 34 10 51 60 90 20 85 99 29 98 75 61 60 70 87 82 76 57 57 42 62 71 87 53 85 83 14 68 97 77 57 51 29 84 81 88 95 54 92 29 78 41 56 81 79 59 95 74 24 24 84 51 64 40 42 75 52 23 32 54 84 62 88 62 74 16 36 95 77 85 97 54 15 14 76 17 17 69 19 20 61 71 31 61 67 76 39 77 15 68 13 84 69 28 79 43 28 41 37 18 32 27 86 64 61 82 28 69
82 56 26 25 20 62 11 29 47 76 26 41 93 17 58 12 15 61 50 26 25 84 0 45 53 84 72 68 13 23 15 36 35 52 37 88 47 35 97 93 24 21 85 32 35 68 95 94 55 63 21 75 70 75 35 77 75 69 47 57 28 66 35 91 15 22 23 32 76 83 11 97 18 80 44 58 71 28 57 87 73 98 48 92 34 83 37 41 47 74 79 53 26 22 69 40 41 37 15 38 15 41 29 44 70 28 66 92 24 57 38 20 36 83 54 59 16 72 22 25 93 10 31 42 68 67 79 28 46 81 10 39 63 26 21 50 35 77 57 21
17 42 77 52 39 75 21 67 41 80 12 42 33 80 41 15 44 50 79 52 78 83 45 0 51 48 25 88 74 61 12 77 86 66 85 47 84 43 60 44 56 27 94 47 82 31 62 77 24 13 88 44 34 79 34 84 50 23 10 51 66 90 65 74 91 88 36 41 91 75 50 59 30 38 28 23 89 35 98 35 87 45 74 77 35 23 55 33 87 25 87 77 93 52 34 75 72 80 80 56 74 18 43 73 68 78 58 25 46 76 31 74 88 37 58 51 24 22 62 65 27 41 21 98 44 90 30 96 89 96 54 59 87 78 47 56 17 44 35 57
98 33 91 41 27 51 42 27 33 13 16 62 11 12 40 33 91 98 52 90 91 46 53 51 0 63 94 37 77 63 96 24 48 23 63 50 13 65 12 93 23 33 59 72 97 11 59 50 16 90 43 10 18 47 73 25 82 80 96 56 81 77 73 38 28 41 57 77 86 93 71 96 51 40 35 90 50 89 31 84 22 40 47 78 98 19 27 93 68 41 90 26 83 17 77 53 96 81 82 34 27 29 84 32 99 16 12 22 50 67 35 35 20 79 94 18 94 43 91 35 25 59 82 74 78 29 11 60 86 82 70 88 82 98 64 65 31 34 49 67
25 85 19 80 20 28 96 46 28 31 33 51 75 10 53 75 74 57 27 48 49 86 84 48 63 0 27 38 82 96 41 67 91 96 47 62 21 43 24 31 40 90 79 64 51 38 38 99 18 55 50 44 51 88 21 14 19 98 29 95 58 61 63 46 57 50 79 93 88 24 84 27 39 65 94 91 17 49 39 64 59 78 43 42 66 18 36 72 30 96 63 44 19 47 68 81 42 52 99 40 80 63 19 80 85 11 74 79 27 37 52 40 48 62 77 92 94 82 67 54 31 54 92 24 10 79 73 53 42 38 73 71 53 16 61 46 76 60 80 91
18 76 30 25 19 93 11 57 80 90 77 14 96 52 76 27 93 10 71 51 87 30 72 25 94 27 0 31 76 30 70 30 92 85 61 55 61 52 11 60 38 22 25 87 25 16 32 20 17 67 26 32 48 93 25 54 45 18 81 91 39 90 94 29 93 22 53 25 35 88 86 74 99 23 45 15 24 82 54 75 47 74 63 10 11 85 34 55 63 79 96 41 59 48 52 48 75 77 22 59 96 91 38 58 17 58 17 86 40 97 86 15 50 61 83 79 53 78 35 89 68 55 85 18 19 34 87 76 75 31 39 26 80 16 31 65 80 49 24 18
50 76 48 26 79 38 16 71 74 76 84 53 99 11 98 11 58 48 90 52 42 69 68 88 37 38 31 0 90 89 82 49 93 79 77 52 41 87 32 22 44 56 16 72 23 75 94 86 76 24 57 24 71 58 80 51 61 66 59 63 75 45 73 98 28 96 71 74 50 92 86 88 39 41 74 35 52 55 58 28 43 45 97 33 46 50 16 25 68 96 70 53 94 92 49 29 59 74 66 32 39 94 88 60 10 33 84 11 56 59 32 60 55 51 81 30 93 50 30 61 23 74 13 18 46 79 17 25 86 39 37 23 59 73 31 47 27 62 50 58
24 66 24 43 53 42 94 53 78 63 18 82 51 64 38 46 76 12 20 22 91 46 13 74 77 82 76 90 0 74 33 32 75 51 82 30 18 17 59 25 48 36 10 90 72 92 12 64 65 77 14 10 46 16 35 72 45 26 10 83 20 85 64 85 70 84 73 45 74 40 16 84 12 91 83 79 54 53 94 31 27 85 23 14 88 94 35 88 74 28 95 26 57 60 79 56 34 60 58 47 80 52 11 37 17 79 25 83 33 98 95 33 51 99 97 59 88 43 43 90 36 50 94 32 72 72 28 32 68 16 83 44 60 54 58 31 23 43 43 94
39 94 74 54 41 11 63 24 84 37 82 80 14 40 59 96 10 30 63 11 25 76 23 61 63 96 30 89 74 0 79 43 69 51 88 26 87 54 99 65 32 21 91 39 79 68 66 83 96 92 36 23 46 49 40 54 76 87 22 88 27 94 89 16 11 58 84 75 50 95 68 11 74 62 50 72 48 89 51 34 46 45 11 82 67 53 22 60 88 94 73 20 57 34 80 94 53 69 23 98 83 96 52 92 85 20 44 70 16 19 37 73 87 84 46 64 14 51 39 33 74 37 89 11 17 24 70 23 83 32 12 64 22 32 30 25 67 40 10 54
55 21 85 85 95 44 69 10 51 49 92 52 32 65 75 54 94 18 90 78 98 18 15 12 96 41 70 82 33 79 0 24 40 82 93 51 82 57 51 43 76 16 89 78 28 39 48 54 37 99 36 21 53 80 97 64 48 66 58 71 33 38 35 98 97 57 71 77 84 52 53 44 55 58 17 23 82 58 20 71 33 69 76 22 57 26 12 31 93 32 57 11 91 75 47 84 31 58 35 91 67 49 81 19 97 27 35 15 60 53 84 52 37 78 65 92 76 98 41 52 99 52 18 39 18 15 54 17 16 10 23 99 96 39 59 32 85 34 37 51
17 72 94 58 56 19 37 11 37 23 31 17 69 33 65 63 20 72 73 17 56 82 36 77 24 67 30 49 32 43 24 0 55 22 17 69 12 49 61 84 47 51 82 16 20 47 18 97 97 32 20 80 10 62 90 39 22 40 71 83 36 54 18 24 83 72 52 49 75 76 76 98 17 29 69 33 26 49 18 61 42 77 45 55 31 38 74 15 20 23 65 78 65 78 36 23 61 13 48 84 64 44 62 53 33 81 73 96 97 53 82 96 93 83 22 28 23 47 62 45 84 14 12 28 95 79 50 47 10 80 74 44 84 53 92 54 25 29 60 37
31 74 63 87 22 62 99 26 63 90 68 88 77 71 41 46 93 83 35 90 43 34 35 86 48 91 92 93 75 69 40 55 0 31 17 62 72 80 39 90 61 33 76 35 90 78 86 25 86 28 16 89 25 86 31 31 63 75 13 90 71 17 62 13 79 12 94 68 58 89 90 70 31 99 82 11 26 63 17 67 68 83 61 48 11 10 22 10 35 46 59 88 10 82 79 56 64 12 87 92 82 53 95 42 87 22 37 32 88 40 20 72 29 18 77 30 88 68 26 63 17 40 18 31 25 65 23 78 99 74 84 68 42 76 36 90 36 54 15 61
36 59 85 50 24 18 14 97 12 17 54 91 80 81 17 89 23 59 28 92 74 10 52 66 23 96 85 79 51 51 82 22 31 0 71 97 59 36 41 77 12 83 71 84 92 17 71 87 94 68 94 13 73 87 38 41 85 16 99 39 55 54 31 17 94 61 76 79 53 32 16 47 57 55 15 22 69 69 55 37 54 39 99 57 39 99 73 17 30 10 86 72 34 37 58 26 18 83 76 13 74 22 70 71 50 21 52 26 39 39 26 15 89 26 96 13 76 82 66 12 69 52 31 60 75 80 25 41 85 91 81 75 55 24 86 70 42 79 14 51
95 60 31 63 13 57 36 68 48 23 93 81 53 30 67 59 46 94 16 96 87 51 37 85 63 47 61 77 82 88 93 17 17 71 0 81 59 81 63 77 63 51 85 46 11 80 83 16 47 17 90 84 26 99 60 80 92 93 66 55 75 25 92 70 41 16 46 51 44 25 12 31 83 19 13 32 47 77 91 11 45 33 18 16 67 97 64 92 25 19 66 34 44 20 95 32 89 88 60 53 25 56 12 66 56 46 69 32 66 34 16 91 83 41 21 25 61 11 29 49 95 77 15 63 95 94 20 55 45 80 87 99 56 82 21 24 60 70 43 10
86 37 13 71 16 52 65 74 65 11 40 25 33 49 92 42 96 99 21 20 14 60 88 47 50 62 55 52 30 26 51 69 62 97 81 0 41 30 48 81 43 77 15 63 18 75 85 43 71 45 63 39 86 35 47 32 94 53 59 60 99 88 24 49 63 49 59 49 76 96 42 80 43 85 92 53 52 88 24 21 92 75 88 47 99 91 44 93 36 66 60 39 39 65 17 55 40 48 44 46 54 84 88 97 43 92 50 76 10 44 42 96 12 25 17 37 13 16 72 44 44 82 82 66 75 60 57 85 15 68 77 48 13 86 63 47 70 47 37 83
85 34 37 46 13 52 36 50 31 93 17 33 56 99 99 47 69 61 66 50 45 90 47 84 13 21 61 41 18 87 82 12 72 59 59 41 0 68 92 30 61 17 82 69 89 37 59 48 43 43 84 84 44 37 71 87 86 53 61 20 67 34 23 24 16 67 48 53 97 68 65 10 51 77 35 33 62 28 47 38 41 81 22 78 32 52 45 53 69 66 53 10 28 71 61 25 71 46 34 85 51 52 28 50 90 62 73 21 15 33 39 97 98 99 94 80 86 39 54 80 46 97 54 56 79 17 16 86 16 64 49 99 47 11 90 69 70 26 70 23
14 92 42 63 18 61 60 18 73 67 85 91 27 50 56 61 39 97 14 59 80 20 35 43 65 43 52 87 17 54 57 49 80 36 81 30 68 0 34 29 35 67 33 83 17 75 26 34 29 64 50 79 50 44 84 93 53 41 68 63 58 68 37 24 30 83 75 86 25 44 76 14 11 16 69 17 36 48 36 68 12 43 45 92 32 55 29 25 19 52 43 39 45 85 38 35 90 87 33 29 71 25 88 25 53 62 52 43 39 65 25 20 77 43 43 72 88 72 26 27 48 62 79 52 22 37 21 69 25 86 69 13 64 10 86 52 48 10 51 87
99 32 73 23 88 88 10 22 69 49 66 43 85 40 92 65 29 81 74 51 14 85 97 60 12 24 11 32 59 99 51 61 39 41 63 48 92 34 0 14 12 53 43 35 74 17 94 88 98 17 49 42 73 47 37 58 61 82 81 56 56 47 43 33 48 88 99 70 50 58 65 20 82 31 97 71 65 63 92 10 37 41 89 22 31 84 55 13 44 86 38 61 18 25 77 31 18 26 10 59 53 38 54 15 70 62 44 91 93 30 11 21 37 76 43 32 68 48 30 62 92 99 32 20 88 35 86 21 78 66 84 90 20 23 99 74 74 25 20 93
32 23 53 10 25 83 48 47 54 67 30 65 31 61 37 85 30 39 64 30 89 99 93 44 93 31 60 22 25 65 43 84 90 77 77 81 30 29 14 0 12 68 54 78 44 63 41 58 45 55 75 29 87 32 36 33 84 69 24 80 92 75 54 71 34 81 35 14 11 30 17 73 52 58 39 56 87 86 22 95 37 10 34 87 69 78 13 29 18 69 22 20 79 48 80 29 14 38 50 35 73 27 68 40 41 59 62 33 78 49 42 11 83 26 51 52 91 55 49 57 32 30 44 79 96 49 48 41 79 72 27 78 56 84 71 46 35 41 94 91
47 87 71 64 61 16 27 66 16 19 86 93 15 43 30 73 95 83 22 71 56 29 24 56 23 40 38 44 48 32 76 47 61 12 63 43 61 35 12 12 0 89 57 13 61 45 27 14 95 27 79 95 57 32 48 34 50 93 34 27 44 67 67 98 90 16 23 95 32 64 60 58 26 47 41 57 32 86 91 10 55 49 51 88 62 51 74 59 68 87 32 51 80 55 11 28 82 10 16 62 81 53 91 62 77 95 42 10 91 53 93 69 57 79 31 93 92 72 62 93 45 92 14 82 43 77 39 19 30 18 17 22 31 85 91 95 21 62 66 45
39 37 58 75 30 47 80 56 23 33 48 86 64 48 70 40 75 13 79 84 89 98 21 27 33 90 22 56 36 21 16 51 33 83 51 77 17 67 53 68 89 0 36 96 57 64 15 96 86 75 91 88 71 52 93 67 15 82 45 25 18 25 23 19 65 47 73 78 99 15 45 50 11 38 55 88 24 96 97 26 36 13 23 67 68 75 28 20 95 54 13 39 61 80 62 21 33 17 24 55 95 29 62 66 74 68 70 41 28 59 95 12 77 25 96 70 46 75 10 37 64 49 48 75 44 92 41 93 37 66 77 51 53 36 31 16 33 35 57 76
98 19 33 49 54 35 97 93 90 10 76 86 69 72 57 15 96 21 13 25 64 75 85 94 59 79 25 16 10 91 89 82 76 71 85 15 82 33 43 54 57 36 0 98 84 46 40 46 68 43 62 73 33 98 72 27 32 77 60 92 28 87 30 17 44 12 22 36 63 41 27 25 27 66 91 19 57 87 38 34 17 59 48 18 75 70 80 89 86 64 55 63 21 23 85 16 28 91 43 94 31 43 43 91 21 29 25 12 34 24 12 30 69 59 93 15 28 29 75 40 32 91 63 81 48 14 25 21 10 63 71 33 20 30 49 22 20 18 66 60
54 44 23 39 84 77 86 16 60 46 66 13 23 79 53 95 98 23 59 28 74 61 32 47 72 64 87 72 90 39 78 16 35 84 46 63 69 83 35 78 13 96 98 0 37 65 31 18 96 28 58 79 26 78 24 53 58 53 12 76 59 24 18 74 93 16 57 12 83 73 33 64 68 20 97 90 76 34 55 13 30 12 66 11 69 92 66 80 35 43 74 87 18 77 69 25 45 18 50 95 60 27 15 53 21 38 62 76 77 49 77 62 55 90 86 88 26 63 63 93 58 48 25 58 41 46 70 78 32 29 74 23 48 23 23 61 55 44 60 48
77 51 97 26 61 63 10 48 68 46 38 57 16 54 92 65 15 17 50 32 91 60 35 82 97 51 25 23 72 79 28 20 90 92 11 18 89 17 74 44 61 57 84 37 0 28 62 22 80 29 99 70 32 25 98 38 28 98 48 20 48 19 50 54 86 71 58 38 46 77 87 52 61 87 96 85 84 75 95 49 52 99 99 64 19 67 67 81 59 25 10 34 20 74 17 59 75 65 13 36 20 56 13 59 20 97 68 57 92 38 80 16 22 59 45 67 80 51 50 21 38 96 31 73 37 52 45 52 75 41 73 40 91 63 35 46 62 98 36 91
22 31 98 56 65 93 95 82 24 98 57 63 84 47 11 50 96 65 39 43 64 70 68 31 11 38 16 75 92 68 39 47 78 17 80 75 37 75 17 63 45 64 46 65 28 0 51 61 60 67 59 14 62 64 70 44 61 76 81 87 70 38 77 29 13 50 77 67 41 10 18 93 57 43 51 44 98 69 94 10 89 80 28 75 39 91 38 42 95 57 17 74 28 90 37 21 85 97 68 52 38 44 35 42 13 65 50 32 66 86 36 63 24 70 70 24 77 64 63 38 67 50 12 11 92 51 65 25 95 16 36 15 69 21 98 82 77 73 99 96
53 66 17 51 41 74 75 25 77 85 16 33 69 61 88 42 68 26 40 85 84 87 95 62 59 38 32 94 12 66 48 18 86 71 83 85 59 26 94 41 27 15 40 31 62 51 0 89 41 77 70 63 84 78 20 98 25 46 87 94 80 26 66 92 11 82 81 83 34 68 79 93 61 57 37 63 96 33 34 47 64 16 98 99 30 58 18 78 86 62 10 22 42 35 18 72 64 49 32 32 22 17 82 64 60 25 39 62 37 88 29 85 80 99 19 32 31 56 45 45 77 11 88 64 41 69 55 62 28 14 90 87 47 77 92 95 25 86 88 71
34 81 72 57 79 25 23 12 70 91 25 88 23 36 49 94 26 74 36 33 30 82 94 77 50 99 20 86 64 83 54 97 25 87 16 43 48 34 88 58 14 96 46 18 22 61 89 0 38 54 55 47 32 40 54 37 13 53 38 66 94 46 11 79 64 62 62 53 86 99 88 14 95 75 95 25 62 82 88 94 72 23 65 88 36 46 23 60 27 57 69 83 30 79 63 16 38 84 81 79 71 16 15 36 75 86 10 41 50 66 47 39 73 92 48 31 42 87 26 35 28 11 42 82 16 55 92 16 10 53 59 60 92 57 52 34 91 27 20 24
14 25 21 93 13 56 78 49 99 85 68 58 61 59 53 52 27 51 37 62 32 76 55 24 16 18 17 76 65 96 37 97 86 94 47 71 43 29 98 45 95 86 68 96 80 60 41 38 0 44 23 94 91 35 39 47 26 22 74 60 90 64 34 11 90 29 69 19 87 25 98 70 60 36 76 67 24 17 73 49 35 22 52 59 21 90 33 83 20 86 73 28 16 10 66 68 38 60 92 10 69 64 15 30 60 17 24 66 68 99 53 35 80 86 86 27 98 91 73 44 47 97 75 94 35 55 45 95 98 76 98 25 31 23 74 48 10 35 62 56
48 16 38 17 62 26 96 38 28 63 83 55 91 27 12 33 44 89 33 71 10 57 63 13 90 55 67 24 77 92 99 32 28 68 17 45 43 64 17 55 27 75 43 28 29 67 77 54 44 0 73 56 19 51 54 53 82 11 49 49 53 23 90 46 86 78 24 37 54 28 25 32 34 40 93 61 33 45 72 56 99 27 49 57 14 73 17 68 62 30 26 13 64 88 72 43 14 31 95 58 29 86 73 71 97 38 99 44 32 29 37 65 99 79 26 56 71 36 89 21 84 87 90 49 73 46 51 26 83 88 13 25 59 54 30 69 16 45 87 87
51 43 76 35 22 94 98 91 69 44 19 56 53 38 52 68 47 89 38 99 92 57 21 88 43 50 26 57 14 36 36 20 16 94 90 63 84 50 49 75 79 91 62 58 99 59 70 55 23 73 0 75 26 32 96 12 61 72 75 44 78 90 84 87 87 73 21 28 36 28 48 93 42 29 96 81 59 50 12 21 90 82 84 39 41 27 19 25 76 12 77 35 59 59 47 66 68 94 96 19 90 38 16 99 58 25 44 99 83 12 83 38 61 92 78 32 98 60 89 18 93 80 38 42 69 18 23 98 48 59 92 92 35 95 61 65 90 16 68 89
56 73 70 51 66 44 39 79 16 97 12 38 91 93 16 63 14 77 28 38 95 42 75 44 10 44 32 24 10 23 21 80 89 13 84 39 84 79 42 29 95 88 73 79 70 14 63 47 94 56 75 0 18 57 57 96 67 19 19 53 11 22 62 75 70 44 89 34 73 24 58 71 51 45 94 99 54 83 17 28 14 35 40 57 56 86 72 21 43 39 86 57 85 51 21 36 76 62 99 32 19 17 25 21 15 85 56 88 95 37 45 20 56 88 11 25 23 31 58 39 97 15 55 84 30 32 46 77 19 10 77 81 28 51 41 86 95 83 49 43
33 32 53 18 57 41 85 90 41 80 70 72 58 85 84 51 23 29 76 69 88 62 70 34 18 51 48 71 46 46 53 10 25 73 26 86 44 50 73 87 57 71 33 26 32 62 84 32 91 19 26 18 0 47 16 93 47 51 38 40 25 82 40 69 36 35 20 40 76 96 57 72 42 14 42 44 81 28 60 61 99 52 36 35 19 36 95 24 29 57 34 69 15 65 84 72 85 90 35 29 19 38 45 80 10 70 29 17 65 96 43 81 32 57 59 42 81 93 50 72 56 45 48 77 26 87 69 99 98 44 29 63 46 95 51 19 37 25 69 84
44 25 54 42 45 82 43 73 17 58 61 84 27 30 24 11 15 16 17 43 43 71 75 79 47 88 93 58 16 49 80 62 86 87 99 35 37 44 47 32 32 52 98 78 25 64 78 40 35 51 32 57 47 0 33 59 16 64 96 70 32 76 75 96 12 30 21 58 94 19 60 14 14 38 65 19 18 97 19 13 20 82 55 56 71 86 14 92 43 87 28 99 81 55 42 57 16 23 58 96 34 26 56 24 89 23 12 47 11 96 27 98 18 49 11 85 54 76 81 44 14 11 26 49 65 42 30 62 67 60 78 18 66 10 89 59 55 84 29 68
59 74 27 19 31 24 91 85 90 54 79 67 96 85 56 95 93 18 18 41 85 87 35 34 73 21 25 80 35 40 97 90 31 38 60 47 71 84 37 36 48 93 72 24 98 70 20 54 39 54 96 57 16 33 0 26 68 62 67 88 14 57 36 75 95 75 19 55 66 89 89 32 79 76 39 38 51 98 97 29 99 23 60 25 24 94 92 88 55 32 47 48 79 78 69 62 26 73 30 28 55 95 33 65 83 99 21 60 35 48 97 37 96 74 58 30 91 13 14 22 44 34 32 62 83 96 70 87 28 32 12 29 60 77 65 94 87 97 10 25
32 18 39 12 89 42 37 92 92 56 88 73 69 56 38 22 60 55 75 61 48 53 77 84 25 14 54 51 72 54 64 39 31 41 80 32 87 93 58 33 34 67 27 53 38 44 98 37 47 53 12 96 93 59 26 0 97 39 29 67 15 93 55 33 11 29 79 77 58 33 14 69 14 35 93 22 78 50 69 27 48 73 84 54 20 46 26 49 59 77 98 56 39 48 32 99 40 26 21 38 58 62 79 22 49 75 80 27 64 21 40 30 61 47 20 93 60 49 40 10 52 35 16 53 21 84 37 25 88 99 43 52 51 84 93 13 10 41 14 38
22 49 20 96 59 42 42 44 77 21 66 77 66 11 29 73 55 53 64 15 57 85 75 50 82 19 45 61 45 76 48 22 63 85 92 94 86 53 61 84 50 15 32 58 28 61 25 13 26 82 61 67 47 16 68 97 0 49 84 32 93 89 95 52 74 88 95 88 27 19 30 78 12 90 55 43 69 71 23 42 33 50 99 78 90 32 93 25 27 76 42 64 98 89 67 35 69 47 67 20 74 58 83 37 29 89 25 56 77 33 28 46 19 66 47 94 77 65 38 28 96 61 42 74 45 99 99 23 43 22 48 29 52 14 20 39 93 93 97 74
57 64 31 20 26 68 40 88 66 42 76 75 62 69 16 91 76 70 78 16 12 83 69 23 80 98 18 66 26 87 66 40 75 16 93 53 53 41 82 69 93 82 77 53 98 76 46 53 22 11 72 19 51 64 62 39 49 0 19 68 61 25 82 41 58 93 53 66 96 27 92 21 35 12 84 78 43 20 21 36 33 88 55 46 81 57 79 61 70 62 66 28 75 44 81 55 50 37 59 96 44 95 72 51 59 38 52 58 35 53 49 57 47 15 96 68 79 86 28 68 81 89 69 82 38 33 67 18 95 87 46 70 84 57 99 66 77 33 55 13
65 98 19 92 40 16 27 13 53 92 96 23 39 21 94 77 79 84 25 59 49 14 47 10 96 29 81 59 10 22 58 71 13 99 66 59 61 68 81 24 34 45 60 12 48 81 87 38 74 49 75 19 38 96 67 29 84 19 0 26 85 10 50 57 23 49 53 75 18 85 67 11 55 25 64 24 78 70 70 53 73 75 71 63 86 93 94 93 96 52 56 15 22 29 59 63 50 94 12 91 43 89 26 91 57 57 80 57 13 43 19 16 71 32 42 32 62 88 78 15 25 34 84 24 42 28 48 54 25 84 41 57 97 86 65 23 39 33 53 56
80 17 39 40 27 14 79 28 10 59 66 13 40 87 45 54 22 29 47 28 57 68 57 51 56 95 91 63 83 88 71 83 90 39 55 60 20 63 56 80 27 25 92 76 20 87 94 66 60 49 44 53 40 70 88 67 32 68 26 0 45 80 47 67 56 19 43 47 97 36 73 26 80 88 13 49 34 60 41 53 31 77 28 92 58 33 68 83 76 43 67 96 51 65 96 77 56 51 90 20 47 92 95 88 90 13 28 55 50 94 41 75 80 60 72 98 66 97 26 78 87 14 22 57 21 88 88 39 49 37 84 94 74 91 79 42 95 42 34 47
31 79 21 56 67 87 33 43 68 84 36 70 32 63 16 41 68 66 22 56 24 97 28 66 81 58 39 75 20 27 33 36 71 55 75 99 67 58 56 92 44 18 28 59 48 70 80 94 90 53 78 11 25 32 14 15 93 61 85 45 0 70 34 46 64 71 59 89 17 45 15 47 59 97 43 27 86 34 56 98 41 80 26 71 71 49 51 82 81 60 77 76 84 96 86 61 42 72 35 37 28 25 42 89 56 86 35 80 14 59 32 77 94 17 21 91 15 38 69 73 71 94 81 70 25 34 78 33 12 42 18 61 25 82 61 41 69 93 36 70
20 58 76 48 29 59 39 91 39 72 82 32 19 38 37 99 51 79 89 72 10 77 66 90 77 61 90 45 85 94 38 54 17 54 25 88 34 68 47 75 67 25 87 24 19 38 26 46 64 23 90 22 82 76 57 93 89 25 10 80 70 0 42 72 67 64 15 26 59 79 58 18 39 37 87 14 54 48 62 90 70 16 54 46 36 41 63 28 36 61 86 39 80 52 98 13 76 88 65 62 25 36 80 40 68 48 81 63 69 15 10 62 95 91 19 40 57 52 54 74 42 49 24 28 67 53 35 63 53 65 33 38 27 13 72 82 27 34 15 99
52 94 84 75 72 49 70 49 14 62 54 89 95 90 44 81 39 86 29 24 11 57 35 65 73 63 94 73 64 89 35 18 62 31 92 24 23 37 43 54 67 23 30 18 50 77 66 11 34 90 84 62 40 75 36 55 95 82 50 47 34 42 0 83 58 62 86 58 57 50 74 70 54 77 22 90 67 27 75 69 40 45 45 96 47 22 90 71 73 23 66 69 25 45 42 84 82 82 72 30 93 54 24 36 31 48 97 35 20 30 91 11 44 29 55 35 11 44 13 52 31 26 26 17 91 98 98 96 53 92 63 27 29 26 30 67 58 53 87 82
31 28 92 56 31 42 12 42 31 83 32 50 17 61 29 54 81 23 24 59 13 51 91 74 38 46 29 98 85 16 98 24 13 17 70 49 24 24 33 71 98 19 17 74 54 29 92 79 11 46 87 75 69 96 75 33 52 41 57 67 46 72 83 0 76 59 92 81 67 23 63 12 81 90 17 82 30 35 14 89 19 15 81 14 47 65 16 45 16 24 16 87 23 65 93 51 59 53 34 32 24 75 87 95 12 33 76 56 18 15 65 92 19 54 81 62 39 76 30 54 84 11 33 89 69 90 57 97 88 93 17 90 75 20 76 23 42 25 32 82
74 73 57 33 16 61 58 54 31 89 28 44 31 62 41 28 43 70 37 37 65 29 15 91 28 57 93 28 70 11 97 83 79 94 41 63 16 30 48 34 90 65 44 93 86 13 11 64 90 86 87 70 36 12 95 11 74 58 23 56 64 67 58 76 0 82 89 21 65 43 61 11 13 21 13 78 46 53 37 17 21 99 95 44 12 74 19 97 75 84 69 96 48 34 26 41 51 62 18 17 12 16 75 36 97 54 75 60 24 45 50 44 53 96 66 57 37 34 32 94 92 57 12 75 93 41 99 40 18 68 10 29 97 65 27 43 42 35 32 65
85 83 38 11 75 79 62 52 37 52 70 13 53 74 57 31 97 68 28 74 18 84 22 88 41 50 22 96 84 58 57 72 12 61 16 49 67 83 88 81 16 47 12 16 71 50 82 62 29 78 73 44 35 30 75 29 88 93 49 19 71 64 62 59 82 0 90 40 44 15 73 39 16 79 84 85 12 63 14 32 68 48 82 41 41 20 14 10 85 47 10 32 42 47 31 62 83 14 38 69 90 55 77 55 30 24 50 14 51 27 89 36 31 48 86 86 79 81 14 38 75 30 47 72 64 94 74 29 74 85 33 31 68 10 70 49 37 31 19 92
49 76 62 73 70 39 82 37 61 84 11 23 24 26 53 36 93 95 76 57 65 81 23 36 57 79 53 71 73 84 71 52 94 76 46 59 48 75 99 35 23 73 22 57 58 77 81 62 69 24 21 89 20 21 19 79 95 53 53 43 59 15 86 92 89 90 0 15 88 88 55 47 83 32 32 63 57 38 62 69 91 10 36 43 61 73 27 54 91 41 42 82 17 11 77 50 29 93 59 19 91 25 98 89 55 71 35 19 33 12 72 32 33 33 27 69 75 18 24 71 48 34 37 40 80 95 23 28 92 24 92 41 62 89 30 99 51 10 49 17
84 84 56 75 13 24 32 72 42 80 77 80 79 93 18 13 97 75 48 89 36 88 32 41 77 93 25 74 45 75 77 49 68 79 51 49 53 86 70 14 95 78 36 12 38 67 83 53 19 37 28 34 40 58 55 77 88 66 75 47 89 26 58 81 21 40 15 0 13 15 19 43 62 35 70 85 28 67 33 76 37 63 18 10 61 97 26 60 46 15 88 70 27 68 76 21 30 72 48 91 87 57 68 65 27 61 45 68 97 83 50 96 78 93 84 20 85 86 83 45 63 17 97 62 92 73 79 93 34 86 10 75 80 29 16 87 96 21 15 95
13 62 25 80 56 52 63 39 59 30 85 32 51 27 83 55 66 72 77 90 97 95 76 91 86 88 35 50 74 50 84 75 58 53 44 76 97 25 50 11 32 99 63 83 46 41 34 86 87 54 36 73 76 94 66 58 27 96 18 97 17 59 57 67 65 44 88 13 0 16 21 52 17 75 78 21 30 16 24 90 37 59 99 16 91 66 53 16 87 87 94 66 42 74 18 84 34 76 77 46 48 28 66 86 79 87 85 95 89 19 46 99 34 49 85 89 11 41 99 26 33 72 86 81 82 70 64 43 41 32 98 57 29 51 31 10 82 61 51 40
26 59 11 77 60 20 75 42 39 74 23 63 94 15 57 94 47 79 40 40 35 54 83 75 93 24 88 92 40 95 52 76 89 32 25 96 68 44 58 30 64 15 41 73 77 10 68 99 25 28 28 24 96 19 89 33 19 27 85 36 45 79 50 23 43 15 88 15 16 0 95 54 23 51 92 79 68 68 94 63 84 80 90 54 68 67 82 68 82 19 45 99 42 18 15 52 29 19 67 73 64 74 10 14 39 94 17 30 98 80 71 43 71 41 21 12 44 34 53 24 30 17 30 94 76 22 22 56 20 90 57 41 18 92 89 36 56 31 76 57
40 37 91 63 30 10 43 74 54 47 51 19 24 10 28 48 48 80 11 35 77 92 11 50 71 84 86 86 16 68 53 76 90 16 12 42 65 76 65 17 60 45 27 33 87 18 79 88 98 25 48 58 57 60 89 14 30 92 67 73 15 58 74 63 61 73 55 19 21 95 0 72 16 88 53 43 87 79 38 73 91 66 70 66 61 36 14 98 19 49 88 86 83 89 90 34 81 54 56 31 35 62 80 49 51 65 85 70 54 28 88 49 59 86 36 49 47 55 42 28 29 96 44 96 19 45 82 56 18 80 12 15 83 55 41 85 29 77 30 85
20 79 68 86 45 30 39 16 12 83 84 89 78 76 77 27 31 38 70 73 34 29 97 59 96 27 74 88 84 11 44 98 70 47 31 80 10 14 20 73 58 50 25 64 52 93 93 14 70 32 93 71 72 14 32 69 78 21 11 26 47 18 70 12 11 39 47 43 52 54 72 0 65 38 64 95 96 29 99 63 97 57 83 83 95 80 30 13 83 91 13 64 73 23 96 63 53 93 43 57 93 43 62 36 74 31 90 53 25 58 71 78 41 87 22 12 65 60 92 89 54 46 81 82 17 11 88 31 45 56 41 58 13 22 92 19 76 88 80 47
54 21 93 60 30 11 29 96 21 12 28 58 91 61 34 84 65 78 75 74 86 78 18 30 51 39 99 39 12 74 55 17 31 57 83 43 51 11 82 52 26 11 27 68 61 57 61 95 60 34 42 51 42 14 79 14 12 35 55 80 59 39 54 81 13 16 83 62 17 23 16 65 0 64 15 14 63 74 32 57 74 58 42 27 94 97 55 53 89 41 61 19 11 32 84 34 79 53 76 44 24 91 40 37 99 66 34 39 95 88 98 59 88 82 61 27 14 79 21 19 84 38 19 35 14 10 85 26 46 21 52 97 79 95 13 86 84 63 22 33
55 19 12 96 94 34 91 29 62 73 27 73 54 84 95 88 87 19 63 44 51 41 80 38 40 65 23 41 91 62 58 29 99 55 19 85 77 16 31 58 47 38 66 20 87 43 57 75 36 40 29 45 14 38 76 35 90 12 25 88 97 37 77 90 21 79 32 35 75 51 88 38 64 0 52 14 10 84 90 25 90 47 68 49 87 50 73 43 37 24 46 93 91 69 29 88 41 39 53 43 95 98 36 11 52 77 50 93 52 65 99 52 92 44 21 17 61 76 85 15 44 62 98 59 81 45 18 91 11 94 59 62 13 43 28 80 72 37 89 92
51 58 52 67 34 85 48 31 52 74 25 81 40 65 38 47 53 10 62 24 47 56 44 28 35 94 45 74 83 50 17 69 82 15 13 92 35 69 97 39 41 55 91 97 96 51 37 95 76 93 96 94 42 65 39 93 55 84 64 13 43 87 22 17 13 84 32 70 78 92 53 64 15 52 0 87 99 44 90 72 26 61 73 93 30 81 68 43 75 15 31 24 43 88 38 21 10 92 85 29 22 17 45 66 15 38 91 69 47 88 12 31 93 88 37 42 99 87 94 33 45 57 72 10 67 33 77 44 56 96 32 28 67 39 72 55 68 62 16 35
19 86 62 91 69 77 41 75 63 82 12 37 60 64 89 48 64 89 29 85 32 81 58 23 90 91 15 35 79 72 23 33 11 22 32 53 33 17 71 56 57 88 19 90 85 44 63 25 67 61 81 99 44 19 38 22 43 78 24 49 27 14 90 82 78 85 63 85 21 79 43 95 14 14 87 0 44 45 11 34 56 29 24 92 75 40 71 44 77 86 38 31 63 29 22 47 20 30 35 73 88 22 78 28 36 91 36 94 32 97 88 92 28 70 84 25 19 52 16 21 16 81 74 12 34 21 93 30 54 86 48 16 60 95 30 34 57 50 67 98
64 57 21 29 84 77 68 86 31 45 80 12 29 24 98 94 21 58 91 76 53 79 71 89 50 17 24 52 54 48 82 26 26 69 47 52 62 36 65 87 32 24 57 76 84 98 96 62 24 33 59 54 81 18 51 78 69 43 78 34 86 54 67 30 46 12 57 28 30 68 87 96 63 10 99 44 0 96 67 57 35 37 92 86 93 94 45 66 79 91 16 69 30 56 50 27 45 22 36 34 83 52 33 50 19 31 92 62 97 52 85 94 35 59 61 75 23 42 76 17 70 53 40 16 83 52 90 76 81 98 77 97 38 87 61 87 42 93 86 74
75 16 87 59 28 81 70 67 14 76 14 69 66 48 68 48 45 36 21 96 14 59 28 35 89 49 82 55 53 89 58 49 63 69 77 88 28 48 63 86 86 96 87 34 75 69 33 82 17 45 50 83 28 97 98 50 71 20 70 60 34 48 27 35 53 63 38 67 16 68 79 29 74 84 44 45 96 0 41 85 42 41 52 78 43 68 85 60 28 18 20 38 46 65 59 29 44 91 21 88 23 87 41 53 70 51 83 80 28 33 78 42 35 19 99 79 42 87 14 91 97 51 29 88 89 68 65 38 86 45 28 48 99 33 21 81 34 60 34 99
29 70 39 55 46 55 82 11 41 25 22 72 58 28 83 47 11 76 53 30 86 95 57 98 31 39 54 58 94 51 20 18 17 55 91 24 47 36 92 22 91 97 38 55 95 94 34 88 73 72 12 17 60 19 97 69 23 21 70 41 56 62 75 14 37 14 62 33 24 94 38 99 32 90 90 11 67 41 0 99 22 78 99 43 76 96 40 15 26 11 89 51 36 60 47 16 79 80 29 85 98 78 41 18 28 81 11 20 17 51 86 29 51 51 10 82 80 22 32 98 74 53 85 19 96 15 77 82 66 66 42 98 35 34 77 47 26 17 83 29
37 97 33 85 15 79 98 79 25 35 35 21 55 57 13 31 40 38 31 77 16 74 87 35 84 64 75 28 31 34 71 61 67 37 11 21 38 68 10 95 10 26 34 13 49 10 47 94 49 56 21 28 61 13 29 27 42 36 53 53 98 90 69 89 17 32 69 76 90 63 73 63 57 25 72 34 57 85 99 0 96 59 42 55 15 84 14 35 27 61 43 39 59 45 67 30 42 74 26 12 95 99 45 23 13 62 63 32 56 35 64 59 53 90 35 77 35 19 46 80 77 87 53 88 96 66 11 57 29 34 48 41 41 74 21 75 44 59 31 40
66 15 30 29 79 54 92 63 35 52 78 24 56 53 39 25 22 43 70 47 49 24 73 87 22 59 47 43 27 46 33 42 68 54 45 92 41 12 37 37 55 36 17 30 52 89 64 72 35 99 90 14 99 20 99 48 33 33 73 31 41 70 40 19 21 68 91 37 37 84 91 97 74 90 26 56 35 42 22 96 0 92 88 80 13 52 84 99 17 24 11 94 81 26 52 71 78 17 51 48 69 27 49 71 44 96 17 32 20 88 78 55 19 52 76 97 27 36 33 24 84 15 72 90 63 24 42 74 73 35 43 33 73 76 69 16 81 42 78 51
10 50 47 32 97 56 73 50 63 99 49 37 28 53 33 27 32 27 14 55 49 24 98 45 40 78 74 45 85 45 69 77 83 39 33 75 81 43 41 10 49 13 59 12 99 80 16 23 22 27 82 35 52 82 23 73 50 88 75 77 80 16 45 15 99 48 10 63 59 80 66 57 58 47 61 29 37 41 78 59 92 0 57 12 71 37 21 41 74 86 33 81 55 29 91 13 94 35 52 42 51 95 45 69 76 17 74 35 25 50 38 69 73 80 97 68 51 43 25 93 94 12 81 38 92 22 37 18 53 83 70 20 77 86 38 79 39 88 26 54
21 12 49 59 86 21 25 39 11 67 71 31 49 71 94 36 35 48 25 11 59 84 48 74 47 43 63 97 23 11 76 45 61 99 18 88 22 45 89 34 51 23 48 66 99 28 98 65 52 49 84 40 36 55 60 84 99 55 71 28 26 54 45 81 95 82 36 18 99 90 70 83 42 68 73 24 92 52 99 42 88 57 0 25 28 29 13 68 12 63 13 91 44 78 67 95 77 59 33 24 85 69 99 28 19 54 47 47 25 56 70 11 38 98 35 47 25 66 22 76 20 36 71 78 27 63 84 54 73 10 37 91 38 27 51 51 98 34 74 78
10 90 45 92 11 19 20 22 97 20 80 95 99 15 10 15 52 87 89 66 73 51 92 77 78 42 10 33 14 82 22 55 48 57 16 47 78 92 22 87 88 67 18 11 64 75 99 88 59 57 39 57 35 56 25 54 78 46 63 92 71 46 96 14 44 41 43 10 16 54 66 83 27 49 93 92 86 78 43 55 80 12 25 0 94 60 10 84 43 77 90 11 97 11 58 24 98 79 99 30 22 75 44 51 63 91 75 52 31 37 43 76 77 94 63 43 66 93 42 78 95 49 46 74 81 41 42 67 51 13 64 15 37 23 69 62 56 22 12 57
93 55 70 36 90 15 89 76 23 37 89 23 31 98 93 36 61 91 91 48 25 64 34 35 98 66 11 46 88 67 57 31 11 39 67 99 32 32 31 69 62 68 75 69 19 39 30 36 21 14 41 56 19 71 24 20 90 81 86 58 71 36 47 47 12 41 61 61 91 68 61 95 94 87 30 75 93 43 76 15 13 71 28 94 0 78 17 98 22 53 53 72 30 78 49 65 23 11 36 72 66 94 58 61 37 26 42 92 79 35 54 57 77 63 62 67 40 21 49 62 36 34 87 90 47 21 21 34 48 87 54 76 84 80 56 97 10 29 91 90
29 34 53 33 63 66 53 59 63 93 27 45 64 32 13 22 82 12 50 77 53 40 83 23 19 18 85 50 94 53 26 38 10 99 97 91 52 55 84 78 51 75 70 92 67 91 58 46 90 73 27 86 36 86 94 46 32 57 93 33 49 41 22 65 74 20 73 97 66 67 36 80 97 50 81 40 94 68 96 84 52 37 29 60 78 0 30 86 44 64 84 31 75 81 25 44 69 83 47 76 53 61 96 44 23 92 57 95 76 46 95 45 36 41 68 88 62 78 55 83 94 27 62 82 67 84 13 35 24 60 55 20 40 75 48 41 24 51 12 17
14 90 86 68 65 70 19 76 10 13 22 20 98 10 28 51 97 77 68 40 89 42 37 55 27 36 34 16 35 22 12 74 22 73 64 44 45 29 55 13 74 28 80 66 67 38 18 23 33 17 19 72 95 14 92 26 93 79 94 68 51 63 90 16 19 14 27 26 53 82 14 30 55 73 68 71 45 85 40 14 84 21 13 10 17 30 0 99 10 56 35 26 38 86 74 24 50 54 83 24 36 49 56 37 45 43 62 93 59 65 65 96 70 11 99 58 74 17 24 53 89 86 82 29 92 98 87 55 40 33 81 85 88 48 90 34 13 79 14 31
31 32 72 64 30 97 82 55 98 82 66 87 39 25 79 52 97 40 58 21 99 75 41 33 93 72 55 25 88 60 31 15 10 17 92 93 53 25 13 29 59 20 89 80 81 42 78 60 83 68 25 21 24 92 88 49 25 61 93 83 82 28 71 45 97 10 54 60 16 68 98 13 53 43 43 44 66 60 15 35 99 41 68 84 98 86 99 0 66 75 33 62 84 33 50 62 77 16 95 76 28 84 51 27 50 25 68 96 60 66 49 85 22 62 12 30 34 52 17 23 39 56 24 82 70 13 15 64 64 47 96 45 31 49 89 38 16 98 16 52
73 66 31 76 17 75 71 17 51 31 43 96 28 97 14 96 34 35 88 94 20 52 47 87 68 30 63 68 74 88 93 20 35 30 25 36 69 19 44 18 68 95 86 35 59 95 86 27 20 62 76 43 29 43 55 59 27 70 96 76 81 36 73 16 75 85 91 46 87 82 19 83 89 37 75 77 79 28 26 27 17 74 12 43 22 44 10 66 0 57 25 13 34 27 53 86 92 47 39 96 19 26 77 14 63 21 77 69 15 27 10 34 84 36 91 86 70 37 38 32 31 78 32 90 49 95 60 62 50 14 48 51 37 56 20 22 86 44 11 99
63 65 60 18 72 41 38 49 71 46 97 17 47 91 62 52 17 97 59 41 96 23 74 25 41 96 79 96 28 94 32 23 46 10 19 66 66 52 86 69 87 54 64 43 25 57 62 57 86 30 12 39 57 87 32 77 76 62 52 43 60 61 23 24 84 47 41 15 87 19 49 91 41 24 15 86 91 18 11 61 24 86 63 77 53 64 56 75 57 0 31 21 87 88 61 52 20 20 14 66 57 69 12 77 82 19 40 22 10 79 88 15 82 44 55 62 34 45 95 77 39 96 64 98 81 69 10 43 28 46 73 53 20 41 20 73 76 77 62 80
82 53 66 98 30 35 27 20 44 95 65 63 89 15 97 56 63 88 40 11 62 32 79 87 90 63 96 70 95 73 57 65 59 86 66 60 53 43 38 22 32 13 55 74 10 17 10 69 73 26 77 86 34 28 47 98 42 66 56 67 77 86 66 16 69 10 42 88 94 45 88 13 61 46 31 38 16 20 89 43 11 33 13 90 53 84 35 33 25 31 0 33 69 23 64 96 18 58 98 32 43 62 80 62 17 76 32 88 51 44 63 25 45 59 21 70 20 37 78 54 77 37 26 48 94 83 66 45 34 64 49 27 60 80 16 65 82 79 70 36
55 15 82 70 95 10 63 19 10 95 97 77 73 80 76 71 16 39 92 60 32 54 53 77 26 44 41 53 26 20 11 78 88 72 34 39 10 39 61 20 51 39 63 87 34 74 22 83 28 13 35 57 69 99 48 56 64 28 15 96 76 39 69 87 96 32 82 70 66 99 86 64 19 93 24 31 69 38 51 39 94 81 91 11 72 31 26 62 13 21 33 0 63 76 99 15 77 23 50 23 41 78 90 71 70 82 11 41 18 69 43 92 99 98 22 58 22 19 79 12 56 27 23 72 85 70 59 48 13 73 67 56 49 97 46 49 18 82 97 66
70 14 45 30 78 35 76 56 80 84 35 74 86 98 23 29 27 86 76 60 52 84 26 93 83 19 59 94 57 57 91 65 10 34 44 39 28 45 18 79 80 61 21 18 20 28 42 30 16 64 59 85 15 81 79 39 98 75 22 51 84 80 25 23 48 42 17 27 42 42 83 73 11 91 43 63 30 46 36 59 81 55 44 97 30 75 38 84 34 87 69 63 0 51 86 60 96 90 25 10 15 54 35 28 37 41 20 23 82 89 45 25 26 46 68 70 31 11 78 10 16 12 92 64 60 24 71 60 10 93 88 41 83 31 41 76 55 90 93 68
29 49 17 73 84 33 49 45 98 10 45 98 53 91 19 77 37 21 73 65 20 62 22 52 17 47 48 92 60 34 75 78 82 37 20 65 71 85 25 48 55 80 23 77 74 90 35 79 10 88 59 51 65 55 78 48 89 44 29 65 96 52 45 65 34 47 11 68 74 18 89 23 32 69 88 29 56 65 60 45 26 29 78 11 78 81 86 33 27 88 23 76 51 0 49 91 72 14 83 72 92 24 60 28 71 85 63 22 17 69 73 88 36 48 12 30 44 32 49 98 41 89 55 65 26 35 17 20 56 93 43 22 67 19 35 46 60 25 94 25
52 83 43 54 83 95 90 91 40 61 66 85 51 91 37 25 27 43 59 68 68 88 69 34 77 68 52 49 79 80 47 36 79 58 95 17 61 38 77 80 11 62 85 69 17 37 18 63 66 72 47 21 84 42 69 32 67 81 59 96 86 98 42 93 26 31 77 76 18 15 90 96 84 29 38 22 50 59 47 67 52 91 67 58 49 25 74 50 53 61 64 99 86 49 0 38 97 45 69 67 69 72 96 83 60 30 11 79 76 62 81 72 18 27 23 74 37 80 16 52 29 79 18 28 33 39 37 79 14 35 75 35 60 28 43 84 41 75 43 83
51 77 45 56 90 17 84 30 87 43 40 30 46 76 76 15 14 32 86 76 56 62 40 75 53 81 48 29 56 94 84 23 56 26 32 55 25 35 31 29 28 21 16 25 59 21 72 16 68 43 66 36 72 57 62 99 35 55 63 77 61 13 84 51 41 62 50 21 84 52 34 63 34 88 21 47 27 29 16 30 71 13 95 24 65 44 24 62 86 52 96 15 60 91 38 0 28 11 67 73 10 38 49 96 67 48 50 71 43 30 31 51 13 82 21 33 89 61 87 52 62 29 76 42 97 13 76 94 79 27 38 12 77 70 39 97 44 34 74 76
39 22 72 86 98 98 75 59 47 69 46 81 19 11 95 27 83 51 51 80 51 74 41 72 96 42 75 59 34 53 31 61 64 18 89 40 71 90 18 14 82 33 28 45 75 85 64 38 38 14 68 76 85 16 26 40 69 50 50 56 42 76 82 59 51 83 29 30 34 29 81 53 79 41 10 20 45 44 79 42 78 94 77 98 23 69 50 77 92 20 18 77 96 72 97 28 0 46 41 52 64 88 15 46 89 36 10 32 71 78 54 22 23 12 43 54 93 69 43 69 86 86 56 43 33 38 13 82 23 50 11 63 91 44 24 45 75 31 17 83
21 99 46 48 57 32 32 38 64 60 52 30 54 21 93 91 73 99 30 58 59 16 37 80 81 52 77 74 60 69 58 13 12 83 88 48 46 87 26 38 10 17 91 18 65 97 49 84 60 31 94 62 90 23 73 26 47 37 94 51 72 88 82 53 62 14 93 72 76 19 54 93 53 39 92 30 22 91 80 74 17 35 59 79 11 83 54 16 47 20 58 23 90 14 45 11 46 0 82 55 95 32 45 79 17 87 27 59 80 27 53 54 48 92 45 12 98 89 79 22 29 98 26 39 54 48 58 30 48 53 40 73 18 54 48 57 72 43 38 61
27 11 76 17 81 76 23 43 22 48 34 87 23 89 13 80 45 83 73 30 55 36 15 80 82 99 22 66 58 23 35 48 87 76 60 44 34 33 10 50 16 24 43 50 13 68 32 81 92 95 96 99 35 58 30 21 67 59 12 90 35 65 72 34 18 38 59 48 77 67 56 43 76 53 85 35 36 21 29 26 51 52 33 99 36 47 83 95 39 14 98 50 25 83 69 67 41 82 0 43 90 13 92 93 62 51 69 73 31 91 20 76 64 77 93 31 25 70 11 22 89 77 92 92 24 89 93 65 18 17 96 55 47 14 77 52 27 11 97 94
21 42 76 18 81 81 53 42 87 39 61 69 76 87 81 40 79 32 15 59 98 95 38 56 34 40 59 32 47 98 91 84 92 13 53 46 85 29 59 35 62 55 94 95 36 52 32 79 10 58 19 32 29 96 28 38 20 96 91 20 37 62 30 32 17 69 19 91 46 73 31 57 44 43 29 73 34 88 85 12 48 42 24 30 72 76 24 76 96 66 32 23 10 72 67 73 52 55 43 0 20 20 17 82 48 84 94 23 34 80 64 90 96 65 99 11 85 74 90 99 98 71 28 54 61 93 47 20 63 33 88 26 53 77 43 23 23 70 54 34
20 50 73 25 35 31 18 15 32 17 41 61 75 39 41 63 48 23 87 22 99 77 15 74 27 80 96 39 80 83 67 64 82 74 25 54 51 71 53 73 81 95 31 60 20 38 22 71 69 29 90 19 19 34 55 58 74 44 43 47 28 25 93 24 12 90 91 87 48 64 35 93 24 95 22 88 83 23 98 95 69 51 85 22 66 53 36 28 19 57 43 41 15 92 69 10 64 95 90 20 0 86 13 52 41 66 16 86 17 66 74 74 25 45 86 82 72 40 49 76 16 11 75 30 96 61 87 53 24 16 68 20 49 60 17 25 11 22 74 17
21 28 91 22 36 87 60 56 91 45 94 19 65 27 41 92 89 58 15 55 39 85 41 18 29 63 91 94 52 96 49 44 53 22 56 84 52 25 38 27 53 29 43 27 56 44 17 16 64 86 38 17 38 26 95 62 58 95 89 92 25 36 54 75 16 55 25 57 28 74 62 43 91 98 17 22 52 87 78 99 27 95 69 75 94 61 49 84 26 69 62 78 54 24 72 38 88 32 13 20 86 0 32 43 77 40 28 41 27 74 99 53 18 89 82 95 43 44 98 85 94 88 52 27 54 50 32 55 33 19 23 17 92 20 11 17 46 69 98 20
20 79 78 40 34 28 53 55 83 30 45 28 27 98 49 77 69 66 67 51 50 97 29 43 84 19 38 88 11 52 81 62 95 70 12 88 28 88 54 68 91 62 43 15 13 35 82 15 15 73 16 25 45 56 33 79 83 72 26 95 42 80 24 87 75 77 98 68 66 10 80 62 40 36 45 78 33 41 41 45 49 45 99 44 58 96 56 51 77 12 80 90 35 60 96 49 15 45 92 17 13 32 0 39 25 16 28 73 98 43 90 67 44 31 51 27 73 55 99 43 94 29 99 22 15 75 47 95 93 39 52 23 69 99 58 48 12 54 17 57
40 23 69 33 92 46 41 45 73 50 71 20 64 76 15 40 80 20 40 87 86 54 44 73 32 80 58 60 37 92 19 53 42 71 66 97 50 25 15 40 62 66 91 53 59 42 64 36 30 71 99 21 80 24 65 22 37 51 91 88 89 40 36 95 36 55 89 65 86 14 49 36 37 11 66 28 50 53 18 23 71 69 28 51 61 44 37 27 14 77 62 71 28 28 83 96 46 79 93 82 52 43 39 0 49 74 16 21 95 95 86 11 63 84 44 59 13 27 62 74 70 60 99 53 92 85 44 98 43 28 91 77 97 70 41 43 99 79 23 54
16 29 95 50 81 19 96 98 48 18 79 77 39 86 67 54 86 25 77 41 58 15 70 68 99 85 17 10 17 85 97 33 87 50 56 43 90 53 70 41 77 74 21 21 20 13 60 75 60 97 58 15 10 89 83 49 29 59 57 90 56 68 31 12 97 30 55 27 79 39 51 74 99 52 15 36 19 70 28 13 44 76 19 63 37 23 45 50 63 82 17 70 37 71 60 67 89 17 62 48 41 77 25 49 0 47 86 46 68 22 72 59 61 60 92 36 39 76 77 43 13 43 90 22 57 18 95 87 89 62 22 87 49 34 49 75 24 14 88 26
98 88 55 16 14 16 13 90 44 52 87 25 28 24 34 13 34 78 86 43 46 14 28 78 16 11 58 33 79 20 27 81 22 21 46 92 62 62 62 59 95 68 29 38 97 65 25 86 17 38 25 85 70 23 99 75 89 38 57 13 86 48 48 33 54 24 71 61 87 94 65 31 66 77 38 91 31 51 81 62 96 17 54 91 26 92 43 25 21 19 76 82 41 85 30 48 36 87 51 84 66 40 16 74 47 0 66 33 98 47 20 59 19 15 66 13 27 36 17 60 52 41 47 22 13 58 63 26 33 39 33 51 17 30 76 27 18 86 19 64
79 42 23 56 59 78 64 88 97 50 42 78 94 65 36 78 30 77 73 72 52 76 66 58 12 74 17 84 25 44 35 73 37 52 69 50 73 52 44 62 42 70 25 62 68 50 39 10 24 99 44 56 29 12 21 80 25 52 80 28 35 81 97 76 75 50 35 45 85 17 85 90 34 50 91 36 92 83 11 63 17 74 47 75 42 57 62 68 77 40 32 11 20 63 11 50 10 27 69 94 16 28 28 16 86 66 0 85 27 33 13 62 14 66 64 57 34 97 30 59 31 90 96 89 82 40 78 19 70 79 17 81 29 15 98 99 32 86 36 52
47 54 20 75 20 80 82 22 60 43 63 41 39 96 14 39 49 91 10 94 72 17 92 25 22 79 86 11 83 70 15 96 32 26 32 76 21 43 91 33 10 41 12 76 57 32 62 41 66 44 99 88 17 47 60 27 56 58 57 55 80 63 35 56 60 14 19 68 95 30 70 53 39 93 69 94 62 80 20 32 32 35 47 52 92 95 93 96 69 22 88 41 23 22 79 71 32 59 73 23 86 41 73 21 46 33 85 0 81 84 60 92 61 46 51 91 23 81 12 95 49 34 25 43 28 81 83 11 79 89 27 75 53 73 74 96 84 93 93 60
92 67 32 26 75 40 59 89 84 13 60 23 62 35 24 26 12 36 51 23 12 17 24 46 50 27 40 56 33 16 60 97 88 39 66 10 15 39 93 78 91 28 34 77 92 66 37 50 68 32 83 95 65 11 35 64 77 35 13 50 14 69 20 18 24 51 33 97 89 98 54 25 95 52 47 32 97 28 17 56 20 25 25 31 79 76 59 60 15 10 51 18 82 17 76 43 71 80 31 34 17 27 98 95 68 98 27 81 0 92 38 33 87 73 86 46 77 59 33 48 74 28 41 17 14 39 20 31 88 49 33 12 96 99 10 85 70 66 61 25
29 79 61 37 88 32 63 80 80 47 82 88 56 48 55 78 94 36 23 89 74 69 57 76 67 37 97 59 98 19 53 53 40 39 34 44 33 65 30 49 53 59 24 49 38 86 88 66 99 29 12 37 96 96 48 21 33 53 43 94 59 15 30 15 45 27 12 83 19 80 28 58 88 65 88 97 52 33 51 35 88 50 56 37 35 46 65 66 27 79 44 69 89 69 62 30 78 27 91 80 66 74 43 95 22 47 33 84 92 0 83 41 88 64 65 68 48 50 27 76 59 70 41 62 38 31 27 29 38 69 14 44 38 56 82 63 78 61 13 20
59 34 70 28 60 16 81 94 14 81 96 51 91 18 56 90 58 26 18 44 29 19 38 31 35 52 86 32 95 37 84 82 20 26 16 42 39 25 11 42 93 95 12 77 80 36 29 47 53 37 83 45 43 27 97 40 28 49 19 41 32 10 91 65 50 89 72 50 46 71 88 71 98 99 12 88 85 78 86 64 78 38 70 43 54 95 65 49 10 88 63 43 45 73 81 31 54 53 20 64 74 99 90 86 72 20 13 60 38 83 0 16 75 79 75 15 38 13 70 25 36 66 54 21 40 71 21 98 92 68 71 74 10 33 40 44 38 17 52 73
86 28 53 18 19 71 70 88 85 77 78 10 32 79 54 29 84 65 90 40 67 20 20 74 35 40 15 60 33 73 52 96 72 15 91 96 97 20 21 11 69 12 30 62 16 63 85 39 35 65 38 20 81 98 37 30 46 57 16 75 77 62 11 92 44 36 32 96 99 43 49 78 59 52 31 92 94 42 29 59 55 69 11 76 57 45 96 85 34 15 25 92 25 88 72 51 22 54 76 90 74 53 67 11 59 59 62 92 33 41 16 0 69 88 52 36 42 23 43 75 14 22 27 68 23 60 62 30 24 40 61 81 17 27 82 82 93 32 15 62
34 34 88 17 29 59 40 86 55 41 67 78 18 40 79 74 62 23 69 42 89 61 36 88 20 48 50 55 51 87 37 93 29 89 83 12 98 77 37 83 57 77 69 55 22 24 80 73 80 99 61 56 32 18 96 61 19 47 71 80 94 95 44 19 53 31 33 78 34 71 59 41 88 92 93 28 35 35 51 53 19 73 38 77 77 36 70 22 84 82 45 99 26 36 18 13 23 48 64 96 25 18 44 63 61 19 14 61 87 88 75 69 0 91 43 31 47 83 50 34 44 93 70 33 82 77 66 11 19 76 72 16 45 75 47 45 65 73 72 78
71 71 47 91 88 54 11 80 69 43 83 70 56 82 42 41 12 27 29 52 72 71 83 37 79 62 61 51 99 84 78 83 18 26 41 25 99 43 76 26 79 25 59 90 59 70 99 92 86 79 92 88 57 49 74 47 66 15 32 60 17 91 29 54 96 48 33 93 49 41 86 87 82 44 88 70 59 19 51 90 52 80 98 94 63 41 11 62 36 44 59 98 46 48 27 82 12 92 77 65 45 89 31 84 60 15 66 46 73 64 79 88 91 0 25 58 62 49 33 84 54 18 25 49 55 17 85 13 38 11 14 19 25 41 54 48 12 38 87 83
12 40 94 83 65 54 62 63 50 88 47 67 44 78 85 26 92 26 47 89 27 31 54 58 94 77 83 81 97 46 65 22 77 96 21 17 94 43 43 51 31 96 93 86 45 70 19 48 86 26 78 11 59 11 58 20 47 96 42 72 21 19 55 81 66 86 27 84 85 21 36 22 61 21 37 84 61 99 10 35 76 97 35 63 62 68 99 12 91 55 21 22 68 12 23 21 43 45 93 99 86 82 51 44 92 66 64 51 86 65 75 52 43 25 0 15 28 43 55 68 32 83 82 29 23 54 59 61 15 34 33 59 56 45 63 71 79 71 55 99
44 48 42 55 61 90 28 84 44 63 77 47 60 17 92 92 21 71 23 80 28 61 59 51 18 92 79 30 59 64 92 28 30 13 25 37 80 72 32 52 93 70 15 88 67 24 32 31 27 56 32 25 42 85 30 93 94 68 32 98 91 40 35 62 57 86 69 20 89 12 49 12 27 17 42 25 75 79 82 77 97 68 47 43 67 88 58 30 86 62 70 58 70 30 74 33 54 12 31 11 82 95 27 59 36 13 57 91 46 68 15 36 31 58 15 0 44 89 36 59 85 91 92 96 78 97 35 96 75 79 13 31 32 91 73 60 16 58 18 92
90 69 27 54 12 77 88 69 86 96 18 57 53 14 28 75 60 88 29 49 74 67 16 24 94 94 53 93 88 14 76 23 88 76 61 13 86 88 68 91 92 46 28 26 80 77 31 42 98 71 98 23 81 54 91 60 77 79 62 66 15 57 11 39 37 79 75 85 11 44 47 65 14 61 99 19 23 42 80 35 27 51 25 66 40 62 74 34 70 34 20 22 31 44 37 89 93 98 25 85 72 43 73 13 39 27 34 23 77 48 38 42 47 62 28 44 0 43 50 44 91 52 69 12 18 70 89 30 46 48 82 55 39 94 85 13 72 69 34 15
69 79 90 79 12 96 88 94 24 29 77 57 72 97 53 92 94 97 62 47 93 76 72 22 43 82 78 50 43 51 98 47 68 82 11 16 39 72 48 55 72 75 29 63 51 64 56 87 91 36 60 31 93 76 13 49 65 86 88 97 38 52 44 76 34 81 18 86 41 34 55 60 79 76 87 52 42 87 22 19 36 43 66 93 21 78 17 52 37 45 37 19 11 32 80 61 69 89 70 74 40 44 55 27 76 36 97 81 59 50 13 23 83 49 43 89 43 0 91 96 53 81 46 66 71 25 18 80 55 58 80 83 10 70 71 64 19 27 83 14
43 28 98 70 37 91 63 20 74 77 82 18 11 54 80 76 86 78 77 52 24 39 22 62 91 67 35 30 43 39 41 62 26 66 29 72 54 26 30 49 62 10 75 63 50 63 45 26 73 89 89 58 50 81 14 40 38 28 78 26 69 54 13 30 32 14 24 83 99 53 42 92 21 85 94 16 76 14 32 46 33 25 22 42 49 55 24 17 38 95 78 79 78 49 16 87 43 79 11 90 49 98 99 62 77 17 30 12 33 27 70 43 50 33 55 36 50 91 0 37 31 53 65 31 89 75 61 83 80 53 85 77 29 83 37 37 20 37 36 25
30 91 76 12 82 47 76 13 20 94 30 75 12 62 87 47 19 51 15 29 25 77 25 65 35 54 89 61 90 33 52 45 63 12 49 44 80 27 62 57 93 37 40 93 21 38 45 35 44 21 18 39 72 44 22 10 28 68 15 78 73 74 52 54 94 38 71 45 26 24 28 89 19 15 33 21 17 91 98 80 24 93 76 78 62 83 53 23 32 77 54 12 10 98 52 52 69 22 22 99 76 85 43 74 43 60 59 95 48 76 25 75 34 84 68 59 44 96 37 0 69 86 23 75 70 12 72 84 72 34 16 18 96 80 12 36 54 41 33 47
93 42 73 35 30 73 23 95 21 20 84 38 98 67 88 38 51 58 10 84 80 15 93 27 25 31 68 23 36 74 99 84 17 69 95 44 46 48 92 32 45 64 32 58 38 67 77 28 47 84 93 97 56 14 44 52 96 81 25 87 71 42 31 84 92 75 48 63 33 30 29 54 84 44 45 16 70 97 74 77 84 94 20 95 36 94 89 39 31 39 77 56 16 41 29 62 86 29 89 98 16 94 94 70 13 52 31 49 74 59 36 14 44 54 32 85 91 53 31 69 0 49 85 34 92 46 20 75 74 94 67 28 49 68 12 55 19 24 84 53
51 54 44 67 80 67 79 70 17 62 30 14 95 63 40 91 30 74 26 22 41 68 10 41 59 54 55 74 50 37 52 14 40 52 77 82 97 62 99 30 92 49 91 48 96 50 11 11 97 87 80 15 45 11 34 35 61 89 34 14 94 49 26 11 57 30 34 17 72 17 96 46 38 62 57 81 53 51 53 87 15 12 36 49 34 27 86 56 78 96 37 27 12 89 79 29 86 98 77 71 11 88 29 60 43 41 90 34 28 70 66 22 93 18 83 91 52 81 53 86 49 0 78 94 77 73 53 63 19 60 71 27 92 67 53 22 21 92 98 59
43 28 45 91 93 58 55 14 45 22 28 80 33 52 39 37 49 61 36 14 30 13 31 21 82 92 85 13 94 89 18 12 18 31 15 82 54 79 32 44 14 48 63 25 31 12 88 42 75 90 38 55 48 26 32 16 42 69 84 22 81 24 26 33 12 47 37 97 86 30 44 81 19 98 72 74 40 29 85 53 72 81 71 46 87 62 82 24 32 64 26 23 92 55 18 76 56 26 92 28 75 52 99 99 90 47 96 25 41 41 54 27 70 25 82 92 69 46 65 23 85 78 0 68 40 51 31 86 79 22 64 31 69 20 60 48 97 78 88 70
21 49 83 41 24 21 45 13 39 85 52 39 69 18 71 19 87 84 91 29 47 84 42 98 74 24 18 18 32 11 39 28 31 60 63 66 56 52 20 79 82 75 81 58 73 11 64 82 94 49 42 84 77 49 62 53 74 82 24 57 70 28 17 89 75 72 40 62 81 94 96 82 35 59 10 12 16 88 19 88 90 38 78 74 90 82 29 82 90 98 48 72 64 65 28 42 43 39 92 54 30 27 22 53 22 22 89 43 17 62 21 68 33 49 29 96 12 66 31 75 34 94 68 0 36 76 91 33 35 65 32 21 27 43 76 34 58 74 73 48
38 35 84 70 28 60 80 23 97 47 35 77 95 22 38 51 17 17 19 93 49 69 68 44 78 10 19 46 72 17 18 95 25 75 95 75 79 22 88 96 43 44 48 41 37 92 41 16 35 73 69 30 26 65 83 21 45 38 42 21 25 67 91 69 93 64 80 92 82 76 19 17 14 81 67 34 83 89 96 96 63 92 27 81 47 67 92 70 49 81 94 85 60 26 33 97 33 54 24 61 96 54 15 92 57 13 82 28 14 38 40 23 82 55 23 78 18 71 89 70 92 77 40 36 0 37 19 22 45 94 71 26 98 51 97 26 25 17 40 52
50 28 17 35 50 15 62 24 66 27 82 47 32 67 63 97 63 44 81 91 30 28 67 90 29 79 34 79 72 24 15 79 65 80 94 60 17 37 35 49 77 92 14 46 52 51 69 55 55 46 18 32 87 42 96 84 99 33 28 88 34 53 98 90 41 94 95 73 70 22 45 11 10 45 33 21 52 68 15 66 24 22 63 41 21 84 98 13 95 69 83 70 24 35 39 13 38 48 89 93 61 50 75 85 18 58 40 81 39 31 71 60 77 17 54 97 70 25 75 12 46 73 51 76 37 0 20 88 19 33 78 13 37 19 96 58 69 90 82 63
61 69 90 91 86 42 50 31 77 62 92 67 65 32 27 39 33 12 32 33 75 79 79 30 11 73 87 17 28 70 54 50 23 25 20 57 16 21 86 48 39 41 25 70 45 65 55 92 45 51 23 46 69 30 70 37 99 67 48 88 78 35 98 57 99 74 23 79 64 22 82 88 85 18 77 93 90 65 77 11 42 37 84 42 21 13 87 15 60 10 66 59 71 17 37 76 13 58 93 47 87 32 47 44 95 63 78 83 20 27 21 62 66 85 59 35 89 18 61 72 20 53 31 91 19 20 0 54 18 41 49 75 62 23 29 53 47 85 85 93
67 28 98 67 26 47 68 55 43 59 26 44 81 12 80 88 83 76 33 63 98 43 28 96 60 53 76 25 32 23 17 47 78 41 55 85 86 69 21 41 19 93 21 78 52 25 62 16 95 26 98 77 99 62 87 25 23 18 54 39 33 63 96 97 40 29 28 93 43 56 56 31 26 91 44 30 76 38 82 57 74 18 54 67 34 35 55 64 62 43 45 48 60 20 79 94 82 30 65 20 53 55 95 98 87 26 19 11 31 29 98 30 11 13 61 96 30 80 83 84 75 63 86 33 22 88 54 0 73 82 62 61 70 46 22 38 79 37 91 20
78 33 95 93 38 76 64 81 50 48 14 44 96 70 39 81 60 26 75 87 69 28 46 89 86 42 75 86 68 83 16 10 99 85 45 15 16 25 78 79 30 37 10 32 75 95 28 10 98 83 48 19 98 67 28 88 43 95 25 49 12 53 53 88 18 74 92 34 41 20 18 45 46 11 56 54 81 86 66 29 73 53 73 51 48 24 40 64 50 28 34 13 10 56 14 79 23 48 18 63 24 33 93 43 89 33 70 79 88 38 92 24 19 38 15 75 46 55 80 72 74 19 79 35 45 19 18 73 0 30 70 21 93 34 44 19 76 46 26 67
95 50 85 87 80 67 42 87 82 85 72 90 22 17 41 46 94 92 57 55 90 41 81 96 82 38 31 39 16 32 10 80 74 91 80 68 64 86 66 72 18 66 63 29 41 16 14 53 76 88 59 10 44 60 32 99 22 87 84 37 42 65 92 93 68 85 24 86 32 90 80 56 21 94 96 86 98 45 66 34 35 83 10 13 87 60 33 47 14 46 64 73 93 93 35 27 50 53 17 33 16 19 39 28 62 39 79 89 49 69 68 40 76 11 34 79 48 58 53 34 94 60 22 65 94 33 41 82 30 0 60 18 56 33 63 24 97 63 20 48
31 29 17 93 45 18 96 17 52 99 97 98 68 68 32 56 65 60 36 95 58 37 10 54 70 73 39 37 83 12 23 74 84 81 87 77 49 69 84 27 17 77 71 74 73 36 90 59 98 13 92 77 29 78 12 43 48 46 41 84 18 33 63 17 10 33 92 10 98 57 12 41 52 59 32 48 77 28 42 48 43 70 37 64 54 55 81 96 48 73 49 67 88 43 75 38 11 40 96 88 68 23 52 91 22 33 17 27 33 14 71 61 72 14 33 13 82 80 85 16 67 71 64 32 71 78 49 62 70 60 0 13 45 41 83 22 54 63 91 32
71 31 95 49 17 91 69 58 94 21 55 97 51 98 69 49 69 70 36 86 58 18 39 59 88 71 26 23 44 64 99 44 68 75 99 48 99 13 90 78 22 51 33 23 40 15 87 60 25 25 92 81 63 18 29 52 29 70 57 94 61 38 27 90 29 31 41 75 57 41 15 58 97 62 28 16 97 48 98 41 33 20 91 15 76 20 85 45 51 53 27 56 41 22 35 12 63 73 55 26 20 17 23 77 87 51 81 75 12 44 74 81 16 19 59 31 55 83 77 18 28 27 31 21 26 13 75 61 21 18 13 0 48 51 93 78 79 60 13 99
57 97 34 11 99 45 47 93 89 19 61 41 56 86 72 89 27 61 90 19 49 32 63 87 82 53 80 59 60 22 96 84 42 55 56 13 47 64 20 56 31 53 20 48 91 69 47 92 31 59 35 28 46 66 60 51 52 84 97 74 25 27 29 75 97 68 62 80 29 18 83 13 79 13 67 60 38 99 35 41 73 77 38 37 84 40 88 31 37 20 60 49 83 67 60 77 91 18 47 53 49 92 69 97 49 17 29 53 96 38 10 17 45 25 56 32 39 10 29 96 49 92 69 27 98 37 62 70 93 56 45 48 0 12 74 60 96 15 36 75
12 14 18 52 31 69 84 13 64 91 94 49 28 21 19 77 19 62 50 79 77 27 26 78 98 16 16 73 54 32 39 53 76 24 82 86 11 10 23 84 85 36 30 23 63 21 77 57 23 54 95 51 95 10 77 84 14 57 86 91 82 13 26 20 65 10 89 29 51 92 55 22 95 43 39 95 87 33 34 74 76 86 27 23 80 75 48 49 56 41 80 97 31 19 28 70 44 54 14 77 60 20 99 70 34 30 15 73 99 56 33 27 75 41 45 91 94 70 83 80 68 67 20 43 51 19 23 46 34 33 41 51 12 0 17 22 80 85 97 42
56 69 32 38 21 62 94 34 90 59 71 79 39 11 45 10 95 87 10 57 64 86 21 47 64 61 31 31 58 30 59 92 36 86 21 63 90 86 99 71 91 31 49 23 35 98 92 52 74 30 61 41 51 89 65 93 20 99 65 79 61 72 30 76 27 70 30 16 31 89 41 92 13 28 72 30 61 21 77 21 69 38 51 69 56 48 90 89 20 20 16 46 41 35 43 39 24 48 77 43 17 11 58 41 49 76 98 74 10 82 40 82 47 54 63 73 85 71 37 12 12 53 60 76 97 96 29 22 44 63 83 93 74 17 0 23 15 47 41 66
32 78 33 56 63 56 17 86 53 87 93 95 50 23 96 86 47 57 72 44 27 64 50 56 65 46 65 47 31 25 32 54 90 70 24 47 69 52 74 46 95 16 22 61 46 82 95 34 48 69 65 86 19 59 94 13 39 66 23 42 41 82 67 23 43 49 99 87 10 36 85 19 86 80 55 34 87 81 47 75 16 79 51 62 97 41 34 38 22 73 65 49 76 46 84 97 45 57 52 23 25 17 48 43 75 27 99 96 85 63 44 82 45 48 71 60 13 64 37 36 55 22 48 34 26 58 53 38 19 24 22 78 60 22 23 0 60 82 89 75
29 95 95 12 46 41 46 36 85 52 94 85 69 89 43 39 40 23 87 18 92 61 35 17 31 76 80 27 23 67 85 25 36 42 60 70 70 48 74 35 21 33 20 55 62 77 25 91 10 16 90 95 37 55 87 10 93 77 39 95 69 27 58 42 42 37 51 96 82 56 29 76 84 72 68 57 42 34 26 44 81 39 98 56 10 24 13 16 86 76 82 18 55 60 41 44 75 72 27 23 11 46 12 99 24 18 32 84 70 78 38 93 65 12 79 16 72 19 20 54 19 21 97 58 25 69 47 79 76 97 54 79 96 80 15 60 0 78 32 29
53 27 29 63 28 90 25 38 49 32 94 78 20 43 87 91 63 11 76 60 11 82 77 44 34 60 49 62 43 40 34 29 54 79 70 47 26 10 25 41 62 35 18 44 98 73 86 27 35 45 16 83 25 84 97 41 93 33 33 42 93 34 53 25 35 31 10 21 61 31 77 88 63 37 62 50 93 60 17 59 42 88 34 22 29 51 79 98 44 77 79 82 90 25 75 34 31 43 11 70 22 69 54 79 14 86 86 93 66 61 17 32 73 38 71 58 69 27 37 41 24 92 78 74 17 90 85 37 46 63 63 60 15 85 47 82 78 0 82 86
84 41 76 11 47 29 37 55 44 12 55 39 15 38 24 45 35 49 17 38 78 28 57 35 49 80 24 50 43 10 37 60 15 14 43 37 70 51 20 94 66 57 66 60 36 99 88 20 62 87 68 49 69 29 10 14 97 55 53 34 36 15 87 32 32 19 49 15 51 76 30 80 22 89 16 67 86 34 83 31 78 26 74 12 91 12 14 16 11 62 70 97 93 94 43 74 17 38 97 54 74 98 17 23 88 19 36 93 61 13 52 15 72 87 55 18 34 83 36 33 84 98 88 73 40 82 85 91 26 20 91 13 36 97 41 89 32 82 0 62
32 67 87 61 63 60 58 37 50 77 82 64 63 90 59 15 83 37 15 15 91 69 21 57 67 91 18 58 94 54 51 37 61 51 10 83 23 87 93 91 45 76 60 48 91 96 71 24 56 87 89 43 84 68 25 38 74 13 56 47 70 99 82 82 65 92 17 95 40 57 85 47 33 92 35 98 74 99 29 40 51 54 78 57 90 17 31 52 99 80 36 66 68 25 83 76 83 61 94 34 17 20 57 54 26 64 52 60 25 20 73 62 78 83 99 92 15 14 25 47 53 59 70 48 52 63 93 20 67 48 32 99 75 42 66 75 29 86 62 0