150
0 26 81 10 62 59 97 27 26 30 33 26 90 38 89 54 33 58 60 93 78 65 10 50 50 49 73 24 81 49 79 92 29 35 85 89 31 26 51 12 30 78 89 27 45 42 17 72 96 15 71 18 43 16 33 78 95 93 54 62 10 87 93 62 61 14 55 15 26 70 57 34 37 90 50 61 14 29 71 45 54 40 84 61 17 77 35 37 36 63 38 37 17 45 33 90 25 36 24 46 57 70 81 31 65 96 70 66 54 70 99 48 60 96 57 26 72 44 93 31 28 20 84 10 63 16 32 98 67 60 83 63 24 79 66 46 51 40 44 10 31 73 65 73 24 67 96 32 69 41
26 0 81 49 85 24 95 23 16 82 92 23 80 12 50 50 57 43 74 54 55 67 70 71 63 42 32 69 27 78 76 32 30 86 35 20 77 58 14 59 73 60 53 48 13 46 79 12 39 38 99 99 85 78 43 68 93 64 32 30 84 26 13 41 97 13 80 60 43 13 25 28 26 66 92 66 27 61 66 43 81 83 99 37 16 10 24 25 32 85 40 54 89 71 24 11 80 48 95 45 92 49 90 94 59 35 47 23 59 89 24 68 71 44 27 66 50 47 56 59 82 89 91 83 66 66 35 37 72 62 83 95 82 56 46 74 42 91 35 67 50 81 69 29 75 15 28 57 27 14
81 81 0 78 64 29 64 49 53 14 18 52 43 98 96 73 76 10 49 54 21 86 34 21 78 55 40 67 93 47 10 23 47 45 51 80 45 95 69 37 95 91 50 21 55 74 80 35 35 36 31 61 71 58 16 35 27 40 94 31 55 68 25 77 84 61 45 95 17 12 52 94 22 12 92 37 30 82 98 78 89 77 74 18 46 25 99 88 27 30 87 56 96 60 56 70 16 35 46 41 98 23 22 66 65 13 14 61 55 67 65 96 23 70 25 93 89 11 32 84 29 52 93 31 73 39 27 46 37 54 94 89 22 80 62 58 58 56 49 85 62 50 88 51 30 34 41 38 32 25
10 49 78 0 29 59 19 43 70 70 15 54 29 62 39 78 12 60 65 28 40 71 66 68 78 38 55 95 16 66 89 80 55 71 87 13 41 12 39 21 24 94 51 31 94 25 32 32 13 84 69 40 78 64 37 91 59 75 15 95 27 41 69 82 57 62 12 93 74 85 82 79 86 16 23 44 74 13 87 54 72 44 39 78 70 90 10 47 98 36 14 30 29 11 55 54 52 73 74 70 42 87 81 38 69 17 66 76 32 12 19 47 77 52 41 70 46 28 98 91 26 42 88 48 48 19 76 73 49 61 14 77 58 12 97 52 89 19 27 25 92 50 41 27 99 63 29 99 58 89
62 85 64 29 0 69 39 73 44 33 85 46 69 72 79 90 22 53 98 15 98 10 13 42 40 41 53 49 18 14 74 76 25 61 24 72 72 35 71 27 76 46 10 66 91 17 81 67 99 78 96 24 89 16 99 92 38 56 18 73 61 98 95 97 21 91 42 12 49 84 10 60 70 43 94 52 99 53 51 51 36 19 40 62 18 34 84 59 53 29 46 60 76 63 82 68 88 92 75 39 45 50 50 88 17 46 18 40 56 62 43 71 25 82 73 48 83 69 69 52 24 57 84 24 92 54 24 94 40 14 88 83 63 62 57 85 74 82 65 47 35 93 89 63 66 88 36 22 28 98
59 24 29 59 69 0 38 29 19 11 16 63 95 32 64 66 89 52 63 86 25 63 97 69 99 18 56 62 82 16 97 55 92 66 72 92 48 22 80 54 14 66 34 87 27 69 97 47 87 46 91 42 79 37 84 26 56 52 54 57 10 54 58 41 21 85 98 61 31 64 51 69 12 97 67 73 30 81 71 70 70 41 71 74 12 98 59 80 38 26 72 44 56 33 88 69 98 12 64 27 71 39 75 77 26 41 54 70 16 20 65 51 17 95 55 66 72 67 77 43 20 92 50 51 94 30 18 68 34 98 98 49 20 74 44 64 94 97 38 15 92 85 58 20 45 79 31 64 82 56
97 95 64 19 39 38 0 82 92 84 55 85 91 62 64 21 72 39 22 57 57 28 55 76 97 24 73 53 48 83 54 66 10 12 33 76 20 93 82 49 34 49 65 80 63 29 19 19 24 38 30 26 80 87 48 44 15 72 69 26 63 84 41 70 28 26 37 70 15 84 34 96 95 93 39 91 56 64 26 80 36 27 75 72 39 45 50 81 26 81 84 22 11 87 85 27 39 70 27 41 12 17 76 26 88 52 32 55 87 61 42 54 26 37 86 37 51 47 35 31 29 44 53 47 24 39 91 86 37 38 65 64 91 64 99 65 27 34 69 77 14 42 16 22 62 26 38 49 93 24
27 23 49 43 73 29 82 0 55 89 69 11 58 39 79 11 13 82 48 87 97 71 63 20 67 15 69 39 42 61 47 89 64 21 31 94 98 92 24 10 88 54 24 31 87 95 68 78 78 37 72 76 84 41 16 46 80 48 52 63 49 87 83 46 91 17 67 91 50 96 53 70 14 12 64 95 94 69 52 70 13 98 51 50 58 79 49 70 17 78 43 30 56 93 84 17 79 52 86 39 38 44 39 28 62 33 92 60 54 72 76 91 67 57 46 21 15 27 53 40 78 94 81 53 19 65 15 83 76 81 78 71 17 68 61 38 23 51 24 67 41 16 87 16 36 92 79 32 57 67
26 16 53 70 44 19 92 55 0 90 30 40 66 43 65 38 63 52 61 23 75 32 10 11 79 91 45 44 39 22 21 74 79 41 86 12 61 93 82 97 49 49 44 32 35 11 16 17 71 28 79 57 30 84 54 89 98 95 69 68 63 19 25 63 35 22 25 30 74 33 19 87 19 10 13 89 75 80 93 55 35 43 46 30 15 62 97 65 17 24 36 66 14 61 50 79 49 13 12 67 79 37 11 97 44 31 81 94 91 85 82 91 90 91 50 81 59 81 91 98 32 38 72 70 29 68 33 64 30 10 27 49 74 13 88 83 99 37 44 81 72 34 23 92 89 93 33 16 50 86
30 82 14 70 33 11 84 89 90 0 76 25 28 24 29 35 39 27 39 87 56 63 48 50 25 78 77 13 40 65 22 28 94 85 10 66 68 47 74 64 17 85 54 38 38 18 56 70 46 85 74 67 90 50 75 70 41 61 58 28 32 90 86 99 47 58 88 69 62 68 25 95 49 19 68 44 42 37 87 30 60 35 45 36 89 32 15 85 83 82 41 43 23 91 59 87 47 34 18 13 51 19 39 68 21 81 34 36 98 75 20 99 58 22 47 91 59 66 80 41 70 55 94 46 98 58 23 35 49 73 28 91 52 72 88 63 75 30 82 29 48 88 21 57 22 84 87 99 29 73
33 92 18 15 85 16 55 69 30 76 0 11 23 55 65 67 47 26 41 65 66 33 50 88 52 16 49 45 99 99 93 82 82 42 75 53 40 17 91 18 27 77 35 60 85 15 87 54 99 78 93 51 38 34 37 24 40 49 72 76 56 64 36 76 38 67 48 32 72 95 78 52 97 34 40 38 15 11 73 41 86 81 95 83 86 14 37 62 50 21 99 95 39 98 46 93 64 11 12 74 25 45 45 81 71 66 30 22 92 80 72 82 50 80 35 92 59 83 50 14 40 91 51 81 87 54 78 21 40 28 54 32 11 80 20 38 57 89 93 72 37 66 89 55 90 74 43 53 47 41
26 23 52 54 46 63 85 11 40 25 11 0 64 75 86 86 48 22 28 46 20 46 60 95 43 11 59 31 29 25 34 57 55 36 91 19 86 70 45 56 13 99 24 39 19 96 84 52 82 41 19 58 29 45 54 94 98 87 58 62 37 75 51 58 40 52 25 28 33 77 72 23 10 76 57 71 32 47 40 62 61 46 87 66 31 40 23 98 49 71 11 37 83 48 14 98 55 39 86 44 93 28 83 32 31 96 83 59 21 37 15 87 44 20 83 46 25 68 79 77 61 99 60 41 87 99 35 76 69 91 32 13 35 14 12 16 95 75 39 93 38 83 74 82 91 22 95 81 66 57
90 80 43 29 69 95 91 58 66 28 23 64 0 11 89 13 86 96 84 13 32 81 76 35 27 33 62 44 63 71 52 21 38 68 84 53 92 33 15 40 28 29 61 54 95 31 58 67 61 40 51 12 63 12 64 92 28 82 25 80 73 52 97 48 60 38 18 57 80 87 61 34 75 18 73 39 90 10 68 45 59 14 68 42 92 45 80 95 48 61 28 92 76 35 12 20 41 45 28 65 33 59 72 15 71 39 92 28 42 88 66 39 26 74 47 86 73 38 90 14 80 78 90 19 26 41 61 46 16 94 90 58 45 68 50 52 16 57 55 40 77 68 56 92 20 46 13 47 44 76
38 12 98 62 72 32 62 39 43 24 55 75 11 0 52 32 67 83 19 51 14 76 54 65 18 69 76 60 37 24 80 89 31 68 91 56 68 82 55 70 62 27 36 99 57 90 39 76 48 26 13 51 69 18 25 87 39 90 40 26 50 28 84 64 46 46 20 74 60 88 74 52 22 16 24 38 24 53 71 34 52 61 19 53 41 37 20 49 80 64 24 76 78 80 37 42 62 19 66 52 46 75 66 43 23 36 90 81 85 98 69 73 34 12 78 32 33 90 10 62 69 87 17 69 72 59 86 11 58 36 62 28 54 64 35 59 19 95 86 53 34 91 80 76 64 86 98 44 96 17
89 50 96 39 79 64 64 79 65 29 65 86 89 52 0 96 80 68 97 45 19 41 86 85 31 73 36 32 97 49 93 85 95 28 90 95 74 18 80 61 64 17 53 15 66 19 92 91 63 69 42 31 16 33 37 68 51 72 34 14 66 89 48 75 64 30 27 34 37 40 88 59 58 38 80 80 16 68 16 20 14 23 45 70 91 51 63 62 25 54 36 98 13 75 54 17 12 72 65 72 82 70 75 87 52 71 70 20 27 82 84 22 87 12 41 13 97 80 32 80 64 41 10 50 18 67 61 86 67 44 64 36 56 11 96 63 33 20 97 57 75 22 75 33 33 97 32 49 31 85
54 50 73 78 90 66 21 11 38 35 67 86 13 32 96 0 18 12 12 60 40 50 17 13 37 52 78 82 95 85 23 24 75 96 26 15 72 29 65 18 35 32 54 76 88 18 30 74 31 90 99 30 30 61 48 55 68 36 61 31 19 83 16 62 73 88 92 12 40 20 84 56 44 25 10 30 57 92 91 17 32 98 78 45 59 65 78 54 95 59 33 57 30 58 97 46 63 56 10 32 38 47 64 92 31 87 14 22 25 22 80 83 79 49 62 57 72 41 62 50 12 58 18 59 39 83 33 74 34 22 81 90 83 74 54 54 37 99 20 25 24 71 85 18 95 55 78 14 16 31
33 57 76 12 22 89 72 13 63 39 47 48 86 67 80 18 0 10 69 33 92 60 37 54 56 87 58 87 93 17 14 10 47 50 71 26 92 18 64 47 86 66 11 66 75 88 73 43 30 70 85 49 64 19 11 79 74 86 66 70 93 25 83 88 23 44 77 19 29 37 79 37 76 14 56 38 79 44 23 70 40 87 52 82 60 45 29 11 94 27 73 76 70 27 97 11 13 88 41 92 77 90 81 38 27 95 86 30 36 56 85 66 60 61 12 17 40 91 52 53 65 47 16 50 79 52 39 38 82 13 28 42 98 86 32 66 59 86 48 80 65 10 16 87 26 26 94 50 54 32
58 43 10 60 53 52 39 82 52 27 26 22 96 83 68 12 10 0 56 39 20 91 35 20 44 69 56 21 41 65 80 95 43 34 62 71 87 87 92 12 50 34 31 60 98 42 94 14 63 88 22 58 28 63 57 97 24 12 30 92 37 80 35 99 10 43 21 98 15 15 41 37 49 88 87 43 10 34 78 36 76 81 29 57 19 43 63 25 34 80 24 99 87 77 89 67 12 13 37 50 68 82 46 33 18 25 30 72 39 47 54 94 98 31 89 49 22 81 84 74 49 91 24 40 74 21 83 34 79 28 17 78 16 71 19 14 32 17 33 29 13 15 94 43 61 25 35 85 18 60
60 74 49 65 98 63 22 48 61 39 41 28 84 19 97 12 69 56 0 89 59 77 30 52 89 45 24 52 92 99 32 52 38 14 47 27 34 76 69 38 39 39 13 11 29 71 77 22 35 52 98 13 88 39 51 24 58 55 49 91 80 28 31 84 31 23 93 72 96 17 77 33 86 10 23 77 78 75 18 80 52 36 46 97 26 48 84 28 79 23 98 57 97 75 73 61 14 26 64 98 26 53 64 13 68 80 50 11 36 45 78 66 20 19 99 99 37 11 65 49 61 22 37 92 47 91 17 67 46 65 85 29 94 93 19 13 56 32 54 58 93 77 39 65 32 49 44 82 22 16
93 54 54 28 15 86 57 87 23 87 65 46 13 51 45 60 33 39 89 0 94 49 79 85 68 30 76 13 27 20 83 97 30 44 32 55 72 85 14 89 66 69 52 93 50 41 36 59 68 49 67 55 28 60 89 45 96 36 31 97 64 87 12 68 38 24 77 79 20 81 16 99 46 10 80 82 19 96 59 88 49 26 87 76 91 56 62 77 93 77 13 20 56 75 83 92 13 27 16 93 69 48 44 39 78 21 72 27 37 97 97 16 86 82 75 20 39 66 73 27 22 50 56 21 13 83 98 18 81 90 83 55 88 98 20 69 39 27 36 50 65 89 46 17 20 28 48 34 14 52
78 55 21 40 98 25 57 97 75 56 66 20 32 14 19 40 92 20 59 94 0 44 48 59 30 98 37 18 28 54 22 87 14 55 27 66 23 27 89 41 68 88 53 43 90 51 50 28 87 84 81 76 48 29 86 72 40 27 76 60 76 64 68 73 20 54 84 97 26 96 58 40 74 68 48 33 18 73 31 83 11 14 60 32 61 21 90 11 40 34 99 99 20 91 26 53 54 64 23 46 33 87 36 87 44 63 44 17 68 57 32 26 65 36 14 59 68 98 87 24 13 50 19 74 26 60 70 94 87 31 73 52 42 33 30 12 12 82 76 55 93 77 36 35 14 73 87 76 62 80
65 67 86 71 10 63 28 71 32 63 33 46 81 76 41 50 60 91 77 49 44 0 55 73 76 65 89 77 90 69 36 28 11 95 15 77 59 67 86 86 20 94 34 58 39 23 76 50 75 98 42 84 44 34 79 37 68 53 15 11 27 77 80 82 86 44 25 49 22 62 95 49 58 91 39 53 79 38 67 79 35 99 12 89 75 42 70 93 21 52 64 48 85 61 25 79 83 82 29 13 11 73 58 72 60 68 97 40 80 10 10 76 25 32 14 70 33 74 97 58 83 96 94 76 51 47 85 77 91 95 80 37 25 57 51 28 57 93 95 73 16 39 14 74 29 61 11 67 63 72
10 70 34 66 13 97 55 63 10 48 50 60 76 54 86 17 37 35 30 79 48 55 0 73 23 43 80 75 38 88 59 97 36 17 43 88 57 93 95 76 98 96 54 46 46 98 95 36 58 69 90 17 14 27 30 96 34 32 17 32 97 50 62 60 19 71 71 33 30 43 36 15 25 36 49 44 79 95 29 51 74 52 73 26 61 44 62 42 71 94 35 10 53 76 22 60 49 62 71 90 83 95 39 53 33 89 30 56 82 22 35 47 61 40 50 44 60 59 89 65 72 91 51 42 97 82 63 81 17 30 35 15 82 28 26 86 31 32 94 49 79 38 34 53 16 59 35 52 59 49
50 71 21 68 42 69 76 20 11 50 88 95 35 65 85 13 54 20 52 85 59 73 73 0 17 45 88 54 21 76 42 42 41 33 45 46 87 61 66 95 96 89 35 10 23 73 80 71 89 21 90 47 54 94 88 55 39 97 63 17 10 59 68 65 35 40 30 57 82 84 87 50 30 55 78 35 29 58 21 67 26 13 93 63 85 44 85 28 67 77 24 48 43 35 99 78 84 26 13 16 23 45 65 72 94 12 23 53 75 44 27 99 86 83 77 22 55 65 86 57 11 85 65 38 77 28 99 76 58 47 99 20 25 55 64 69 78 42 95 25 42 12 38 53 53 89 12 16 80 16
50 63 78 78 40 99 97 67 79 25 52 43 27 18 31 37 56 44 89 68 30 76 23 17 0 49 57 71 55 94 22 43 69 79 71 79 10 79 21 27 86 41 85 52 88 88 86 90 52 30 48 42 44 26 62 24 30 43 18 37 27 36 79 50 75 75 57 59 59 91 26 67 98 93 87 28 20 59 24 90 30 51 67 93 14 15 25 21 18 78 22 12 57 13 33 14 46 72 88 76 56 26 70 59 19 13 83 62 66 59 53 95 11 88 85 84 42 63 95 15 93 55 40 27 88 71 58 15 37 90 88 46 91 15 37 59 78 92 22 80 66 84 81 50 19 96 92 63 29 59
49 42 55 38 41 18 24 15 91 78 16 11 33 69 73 52 87 69 45 30 98 65 43 45 49 0 32 26 47 87 50 36 38 46 95 25 56 19 89 29 29 76 18 86 33 90 81 40 13 43 93 54 39 50 90 59 83 86 54 21 31 84 98 39 17 33 17 86 22 80 40 69 77 38 13 15 58 24 81 24 67 23 87 69 15 56 58 65 13 34 50 85 94 40 41 28 86 55 40 16 18 32 11 28 21 22 20 30 77 97 80 52 59 74 81 46 47 16 85 22 15 20 62 85 37 92 43 84 60 99 89 50 98 96 43 44 50 63 77 14 51 35 75 33 97 89 93 68 48 39
73 32 40 55 53 56 73 69 45 77 49 59 62 76 36 78 58 56 24 76 37 89 80 88 57 32 0 65 11 41 89 41 18 67 94 60 71 98 63 85 89 54 40 79 15 61 39 62 62 93 32 97 45 97 15 14 43 98 49 93 73 13 91 52 22 13 62 91 76 45 34 64 87 32 42 32 77 52 34 58 28 25 26 89 68 87 68 13 59 11 68 99 23 20 18 85 62 31 14 43 18 60 88 18 69 61 77 31 83 27 59 60 86 81 77 72 72 41 32 80 38 24 36 30 73 43 98 48 92 59 87 40 17 92 70 13 99 23 28 85 98 31 49 87 71 86 70 98 63 38
24 69 67 95 49 62 53 39 44 13 45 31 44 60 32 82 87 21 52 13 18 77 75 54 71 26 65 0 81 66 89 64 65 46 53 89 13 25 78 89 92 19 69 94 63 90 53 32 42 38 47 97 87 48 28 30 12 70 51 47 42 76 97 64 72 72 29 25 63 96 30 88 14 88 34 52 39 75 62 53 99 11 67 15 26 45 44 22 46 38 89 63 92 83 48 86 78 34 21 55 69 40 59 65 92 63 15 82 85 38 57 98 72 73 73 36 77 86 70 96 22 76 19 33 57 31 93 44 34 97 58 22 54 13 93 67 17 84 41 80 89 62 67 91 84 45 80 96 99 50
81 27 93 16 18 82 48 42 39 40 99 29 63 37 97 95 93 41 92 27 28 90 38 21 55 47 11 81 0 40 61 93 36 19 40 13 72 10 28 91 58 20 84 12 93 57 48 59 97 76 39 38 11 42 96 22 50 94 81 27 16 12 45 25 33 88 33 92 17 72 29 22 86 87 25 34 89 86 19 97 60 63 98 89 85 98 36 88 88 72 68 86 92 80 25 11 35 98 70 38 30 32 60 46 93 88 92 14 96 54 54 24 14 42 15 39 65 97 87 44 79 63 73 95 42 86 60 70 52 23 75 75 79 16 12 19 93 22 13 48 64 50 17 94 67 40 85 79 51 94
49 78 47 66 14 16 83 61 22 65 99 25 71 24 49 85 17 65 99 20 54 69 88 76 94 87 41 66 40 0 87 76 49 48 46 71 21 25 24 41 38 83 42 51 18 30 36 44 64 92 32 74 83 97 49 60 33 35 23 20 56 97 83 89 43 83 71 60 38 94 48 61 66 42 25 31 85 54 73 89 83 57 20 68 94 41 38 70 18 86 25 27 87 18 43 40 77 73 27 43 27 79 75 30 16 12 87 19 94 85 60 46 57 96 45 39 63 91 72 14 43 86 51 28 63 76 70 54 38 43 24 68 79 98 63 93 53 57 59 44 24 51 22 81 23 84 74 59 25 92
79 76 10 89 74 97 54 47 21 22 93 34 52 80 93 23 14 80 32 83 22 36 59 42 22 50 89 89 61 87 0 49 94 70 43 87 45 20 48 77 17 27 91 24 39 11 78 96 42 96 49 79 63 24 36 22 31 74 16 43 82 35 55 21 99 61 75 41 68 80 57 23 13 40 22 30 34 33 65 50 20 61 42 60 11 14 95 94 94 24 74 33 55 53 94 85 62 40 57 56 14 74 47 44 94 48 57 92 89 68 72 51 81 35 73 98 24 27 45 97 20 13 86 34 22 47 75 46 51 11 88 44 45 95 25 84 28 11 94 43 72 95 74 31 87 39 83 59 53 29
92 32 23 80 76 55 66 89 74 28 82 57 21 89 85 24 10 95 52 97 87 28 97 42 43 36 41 64 93 76 49 0 19 37 71 43 11 93 39 40 48 30 25 93 64 83 74 12 31 36 47 28 49 10 94 15 83 70 78 50 64 94 85 52 33 98 13 34 10 59 58 85 36 89 66 25 88 28 44 42 70 51 51 68 98 76 15 25 71 82 84 69 34 25 86 71 78 33 30 26 96 95 99 94 54 83 15 97 70 10 52 48 40 16 25 84 62 85 70 52 10 95 30 13 40 72 57 33 20 34 59 85 44 94 81 62 60 45 29 88 38 43 74 33 15 77 99 80 73 47
29 30 47 55 25 92 10 64 79 94 82 55 38 31 95 75 47 43 38 30 14 11 36 41 69 38 18 65 36 49 94 19 0 96 98 41 32 73 89 29 15 85 60 96 74 79 57 52 66 63 91 79 47 86 84 17 74 11 70 21 59 43 64 15 40 12 33 39 44 81 32 78 27 12 68 30 33 78 87 98 97 93 68 68 25 22 84 68 91 61 61 79 83 44 34 97 17 15 50 77 25 22 98 33 22 55 48 34 51 98 52 87 77 31 77 52 50 52 67 20 92 14 80 26 33 36 50 90 28 81 36 22 47 45 61 74 59 78 50 50 23 43 14 88 16 41 52 41 28 11
35 86 45 71 61 66 12 21 41 85 42 36 68 68 28 96 50 34 14 44 55 95 17 33 79 46 67 46 19 48 70 37 96 0 24 22 65 78 93 94 60 45 16 67 42 20 59 91 93 49 77 55 28 29 80 18 76 25 81 28 18 14 95 98 10 53 57 68 49 96 22 21 46 37 19 10 22 51 33 11 44 88 19 67 97 35 70 45 84 47 43 37 21 58 63 77 56 37 82 30 58 83 25 73 20 76 41 63 42 70 65 85 95 78 33 19 49 36 88 94 37 22 33 50 49 75 65 92 12 27 87 78 83 41 69 31 23 26 93 40 27 28 24 45 25 94 52 92 44 26
85 35 51 87 24 72 33 31 86 10 75 91 84 91 90 26 71 62 47 32 27 15 43 45 71 95 94 53 40 46 43 71 98 24 0 15 13 13 84 15 67 99 42 13 96 49 67 91 39 93 72 94 82 93 29 32 39 62 61 28 81 17 25 96 15 78 92 50 65 55 57 57 40 87 36 42 77 93 86 40 49 34 81 72 14 68 42 69 79 97 89 14 32 67 32 40 78 80 22 71 37 80 93 37 81 11 84 90 59 12 36 41 45 45 48 13 65 25 64 94 84 79 30 96 73 11 18 23 63 90 68 71 40 79 65 95 26 14 67 18 78 31 90 23 80 80 56 48 91 50
89 20 80 13 72 92 76 94 12 66 53 19 53 56 95 15 26 71 27 55 66 77 88 46 79 25 60 89 13 71 87 43 41 22 15 0 68 44 94 26 12 50 49 71 45 54 36 27 94 55 31 29 97 28 53 87 62 82 60 89 80 14 73 67 38 52 22 26 55 43 25 33 86 64 91 29 17 38 44 83 84 80 53 53 12 34 66 50 71 85 12 25 62 46 47 86 25 87 94 68 51 75 96 44 81 48 26 43 20 74 83 46 30 29 91 74 80 69 90 40 46 38 95 49 95 95 72 82 14 94 77 72 68 87 42 52 44 43 61 51 79 76 30 63 46 75 31 67 49 68
31 77 45 41 72 48 20 98 61 68 40 86 92 68 74 72 92 87 34 72 23 59 57 87 10 56 71 13 72 21 45 11 32 65 13 68 0 90 85 89 71 43 69 89 91 10 42 27 12 85 21 22 63 59 81 98 66 54 90 60 26 96 96 94 53 16 30 79 44 64 10 61 56 51 17 27 75 65 17 12 61 14 12 53 60 69 48 64 81 68 88 65 74 53 62 58 22 65 76 61 42 57 90 26 44 10 83 21 22 91 56 47 51 79 36 49 58 82 46 54 44 38 89 74 21 12 86 13 61 85 18 27 69 97 22 13 31 73 71 68 37 38 41 24 92 47 27 78 43 50
26 58 95 12 35 22 93 92 93 47 17 70 33 82 18 29 18 87 76 85 27 67 93 61 79 19 98 25 10 25 20 93 73 78 13 44 90 0 61 20 10 26 63 23 32 94 41 58 83 35 34 19 87 97 79 88 41 44 69 16 12 91 43 40 68 67 72 89 39 95 51 29 61 94 50 26 64 90 91 51 20 22 13 65 24 88 10 50 37 48 98 54 93 80 48 86 26 51 67 27 48 77 72 35 77 74 68 23 21 23 57 47 23 73 59 27 11 14 62 73 89 59 46 84 86 25 23 77 89 58 43 71 98 63 11 27 78 54 67 61 11 91 55 28 88 99 31 19 68 99
51 14 69 39 71 80 82 24 82 74 91 45 15 55 80 65 64 92 69 14 89 86 95 66 21 89 63 78 28 24 48 39 89 93 84 94 85 61 0 56 96 18 76 80 43 82 16 95 18 55 71 83 50 23 78 33 83 32 86 18 57 95 36 88 82 17 15 71 93 39 72 33 19 32 30 13 14 93 72 97 87 13 46 33 56 36 61 43 24 97 39 64 11 46 35 45 16 92 33 84 36 93 46 39 31 51 48 19 34 51 84 75 29 39 68 33 51 20 80 52 84 92 87 73 97 72 38 82 68 19 67 92 47 21 24 13 29 36 42 65 48 41 78 59 60 64 90 70 21 21
12 59 37 21 27 54 49 10 97 64 18 56 40 70 61 18 47 12 38 89 41 86 76 95 27 29 85 89 91 41 77 40 29 94 15 26 89 20 56 0 55 39 42 66 11 30 12 11 50 11 42 28 62 99 53 44 66 99 40 80 37 38 83 21 55 41 48 72 38 89 63 64 36 92 45 23 64 11 33 68 60 59 87 42 73 30 77 49 79 52 72 27 21 64 29 11 57 79 62 89 10 97 57 37 30 35 51 11 23 34 33 90 43 88 58 25 52 27 11 43 16 27 69 96 80 26 22 45 83 41 14 76 88 15 89 81 69 12 32 47 72 15 65 18 73 73 57 24 21 87
30 73 95 24 76 14 34 88 49 17 27 13 28 62 64 35 86 50 39 66 68 20 98 96 86 29 89 92 58 38 17 48 15 60 67 12 71 10 96 55 0 31 43 87 59 37 63 21 14 52 49 92 52 81 54 38 11 68 91 96 67 46 39 12 57 25 42 83 84 80 37 53 68 26 99 69 20 81 67 51 94 88 57 43 72 50 12 11 18 46 19 67 54 27 88 85 14 16 19 70 96 10 31 42 24 53 38 68 42 65 25 86 62 26 73 98 93 31 79 78 36 52 14 44 67 11 31 26 32 22 95 25 63 87 92 39 12 25 99 97 23 91 66 65 91 68 51 65 62 16
78 60 91 94 46 66 49 54 49 85 77 99 29 27 17 32 66 34 39 69 88 94 96 89 41 76 54 19 20 83 27 30 85 45 99 50 43 26 18 39 31 0 21 70 95 76 87 89 16 34 48 63 20 57 39 80 46 81 57 85 63 64 25 72 40 95 83 95 72 21 94 83 28 36 32 44 76 81 68 16 60 46 44 41 95 48 18 55 32 69 62 86 40 93 69 62 41 27 57 62 59 43 73 88 65 25 75 25 92 84 64 75 79 12 57 12 48 95 41 42 49 69 96 89 97 77 27 16 95 26 25 46 29 33 50 68 27 59 27 30 22 39 93 89 63 31 85 55 41 19
89 53 50 51 10 34 65 24 44 54 35 24 61 36 53 54 11 31 13 52 53 34 54 35 85 18 40 69 84 42 91 25 60 16 42 49 69 63 76 42 43 21 0 10 19 73 37 48 68 52 24 39 23 72 50 94 54 93 16 44 79 64 28 85 66 25 28 27 56 57 85 20 19 61 59 16 34 89 63 82 97 16 21 87 56 99 45 88 89 64 28 26 14 36 62 89 92 21 47 70 16 61 48 31 67 75 76 73 89 22 96 77 29 75 55 22 54 48 98 54 39 16 11 47 71 25 59 65 34 76 93 80 31 63 87 74 26 88 70 84 64 73 31 19 66 75 35 24 68 96
27 48 21 31 66 87 80 31 32 38 60 39 54 99 15 76 66 60 11 93 43 58 46 10 52 86 79 94 12 51 24 93 96 67 13 71 89 23 80 66 87 70 10 0 91 31 18 25 40 90 64 20 77 49 26 72 51 59 88 53 55 23 68 97 77 99 71 31 43 22 98 66 53 44 41 77 79 16 66 47 50 74 91 69 97 35 96 11 51 64 94 90 38 37 27 36 45 82 91 75 80 59 86 95 71 61 98 67 98 77 76 42 78 11 85 72 65 40 75 52 29 71 75 30 46 33 32 81 61 85 54 52 48 49 16 49 63 48 35 39 17 29 50 95 47 87 70 78 33 34
45 13 55 94 91 27 63 87 35 38 85 19 95 57 66 88 75 98 29 50 90 39 46 23 88 33 15 63 93 18 39 64 74 42 96 45 91 32 43 11 59 95 19 91 0 82 93 64 75 40 88 27 81 92 92 72 39 81 77 69 27 25 59 94 44 19 73 89 86 94 37 70 11 58 91 12 45 45 86 76 88 88 93 35 37 88 11 22 26 69 60 81 78 10 28 15 41 44 72 92 62 27 97 52 35 46 64 77 84 33 25 45 65 66 85 67 93 23 66 87 79 86 57 70 57 13 86 91 36 40 41 38 71 31 30 76 68 54 92 83 19 67 97 47 94 46 74 68 15 49
42 46 74 25 17 69 29 95 11 18 15 96 31 90 19 18 88 42 71 41 51 23 98 73 88 90 61 90 57 30 11 83 79 20 49 54 10 94 82 30 37 76 73 31 82 0 77 92 23 27 94 82 69 48 94 27 83 27 36 72 33 23 83 24 88 12 87 57 90 54 29 37 84 98 81 89 19 60 69 63 51 44 63 89 50 73 28 63 69 44 83 91 40 92 46 53 55 97 53 18 55 94 97 46 83 60 47 75 39 74 49 44 98 42 42 80 37 43 22 60 88 63 60 99 66 18 92 50 64 70 73 26 46 71 45 41 47 97 62 50 73 42 73 95 17 77 43 41 56 34
17 79 80 32 81 97 19 68 16 56 87 84 58 39 92 30 73 94 77 36 50 76 95 80 86 81 39 53 48 36 78 74 57 59 67 36 42 41 16 12 63 87 37 18 93 77 0 83 52 41 89 51 97 55 15 74 15 68 93 71 66 40 59 91 80 16 88 12 14 41 82 87 21 45 46 68 19 60 15 12 22 46 67 74 24 78 77 71 32 36 39 32 52 86 59 17 64 68 61 22 30 50 71 45 67 20 78 29 52 94 15 63 20 84 41 85 50 78 90 55 47 22 26 92 42 91 41 12 10 89 22 37 52 52 63 41 85 66 85 77 71 46 45 18 16 56 27 13 41 43
72 12 35 32 67 47 19 78 17 70 54 52 67 76 91 74 43 14 22 59 28 50 36 71 90 40 62 32 59 44 96 12 52 91 91 27 27 58 95 11 21 89 48 25 64 92 83 0 35 19 95 93 32 17 50 70 41 22 67 62 77 14 19 64 97 35 98 96 51 66 52 80 88 76 97 53 68 26 72 56 53 52 54 62 77 91 64 65 59 68 96 58 62 55 27 80 92 25 86 55 93 79 68 79 63 30 84 27 59 44 80 35 99 77 67 50 64 46 19 70 37 51 52 13 21 66 65 62 65 35 23 19 14 34 86 31 53 25 31 63 40 14 97 63 17 80 22 78 30 91
96 39 35 13 99 87 24 78 71 46 99 82 61 48 63 31 30 63 35 68 87 75 58 89 52 13 62 42 97 64 42 31 66 93 39 94 12 83 18 50 14 16 68 40 75 23 52 35 0 77 14 39 52 82 33 90 56 38 77 45 86 83 94 16 87 98 15 92 14 87 19 29 27 82 99 76 77 40 86 94 37 39 30 54 50 44 97 28 93 78 44 63 97 28 62 80 24 74 32 73 57 84 14 23 46 67 27 25 55 52 68 25 48 90 84 70 58 52 47 39 88 12 77 87 67 72 29 12 83 71 25 41 87 27 22 89 53 31 52 15 50 29 39 34 14 75 20 50 91 96
15 38 36 84 78 46 38 37 28 85 78 41 40 26 69 90 70 88 52 49 84 98 69 21 30 43 93 38 76 92 96 36 63 49 93 55 85 35 55 11 52 34 52 90 40 27 41 19 77 0 61 61 74 88 97 85 62 82 77 19 96 91 95 90 25 14 55 46 93 79 40 68 49 22 34 66 85 57 85 40 23 54 64 66 26 93 16 97 65 27 45 42 50 20 87 80 28 90 56 49 82 95 26 68 90 22 96 57 72 53 40 79 13 54 74 33 99 81 82 39 62 26 35 77 35 62 89 13 83 30 94 64 79 82 86 92 69 23 71 76 25 34 84 10 10 86 45 49 94 18
71 99 31 69 96 91 30 72 79 74 93 19 51 13 42 99 85 22 98 67 81 42 90 90 48 93 32 47 39 32 49 47 91 77 72 31 21 34 71 42 49 48 24 64 88 94 89 95 14 61 0 87 11 43 64 17 11 73 33 43 38 82 19 97 43 35 92 71 82 56 95 36 85 87 79 48 93 56 74 41 41 84 11 89 34 75 38 39 71 85 21 65 78 13 33 31 92 84 51 26 21 87 80 59 27 17 92 26 85 90 86 65 50 18 56 75 19 33 19 81 57 43 18 22 26 31 96 80 78 14 53 48 20 41 45 84 89 21 21 52 78 14 96 88 18 33 66 96 88 11
18 99 61 40 24 42 26 76 57 67 51 58 12 51 31 30 49 58 13 55 76 84 17 47 42 54 97 97 38 74 79 28 79 55 94 29 22 19 83 28 92 63 39 20 27 82 51 93 39 61 87 0 24 49 89 33 60 41 52 66 11 43 65 79 40 60 13 70 52 75 33 93 49 84 55 56 56 77 91 63 49 11 65 69 31 67 83 60 87 72 56 14 20 67 12 56 38 17 83 92 40 52 76 99 16 85 11 47 72 15 86 91 68 18 59 72 72 71 58 96 80 11 55 16 41 39 37 51 26 80 83 40 55 40 48 41 25 26 41 79 84 87 83 16 23 74 89 51 59 71
43 85 71 78 89 79 80 84 30 90 38 29 63 69 16 30 64 28 88 28 48 44 14 54 44 39 45 87 11 83 63 49 47 28 82 97 63 87 50 62 52 20 23 77 81 69 97 32 52 74 11 24 0 33 67 10 40 52 13 29 71 33 95 80 60 54 73 87 12 34 59 79 82 61 36 55 60 42 49 45 44 15 59 91 14 83 63 81 16 19 84 47 26 62 17 40 65 74 29 52 42 47 72 36 71 40 47 92 33 31 56 82 93 63 76 43 94 20 31 61 56 43 48 45 69 63 70 53 19 12 64 74 80 56 84 42 53 43 50 78 14 99 48 74 32 94 41 58 75 85
16 78 58 64 16 37 87 41 84 50 34 45 12 18 33 61 19 63 39 60 29 34 27 94 26 50 97 48 42 97 24 10 86 29 93 28 59 97 23 99 81 57 72 49 92 48 55 17 82 88 43 49 33 0 67 54 41 51 95 71 41 53 61 77 84 25 63 16 35 71 11 93 59 79 86 43 33 64 78 65 97 14 83 14 35 33 93 72 83 94 76 88 79 22 75 16 89 49 51 94 36 96 11 68 25 50 76 79 56 69 68 46 78 77 26 78 46 11 26 49 11 95 90 46 33 26 94 27 84 49 95 91 39 48 24 94 31 26 12 28 25 55 66 12 65 86 18 23 53 82
33 43 16 37 99 84 48 16 54 75 37 54 64 25 37 48 11 57 51 89 86 79 30 88 62 90 15 28 96 49 36 94 84 80 29 53 81 79 78 53 54 39 50 26 92 94 15 50 33 97 64 89 67 67 0 23 49 86 75 67 68 11 87 34 66 41 64 89 16 71 24 29 34 85 97 58 51 87 53 31 70 48 88 46 81 47 51 83 73 26 37 79 60 19 11 71 38 70 61 28 64 72 14 39 66 54 73 20 37 71 42 29 86 19 92 98 21 29 83 55 70 53 59 19 20 71 47 33 90 86 89 19 92 76 61 75 86 65 70 63 93 76 35 84 57 57 89 12 52 27
78 68 35 91 92 26 44 46 89 70 24 94 92 87 68 55 79 97 24 45 72 37 96 55 24 59 14 30 22 60 22 15 17 18 32 87 98 88 33 44 38 80 94 72 72 27 74 70 90 85 17 33 10 54 23 0 59 88 72 96 89 36 81 83 53 20 45 50 67 60 96 56 97 52 20 91 61 72 12 57 13 68 54 95 64 12 35 23 15 39 51 87 92 38 24 69 80 55 95 51 23 32 63 59 43 16 57 82 73 87 21 78 35 16 26 29 84 25 55 96 17 63 13 27 34 44 73 27 80 11 17 95 61 59 38 15 89 66 78 18 63 37 82 22 54 81 71 93 23 45
95 93 27 59 38 56 15 80 98 41 40 98 28 39 51 68 74 24 58 96 40 68 34 39 30 83 43 12 50 33 31 83 74 76 39 62 66 41 83 66 11 46 54 51 39 83 15 41 56 62 11 60 40 41 49 59 0 39 81 21 49 47 21 28 34 28 71 23 17 25 12 58 83 69 41 90 18 63 24 52 34 57 39 46 75 24 73 85 38 40 75 44 46 56 36 38 45 68 38 44 26 56 31 80 61 88 80 35 66 14 10 10 81 44 87 96 42 98 81 50 86 13 83 10 63 71 25 19 72 74 53 77 65 44 74 25 95 49 32 67 44 45 18 84 55 91 63 65 28 93
93 64 40 75 56 52 72 48 95 61 49 87 82 90 72 36 86 12 55 36 27 53 32 97 43 86 98 70 94 35 74 70 11 25 62 82 54 44 32 99 68 81 93 59 81 27 68 22 38 82 73 41 52 51 86 88 39 0 98 35 94 86 64 73 94 32 52 50 83 59 56 97 37 62 69 50 59 41 75 74 64 92 43 66 74 47 53 92 25 71 37 98 63 44 35 11 87 94 22 55 44 16 28 21 18 56 96 66 67 72 52 15 22 29 83 90 33 21 95 80 25 19 38 43 52 82 36 25 59 52 43 47 94 40 42 39 31 50 35 85 20 22 94 32 84 77 99 47 11 24
54 32 94 15 18 54 69 52 69 58 72 58 25 40 34 61 66 30 49 31 76 15 17 63 18 54 49 51 81 23 16 78 70 81 61 60 90 69 86 40 91 57 16 88 77 36 93 67 77 77 33 52 13 95 75 72 81 98 0 35 12 64 31 18 31 32 32 90 51 66 48 89 23 57 84 70 34 61 65 84 58 99 15 66 18 38 82 99 13 99 56 36 76 88 75 54 58 61 67 43 52 17 50 20 45 53 65 96 65 26 70 65 19 80 87 26 17 89 94 93 34 41 43 58 59 65 38 13 92 73 94 81 86 58 57 15 85 76 40 26 98 29 63 13 37 23 17 94 96 51
62 30 31 95 73 57 26 63 68 28 76 62 80 26 14 31 70 92 91 97 60 11 32 17 37 21 93 47 27 20 43 50 21 28 28 89 60 16 18 80 96 85 44 53 69 72 71 62 45 19 43 66 29 71 67 96 21 35 35 0 50 96 97 75 55 57 48 98 71 43 19 38 95 66 75 34 77 65 23 21 10 61 66 22 63 91 30 23 75 40 83 21 28 26 54 75 25 20 54 20 88 69 62 24 29 61 32 26 28 37 51 82 14 10 86 57 61 43 83 65 51 58 32 10 50 84 99 76 27 87 77 83 40 17 68 95 47 44 47 51 86 53 98 34 31 72 34 41 41 88
10 84 55 27 61 10 63 49 63 32 56 37 73 50 66 19 93 37 80 64 76 27 97 10 27 31 73 42 16 56 82 64 59 18 81 80 26 12 57 37 67 63 79 55 27 33 66 77 86 96 38 11 71 41 68 89 49 94 12 50 0 19 51 53 74 74 58 18 66 68 80 30 18 75 78 35 85 72 22 31 84 83 23 90 24 43 92 45 25 24 67 45 57 58 41 99 87 80 80 59 49 34 33 81 28 54 36 71 89 55 92 90 50 98 33 90 18 28 99 18 22 79 70 23 79 22 56 36 10 95 11 81 93 68 57 90 97 74 95 48 62 68 77 20 21 64 89 50 80 41
87 26 68 41 98 54 84 87 19 90 64 75 52 28 89 83 25 80 28 87 64 77 50 59 36 84 13 76 12 97 35 94 43 14 17 14 96 91 95 38 46 64 64 23 25 23 40 14 83 91 82 43 33 53 11 36 47 86 64 96 19 0 43 57 98 24 91 10 56 16 23 17 90 99 68 44 95 63 32 94 85 89 70 53 65 86 80 93 97 48 64 82 50 32 20 33 70 51 20 56 91 27 72 66 66 88 82 93 92 95 13 69 53 25 36 18 33 11 38 55 16 40 73 81 51 59 10 71 66 74 93 45 17 62 45 92 57 15 68 57 47 10 10 37 98 92 97 57 14 24
93 13 25 69 95 58 41 83 25 86 36 51 97 84 48 16 83 35 31 12 68 80 62 68 79 98 91 97 45 83 55 85 64 95 25 73 96 43 36 83 39 25 28 68 59 83 59 19 94 95 19 65 95 61 87 81 21 64 31 97 51 43 0 71 97 81 58 69 94 29 88 53 41 78 42 40 18 39 25 59 72 70 39 21 17 73 27 76 47 93 82 92 22 47 19 67 82 84 84 31 73 44 60 70 39 27 72 94 50 53 23 27 61 75 62 77 23 74 42 18 38 72 86 30 20 63 99 32 92 93 78 35 50 25 92 80 75 20 69 13 92 39 27 29 46 32 65 44 24 49
62 41 77 82 97 41 70 46 63 99 76 58 48 64 75 62 88 99 84 68 73 82 60 65 50 39 52 64 25 89 21 52 15 98 96 67 94 40 88 21 12 72 85 97 94 24 91 64 16 90 97 79 80 77 34 83 28 73 18 75 53 57 71 0 67 76 83 80 80 67 71 51 49 18 73 51 99 78 43 77 23 88 13 58 73 33 63 63 89 43 69 37 52 72 66 74 51 73 76 90 56 62 39 56 44 90 95 94 88 84 56 80 47 20 98 51 70 32 12 28 52 51 26 40 31 63 14 27 31 39 39 28 28 28 94 97 24 65 23 87 42 24 97 84 85 74 91 35 72 92
61 97 84 57 21 21 28 91 35 47 38 40 60 46 64 73 23 10 31 38 20 86 19 35 75 17 22 72 33 43 99 33 40 10 15 38 53 68 82 55 57 40 66 77 44 88 80 97 87 25 43 40 60 84 66 53 34 94 31 55 74 98 97 67 0 72 41 23 82 66 10 63 45 79 44 37 53 71 76 53 19 83 24 87 36 81 63 75 79 34 24 94 98 13 82 30 14 45 50 40 42 45 94 56 46 80 98 83 40 53 84 40 87 81 52 66 81 66 85 74 44 17 68 94 36 81 18 90 14 67 33 60 82 94 52 73 88 34 47 83 48 66 34 25 38 83 81 24 74 75
14 13 61 62 91 85 26 17 22 58 67 52 38 46 30 88 44 43 23 24 54 44 71 40 75 33 13 72 88 83 61 98 12 53 78 52 16 67 17 41 25 95 25 99 19 12 16 35 98 14 35 60 54 25 41 20 28 32 32 57 74 24 81 76 72 0 88 56 72 12 55 36 21 34 54 21 32 84 24 13 33 71 34 45 22 63 28 87 75 83 10 54 81 42 10 82 85 53 41 85 57 24 61 83 24 23 60 98 45 33 32 81 65 79 82 30 88 65 27 88 40 31 25 79 73 15 16 80 19 90 27 63 14 65 87 32 91 41 24 43 83 52 62 76 88 82 12 45 40 54
55 80 45 12 42 98 37 67 25 88 48 25 18 20 27 92 77 21 93 77 84 25 71 30 57 17 62 29 33 71 75 13 33 57 92 22 30 72 15 48 42 83 28 71 73 87 88 98 15 55 92 13 73 63 64 45 71 52 32 48 58 91 58 83 41 88 0 13 66 12 83 89 21 11 53 96 53 82 76 39 84 76 37 96 13 74 84 89 37 70 90 31 77 32 22 11 99 31 34 40 52 17 75 31 77 26 76 77 39 45 73 46 35 41 84 20 19 80 91 92 26 50 49 99 12 14 69 68 45 39 37 66 44 73 50 57 64 73 34 39 37 72 67 73 17 83 92 22 33 97
15 60 95 93 12 61 70 91 30 69 32 28 57 74 34 12 19 98 72 79 97 49 33 57 59 86 91 25 92 60 41 34 39 68 50 26 79 89 71 72 83 95 27 31 89 57 12 96 92 46 71 70 87 16 89 50 23 50 90 98 18 10 69 80 23 56 13 0 88 59 59 95 64 31 86 13 32 75 67 90 59 32 88 18 31 74 18 39 76 27 55 80 93 36 26 44 12 34 88 33 32 76 20 87 40 51 42 69 33 57 89 77 31 93 82 94 93 50 29 53 48 92 97 23 13 93 66 17 75 86 52 44 41 38 28 98 63 85 28 83 67 60 16 68 27 11 50 55 25 47
26 43 17 74 49 31 15 50 74 62 72 33 80 60 37 40 29 15 96 20 26 22 30 82 59 22 76 63 17 38 68 10 44 49 65 55 44 39 93 38 84 72 56 43 86 90 14 51 14 93 82 52 12 35 16 67 17 83 51 71 66 56 94 80 82 72 66 88 0 86 98 12 76 83 67 53 16 69 52 66 64 21 61 37 26 25 46 50 69 85 74 37 69 90 86 74 14 97 17 16 23 89 87 35 93 26 51 10 23 43 42 30 91 47 84 55 28 87 27 90 21 47 80 23 80 60 31 56 69 86 63 20 11 50 14 33 63 11 63 90 64 51 16 37 25 48 32 51 26 77
70 13 12 85 84 64 84 96 33 68 95 77 87 88 40 20 37 15 17 81 96 62 43 84 91 80 45 96 72 94 80 59 81 96 55 43 64 95 39 89 80 21 57 22 94 54 41 66 87 79 56 75 34 71 71 60 25 59 66 43 68 16 29 67 66 12 12 59 86 0 46 56 94 61 66 33 67 52 22 97 92 56 60 36 77 63 12 62 42 52 55 34 52 15 59 45 42 54 32 11 50 61 16 44 48 31 47 87 17 83 59 82 53 84 35 57 23 89 94 13 69 34 90 49 18 96 95 13 80 34 51 41 76 38 12 39 67 76 94 70 30 88 78 77 28 38 45 87 40 77
57 25 52 82 10 51 34 53 19 25 78 72 61 74 88 84 79 41 77 16 58 95 36 87 26 40 34 30 29 48 57 58 32 22 57 25 10 51 72 63 37 94 85 98 37 29 82 52 19 40 95 33 59 11 24 96 12 56 48 19 80 23 88 71 10 55 83 59 98 46 0 67 77 15 92 34 12 77 37 60 98 61 17 91 76 54 15 38 43 69 81 49 11 89 99 16 65 46 94 64 98 27 40 47 34 88 41 74 88 13 47 32 28 35 97 17 45 46 52 61 80 61 83 98 24 60 17 28 90 59 28 36 71 29 30 23 91 87 52 79 75 71 57 74 78 91 61 34 51 22
34 28 94 79 60 69 96 70 87 95 52 23 34 52 59 56 37 37 33 99 40 49 15 50 67 69 64 88 22 61 23 85 78 21 57 33 61 29 33 64 53 83 20 66 70 37 87 80 29 68 36 93 79 93 29 56 58 97 89 38 30 17 53 51 63 36 89 95 12 56 67 0 82 55 46 85 41 24 68 43 87 11 21 51 39 77 10 35 58 73 93 61 95 60 47 58 66 83 22 17 26 85 36 95 69 35 41 67 43 83 34 81 60 36 83 82 61 97 75 26 42 61 32 47 25 18 71 71 14 83 89 45 36 97 87 94 11 30 96 52 79 72 91 77 95 72 12 96 71 67
37 26 22 86 70 12 95 14 19 49 97 10 75 22 58 44 76 49 86 46 74 58 25 30 98 77 87 14 86 66 13 36 27 46 40 86 56 61 19 36 68 28 19 53 11 84 21 88 27 49 85 49 82 59 34 97 83 37 23 95 18 90 41 49 45 21 21 64 76 94 77 82 0 83 59 44 20 56 92 98 66 82 89 94 65 60 94 55 59 10 98 44 22 72 43 80 85 42 42 36 48 20 70 37 22 97 67 55 66 23 72 27 62 59 71 76 32 47 70 52 59 55 70 89 50 84 17 75 20 47 83 42 23 62 13 55 29 22 97 49 82 71 67 65 50 37 36 95 20 15
90 66 12 16 43 97 93 12 10 19 34 76 18 16 38 25 14 88 10 10 68 91 36 55 93 38 32 88 87 42 40 89 12 37 87 64 51 94 32 92 26 36 61 44 58 98 45 76 82 22 87 84 61 79 85 52 69 62 57 66 75 99 78 18 79 34 11 31 83 61 15 55 83 0 62 70 71 26 36 35 36 62 66 98 93 99 62 83 52 37 44 80 61 47 64 62 31 76 79 61 40 82 38 92 36 31 77 38 27 75 16 12 93 14 50 55 15 41 16 53 38 64 89 48 67 93 27 93 33 64 89 32 12 86 70 79 87 83 69 10 26 70 39 27 11 26 77 57 49 35
50 92 92 23 94 67 39 64 13 68 40 57 73 24 80 10 56 87 23 80 48 39 49 78 87 13 42 34 25 25 22 66 68 19 36 91 17 50 30 45 99 32 59 41 91 81 46 97 99 34 79 55 36 86 97 20 41 69 84 75 78 68 42 73 44 54 53 86 67 66 92 46 59 62 0 28 39 95 41 97 74 67 40 41 76 36 96 36 39 29 97 70 67 37 97 16 94 26 90 33 45 77 97 33 52 90 88 57 37 88 80 48 76 33 86 99 68 18 37 22 71 71 12 97 91 42 74 88 24 79 53 87 85 16 50 86 49 87 44 77 95 79 29 59 95 42 12 67 79 30
61 66 37 44 52 73 91 95 89 44 38 71 39 38 80 30 38 43 77 82 33 53 44 35 28 15 32 52 34 31 30 25 30 10 42 29 27 26 13 23 69 44 16 77 12 89 68 53 76 66 48 56 55 43 58 91 90 50 70 34 35 44 40 51 37 21 96 13 53 33 34 85 44 70 28 0 31 12 15 29 13 31 92 89 81 98 13 99 47 53 67 26 41 33 26 94 75 85 67 75 33 19 35 25 45 85 88 85 79 13 42 66 31 26 83 24 69 70 98 15 53 18 22 10 65 33 90 93 30 82 51 51 45 66 80 51 99 47 11 10 52 99 84 76 69 66 98 50 37 44
14 27 30 74 99 30 56 94 75 42 15 32 90 24 16 57 79 10 78 19 18 79 79 29 20 58 77 39 89 85 34 88 33 22 77 17 75 64 14 64 20 76 34 79 45 19 19 68 77 85 93 56 60 33 51 61 18 59 34 77 85 95 18 99 53 32 53 32 16 67 12 41 20 71 39 31 0 97 68 41 73 68 17 51 58 55 55 95 76 44 28 52 21 23 59 82 43 33 47 40 74 53 82 25 23 29 31 17 46 63 24 85 66 70 70 41 11 85 29 33 25 93 82 31 79 78 63 51 11 96 80 97 62 35 50 58 23 59 83 49 91 69 22 44 93 91 37 73 85 19
29 61 82 13 53 81 64 69 80 37 11 47 10 53 68 92 44 34 75 96 73 38 95 58 59 24 52 75 86 54 33 28 78 51 93 38 65 90 93 11 81 81 89 16 45 60 60 26 40 57 56 77 42 64 87 72 63 41 61 65 72 63 39 78 71 84 82 75 69 52 77 24 56 26 95 12 97 0 10 81 92 56 84 27 16 65 13 56 13 81 32 24 31 23 68 74 85 81 59 34 41 56 58 71 96 32 22 97 48 23 66 52 39 85 55 23 21 14 95 80 89 69 33 68 45 15 13 21 14 46 83 57 47 88 38 17 62 60 61 62 82 57 42 25 34 83 59 82 76 38
71 66 98 87 51 71 26 52 93 87 73 40 68 71 16 91 23 78 18 59 31 67 29 21 24 81 34 62 19 73 65 44 87 33 86 44 17 91 72 33 67 68 63 66 86 69 15 72 86 85 74 91 49 78 53 12 24 75 65 23 22 32 25 43 76 24 76 67 52 22 37 68 92 36 41 15 68 10 0 55 31 56 92 35 60 87 75 57 63 23 79 37 65 79 26 77 26 13 13 24 63 52 69 69 93 79 46 73 55 51 57 81 86 88 99 65 32 62 28 65 26 55 95 98 80 13 50 87 71 78 20 61 22 77 68 73 43 11 47 23 13 27 25 86 17 49 55 78 35 95
45 43 78 54 51 70 80 70 55 30 41 62 45 34 20 17 70 36 80 88 83 79 51 67 90 24 58 53 97 89 50 42 98 11 40 83 12 51 97 68 51 16 82 47 76 63 12 56 94 40 41 63 45 65 31 57 52 74 84 21 31 94 59 77 53 13 39 90 66 97 60 43 98 35 97 29 41 81 55 0 38 81 94 98 71 95 68 57 98 16 84 78 57 16 24 31 62 51 34 11 88 24 69 26 51 40 81 73 41 25 49 93 64 27 83 31 59 30 58 30 74 92 45 24 34 24 51 41 34 37 37 15 99 74 34 30 90 43 66 10 24 16 97 71 68 97 15 40 86 21
54 81 89 72 36 70 36 13 35 60 86 61 59 52 14 32 40 76 52 49 11 35 74 26 30 67 28 99 60 83 20 70 97 44 49 84 61 20 87 60 94 60 97 50 88 51 22 53 37 23 41 49 44 97 70 13 34 64 58 10 84 85 72 23 19 33 84 59 64 92 98 87 66 36 74 13 73 92 31 38 0 80 23 65 55 86 44 97 28 24 86 14 21 19 67 28 45 63 11 60 22 57 13 18 54 26 55 84 63 35 25 80 35 97 93 28 68 10 53 17 56 58 72 28 15 20 50 99 22 80 82 84 49 54 35 54 30 19 18 19 74 91 21 62 30 40 44 38 91 60
40 83 77 44 19 41 27 98 43 35 81 46 14 61 23 98 87 81 36 26 14 99 52 13 51 23 25 11 63 57 61 51 93 88 34 80 14 22 13 59 88 46 16 74 88 44 46 52 39 54 84 11 15 14 48 68 57 92 99 61 83 89 70 88 83 71 76 32 21 56 61 11 82 62 67 31 68 56 56 81 80 0 99 45 63 71 30 71 82 25 44 34 59 89 64 95 13 30 53 72 38 16 86 41 38 35 77 29 27 15 83 74 64 39 24 28 66 65 15 93 90 27 91 39 18 57 56 53 99 36 79 43 75 19 52 18 64 15 16 15 14 37 72 20 33 40 74 29 59 26
84 99 74 39 40 71 75 51 46 45 95 87 68 19 45 78 52 29 46 87 60 12 73 93 67 87 26 67 98 20 42 51 68 19 81 53 12 13 46 87 57 44 21 91 93 63 67 54 30 64 11 65 59 83 88 54 39 43 15 66 23 70 39 13 24 34 37 88 61 60 17 21 89 66 40 92 17 84 92 94 23 99 0 17 59 85 75 99 88 31 83 66 56 64 86 97 81 57 66 99 38 12 38 15 57 83 64 70 60 43 98 60 77 96 26 25 94 59 86 10 23 93 67 36 85 98 22 55 66 12 98 95 64 77 86 88 14 85 92 93 39 76 66 46 98 51 28 94 40 62
61 37 18 78 62 74 72 50 30 36 83 66 42 53 70 45 82 57 97 76 32 89 26 63 93 69 89 15 89 68 60 68 68 67 72 53 53 65 33 42 43 41 87 69 35 89 74 62 54 66 89 69 91 14 46 95 46 66 66 22 90 53 21 58 87 45 96 18 37 36 91 51 94 98 41 89 51 27 35 98 65 45 17 0 58 60 51 37 53 29 45 97 94 75 63 48 95 46 66 62 51 38 82 54 36 59 12 23 52 15 42 34 12 36 31 70 33 98 31 85 20 52 43 39 48 48 58 97 20 54 93 36 14 86 34 40 88 84 19 31 62 70 25 94 62 21 51 95 68 72
17 16 46 70 18 12 39 58 15 89 86 31 92 41 91 59 60 19 26 91 61 75 61 85 14 15 68 26 85 94 11 98 25 97 14 12 60 24 56 73 72 95 56 97 37 50 24 77 50 26 34 31 14 35 81 64 75 74 18 63 24 65 17 73 36 22 13 31 26 77 76 39 65 93 76 81 58 16 60 71 55 63 59 58 0 97 96 16 43 74 26 31 93 18 53 51 83 46 13 70 88 93 55 99 37 14 62 96 15 20 11 97 96 24 22 28 21 58 75 87 80 82 98 81 43 15 91 67 83 60 73 68 65 28 66 50 77 10 14 94 56 26 17 71 74 14 21 36 78 47
77 10 25 90 34 98 45 79 62 32 14 40 45 37 51 65 45 43 48 56 21 42 44 44 15 56 87 45 98 41 14 76 22 35 68 34 69 88 36 30 50 48 99 35 88 73 78 91 44 93 75 67 83 33 47 12 24 47 38 91 43 86 73 33 81 63 74 74 25 63 54 77 60 99 36 98 55 65 87 95 86 71 85 60 97 0 21 21 94 81 24 91 95 75 52 22 93 75 16 78 14 63 60 18 38 25 39 71 10 69 16 31 17 12 14 73 51 99 55 10 60 15 32 74 50 86 35 26 41 47 33 23 12 98 18 79 98 14 54 34 42 45 67 30 88 69 22 17 45 22
35 24 99 10 84 59 50 49 97 15 37 23 80 20 63 78 29 63 84 62 90 70 62 85 25 58 68 44 36 38 95 15 84 70 42 66 48 10 61 77 12 18 45 96 11 28 77 64 97 16 38 83 63 93 51 35 73 53 82 30 92 80 27 63 63 28 84 18 46 12 15 10 94 62 96 13 55 13 75 68 44 30 75 51 96 21 0 19 49 45 37 36 91 17 76 82 72 50 41 76 62 66 83 57 97 31 66 23 40 47 72 41 66 31 51 45 47 41 20 12 87 86 55 55 31 27 65 21 23 43 91 32 29 63 35 65 24 67 67 73 61 47 60 52 93 59 22 96 73 95
37 25 88 47 59 80 81 70 65 85 62 98 95 49 62 54 11 25 28 77 11 93 42 28 21 65 13 22 88 70 94 25 68 45 69 50 64 50 43 49 11 55 88 11 22 63 71 65 28 97 39 60 81 72 83 23 85 92 99 23 45 93 76 63 75 87 89 39 50 62 38 35 55 83 36 99 95 56 57 57 97 71 99 37 16 21 19 0 67 61 64 50 28 27 46 42 33 27 33 93 93 71 14 94 73 53 48 76 97 88 67 72 62 36 77 44 32 78 97 33 66 79 75 22 26 82 52 75 76 97 47 50 12 25 99 87 75 38 93 44 38 71 28 70 75 20 98 86 26 73
36 32 27 98 53 38 26 17 17 83 50 49 48 80 25 95 94 34 79 93 40 21 71 67 18 13 59 46 88 18 94 71 91 84 79 71 81 37 24 79 18 32 89 51 26 69 32 59 93 65 71 87 16 83 73 15 38 25 13 75 25 97 47 89 79 75 37 76 69 42 43 58 59 52 39 47 76 13 63 98 28 82 88 53 43 94 49 67 0 75 45 77 44 93 77 18 99 50 24 25 73 33 66 19 18 90 64 85 72 28 84 32 98 19 30 84 54 75 93 10 16 18 75 39 90 40 99 12 11 36 91 86 90 41 67 92 89 86 69 82 20 90 80 90 17 82 76 38 69 34
63 85 30 36 29 26 81 78 24 82 21 71 61 64 54 59 27 80 23 77 34 52 94 77 78 34 11 38 72 86 24 82 61 47 97 85 68 48 97 52 46 69 64 64 69 44 36 68 78 27 85 72 19 94 26 39 40 71 99 40 24 48 93 43 34 83 70 27 85 52 69 73 10 37 29 53 44 81 23 16 24 25 31 29 74 81 45 61 75 0 60 40 69 74 42 52 61 17 26 28 10 54 77 27 65 53 51 38 43 21 71 38 99 38 82 98 60 31 89 20 88 61 73 93 60 23 99 51 32 84 57 42 14 96 11 17 76 18 58 71 46 13 67 51 99 85 16 12 30 87
38 40 87 14 46 72 84 43 36 41 99 11 28 24 36 33 73 24 98 13 99 64 35 24 22 50 68 89 68 25 74 84 61 43 89 12 88 98 39 72 19 62 28 94 60 83 39 96 44 45 21 56 84 76 37 51 75 37 56 83 67 64 82 69 24 10 90 55 74 55 81 93 98 44 97 67 28 32 79 84 86 44 83 45 26 24 37 64 45 60 0 22 26 60 51 57 28 81 12 50 47 76 54 10 96 61 65 46 82 80 61 20 86 83 19 94 46 14 63 71 68 75 42 41 24 88 42 39 12 67 91 81 10 23 70 26 50 98 34 45 57 97 21 66 48 90 66 37 38 49
37 54 56 30 60 44 22 30 66 43 95 37 92 76 98 57 76 99 57 20 99 48 10 48 12 85 99 63 86 27 33 69 79 37 14 25 65 54 64 27 67 86 26 90 81 91 32 58 63 42 65 14 47 88 79 87 44 98 36 21 45 82 92 37 94 54 31 80 37 34 49 61 44 80 70 26 52 24 37 78 14 34 66 97 31 91 36 50 77 40 22 0 21 66 32 83 78 70 32 96 86 30 40 11 98 84 91 71 86 58 42 57 72 47 24 17 45 13 87 24 33 58 62 83 82 65 34 57 31 36 95 71 47 33 62 82 50 66 34 31 20 63 69 79 78 55 87 71 62 39
17 89 96 29 76 56 11 56 14 23 39 83 76 78 13 30 70 87 97 56 20 85 53 43 57 94 23 92 92 87 55 34 83 21 32 62 74 93 11 21 54 40 14 38 78 40 52 62 97 50 78 20 26 79 60 92 46 63 76 28 57 50 22 52 98 81 77 93 69 52 11 95 22 61 67 41 21 31 65 57 21 59 56 94 93 95 91 28 44 69 26 21 0 62 73 18 56 35 43 68 55 58 62 63 55 33 27 29 90 35 54 38 89 84 94 36 62 10 39 84 92 79 97 79 80 72 60 78 91 29 30 79 34 60 68 43 23 22 97 76 75 74 12 42 44 12 48 32 58 11
45 71 60 11 63 33 87 93 61 91 98 48 35 80 75 58 27 77 75 75 91 61 76 35 13 40 20 83 80 18 53 25 44 58 67 46 53 80 46 64 27 93 36 37 10 92 86 55 28 20 13 67 62 22 19 38 56 44 88 26 58 32 47 72 13 42 32 36 90 15 89 60 72 47 37 33 23 23 79 16 19 89 64 75 18 75 17 27 93 74 60 66 62 0 29 34 27 53 65 84 83 73 92 59 57 54 43 85 33 61 36 55 28 46 80 66 66 90 64 59 47 15 31 51 81 81 70 21 47 63 71 50 23 43 40 63 37 37 25 18 54 53 30 78 81 35 79 73 28 26
33 24 56 55 82 88 85 84 50 59 46 14 12 37 54 97 97 89 73 83 26 25 22 99 33 41 18 48 25 43 94 86 34 63 32 47 62 48 35 29 88 69 62 27 28 46 59 27 62 87 33 12 17 75 11 24 36 35 75 54 41 20 19 66 82 10 22 26 86 59 99 47 43 64 97 26 59 68 26 24 67 64 86 63 53 52 76 46 77 42 51 32 73 29 0 20 72 65 25 67 54 63 25 86 25 87 87 49 98 97 47 15 46 12 67 75 26 15 68 78 98 83 70 20 39 10 80 24 63 79 36 89 27 69 29 67 45 86 51 17 75 35 15 70 13 74 30 96 98 60
90 11 70 54 68 69 27 17 79 87 93 98 20 42 17 46 11 67 61 92 53 79 60 78 14 28 85 86 11 40 85 71 97 77 40 86 58 86 45 11 85 62 89 36 15 53 17 80 80 80 31 56 40 16 71 69 38 11 54 75 99 33 67 74 30 82 11 44 74 45 16 58 80 62 16 94 82 74 77 31 28 95 97 48 51 22 82 42 18 52 57 83 18 34 20 0 22 22 88 27 59 69 52 92 92 57 37 94 68 69 11 66 40 87 98 29 47 50 86 33 79 73 79 48 13 64 89 55 27 85 92 66 64 62 11 79 72 98 52 10 96 85 68 56 92 89 91 63 74 54
25 80 16 52 88 98 39 79 49 47 64 55 41 62 12 63 13 12 14 13 54 83 49 84 46 86 62 78 35 77 62 78 17 56 78 25 22 26 16 57 14 41 92 45 41 55 64 92 24 28 92 38 65 89 38 80 45 87 58 25 87 70 82 51 14 85 99 12 14 42 65 66 85 31 94 75 43 85 26 62 45 13 81 95 83 93 72 33 99 61 28 78 56 27 72 22 0 72 24 75 45 67 54 53 18 70 38 78 68 99 88 80 25 95 79 61 27 83 96 61 53 66 51 58 76 66 19 82 71 42 35 80 32 66 16 44 37 69 53 14 97 21 68 81 37 99 27 60 67 32
36 48 35 73 92 12 70 52 13 34 11 39 45 19 72 56 88 13 26 27 64 82 62 26 72 55 31 34 98 73 40 33 15 37 80 87 65 51 92 79 16 27 21 82 44 97 68 25 74 90 84 17 74 49 70 55 68 94 61 20 80 51 84 73 45 53 31 34 97 54 46 83 42 76 26 85 33 81 13 51 63 30 57 46 46 75 50 27 50 17 81 70 35 53 65 22 72 0 37 72 76 49 76 62 75 93 25 79 65 80 75 82 85 90 18 71 34 90 52 92 28 87 32 28 43 16 96 64 13 56 91 80 15 83 29 26 19 26 98 23 17 80 38 24 98 49 64 55 85 37
24 95 46 74 75 64 27 86 12 18 12 86 28 66 65 10 41 37 64 16 23 29 71 13 88 40 14 21 70 27 57 30 50 82 22 94 76 67 33 62 19 57 47 91 72 53 61 86 32 56 51 83 29 51 61 95 38 22 67 54 80 20 84 76 50 41 34 88 17 32 94 22 42 79 90 67 47 59 13 34 11 53 66 66 13 16 41 33 24 26 12 32 43 65 25 88 24 37 0 36 84 54 69 85 47 64 31 74 82 64 62 78 14 19 65 27 80 25 72 42 89 33 69 56 30 94 17 37 31 45 33 50 89 90 99 28 15 16 22 22 64 78 96 79 14 22 45 26 74 92
46 45 41 70 39 27 41 39 67 13 74 44 65 52 72 32 92 50 98 93 46 13 90 16 76 16 43 55 38 43 56 26 77 30 71 68 61 27 84 89 70 62 70 75 92 18 22 55 73 49 26 92 52 94 28 51 44 55 43 20 59 56 31 90 40 85 40 33 16 11 64 17 36 61 33 75 40 34 24 11 60 72 99 62 70 78 76 93 25 28 50 96 68 84 67 27 75 72 36 0 33 50 15 31 35 30 88 67 62 45 36 54 15 32 18 60 66 33 91 81 83 57 94 76 69 56 88 44 54 56 39 51 93 96 50 91 48 48 18 88 94 60 14 19 72 46 45 68 79 32
57 92 98 42 45 71 12 38 79 51 25 93 33 46 82 38 77 68 26 69 33 11 83 23 56 18 18 69 30 27 14 96 25 58 37 51 42 48 36 10 96 59 16 80 62 55 30 93 57 82 21 40 42 36 64 23 26 44 52 88 49 91 73 56 42 57 52 32 23 50 98 26 48 40 45 33 74 41 63 88 22 38 38 51 88 14 62 93 73 10 47 86 55 83 54 59 45 76 84 33 0 70 77 17 26 98 36 58 75 87 80 98 38 73 19 44 22 84 55 71 97 10 61 88 97 52 13 31 33 99 65 63 85 15 49 14 48 50 71 44 98 40 42 67 19 58 98 65 43 84
70 49 23 87 50 39 17 44 37 19 45 28 59 75 70 47 90 82 53 48 87 73 95 45 26 32 60 40 32 79 74 95 22 83 80 75 57 77 93 97 10 43 61 59 27 94 50 79 84 95 87 52 47 96 72 32 56 16 17 69 34 27 44 62 45 24 17 76 89 61 27 85 20 82 77 19 53 56 52 24 57 16 12 38 93 63 66 71 33 54 76 30 58 73 63 69 67 49 54 50 70 0 40 33 53 18 72 20 35 69 31 91 43 75 28 16 65 12 33 45 43 30 43 24 81 93 47 58 77 55 70 92 29 83 15 27 66 62 77 17 62 42 38 89 14 68 99 68 37 34
81 90 22 81 50 75 76 39 11 39 45 83 72 66 75 64 81 46 64 44 36 58 39 65 70 11 88 59 60 75 47 99 98 25 93 96 90 72 46 57 31 73 48 86 97 97 71 68 14 26 80 76 72 11 14 63 31 28 50 62 33 72 60 39 94 61 75 20 87 16 40 36 70 38 97 35 82 58 69 69 13 86 38 82 55 60 83 14 66 77 54 40 62 92 25 52 54 76 69 15 77 40 0 82 39 29 89 33 71 40 39 24 73 99 97 89 97 81 71 99 43 81 89 95 18 92 78 11 21 61 64 90 70 25 63 54 48 38 13 32 94 10 64 48 50 78 42 71 71 77
31 94 66 38 88 77 26 28 97 68 81 32 15 43 87 92 38 33 13 39 87 72 53 72 59 28 18 65 46 30 44 94 33 73 37 44 26 35 39 37 42 88 31 95 52 46 45 79 23 68 59 99 36 68 39 59 80 21 20 24 81 66 70 56 56 83 31 87 35 44 47 95 37 92 33 25 25 71 69 26 18 41 15 54 99 18 57 94 19 27 10 11 63 59 86 92 53 62 85 31 17 33 82 0 98 82 74 20 45 87 80 56 45 13 33 60 88 33 53 60 31 64 86 54 85 67 18 55 79 79 51 52 11 24 56 11 41 17 69 52 34 11 44 67 17 28 89 81 87 78
65 59 65 69 17 26 88 62 44 21 71 31 71 23 52 31 27 18 68 78 44 60 33 94 19 21 69 92 93 16 94 54 22 20 81 81 44 77 31 30 24 65 67 71 35 83 67 63 46 90 27 16 71 25 66 43 61 18 45 29 28 66 39 44 46 24 77 40 93 48 34 69 22 36 52 45 23 96 93 51 54 38 57 36 37 38 97 73 18 65 96 98 55 57 25 92 18 75 47 35 26 53 39 98 0 75 35 29 12 55 39 38 93 80 42 43 31 31 26 34 33 58 41 93 24 95 32 80 15 28 50 78 94 66 17 84 23 73 88 97 17 48 89 85 68 44 97 85 64 54
96 35 13 17 46 41 52 33 31 81 66 96 39 36 71 87 95 25 80 21 63 68 89 12 13 22 61 63 88 12 48 83 55 76 11 48 10 74 51 35 53 25 75 61 46 60 20 30 67 22 17 85 40 50 54 16 88 56 53 61 54 88 27 90 80 23 26 51 26 31 88 35 97 31 90 85 29 32 79 40 26 35 83 59 14 25 31 53 90 53 61 84 33 54 87 57 70 93 64 30 98 18 29 82 75 0 70 65 47 95 42 24 28 23 59 61 73 11 71 86 39 63 71 29 58 66 31 85 33 85 42 98 37 62 85 11 67 64 25 76 64 95 25 71 39 19 79 13 69 65
70 47 14 66 18 54 32 92 81 34 30 83 92 90 70 14 86 30 50 72 44 97 30 23 83 20 77 15 92 87 57 15 48 41 84 26 83 68 48 51 38 75 76 98 64 47 78 84 27 96 92 11 47 76 73 57 80 96 65 32 36 82 72 95 98 60 76 42 51 47 41 41 67 77 88 88 31 22 46 81 55 77 64 12 62 39 66 48 64 51 65 91 27 43 87 37 38 25 31 88 36 72 89 74 35 70 0 33 66 22 94 57 57 51 15 77 49 19 66 87 86 99 34 60 21 97 30 60 24 76 41 31 39 20 58 90 77 88 81 70 95 58 81 57 69 80 50 68 43 29
66 23 61 76 40 70 55 60 94 36 22 59 28 81 20 22 30 72 11 27 17 40 56 53 62 30 31 82 14 19 92 97 34 63 90 43 21 23 19 11 68 25 73 67 77 75 29 27 25 57 26 47 92 79 20 82 35 66 96 26 71 93 94 94 83 98 77 69 10 87 74 67 55 38 57 85 17 97 73 73 84 29 70 23 96 71 23 76 85 38 46 71 29 85 49 94 78 79 74 67 58 20 33 20 29 65 33 0 59 81 47 17 63 74 42 98 72 96 63 91 83 71 26 69 81 44 77 56 62 11 89 14 77 41 98 93 14 82 49 52 73 12 86 95 18 56 45 89 88 21
54 59 55 32 56 16 87 54 91 98 92 21 42 85 27 25 36 39 36 37 68 80 82 75 66 77 83 85 96 94 89 70 51 42 59 20 22 21 34 23 42 92 89 98 84 39 52 59 55 72 85 72 33 56 37 73 66 67 65 28 89 92 50 88 40 45 39 33 23 17 88 43 66 27 37 79 46 48 55 41 63 27 60 52 15 10 40 97 72 43 82 86 90 33 98 68 68 65 82 62 75 35 71 45 12 47 66 59 0 97 63 34 96 93 34 12 78 94 25 72 76 35 11 12 97 27 10 94 37 61 67 81 90 67 99 74 25 10 85 83 79 65 45 55 42 78 49 57 46 29
70 89 67 12 62 20 61 72 85 75 80 37 88 98 82 22 56 47 45 97 57 10 22 44 59 97 27 38 54 85 68 10 98 70 12 74 91 23 51 34 65 84 22 77 33 74 94 44 52 53 90 15 31 69 71 87 14 72 26 37 55 95 53 84 53 33 45 57 43 83 13 83 23 75 88 13 63 23 51 25 35 15 43 15 20 69 47 88 28 21 80 58 35 61 97 69 99 80 64 45 87 69 40 87 55 95 22 81 97 0 81 50 70 22 39 53 55 11 65 47 84 86 66 86 33 19 78 66 69 70 68 70 78 54 91 87 74 30 47 52 67 88 62 83 88 62 50 14 54 60
99 24 65 19 43 65 42 76 82 20 72 15 66 69 84 80 85 54 78 97 32 10 35 27 53 80 59 57 54 60 72 52 52 65 36 83 56 57 84 33 25 64 96 76 25 49 15 80 68 40 86 86 56 68 42 21 10 52 70 51 92 13 23 56 84 32 73 89 42 59 47 34 72 16 80 42 24 66 57 49 25 83 98 42 11 16 72 67 84 71 61 42 54 36 47 11 88 75 62 36 80 31 39 80 39 42 94 47 63 81 0 19 29 80 96 15 99 87 68 61 78 14 48 68 56 97 35 36 27 59 99 95 51 40 33 90 12 40 90 55 49 95 53 60 18 63 21 21 78 88
48 68 96 47 71 51 54 91 91 99 82 87 39 73 22 83 66 94 66 16 26 76 47 99 95 52 60 98 24 46 51 48 87 85 41 46 47 47 75 90 86 75 77 42 45 44 63 35 25 79 65 91 82 46 29 78 10 15 65 82 90 69 27 80 40 81 46 77 30 82 32 81 27 12 48 66 85 52 81 93 80 74 60 34 97 31 41 72 32 38 20 57 38 55 15 66 80 82 78 54 98 91 24 56 38 24 57 17 34 50 19 0 28 18 27 38 44 36 32 76 57 13 36 26 51 12 37 56 80 19 26 42 90 31 56 66 23 32 56 46 65 39 93 55 56 91 75 32 19 85
60 71 23 77 25 17 26 67 90 58 50 44 26 34 87 79 60 98 20 86 65 25 61 86 11 59 86 72 14 57 81 40 77 95 45 30 51 23 29 43 62 79 29 78 65 98 20 99 48 13 50 68 93 78 86 35 81 22 19 14 50 53 61 47 87 65 35 31 91 53 28 60 62 93 76 31 66 39 86 64 35 64 77 12 96 17 66 62 98 99 86 72 89 28 46 40 25 85 14 15 38 43 73 45 93 28 57 63 96 70 29 28 0 81 76 99 73 40 77 74 34 59 22 37 37 32 94 44 31 87 85 30 83 16 79 46 75 69 74 20 46 83 35 90 18 59 89 49 63 33
96 44 70 52 82 95 37 57 91 22 80 20 74 12 12 49 61 31 19 82 36 32 40 83 88 74 81 73 42 96 35 16 31 78 45 29 79 73 39 88 26 12 75 11 66 42 84 77 90 54 18 18 63 77 19 16 44 29 80 10 98 25 75 20 81 79 41 93 47 84 35 36 59 14 33 26 70 85 88 27 97 39 96 36 24 12 31 36 19 38 83 47 84 46 12 87 95 90 19 32 73 75 99 13 80 23 51 74 93 22 80 18 81 0 84 44 54 10 51 90 42 61 46 27 73 87 80 14 80 24 68 64 78 96 14 74 11 34 16 80 37 24 56 44 76 38 56 95 38 36
57 27 25 41 73 55 86 46 50 47 35 83 47 78 41 62 12 89 99 75 14 14 50 77 85 81 77 73 15 45 73 25 77 33 48 91 36 59 68 58 73 57 55 85 85 42 41 67 84 74 56 59 76 26 92 26 87 83 87 86 33 36 62 98 52 82 84 82 84 35 97 83 71 50 86 83 70 55 99 83 93 24 26 31 22 14 51 77 30 82 19 24 94 80 67 98 79 18 65 18 19 28 97 33 42 59 15 42 34 39 96 27 76 84 0 99 51 39 28 73 44 24 86 19 32 42 64 32 63 61 23 68 92 89 81 52 58 65 57 29 81 23 83 44 80 89 53 97 81 68
26 66 93 70 48 66 37 21 81 91 92 46 86 32 13 57 17 49 99 20 59 70 44 22 84 46 72 36 39 39 98 84 52 19 13 74 49 27 33 25 98 12 22 72 67 80 85 50 70 33 75 72 43 78 98 29 96 90 26 57 90 18 77 51 66 30 20 94 55 57 17 82 76 55 99 24 41 23 65 31 28 28 25 70 28 73 45 44 84 98 94 17 36 66 75 29 61 71 27 60 44 16 89 60 43 61 77 98 12 53 15 38 99 44 99 0 12 67 84 78 47 24 44 77 37 20 96 25 20 47 20 81 81 82 89 32 55 36 36 14 52 43 14 88 98 81 79 32 86 18
72 50 89 46 83 72 51 15 59 59 59 25 73 33 97 72 40 22 37 39 68 33 60 55 42 47 72 77 65 63 24 62 50 49 65 80 58 11 51 52 93 48 54 65 93 37 50 64 58 99 19 72 94 46 21 84 42 33 17 61 18 33 23 70 81 88 19 93 28 23 45 61 32 15 68 69 11 21 32 59 68 66 94 33 21 51 47 32 54 60 46 45 62 66 26 47 27 34 80 66 22 65 97 88 31 73 49 72 78 55 99 44 73 54 51 12 0 91 64 51 55 65 95 60 70 44 61 60 21 16 21 82 38 28 55 30 10 54 89 43 61 48 11 51 49 63 19 11 95 62
44 47 11 28 69 67 47 27 81 66 83 68 38 90 80 41 91 81 11 66 98 74 59 65 63 16 41 86 97 91 27 85 52 36 25 69 82 14 20 27 31 95 48 40 23 43 78 46 52 81 33 71 20 11 29 25 98 21 89 43 28 11 74 32 66 65 80 50 87 89 46 97 47 41 18 70 85 14 62 30 10 65 59 98 58 99 41 78 75 31 14 13 10 90 15 50 83 90 25 33 84 12 81 33 31 11 19 96 94 11 87 36 40 10 39 67 91 0 21 81 47 40 91 75 36 12 74 31 46 14 27 74 39 32 82 66 81 70 83 98 83 66 89 35 68 74 58 61 76 75
93 56 32 98 69 77 35 53 91 80 50 79 90 10 32 62 52 84 65 73 87 97 89 86 95 85 32 70 87 72 45 70 67 88 64 90 46 62 80 11 79 41 98 75 66 22 90 19 47 82 19 58 31 26 83 55 81 95 94 83 99 38 42 12 85 27 91 29 27 94 52 75 70 16 37 98 29 95 28 58 53 15 86 31 75 55 20 97 93 89 63 87 39 64 68 86 96 52 72 91 55 33 71 53 26 71 66 63 25 65 68 32 77 51 28 84 64 21 0 72 69 90 75 13 24 78 36 49 77 85 82 60 74 15 76 84 95 13 89 25 49 47 59 43 73 87 64 80 77 20
31 59 84 91 52 43 31 40 98 41 14 77 14 62 80 50 53 74 49 27 24 58 65 57 15 22 80 96 44 14 97 52 20 94 94 40 54 73 52 43 78 42 54 52 87 60 55 70 39 39 81 96 61 49 55 96 50 80 93 65 18 55 18 28 74 88 92 53 90 13 61 26 52 53 22 15 33 80 65 30 17 93 10 85 87 10 12 33 10 20 71 24 84 59 78 33 61 92 42 81 71 45 99 60 34 86 87 91 72 47 61 76 74 90 73 78 51 81 72 0 53 87 73 16 74 84 40 17 87 51 40 32 26 51 53 18 71 17 21 88 89 57 35 37 41 57 27 44 58 76
28 82 29 26 24 20 29 78 32 70 40 61 80 69 64 12 65 49 61 22 13 83 72 11 93 15 38 22 79 43 20 10 92 37 84 46 44 89 84 16 36 49 39 29 79 88 47 37 88 62 57 80 56 11 70 17 86 25 34 51 22 16 38 52 44 40 26 48 21 69 80 42 59 38 71 53 25 89 26 74 56 90 23 20 80 60 87 66 16 88 68 33 92 47 98 79 53 28 89 83 97 43 43 31 33 39 86 83 76 84 78 57 34 42 44 47 55 47 69 53 0 32 12 38 79 86 98 42 84 98 23 97 96 29 89 32 93 24 50 72 44 42 86 12 32 51 80 28 53 50
20 89 52 42 57 92 44 94 38 55 91 99 78 87 41 58 47 91 22 50 50 96 91 85 55 20 24 76 63 86 13 95 14 22 79 38 38 59 92 27 52 69 16 71 86 63 22 51 12 26 43 11 43 95 53 63 13 19 41 58 79 40 72 51 17 31 50 92 47 34 61 61 55 64 71 18 93 69 55 92 58 27 93 52 82 15 86 79 18 61 75 58 79 15 83 73 66 87 33 57 10 30 81 64 58 63 99 71 35 86 14 13 59 61 24 24 65 40 90 87 32 0 74 53 28 42 65 44 51 51 60 25 82 28 70 26 37 56 40 56 76 32 31 80 10 72 64 20 15 93
84 91 93 88 84 50 53 81 72 94 51 60 90 17 10 18 16 24 37 56 19 94 51 65 40 62 36 19 73 51 86 30 80 33 30 95 89 46 87 69 14 96 11 75 57 60 26 52 77 35 18 55 48 90 59 13 83 38 43 32 70 73 86 26 68 25 49 97 80 90 83 32 70 89 12 22 82 33 95 45 72 91 67 43 98 32 55 75 75 73 42 62 97 31 70 79 51 32 69 94 61 43 89 86 41 71 34 26 11 66 48 36 22 46 86 44 95 91 75 73 12 74 0 41 60 16 85 51 56 25 14 58 12 10 58 77 70 13 36 46 97 79 26 11 81 52 71 66 18 90
10 83 31 48 24 51 47 53 70 46 81 41 19 69 50 59 50 40 92 21 74 76 42 38 27 85 30 33 95 28 34 13 26 50 96 49 74 84 73 96 44 89 47 30 70 99 92 13 87 77 22 16 45 46 19 27 10 43 58 10 23 81 30 40 94 79 99 23 23 49 98 47 89 48 97 10 31 68 98 24 28 39 36 39 81 74 55 22 39 93 41 83 79 51 20 48 58 28 56 76 88 24 95 54 93 29 60 69 12 86 68 26 37 27 19 77 60 75 13 16 38 53 41 0 35 88 58 99 45 64 25 11 64 13 77 93 32 39 64 57 18 10 40 61 97 66 77 86 51 86
63 66 73 48 92 94 24 19 29 98 87 87 26 72 18 39 79 74 47 13 26 51 97 77 88 37 73 57 42 63 22 40 33 49 73 95 21 86 97 80 67 97 71 46 57 66 42 21 67 35 26 41 69 33 20 34 63 52 59 50 79 51 20 31 36 73 12 13 80 18 24 25 50 67 91 65 79 45 80 34 15 18 85 48 43 50 31 26 90 60 24 82 80 81 39 13 76 43 30 69 97 81 18 85 24 58 21 81 97 33 56 51 37 73 32 37 70 36 24 74 79 28 60 35 0 84 43 20 23 98 48 27 61 10 11 34 45 65 38 58 85 44 72 26 60 51 85 13 37 37
16 66 39 19 54 30 39 65 68 58 54 99 41 59 67 83 52 21 91 83 60 47 82 28 71 92 43 31 86 76 47 72 36 75 11 95 12 25 72 26 11 77 25 33 13 18 91 66 72 62 31 39 63 26 71 44 71 82 65 84 22 59 63 63 81 15 14 93 60 96 60 18 84 93 42 33 78 15 13 24 20 57 98 48 15 86 27 82 40 23 88 65 72 81 10 64 66 16 94 56 52 93 92 67 95 66 97 44 27 19 97 12 32 87 42 20 44 12 78 84 86 42 16 88 84 0 42 94 57 85 89 84 15 51 38 79 91 93 48 45 77 80 59 44 27 36 32 91 56 75
32 35 27 76 24 18 91 15 33 23 78 35 61 86 61 33 39 83 17 98 70 85 63 99 58 43 98 93 60 70 75 57 50 65 18 72 86 23 38 22 31 27 59 32 86 92 41 65 29 89 96 37 70 94 47 73 25 36 38 99 56 10 99 14 18 16 69 66 31 95 17 71 17 27 74 90 63 13 50 51 50 56 22 58 91 35 65 52 99 99 42 34 60 70 80 89 19 96 17 88 13 47 78 18 32 31 30 77 10 78 35 37 94 80 64 96 61 74 36 40 98 65 85 58 43 42 0 12 86 86 85 87 63 72 14 51 82 52 25 21 81 45 48 52 87 63 51 53 92 76
98 37 46 73 94 68 86 83 64 35 21 76 46 11 86 74 38 34 67 18 94 77 81 76 15 84 48 44 70 54 46 33 90 92 23 82 13 77 82 45 26 16 65 81 91 50 12 62 12 13 80 51 53 27 33 27 19 25 13 76 36 71 32 27 90 80 68 17 56 13 28 71 75 93 88 93 51 21 87 41 99 53 55 97 67 26 21 75 12 51 39 57 78 21 24 55 82 64 37 44 31 58 11 55 80 85 60 56 94 66 36 56 44 14 32 25 60 31 49 17 42 44 51 99 20 94 12 0 65 34 84 33 62 94 15 35 21 14 86 33 90 43 49 49 72 12 27 48 37 47
67 72 37 49 40 34 37 76 30 49 40 69 16 58 67 34 82 79 46 81 87 91 17 58 37 60 92 34 52 38 51 20 28 12 63 14 61 89 68 83 32 95 34 61 36 64 10 65 83 83 78 26 19 84 90 80 72 59 92 27 10 66 92 31 14 19 45 75 69 80 90 14 20 33 24 30 11 14 71 34 22 99 66 20 83 41 23 76 11 32 12 31 91 47 63 27 71 13 31 54 33 77 21 79 15 33 24 62 37 69 27 80 31 80 63 20 21 46 77 87 84 51 56 45 23 57 86 65 0 81 90 26 67 53 84 91 29 68 11 35 48 28 69 28 33 50 53 63 28 57
60 62 54 61 14 98 38 81 10 73 28 91 94 36 44 22 13 28 65 90 31 95 30 47 90 99 59 97 23 43 11 34 81 27 90 94 85 58 19 41 22 26 76 85 40 70 89 35 71 30 14 80 12 49 86 11 74 52 73 87 95 74 93 39 67 90 39 86 86 34 59 83 47 64 79 82 96 46 78 37 80 36 12 54 60 47 43 97 36 84 67 36 29 63 79 85 42 56 45 56 99 55 61 79 28 85 76 11 61 70 59 19 87 24 61 47 16 14 85 51 98 51 25 64 98 85 86 34 81 0 45 89 25 44 37 99 60 32 19 97 62 51 13 46 56 66 42 78 28 29
83 83 94 14 88 98 65 78 27 28 54 32 90 62 64 81 28 17 85 83 73 80 35 99 88 89 87 58 75 24 88 59 36 87 68 77 18 43 67 14 95 25 93 54 41 73 22 23 25 94 53 83 64 95 89 17 53 43 94 77 11 93 78 39 33 27 37 52 63 51 28 89 83 89 53 51 80 83 20 37 82 79 98 93 73 33 91 47 91 57 91 95 30 71 36 92 35 91 33 39 65 70 64 51 50 42 41 89 67 68 99 26 85 68 23 20 21 27 82 40 23 60 14 25 48 89 85 84 90 45 0 20 75 42 95 14 56 40 67 70 42 17 62 38 53 78 97 20 67 10
63 95 89 77 83 49 64 71 49 91 32 13 58 28 36 90 42 78 29 55 52 37 15 20 46 50 40 22 75 68 44 85 22 78 71 72 27 71 92 76 25 46 80 52 38 26 37 19 41 64 48 40 74 91 19 95 77 47 81 83 81 45 35 28 60 63 66 44 20 41 36 45 42 32 87 51 97 57 61 15 84 43 95 36 68 23 32 50 86 42 81 71 79 50 89 66 80 80 50 51 63 92 90 52 78 98 31 14 81 70 95 42 30 64 68 81 82 74 60 32 97 25 58 11 27 84 87 33 26 89 20 0 25 59 24 62 31 38 92 81 44 64 25 79 59 17 85 89 28 84
24 82 22 58 63 20 91 17 74 52 11 35 45 54 56 83 98 16 94 88 42 25 82 25 91 98 17 54 79 79 45 44 47 83 40 68 69 98 47 88 63 29 31 48 71 46 52 14 87 79 20 55 80 39 92 61 65 94 86 40 93 17 50 28 82 14 44 41 11 76 71 36 23 12 85 45 62 47 22 99 49 75 64 14 65 12 29 12 90 14 10 47 34 23 27 64 32 15 89 93 85 29 70 11 94 37 39 77 90 78 51 90 83 78 92 81 38 39 74 26 96 82 12 64 61 15 63 62 67 25 75 25 0 13 91 94 99 68 74 25 80 68 50 27 62 95 56 63 89 90
79 56 80 12 62 74 64 68 13 72 80 14 68 64 11 74 86 71 93 98 33 57 28 55 15 96 92 13 16 98 95 94 45 41 79 87 97 63 21 15 87 33 63 49 31 71 52 34 27 82 41 40 56 48 76 59 44 40 58 17 68 62 25 28 94 65 73 38 50 38 29 97 62 86 16 66 35 88 77 74 54 19 77 86 28 98 63 25 41 96 23 33 60 43 69 62 66 83 90 96 15 83 25 24 66 62 20 41 67 54 40 31 16 96 89 82 28 32 15 51 29 28 10 13 10 51 72 94 53 44 42 59 13 0 50 13 67 42 22 17 30 86 80 50 81 88 46 90 19 30
66 46 62 97 57 44 99 61 88 88 20 12 50 35 96 54 32 19 19 20 30 51 26 64 37 43 70 93 12 63 25 81 61 69 65 42 22 11 24 89 92 50 87 16 30 45 63 86 22 86 45 48 84 24 61 38 74 42 57 68 57 45 92 94 52 87 50 28 14 12 30 87 13 70 50 80 50 38 68 34 35 52 86 34 66 18 35 99 67 11 70 62 68 40 29 11 16 29 99 50 49 15 63 56 17 85 58 98 99 91 33 56 79 14 81 89 55 82 76 53 89 70 58 77 11 38 14 15 84 37 95 24 91 50 0 89 14 10 16 81 47 75 31 72 87 57 50 92 53 56
46 74 58 52 85 64 65 38 83 63 38 16 52 59 63 54 66 14 13 69 12 28 86 69 59 44 13 67 19 93 84 62 74 31 95 52 13 27 13 81 39 68 74 49 76 41 41 31 89 92 84 41 42 94 75 15 25 39 15 95 90 92 80 97 73 32 57 98 33 39 23 94 55 79 86 51 58 17 73 30 54 18 88 40 50 79 65 87 92 17 26 82 43 63 67 79 44 26 28 91 14 27 54 11 84 11 90 93 74 87 90 66 46 74 52 32 30 66 84 18 32 26 77 93 34 79 51 35 91 99 14 62 94 13 89 0 99 73 16 54 10 53 55 16 43 99 74 31 64 87
51 42 58 89 74 94 27 23 99 75 57 95 16 19 33 37 59 32 56 39 12 57 31 78 78 50 99 17 93 53 28 60 59 23 26 44 31 78 29 69 12 27 26 63 68 47 85 53 53 69 89 25 53 31 86 89 95 31 85 47 97 57 75 24 88 91 64 63 63 67 91 11 29 87 49 99 23 62 43 90 30 64 14 88 77 98 24 75 89 76 50 50 23 37 45 72 37 19 15 48 48 66 48 41 23 67 77 14 25 74 12 23 75 11 58 55 10 81 95 71 93 37 70 32 45 91 82 21 29 60 56 31 99 67 14 99 0 18 11 83 77 21 10 95 98 29 27 55 72 11
40 91 56 19 82 97 34 51 37 30 89 75 57 95 20 99 86 17 32 27 82 93 32 42 92 63 23 84 22 57 11 45 78 26 14 43 73 54 36 12 25 59 88 48 54 97 66 25 31 23 21 26 43 26 65 66 49 50 76 44 74 15 20 65 34 41 73 85 11 76 87 30 22 83 87 47 59 60 11 43 19 15 85 84 10 14 67 38 86 18 98 66 22 37 86 98 69 26 16 48 50 62 38 17 73 64 88 82 10 30 40 32 69 34 65 36 54 70 13 17 24 56 13 39 65 93 52 14 68 32 40 38 68 42 10 73 18 0 29 67 58 47 88 51 79 66 21 70 38 60
44 35 49 27 65 38 69 24 44 82 93 39 55 86 97 20 48 33 54 36 76 95 94 95 22 77 28 41 13 59 94 29 50 93 67 61 71 67 42 32 99 27 70 35 92 62 85 31 52 71 21 41 50 12 70 78 32 35 40 47 95 68 69 23 47 24 34 28 63 94 52 96 97 69 44 11 83 61 47 66 18 16 92 19 14 54 67 93 69 58 34 34 97 25 51 52 53 98 22 18 71 77 13 69 88 25 81 49 85 47 90 56 74 16 57 36 89 83 89 21 50 40 36 64 38 48 25 86 11 19 67 92 74 22 16 16 11 29 0 44 45 93 98 65 76 14 81 60 87 10
10 67 85 25 47 15 77 67 81 29 72 93 40 53 57 25 80 29 58 50 55 73 49 25 80 14 85 80 48 44 43 88 50 40 18 51 68 61 65 47 97 30 84 39 83 50 77 63 15 76 52 79 78 28 63 18 67 85 26 51 48 57 13 87 83 43 39 83 90 70 79 52 49 10 77 10 49 62 23 10 19 15 93 31 94 34 73 44 82 71 45 31 76 18 17 10 14 23 22 88 44 17 32 52 97 76 70 52 83 52 55 46 20 80 29 14 43 98 25 88 72 56 46 57 58 45 21 33 35 97 70 81 25 17 81 54 83 67 44 0 17 45 91 29 40 93 56 34 61 96
31 50 62 92 35 92 14 41 72 48 37 38 77 34 75 24 65 13 93 65 93 16 79 42 66 51 98 89 64 24 72 38 23 27 78 79 37 11 48 72 23 22 64 17 19 73 71 40 50 25 78 84 14 25 93 63 44 20 98 86 62 47 92 42 48 83 37 67 64 30 75 79 82 26 95 52 91 82 13 24 74 14 39 62 56 42 61 38 20 46 57 20 75 54 75 96 97 17 64 94 98 62 94 34 17 64 95 73 79 67 49 65 46 37 81 52 61 83 49 89 44 76 97 18 85 77 81 90 48 62 42 44 80 30 47 10 77 58 45 17 0 19 87 97 84 21 96 42 62 62
73 81 50 50 93 85 42 16 34 88 66 83 68 91 22 71 10 15 77 89 77 39 38 12 84 35 31 62 50 51 95 43 43 28 31 76 38 91 41 15 91 39 73 29 67 42 46 14 29 34 14 87 99 55 76 37 45 22 29 53 68 10 39 24 66 52 72 60 51 88 71 72 71 70 79 99 69 57 27 16 91 37 76 70 26 45 47 71 90 13 97 63 74 53 35 85 21 80 78 60 40 42 10 11 48 95 58 12 65 88 95 39 83 24 23 43 48 66 47 57 42 32 79 10 44 80 45 43 28 51 17 64 68 86 75 53 21 47 93 45 19 0 96 41 25 54 73 87 15 98
65 69 88 41 89 58 16 87 23 21 89 74 56 80 75 85 16 94 39 46 36 14 34 38 81 75 49 67 17 22 74 74 14 24 90 30 41 55 78 65 66 93 31 50 97 73 45 97 39 84 96 83 48 66 35 82 18 94 63 98 77 10 27 97 34 62 67 16 16 78 57 91 67 39 29 84 22 42 25 97 21 72 66 25 17 67 60 28 80 67 21 69 12 30 15 68 68 38 96 14 42 38 64 44 89 25 81 86 45 62 53 93 35 56 83 14 11 89 59 35 86 31 26 40 72 59 48 49 69 13 62 25 50 80 31 55 10 88 98 91 87 96 0 81 19 32 25 73 68 99
73 29 51 27 63 20 22 16 92 57 55 82 92 76 33 18 87 43 65 17 35 74 53 53 50 33 87 91 94 81 31 33 88 45 23 63 24 28 59 18 65 89 19 95 47 95 18 63 34 10 88 16 74 12 84 22 84 32 13 34 20 37 29 84 25 76 73 68 37 77 74 77 65 27 59 76 44 25 86 71 62 20 46 94 71 30 52 70 90 51 66 79 42 78 70 56 81 24 79 19 67 89 48 67 85 71 57 95 55 83 60 55 90 44 44 88 51 35 43 37 12 80 11 61 26 44 52 49 28 46 38 79 27 50 72 16 95 51 65 29 97 41 81 0 20 30 58 60 27 36
24 75 30 99 66 45 62 36 89 22 90 91 20 64 33 95 26 61 32 20 14 29 16 53 19 97 71 84 67 23 87 15 16 25 80 46 92 88 60 73 91 63 66 47 94 17 16 17 14 10 18 23 32 65 57 54 55 84 37 31 21 98 46 85 38 88 17 27 25 28 78 95 50 11 95 69 93 34 17 68 30 33 98 62 74 88 93 75 17 99 48 78 44 81 13 92 37 98 14 72 19 14 50 17 68 39 69 18 42 88 18 56 18 76 80 98 49 68 73 41 32 10 81 97 60 27 87 72 33 56 53 59 62 81 87 43 98 79 76 40 84 25 19 20 0 32 12 25 36 21
67 15 34 63 88 79 26 92 93 84 74 22 46 86 97 55 26 25 49 28 73 61 59 89 96 89 86 45 40 84 39 77 41 94 80 75 47 99 64 73 68 31 75 87 46 77 56 80 75 86 33 74 94 86 57 81 91 77 23 72 64 92 32 74 83 82 83 11 48 38 91 72 37 26 42 66 91 83 49 97 40 40 51 21 14 69 59 20 82 85 90 55 12 35 74 89 99 49 22 46 58 68 78 28 44 19 80 56 78 62 63 91 59 38 89 81 63 74 87 57 51 72 52 66 51 36 63 12 50 66 78 17 95 88 57 99 29 66 14 93 21 54 32 30 32 0 73 37 81 60
96 28 41 29 36 31 38 79 33 87 43 95 13 98 32 78 94 35 44 48 87 11 35 12 92 93 70 80 85 74 83 99 52 52 56 31 27 31 90 57 51 85 35 70 74 43 27 22 20 45 66 89 41 18 89 71 63 99 17 34 89 97 65 91 81 12 92 50 32 45 61 12 36 77 12 98 37 59 55 15 44 74 28 51 21 22 22 98 76 16 66 87 48 79 30 91 27 64 45 45 98 99 42 89 97 79 50 45 49 50 21 75 89 56 53 79 19 58 64 27 80 64 71 77 85 32 51 27 53 42 97 85 56 46 50 74 27 21 81 56 96 73 25 58 12 73 0 85 53 34
32 57 38 99 22 64 49 32 16 99 53 81 47 44 49 14 50 85 82 34 76 67 52 16 63 68 98 96 79 59 59 80 41 92 48 67 78 19 70 24 65 55 24 78 68 41 13 78 50 49 96 51 58 23 12 93 65 47 94 41 50 57 44 35 24 45 22 55 51 87 34 96 95 57 67 50 73 82 78 40 38 29 94 95 36 17 96 86 38 12 37 71 32 73 96 63 60 55 26 68 65 68 71 81 85 13 68 89 57 14 21 32 49 95 97 32 11 61 80 44 28 20 66 86 13 91 53 48 63 78 20 89 63 90 92 31 55 70 60 34 42 87 73 60 25 37 85 0 16 45
69 27 32 58 28 82 93 57 50 29 47 66 44 96 31 16 54 18 22 14 62 63 59 80 29 48 63 99 51 25 53 73 28 44 91 49 43 68 21 21 62 41 68 33 15 56 41 30 91 94 88 59 75 53 52 23 28 11 96 41 80 14 24 72 74 40 33 25 26 40 51 71 20 49 79 37 85 76 35 86 91 59 40 68 78 45 73 26 69 30 38 62 58 28 98 74 67 85 74 79 43 37 71 87 64 69 43 88 46 54 78 19 63 38 81 86 95 76 77 58 53 15 18 51 37 56 92 37 28 28 67 28 89 19 53 64 72 38 87 61 62 15 68 27 36 81 53 16 0 39
41 14 25 89 98 56 24 67 86 73 41 57 76 17 85 31 32 60 16 52 80 72 49 16 59 39 38 50 94 92 29 47 11 26 50 68 50 99 21 87 16 19 96 34 49 34 43 91 96 18 11 71 85 82 27 45 93 24 51 88 41 24 49 92 75 54 97 47 77 77 22 67 15 35 30 44 19 38 95 21 60 26 62 72 47 22 95 73 34 87 49 39 11 26 60 54 32 37 92 32 84 34 77 78 54 65 29 21 29 60 88 85 33 36 68 18 62 75 20 76 50 93 90 86 37 75 76 47 57 29 10 84 90 30 56 87 11 60 10 96 62 98 99 36 21 60 34 45 39 0