100
0 20 58 60 24 64 23 23 11 95 44 48 63 40 22 34 78 22 26 87 31 40 46 95 80 31 92 31 33 96 52 16 93 12 14 13 83 38 52 47 80 12 93 24 19 19 80 52 94 59 58 65 94 56 76 99 31 52 21 29 71 91 38 43 27 28 77 75 98 64 85 40 90 49 49 29 57 85 53 66 66 27 75 11 63 46 74 36 58 58 68 70 88 36 40 59 31 15 23 92
20 0 83 85 95 31 86 94 61 26 62 42 65 70 92 91 27 45 24 97 59 36 63 11 40 61 22 39 59 99 61 73 38 31 80 16 68 40 40 35 79 37 57 72 57 16 60 19 28 98 59 81 66 93 92 83 89 49 53 35 93 92 48 89 10 73 75 17 62 70 38 78 13 45 57 87 18 68 41 75 33 60 52 29 28 82 55 54 25 55 17 64 59 59 88 90 19 18 99 95
58 83 0 11 33 44 45 62 30 88 27 89 97 56 96 97 47 91 25 57 92 94 61 32 92 22 88 67 14 44 76 99 23 44 43 96 58 66 87 75 55 52 50 69 73 59 49 25 55 88 79 76 32 87 19 88 26 13 33 51 69 67 57 11 49 54 19 57 10 32 92 98 91 38 37 99 84 49 20 49 56 93 91 84 10 22 57 90 15 28 94 65 80 50 74 61 52 28 52 55
60 85 11 0 79 81 28 43 83 15 63 48 96 90 41 65 89 80 81 64 36 75 91 15 37 53 19 24 65 87 65 43 43 87 24 79 66 84 56 86 68 63 80 80 31 64 94 49 78 69 49 39 10 92 77 50 62 66 48 73 85 40 64 75 15 95 38 29 60 17 78 46 12 26 78 81 14 74 78 42 91 31 87 31 49 42 42 55 49 12 70 37 17 16 58 13 86 26 72 26
24 95 33 79 0 70 83 75 22 64 72 11 80 80 81 89 46 22 82 93 36 89 47 75 47 12 83 61 16 88 88 78 56 89 77 45 43 83 61 62 10 78 68 92 50 19 25 68 53 92 77 84 65 32 41 29 52 90 45 37 33 36 32 17 93 60 83 90 90 71 53 27 41 84 17 15 15 46 71 18 60 91 98 99 97 61 25 78 51 81 98 31 96 26 13 56 28 85 71 42
64 31 44 81 70 0 29 38 19 28 59 34 55 75 42 21 97 87 89 21 98 89 85 93 90 62 67 53 76 11 23 78 86 56 42 36 61 41 65 28 70 64 66 52 92 74 54 13 51 87 33 25 23 84 54 61 18 23 40 63 12 60 15 67 43 96 31 49 39 37 83 29 57 13 16 37 66 19 43 11 35 29 59 59 96 51 71 31 15 20 25 40 15 70 78 40 24 66 10 51
23 86 45 28 83 29 0 87 47 29 10 40 21 58 24 78 11 55 73 65 88 51 42 45 95 88 42 49 58 90 88 36 64 82 81 49 86 74 51 95 35 53 48 70 87 78 57 89 31 91 33 89 49 91 36 62 53 71 23 84 79 54 38 94 82 39 35 21 85 50 58 16 86 94 13 57 94 53 26 15 81 96 13 30 75 48 62 36 11 37 25 10 44 32 49 76 88 41 10 91
23 94 62 43 75 38 87 0 48 77 51 21 76 27 25 75 78 89 46 61 91 15 91 16 24 63 47 95 39 77 27 47 49 79 79 95 43 52 51 87 10 93 15 90 81 38 14 50 42 56 72 17 85 25 15 84 73 69 14 14 96 87 70 83 91 53 66 59 26 72 98 99 57 75 51 72 48 46 81 38 99 59 23 30 19 34 59 29 79 27 61 17 83 34 61 97 53 23 21 13
11 61 30 83 22 19 47 48 0 40 33 34 24 41 87 40 18 67 49 69 21 91 46 69 53 62 29 53 77 67 66 86 98 22 99 40 24 84 30 72 59 64 94 77 62 13 32 33 18 72 58 61 20 11 18 49 85 66 46 80 84 13 90 50 74 24 23 47 33 84 14 90 88 33 39 94 67 39 59 83 87 71 51 25 49 17 67 60 30 46 94 13 83 11 30 94 67 48 80 90
95 26 88 15 64 28 29 77 40 0 19 84 65 87 51 97 53 47 66 13 86 39 14 12 89 58 43 59 12 79 65 81 68 41 26 12 67 14 14 16 92 22 22 65 45 35 58 13 58 37 15 80 63 36 13 84 70 30 57 91 94 56 35 97 87 18 88 90 36 15 30 77 89 89 70 11 37 86 51 29 28 74 13 93 51 84 77 25 48 42 18 73 30 69 10 15 58 30 31 51
44 62 27 63 72 59 10 51 33 19 0 41 80 88 30 92 58 12 14 91 79 69 56 70 98 36 92 26 59 20 20 27 68 15 27 76 12 87 35 81 72 28 20 79 98 11 57 91 31 23 21 38 63 13 93 39 66 42 84 10 87 79 38 20 21 74 90 70 65 70 23 99 20 97 72 28 79 55 35 77 10 27 59 21 14 23 69 21 28 75 98 93 97 32 40 21 64 23 15 69
48 42 89 48 11 34 40 21 34 84 41 0 87 48 87 65 16 76 25 62 34 11 66 99 25 60 24 20 66 34 36 53 22 73 79 17 81 65 52 82 69 63 50 34 64 32 46 73 59 53 48 85 31 67 77 39 67 21 87 98 32 45 68 14 11 90 56 93 92 96 12 67 48 18 88 12 20 23 21 89 51 78 63 38 61 33 18 78 21 90 54 58 71 79 10 76 94 16 64 18
63 65 97 96 80 55 21 76 24 65 80 87 0 50 62 13 38 50 16 44 47 71 98 13 17 15 57 79 78 79 11 76 14 26 14 60 46 93 99 48 13 65 95 61 35 54 63 26 82 60 43 56 24 76 38 56 72 75 41 50 31 39 33 73 25 35 28 24 32 34 44 43 31 38 23 90 54 44 67 78 89 44 92 41 19 15 43 75 98 81 70 57 45 31 71 34 44 72 23 76
40 70 56 90 80 75 58 27 41 87 88 48 50 0 92 54 17 76 86 65 26 70 36 59 60 16 72 69 75 90 18 40 87 51 54 69 82 86 64 34 64 70 33 70 13 77 10 73 47 87 41 86 83 15 10 72 54 57 93 61 98 71 24 55 72 78 19 64 24 21 36 42 62 88 34 16 94 64 44 16 78 35 49 28 47 10 94 88 99 43 21 21 68 71 31 65 88 41 48 93
22 92 96 41 81 42 24 25 87 51 30 87 62 92 0 92 20 64 69 30 21 54 68 59 79 26 37 76 55 22 81 52 36 39 58 36 60 65 27 73 85 76 76 30 61 74 16 22 47 21 92 48 69 19 90 11 99 14 77 42 51 84 42 95 28 15 46 60 44 43 72 84 95 80 65 96 60 14 70 47 96 81 26 90 50 33 70 70 16 48 59 40 48 47 58 89 64 63 79 70
34 91 97 65 89 21 78 75 40 97 92 65 13 54 92 0 42 43 40 60 39 54 41 68 90 93 36 66 94 93 19 78 51 26 22 53 52 98 17 57 65 37 89 65 45 71 14 49 46 30 69 10 15 31 10 50 75 64 81 22 26 64 30 68 80 48 85 71 80 92 75 20 84 12 12 92 76 13 97 44 93 35 21 68 75 12 19 87 60 37 99 79 54 82 51 79 59 16 31 90
78 27 47 89 46 97 11 78 18 53 58 16 38 17 20 42 0 59 20 45 19 87 40 52 69 73 68 16 12 23 29 22 44 15 73 47 49 47 67 71 38 72 50 99 18 44 29 40 72 92 60 57 56 30 40 52 86 55 22 42 47 14 34 80 36 83 89 74 24 82 91 58 48 22 61 75 49 66 51 29 80 90 38 72 28 21 11 59 28 91 64 29 97 75 86 42 57 57 35 99
22 45 91 80 22 87 55 89 67 47 12 76 50 76 64 43 59 0 92 83 37 37 45 98 31 41 99 51 56 28 53 33 10 51 81 24 50 71 24 58 97 79 53 68 46 38 22 44 94 78 26 47 17 75 43 97 72 72 52 47 68 35 75 88 75 82 56 21 48 41 97 25 35 76 17 37 76 48 51 12 75 94 26 97 57 72 25 25 80 85 25 46 89 86 33 53 41 42 61 42
26 24 25 81 82 89 73 46 49 66 14 25 16 86 69 40 20 92 0 53 59 18 26 11 80 10 68 13 60 73 89 85 94 43 54 69 22 11 39 47 91 30 93 55 97 78 32 97 57 28 49 81 59 39 29 85 23 65 59 43 70 25 70 48 30 55 12 92 22 60 94 68 82 75 14 82 66 35 75 10 68 66 44 62 89 16 25 52 30 37 84 33 18 72 32 38 38 40 68 92
87 97 57 64 93 21 65 61 69 13 91 62 44 65 30 60 45 83 53 0 37 30 47 76 23 47 98 53 82 83 96 29 19 19 47 72 97 64 57 94 32 45 62 86 25 45 96 25 53 99 92 88 62 11 74 74 78 38 64 76 50 81 63 56 96 42 28 99 51 34 29 84 82 25 66 13 75 47 41 46 84 40 95 54 81 86 92 51 31 42 48 40 62 61 27 17 90 56 56 22
31 59 92 36 36 98 88 91 21 86 79 34 47 26 21 39 19 37 59 37 0 84 30 78 42 23 46 97 84 38 29 54 37 11 43 92 74 77 37 76 97 18 89 30 56 28 43 27 75 10 48 73 42 82 69 47 30 64 52 69 26 82 63 40 47 69 74 38 69 38 71 70 81 95 89 55 27 66 14 60 21 30 10 78 72 50 45 92 28 83 47 98 40 28 92 91 24 33 30 30
40 36 94 75 89 89 51 15 91 39 69 11 71 70 54 54 87 37 18 30 84 0 19 57 25 29 56 75 81 54 76 55 14 87 12 64 21 95 81 94 80 97 47 51 35 52 16 19 97 31 92 90 48 85 70 14 82 69 32 74 23 18 52 79 98 25 16 66 46 23 34 80 26 56 31 11 11 10 47 75 71 44 85 73 31 76 66 11 15 22 53 39 16 95 79 32 73 95 58 82
46 63 61 91 47 85 42 91 46 14 56 66 98 36 68 41 40 45 26 47 30 19 0 90 36 36 98 67 62 48 20 50 82 13 36 62 85 96 69 33 95 29 90 51 69 44 21 19 23 19 80 72 60 79 11 89 10 31 85 17 46 85 75 12 93 39 86 40 71 51 40 30 26 25 60 10 83 45 21 41 54 95 65 10 38 89 18 90 47 25 49 85 67 38 63 84 69 53 81 89
95 11 32 15 75 93 45 16 69 12 70 99 13 59 59 68 52 98 11 76 78 57 90 0 68 39 31 41 49 34 74 61 93 89 57 75 97 18 35 79 87 25 72 80 44 54 77 80 39 62 91 95 87 39 43 58 83 96 72 56 84 43 11 63 27 28 23 41 78 62 94 19 47 71 51 93 17 82 68 25 52 71 23 89 40 94 95 69 60 38 44 76 39 99 57 38 80 55 81 36
80 40 92 37 47 90 95 24 53 89 98 25 17 60 79 90 69 31 80 23 42 25 36 68 0 73 24 89 69 90 14 26 80 78 31 43 89 23 12 92 33 13 68 74 95 82 43 27 38 91 58 53 62 34 60 96 72 67 63 12 18 84 49 71 89 92 20 40 60 10 86 79 37 40 67 23 40 11 53 75 53 74 43 85 72 61 71 37 93 18 68 41 56 87 91 45 34 62 92 48
31 61 22 53 12 62 88 63 62 58 36 60 15 16 26 93 73 41 10 47 23 29 36 39 73 0 74 87 71 43 78 48 68 51 28 67 41 89 87 81 55 88 95 98 38 35 57 48 18 26 32 27 49 90 46 87 43 46 47 21 56 95 26 59 49 85 47 71 68 21 62 68 77 70 15 69 81 39 94 26 86 96 70 71 89 52 69 96 41 92 66 83 70 81 97 54 80 53 47 94
92 22 88 19 83 67 42 47 29 43 92 24 57 72 37 36 68 99 68 98 46 56 98 31 24 74 0 44 36 61 16 83 55 66 88 56 73 66 85 62 68 53 28 93 55 43 20 87 99 30 14 88 18 59 40 38 58 63 57 46 26 48 20 13 67 70 94 25 28 60 42 81 28 28 74 68 87 49 47 77 99 78 73 57 97 65 42 11 73 23 43 42 50 93 32 39 13 56 93 53
31 39 67 24 61 53 49 95 53 59 26 20 79 69 76 66 16 51 13 53 97 75 67 41 89 87 44 0 16 98 11 81 89 28 43 66 78 43 84 69 92 21 81 84 31 54 69 48 49 96 27 92 34 78 59 73 97 60 13 83 22 54 92 76 20 11 83 29 12 16 38 63 38 50 28 31 64 96 28 42 26 94 39 60 54 88 35 25 99 84 57 68 57 72 60 60 92 14 25 96
33 59 14 65 16 76 58 39 77 12 59 66 78 75 55 94 12 56 60 82 84 81 62 49 69 71 36 16 0 70 99 69 74 18 14 42 94 67 18 14 90 98 20 88 37 70 88 57 60 78 71 48 70 45 32 30 58 92 39 13 70 25 60 41 83 71 53 33 20 88 20 90 19 99 16 33 23 93 61 49 92 35 29 83 69 85 79 56 28 86 84 85 49 78 15 99 23 94 58 33
96 99 44 87 88 11 90 77 67 79 20 34 79 90 22 93 23 28 73 83 38 54 48 34 90 43 61 98 70 0 25 21 32 62 52 90 46 37 71 28 86 28 49 85 63 53 27 35 60 20 29 15 67 82 94 79 98 83 25 62 92 91 81 80 77 37 51 35 23 29 33 12 11 43 29 30 33 81 81 37 84 97 10 53 34 61 12 91 74 53 74 57 76 19 36 28 80 99 56 36
52 61 76 65 88 23 88 27 66 65 20 36 11 18 81 19 29 53 89 96 29 76 20 74 14 78 16 11 99 25 0 24 10 72 97 71 10 48 62 22 29 22 39 56 40 29 55 92 38 63 77 11 37 20 89 37 79 72 59 50 12 93 44 64 43 52 95 34 60 84 32 63 93 88 64 42 31 97 45 23 25 20 11 81 33 69 48 64 27 23 16 40 40 71 50 81 84 31 24 88
16 73 99 43 78 78 36 47 86 81 27 53 76 40 52 78 22 33 85 29 54 55 50 61 26 48 83 81 69 21 24 0 12 29 54 85 19 90 87 61 81 90 54 32 86 44 47 31 40 15 37 79 54 81 23 24 10 91 52 95 43 17 61 66 42 16 39 42 16 25 96 10 76 14 72 19 81 38 86 87 74 34 13 55 56 58 20 64 36 44 70 30 61 89 32 68 15 12 40 78
93 38 23 43 56 86 64 49 98 68 68 22 14 87 36 51 44 10 94 19 37 14 82 93 80 68 55 89 74 32 10 12 0 28 97 85 86 68 99 77 41 62 61 10 64 61 84 57 18 52 98 56 12 98 34 78 10 98 26 28 21 68 40 27 72 45 59 78 49 95 32 60 49 73 14 90 58 22 88 58 29 48 89 88 67 34 83 47 76 34 60 54 95 11 55 48 60 53 21 64
12 31 44 87 89 56 82 79 22 41 15 73 26 51 39 26 15 51 43 19 11 87 13 89 78 51 66 28 18 62 72 29 28 0 75 17 43 72 73 95 45 54 35 96 12 33 72 29 52 68 14 87 13 59 91 88 79 40 41 49 87 43 37 32 21 82 35 18 79 55 99 86 12 53 90 28 53 11 68 42 42 34 66 81 53 20 66 99 33 82 27 21 48 10 39 83 68 56 65 79
14 80 43 24 77 42 81 79 99 26 27 79 14 54 58 22 73 81 54 47 43 12 36 57 31 28 88 43 14 52 97 54 97 75 0 80 65 60 79 52 59 73 49 15 60 45 98 51 39 89 39 99 33 31 18 36 60 91 89 17 43 47 19 95 83 87 72 86 78 42 17 36 62 86 79 16 43 27 42 43 54 50 92 35 34 17 69 80 21 56 77 40 71 43 70 34 26 10 78 95
13 16 96 79 45 36 49 95 40 12 76 17 60 69 36 53 47 24 69 72 92 64 62 75 43 67 56 66 42 90 71 85 85 17 80 0 21 90 73 55 11 75 52 40 46 91 71 53 46 21 22 49 77 84 43 89 21 24 33 35 45 67 36 43 99 58 19 94 19 16 80 72 52 88 37 78 96 73 71 43 56 45 94 78 60 51 94 22 58 67 78 92 70 60 56 34 30 58 30 49
83 68 58 66 43 61 86 43 24 67 12 81 46 82 60 52 49 50 22 97 74 21 85 97 89 41 73 78 94 46 10 19 86 43 65 21 0 11 36 22 12 76 53 88 21 56 21 58 26 74 72 17 48 96 65 13 90 67 99 88 68 17 41 82 46 23 44 84 37 36 95 45 58 84 94 46 48 79 22 72 16 77 16 71 64 36 49 37 37 50 89 61 60 40 30 21 97 37 13 61
38 40 66 84 83 41 74 52 84 14 87 65 93 86 65 98 47 71 11 64 77 95 96 18 23 89 66 43 67 37 48 90 68 72 60 90 11 0 59 77 50 33 88 67 53 86 29 33 12 24 88 51 65 62 61 66 40 47 18 86 84 87 52 86 60 53 40 79 65 33 56 19 15 97 99 35 35 83 57 81 64 18 79 18 23 67 87 16 35 75 11 41 88 47 66 66 81 13 65 25
52 40 87 56 61 65 51 51 30 14 35 52 99 64 27 17 67 24 39 57 37 81 69 35 12 87 85 84 18 71 62 87 99 73 79 73 36 59 0 73 11 94 27 94 36 96 39 89 90 38 77 53 66 62 55 11 15 63 53 90 18 56 78 40 75 98 88 26 27 85 44 70 16 48 28 40 88 85 22 97 60 67 78 47 40 93 97 50 53 90 23 75 93 52 16 36 37 68 47 72
47 35 75 86 62 28 95 87 72 16 81 82 48 34 73 57 71 58 47 94 76 94 33 79 92 81 62 69 14 28 22 61 77 95 52 55 22 77 73 0 86 44 43 11 76 94 40 14 98 68 33 58 70 20 63 35 63 16 90 78 48 40 59 51 88 78 72 24 49 89 25 69 89 99 78 64 14 23 21 70 92 92 78 84 23 77 87 57 14 75 42 17 36 98 73 38 28 53 98 60
80 79 55 68 10 70 35 10 59 92 72 69 13 64 85 65 38 97 91 32 97 80 95 87 33 55 68 92 90 86 29 81 41 45 59 11 12 50 11 86 0 56 94 61 33 85 33 57 96 87 54 64 70 84 81 86 19 81 12 37 42 29 69 35 46 33 19 87 38 20 74 99 14 35 43 35 93 93 84 26 31 52 91 71 60 30 51 33 41 38 42 96 98 44 23 69 69 46 96 87
12 37 52 63 78 64 53 93 64 22 28 63 65 70 76 37 72 79 30 45 18 97 29 25 13 88 53 21 98 28 22 90 62 54 73 75 76 33 94 44 56 0 66 40 47 15 69 74 64 69 80 39 24 56 14 13 89 18 11 48 18 14 88 71 41 41 11 92 60 23 32 15 25 89 29 77 15 66 30 11 41 31 71 82 80 29 66 32 42 21 75 83 65 31 58 72 54 61 84 11
93 57 50 80 68 66 48 15 94 22 20 50 95 33 76 89 50 53 93 62 89 47 90 72 68 95 28 81 20 49 39 54 61 35 49 52 53 88 27 43 94 66 0 30 56 91 64 44 65 46 35 68 25 14 58 74 35 40 20 56 27 27 26 67 65 64 85 67 43 64 32 47 66 90 62 77 88 31 11 23 36 49 47 87 24 11 92 86 20 45 89 17 32 41 79 76 41 27 89 15
24 72 69 80 92 52 70 90 77 65 79 34 61 70 30 65 99 68 55 86 30 51 51 80 74 98 93 84 88 85 56 32 10 96 15 40 88 67 94 11 61 40 30 0 86 13 24 83 96 73 26 70 34 87 50 73 55 17 54 98 64 82 39 73 52 91 40 80 61 48 49 48 95 74 61 62 66 83 47 39 25 69 35 37 38 62 38 63 27 45 55 50 67 76 90 71 37 17 26 49
19 57 73 31 50 92 87 81 62 45 98 64 35 13 61 45 18 46 97 25 56 35 69 44 95 38 55 31 37 63 40 86 64 12 60 46 21 53 36 76 33 47 56 86 0 54 40 96 24 31 87 63 16 61 94 66 55 12 18 76 71 28 24 86 14 91 79 29 37 17 79 25 47 60 39 80 45 66 30 83 81 84 39 16 26 16 98 37 50 18 35 12 13 62 19 53 75 94 56 62
19 16 59 64 19 74 78 38 13 35 11 32 54 77 74 71 44 38 78 45 28 52 44 54 82 35 43 54 70 53 29 44 61 33 45 91 56 86 96 94 85 15 91 13 54 0 49 90 81 52 83 76 44 65 59 34 91 71 73 46 13 53 48 10 26 46 15 46 73 39 51 79 51 63 66 25 14 79 53 52 81 28 14 31 79 40 64 14 66 72 35 29 25 31 70 84 55 82 90 38
80 60 49 94 25 54 57 14 32 58 57 46 63 10 16 14 29 22 32 96 43 16 21 77 43 57 20 69 88 27 55 47 84 72 98 71 21 29 39 40 33 69 64 24 40 49 0 49 91 12 78 70 43 80 41 20 39 34 24 47 13 68 89 16 70 86 65 52 46 28 84 21 62 21 66 73 62 68 54 56 38 82 32 27 99 91 28 59 60 19 51 52 72 54 22 91 71 74 90 82
52 19 25 49 68 13 89 50 33 13 91 73 26 73 22 49 40 44 97 25 27 19 19 80 27 48 87 48 57 35 92 31 57 29 51 53 58 33 89 14 57 74 44 83 96 90 49 0 65 57 98 34 34 40 60 54 11 31 27 12 15 46 98 20 13 17 15 17 61 28 65 33 44 46 46 65 29 28 73 32 17 22 12 98 56 57 21 77 53 12 67 85 99 16 74 71 97 58 17 85
94 28 55 78 53 51 31 42 18 58 31 59 82 47 47 46 72 94 57 53 75 97 23 39 38 18 99 49 60 60 38 40 18 52 39 46 26 12 90 98 96 64 65 96 24 81 91 65 0 51 72 14 69 78 26 44 84 51 77 42 64 60 20 65 29 83 78 93 84 95 39 10 45 85 32 21 48 14 63 50 83 29 26 95 14 22 79 33 49 75 62 57 83 58 86 39 81 89 45 92
59 98 88 69 92 87 91 56 72 37 23 53 60 87 21 30 92 78 28 99 10 31 19 62 91 26 30 96 78 20 63 15 52 68 89 21 74 24 38 68 87 69 46 73 31 52 12 57 51 0 21 51 80 71 24 12 59 16 51 29 35 87 60 68 10 52 84 29 73 25 83 83 78 96 58 29 38 31 25 78 44 85 48 57 66 74 15 23 27 40 67 76 73 10 80 42 15 70 75 75
58 59 79 49 77 33 33 72 58 15 21 48 43 41 92 69 60 26 49 92 48 92 80 91 58 32 14 27 71 29 77 37 98 14 39 22 72 88 77 33 54 80 35 26 87 83 78 98 72 21 0 76 27 22 46 69 48 82 33 91 23 63 89 69 88 58 17 99 87 33 32 72 19 28 30 62 85 25 78 15 90 84 51 36 49 26 30 52 39 74 59 54 57 49 68 71 14 45 99 73
65 81 76 39 84 25 89 17 61 80 38 85 56 86 48 10 57 47 81 88 73 90 72 95 53 27 88 92 48 15 11 79 56 87 99 49 17 51 53 58 64 39 68 70 63 76 70 34 14 51 76 0 44 54 51 42 87 10 17 55 80 24 89 74 77 86 12 64 49 88 70 22 43 72 72 11 63 82 58 45 41 34 13 26 96 26 33 22 92 61 73 47 55 92 92 28 44 89 59 36
94 66 32 10 65 23 49 85 20 63 63 31 24 83 69 15 56 17 59 62 42 48 60 87 62 49 18 34 70 67 37 54 12 13 33 77 48 65 66 70 70 24 25 34 16 44 43 34 69 80 27 44 0 94 97 78 61 72 75 58 60 37 34 12 74 62 81 45 30 94 53 22 89 64 17 87 26 92 17 29 33 12 85 98 33 97 11 66 41 35 86 22 84 96 10 54 70 12 86 38
56 93 87 92 32 84 91 25 11 36 13 67 76 15 19 31 30 75 39 11 82 85 79 39 34 90 59 78 45 82 20 81 98 59 31 84 96 62 62 20 84 56 14 87 61 65 80 40 78 71 22 54 94 0 14 59 27 50 55 69 36 77 87 77 90 59 81 95 25 34 38 87 76 77 28 66 60 14 59 29 57 67 99 25 91 35 71 95 28 25 90 46 80 82 42 58 41 58 45 83
76 92 19 77 41 54 36 15 18 13 93 77 38 10 90 10 40 43 29 74 69 70 11 43 60 46 40 59 32 94 89 23 34 91 18 43 65 61 55 63 81 14 58 50 94 59 41 60 26 24 46 51 97 14 0 41 55 95 83 43 50 98 68 33 32 50 74 76 92 67 14 29 38 18 19 49 46 67 99 56 58 53 89 25 53 84 66 18 63 81 70 88 80 29 19 58 71 14 84 75
99 83 88 50 29 61 62 84 49 84 39 39 56 72 11 50 52 97 85 74 47 14 89 58 96 87 38 73 30 79 37 24 78 88 36 89 13 66 11 35 86 13 74 73 66 34 20 54 44 12 69 42 78 59 41 0 38 50 27 68 23 54 53 12 10 84 14 90 83 23 77 57 29 98 67 58 40 16 55 75 54 89 45 41 91 43 73 46 58 42 88 96 50 91 30 22 76 15 98 79
31 89 26 62 52 18 53 73 85 70 66 67 72 54 99 75 86 72 23 78 30 82 10 83 72 43 58 97 58 98 79 10 10 79 60 21 90 40 15 63 19 89 35 55 55 91 39 11 84 59 48 87 61 27 55 38 0 58 51 15 26 13 14 72 89 23 49 35 95 51 33 37 31 32 12 84 27 65 99 76 13 63 34 46 11 50 45 89 98 62 91 63 46 46 20 85 99 46 84 29
52 49 13 66 90 23 71 69 66 30 42 21 75 57 14 64 55 72 65 38 64 69 31 96 67 46 63 60 92 83 72 91 98 40 91 24 67 47 63 16 81 18 40 17 12 71 34 31 51 16 82 10 72 50 95 50 58 0 11 77 80 92 14 35 11 47 90 84 66 92 85 95 35 10 78 50 54 32 20 96 17 71 37 91 76 64 45 89 80 55 24 16 32 61 79 99 75 13 90 38
21 53 33 48 45 40 23 14 46 57 84 87 41 93 77 81 22 52 59 64 52 32 85 72 63 47 57 13 39 25 59 52 26 41 89 33 99 18 53 90 12 11 20 54 18 73 24 27 77 51 33 17 75 55 83 27 51 11 0 75 69 48 85 82 64 65 76 85 56 25 39 14 89 91 16 52 72 68 80 41 81 68 17 72 18 40 60 52 65 53 21 10 20 12 25 37 25 61 90 34
29 35 51 73 37 63 84 14 80 91 10 98 50 61 42 22 42 47 43 76 69 74 17 56 12 21 46 83 13 62 50 95 28 49 17 35 88 86 90 78 37 48 56 98 76 46 47 12 42 29 91 55 58 69 43 68 15 77 75 0 47 36 93 75 23 83 30 98 12 92 53 45 86 22 44 71 99 49 58 36 94 96 57 68 58 92 34 98 68 17 50 62 73 74 62 17 46 70 47 80
71 93 69 85 33 12 79 96 84 94 87 32 31 98 51 26 47 68 70 50 26 23 46 84 18 56 26 22 70 92 12 43 21 87 43 45 68 84 18 48 42 18 27 64 71 13 13 15 64 35 23 80 60 36 50 23 26 80 69 47 0 45 31 78 77 68 50 79 14 62 36 79 78 72 64 51 28 45 17 23 59 99 60 88 86 49 25 42 57 56 23 81 76 44 98 93 69 21 82 53
91 92 67 40 36 60 54 87 13 56 79 45 39 71 84 64 14 35 25 81 82 18 85 43 84 95 48 54 25 91 93 17 68 43 47 67 17 87 56 40 29 14 27 82 28 53 68 46 60 87 63 24 37 77 98 54 13 92 48 36 45 0 39 78 53 83 76 73 64 31 53 80 43 12 94 72 88 82 70 40 31 29 38 41 28 12 42 24 21 86 50 57 52 70 40 63 55 19 56 51
38 48 57 64 32 15 38 70 90 35 38 68 33 24 42 30 34 75 70 63 63 52 75 11 49 26 20 92 60 81 44 61 40 37 19 36 41 52 78 59 69 88 26 39 24 48 89 98 20 60 89 89 34 87 68 53 14 14 85 93 31 39 0 59 37 36 21 58 20 76 80 62 82 48 97 32 58 30 61 68 80 98 42 45 50 77 72 20 48 79 24 46 74 14 70 64 94 62 68 80
43 89 11 75 17 67 94 83 50 97 20 14 73 55 95 68 80 88 48 56 40 79 12 63 71 59 13 76 41 80 64 66 27 32 95 43 82 86 40 51 35 71 67 73 86 10 16 20 65 68 69 74 12 77 33 12 72 35 82 75 78 78 59 0 88 34 92 21 22 67 15 10 62 60 91 82 76 92 73 57 81 35 49 71 85 78 16 63 11 20 59 25 56 65 85 48 62 33 15 99
27 10 49 15 93 43 82 91 74 87 21 11 25 72 28 80 36 75 30 96 47 98 93 27 89 49 67 20 83 77 43 42 72 21 83 99 46 60 75 88 46 41 65 52 14 26 70 13 29 10 88 77 74 90 32 10 89 11 64 23 77 53 37 88 0 73 61 27 57 47 82 97 62 39 76 38 42 13 82 41 99 17 79 67 56 54 93 18 34 18 34 44 64 90 46 46 27 84 53 25
28 73 54 95 60 96 39 53 24 18 74 90 35 78 15 48 83 82 55 42 69 25 39 28 92 85 70 11 71 37 52 16 45 82 87 58 23 53 98 78 33 41 64 91 91 46 86 17 83 52 58 86 62 59 50 84 23 47 65 83 68 83 36 34 73 0 73 26 52 49 64 34 70 46 21 10 71 98 57 19 87 85 44 10 75 71 63 45 48 73 34 49 72 34 59 15 85 43 51 25
77 75 19 38 83 31 35 66 23 88 90 56 28 19 46 85 89 56 12 28 74 16 86 23 20 47 94 83 53 51 95 39 59 35 72 19 44 40 88 72 19 11 85 40 79 15 65 15 78 84 17 12 81 81 74 14 49 90 76 30 50 76 21 92 61 73 0 40 42 21 70 59 47 66 14 53 70 62 22 11 52 17 13 21 30 97 39 92 78 47 20 25 49 83 12 53 17 84 79 83
75 17 57 29 90 49 21 59 47 90 70 93 24 64 60 71 74 21 92 99 38 66 40 41 40 71 25 29 33 35 34 42 78 18 86 94 84 79 26 24 87 92 67 80 29 46 52 17 93 29 99 64 45 95 76 90 35 84 85 98 79 73 58 21 27 26 40 0 27 13 36 46 19 80 53 70 72 22 41 27 35 69 19 20 71 72 98 29 64 34 82 69 66 75 65 57 33 36 80 18
98 62 10 60 90 39 85 26 33 36 65 92 32 24 44 80 24 48 22 51 69 46 71 78 60 68 28 12 20 23 60 16 49 79 78 19 37 65 27 49 38 60 43 61 37 73 46 61 84 73 87 49 30 25 92 83 95 66 56 12 14 64 20 22 57 52 42 27 0 79 15 89 91 77 84 71 86 68 47 47 37 39 55 37 63 66 16 67 59 93 58 90 52 17 80 44 96 43 66 19
64 70 32 17 71 37 50 72 84 15 70 96 34 21 43 92 82 41 60 34 38 23 51 62 10 21 60 16 88 29 84 25 95 55 42 16 36 33 85 89 20 23 64 48 17 39 28 28 95 25 33 88 94 34 67 23 51 92 25 92 62 31 76 67 47 49 21 13 79 0 95 67 69 47 25 21 53 75 95 55 29 40 15 84 51 70 93 64 39 92 28 18 66 80 89 43 81 36 46 26
85 38 92 78 53 83 58 98 14 30 23 12 44 36 72 75 91 97 94 29 71 34 40 94 86 62 42 38 20 33 32 96 32 99 17 80 95 56 44 25 74 32 32 49 79 51 84 65 39 83 32 70 53 38 14 77 33 85 39 53 36 53 80 15 82 64 70 36 15 95 0 12 41 88 48 24 82 59 65 79 74 63 78 67 67 60 64 46 95 90 59 40 30 21 64 13 10 11 46 25
40 78 98 46 27 29 16 99 90 77 99 67 43 42 84 20 58 25 68 84 70 80 30 19 79 68 81 63 90 12 63 10 60 86 36 72 45 19 70 69 99 15 47 48 25 79 21 33 10 83 72 22 22 87 29 57 37 95 14 45 79 80 62 10 97 34 59 46 89 67 12 0 62 40 74 31 63 31 98 63 82 76 44 91 95 31 30 50 12 10 51 78 31 48 23 39 48 45 42 31
90 13 91 12 41 57 86 57 88 89 20 48 31 62 95 84 48 35 82 82 81 26 26 47 37 77 28 38 19 11 93 76 49 12 62 52 58 15 16 89 14 25 66 95 47 51 62 44 45 78 19 43 89 76 38 29 31 35 89 86 78 43 82 62 62 70 47 19 91 69 41 62 0 98 68 71 82 98 56 93 41 99 33 15 30 50 43 78 43 70 65 29 38 53 90 55 86 13 45 60
49 45 38 26 84 13 94 75 33 89 97 18 38 88 80 12 22 76 75 25 95 56 25 71 40 70 28 50 99 43 88 14 73 53 86 88 84 97 48 99 35 89 90 74 60 63 21 46 85 96 28 72 64 77 18 98 32 10 91 22 72 12 48 60 39 46 66 80 77 47 88 40 98 0 63 28 71 43 75 49 64 67 17 34 40 95 89 19 28 81 57 21 69 25 85 77 32 12 27 54
49 57 37 78 17 16 13 51 39 70 72 88 23 34 65 12 61 17 14 66 89 31 60 51 67 15 74 28 16 29 64 72 14 90 79 37 94 99 28 78 43 29 62 61 39 66 66 46 32 58 30 72 17 28 19 67 12 78 16 44 64 94 97 91 76 21 14 53 84 25 48 74 68 63 0 98 35 71 41 58 44 26 22 24 71 94 43 49 81 86 98 85 54 68 51 97 83 66 13 90
29 87 99 81 15 37 57 72 94 11 28 12 90 16 96 92 75 37 82 13 55 11 10 93 23 69 68 31 33 30 42 19 90 28 16 78 46 35 40 64 35 77 77 62 80 25 73 65 21 29 62 11 87 66 49 58 84 50 52 71 51 72 32 82 38 10 53 70 71 21 24 31 71 28 98 0 38 46 11 45 98 28 41 29 43 34 39 93 65 26 71 34 47 46 20 98 46 34 59 21
57 18 84 14 15 66 94 48 67 37 79 20 54 94 60 76 49 76 66 75 27 11 83 17 40 81 87 64 23 33 31 81 58 53 43 96 48 35 88 14 93 15 88 66 45 14 62 29 48 38 85 63 26 60 46 40 27 54 72 99 28 88 58 76 42 71 70 72 86 53 82 63 82 71 35 38 0 38 48 54 49 80 51 86 61 59 53 42 29 64 93 13 20 73 12 40 25 53 79 66
85 68 49 74 46 19 53 46 39 86 55 23 44 64 14 13 66 48 35 47 66 10 45 82 11 39 49 96 93 81 97 38 22 11 27 73 79 83 85 23 93 66 31 83 66 79 68 28 14 31 25 82 92 14 67 16 65 32 68 49 45 82 30 92 13 98 62 22 68 75 59 31 98 43 71 46 38 0 96 63 94 62 83 85 18 18 93 96 98 22 39 79 56 46 71 43 36 49 11 84
53 41 20 78 71 43 26 81 59 51 35 21 67 44 70 97 51 51 75 41 14 47 21 68 53 94 47 28 61 81 45 86 88 68 42 71 22 57 22 21 84 30 11 47 30 53 54 73 63 25 78 58 17 59 99 55 99 20 80 58 17 70 61 73 82 57 22 41 47 95 65 98 56 75 41 11 48 96 0 21 41 85 95 95 62 77 66 27 30 99 90 91 71 57 99 99 98 61 68 55
66 75 49 42 18 11 15 38 83 29 77 89 78 16 47 44 29 12 10 46 60 75 41 25 75 26 77 42 49 37 23 87 58 42 43 43 72 81 97 70 26 11 23 39 83 52 56 32 50 78 15 45 29 29 56 75 76 96 41 36 23 40 68 57 41 19 11 27 47 55 79 63 93 49 58 45 54 63 21 0 80 78 19 69 48 28 92 63 74 34 97 61 38 74 86 70 11 85 95 74
66 33 56 91 60 35 81 99 87 28 10 51 89 78 96 93 80 75 68 84 21 71 54 52 53 86 99 26 92 84 25 74 29 42 54 56 16 64 60 92 31 41 36 25 81 81 38 17 83 44 90 41 33 57 58 54 13 17 81 94 59 31 80 81 99 87 52 35 37 29 74 82 41 64 44 98 49 94 41 80 0 70 53 62 64 40 44 40 65 44 47 51 59 25 22 56 88 49 91 60
27 60 93 31 91 29 96 59 71 74 27 78 44 35 81 35 90 94 66 40 30 44 95 71 74 96 78 94 35 97 20 34 48 34 50 45 77 18 67 92 52 31 49 69 84 28 82 22 29 85 84 34 12 67 53 89 63 71 68 96 99 29 98 35 17 85 17 69 39 40 63 76 99 67 26 28 80 62 85 78 70 0 36 87 78 95 55 15 72 47 97 14 20 76 98 13 23 11 10 20
75 52 91 87 98 59 13 23 51 13 59 63 92 49 26 21 38 26 44 95 10 85 65 23 43 70 73 39 29 10 11 13 89 66 92 94 16 79 78 78 91 71 47 35 39 14 32 12 26 48 51 13 85 99 89 45 34 37 17 57 60 38 42 49 79 44 13 19 55 15 78 44 33 17 22 41 51 83 95 19 53 36 0 59 29 68 19 34 13 41 96 15 20 91 48 48 77 97 12 19
11 29 84 31 99 59 30 30 25 93 21 38 41 28 90 68 72 97 62 54 78 73 10 89 85 71 57 60 83 53 81 55 88 81 35 78 71 18 47 84 71 82 87 37 16 31 27 98 95 57 36 26 98 25 25 41 46 91 72 68 88 41 45 71 67 10 21 20 37 84 67 91 15 34 24 29 86 85 95 69 62 87 59 0 63 41 87 11 64 69 27 43 93 20 94 66 99 58 71 33
63 28 10 49 97 96 75 19 49 51 14 61 19 47 50 75 28 57 89 81 72 31 38 40 72 89 97 54 69 34 33 56 67 53 34 60 64 23 40 23 60 80 24 38 26 79 99 56 14 66 49 96 33 91 53 91 11 76 18 58 86 28 50 85 56 75 30 71 63 51 67 95 30 40 71 43 61 18 62 48 64 78 29 63 0 21 50 37 71 76 43 74 31 17 37 61 72 40 53 62
46 82 22 42 61 51 48 34 17 84 23 33 15 10 33 12 21 72 16 86 50 76 89 94 61 52 65 88 85 61 69 58 34 20 17 51 36 67 93 77 30 29 11 62 16 40 91 57 22 74 26 26 97 35 84 43 50 64 40 92 49 12 77 78 54 71 97 72 66 70 60 31 50 95 94 34 59 18 77 28 40 95 68 41 21 0 49 66 23 60 32 25 81 75 19 13 32 64 81 52
74 55 57 42 25 71 62 59 67 77 69 18 43 94 70 19 11 25 25 92 45 66 18 95 71 69 42 35 79 12 48 20 83 66 69 94 49 87 97 87 51 66 92 38 98 64 28 21 79 15 30 33 11 71 66 73 45 45 60 34 25 42 72 16 93 63 39 98 16 93 64 30 43 89 43 39 53 93 66 92 44 55 19 87 50 49 0 92 60 30 86 30 57 14 41 36 13 97 20 95
36 54 90 55 78 31 36 29 60 25 21 78 75 88 70 87 59 25 52 51 92 11 90 69 37 96 11 25 56 91 64 64 47 99 80 22 37 16 50 57 33 32 86 63 37 14 59 77 33 23 52 22 66 95 18 46 89 89 52 98 42 24 20 63 18 45 92 29 67 64 46 50 78 19 49 93 42 96 27 63 40 15 34 11 37 66 92 0 50 82 13 29 60 66 23 28 38 13 97 46
58 25 15 49 51 15 11 79 30 48 28 21 98 99 16 60 28 80 30 31 28 15 47 60 93 41 73 99 28 74 27 36 76 33 21 58 37 35 53 14 41 42 20 27 50 66 60 53 49 27 39 92 41 28 63 58 98 80 65 68 57 21 48 11 34 48 78 64 59 39 95 12 43 28 81 65 29 98 30 74 65 72 13 64 71 23 60 50 0 86 75 86 73 66 44 86 86 98 23 97
58 55 28 12 81 20 37 27 46 42 75 90 81 43 48 37 91 85 37 42 83 22 25 38 18 92 23 84 86 53 23 44 34 82 56 67 50 75 90 75 38 21 45 45 18 72 19 12 75 40 74 61 35 25 81 42 62 55 53 17 56 86 79 20 18 73 47 34 93 92 90 10 70 81 86 26 64 22 99 34 44 47 41 69 76 60 30 82 86 0 53 69 54 87 45 68 24 25 77 94
68 17 94 70 98 25 25 61 94 18 98 54 70 21 59 99 64 25 84 48 47 53 49 44 68 66 43 57 84 74 16 70 60 27 77 78 89 11 23 42 42 75 89 55 35 35 51 67 62 67 59 73 86 90 70 88 91 24 21 50 23 50 24 59 34 34 20 82 58 28 59 51 65 57 98 71 93 39 90 97 47 97 96 27 43 32 86 13 75 53 0 30 13 84 39 80 78 13 52 66
70 64 65 37 31 40 10 17 13 73 93 58 57 21 40 79 29 46 33 40 98 39 85 76 41 83 42 68 85 57 40 30 54 21 40 92 61 41 75 17 96 83 17 50 12 29 52 85 57 76 54 47 22 46 88 96 63 16 10 62 81 57 46 25 44 49 25 69 90 18 40 78 29 21 85 34 13 79 91 61 51 14 15 43 74 25 30 29 86 69 30 0 65 81 55 66 97 52 18 91
88 59 80 17 96 15 44 83 83 30 97 71 45 68 48 54 97 89 18 62 40 16 67 39 56 70 50 57 49 76 40 61 95 48 71 70 60 88 93 36 98 65 32 67 13 25 72 99 83 73 57 55 84 80 80 50 46 32 20 73 76 52 74 56 64 72 49 66 52 66 30 31 38 69 54 47 20 56 71 38 59 20 20 93 31 81 57 60 73 54 13 65 0 35 33 36 20 14 79 41
36 59 50 16 26 70 32 34 11 69 32 79 31 71 47 82 75 86 72 61 28 95 38 99 87 81 93 72 78 19 71 89 11 10 43 60 40 47 52 98 44 31 41 76 62 31 54 16 58 10 49 92 96 82 29 91 46 61 12 74 44 70 14 65 90 34 83 75 17 80 21 48 53 25 68 46 73 46 57 74 25 76 91 20 17 75 14 66 66 87 84 81 35 0 22 72 33 91 66 72
40 88 74 58 13 78 49 61 30 10 40 10 71 31 58 51 86 33 32 27 92 79 63 57 91 97 32 60 15 36 50 32 55 39 70 56 30 66 16 73 23 58 79 90 19 70 22 74 86 80 68 92 10 42 19 30 20 79 25 62 98 40 70 85 46 59 12 65 80 89 64 23 90 85 51 20 12 71 99 86 22 98 48 94 37 19 41 23 44 45 39 55 33 22 0 41 67 61 78 55
59 90 61 13 56 40 76 97 94 15 21 76 34 65 89 79 42 53 38 17 91 32 84 38 45 54 39 60 99 28 81 68 48 83 34 34 21 66 36 38 69 72 76 71 53 84 91 71 39 42 71 28 54 58 58 22 85 99 37 17 93 63 64 48 46 15 53 57 44 43 13 39 55 77 97 98 40 43 99 70 56 13 48 66 61 13 36 28 86 68 80 66 36 72 41 0 62 68 97 42
31 19 52 86 28 24 88 53 67 58 64 94 44 88 64 59 57 41 38 90 24 73 69 80 34 80 13 92 23 80 84 15 60 68 26 30 97 81 37 28 69 54 41 37 75 55 71 97 81 15 14 44 70 41 71 76 99 75 25 46 69 55 94 62 27 85 17 33 96 81 10 48 86 32 83 46 25 36 98 11 88 23 77 99 72 32 13 38 86 24 78 97 20 33 67 62 0 91 72 13
15 18 28 26 85 66 41 23 48 30 23 16 72 41 63 16 57 42 40 56 33 95 53 55 62 53 56 14 94 99 31 12 53 56 10 58 37 13 68 53 46 61 27 17 94 82 74 58 89 70 45 89 12 58 14 15 46 13 61 70 21 19 62 33 84 43 84 36 43 36 11 45 13 12 66 34 53 49 61 85 49 11 97 58 40 64 97 13 98 25 13 52 14 91 61 68 91 0 60 88
23 99 52 72 71 10 10 21 80 31 15 64 23 48 79 31 35 61 68 56 30 58 81 81 92 47 93 25 58 56 24 40 21 65 78 30 13 65 47 98 96 84 89 26 56 90 90 17 45 75 99 59 86 45 84 98 84 90 90 47 82 56 68 15 53 51 79 80 66 46 46 42 45 27 13 59 79 11 68 95 91 10 12 71 53 81 20 97 23 77 52 18 79 66 78 97 72 60 0 30
92 95 55 26 42 51 91 13 90 51 69 18 76 93 70 90 99 42 92 22 30 82 89 36 48 94 53 96 33 36 88 78 64 79 95 49 61 25 72 60 87 11 15 49 62 38 82 85 92 75 73 36 38 83 75 79 29 38 34 80 53 51 80 99 25 25 83 18 19 26 25 31 60 54 90 21 66 84 55 74 60 20 19 33 62 52 95 46 97 94 66 91 41 72 55 42 13 88 30 0