150
0 80 53 32 12 66 91 95 19 67 36 47 67 14 50 46 26 76 98 68 46 46 23 76 95 79 19 52 94 12 55 69 13 32 88 98 34 54 38 55 62 71 87 41 41 57 50 57 89 13 56 99 82 63 95 51 40 82 10 10 87 62 65 60 86 90 80 66 45 66 60 90 14 67 40 46 44 90 13 87 29 61 75 43 95 53 97 27 60 50 92 79 75 82 60 30 95 53 65 63 71 79 99 20 96 67 95 19 95 70 80 11 70 25 92 18 73 40 31 17 61 53 86 12 99 38 93 12 39 37 57 44 30 33 50 61 45 47 81 74 35 91 75 89 62 84 43 88 47 99
80 0 54 44 30 21 30 16 40 27 89 79 39 45 42 28 23 92 97 10 93 84 63 53 11 97 27 32 43 63 34 57 60 11 58 80 78 39 26 56 20 33 74 93 63 59 84 13 67 36 70 55 95 26 81 88 50 59 92 92 31 81 97 71 12 22 56 71 21 19 87 28 70 96 67 64 64 30 96 25 85 31 14 66 29 75 35 39 27 18 49 46 63 55 12 27 34 56 17 10 50 59 57 77 88 79 83 47 87 90 76 80 76 93 35 94 67 66 90 46 55 39 44 58 47 73 53 53 78 54 34 19 89 98 60 27 61 27 18 49 34 83 10 45 42 38 89 52 38 46
53 54 0 33 51 95 20 10 89 55 93 32 25 32 77 29 97 21 59 99 34 75 13 48 27 60 58 32 79 24 79 42 94 18 73 21 22 62 51 26 34 64 24 76 60 94 47 38 28 53 52 27 51 14 67 48 17 26 10 62 44 99 85 10 20 87 69 19 27 25 26 29 71 74 97 23 99 64 20 81 84 22 68 18 11 57 58 28 58 62 60 66 20 99 56 80 43 86 29 60 90 40 52 13 61 92 76 67 26 29 29 78 25 12 92 61 58 83 77 15 43 85 82 89 14 68 83 47 99 45 17 71 57 35 71 70 77 49 30 82 38 85 73 85 35 13 10 93 54 17
32 44 33 0 17 23 60 24 34 47 39 36 82 44 41 83 73 15 23 72 90 92 61 72 67 29 67 33 52 87 59 93 65 98 80 65 18 66 76 30 51 99 46 24 74 22 81 77 68 99 52 96 81 22 58 25 82 42 64 56 99 18 35 31 18 79 90 40 72 15 17 12 45 89 19 54 37 59 60 76 57 49 46 39 59 78 20 12 73 82 79 72 36 90 37 72 42 74 42 26 82 60 59 44 55 91 83 93 37 65 50 87 60 21 83 53 54 73 94 82 82 10 43 72 63 24 53 31 89 43 16 18 25 60 94 46 25 30 81 20 62 84 57 18 25 12 34 97 91 93
12 30 51 17 0 51 93 95 89 21 43 75 41 70 85 38 14 86 35 27 58 55 80 11 53 45 97 25 38 29 74 84 79 61 65 76 57 11 29 76 58 46 75 80 26 60 27 84 41 45 66 56 31 48 40 34 91 17 94 29 39 37 69 58 66 24 69 35 77 96 71 56 90 24 73 76 46 29 21 27 80 74 39 74 81 50 92 19 28 91 71 88 29 87 71 22 64 15 15 71 92 31 59 24 55 16 49 58 43 40 30 20 29 63 71 35 48 96 46 47 71 12 21 13 99 11 77 55 66 52 20 28 75 89 15 62 78 48 82 24 40 32 87 40 82 50 40 28 16 45
66 21 95 23 51 0 81 82 40 56 36 22 78 79 22 19 50 89 50 60 96 52 72 86 70 54 15 73 71 15 16 44 21 63 36 18 25 57 79 16 18 26 33 51 79 53 46 77 53 52 66 88 98 51 47 93 83 99 27 76 14 55 10 13 41 41 71 97 14 27 15 40 26 80 53 69 36 59 60 43 52 33 42 20 70 28 75 97 59 34 67 76 56 94 54 40 93 84 73 42 36 45 11 89 38 31 85 53 28 68 70 11 46 93 49 12 69 44 69 26 38 10 16 54 75 66 86 42 64 17 75 25 92 68 43 45 77 48 79 19 91 49 17 66 75 10 38 98 15 63
91 30 20 60 93 81 0 13 55 22 80 55 47 48 24 75 89 44 63 64 51 34 88 15 51 13 69 71 51 96 12 67 83 16 98 28 73 92 17 75 26 75 17 93 52 43 59 48 80 11 74 66 32 48 87 33 32 96 77 90 14 89 91 14 35 52 63 77 71 34 77 27 95 66 99 10 58 62 99 17 95 55 31 94 72 36 97 34 18 60 55 22 72 11 96 21 73 22 43 30 25 46 51 25 10 24 92 69 17 55 69 41 54 35 71 37 24 69 18 95 64 99 77 55 95 29 45 75 78 34 48 31 93 83 28 44 65 59 44 87 36 73 55 86 52 14 42 21 85 18
95 16 10 24 95 82 13 0 70 82 53 56 20 67 79 88 43 50 92 45 70 55 82 72 66 60 62 57 53 40 95 37 64 63 60 21 28 17 70 57 47 37 76 47 83 23 62 57 55 96 78 48 32 91 24 13 41 18 54 32 69 79 63 69 54 85 56 27 52 65 22 61 79 70 65 90 74 45 45 49 96 45 62 35 75 45 71 21 65 95 16 16 73 45 35 40 16 52 79 89 62 13 34 97 89 78 93 98 76 61 82 68 64 14 30 63 92 67 63 93 46 50 62 31 64 34 33 77 44 74 39 84 63 51 98 91 21 56 83 70 53 88 91 96 39 80 22 97 97 30
19 40 89 34 89 40 55 70 0 99 64 93 15 76 14 26 68 15 36 61 75 40 49 89 46 71 14 47 41 36 33 84 19 92 92 20 90 68 11 94 11 94 98 26 97 10 18 90 66 58 52 65 37 70 90 17 37 46 36 85 69 84 44 20 86 32 24 64 46 35 78 41 46 53 53 59 73 20 69 82 67 53 57 87 91 72 58 22 17 51 63 62 17 56 72 43 39 17 73 21 13 80 87 20 76 71 37 65 98 96 78 62 59 33 36 72 24 40 90 69 68 73 74 78 56 41 59 55 66 72 14 30 42 71 27 19 31 91 35 99 79 13 80 85 11 30 13 47 48 94
67 27 55 47 21 56 22 82 99 0 76 35 11 83 47 93 40 11 48 27 42 60 45 86 96 74 25 85 51 19 97 48 67 77 10 92 58 94 23 51 23 58 45 59 15 99 62 57 98 67 90 47 34 88 47 36 82 20 90 99 83 13 16 20 27 14 85 26 56 72 31 38 62 12 35 91 82 52 13 50 27 18 59 61 56 49 95 98 29 66 92 10 20 96 20 66 98 54 95 52 88 23 48 54 63 58 19 58 65 88 42 40 26 99 56 76 20 20 57 38 34 87 23 89 45 67 64 93 55 12 34 91 25 93 62 32 49 47 48 17 75 53 86 74 11 20 37 15 15 65
36 89 93 39 43 36 80 53 64 76 0 31 98 15 11 89 24 54 41 93 66 30 99 18 76 93 28 19 14 17 38 91 54 12 49 84 56 85 63 44 84 88 90 54 40 57 25 26 86 13 36 84 32 10 58 83 24 65 52 64 12 95 47 18 26 97 71 37 76 45 63 17 79 25 57 21 32 18 33 67 90 58 97 67 76 75 52 88 95 75 34 64 41 79 80 51 78 29 28 99 24 11 53 85 77 62 18 51 61 37 18 44 29 59 67 14 77 15 39 44 26 80 66 34 94 32 65 87 69 47 23 92 25 88 42 59 42 80 19 45 77 23 96 18 84 74 44 19 27 50
47 79 32 36 75 22 55 56 93 35 31 0 16 11 45 66 56 50 86 14 95 49 40 74 16 12 73 22 52 69 18 19 59 33 84 40 33 12 51 70 24 96 23 82 16 50 88 99 95 38 76 69 66 95 38 30 96 69 27 17 55 20 35 78 66 13 77 98 42 24 55 32 23 44 59 66 47 57 12 86 88 70 77 96 44 84 19 35 40 62 45 73 60 17 59 63 49 33 40 93 39 84 36 89 45 36 41 53 59 97 52 87 35 89 14 35 83 55 57 13 47 72 15 72 36 71 91 94 83 55 59 22 71 60 46 38 26 39 29 46 88 60 87 43 78 23 16 21 29 99
67 39 25 82 41 78 47 20 15 11 98 16 0 98 36 53 13 17 95 79 91 57 47 90 95 15 84 61 53 70 32 62 52 72 87 58 24 60 91 57 20 32 61 11 78 70 64 24 46 55 11 98 67 32 84 23 75 66 58 11 67 60 77 85 69 62 11 96 19 18 52 85 22 75 42 21 61 93 18 57 75 58 24 99 26 92 22 12 42 38 97 28 27 44 63 86 42 88 48 34 87 27 27 92 39 70 31 60 73 28 60 78 40 89 97 63 40 17 95 15 97 44 92 90 18 97 29 38 36 79 69 44 15 47 99 60 33 75 18 41 17 31 29 14 48 82 23 44 19 95
14 45 32 44 70 79 48 67 76 83 15 11 98 0 54 40 56 71 81 50 52 51 92 12 42 44 62 65 48 57 28 88 42 95 10 98 19 14 62 65 26 38 11 66 14 44 91 31 45 82 98 47 59 89 79 83 67 49 19 27 79 32 47 54 42 77 79 83 54 44 83 13 40 35 99 33 43 90 24 35 90 34 70 94 53 70 50 44 86 19 52 75 92 23 46 29 23 31 12 40 93 21 66 38 27 24 95 47 40 84 70 70 53 76 96 97 88 16 78 58 28 95 16 42 47 17 75 91 81 62 41 11 40 46 13 16 37 50 51 74 34 50 58 47 96 29 89 87 52 65
50 42 77 41 85 22 24 79 14 47 11 45 36 54 0 41 57 21 14 32 17 80 98 43 31 58 22 42 58 41 33 12 21 56 49 85 10 79 69 10 70 92 43 53 53 33 14 53 74 86 88 63 24 20 81 95 33 21 41 37 99 94 39 87 38 57 66 20 33 90 63 44 92 79 84 12 67 33 84 15 13 12 79 90 27 23 36 69 41 42 85 52 52 92 40 33 33 14 33 30 29 71 77 82 76 84 22 74 68 19 43 46 65 88 34 92 67 95 25 14 69 92 17 70 96 67 41 93 86 31 56 13 86 27 53 37 97 18 71 16 72 66 28 17 39 38 71 56 14 70
46 28 29 83 38 19 75 88 26 93 89 66 53 40 41 0 33 17 67 79 57 25 68 98 17 87 71 81 80 59 71 43 12 92 55 69 63 29 25 32 21 64 45 15 23 71 79 61 99 41 98 87 75 56 47 20 56 19 68 72 47 41 39 98 79 22 94 67 41 83 17 25 13 62 31 75 50 53 65 80 88 63 17 17 77 75 73 52 62 61 89 95 23 98 95 39 55 72 95 82 41 38 68 96 16 83 56 24 95 11 96 42 17 14 10 59 26 88 84 83 90 25 75 87 11 50 56 86 28 91 92 94 72 21 76 93 88 90 91 62 68 80 88 39 56 63 58 62 50 22
26 23 97 73 14 50 89 43 68 40 24 56 13 56 57 33 0 65 54 38 52 24 68 10 28 24 74 81 24 20 89 47 13 56 45 75 73 46 30 69 18 77 29 84 24 87 17 73 22 76 59 51 56 71 33 44 74 15 92 89 83 33 50 65 53 29 37 78 35 71 26 30 62 41 88 64 52 89 44 66 34 58 27 85 67 33 45 61 27 56 61 72 15 75 70 18 26 91 76 23 98 10 35 51 13 47 72 51 90 78 49 91 39 57 69 11 40 17 32 29 50 88 41 93 46 50 11 22 51 29 10 16 45 41 67 39 82 97 15 15 30 21 64 46 61 33 30 90 97 62
76 92 21 15 86 89 44 50 15 11 54 50 17 71 21 17 65 0 64 47 38 75 88 22 30 48 69 49 25 46 48 95 14 38 16 17 51 61 48 33 93 55 84 67 63 31 20 98 82 12 11 27 43 43 82 28 62 71 28 32 48 33 12 33 12 21 21 39 94 75 46 49 78 17 93 98 80 76 48 69 99 48 49 22 75 80 31 92 37 47 31 86 38 64 11 43 93 77 26 69 98 37 52 40 10 27 77 88 80 58 15 21 95 74 69 79 27 18 71 52 70 42 47 56 52 67 15 11 30 27 89 89 94 62 72 99 86 12 52 86 24 74 80 97 14 29 67 40 50 24
98 97 59 23 35 50 63 92 36 48 41 86 95 81 14 67 54 64 0 80 46 16 66 30 88 71 87 20 10 53 11 58 12 38 72 24 84 47 10 67 97 48 29 32 44 35 54 96 93 50 14 14 68 77 26 94 35 17 67 72 16 12 52 94 30 39 77 67 54 57 46 50 88 58 47 99 81 11 84 20 34 72 65 92 24 92 61 50 98 14 60 85 10 34 71 88 54 57 88 28 36 78 83 42 82 16 65 43 92 34 88 28 79 59 64 37 95 84 81 20 74 74 74 76 49 88 43 31 69 58 71 27 65 85 99 67 66 36 88 11 58 86 39 15 13 76 49 20 12 97
68 10 99 72 27 60 64 45 61 27 93 14 79 50 32 79 38 47 80 0 70 93 39 86 37 22 24 44 16 89 55 93 16 19 56 15 28 38 87 86 69 36 85 79 60 59 47 70 76 57 93 85 97 73 93 10 81 63 19 98 60 63 59 39 42 30 50 38 67 95 12 32 95 64 10 35 38 46 33 74 51 48 30 65 30 86 65 98 55 44 69 12 99 49 95 70 66 22 48 74 60 26 19 28 96 30 22 97 64 52 50 11 75 21 80 51 27 18 25 67 57 47 60 65 91 20 62 49 66 77 30 59 57 90 46 93 65 76 94 19 85 87 73 49 47 46 54 58 89 30
46 93 34 90 58 96 51 70 75 42 66 95 91 52 17 57 52 38 46 70 0 54 38 66 54 28 30 17 42 34 62 99 96 95 52 61 89 36 77 74 53 55 18 34 93 22 37 34 38 91 15 32 44 79 43 65 36 60 93 35 69 97 43 57 65 46 32 78 38 13 49 81 12 98 30 80 19 70 28 76 98 80 87 21 59 23 79 72 71 20 65 93 89 95 80 53 40 97 66 93 57 13 28 87 19 89 46 27 22 87 26 75 15 94 51 25 54 25 51 69 11 79 63 51 69 75 25 24 85 15 14 17 14 96 80 69 96 39 84 97 82 53 67 60 96 29 45 22 38 57
46 84 75 92 55 52 34 55 40 60 30 49 57 51 80 25 24 75 16 93 54 0 47 31 57 80 76 66 97 94 16 28 61 25 88 78 35 99 16 66 21 32 86 58 73 30 46 30 88 56 58 13 86 92 90 81 82 23 60 60 22 45 53 15 27 95 21 54 40 32 44 96 28 88 59 92 40 99 46 21 81 29 26 88 85 89 45 71 61 20 93 61 37 76 83 76 97 61 16 90 62 29 64 12 11 51 94 22 79 96 15 71 98 71 41 70 53 69 48 72 14 20 83 44 83 76 27 38 76 92 65 59 81 41 35 37 80 77 17 37 61 90 35 60 71 67 98 84 85 45
23 63 13 61 80 72 88 82 49 45 99 40 47 92 98 68 68 88 66 39 38 47 0 52 91 58 84 33 47 61 43 15 24 38 60 91 86 79 77 63 51 37 65 71 83 52 75 45 99 41 11 22 38 61 32 28 45 48 89 63 92 53 86 83 22 79 56 38 24 64 15 19 55 16 57 20 20 51 60 40 35 96 30 80 67 15 65 66 90 71 60 94 52 31 42 84 62 53 62 68 24 32 73 46 57 48 47 71 68 73 26 45 54 57 20 28 51 87 69 19 27 71 88 34 69 67 19 38 19 39 53 35 93 60 72 13 95 59 93 39 20 34 70 20 56 22 37 88 60 52
76 53 48 72 11 86 15 72 89 86 18 74 90 12 43 98 10 22 30 86 66 31 52 0 49 82 61 21 16 35 82 39 44 70 48 55 12 15 93 19 20 26 92 52 48 48 40 43 90 11 79 30 27 24 83 82 85 77 64 92 10 23 86 90 55 85 13 69 40 16 19 73 93 14 87 89 42 87 71 46 58 11 71 21 11 98 25 69 47 33 55 95 51 73 94 67 38 35 54 41 45 68 18 23 90 93 95 77 68 85 26 63 21 11 69 86 32 38 96 77 36 28 94 33 98 89 15 95 51 54 43 35 48 60 81 97 94 29 89 11 88 59 67 72 12 43 98 96 78 47
95 11 27 67 53 70 51 66 46 96 76 16 95 42 31 17 28 30 88 37 54 57 91 49 0 95 93 32 80 49 16 81 40 29 17 10 28 92 39 36 20 61 48 83 82 75 27 34 46 82 25 34 69 39 29 67 55 72 69 97 33 97 78 27 95 33 93 63 19 52 97 40 19 59 85 71 92 39 83 59 38 57 19 93 67 75 47 94 10 47 23 61 83 73 15 75 31 13 43 93 35 11 21 91 88 62 53 97 45 48 32 37 50 10 86 95 56 51 19 65 31 21 30 18 60 50 62 75 34 63 56 38 71 95 92 92 77 77 74 66 43 14 99 40 92 48 94 81 71 80
79 97 60 29 45 54 13 60 71 74 93 12 15 44 58 87 24 48 71 22 28 80 58 82 95 0 84 79 11 24 95 98 17 55 86 28 80 39 43 83 70 13 98 74 48 49 97 71 47 87 38 82 35 41 37 31 50 38 88 90 46 47 12 88 41 86 15 75 74 40 80 26 73 38 78 90 61 44 34 35 86 38 12 55 92 54 94 95 71 65 46 26 68 95 42 20 25 44 91 43 81 93 19 23 74 72 33 85 31 54 78 57 51 29 99 30 14 41 98 98 95 83 92 51 32 75 38 30 36 72 97 43 95 40 42 13 56 64 63 77 79 63 48 35 23 48 49 58 99 95
19 27 58 67 97 15 69 62 14 25 28 73 84 62 22 71 74 69 87 24 30 76 84 61 93 84 0 98 86 37 50 56 82 61 60 46 46 43 18 40 61 82 64 76 14 53 41 72 50 69 73 40 98 44 65 77 87 28 52 23 81 41 11 77 46 35 19 14 13 45 45 49 62 81 41 87 64 48 45 68 45 90 25 27 38 95 39 30 59 60 94 46 72 26 64 40 62 59 27 51 28 29 99 59 38 56 10 24 43 37 51 50 44 17 78 31 96 93 74 40 61 28 43 43 99 68 13 96 90 51 46 55 75 94 84 83 66 85 86 45 84 84 74 98 29 41 82 50 35 16
52 32 32 33 25 73 71 57 47 85 19 22 61 65 42 81 81 49 20 44 17 66 33 21 32 79 98 0 13 26 77 66 46 28 43 47 27 16 92 83 17 58 27 46 75 37 76 83 94 41 42 53 12 34 83 14 15 66 11 36 14 45 76 28 55 50 38 24 75 40 99 18 17 17 31 90 54 49 58 68 87 83 75 85 28 88 96 60 75 66 55 58 89 57 66 56 43 65 17 56 99 56 78 92 54 39 35 99 96 10 48 42 55 30 36 12 30 73 58 92 96 65 57 90 24 62 61 24 12 99 85 87 93 28 73 28 23 44 91 83 56 93 11 84 98 35 55 10 59 90
94 43 79 52 38 71 51 53 41 51 14 52 53 48 58 80 24 25 10 16 42 97 47 16 80 11 86 13 0 82 36 14 18 80 50 11 20 72 71 49 20 11 72 38 91 62 48 26 66 97 89 67 15 33 30 89 93 95 74 71 83 63 18 95 38 33 96 53 21 17 14 48 47 27 91 61 18 49 25 85 95 88 74 21 22 53 39 15 85 35 25 17 90 74 16 26 82 78 46 73 92 96 59 77 82 48 38 59 31 88 83 38 24 85 26 32 65 60 48 98 88 69 94 32 62 45 37 46 56 40 40 33 33 47 67 96 67 30 51 67 98 50 74 40 92 11 71 47 60 81
12 63 24 87 29 15 96 40 36 19 17 69 70 57 41 59 20 46 53 89 34 94 61 35 49 24 37 26 82 0 28 24 20 20 48 37 39 73 47 85 73 87 10 44 98 19 45 39 87 18 25 89 61 77 48 67 40 96 95 97 77 27 75 29 62 57 67 30 92 50 70 38 95 85 17 34 70 56 43 73 61 94 18 23 36 88 60 88 11 12 51 61 98 60 79 64 52 85 20 91 50 52 83 24 44 50 21 76 44 18 12 96 75 33 13 10 64 26 78 35 62 57 97 90 52 23 98 89 56 86 65 68 31 45 43 76 40 58 47 37 72 77 55 41 30 97 53 90 89 45
55 34 79 59 74 16 12 95 33 97 38 18 32 28 33 71 89 48 11 55 62 16 43 82 16 95 50 77 36 28 0 69 39 96 73 36 94 96 81 39 12 95 85 84 18 47 96 77 34 65 71 17 41 39 42 32 47 72 75 61 14 34 63 75 23 63 37 71 87 18 87 73 86 48 17 50 78 27 46 33 17 83 38 27 21 95 12 22 38 52 82 13 86 66 58 19 19 33 59 38 88 30 43 79 79 69 36 76 74 80 87 88 52 22 27 18 43 56 52 41 88 65 81 83 16 58 55 11 13 23 50 37 76 33 61 26 64 85 32 13 62 60 75 31 64 79 88 37 55 65
69 57 42 93 84 44 67 37 84 48 91 19 62 88 12 43 47 95 58 93 99 28 15 39 81 98 56 66 14 24 69 0 15 88 84 93 35 68 64 43 79 47 13 76 82 94 42 41 65 61 74 37 71 63 55 84 39 35 17 87 72 46 46 36 47 76 48 42 89 26 58 26 91 22 39 38 55 95 88 34 20 58 83 71 90 93 63 86 28 28 93 35 85 18 77 55 31 96 84 25 94 57 96 89 50 40 36 33 39 12 64 41 96 86 21 69 65 17 14 11 82 76 81 65 94 54 45 27 64 14 16 45 93 85 94 50 40 18 49 28 15 53 11 10 89 13 92 81 98 20
13 60 94 65 79 21 83 64 19 67 54 59 52 42 21 12 13 14 12 16 96 61 24 44 40 17 82 46 18 20 39 15 0 15 41 46 11 69 54 68 22 90 53 36 23 10 14 61 54 86 69 53 80 10 76 76 95 39 69 15 68 84 68 41 58 66 49 19 10 46 64 87 78 57 69 16 72 60 79 79 12 20 90 86 88 28 62 50 92 85 97 68 53 57 91 62 80 75 11 43 23 79 27 54 99 10 22 85 27 67 10 28 53 40 16 48 20 83 97 83 21 65 77 88 46 51 74 80 88 52 44 24 97 64 11 68 21 31 11 75 19 25 94 67 76 22 39 16 41 70
32 11 18 98 61 63 16 63 92 77 12 33 72 95 56 92 56 38 38 19 95 25 38 70 29 55 61 28 80 20 96 88 15 0 15 85 45 93 49 19 96 54 72 92 33 92 39 38 95 91 88 92 63 21 12 87 98 19 84 40 40 79 71 60 59 49 18 64 92 26 99 53 46 98 81 68 31 96 14 87 52 65 15 84 19 32 16 89 13 60 54 89 68 43 55 92 11 91 87 16 63 40 40 78 65 14 72 43 39 53 21 11 35 31 74 21 96 24 67 83 85 40 69 29 19 47 86 22 24 25 61 15 77 41 11 82 31 43 33 38 59 69 59 62 30 36 26 18 92 71
88 58 73 80 65 36 98 60 92 10 49 84 87 10 49 55 45 16 72 56 52 88 60 48 17 86 60 43 50 48 73 84 41 15 0 36 55 27 62 69 38 83 16 35 73 81 79 55 96 97 60 74 84 70 80 45 42 68 13 75 96 49 39 31 24 77 50 58 93 76 16 41 74 84 13 80 70 21 87 26 26 35 47 81 11 37 64 73 79 46 22 25 58 68 61 48 24 48 40 41 19 82 69 65 31 78 61 67 66 19 52 97 17 10 34 92 13 84 20 39 19 13 45 53 70 28 65 22 27 58 96 10 49 86 69 69 27 50 37 24 94 31 23 24 98 46 38 90 74 24
98 80 21 65 76 18 28 21 20 92 84 40 58 98 85 69 75 17 24 15 61 78 91 55 10 28 46 47 11 37 36 93 46 85 36 0 74 37 25 29 10 87 17 61 23 44 10 20 48 59 26 67 37 57 95 65 58 88 70 38 73 81 55 21 98 72 22 19 13 33 26 25 90 33 15 25 37 32 67 13 94 85 53 36 18 72 60 35 84 52 30 69 49 64 92 60 94 43 24 71 67 84 43 39 45 94 40 21 38 86 87 50 73 42 68 33 69 55 71 81 59 97 45 50 62 40 43 25 19 39 46 28 48 86 53 42 56 51 10 87 22 39 50 67 43 35 75 78 30 26
34 78 22 18 57 25 73 28 90 58 56 33 24 19 10 63 73 51 84 28 89 35 86 12 28 80 46 27 20 39 94 35 11 45 55 74 0 99 43 57 34 87 72 66 99 20 87 45 16 15 84 65 74 77 22 78 12 39 89 96 49 70 47 44 30 58 73 74 39 13 25 75 76 71 94 63 11 63 22 26 45 58 18 52 78 95 73 56 13 82 88 19 57 92 15 89 51 54 30 54 26 44 63 60 58 93 32 19 74 73 79 31 88 20 57 81 48 37 31 13 75 49 96 71 14 78 83 45 79 18 95 69 55 83 68 51 52 26 43 89 32 78 39 79 63 14 67 16 34 61
54 39 62 66 11 57 92 17 68 94 85 12 60 14 79 29 46 61 47 38 36 99 79 15 92 39 43 16 72 73 96 68 69 93 27 37 99 0 45 27 25 20 28 72 29 48 94 65 36 83 93 47 46 81 28 72 22 58 56 59 98 35 45 64 50 31 18 43 84 89 79 88 62 66 72 60 63 22 74 39 23 82 36 26 25 43 61 74 50 90 69 55 32 24 99 94 73 63 25 19 15 36 64 25 51 25 11 72 91 58 41 32 91 58 70 23 76 24 49 37 45 28 61 24 67 68 87 39 50 17 86 40 39 20 14 62 10 63 64 88 97 23 41 64 12 78 52 45 35 82
38 26 51 76 29 79 17 70 11 23 63 51 91 62 69 25 30 48 10 87 77 16 77 93 39 43 18 92 71 47 81 64 54 49 62 25 43 45 0 14 99 33 88 64 58 68 86 19 70 52 71 54 17 84 74 88 90 88 13 71 89 76 51 50 63 42 90 98 20 19 73 28 44 73 19 46 88 31 11 72 98 70 66 51 87 48 57 72 65 41 58 55 31 77 69 23 51 87 21 99 13 91 35 10 99 27 41 42 52 71 82 43 40 37 19 89 74 34 50 77 63 81 64 73 76 74 45 32 66 39 21 96 23 55 10 65 79 80 58 81 62 69 18 30 56 43 32 61 83 56
55 56 26 30 76 16 75 57 94 51 44 70 57 65 10 32 69 33 67 86 74 66 63 19 36 83 40 83 49 85 39 43 68 19 69 29 57 27 14 0 91 93 45 72 18 83 78 20 45 34 38 84 82 21 65 95 59 76 10 11 10 23 45 51 71 74 67 19 20 75 26 24 16 86 44 76 13 93 53 54 72 88 41 84 52 13 51 17 78 89 67 20 94 94 98 87 10 34 84 47 83 29 30 19 40 12 54 21 36 30 28 59 32 87 42 64 47 11 73 10 37 18 24 69 40 81 72 29 35 92 47 51 23 24 64 56 94 91 43 83 12 51 49 79 41 76 47 19 73 22
62 20 34 51 58 18 26 47 11 23 84 24 20 26 70 21 18 93 97 69 53 21 51 20 20 70 61 17 20 73 12 79 22 96 38 10 34 25 99 91 0 75 68 69 44 24 54 51 50 62 98 93 88 71 99 73 96 99 82 65 65 65 16 38 37 90 83 68 76 49 59 24 51 55 26 17 29 69 51 39 63 50 55 53 78 33 35 21 37 82 84 71 13 45 27 49 43 51 59 65 16 88 43 45 20 20 78 98 45 22 94 14 46 49 59 47 93 14 66 39 31 87 34 69 58 84 10 62 18 97 18 38 73 48 93 31 80 10 21 37 92 26 90 76 37 77 66 50 33 32
71 33 64 99 46 26 75 37 94 58 88 96 32 38 92 64 77 55 48 36 55 32 37 26 61 13 82 58 11 87 95 47 90 54 83 87 87 20 33 93 75 0 24 20 97 10 13 97 17 44 22 21 46 58 52 49 14 62 69 47 56 56 88 15 82 48 74 83 75 42 65 59 48 28 78 46 32 81 52 66 20 53 21 94 92 91 67 70 23 35 67 47 28 29 76 70 10 45 36 59 42 89 74 27 82 67 37 12 37 61 69 67 45 82 99 95 73 84 72 11 74 40 65 31 36 51 24 59 32 81 10 17 39 46 89 22 22 43 50 70 88 10 25 27 12 29 91 26 49 85
87 74 24 46 75 33 17 76 98 45 90 23 61 11 43 45 29 84 29 85 18 86 65 92 48 98 64 27 72 10 85 13 53 72 16 17 72 28 88 45 68 24 0 93 19 95 33 80 11 46 84 69 42 66 38 57 12 28 30 59 89 18 98 22 19 78 15 14 10 42 97 63 97 54 69 22 23 40 89 80 23 41 53 98 93 26 67 40 71 29 94 34 55 48 70 77 84 96 51 26 25 77 78 58 13 67 15 58 80 29 66 30 10 94 49 55 14 35 57 29 81 87 58 22 14 48 93 38 99 86 80 72 69 98 84 71 90 82 77 44 64 43 17 52 34 75 12 52 37 85
41 93 76 24 80 51 93 47 26 59 54 82 11 66 53 15 84 67 32 79 34 58 71 52 83 74 76 46 38 44 84 76 36 92 35 61 66 72 64 72 69 20 93 0 26 63 74 94 87 38 74 74 26 72 17 51 99 14 97 77 94 64 73 76 45 81 28 90 36 26 36 41 21 44 81 59 51 19 60 29 79 82 67 94 74 24 39 73 74 60 12 46 40 44 29 69 90 33 98 81 76 65 48 32 39 11 67 29 25 74 84 98 65 34 29 28 69 42 72 83 67 58 20 11 32 81 51 95 23 61 71 61 10 82 50 44 20 94 62 59 51 90 95 31 23 86 21 74 49 53
41 63 60 74 26 79 52 83 97 15 40 16 78 14 53 23 24 63 44 60 93 73 83 48 82 48 14 75 91 98 18 82 23 33 73 23 99 29 58 18 44 97 19 26 0 88 92 10 14 12 26 23 34 12 37 19 40 77 89 10 29 90 37 38 27 72 91 43 23 50 33 38 52 39 46 28 14 77 29 66 70 56 20 26 37 57 78 60 60 92 63 46 41 74 89 18 16 38 68 65 76 50 73 63 44 98 59 67 46 31 86 58 76 42 73 43 63 27 79 47 67 20 30 24 42 15 37 87 82 21 17 57 18 98 23 36 18 13 76 41 89 51 26 16 44 74 49 78 47 72
57 59 94 22 60 53 43 23 10 99 57 50 70 44 33 71 87 31 35 59 22 30 52 48 75 49 53 37 62 19 47 94 10 92 81 44 20 48 68 83 24 10 95 63 88 0 11 41 61 93 13 52 44 11 78 43 72 47 20 55 78 20 59 10 75 13 54 35 22 51 77 60 48 12 46 51 14 79 26 82 55 76 93 19 92 93 39 15 26 81 57 71 61 16 14 71 21 76 82 23 10 44 70 33 32 53 51 47 75 94 29 73 89 73 80 71 50 71 19 87 10 41 12 86 28 65 83 40 66 75 70 37 31 46 37 37 64 49 24 43 59 91 40 98 61 13 45 49 48 47
50 84 47 81 27 46 59 62 18 62 25 88 64 91 14 79 17 20 54 47 37 46 75 40 27 97 41 76 48 45 96 42 14 39 79 10 87 94 86 78 54 13 33 74 92 11 0 74 78 40 71 95 67 85 68 96 61 16 29 41 85 78 48 15 67 19 59 71 84 55 70 83 55 41 41 78 43 21 61 15 82 95 99 96 99 70 75 50 86 42 47 58 26 71 91 80 57 41 18 21 88 67 94 13 78 21 79 19 78 85 11 94 96 82 53 10 54 64 18 17 50 24 41 21 88 53 31 39 58 55 93 44 23 90 87 52 17 80 38 21 98 49 24 37 30 34 82 17 27 52
57 13 38 77 84 77 48 57 90 57 26 99 24 31 53 61 73 98 96 70 34 30 45 43 34 71 72 83 26 39 77 41 61 38 55 20 45 65 19 20 51 97 80 94 10 41 74 0 76 59 18 72 31 98 40 77 43 12 66 89 33 10 66 64 95 45 67 61 19 75 80 35 36 91 81 37 93 53 88 92 71 86 64 91 22 43 58 98 62 17 84 97 73 98 67 32 51 16 27 25 46 55 47 62 42 32 47 48 88 65 41 64 57 63 79 83 35 55 49 96 70 41 98 34 59 58 40 17 87 13 39 29 32 51 16 75 13 70 83 35 52 79 65 13 26 19 94 64 29 62
89 67 28 68 41 53 80 55 66 98 86 95 46 45 74 99 22 82 93 76 38 88 99 90 46 47 50 94 66 87 34 65 54 95 96 48 16 36 70 45 50 17 11 87 14 61 78 76 0 25 92 66 51 61 36 42 57 32 70 96 15 83 69 11 55 82 97 52 50 19 22 56 69 62 21 59 25 44 42 16 71 30 47 75 31 62 10 80 66 10 47 82 57 62 89 47 33 46 37 36 24 61 47 16 64 32 76 44 60 58 29 16 16 97 51 95 64 79 41 48 21 12 24 15 81 70 24 77 99 58 54 61 35 97 75 45 86 50 68 65 54 23 54 21 56 21 43 57 98 48
13 36 53 99 45 52 11 96 58 67 13 38 55 82 86 41 76 12 50 57 91 56 41 11 82 87 69 41 97 18 65 61 86 91 97 59 15 83 52 34 62 44 46 38 12 93 40 59 25 0 79 18 27 37 51 23 88 24 37 18 85 92 34 28 66 79 77 89 27 55 59 25 28 74 94 73 17 40 94 36 95 17 16 94 42 92 40 64 81 77 82 77 54 32 14 63 79 29 88 42 22 99 59 47 96 88 14 52 54 75 47 72 37 99 33 73 15 26 66 30 52 49 29 43 81 94 98 48 47 10 20 73 44 36 83 34 69 21 90 62 49 31 91 29 68 29 38 40 19 95
56 70 52 52 66 66 74 78 52 90 36 76 11 98 88 98 59 11 14 93 15 58 11 79 25 38 73 42 89 25 71 74 69 88 60 26 84 93 71 38 98 22 84 74 26 13 71 18 92 79 0 40 88 92 18 58 44 39 48 12 15 11 22 98 42 93 78 98 85 52 91 52 68 94 13 74 30 40 11 82 98 75 96 48 30 69 23 36 22 38 67 42 31 21 44 83 66 78 29 15 11 10 46 11 49 37 57 56 77 35 32 94 45 29 36 27 64 60 89 11 56 42 12 90 21 66 50 60 74 80 42 43 91 91 61 13 23 46 99 22 37 79 52 15 25 77 92 37 26 31
99 55 27 96 56 88 66 48 65 47 84 69 98 47 63 87 51 27 14 85 32 13 22 30 34 82 40 53 67 89 17 37 53 92 74 67 65 47 54 84 93 21 69 74 23 52 95 72 66 18 40 0 78 90 54 77 10 56 40 26 73 78 65 95 21 98 48 86 35 15 39 73 17 68 96 20 90 73 20 88 35 88 46 62 73 94 57 75 13 17 26 97 33 46 67 85 51 58 16 64 29 99 27 62 89 74 46 16 39 26 65 21 38 34 20 78 92 25 26 49 40 94 10 87 77 56 34 90 46 60 16 64 52 55 31 26 37 52 81 37 38 37 78 14 64 55 67 71 46 85
82 95 51 81 31 98 32 32 37 34 32 66 67 59 24 75 56 43 68 97 44 86 38 27 69 35 98 12 15 61 41 71 80 63 84 37 74 46 17 82 88 46 42 26 34 44 67 31 51 27 88 78 0 47 85 79 34 74 67 27 98 85 88 16 29 40 60 33 85 27 54 56 29 72 62 40 28 58 14 99 35 58 11 61 44 89 26 74 22 77 33 78 39 78 62 91 45 38 51 95 41 36 14 60 84 25 94 22 62 30 90 69 77 24 44 77 75 72 61 54 95 79 58 58 76 79 79 67 92 14 94 40 34 23 66 74 82 94 67 68 36 48 67 53 62 61 44 52 16 15
63 26 14 22 48 51 48 91 70 88 10 95 32 89 20 56 71 43 77 73 79 92 61 24 39 41 44 34 33 77 39 63 10 21 70 57 77 81 84 21 71 58 66 72 12 11 85 98 61 37 92 90 47 0 59 23 65 61 38 83 77 50 15 80 77 43 45 28 41 49 11 92 68 86 63 90 31 46 65 61 10 10 40 37 50 31 28 10 94 28 84 62 85 87 94 19 60 64 31 44 66 35 79 39 26 60 14 93 29 18 55 45 28 38 53 59 33 70 88 61 93 87 46 37 12 40 27 34 82 29 41 17 75 99 33 30 70 49 94 71 65 86 45 80 90 29 14 79 92 12
95 81 67 58 40 47 87 24 90 47 58 38 84 79 81 47 33 82 26 93 43 90 32 83 29 37 65 83 30 48 42 55 76 12 80 95 22 28 74 65 99 52 38 17 37 78 68 40 36 51 18 54 85 59 0 55 30 85 87 68 12 16 13 24 36 52 36 73 51 90 48 49 10 63 35 82 87 21 31 75 85 56 84 27 92 20 83 32 41 20 55 43 87 50 22 70 76 45 17 15 45 69 81 42 80 22 98 70 21 41 25 28 62 47 42 94 83 93 44 61 61 95 88 33 77 32 18 84 11 27 48 62 51 88 41 30 50 18 22 89 57 58 63 89 73 76 31 39 86 35
51 88 48 25 34 93 33 13 17 36 83 30 23 83 95 20 44 28 94 10 65 81 28 82 67 31 77 14 89 67 32 84 76 87 45 65 78 72 88 95 73 49 57 51 19 43 96 77 42 23 58 77 79 23 55 0 86 41 25 70 66 62 80 56 46 50 61 86 90 42 89 99 72 66 12 21 37 16 31 11 45 84 82 34 38 31 81 75 36 37 25 37 46 45 69 76 31 13 42 45 82 64 11 12 76 29 56 50 39 69 23 11 42 29 38 74 18 15 33 20 38 20 50 30 78 99 11 36 57 64 67 85 92 89 12 56 45 90 48 74 35 38 32 40 15 37 71 32 43 17
40 50 17 82 91 83 32 41 37 82 24 96 75 67 33 56 74 62 35 81 36 82 45 85 55 50 87 15 93 40 47 39 95 98 42 58 12 22 90 59 96 14 12 99 40 72 61 43 57 88 44 10 34 65 30 86 0 20 18 74 22 65 75 11 94 89 37 69 17 92 43 47 91 92 70 50 15 53 25 30 21 96 39 67 10 23 27 23 47 72 43 99 88 49 16 52 68 12 67 13 11 20 82 49 25 41 76 27 41 86 80 47 25 40 64 11 78 24 17 76 66 15 58 23 82 56 80 84 42 64 27 76 73 64 82 18 46 57 29 54 46 64 58 57 45 78 49 53 46 92
82 59 26 42 17 99 96 18 46 20 65 69 66 49 21 19 15 71 17 63 60 23 48 77 72 38 28 66 95 96 72 35 39 19 68 88 39 58 88 76 99 62 28 14 77 47 16 12 32 24 39 56 74 61 85 41 20 0 56 56 23 13 18 17 76 95 12 54 60 42 54 90 12 80 59 56 25 99 57 93 11 46 48 66 49 71 36 63 81 82 50 29 47 67 13 37 23 75 39 72 45 45 48 71 29 51 69 37 52 63 48 34 43 42 33 95 35 64 84 91 12 98 62 80 45 10 53 46 14 11 49 40 41 63 45 97 85 88 52 46 39 94 24 54 86 58 36 23 33 27
10 92 10 64 94 27 77 54 36 90 52 27 58 19 41 68 92 28 67 19 93 60 89 64 69 88 52 11 74 95 75 17 69 84 13 70 89 56 13 10 82 69 30 97 89 20 29 66 70 37 48 40 67 38 87 25 18 56 0 72 24 63 14 21 75 77 23 93 78 11 57 94 23 96 95 47 39 79 92 64 91 91 63 42 38 51 48 46 75 43 79 50 66 33 54 50 36 77 52 62 66 27 41 94 44 84 10 86 89 76 35 15 73 38 20 10 68 55 83 86 33 88 67 26 97 72 71 35 84 66 59 38 17 66 90 10 22 43 50 73 88 31 56 68 99 50 57 36 99 78
10 92 62 56 29 76 90 32 85 99 64 17 11 27 37 72 89 32 72 98 35 60 63 92 97 90 23 36 71 97 61 87 15 40 75 38 96 59 71 11 65 47 59 77 10 55 41 89 96 18 12 26 27 83 68 70 74 56 72 0 45 71 18 81 59 44 49 11 57 69 83 49 54 22 58 77 84 53 88 15 31 51 81 69 43 58 66 20 17 65 61 28 34 37 34 88 89 18 69 40 12 46 45 58 66 36 58 89 76 89 80 40 48 27 11 56 31 68 39 93 41 94 81 15 46 73 53 17 99 32 58 75 12 41 52 72 19 69 21 61 76 72 61 50 39 77 79 13 86 96
87 31 44 99 39 14 14 69 69 83 12 55 67 79 99 47 83 48 16 60 69 22 92 10 33 46 81 14 83 77 14 72 68 40 96 73 49 98 89 10 65 56 89 94 29 78 85 33 15 85 15 73 98 77 12 66 22 23 24 45 0 69 59 86 98 26 16 15 99 83 44 96 62 34 67 92 88 85 74 92 55 89 35 98 17 60 69 71 53 44 22 82 90 14 36 94 20 59 12 66 19 53 20 57 32 23 87 67 76 79 53 47 61 35 37 10 21 57 17 30 83 86 44 46 95 15 10 52 87 64 72 39 82 89 28 48 81 15 31 63 91 60 74 12 15 42 78 44 63 17
62 81 99 18 37 55 89 79 84 13 95 20 60 32 94 41 33 33 12 63 97 45 53 23 97 47 41 45 63 27 34 46 84 79 49 81 70 35 76 23 65 56 18 64 90 20 78 10 83 92 11 78 85 50 16 62 65 13 63 71 69 0 39 84 32 27 85 12 13 91 49 79 61 82 13 83 26 84 58 46 48 74 60 78 59 70 22 41 32 30 13 39 67 80 25 40 61 96 73 42 26 84 34 79 63 57 35 46 25 91 93 54 96 15 52 26 70 13 95 18 67 16 70 60 48 76 19 27 89 17 95 24 33 97 20 83 40 49 21 27 69 36 15 67 47 27 87 30 40 62
65 97 85 35 69 10 91 63 44 16 47 35 77 47 39 39 50 12 52 59 43 53 86 86 78 12 11 76 18 75 63 46 68 71 39 55 47 45 51 45 16 88 98 73 37 59 48 66 69 34 22 65 88 15 13 80 75 18 14 18 59 39 0 82 66 99 99 45 15 49 32 44 46 88 92 26 23 87 21 58 87 99 31 82 91 65 19 47 35 85 99 82 20 79 21 37 55 60 25 20 99 58 22 92 97 33 57 84 18 47 84 83 11 75 11 74 64 53 20 12 37 79 94 84 38 56 95 61 20 60 15 26 28 78 49 72 59 19 95 11 70 39 68 79 25 47 90 95 91 14
60 71 10 31 58 13 14 69 20 20 18 78 85 54 87 98 65 33 94 39 57 15 83 90 27 88 77 28 95 29 75 36 41 60 31 21 44 64 50 51 38 15 22 76 38 10 15 64 11 28 98 95 16 80 24 56 11 17 21 81 86 84 82 0 26 65 98 50 12 73 30 86 17 15 72 63 25 68 41 24 95 95 39 42 26 23 29 31 46 17 79 23 20 74 18 76 71 37 40 78 68 94 14 35 82 41 23 60 90 38 81 10 37 64 77 44 98 88 54 96 62 26 18 24 61 28 85 12 93 81 44 69 45 34 96 18 38 23 81 93 74 59 22 30 46 53 76 20 54 43
86 12 20 18 66 41 35 54 86 27 26 66 69 42 38 79 53 12 30 42 65 27 22 55 95 41 46 55 38 62 23 47 58 59 24 98 30 50 63 71 37 82 19 45 27 75 67 95 55 66 42 21 29 77 36 46 94 76 75 59 98 32 66 26 0 76 48 47 85 52 89 58 38 45 34 71 45 24 12 72 10 45 12 28 81 49 77 14 50 31 18 73 45 86 89 90 78 97 76 14 18 27 36 19 32 97 54 57 13 51 40 42 87 89 97 81 25 99 18 74 32 64 91 86 23 14 14 54 18 92 56 11 21 81 11 63 67 58 48 93 93 73 16 44 90 67 57 15 48 70
90 22 87 79 24 41 52 85 32 14 97 13 62 77 57 22 29 21 39 30 46 95 79 85 33 86 35 50 33 57 63 76 66 49 77 72 58 31 42 74 90 48 78 81 72 13 19 45 82 79 93 98 40 43 52 50 89 95 77 44 26 27 99 65 76 0 99 62 43 69 98 60 33 16 22 10 24 64 88 53 69 34 78 38 79 45 47 60 88 67 68 88 38 86 40 46 73 31 44 21 46 61 51 18 11 44 79 11 26 36 70 38 66 44 63 36 15 81 23 66 65 73 95 40 92 84 88 33 18 77 81 31 71 35 24 19 82 69 30 20 53 29 67 80 82 46 21 22 30 59
80 56 69 90 69 71 63 56 24 85 71 77 11 79 66 94 37 21 77 50 32 21 56 13 93 15 19 38 96 67 37 48 49 18 50 22 73 18 90 67 83 74 15 28 91 54 59 67 97 77 78 48 60 45 36 61 37 12 23 49 16 85 99 98 48 99 0 42 34 31 32 34 29 48 81 71 50 30 61 40 36 87 46 49 61 88 84 25 13 26 78 19 88 62 20 40 36 81 27 86 91 53 93 43 48 58 36 67 37 40 33 39 87 96 62 31 89 17 73 18 73 85 59 64 80 60 13 59 86 80 61 94 59 94 32 56 89 64 37 99 44 97 60 97 33 14 76 46 39 30
66 71 19 40 35 97 77 27 64 26 37 98 96 83 20 67 78 39 67 38 78 54 38 69 63 75 14 24 53 30 71 42 19 64 58 19 74 43 98 19 68 83 14 90 43 35 71 61 52 89 98 86 33 28 73 86 69 54 93 11 15 12 45 50 47 62 42 0 18 85 41 58 21 52 62 12 70 68 43 50 11 87 29 51 34 92 69 50 73 14 44 67 31 19 28 66 71 38 29 53 14 82 42 73 14 16 16 56 51 56 68 33 42 57 48 96 76 30 18 37 33 98 66 27 49 50 85 36 57 96 82 93 49 39 32 94 41 81 45 71 54 28 36 25 16 80 60 31 55 83
45 21 27 72 77 14 71 52 46 56 76 42 19 54 33 41 35 94 54 67 38 40 24 40 19 74 13 75 21 92 87 89 10 92 93 13 39 84 20 20 76 75 10 36 23 22 84 19 50 27 85 35 85 41 51 90 17 60 78 57 99 13 15 12 85 43 34 18 0 12 38 62 30 93 42 16 42 69 87 75 67 83 44 59 48 37 16 94 52 35 96 67 15 67 27 34 98 99 33 82 70 38 67 55 17 28 87 25 88 11 28 69 15 18 78 34 27 60 59 23 85 85 67 52 53 34 88 44 36 97 96 30 47 27 23 32 56 90 29 74 90 47 16 27 11 37 57 60 48 69
66 19 25 15 96 27 34 65 35 72 45 24 18 44 90 83 71 75 57 95 13 32 64 16 52 40 45 40 17 50 18 26 46 26 76 33 13 89 19 75 49 42 42 26 50 51 55 75 19 55 52 15 27 49 90 42 92 42 11 69 83 91 49 73 52 69 31 85 12 0 43 41 49 37 97 67 44 66 32 92 16 35 17 59 38 62 72 98 88 39 77 31 60 26 58 93 89 83 80 28 34 93 71 80 10 86 18 41 23 68 90 56 95 67 10 61 74 99 29 14 48 58 79 35 61 96 86 24 21 48 39 53 91 22 82 48 40 64 69 53 76 85 70 10 57 82 66 56 94 81
60 87 26 17 71 15 77 22 78 31 63 55 52 83 63 17 26 46 46 12 49 44 15 19 97 80 45 99 14 70 87 58 64 99 16 26 25 79 73 26 59 65 97 36 33 77 70 80 22 59 91 39 54 11 48 89 43 54 57 83 44 49 32 30 89 98 32 41 38 43 0 33 24 67 86 99 41 48 53 42 25 80 97 21 45 84 78 44 39 17 17 44 58 65 22 51 99 41 12 25 53 80 11 48 97 34 90 72 69 45 89 17 44 48 59 51 16 11 69 19 27 14 53 38 78 13 33 61 79 20 19 61 60 40 64 76 37 19 19 86 17 85 17 69 43 18 47 47 51 37
90 28 29 12 56 40 27 61 41 38 17 32 85 13 44 25 30 49 50 32 81 96 19 73 40 26 49 18 48 38 73 26 87 53 41 25 75 88 28 24 24 59 63 41 38 60 83 35 56 25 52 73 56 92 49 99 47 90 94 49 96 79 44 86 58 60 34 58 62 41 33 0 32 99 15 27 39 94 71 66 73 19 58 65 36 99 11 58 72 31 77 98 57 86 97 82 17 35 37 73 96 67 33 30 61 52 89 65 59 82 61 47 97 59 57 68 14 29 61 84 90 79 32 91 15 37 94 54 30 25 51 72 28 46 51 71 34 39 74 33 42 62 64 95 15 57 83 63 20 64
14 70 71 45 90 26 95 79 46 62 79 23 22 40 92 13 62 78 88 95 12 28 55 93 19 73 62 17 47 95 86 91 78 46 74 90 76 62 44 16 51 48 97 21 52 48 55 36 69 28 68 17 29 68 10 72 91 12 23 54 62 61 46 17 38 33 29 21 30 49 24 32 0 40 17 29 10 73 61 70 27 53 92 82 75 59 42 99 55 24 84 20 94 58 98 15 10 95 88 81 33 24 21 62 73 25 16 12 19 34 76 77 25 50 19 88 33 95 27 55 52 32 81 37 31 55 53 90 58 92 90 63 83 19 79 88 14 37 38 94 64 83 10 50 75 22 32 31 94 78
67 96 74 89 24 80 66 70 53 12 25 44 75 35 79 62 41 17 58 64 98 88 16 14 59 38 81 17 27 85 48 22 57 98 84 33 71 66 73 86 55 28 54 44 39 12 41 91 62 74 94 68 72 86 63 66 92 80 96 22 34 82 88 15 45 16 48 52 93 37 67 99 40 0 52 32 34 77 27 89 14 95 22 87 28 62 60 10 75 67 86 13 21 91 88 60 31 70 54 92 60 24 13 70 31 10 87 60 28 40 93 22 14 85 76 96 47 66 20 53 13 54 16 35 43 84 80 48 72 80 72 42 95 56 45 33 59 11 56 14 24 63 85 79 53 99 74 35 63 10
40 67 97 19 73 53 99 65 53 35 57 59 42 99 84 31 88 93 47 10 30 59 57 87 85 78 41 31 91 17 17 39 69 81 13 15 94 72 19 44 26 78 69 81 46 46 41 81 21 94 13 96 62 63 35 12 70 59 95 58 67 13 92 72 34 22 81 62 42 97 86 15 17 52 0 94 41 44 79 87 50 28 36 69 22 74 25 95 60 19 60 68 19 26 48 55 68 31 84 69 71 47 13 14 24 38 18 13 21 81 98 58 88 90 20 24 83 88 37 56 68 77 96 94 86 34 80 93 60 38 74 24 35 28 84 43 31 26 48 31 28 73 34 17 49 41 80 90 80 48
46 64 23 54 76 69 10 90 59 91 21 66 21 33 12 75 64 98 99 35 80 92 20 89 71 90 87 90 61 34 50 38 16 68 80 25 63 60 46 76 17 46 22 59 28 51 78 37 59 73 74 20 40 90 82 21 50 56 47 77 92 83 26 63 71 10 71 12 16 67 99 27 29 32 94 0 28 53 51 99 15 73 24 95 97 82 36 17 19 67 82 73 71 94 86 72 29 44 61 61 10 56 77 44 92 11 22 99 99 56 72 34 63 57 70 32 40 49 21 19 82 29 96 67 93 76 58 85 66 82 96 46 13 95 62 29 89 11 27 20 42 80 78 54 44 42 66 27 17 88
44 64 99 37 46 36 58 74 73 82 32 47 61 43 67 50 52 80 81 38 19 40 20 42 92 61 64 54 18 70 78 55 72 31 70 37 11 63 88 13 29 32 23 51 14 14 43 93 25 17 30 90 28 31 87 37 15 25 39 84 88 26 23 25 45 24 50 70 42 44 41 39 10 34 41 28 0 94 27 50 27 35 20 53 73 27 72 64 61 20 85 60 98 82 19 62 66 11 86 14 30 59 33 40 89 15 52 13 62 53 96 97 88 29 61 96 88 44 34 58 25 25 32 26 71 72 94 36 32 28 59 92 43 76 52 39 24 75 92 80 93 94 46 68 46 72 38 57 72 23
90 30 64 59 29 59 62 45 20 52 18 57 93 90 33 53 89 76 11 46 70 99 51 87 39 44 48 49 49 56 27 95 60 96 21 32 63 22 31 93 69 81 40 19 77 79 21 53 44 40 40 73 58 46 21 16 53 99 79 53 85 84 87 68 24 64 30 68 69 66 48 94 73 77 44 53 94 0 76 20 73 86 32 26 15 42 13 80 20 48 77 53 10 57 36 94 87 37 17 32 70 63 30 93 99 34 24 78 71 26 80 23 25 12 78 42 42 30 71 58 62 58 93 18 86 20 10 51 87 18 19 10 95 29 71 23 17 49 70 86 20 64 71 76 76 56 83 84 56 39
13 96 20 60 21 60 99 45 69 13 33 12 18 24 84 65 44 48 84 33 28 46 60 71 83 34 45 58 25 43 46 88 79 14 87 67 22 74 11 53 51 52 89 60 29 26 61 88 42 94 11 20 14 65 31 31 25 57 92 88 74 58 21 41 12 88 61 43 87 32 53 71 61 27 79 51 27 76 0 67 36 39 63 59 49 84 88 86 78 30 72 42 47 26 19 88 13 55 25 51 29 60 93 88 43 67 68 27 53 11 32 11 35 30 85 53 66 14 66 41 84 50 26 74 71 52 57 36 51 20 50 22 38 92 72 47 88 10 57 97 74 44 80 37 76 66 13 96 62 27
87 25 81 76 27 43 17 49 82 50 67 86 57 35 15 80 66 69 20 74 76 21 40 46 59 35 68 68 85 73 33 34 79 87 26 13 26 39 72 54 39 66 80 29 66 82 15 92 16 36 82 88 99 61 75 11 30 93 64 15 92 46 58 24 72 53 40 50 75 92 42 66 70 89 87 99 50 20 67 0 10 68 30 86 57 40 59 89 25 54 50 24 56 26 86 86 43 13 45 70 65 64 51 75 74 37 52 15 51 94 67 42 28 55 92 75 49 79 39 54 57 11 19 57 77 55 46 92 20 83 45 84 39 60 50 68 56 32 94 82 15 15 17 51 40 94 96 42 73 33
29 85 84 57 80 52 95 96 67 27 90 88 75 90 13 88 34 99 34 51 98 81 35 58 38 86 45 87 95 61 17 20 12 52 26 94 45 23 98 72 63 20 23 79 70 55 82 71 71 95 98 35 35 10 85 45 21 11 91 31 55 48 87 95 10 69 36 11 67 16 25 73 27 14 50 15 27 73 36 10 0 86 15 66 38 32 70 87 72 76 44 61 68 97 57 11 10 33 69 28 61 44 50 77 44 60 63 40 91 50 34 56 85 75 59 93 79 15 44 77 26 61 42 75 76 66 84 73 56 82 41 20 93 17 50 29 72 36 70 76 67 82 42 47 26 68 66 31 96 78
61 31 22 49 74 33 55 45 53 18 58 70 58 34 12 63 58 48 72 48 80 29 96 11 57 38 90 83 88 94 83 58 20 65 35 85 58 82 70 88 50 53 41 82 56 76 95 86 30 17 75 88 58 10 56 84 96 46 91 51 89 74 99 95 45 34 87 87 83 35 80 19 53 95 28 73 35 86 39 68 86 0 38 53 93 81 86 91 21 17 60 15 50 78 13 57 97 33 48 24 60 98 64 86 75 72 13 52 74 20 59 90 66 61 96 26 99 85 34 30 99 83 42 96 40 29 81 45 95 46 54 79 83 67 42 41 87 89 73 57 88 71 23 19 70 94 23 33 97 69
75 14 68 46 39 42 31 62 57 59 97 77 24 70 79 17 27 49 65 30 87 26 30 71 19 12 25 75 74 18 38 83 90 15 47 53 18 36 66 41 55 21 53 67 20 93 99 64 47 16 96 46 11 40 84 82 39 48 63 81 35 60 31 39 12 78 46 29 44 17 97 58 92 22 36 24 20 32 63 30 15 38 0 33 95 27 79 90 25 87 16 23 99 31 17 42 16 95 45 57 42 88 79 58 28 24 89 64 35 82 49 71 60 52 96 19 72 74 57 58 99 44 31 22 18 27 95 40 54 84 74 63 92 89 92 49 52 67 53 76 90 78 45 40 57 37 71 56 12 18
43 66 18 39 74 20 94 35 87 61 67 96 99 94 90 17 85 22 92 65 21 88 80 21 93 55 27 85 21 23 27 71 86 84 81 36 52 26 51 84 53 94 98 94 26 19 96 91 75 94 48 62 61 37 27 34 67 66 42 69 98 78 82 42 28 38 49 51 59 59 21 65 82 87 69 95 53 26 59 86 66 53 33 0 88 98 82 50 95 67 84 57 28 41 40 51 31 48 51 77 16 70 27 86 64 98 30 40 66 75 40 23 69 12 45 29 14 12 85 36 28 74 41 81 24 98 88 76 88 12 68 78 13 47 53 57 40 59 40 46 77 51 73 67 15 60 71 51 32 47
95 29 11 59 81 70 72 75 91 56 76 44 26 53 27 77 67 75 24 30 59 85 67 11 67 92 38 28 22 36 21 90 88 19 11 18 78 25 87 52 78 92 93 74 37 92 99 22 31 42 30 73 44 50 92 38 10 49 38 43 17 59 91 26 81 79 61 34 48 38 45 36 75 28 22 97 73 15 49 57 38 93 95 88 0 51 76 57 90 34 16 57 55 59 82 30 29 86 94 46 59 92 11 64 62 67 40 32 38 73 75 27 58 62 65 72 37 97 19 36 90 11 67 75 53 39 12 31 33 63 25 75 70 23 92 64 35 40 31 95 11 89 87 79 12 68 44 55 80 77
53 75 57 78 50 28 36 45 72 49 75 84 92 70 23 75 33 80 92 86 23 89 15 98 75 54 95 88 53 88 95 93 28 32 37 72 95 43 48 13 33 91 26 24 57 93 70 43 62 92 69 94 89 31 20 31 23 71 51 58 60 70 65 23 49 45 88 92 37 62 84 99 59 62 74 82 27 42 84 40 32 81 27 98 51 0 73 80 74 24 51 85 45 80 78 98 35 77 33 60 48 95 81 19 28 21 73 67 97 42 78 50 85 69 89 19 43 83 66 68 64 33 60 40 37 68 33 88 99 29 77 63 48 57 82 31 93 66 14 73 34 94 55 90 42 93 66 18 43 45
97 35 58 20 92 75 97 71 58 95 52 19 22 50 36 73 45 31 61 65 79 45 65 25 47 94 39 96 39 60 12 63 62 16 64 60 73 61 57 51 35 67 67 39 78 39 75 58 10 40 23 57 26 28 83 81 27 36 48 66 69 22 19 29 77 47 84 69 16 72 78 11 42 60 25 36 72 13 88 59 70 86 79 82 76 73 0 76 57 80 94 44 24 26 87 89 67 35 83 69 76 47 40 10 22 44 45 90 87 51 87 44 60 55 89 48 82 35 64 61 48 32 32 35 99 76 32 66 36 29 87 66 41 40 28 12 30 66 13 70 30 33 32 94 33 24 38 57 44 42
27 39 28 12 19 97 34 21 22 98 88 35 12 44 69 52 61 92 50 98 72 71 66 69 94 95 30 60 15 88 22 86 50 89 73 35 56 74 72 17 21 70 40 73 60 15 50 98 80 64 36 75 74 10 32 75 23 63 46 20 71 41 47 31 14 60 25 50 94 98 44 58 99 10 95 17 64 80 86 89 87 91 90 50 57 80 76 0 87 49 77 20 24 75 56 26 24 90 57 30 72 35 13 65 77 94 26 99 96 47 70 97 49 15 16 47 93 44 36 50 80 47 85 40 90 55 10 76 37 19 66 82 67 47 59 73 85 81 10 85 99 13 73 38 12 92 32 24 89 50
60 27 58 73 28 59 18 65 17 29 95 40 42 86 41 62 27 37 98 55 71 61 90 47 10 71 59 75 85 11 38 28 92 13 79 84 13 50 65 78 37 23 71 74 60 26 86 62 66 81 22 13 22 94 41 36 47 81 75 17 53 32 35 46 50 88 13 73 52 88 39 72 55 75 60 19 61 20 78 25 72 21 25 95 90 74 57 87 0 61 17 13 43 99 62 94 58 21 37 31 49 70 87 29 38 26 22 39 50 57 57 40 80 67 91 54 26 41 37 55 90 88 64 70 54 85 71 13 32 59 11 47 86 35 76 60 14 33 72 69 67 96 26 39 15 28 37 15 41 93
50 18 62 82 91 34 60 95 51 66 75 62 38 19 42 61 56 47 14 44 20 20 71 33 47 65 60 66 35 12 52 28 85 60 46 52 82 90 41 89 82 35 29 60 92 81 42 17 10 77 38 17 77 28 20 37 72 82 43 65 44 30 85 17 31 67 26 14 35 39 17 31 24 67 19 67 20 48 30 54 76 17 87 67 34 24 80 49 61 0 21 77 66 82 16 90 69 95 18 59 19 49 92 55 51 75 95 64 30 10 42 70 88 61 22 63 63 59 10 83 63 82 67 61 22 42 95 85 48 78 30 90 94 77 26 65 84 33 53 81 96 13 36 78 91 11 97 28 64 10
92 49 60 79 71 67 55 16 63 92 34 45 97 52 85 89 61 31 60 69 65 93 60 55 23 46 94 55 25 51 82 93 97 54 22 30 88 69 58 67 84 67 94 12 63 57 47 84 47 82 67 26 33 84 55 25 43 50 79 61 22 13 99 79 18 68 78 44 96 77 17 77 84 86 60 82 85 77 72 50 44 60 16 84 16 51 94 77 17 21 0 32 31 50 92 96 65 38 70 45 25 20 30 44 87 37 52 18 24 81 68 77 35 83 18 22 32 89 94 37 87 35 43 86 11 29 52 73 61 21 86 38 63 36 39 31 68 83 13 24 33 22 66 69 20 60 89 25 29 12
79 46 66 72 88 76 22 16 62 10 64 73 28 75 52 95 72 86 85 12 93 61 94 95 61 26 46 58 17 61 13 35 68 89 25 69 19 55 55 20 71 47 34 46 46 71 58 97 82 77 42 97 78 62 43 37 99 29 50 28 82 39 82 23 73 88 19 67 67 31 44 98 20 13 68 73 60 53 42 24 61 15 23 57 57 85 44 20 13 77 32 0 54 33 68 32 51 96 83 50 29 20 26 29 32 89 63 40 49 79 36 48 94 72 33 36 15 99 57 74 90 73 81 22 91 62 78 18 13 25 92 42 94 66 45 17 99 59 86 62 63 14 61 19 72 81 24 38 55 51
75 63 20 36 29 56 72 73 17 20 41 60 27 92 52 23 15 38 10 99 89 37 52 51 83 68 72 89 90 98 86 85 53 68 58 49 57 32 31 94 13 28 55 40 41 61 26 73 57 54 31 33 39 85 87 46 88 47 66 34 90 67 20 20 45 38 88 31 15 60 58 57 94 21 19 71 98 10 47 56 68 50 99 28 55 45 24 24 43 66 31 54 0 61 60 72 81 94 50 62 75 22 81 42 33 15 19 31 30 75 50 25 84 99 19 59 22 31 78 42 10 28 81 37 34 12 64 79 42 63 57 67 60 93 73 32 68 86 25 39 46 56 73 54 80 38 66 33 51 31
82 55 99 90 87 94 11 45 56 96 79 17 44 23 92 98 75 64 34 49 95 76 31 73 73 95 26 57 74 60 66 18 57 43 68 64 92 24 77 94 45 29 48 44 74 16 71 98 62 32 21 46 78 87 50 45 49 67 33 37 14 80 79 74 86 86 62 19 67 26 65 86 58 91 26 94 82 57 26 26 97 78 31 41 59 80 26 75 99 82 50 33 61 0 65 18 62 44 77 59 35 74 30 21 19 72 91 63 59 84 87 67 88 85 51 66 10 42 78 74 99 21 77 33 87 83 16 75 14 26 65 82 81 24 16 89 85 71 40 48 83 73 99 14 32 44 16 27 39 71
60 12 56 37 71 54 96 35 72 20 80 59 63 46 40 95 70 11 71 95 80 83 42 94 15 42 64 66 16 79 58 77 91 55 61 92 15 99 69 98 27 76 70 29 89 14 91 67 89 14 44 67 62 94 22 69 16 13 54 34 36 25 21 18 89 40 20 28 27 58 22 97 98 88 48 86 19 36 19 86 57 13 17 40 82 78 87 56 62 16 92 68 60 65 0 60 94 51 97 83 56 80 84 71 50 12 87 57 78 70 85 58 70 37 83 36 44 44 12 29 20 76 85 78 19 38 75 47 27 39 35 82 71 82 91 20 78 66 56 90 89 25 19 25 21 80 23 81 27 27
30 27 80 72 22 40 21 40 43 66 51 63 86 29 33 39 18 43 88 70 53 76 84 67 75 20 40 56 26 64 19 55 62 92 48 60 89 94 23 87 49 70 77 69 18 71 80 32 47 63 83 85 91 19 70 76 52 37 50 88 94 40 37 76 90 46 40 66 34 93 51 82 15 60 55 72 62 94 88 86 11 57 42 51 30 98 89 26 94 90 96 32 72 18 60 0 32 88 27 59 93 55 57 84 29 68 54 78 90 22 12 37 79 88 53 20 52 76 18 95 52 51 68 54 88 74 48 24 63 58 59 76 93 92 38 65 53 86 58 45 98 18 20 17 30 11 13 94 10 68
95 34 43 42 64 93 73 16 39 98 78 49 42 23 33 55 26 93 54 66 40 97 62 38 31 25 62 43 82 52 19 31 80 11 24 94 51 73 51 10 43 10 84 90 16 21 57 51 33 79 66 51 45 60 76 31 68 23 36 89 20 61 55 71 78 73 36 71 98 89 99 17 10 31 68 29 66 87 13 43 10 97 16 31 29 35 67 24 58 69 65 51 81 62 94 32 0 61 22 62 64 53 28 41 62 40 98 50 67 44 97 74 57 30 54 13 34 24 27 34 32 29 85 78 44 31 19 17 46 85 72 90 45 49 87 61 87 71 15 40 94 70 18 19 45 69 99 95 83 39
53 56 86 74 15 84 22 52 17 54 29 33 88 31 14 72 91 77 57 22 97 61 53 35 13 44 59 65 78 85 33 96 75 91 48 43 54 63 87 34 51 45 96 33 38 76 41 16 46 29 78 58 38 64 45 13 12 75 77 18 59 96 60 37 97 31 81 38 99 83 41 35 95 70 31 44 11 37 55 13 33 33 95 48 86 77 35 90 21 95 38 96 94 44 51 88 61 0 32 82 96 78 34 81 16 75 92 42 91 96 81 48 92 93 40 59 25 88 88 14 50 97 60 69 76 40 18 90 99 60 54 84 93 21 97 48 52 81 63 21 31 10 85 22 74 66 75 74 20 49
65 17 29 42 15 73 43 79 73 95 28 40 48 12 33 95 76 26 88 48 66 16 62 54 43 91 27 17 46 20 59 84 11 87 40 24 30 25 21 84 59 36 51 98 68 82 18 27 37 88 29 16 51 31 17 42 67 39 52 69 12 73 25 40 76 44 27 29 33 80 12 37 88 54 84 61 86 17 25 45 69 48 45 51 94 33 83 57 37 18 70 83 50 77 97 27 22 32 0 50 40 62 17 46 75 89 64 22 86 94 52 97 74 26 75 23 21 67 49 20 31 27 32 47 80 70 51 66 39 56 68 33 94 70 50 34 47 31 57 63 92 18 11 66 64 72 90 49 58 86
63 10 60 26 71 42 30 89 21 52 99 93 34 40 30 82 23 69 28 74 93 90 68 41 93 43 51 56 73 91 38 25 43 16 41 71 54 19 99 47 65 59 26 81 65 23 21 25 36 42 15 64 95 44 15 45 13 72 62 40 66 42 20 78 14 21 86 53 82 28 25 73 81 92 69 61 14 32 51 70 28 24 57 77 46 60 69 30 31 59 45 50 62 59 83 59 62 82 50 0 15 94 66 38 10 50 18 19 37 83 98 93 59 38 82 68 30 75 39 11 21 12 96 29 44 38 76 47 62 36 58 95 56 81 80 82 30 70 20 74 57 90 35 45 81 22 96 64 95 80
71 50 90 82 92 36 25 62 13 88 24 39 87 93 29 41 98 98 36 60 57 62 24 45 35 81 28 99 92 50 88 94 23 63 19 67 26 15 13 83 16 42 25 76 76 10 88 46 24 22 11 29 41 66 45 82 11 45 66 12 19 26 99 68 18 46 91 14 70 34 53 96 33 60 71 10 30 70 29 65 61 60 42 16 59 48 76 72 49 19 25 29 75 35 56 93 64 96 40 15 0 33 45 52 81 78 85 11 91 34 18 20 60 18 68 13 13 20 84 23 76 84 40 68 97 84 87 59 46 20 51 25 46 49 35 82 71 27 80 32 25 69 94 33 68 17 30 75 45 29
79 59 40 60 31 45 46 13 80 23 11 84 27 21 71 38 10 37 78 26 13 29 32 68 11 93 29 56 96 52 30 57 79 40 82 84 44 36 91 29 88 89 77 65 50 44 67 55 61 99 10 99 36 35 69 64 20 45 27 46 53 84 58 94 27 61 53 82 38 93 80 67 24 24 47 56 59 63 60 64 44 98 88 70 92 95 47 35 70 49 20 20 22 74 80 55 53 78 62 94 33 0 85 84 23 67 60 59 95 63 71 72 45 82 66 88 38 69 51 17 78 28 12 70 46 74 61 52 70 28 21 43 80 38 60 99 72 62 28 70 76 96 30 50 88 30 85 39 93 20
99 57 52 59 59 11 51 34 87 48 53 36 27 66 77 68 35 52 83 19 28 64 73 18 21 19 99 78 59 83 43 96 27 40 69 43 63 64 35 30 43 74 78 48 73 70 94 47 47 59 46 27 14 79 81 11 82 48 41 45 20 34 22 14 36 51 93 42 67 71 11 33 21 13 13 77 33 30 93 51 50 64 79 27 11 81 40 13 87 92 30 26 81 30 84 57 28 34 17 66 45 85 0 23 61 59 12 55 68 98 18 55 48 89 88 52 14 19 86 83 64 31 59 96 93 91 40 95 12 64 20 92 65 87 13 91 95 13 90 53 36 70 94 47 89 65 11 34 44 29
20 77 13 44 24 89 25 97 20 54 85 89 92 38 82 96 51 40 42 28 87 12 46 23 91 23 59 92 77 24 79 89 54 78 65 39 60 25 10 19 45 27 58 32 63 33 13 62 16 47 11 62 60 39 42 12 49 71 94 58 57 79 92 35 19 18 43 73 55 80 48 30 62 70 14 44 40 93 88 75 77 86 58 86 64 19 10 65 29 55 44 29 42 21 71 84 41 81 46 38 52 84 23 0 28 24 16 33 27 20 77 51 45 39 53 54 29 78 49 28 18 38 73 48 80 76 66 93 32 45 89 52 79 88 87 86 68 41 46 93 92 41 10 83 57 88 56 14 32 69
96 88 61 55 55 38 10 89 76 63 77 45 39 27 76 16 13 10 82 96 19 11 57 90 88 74 38 54 82 44 79 50 99 65 31 45 58 51 99 40 20 82 13 39 44 32 78 42 64 96 49 89 84 26 80 76 25 29 44 66 32 63 97 82 32 11 48 14 17 10 97 61 73 31 24 92 89 99 43 74 44 75 28 64 62 28 22 77 38 51 87 32 33 19 50 29 62 16 75 10 81 23 61 28 0 38 79 78 43 40 48 47 83 55 23 63 77 72 92 25 83 64 16 91 29 58 30 56 69 81 83 91 85 33 50 51 96 52 33 86 96 75 50 66 82 71 78 36 51 48
67 79 92 91 16 31 24 78 71 58 62 36 70 24 84 83 47 27 16 30 89 51 48 93 62 72 56 39 48 50 69 40 10 14 78 94 93 25 27 12 20 67 67 11 98 53 21 32 32 88 37 74 25 60 22 29 41 51 84 36 23 57 33 41 97 44 58 16 28 86 34 52 25 10 38 11 15 34 67 37 60 72 24 98 67 21 44 94 26 75 37 89 15 72 12 68 40 75 89 50 78 67 59 24 38 0 29 34 75 61 62 22 42 78 73 93 82 55 32 56 63 83 44 50 21 23 89 40 86 40 78 29 63 62 27 16 21 31 91 29 35 78 98 76 19 74 28 72 32 24
95 83 76 83 49 85 92 93 37 19 18 41 31 95 22 56 72 77 65 22 46 94 47 95 53 33 10 35 38 21 36 36 22 72 61 40 32 11 41 54 78 37 15 67 59 51 79 47 76 14 57 46 94 14 98 56 76 69 10 58 87 35 57 23 54 79 36 16 87 18 90 89 16 87 18 22 52 24 68 52 63 13 89 30 40 73 45 26 22 95 52 63 19 91 87 54 98 92 64 18 85 60 12 16 79 29 0 15 18 69 33 43 89 36 45 81 68 44 52 95 95 26 56 36 71 55 55 95 57 83 77 17 13 11 12 17 50 24 82 57 37 64 87 86 12 68 74 73 73 23
19 47 67 93 58 53 69 98 65 58 51 53 60 47 74 24 51 88 43 97 27 22 71 77 97 85 24 99 59 76 76 33 85 43 67 21 19 72 42 21 98 12 58 29 67 47 19 48 44 52 56 16 22 93 70 50 27 37 86 89 67 46 84 60 57 11 67 56 25 41 72 65 12 60 13 99 13 78 27 15 40 52 64 40 32 67 90 99 39 64 18 40 31 63 57 78 50 42 22 19 11 59 55 33 78 34 15 0 63 89 23 23 55 34 35 94 75 20 21 83 79 98 22 37 29 41 63 76 12 96 77 10 89 71 68 56 84 35 95 28 66 63 61 47 51 65 88 99 69 60
95 87 26 37 43 28 17 76 98 65 61 59 73 40 68 95 90 80 92 64 22 79 68 68 45 31 43 96 31 44 74 39 27 39 66 38 74 91 52 36 45 37 80 25 46 75 78 88 60 54 77 39 62 29 21 39 41 52 89 76 76 25 18 90 13 26 37 51 88 23 69 59 19 28 21 99 62 71 53 51 91 74 35 66 38 97 87 96 50 30 24 49 30 59 78 90 67 91 86 37 91 95 68 27 43 75 18 63 0 84 56 62 72 31 42 31 26 30 57 44 70 28 87 63 23 73 59 34 93 67 23 29 98 21 40 31 37 18 13 61 75 53 85 40 12 99 68 92 99 87
70 90 29 65 40 68 55 61 96 88 37 97 28 84 19 11 78 58 34 52 87 96 73 85 48 54 37 10 88 18 80 12 67 53 19 86 73 58 71 30 22 61 29 74 31 94 85 65 58 75 35 26 30 18 41 69 86 63 76 89 79 91 47 38 51 36 40 56 11 68 45 82 34 40 81 56 53 26 11 94 50 20 82 75 73 42 51 47 57 10 81 79 75 84 70 22 44 96 94 83 34 63 98 20 40 61 69 89 84 0 26 72 38 65 65 62 84 60 97 87 63 43 97 26 66 55 59 43 65 14 77 89 53 27 10 56 78 87 37 65 40 42 80 96 43 72 91 76 31 90
80 76 29 50 30 70 69 82 78 42 18 52 60 70 43 96 49 15 88 50 26 15 26 26 32 78 51 48 83 12 87 64 10 21 52 87 79 41 82 28 94 69 66 84 86 29 11 41 29 47 32 65 90 55 25 23 80 48 35 80 53 93 84 81 40 70 33 68 28 90 89 61 76 93 98 72 96 80 32 67 34 59 49 40 75 78 87 70 57 42 68 36 50 87 85 12 97 81 52 98 18 71 18 77 48 62 33 23 56 26 0 47 84 15 49 57 26 11 35 85 99 79 70 69 57 92 61 51 39 66 98 37 26 34 93 81 81 71 96 79 64 75 66 96 90 55 99 68 94 24
11 80 78 87 20 11 41 68 62 40 44 87 78 70 46 42 91 21 28 11 75 71 45 63 37 57 50 42 38 96 88 41 28 11 97 50 31 32 43 59 14 67 30 98 58 73 94 64 16 72 94 21 69 45 28 11 47 34 15 40 47 54 83 10 42 38 39 33 69 56 17 47 77 22 58 34 97 23 11 42 56 90 71 23 27 50 44 97 40 70 77 48 25 67 58 37 74 48 97 93 20 72 55 51 47 22 43 23 62 72 47 0 73 10 71 75 59 46 71 11 12 22 30 29 90 65 57 18 35 62 58 85 46 62 48 86 17 38 94 84 10 71 87 89 49 48 98 83 55 34
70 76 25 60 29 46 54 64 59 26 29 35 40 53 65 17 39 95 79 75 15 98 54 21 50 51 44 55 24 75 52 96 53 35 17 73 88 91 40 32 46 45 10 65 76 89 96 57 16 37 45 38 77 28 62 42 25 43 73 48 61 96 11 37 87 66 87 42 15 95 44 97 25 14 88 63 88 25 35 28 85 66 60 69 58 85 60 49 80 88 35 94 84 88 70 79 57 92 74 59 60 45 48 45 83 42 89 55 72 38 84 73 0 43 77 67 26 83 11 28 52 35 69 54 67 98 23 71 52 80 18 16 19 18 32 81 39 48 99 23 23 32 73 12 72 14 76 23 93 32
25 93 12 21 63 93 35 14 33 99 59 89 89 76 88 14 57 74 59 21 94 71 57 11 10 29 17 30 85 33 22 86 40 31 10 42 20 58 37 87 49 82 94 34 42 73 82 63 97 99 29 34 24 38 47 29 40 42 38 27 35 15 75 64 89 44 96 57 18 67 48 59 50 85 90 57 29 12 30 55 75 61 52 12 62 69 55 15 67 61 83 72 99 85 37 88 30 93 26 38 18 82 89 39 55 78 36 34 31 65 15 10 43 0 51 85 56 12 57 87 90 48 80 45 44 15 91 72 60 69 31 33 60 34 33 63 40 96 26 96 79 34 54 73 90 83 87 80 55 37
92 35 92 83 71 49 71 30 36 56 67 14 97 96 34 10 69 69 64 80 51 41 20 69 86 99 78 36 26 13 27 21 16 74 34 68 57 70 19 42 59 99 49 29 73 80 53 79 51 33 36 20 44 53 42 38 64 33 20 11 37 52 11 77 97 63 62 48 78 10 59 57 19 76 20 70 61 78 85 92 59 96 96 45 65 89 89 16 91 22 18 33 19 51 83 53 54 40 75 82 68 66 88 53 23 73 45 35 42 65 49 71 77 51 0 66 99 44 56 35 48 66 70 78 56 40 38 16 81 33 60 53 53 91 49 53 79 44 84 65 55 66 54 36 98 36 53 96 14 24
18 94 61 53 35 12 37 63 72 76 14 35 63 97 92 59 11 79 37 51 25 70 28 86 95 30 31 12 32 10 18 69 48 21 92 33 81 23 89 64 47 95 55 28 43 71 10 83 95 73 27 78 77 59 94 74 11 95 10 56 10 26 74 44 81 36 31 96 34 61 51 68 88 96 24 32 96 42 53 75 93 26 19 29 72 19 48 47 54 63 22 36 59 66 36 20 13 59 23 68 13 88 52 54 63 93 81 94 31 62 57 75 67 85 66 0 40 40 95 81 47 35 25 34 66 94 96 62 86 81 66 94 95 71 38 68 72 66 80 44 64 58 10 91 28 25 75 37 99 21
73 67 58 54 48 69 24 92 24 20 77 83 40 88 67 26 40 27 95 27 54 53 51 32 56 14 96 30 65 64 43 65 20 96 13 69 48 76 74 47 93 73 14 69 63 50 54 35 64 15 64 92 75 33 83 18 78 35 68 31 21 70 64 98 25 15 89 76 27 74 16 14 33 47 83 40 88 42 66 49 79 99 72 14 37 43 82 93 26 63 32 15 22 10 44 52 34 25 21 30 13 38 14 29 77 82 68 75 26 84 26 59 26 56 99 40 0 85 17 26 73 95 53 12 92 72 87 59 50 74 52 34 18 69 22 28 10 54 20 53 60 77 94 33 59 40 96 98 76 42
40 66 83 73 96 44 69 67 40 20 15 55 17 16 95 88 17 18 84 18 25 69 87 38 51 41 93 73 60 26 56 17 83 24 84 55 37 24 34 11 14 84 35 42 27 71 64 55 79 26 60 25 72 70 93 15 24 64 55 68 57 13 53 88 99 81 17 30 60 99 11 29 95 66 88 49 44 30 14 79 15 85 74 12 97 83 35 44 41 59 89 99 31 42 44 76 24 88 67 75 20 69 19 78 72 55 44 20 30 60 11 46 83 12 44 40 85 0 93 94 23 19 41 36 39 81 46 51 34 37 89 58 14 51 56 81 47 61 27 38 81 78 30 14 50 58 57 59 12 25
31 90 77 94 46 69 18 63 90 57 39 57 95 78 25 84 32 71 81 25 51 48 69 96 19 98 74 58 48 78 52 14 97 67 20 71 31 49 50 73 66 72 57 72 79 19 18 49 41 66 89 26 61 88 44 33 17 84 83 39 17 95 20 54 18 23 73 18 59 29 69 61 27 20 37 21 34 71 66 39 44 34 57 85 19 66 64 36 37 10 94 57 78 78 12 18 27 88 49 39 84 51 86 49 92 32 52 21 57 97 35 71 11 57 56 95 17 93 0 66 18 48 29 20 72 23 60 80 96 15 46 16 10 76 91 14 92 32 52 73 66 94 91 45 76 52 11 24 40 34
17 46 15 82 47 26 95 93 69 38 44 13 15 58 14 83 29 52 20 67 69 72 19 77 65 98 40 92 98 35 41 11 83 83 39 81 13 37 77 10 39 11 29 83 47 87 17 96 48 30 11 49 54 61 61 20 76 91 86 93 30 18 12 96 74 66 18 37 23 14 19 84 55 53 56 19 58 58 41 54 77 30 58 36 36 68 61 50 55 83 37 74 42 74 29 95 34 14 20 11 23 17 83 28 25 56 95 83 44 87 85 11 28 87 35 81 26 94 66 0 19 63 33 77 50 58 11 18 87 47 44 50 74 13 39 77 34 89 73 19 42 44 78 63 75 58 85 49 46 20
61 55 43 82 71 38 64 46 68 34 26 47 97 28 69 90 50 70 74 57 11 14 27 36 31 95 61 96 88 62 88 82 21 85 19 59 75 45 63 37 31 74 81 67 67 10 50 70 21 52 56 40 95 93 61 38 66 12 33 41 83 67 37 62 32 65 73 33 85 48 27 90 52 13 68 82 25 62 84 57 26 99 99 28 90 64 48 80 90 63 87 90 10 99 20 52 32 50 31 21 76 78 64 18 83 63 95 79 70 63 99 12 52 90 48 47 73 23 18 19 0 93 20 66 62 79 78 11 17 49 73 80 98 55 20 75 96 53 56 83 63 32 77 97 43 77 62 68 49 50
53 39 85 10 12 10 99 50 73 87 80 72 44 95 92 25 88 42 74 47 79 20 71 28 21 83 28 65 69 57 65 76 65 40 13 97 49 28 81 18 87 40 87 58 20 41 24 41 12 49 42 94 79 87 95 20 15 98 88 94 86 16 79 26 64 73 85 98 85 58 14 79 32 54 77 29 25 58 50 11 61 83 44 74 11 33 32 47 88 82 35 73 28 21 76 51 29 97 27 12 84 28 31 38 64 83 26 98 28 43 79 22 35 48 66 35 95 19 48 63 93 0 98 59 71 65 89 73 83 68 35 91 67 13 17 32 55 39 62 50 37 87 75 10 15 26 28 67 24 16
86 44 82 43 21 16 77 62 74 23 66 15 92 16 17 75 41 47 74 60 63 83 88 94 30 92 43 57 94 97 81 81 77 69 45 45 96 61 64 24 34 65 58 20 30 12 41 98 24 29 12 10 58 46 88 50 58 62 67 81 44 70 94 18 91 95 59 66 67 79 53 32 81 16 96 96 32 93 26 19 42 42 31 41 67 60 32 85 64 67 43 81 81 77 85 68 85 60 32 96 40 12 59 73 16 44 56 22 87 97 70 30 69 80 70 25 53 41 29 33 20 98 0 53 55 55 83 17 10 71 52 82 30 21 55 60 49 84 75 16 41 43 89 41 35 57 31 30 80 87
12 58 89 72 13 54 55 31 78 89 34 72 90 42 70 87 93 56 76 65 51 44 34 33 18 51 43 90 32 90 83 65 88 29 53 50 71 24 73 69 69 31 22 11 24 86 21 34 15 43 90 87 58 37 33 30 23 80 26 15 46 60 84 24 86 40 64 27 52 35 38 91 37 35 94 67 26 18 74 57 75 96 22 81 75 40 35 40 70 61 86 22 37 33 78 54 78 69 47 29 68 70 96 48 91 50 36 37 63 26 69 29 54 45 78 34 12 36 20 77 66 59 53 0 83 11 53 44 48 62 17 87 20 27 50 31 75 61 40 24 39 98 48 48 22 63 93 16 96 78
99 47 14 63 99 75 95 64 56 45 94 36 18 47 96 11 46 52 49 91 69 83 69 98 60 32 99 24 62 52 16 94 46 19 70 62 14 67 76 40 58 36 14 32 42 28 88 59 81 81 21 77 76 12 77 78 82 45 97 46 95 48 38 61 23 92 80 49 53 61 78 15 31 43 86 93 71 86 71 77 76 40 18 24 53 37 99 90 54 22 11 91 34 87 19 88 44 76 80 44 97 46 93 80 29 21 71 29 23 66 57 90 67 44 56 66 92 39 72 50 62 71 55 83 0 17 39 39 62 12 51 38 38 75 13 96 18 84 22 83 72 33 70 61 43 29 78 11 18 63
38 73 68 24 11 66 29 34 41 67 32 71 97 17 67 50 50 67 88 20 75 76 67 89 50 75 68 62 45 23 58 54 51 47 28 40 78 68 74 81 84 51 48 81 15 65 53 58 70 94 66 56 79 40 32 99 56 10 72 73 15 76 56 28 14 84 60 50 34 96 13 37 55 84 34 76 72 20 52 55 66 29 27 98 39 68 76 55 85 42 29 62 12 83 38 74 31 40 70 38 84 74 91 76 58 23 55 41 73 55 92 65 98 15 40 94 72 81 23 58 79 65 55 11 17 0 42 17 28 16 73 99 25 86 51 71 37 85 25 82 72 86 49 88 66 13 84 99 63 38
93 53 83 53 77 86 45 33 59 64 65 91 29 75 41 56 11 15 43 62 25 27 19 15 62 38 13 61 37 98 55 45 74 86 65 43 83 87 45 72 10 24 93 51 37 83 31 40 24 98 50 34 79 27 18 11 80 53 71 53 10 19 95 85 14 88 13 85 88 86 33 94 53 80 80 58 94 10 57 46 84 81 95 88 12 33 32 10 71 95 52 78 64 16 75 48 19 18 51 76 87 61 40 66 30 89 55 63 59 59 61 57 23 91 38 96 87 46 60 11 78 89 83 53 39 42 0 90 69 98 14 22 14 13 22 54 10 44 17 41 15 41 31 92 82 16 71 23 90 17
12 53 47 31 55 42 75 77 55 93 87 94 38 91 93 86 22 11 31 49 24 38 38 95 75 30 96 24 46 89 11 27 80 22 22 25 45 39 32 29 62 59 38 95 87 40 39 17 77 48 60 90 67 34 84 36 84 46 35 17 52 27 61 12 54 33 59 36 44 24 61 54 90 48 93 85 36 51 36 92 73 45 40 76 31 88 66 76 13 85 73 18 79 75 47 24 17 90 66 47 59 52 95 93 56 40 95 76 34 43 51 18 71 72 16 62 59 51 80 18 11 73 17 44 39 17 90 0 77 18 31 40 15 24 43 19 67 80 94 63 87 49 84 75 99 52 67 70 23 44
39 78 99 89 66 64 78 44 66 55 69 83 36 81 86 28 51 30 69 66 85 76 19 51 34 36 90 12 56 56 13 64 88 24 27 19 79 50 66 35 18 32 99 23 82 66 58 87 99 47 74 46 92 82 11 57 42 14 84 99 87 89 20 93 18 18 86 57 36 21 79 30 58 72 60 66 32 87 51 20 56 95 54 88 33 99 36 37 32 48 61 13 42 14 27 63 46 99 39 62 46 70 12 32 69 86 57 12 93 65 39 35 52 60 81 86 50 34 96 87 17 83 10 48 62 28 69 77 0 10 20 25 52 89 91 56 47 59 23 71 13 28 20 26 82 57 72 62 55 83
37 54 45 43 52 17 34 74 72 12 47 55 79 62 31 91 29 27 58 77 15 92 39 54 63 72 51 99 40 86 23 14 52 25 58 39 18 17 39 92 97 81 86 61 21 75 55 13 58 10 80 60 14 29 27 64 64 11 66 32 64 17 60 81 92 77 80 96 97 48 20 25 92 80 38 82 28 18 20 83 82 46 84 12 63 29 29 19 59 78 21 25 63 26 39 58 85 60 56 36 20 28 64 45 81 40 83 96 67 14 66 62 80 69 33 81 74 37 15 47 49 68 71 62 12 16 98 18 10 0 97 78 22 89 12 32 57 76 88 92 39 22 65 23 20 65 68 84 98 17
57 34 17 16 20 75 48 39 14 34 23 59 69 41 56 92 10 89 71 30 14 65 53 43 56 97 46 85 40 65 50 16 44 61 96 46 95 86 21 47 18 10 80 71 17 70 93 39 54 20 42 16 94 41 48 67 27 49 59 58 72 95 15 44 56 81 61 82 96 39 19 51 90 72 74 96 59 19 50 45 41 54 74 68 25 77 87 66 11 30 86 92 57 65 35 59 72 54 68 58 51 21 20 89 83 78 77 77 23 77 98 58 18 31 60 66 52 89 46 44 73 35 52 17 51 73 14 31 20 97 0 23 31 60 33 23 63 49 83 31 66 76 93 61 95 49 51 69 81 44
44 19 71 18 28 25 31 84 30 91 92 22 44 11 13 94 16 89 27 59 17 59 35 35 38 43 55 87 33 68 37 45 24 15 10 28 69 40 96 51 38 17 72 61 57 37 44 29 61 73 43 64 40 17 62 85 76 40 38 75 39 24 26 69 11 31 94 93 30 53 61 72 63 42 24 46 92 10 22 84 20 79 63 78 75 63 66 82 47 90 38 42 67 82 82 76 90 84 33 95 25 43 92 52 91 29 17 10 29 89 37 85 16 33 53 94 34 58 16 50 80 91 82 87 38 99 22 40 25 78 23 0 82 56 33 88 35 52 74 22 90 18 39 34 36 43 66 49 68 29
30 89 57 25 75 92 93 63 42 25 25 71 15 40 86 72 45 94 65 57 14 81 93 48 71 95 75 93 33 31 76 93 97 77 49 48 55 39 23 23 73 39 69 10 18 31 23 32 35 44 91 52 34 75 51 92 73 41 17 12 82 33 28 45 21 71 59 49 47 91 60 28 83 95 35 13 43 95 38 39 93 83 92 13 70 48 41 67 86 94 63 94 60 81 71 93 45 93 94 56 46 80 65 79 85 63 13 89 98 53 26 46 19 60 53 95 18 14 10 74 98 67 30 20 38 25 14 15 52 22 31 82 0 38 47 91 42 89 73 82 18 29 44 61 86 44 15 75 52 84
33 98 35 60 89 68 83 51 71 93 88 60 47 46 27 21 41 62 85 90 96 41 60 60 95 40 94 28 47 45 33 85 64 41 86 86 83 20 55 24 48 46 98 82 98 46 90 51 97 36 91 55 23 99 88 89 64 63 66 41 89 97 78 34 81 35 94 39 27 22 40 46 19 56 28 95 76 29 92 60 17 67 89 47 23 57 40 47 35 77 36 66 93 24 82 92 49 21 70 81 49 38 87 88 33 62 11 71 21 27 34 62 18 34 91 71 69 51 76 13 55 13 21 27 75 86 13 24 89 89 60 56 38 0 44 32 11 28 74 63 40 64 59 29 49 62 77 45 58 89
50 60 71 94 15 43 28 98 27 62 42 46 99 13 53 76 67 72 99 46 80 35 72 81 92 42 84 73 67 43 61 94 11 11 69 53 68 14 10 64 93 89 84 50 23 37 87 16 75 83 61 31 66 33 41 12 82 45 90 52 28 20 49 96 11 24 32 32 23 82 64 51 79 45 84 62 52 71 72 50 50 42 92 53 92 82 28 59 76 26 39 45 73 16 91 38 87 97 50 80 35 60 13 87 50 27 12 68 40 10 93 48 32 33 49 38 22 56 91 39 20 17 55 50 13 51 22 43 91 12 33 33 47 44 0 25 40 89 13 44 25 37 59 65 11 89 38 43 45 62
61 27 70 46 62 45 44 91 19 32 59 38 60 16 37 93 39 99 67 93 69 37 13 97 92 13 83 28 96 76 26 50 68 82 69 42 51 62 65 56 31 22 71 44 36 37 52 75 45 34 13 26 74 30 30 56 18 97 10 72 48 83 72 18 63 19 56 94 32 48 76 71 88 33 43 29 39 23 47 68 29 41 49 57 64 31 12 73 60 65 31 17 32 89 20 65 61 48 34 82 82 99 91 86 51 16 17 56 31 56 81 86 81 63 53 68 28 81 14 77 75 32 60 31 96 71 54 19 56 32 23 88 91 32 25 0 14 40 98 59 44 93 29 55 77 21 77 43 90 79
45 61 77 25 78 77 65 21 31 49 42 26 33 37 97 88 82 86 66 65 96 80 95 94 77 56 66 23 67 40 64 40 21 31 27 56 52 10 79 94 80 22 90 20 18 64 17 13 86 69 23 37 82 70 50 45 46 85 22 19 81 40 59 38 67 82 89 41 56 40 37 34 14 59 31 89 24 17 88 56 72 87 52 40 35 93 30 85 14 84 68 99 68 85 78 53 87 52 47 30 71 72 95 68 96 21 50 84 37 78 81 17 39 40 79 72 10 47 92 34 96 55 49 75 18 37 10 67 47 57 63 35 42 11 40 14 0 86 69 26 69 39 57 97 82 43 90 85 82 42
47 27 49 30 48 48 59 56 91 47 80 39 75 50 18 90 97 12 36 76 39 77 59 29 77 64 85 44 30 58 85 18 31 43 50 51 26 63 80 91 10 43 82 94 13 49 80 70 50 21 46 52 94 49 18 90 57 88 43 69 15 49 19 23 58 69 64 81 90 64 19 39 37 11 26 11 75 49 10 32 36 89 67 59 40 66 66 81 33 33 83 59 86 71 66 86 71 81 31 70 27 62 13 41 52 31 24 35 18 87 71 38 48 96 44 66 54 61 32 89 53 39 84 61 84 85 44 80 59 76 49 52 89 28 89 40 86 0 68 92 12 61 44 33 32 99 92 25 13 12
81 18 30 81 82 79 44 83 35 48 19 29 18 51 71 91 15 52 88 94 84 17 93 89 74 63 86 91 51 47 32 49 11 33 37 10 43 64 58 43 21 50 77 62 76 24 38 83 68 90 99 81 67 94 22 48 29 52 50 21 31 21 95 81 48 30 37 45 29 69 19 74 38 56 48 27 92 70 57 94 70 73 53 40 31 14 13 10 72 53 13 86 25 40 56 58 15 63 57 20 80 28 90 46 33 91 82 95 13 37 96 94 99 26 84 80 20 27 52 73 56 62 75 40 22 25 17 94 23 88 83 74 73 74 13 98 69 68 0 97 67 80 82 84 29 61 86 12 25 65
74 49 82 20 24 19 87 70 99 17 45 46 41 74 16 62 15 86 11 19 97 37 39 11 66 77 45 83 67 37 13 28 75 38 24 87 89 88 81 83 37 70 44 59 41 43 21 35 65 62 22 37 68 71 89 74 54 46 73 61 63 27 11 93 93 20 99 71 74 53 86 33 94 14 31 20 80 86 97 82 76 57 76 46 95 73 70 85 69 81 24 62 39 48 90 45 40 21 63 74 32 70 53 93 86 29 57 28 61 65 79 84 23 96 65 44 53 38 73 19 83 50 16 24 83 82 41 63 71 92 31 22 82 63 44 59 26 92 97 0 74 22 58 18 30 42 52 67 30 85
35 34 38 62 40 91 36 53 79 75 77 88 17 34 72 68 30 24 58 85 82 61 20 88 43 79 84 56 98 72 62 15 19 59 94 22 32 97 62 12 92 88 64 51 89 59 98 52 54 49 37 38 36 65 57 35 46 39 88 76 91 69 70 74 93 53 44 54 90 76 17 42 64 24 28 42 93 20 74 15 67 88 90 77 11 34 30 99 67 96 33 63 46 83 89 98 94 31 92 57 25 76 36 92 96 35 37 66 75 40 64 10 23 79 55 64 60 81 66 42 63 37 41 39 72 72 15 87 13 39 66 90 18 40 25 44 69 12 67 74 0 92 61 86 70 44 96 80 45 17
91 83 85 84 32 49 73 88 13 53 23 60 31 50 66 80 21 74 86 87 53 90 34 59 14 63 84 93 50 77 60 53 25 69 31 39 78 23 69 51 26 10 43 90 51 91 49 79 23 31 79 37 48 86 58 38 64 94 31 72 60 36 39 59 73 29 97 28 47 85 85 62 83 63 73 80 94 64 44 15 82 71 78 51 89 94 33 13 96 13 22 14 56 73 25 18 70 10 18 90 69 96 70 41 75 78 64 63 53 42 75 71 32 34 66 58 77 78 94 44 32 87 43 98 33 86 41 49 28 22 76 18 29 64 37 93 39 61 80 22 92 0 36 77 65 60 56 95 84 56
75 10 73 57 87 17 55 91 80 86 96 87 29 58 28 88 64 80 39 73 67 35 70 67 99 48 74 11 74 55 75 11 94 59 23 50 39 41 18 49 90 25 17 95 26 40 24 65 54 91 52 78 67 45 63 32 58 24 56 61 74 15 68 22 16 67 60 36 16 70 17 64 10 85 34 78 46 71 80 17 42 23 45 73 87 55 32 73 26 36 66 61 73 99 19 20 18 85 11 35 94 30 94 10 50 98 87 61 85 80 66 87 73 54 54 10 94 30 91 78 77 75 89 48 70 49 31 84 20 65 93 39 44 59 59 29 57 44 82 58 61 36 0 71 33 55 68 79 12 14
89 45 85 18 40 66 86 96 85 74 18 43 14 47 17 39 46 97 15 49 60 60 20 72 40 35 98 84 40 41 31 10 67 62 24 67 79 64 30 79 76 27 52 31 16 98 37 13 21 29 15 14 53 80 89 40 57 54 68 50 12 67 79 30 44 80 97 25 27 10 69 95 50 79 17 54 68 76 37 51 47 19 40 67 79 90 94 38 39 78 69 19 54 14 25 17 19 22 66 45 33 50 47 83 66 76 86 47 40 96 96 89 12 73 36 91 33 14 45 63 97 10 41 48 61 88 92 75 26 23 61 34 61 29 65 55 97 33 84 18 86 77 71 0 40 92 68 59 53 72
62 42 35 25 82 75 52 39 11 11 84 78 48 96 39 56 61 14 13 47 96 71 56 12 92 23 29 98 92 30 64 89 76 30 98 43 63 12 56 41 37 12 34 23 44 61 30 26 56 68 25 64 62 90 73 15 45 86 99 39 15 47 25 46 90 82 33 16 11 57 43 15 75 53 49 44 46 76 76 40 26 70 57 15 12 42 33 12 15 91 20 72 80 32 21 30 45 74 64 81 68 88 89 57 82 19 12 51 12 43 90 49 72 90 98 28 59 50 76 75 43 15 35 22 43 66 82 99 82 20 95 36 86 49 11 77 82 32 29 30 70 65 33 40 0 25 20 46 71 90
84 38 13 12 50 10 14 80 30 20 74 23 82 29 38 63 33 29 76 46 29 67 22 43 48 48 41 35 11 97 79 13 22 36 46 35 14 78 43 76 77 29 75 86 74 13 34 19 21 29 77 55 61 29 76 37 78 58 50 77 42 27 47 53 67 46 14 80 37 82 18 57 22 99 41 42 72 56 66 94 68 94 37 60 68 93 24 92 28 11 60 81 38 44 80 11 69 66 72 22 17 30 65 88 71 74 68 65 99 72 55 48 14 83 36 25 40 58 52 58 77 26 57 63 29 13 16 52 57 65 49 43 44 62 89 21 43 99 61 42 44 60 55 92 25 0 24 83 60 16
43 89 10 34 40 38 42 22 13 37 44 16 23 89 71 58 30 67 49 54 45 98 37 98 94 49 82 55 71 53 88 92 39 26 38 75 67 52 32 47 66 91 12 21 49 45 82 94 43 38 92 67 44 14 31 71 49 36 57 79 78 87 90 76 57 21 76 60 57 66 47 83 32 74 80 66 38 83 13 96 66 23 71 71 44 66 38 32 37 97 89 24 66 16 23 13 99 75 90 96 30 85 11 56 78 28 74 88 68 91 99 98 76 87 53 75 96 57 11 85 62 28 31 93 78 84 71 67 72 68 51 66 15 77 38 77 90 92 86 52 96 56 68 68 20 24 0 14 14 62
88 52 93 97 28 98 21 97 47 15 19 21 44 87 56 62 90 40 20 58 22 84 88 96 81 58 50 10 47 90 37 81 16 18 90 78 16 45 61 19 50 26 52 74 78 49 17 64 57 40 37 71 52 79 39 32 53 23 36 13 44 30 95 20 15 22 46 31 60 56 47 63 31 35 90 27 57 84 96 42 31 33 56 51 55 18 57 24 15 28 25 38 33 27 81 94 95 74 49 64 75 39 34 14 36 72 73 99 92 76 68 83 23 80 96 37 98 59 24 49 68 67 30 16 11 99 23 70 62 84 69 49 75 45 43 43 85 25 12 67 80 95 79 59 46 83 14 0 58 92
47 38 54 91 16 15 85 97 48 15 27 29 19 52 14 50 97 50 12 89 38 85 60 78 71 99 35 59 60 89 55 98 41 92 74 30 34 35 83 73 33 49 37 49 47 48 27 29 98 19 26 46 16 92 86 43 46 33 99 86 63 40 91 54 48 30 39 55 48 94 51 20 94 63 80 17 72 56 62 73 96 97 12 32 80 43 44 89 41 64 29 55 51 39 27 10 83 20 58 95 45 93 44 32 51 32 73 69 99 31 94 55 93 55 14 99 76 12 40 46 49 24 80 96 18 63 90 23 55 98 81 68 52 58 45 90 82 13 25 30 45 84 12 53 71 60 14 58 0 48
99 46 17 93 45 63 18 30 94 65 50 99 95 65 70 22 62 24 97 30 57 45 52 47 80 95 16 90 81 45 65 20 70 71 24 26 61 82 56 22 32 85 85 53 72 47 52 62 48 95 31 85 15 12 35 17 92 27 78 96 17 62 14 43 70 59 30 83 69 81 37 64 78 10 48 88 23 39 27 33 78 69 18 47 77 45 42 50 93 10 12 51 31 71 27 68 39 49 86 80 29 20 29 69 48 24 23 60 87 90 24 34 32 37 24 21 42 25 34 20 50 16 87 78 63 38 17 44 83 17 44 29 84 89 62 79 42 12 65 85 17 56 14 72 90 16 62 92 48 0