75
0 48 35 46 54 59 45 50 41 91 37 59 11 96 63 12 68 43 19 97 89 70 94 82 33 40 94 36 75 12 80 55 86 13 85 54 29 20 64 22 85 59 59 79 32 96 52 85 97 56 14 59 55 82 97 59 79 69 29 44 46 67 90 31 60 76 53 71 96 27 42 53 36 61 65
48 0 21 16 50 54 51 98 17 11 52 73 23 78 81 15 17 68 28 45 25 70 30 94 35 53 61 20 80 17 78 87 81 16 69 58 44 97 72 15 92 26 81 80 45 86 39 32 81 34 85 21 40 34 60 36 86 57 52 23 79 33 33 60 42 88 67 25 73 65 96 47 77 26 64
35 21 0 74 99 60 71 37 84 56 34 41 30 35 47 97 74 56 66 19 56 58 85 92 31 57 96 81 70 77 97 46 68 72 85 27 13 62 16 42 70 27 26 27 25 85 81 24 16 75 16 96 30 87 11 84 71 84 18 17 85 53 73 90 13 48 80 68 98 68 81 20 84 69 69
46 16 74 0 47 18 75 25 62 30 81 91 21 19 85 35 60 99 86 74 56 58 33 80 99 64 73 60 61 91 48 78 78 91 42 60 89 75 34 34 77 74 72 34 56 35 46 82 47 21 87 55 41 62 69 77 42 94 95 15 20 24 27 13 74 39 31 58 54 95 40 90 70 95 44
54 50 99 47 0 29 56 15 93 33 74 12 80 38 72 86 41 26 85 79 64 32 62 92 97 78 47 48 53 83 87 94 33 68 32 43 79 40 81 45 51 65 40 26 80 54 79 19 56 77 47 88 87 61 65 99 12 75 22 53 27 54 46 15 15 58 94 65 85 96 45 61 26 31 44
59 54 60 18 29 0 52 47 35 44 39 83 19 15 33 94 12 19 93 19 16 86 94 43 53 57 84 89 87 11 34 13 25 39 72 47 17 71 68 26 95 49 32 11 10 17 25 99 54 88 70 61 94 71 40 17 99 29 97 89 61 66 14 91 69 92 90 51 83 45 16 25 76 99 93
45 51 71 75 56 52 0 63 51 94 68 67 43 12 61 36 22 72 86 75 64 27 80 53 24 46 55 41 34 99 40 27 57 59 47 34 97 79 57 55 81 93 24 12 58 25 89 19 94 83 69 95 52 24 36 47 64 36 78 99 52 33 45 56 89 89 62 98 85 12 68 66 15 50 18
50 98 37 25 15 47 63 0 68 26 81 85 36 34 59 97 56 86 93 86 77 35 93 54 89 90 18 95 38 56 56 33 22 36 68 85 65 88 48 70 40 92 35 64 66 11 34 72 86 89 70 64 20 80 87 78 53 27 97 94 28 83 70 92 94 43 71 57 45 91 63 10 19 24 35
41 17 84 62 93 35 51 68 0 61 11 40 99 38 86 45 74 10 27 13 93 12 76 11 34 37 54 95 26 79 99 86 40 85 13 87 55 20 13 48 31 12 35 57 80 72 55 29 86 58 83 85 61 92 13 11 88 16 82 92 76 63 25 26 14 97 77 52 73 43 54 51 98 83 71
91 11 56 30 33 44 94 26 61 0 72 98 82 85 95 16 39 97 62 46 83 76 64 84 48 82 28 54 74 92 55 24 93 57 60 86 27 24 42 61 99 12 22 50 84 13 67 88 26 64 65 81 97 22 88 33 81 24 20 93 18 65 83 93 56 60 17 95 66 41 22 36 71 64 44
37 52 34 81 74 39 68 81 11 72 0 13 81 16 94 20 62 83 48 37 44 91 82 62 14 96 49 72 18 31 49 44 32 19 66 94 29 55 92 15 74 17 91 73 69 67 55 29 57 15 39 44 59 61 37 97 88 75 60 42 51 98 94 57 83 42 46 12 80 79 72 53 82 72 68
59 73 41 91 12 83 67 85 40 98 13 0 60 57 79 69 58 59 32 35 47 61 32 15 54 82 32 50 43 48 94 37 49 74 36 15 29 38 24 65 16 71 94 43 73 85 59 28 69 33 21 74 61 37 22 50 42 97 22 38 52 36 36 20 16 69 46 22 23 30 53 44 91 97 76
11 23 30 21 80 19 43 36 99 82 81 60 0 68 90 12 59 53 15 48 37 45 21 37 58 37 54 58 77 56 92 90 60 93 81 20 32 99 65 23 94 37 42 35 14 67 51 42 52 14 23 67 36 44 14 74 85 72 73 94 93 78 73 80 37 34 59 69 86 99 39 70 92 66 36
96 78 35 19 38 15 12 34 38 85 16 57 68 0 83 13 59 55 90 93 82 63 23 64 98 45 28 50 91 24 31 18 59 12 92 80 20 48 33 27 88 27 27 11 64 70 33 59 63 86 82 50 51 22 82 24 13 34 54 54 79 88 48 45 46 92 76 63 39 31 91 96 73 56 53
63 81 47 85 72 33 61 59 86 95 94 79 90 83 0 62 25 46 34 69 23 77 36 30 55 12 39 67 78 48 97 28 97 35 13 46 77 99 87 49 39 86 33 92 54 62 58 32 78 54 11 82 35 80 96 33 58 37 17 39 29 33 36 52 65 88 70 33 68 88 35 43 82 90 88
12 15 97 35 86 94 36 97 45 16 20 69 12 13 62 0 54 14 14 11 67 47 34 77 67 32 75 95 73 43 63 36 60 46 25 19 88 84 64 99 80 69 50 31 79 44 25 16 11 75 84 38 46 61 10 13 49 91 12 78 46 78 31 60 87 99 11 41 48 69 75 55 23 55 31
68 17 74 60 41 12 22 56 74 39 62 58 59 59 25 54 0 80 38 10 64 52 61 98 69 13 47 14 36 31 78 53 27 70 19 95 70 11 89 34 94 35 89 96 30 30 26 76 53 50 29 16 87 35 38 21 49 39 50 69 55 69 95 62 13 94 54 81 37 29 32 13 29 24 53
43 68 56 99 26 19 72 86 10 97 83 59 53 55 46 14 80 0 87 61 89 21 95 35 83 75 78 38 14 11 82 92 75 34 72 63 36 92 67 23 96 46 34 72 43 89 47 51 86 54 18 50 60 95 63 91 98 79 70 46 25 19 27 49 52 28 97 88 47 46 96 51 10 91 20
19 28 66 86 85 93 86 93 27 62 48 32 15 90 34 14 38 87 0 91 11 73 32 77 47 42 22 43 23 92 76 73 86 91 54 90 63 88 73 48 60 17 97 86 49 20 88 57 62 65 64 71 17 12 95 32 53 14 90 87 60 15 31 34 29 57 86 16 70 40 30 58 78 90 78
97 45 19 74 79 19 75 86 13 46 37 35 48 93 69 11 10 61 91 0 68 29 98 75 26 88 30 99 79 97 31 68 90 18 41 62 69 42 29 68 40 82 83 49 76 99 25 27 76 84 29 22 49 89 77 73 19 18 61 29 57 20 45 60 56 95 85 30 99 35 71 76 58 35 99
89 25 56 56 64 16 64 77 93 83 44 47 37 82 23 67 64 89 11 68 0 49 63 26 70 60 88 94 63 77 64 30 50 37 80 38 77 81 44 86 84 90 86 44 39 97 92 60 71 28 74 95 32 87 51 32 20 85 50 40 43 44 50 56 93 95 68 17 64 96 78 47 77 12 77
70 70 58 58 32 86 27 35 12 76 91 61 45 63 77 47 52 21 73 29 49 0 37 50 79 25 63 37 92 30 94 83 63 30 94 21 68 42 68 32 33 53 88 55 29 27 93 71 65 50 54 40 84 58 33 85 86 10 94 24 38 34 65 95 12 90 41 51 10 30 25 21 17 53 75
94 30 85 33 62 94 80 93 76 64 82 32 21 23 36 34 61 95 32 98 63 37 0 73 55 23 11 35 58 15 49 23 52 37 74 36 20 63 31 71 29 68 77 45 71 87 45 94 54 49 92 92 22 42 78 41 12 30 27 67 19 91 79 53 12 65 41 35 21 67 82 28 65 58 61
82 94 92 80 92 43 53 54 11 84 62 15 37 64 30 77 98 35 77 75 26 50 73 0 34 79 53 88 18 72 83 63 90 67 42 56 53 79 31 67 43 21 53 92 94 94 28 82 70 71 44 10 86 58 80 86 15 32 65 20 97 23 52 66 71 72 59 48 10 61 59 87 20 56 53
33 35 31 99 97 53 24 89 34 48 14 54 58 98 55 67 69 83 47 26 70 79 55 34 0 95 19 88 41 78 97 52 99 40 22 53 13 88 80 43 99 32 69 85 92 52 43 34 14 77 86 66 39 34 35 43 89 40 57 68 39 65 92 31 56 67 84 36 91 13 93 86 30 42 89
40 53 57 64 78 57 46 90 37 82 96 82 37 45 12 32 13 75 42 88 60 25 23 79 95 0 71 84 66 41 41 34 67 49 76 48 61 41 35 22 51 76 29 45 44 32 75 53 15 99 44 86 71 78 96 34 71 19 24 90 71 74 86 83 25 71 68 63 44 44 87 82 64 23 80
94 61 96 73 47 84 55 18 54 28 49 32 54 28 39 75 47 78 22 30 88 63 11 53 19 71 0 80 68 51 41 12 18 80 32 11 23 81 50 83 50 95 69 77 52 73 14 19 17 25 50 29 14 89 48 99 15 95 25 29 97 87 78 81 53 82 85 34 27 89 14 57 56 50 82
36 20 81 60 48 89 41 95 95 54 72 50 58 50 67 95 14 38 43 99 94 37 35 88 88 84 80 0 55 19 95 62 53 59 47 39 20 98 29 53 63 68 76 53 86 22 24 92 38 97 54 98 94 45 88 40 81 65 42 17 95 57 40 13 86 56 62 15 49 95 16 52 62 59 96
75 80 70 61 53 87 34 38 26 74 18 43 77 91 78 73 36 14 23 79 63 92 58 18 41 66 68 55 0 16 94 74 28 69 76 97 74 11 88 31 90 92 72 97 44 97 15 22 47 37 24 41 23 81 66 77 50 81 77 53 41 72 30 49 85 71 26 48 67 19 93 11 47 58 97
12 17 77 91 83 11 99 56 79 92 31 48 56 24 48 43 31 11 92 97 77 30 15 72 78 41 51 19 16 0 93 79 32 21 30 89 57 19 73 58 82 57 28 87 29 68 32 52 51 31 33 62 97 95 27 11 47 85 20 31 22 16 72 80 35 41 15 39 40 97 48 89 15 23 45
80 78 97 48 87 34 40 56 99 55 49 94 92 31 97 63 78 82 76 31 64 94 49 83 97 41 41 95 94 93 0 49 50 27 13 54 14 72 55 36 49 56 35 70 79 63 55 64 97 50 36 15 41 56 58 14 83 90 15 16 55 35 43 79 77 39 51 64 23 65 41 93 19 95 71
55 87 46 78 94 13 27 33 86 24 44 37 90 18 28 36 53 92 73 68 30 83 23 63 52 34 12 62 74 79 49 0 65 20 86 77 78 17 68 73 10 90 66 27 88 28 13 99 43 69 40 17 91 94 16 39 44 45 67 91 54 35 22 33 27 66 94 41 90 67 13 50 49 25 29
86 81 68 78 33 25 57 22 40 93 32 49 60 59 97 60 27 75 86 90 50 63 52 90 99 67 18 53 28 32 50 65 0 38 26 20 38 99 48 54 91 25 70 59 89 85 48 57 98 70 68 86 14 68 37 20 82 30 16 52 78 37 46 97 24 22 62 56 76 28 25 93 51 21 24
13 16 72 91 68 39 59 36 85 57 19 74 93 12 35 46 70 34 91 18 37 30 37 67 40 49 80 59 69 21 27 20 38 0 23 48 67 45 21 73 22 59 50 16 42 86 18 77 89 20 81 71 48 95 95 42 12 54 87 84 65 62 59 81 78 12 25 49 42 28 90 66 79 67 98
85 69 85 42 32 72 47 68 13 60 66 36 81 92 13 25 19 72 54 41 80 94 74 42 22 76 32 47 76 30 13 86 26 23 0 15 44 77 84 75 90 75 74 15 98 80 91 20 68 69 37 39 25 79 76 92 21 59 56 91 92 84 46 79 62 10 47 95 54 55 43 94 38 86 18
54 58 27 60 43 47 34 85 87 86 94 15 20 80 46 19 95 63 90 62 38 21 36 56 53 48 11 39 97 89 54 77 20 48 15 0 98 41 53 83 28 17 61 84 94 87 85 83 83 14 32 10 91 80 98 41 95 50 25 43 33 88 94 19 40 23 66 57 61 59 95 65 92 39 24
29 44 13 89 79 17 97 65 55 27 29 29 32 20 77 88 70 36 63 69 77 68 20 53 13 61 23 20 74 57 14 78 38 67 44 98 0 35 61 85 82 57 83 68 47 51 92 34 23 18 21 50 56 83 72 53 60 99 77 89 50 12 27 65 24 89 19 50 10 10 99 42 33 23 54
20 97 62 75 40 71 79 88 20 24 55 38 99 48 99 84 11 92 88 42 81 42 63 79 88 41 81 98 11 19 72 17 99 45 77 41 35 0 39 66 73 68 15 37 71 80 79 30 37 41 69 42 67 87 14 34 58 98 93 48 84 85 75 13 23 54 63 44 14 70 67 13 92 16 91
64 72 16 34 81 68 57 48 13 42 92 24 65 33 87 64 89 67 73 29 44 68 31 31 80 35 50 29 88 73 55 68 48 21 84 53 61 39 0 47 47 87 13 20 19 98 90 83 75 90 39 36 44 32 45 27 30 88 69 42 70 79 63 33 24 43 84 54 17 90 16 95 47 94 58
22 15 42 34 45 26 55 70 48 61 15 65 23 27 49 99 34 23 48 68 86 32 71 67 43 22 83 53 31 58 36 73 54 73 75 83 85 66 47 0 95 39 11 18 39 83 71 88 24 70 24 66 75 47 79 48 78 60 57 83 85 57 33 55 93 71 83 62 68 81 47 99 94 96 22
85 92 70 77 51 95 81 40 31 99 74 16 94 88 39 80 94 96 60 40 84 33 29 43 99 51 50 63 90 82 49 10 91 22 90 28 82 73 47 95 0 87 37 39 96 30 44 55 76 47 99 98 68 49 82 29 27 25 21 31 76 62 72 50 34 71 77 66 93 52 47 43 76 67 18
59 26 27 74 65 49 93 92 12 12 17 71 37 27 86 69 35 46 17 82 90 53 68 21 32 76 95 68 92 57 56 90 25 59 75 17 57 68 87 39 87 0 84 37 64 28 30 23 33 69 90 21 73 40 82 31 54 87 25 55 21 43 16 47 22 20 21 60 66 19 27 50 89 33 56
59 81 26 72 40 32 24 35 35 22 91 94 42 27 33 50 89 34 97 83 86 88 77 53 69 29 69 76 72 28 35 66 70 50 74 61 83 15 13 11 37 84 0 47 20 14 83 94 63 15 31 61 14 16 62 30 93 36 32 80 58 49 11 33 64 76 80 47 23 46 21 90 80 90 56
79 80 27 34 26 11 12 64 57 50 73 43 35 11 92 31 96 72 86 49 44 55 45 92 85 45 77 53 97 87 70 27 59 16 15 84 68 37 20 18 39 37 47 0 60 42 32 95 68 83 18 25 66 68 24 13 69 42 20 33 60 77 57 75 27 17 89 87 36 22 26 28 52 61 21
32 45 25 56 80 10 58 66 80 84 69 73 14 64 54 79 30 43 49 76 39 29 71 94 92 44 52 86 44 29 79 88 89 42 98 94 47 71 19 39 96 64 20 60 0 89 48 91 52 67 32 66 30 36 43 40 92 67 87 35 46 96 28 16 95 35 58 17 85 59 56 12 28 99 12
96 86 85 35 54 17 25 11 72 13 67 85 67 70 62 44 30 89 20 99 97 27 87 94 52 32 73 22 97 68 63 28 85 86 80 87 51 80 98 83 30 28 14 42 89 0 52 37 22 87 37 60 97 99 69 11 46 69 18 96 69 66 51 57 26 97 59 91 35 49 77 97 40 57 13
52 39 81 46 79 25 89 34 55 67 55 59 51 33 58 25 26 47 88 25 92 93 45 28 43 75 14 24 15 32 55 13 48 18 91 85 92 79 90 71 44 30 83 32 48 52 0 34 68 60 42 82 99 80 49 30 59 43 66 13 74 60 52 75 48 21 18 83 37 85 68 30 58 91 46
85 32 24 82 19 99 19 72 29 88 29 28 42 59 32 16 76 51 57 27 60 71 94 82 34 53 19 92 22 52 64 99 57 77 20 83 34 30 83 88 55 23 94 95 91 37 34 0 39 97 67 68 99 95 75 34 71 70 87 18 56 62 40 30 81 65 14 42 62 49 61 45 60 94 38
97 81 16 47 56 54 94 86 86 26 57 69 52 63 78 11 53 86 62 76 71 65 54 70 14 15 17 38 47 51 97 43 98 89 68 83 23 37 75 24 76 33 63 68 52 22 68 39 0 55 71 63 24 13 46 90 69 58 32 74 60 21 86 27 32 71 19 60 70 98 28 17 99 67 16
56 34 75 21 77 88 83 89 58 64 15 33 14 86 54 75 50 54 65 84 28 50 49 71 77 99 25 97 37 31 50 69 70 20 69 14 18 41 90 70 47 69 15 83 67 87 60 97 55 0 40 61 46 55 36 83 81 70 63 26 88 69 61 58 20 83 59 52 86 87 81 31 98 29 97
14 85 16 87 47 70 69 70 83 65 39 21 23 82 11 84 29 18 64 29 74 54 92 44 86 44 50 54 24 33 36 40 68 81 37 32 21 69 39 24 99 90 31 18 32 37 42 67 71 40 0 41 96 22 33 20 71 25 17 39 70 83 17 70 53 76 16 97 76 12 33 21 51 37 35
59 21 96 55 88 61 95 64 85 81 44 74 67 50 82 38 16 50 71 22 95 40 92 10 66 86 29 98 41 62 15 17 86 71 39 10 50 42 36 66 98 21 61 25 66 60 82 68 63 61 41 0 59 47 33 60 93 86 65 20 25 95 40 20 43 64 35 53 28 31 84 90 38 64 47
55 40 30 41 87 94 52 20 61 97 59 61 36 51 35 46 87 60 17 49 32 84 22 86 39 71 14 94 23 97 41 91 14 48 25 91 56 67 44 75 68 73 14 66 30 97 99 99 24 46 96 59 0 79 33 10 98 47 89 57 79 32 69 61 73 65 91 28 37 18 51 19 87 95 25
82 34 87 62 61 71 24 80 92 22 61 37 44 22 80 61 35 95 12 89 87 58 42 58 34 78 89 45 81 95 56 94 68 95 79 80 83 87 32 47 49 40 16 68 36 99 80 95 13 55 22 47 79 0 13 62 23 71 50 85 99 37 88 89 36 88 87 66 64 24 13 20 27 83 83
97 60 11 69 65 40 36 87 13 88 37 22 14 82 96 10 38 63 95 77 51 33 78 80 35 96 48 88 66 27 58 16 37 95 76 98 72 14 45 79 82 82 62 24 43 69 49 75 46 36 33 33 33 13 0 64 52 67 91 47 80 70 71 71 30 36 90 24 70 24 25 35 33 45 78
59 36 84 77 99 17 47 78 11 33 97 50 74 24 33 13 21 91 32 73 32 85 41 86 43 34 99 40 77 11 14 39 20 42 92 41 53 34 27 48 29 31 30 13 40 11 30 34 90 83 20 60 10 62 64 0 20 47 68 17 35 30 74 26 21 37 70 95 65 93 55 25 67 82 79
79 86 71 42 12 99 64 53 88 81 88 42 85 13 58 49 49 98 53 19 20 86 12 15 89 71 15 81 50 47 83 44 82 12 21 95 60 58 30 78 27 54 93 69 92 46 59 71 69 81 71 93 98 23 52 20 0 59 88 29 25 91 54 64 44 68 98 94 34 82 72 73 81 43 45
69 57 84 94 75 29 36 27 16 24 75 97 72 34 37 91 39 79 14 18 85 10 30 32 40 19 95 65 81 85 90 45 30 54 59 50 99 98 88 60 25 87 36 42 67 69 43 70 58 70 25 86 47 71 67 47 59 0 93 59 32 19 93 21 69 48 22 94 35 68 59 16 18 43 65
29 52 18 95 22 97 78 97 82 20 60 22 73 54 17 12 50 70 90 61 50 94 27 65 57 24 25 42 77 20 15 67 16 87 56 25 77 93 69 57 21 25 32 20 87 18 66 87 32 63 17 65 89 50 91 68 88 93 0 86 35 18 55 80 58 37 94 47 55 22 74 74 83 95 41
44 23 17 15 53 89 99 94 92 93 42 38 94 54 39 78 69 46 87 29 40 24 67 20 68 90 29 17 53 31 16 91 52 84 91 43 89 48 42 83 31 55 80 33 35 96 13 18 74 26 39 20 57 85 47 17 29 59 86 0 66 36 46 85 58 74 80 13 27 26 94 56 65 88 87
46 79 85 20 27 61 52 28 76 18 51 52 93 79 29 46 55 25 60 57 43 38 19 97 39 71 97 95 41 22 55 54 78 65 92 33 50 84 70 85 76 21 58 60 46 69 74 56 60 88 70 25 79 99 80 35 25 32 35 66 0 15 51 87 87 13 91 18 35 49 92 68 27 80 20
67 33 53 24 54 66 33 83 63 65 98 36 78 88 33 78 69 19 15 20 44 34 91 23 65 74 87 57 72 16 35 35 37 62 84 88 12 85 79 57 62 43 49 77 96 66 60 62 21 69 83 95 32 37 70 30 91 19 18 36 15 0 32 85 35 97 42 22 47 22 96 50 46 69 87
90 33 73 27 46 14 45 70 25 83 94 36 73 48 36 31 95 27 31 45 50 65 79 52 92 86 78 40 30 72 43 22 46 59 46 94 27 75 63 33 72 16 11 57 28 51 52 40 86 61 17 40 69 88 71 74 54 93 55 46 51 32 0 41 44 38 94 11 74 13 64 39 92 50 97
31 60 90 13 15 91 56 92 26 93 57 20 80 45 52 60 62 49 34 60 56 95 53 66 31 83 81 13 49 80 79 33 97 81 79 19 65 13 33 55 50 47 33 75 16 57 75 30 27 58 70 20 61 89 71 26 64 21 80 85 87 85 41 0 15 76 29 46 74 81 70 64 63 18 19
60 42 13 74 15 69 89 94 14 56 83 16 37 46 65 87 13 52 29 56 93 12 12 71 56 25 53 86 85 35 77 27 24 78 62 40 24 23 24 93 34 22 64 27 95 26 48 81 32 20 53 43 73 36 30 21 44 69 58 58 87 35 44 15 0 76 76 96 84 86 64 47 12 15 20
76 88 48 39 58 92 89 43 97 60 42 69 34 92 88 99 94 28 57 95 95 90 65 72 67 71 82 56 71 41 39 66 22 12 10 23 89 54 43 71 71 20 76 17 35 97 21 65 71 83 76 64 65 88 36 37 68 48 37 74 13 97 38 76 76 0 86 84 71 43 28 29 47 63 44
53 67 80 31 94 90 62 71 77 17 46 46 59 76 70 11 54 97 86 85 68 41 41 59 84 68 85 62 26 15 51 94 62 25 47 66 19 63 84 83 77 21 80 89 58 59 18 14 19 59 16 35 91 87 90 70 98 22 94 80 91 42 94 29 76 86 0 43 65 64 21 83 12 65 57
71 25 68 58 65 51 98 57 52 95 12 22 69 63 33 41 81 88 16 30 17 51 35 48 36 63 34 15 48 39 64 41 56 49 95 57 50 44 54 62 66 60 47 87 17 91 83 42 60 52 97 53 28 66 24 95 94 94 47 13 18 22 11 46 96 84 43 0 19 93 66 23 46 50 11
96 73 98 54 85 83 85 45 73 66 80 23 86 39 68 48 37 47 70 99 64 10 21 10 91 44 27 49 67 40 23 90 76 42 54 61 10 14 17 68 93 66 23 36 85 35 37 62 70 86 76 28 37 64 70 65 34 35 55 27 35 47 74 74 84 71 65 19 0 44 61 93 23 51 63
27 65 68 95 96 45 12 91 43 41 79 30 99 31 88 69 29 46 40 35 96 30 67 61 13 44 89 95 19 97 65 67 28 28 55 59 10 70 90 81 52 19 46 22 59 49 85 49 98 87 12 31 18 24 24 93 82 68 22 26 49 22 13 81 86 43 64 93 44 0 73 85 21 47 30
42 96 81 40 45 16 68 63 54 22 72 53 39 91 35 75 32 96 30 71 78 25 82 59 93 87 14 16 93 48 41 13 25 90 43 95 99 67 16 47 47 27 21 26 56 77 68 61 28 81 33 84 51 13 25 55 72 59 74 94 92 96 64 70 64 28 21 66 61 73 0 42 74 46 55
53 47 20 90 61 25 66 10 51 36 53 44 70 96 43 55 13 51 58 76 47 21 28 87 86 82 57 52 11 89 93 50 93 66 94 65 42 13 95 99 43 50 90 28 12 97 30 45 17 31 21 90 19 20 35 25 73 16 74 56 68 50 39 64 47 29 83 23 93 85 42 0 61 71 72
36 77 84 70 26 76 15 19 98 71 82 91 92 73 82 23 29 10 78 58 77 17 65 20 30 64 56 62 47 15 19 49 51 79 38 92 33 92 47 94 76 89 80 52 28 40 58 60 99 98 51 38 87 27 33 67 81 18 83 65 27 46 92 63 12 47 12 46 23 21 74 61 0 46 83
61 26 69 95 31 99 50 24 83 64 72 97 66 56 90 55 24 91 90 35 12 53 58 56 42 23 50 59 58 23 95 25 21 67 86 39 23 16 94 96 67 33 90 61 99 57 91 94 67 29 37 64 95 83 45 82 43 43 95 88 80 69 50 18 15 63 65 50 51 47 46 71 46 0 69
65 64 69 44 44 93 18 35 71 44 68 76 36 53 88 31 53 20 78 99 77 75 61 53 89 80 82 96 97 45 71 29 24 98 18 24 54 91 58 22 18 56 56 21 12 13 46 38 16 97 35 47 25 83 78 79 45 65 41 87 20 87 97 19 20 44 57 11 63 30 55 72 83 69 0