90
0 50 88 78 66 20 79 16 19 92 11 58 66 53 26 77 59 32 81 66 20 76 20 21 39 32 99 17 32 55 87 97 25 91 88 70 95 51 54 32 64 13 48 75 75 49 83 62 33 69 84 74 36 75 15 67 35 51 25 35 59 10 55 78 47 96 27 23 89 71 62 10 95 26 80 19 73 21 55 81 58 90 75 96 35 36 50 56 13 53
50 0 91 32 15 96 26 98 75 95 62 12 76 23 40 86 51 69 20 42 58 63 70 47 89 18 77 31 12 11 18 69 20 16 99 50 28 13 96 82 61 81 95 81 78 70 53 99 47 21 77 49 45 84 10 40 46 59 39 27 52 30 70 53 19 57 92 59 12 66 66 32 44 89 27 62 33 44 28 62 93 28 22 59 14 71 50 27 15 22
88 91 0 85 66 97 83 36 22 27 67 70 61 75 61 74 99 29 28 77 26 85 28 75 19 59 77 19 70 47 86 18 55 46 80 29 83 20 18 37 16 41 56 85 23 57 93 54 32 49 89 46 86 17 91 69 23 85 17 59 54 53 14 26 69 90 34 99 81 94 54 23 59 50 28 67 32 34 57 79 30 37 89 54 39 99 99 47 58 19
78 32 85 0 14 82 69 38 29 89 91 18 20 78 39 13 87 17 52 79 62 70 28 66 62 17 72 78 82 97 64 39 57 33 94 61 44 67 51 99 64 68 48 74 69 15 37 98 21 61 64 87 73 38 63 69 31 49 95 52 89 11 68 76 16 73 51 15 33 78 86 40 39 98 20 30 37 69 68 90 56 32 62 72 35 36 48 27 23 13
66 15 66 14 0 42 29 37 89 26 51 29 85 87 12 22 53 32 51 63 58 65 37 14 56 16 97 59 35 67 25 27 53 25 11 63 98 35 29 95 67 67 23 86 74 56 67 85 85 10 55 59 25 41 61 20 95 39 23 80 28 53 31 42 94 32 31 82 37 99 75 26 66 47 17 45 13 69 21 92 28 63 84 12 76 12 18 64 67 80
20 96 97 82 42 0 30 65 50 96 17 55 62 85 37 85 80 56 63 95 63 27 58 37 29 21 63 65 69 34 75 39 72 70 46 92 96 10 16 59 28 31 37 49 33 54 91 86 12 13 81 74 60 49 93 41 33 46 43 19 95 20 72 12 44 88 80 56 67 17 43 71 52 30 57 21 16 46 44 40 60 50 23 98 22 99 93 85 11 79
79 26 83 69 29 30 0 13 94 60 60 44 52 10 49 34 51 24 75 23 59 55 11 29 65 66 52 93 32 70 44 25 71 22 58 58 36 88 15 58 14 84 50 48 85 49 56 97 23 43 37 94 61 99 54 67 86 77 35 74 23 97 42 47 76 19 93 92 23 20 69 55 52 98 89 47 39 69 98 80 58 83 32 52 33 91 64 59 54 64
16 98 36 38 37 65 13 0 13 35 66 91 63 91 92 92 57 11 75 88 28 84 88 65 65 10 46 65 82 47 75 77 22 90 56 51 57 24 51 83 18 38 36 88 25 21 66 91 17 16 72 44 59 29 36 13 55 21 90 78 83 63 13 85 90 64 92 37 71 86 43 94 14 52 76 56 54 48 68 50 77 52 10 84 97 90 35 46 62 20
19 75 22 29 89 50 94 13 0 48 96 24 28 46 64 25 34 81 53 37 16 66 83 12 77 64 28 58 32 89 90 53 50 72 61 43 23 21 58 13 44 53 65 21 60 49 23 54 95 91 93 20 81 59 80 53 38 27 61 25 60 88 68 97 22 11 66 95 94 68 96 14 13 88 39 43 50 93 35 11 81 93 55 39 76 79 19 60 75 66
92 95 27 89 26 96 60 35 48 0 44 41 35 55 93 63 42 76 68 46 18 92 36 37 16 46 48 90 14 94 68 69 92 19 92 75 30 34 50 92 37 29 47 25 58 12 20 75 40 52 82 18 61 51 10 39 11 10 17 79 39 38 98 37 19 98 77 37 58 57 60 24 87 89 57 83 76 66 35 44 84 33 70 97 64 86 89 86 28 55
11 62 67 91 51 17 60 66 96 44 0 69 12 76 34 51 28 66 83 63 23 36 93 12 15 67 67 95 45 35 55 45 29 46 79 31 92 45 12 38 15 12 98 43 75 61 50 97 90 43 96 59 48 41 38 96 69 53 29 54 14 56 57 23 87 76 26 43 71 59 69 25 78 80 79 63 32 23 74 27 90 10 66 29 84 40 99 29 57 38
58 12 70 18 29 55 44 91 24 41 69 0 86 44 52 23 28 96 37 46 20 32 33 35 66 56 32 85 85 62 49 20 63 24 98 37 20 59 82 77 35 30 62 20 35 44 84 17 86 21 37 56 70 19 12 92 48 51 57 76 50 25 76 72 57 88 16 76 41 35 27 70 74 24 47 36 23 99 57 21 10 61 97 87 56 43 23 37 38 79
66 76 61 20 85 62 52 63 28 35 12 86 0 93 40 86 76 86 16 27 55 49 93 79 72 31 84 39 11 72 79 11 94 13 94 79 35 99 37 33 99 15 24 93 26 79 80 24 43 25 36 81 77 46 58 86 98 69 38 38 77 54 36 32 35 29 37 99 87 15 41 29 10 51 79 64 87 19 23 86 40 45 76 40 49 75 88 46 55 76
53 23 75 78 87 85 10 91 46 55 76 44 93 0 86 53 78 81 54 27 41 42 97 15 10 18 72 47 34 33 45 54 79 13 25 25 98 21 39 96 24 15 10 36 91 32 46 72 98 59 42 59 49 66 38 75 87 92 16 52 72 19 88 95 62 28 14 46 41 78 62 78 38 43 26 47 90 19 56 59 31 67 85 24 55 92 49 99 23 33
26 40 61 39 12 37 49 92 64 93 34 52 40 86 0 19 11 95 58 15 85 95 95 61 14 39 77 53 96 56 15 98 44 16 97 80 98 99 78 50 49 32 39 29 86 18 43 82 99 29 22 14 99 69 33 91 84 43 67 12 95 35 70 86 66 49 44 97 17 77 42 74 53 48 70 72 57 44 49 99 25 22 23 83 58 43 90 33 37 66
77 86 74 13 22 85 34 92 25 63 51 23 86 53 19 0 17 88 42 91 53 58 40 85 74 57 32 53 23 32 99 47 12 78 73 39 65 82 37 14 63 28 88 13 85 97 55 23 36 94 49 89 58 92 70 92 27 36 28 37 51 84 95 67 61 54 60 77 15 67 42 42 25 95 58 66 28 49 41 78 22 50 53 25 20 91 93 27 86 37
59 51 99 87 53 80 51 57 34 42 28 28 76 78 11 17 0 38 51 10 95 16 76 95 70 57 41 54 99 35 15 53 20 85 72 16 39 96 77 75 96 62 62 14 88 95 37 36 11 85 14 99 37 21 24 12 33 92 13 50 65 92 11 73 69 48 99 72 73 55 18 46 47 34 31 67 17 16 43 46 72 61 48 81 64 46 19 11 36 51
32 69 29 17 32 56 24 11 81 76 66 96 86 81 95 88 38 0 80 89 57 76 66 97 51 26 52 83 29 18 17 50 33 17 92 55 95 48 27 20 94 27 29 45 68 82 75 15 55 48 25 62 96 17 55 53 19 99 65 66 10 71 52 88 30 63 78 39 49 60 91 21 47 55 76 68 85 48 14 65 61 19 26 91 87 71 71 26 55 50
81 20 28 52 51 63 75 75 53 68 83 37 16 54 58 42 51 80 0 69 44 77 23 44 18 89 15 37 13 14 51 38 88 27 91 52 60 61 98 66 55 35 40 31 24 39 83 85 92 32 92 21 96 42 83 92 95 65 65 14 46 57 90 72 70 92 26 68 82 85 53 56 57 46 92 15 23 94 37 25 54 17 29 42 35 45 78 80 68 55
66 42 77 79 63 95 23 88 37 46 63 46 27 27 15 91 10 89 69 0 16 74 96 87 58 23 23 90 76 85 76 40 40 91 34 79 45 64 79 74 22 96 42 81 32 83 41 71 37 56 56 81 82 30 99 40 92 52 28 67 82 79 21 83 88 84 87 73 36 26 88 99 46 22 38 43 85 95 21 54 63 69 99 35 78 73 15 97 41 39
20 58 26 62 58 63 59 28 16 18 23 20 55 41 85 53 95 57 44 16 0 73 49 54 73 57 32 32 21 13 87 40 94 50 21 18 24 50 12 17 30 25 77 22 15 35 66 82 10 87 17 83 95 50 23 79 89 37 21 59 88 26 72 26 35 72 64 54 32 84 30 50 85 88 67 51 60 36 51 22 73 86 71 96 98 57 10 42 99 49
76 63 85 70 65 27 55 84 66 92 36 32 49 42 95 58 16 76 77 74 73 0 85 35 90 91 97 18 40 56 51 24 25 42 51 24 29 18 72 12 53 27 51 95 31 59 49 60 99 11 95 60 74 36 12 13 58 67 97 34 62 19 76 45 63 44 47 65 89 29 99 97 81 58 87 50 14 53 53 51 89 71 65 70 62 56 99 79 14 87
20 70 28 28 37 58 11 88 83 36 93 33 93 97 95 40 76 66 23 96 49 85 0 84 95 24 12 73 93 29 60 39 59 98 79 50 32 78 84 84 80 50 92 75 89 89 44 87 85 27 21 69 26 61 39 21 80 73 33 10 21 24 90 44 52 11 58 99 82 40 44 40 86 88 22 56 16 18 43 75 66 48 88 74 85 27 33 54 93 17
21 47 75 66 14 37 29 65 12 37 12 35 79 15 61 85 95 97 44 87 54 35 84 0 87 80 30 14 25 37 33 39 79 50 19 35 68 50 67 51 71 40 47 76 97 47 96 24 18 59 60 42 70 64 75 14 62 84 59 14 34 21 85 68 22 61 54 48 87 28 93 40 97 24 90 64 33 64 17 72 44 28 52 54 44 84 71 14 57 66
39 89 19 62 56 29 65 65 77 16 15 66 72 10 14 74 70 51 18 58 73 90 95 87 0 79 77 44 97 22 19 14 79 17 14 64 83 81 86 88 53 22 65 84 82 81 37 44 68 80 46 50 79 98 32 88 63 57 93 29 31 95 98 61 10 68 39 31 39 63 44 27 10 76 49 64 51 28 42 69 88 45 93 87 25 22 76 73 63 17
32 18 59 17 16 21 66 10 64 46 67 56 31 18 39 57 57 26 89 23 57 91 24 80 79 0 43 36 96 17 31 12 51 35 28 91 21 61 43 41 44 34 80 92 40 79 39 39 90 14 87 42 41 97 21 74 23 54 21 28 83 10 38 40 67 28 61 75 26 54 76 26 12 26 18 71 89 96 83 67 48 13 64 54 43 52 78 91 67 24
99 77 77 72 97 63 52 46 28 48 67 32 84 72 77 32 41 52 15 23 32 97 12 30 77 43 0 80 16 75 28 99 61 45 80 77 96 48 73 52 44 70 74 35 31 36 12 51 13 46 27 85 26 63 48 66 67 59 13 73 25 76 41 20 91 19 43 99 54 94 59 34 82 50 50 75 91 18 72 74 66 42 24 66 23 72 10 61 55 68
17 31 19 78 59 65 93 65 58 90 95 85 39 47 53 53 54 83 37 90 32 18 73 14 44 36 80 0 57 16 37 30 48 56 78 13 49 89 41 16 91 50 10 65 46 18 60 66 33 52 54 22 64 41 33 91 23 38 12 85 53 29 96 45 69 56 92 10 71 64 20 85 61 71 76 59 39 56 17 81 32 97 66 12 70 70 69 87 52 81
32 12 70 82 35 69 32 82 32 14 45 85 11 34 96 23 99 29 13 76 21 40 93 25 97 96 16 57 0 28 53 81 40 79 92 73 59 34 53 75 89 78 25 10 70 12 44 60 90 62 78 38 61 26 89 92 58 48 16 25 75 15 87 10 20 98 27 16 95 56 20 82 75 49 59 39 13 56 77 36 87 18 83 95 32 45 25 85 43 15
55 11 47 97 67 34 70 47 89 94 35 62 72 33 56 32 35 18 14 85 13 56 29 37 22 17 75 16 28 0 54 73 37 40 59 69 66 66 58 50 64 95 97 28 24 38 42 83 78 17 66 87 27 26 46 81 61 35 78 27 62 37 95 40 89 24 59 26 46 40 79 61 95 27 38 44 11 42 31 35 76 67 63 33 56 73 68 42 91 43
87 18 86 64 25 75 44 75 90 68 55 49 79 45 15 99 15 17 51 76 87 51 60 33 19 31 28 37 53 54 0 49 34 50 42 37 25 84 75 23 80 80 40 65 35 34 20 51 42 92 74 97 21 73 71 56 73 84 97 59 34 39 67 63 74 16 32 16 32 87 25 19 80 68 74 47 58 95 92 29 63 80 83 19 82 93 93 71 48 26
97 69 18 39 27 39 25 77 53 69 45 20 11 54 98 47 53 50 38 40 40 24 39 39 14 12 99 30 81 73 49 0 66 20 58 36 22 33 86 79 39 84 52 99 40 10 47 31 87 42 71 38 78 27 50 48 76 85 92 22 69 47 52 59 67 10 70 66 79 25 28 69 79 53 86 37 16 25 12 63 58 94 16 64 46 12 58 14 29 89
25 20 55 57 53 72 71 22 50 92 29 63 94 79 44 12 20 33 88 40 94 25 59 79 79 51 61 48 40 37 34 66 0 22 11 94 10 30 37 85 48 60 68 27 19 63 23 34 11 23 10 82 18 77 85 51 97 23 72 87 78 42 18 56 51 31 90 95 38 44 42 10 72 50 56 42 25 83 89 32 27 79 77 57 83 92 13 11 25 66
91 16 46 33 25 70 22 90 72 19 46 24 13 13 16 78 85 17 27 91 50 42 98 50 17 35 45 56 79 40 50 20 22 0 78 64 81 92 78 27 15 82 44 98 44 24 65 58 59 60 99 54 98 23 48 45 33 63 35 95 88 71 12 53 71 53 88 52 69 56 63 77 26 74 35 74 61 10 32 76 68 13 69 73 44 36 83 13 67 94
88 99 80 94 11 46 58 56 61 92 79 98 94 25 97 73 72 92 91 34 21 51 79 19 14 28 80 78 92 59 42 58 11 78 0 17 53 45 85 24 83 30 65 70 13 78 55 36 68 46 60 89 23 89 64 70 34 65 69 68 53 45 93 31 37 20 90 71 83 10 75 67 46 34 21 68 68 44 55 67 62 90 17 23 66 14 30 49 69 52
70 50 29 61 63 92 58 51 43 75 31 37 79 25 80 39 16 55 52 79 18 24 50 35 64 91 77 13 73 69 37 36 94 64 17 0 73 50 67 34 39 91 49 78 88 85 55 59 62 51 84 31 26 80 93 11 32 41 27 47 13 10 83 12 42 61 34 19 76 23 12 50 58 57 90 18 84 16 43 31 78 27 19 68 75 44 48 97 73 77
95 28 83 44 98 96 36 57 23 30 92 20 35 98 98 65 39 95 60 45 24 29 32 68 83 21 96 49 59 66 25 22 10 81 53 73 0 36 53 30 26 59 38 17 44 23 41 97 91 15 70 95 48 25 79 21 96 15 16 26 80 74 69 28 48 98 67 45 37 56 27 89 89 20 30 67 73 60 71 21 15 35 71 88 44 28 53 38 39 25
51 13 20 67 35 10 88 24 21 34 45 59 99 21 99 82 96 48 61 64 50 18 78 50 81 61 48 89 34 66 84 33 30 92 45 50 36 0 22 19 58 55 40 65 35 42 32 96 35 55 83 64 40 69 42 98 28 94 80 85 32 86 74 51 83 36 47 43 78 80 66 86 56 82 66 91 74 66 18 55 89 34 53 39 50 77 76 77 82 22
54 96 18 51 29 16 15 51 58 50 12 82 37 39 78 37 77 27 98 79 12 72 84 67 86 43 73 41 53 58 75 86 37 78 85 67 53 22 0 21 23 87 26 78 76 24 99 38 63 59 66 30 81 78 80 16 70 55 65 49 21 80 44 48 87 69 13 80 44 82 57 71 34 17 76 38 46 58 60 50 99 29 98 51 28 28 80 62 96 59
32 82 37 99 95 59 58 83 13 92 38 77 33 96 50 14 75 20 66 74 17 12 84 51 88 41 52 16 75 50 23 79 85 27 24 34 30 19 21 0 76 34 46 63 53 70 63 99 68 73 13 90 83 63 76 67 15 51 19 29 73 66 55 69 48 80 38 94 47 65 68 85 23 59 86 79 85 79 53 67 23 37 44 68 79 83 66 28 43 97
64 61 16 64 67 28 14 18 44 37 15 35 99 24 49 63 96 94 55 22 30 53 80 71 53 44 44 91 89 64 80 39 48 15 83 39 26 58 23 76 0 97 94 88 79 93 78 20 27 57 56 32 96 93 52 40 30 72 60 37 91 53 39 13 72 29 54 97 37 87 80 70 37 19 11 38 27 44 81 43 74 64 33 79 45 20 78 61 98 66
13 81 41 68 67 31 84 38 53 29 12 30 15 15 32 28 62 27 35 96 25 27 50 40 22 34 70 50 78 95 80 84 60 82 30 91 59 55 87 34 97 0 70 17 68 83 66 74 25 55 44 59 26 60 15 58 84 52 94 32 85 21 20 85 58 42 32 34 47 88 64 57 71 74 60 13 32 23 92 49 60 48 40 55 63 46 52 63 33 51
48 95 56 48 23 37 50 36 65 47 98 62 24 10 39 88 62 29 40 42 77 51 92 47 65 80 74 10 25 97 40 52 68 44 65 49 38 40 26 46 94 70 0 75 63 13 33 12 96 86 48 72 62 75 62 13 94 35 18 73 37 90 56 80 49 32 85 57 92 69 94 41 29 50 26 18 49 93 23 13 68 96 24 16 50 81 95 55 52 15
75 81 85 74 86 49 48 88 21 25 43 20 93 36 29 13 14 45 31 81 22 95 75 76 84 92 35 65 10 28 65 99 27 98 70 78 17 65 78 63 88 17 75 0 55 51 69 66 34 99 94 95 48 45 35 58 74 41 55 75 36 72 23 42 55 90 69 72 64 64 93 74 23 32 19 13 15 88 15 25 26 82 52 61 51 10 93 49 46 48
75 78 23 69 74 33 85 25 60 58 75 35 26 91 86 85 88 68 24 32 15 31 89 97 82 40 31 46 70 24 35 40 19 44 13 88 44 35 76 53 79 68 63 55 0 69 66 89 66 35 83 27 60 83 92 58 64 53 44 73 43 15 17 15 66 34 31 88 77 62 57 64 14 91 94 31 56 93 53 37 24 59 70 66 77 27 13 27 61 30
49 70 57 15 56 54 49 21 49 12 61 44 79 32 18 97 95 82 39 83 35 59 89 47 81 79 36 18 12 38 34 10 63 24 78 85 23 42 24 70 93 83 13 51 69 0 59 25 13 81 55 19 14 35 36 30 13 24 60 59 47 57 77 58 33 74 89 49 66 65 87 83 60 95 78 91 28 25 60 76 43 92 83 39 28 83 71 43 80 92
83 53 93 37 67 91 56 66 23 20 50 84 80 46 43 55 37 75 83 41 66 49 44 96 37 39 12 60 44 42 20 47 23 65 55 55 41 32 99 63 78 66 33 69 66 59 0 80 55 30 29 68 71 47 76 41 55 13 36 11 29 34 15 39 92 47 62 68 34 95 55 16 59 65 38 24 71 28 77 82 28 47 33 52 81 17 80 77 40 96
62 99 54 98 85 86 97 91 54 75 97 17 24 72 82 23 36 15 85 71 82 60 87 24 44 39 51 66 60 83 51 31 34 58 36 59 97 96 38 99 20 74 12 66 89 25 80 0 24 23 85 92 92 22 40 71 73 99 88 73 45 21 33 16 43 29 59 84 48 40 80 92 99 96 50 42 20 15 67 69 12 84 29 14 86 56 75 70 79 37
33 47 32 21 85 12 23 17 95 40 90 86 43 98 99 36 11 55 92 37 10 99 85 18 68 90 13 33 90 78 42 87 11 59 68 62 91 35 63 68 27 25 96 34 66 13 55 24 0 25 83 80 96 57 82 62 38 15 91 42 66 89 75 99 33 46 66 82 97 51 57 48 11 44 71 98 89 35 61 32 38 18 20 55 85 34 61 64 10 64
69 21 49 61 10 13 43 16 91 52 43 21 25 59 29 94 85 48 32 56 87 11 27 59 80 14 46 52 62 17 92 42 23 60 46 51 15 55 59 73 57 55 86 99 35 81 30 23 25 0 33 53 39 50 63 48 18 43 92 76 42 73 97 35 13 30 33 62 21 66 63 54 82 55 98 58 35 21 36 40 98 15 96 20 83 95 62 65 56 64
84 77 89 64 55 81 37 72 93 82 96 37 36 42 22 49 14 25 92 56 17 95 21 60 46 87 27 54 78 66 74 71 10 99 60 84 70 83 66 13 56 44 48 94 83 55 29 85 83 33 0 33 97 83 67 91 35 12 32 82 84 74 28 37 15 31 70 55 60 33 64 40 50 63 68 66 42 79 28 24 19 88 83 89 62 70 23 65 47 62
74 49 46 87 59 74 94 44 20 18 59 56 81 59 14 89 99 62 21 81 83 60 69 42 50 42 85 22 38 87 97 38 82 54 89 31 95 64 30 90 32 59 72 95 27 19 68 92 80 53 33 0 51 22 34 60 42 76 43 18 44 47 58 89 74 32 97 94 29 33 41 64 11 81 49 98 29 40 75 13 32 76 33 14 39 55 34 44 61 64
36 45 86 73 25 60 61 59 81 61 48 70 77 49 99 58 37 96 96 82 95 74 26 70 79 41 26 64 61 27 21 78 18 98 23 26 48 40 81 83 96 26 62 48 60 14 71 92 96 39 97 51 0 92 20 44 96 98 18 15 44 81 98 96 94 33 43 82 55 38 94 18 71 65 85 27 12 48 50 96 34 27 28 64 14 88 62 36 26 69
75 84 17 38 41 49 99 29 59 51 41 19 46 66 69 92 21 17 42 30 50 36 61 64 98 97 63 41 26 26 73 27 77 23 89 80 25 69 78 63 93 60 75 45 83 35 47 22 57 50 83 22 92 0 43 91 30 85 65 92 21 57 82 70 11 55 85 11 38 63 75 35 56 30 87 41 11 36 54 31 27 34 22 44 48 65 57 56 72 23
15 10 91 63 61 93 54 36 80 10 38 12 58 38 33 70 24 55 83 99 23 12 39 75 32 21 48 33 89 46 71 50 85 48 64 93 79 42 80 76 52 15 62 35 92 36 76 40 82 63 67 34 20 43 0 45 64 23 30 19 88 65 53 99 17 48 21 14 25 36 41 13 80 17 57 30 78 98 46 97 91 39 74 55 97 30 24 62 84 87
67 40 69 69 20 41 67 13 53 39 96 92 86 75 91 92 12 53 92 40 79 13 21 14 88 74 66 91 92 81 56 48 51 45 70 11 21 98 16 67 40 58 13 58 58 30 41 71 62 48 91 60 44 91 45 0 36 41 95 26 74 84 10 46 61 46 41 60 99 41 64 58 94 64 86 78 16 64 62 22 59 26 65 44 40 73 32 55 57 63
35 46 23 31 95 33 86 55 38 11 69 48 98 87 84 27 33 19 95 92 89 58 80 62 63 23 67 23 58 61 73 76 97 33 34 32 96 28 70 15 30 84 94 74 64 13 55 73 38 18 35 42 96 30 64 36 0 63 32 67 70 31 58 93 22 14 69 90 25 21 24 62 18 84 61 94 77 43 10 75 16 48 46 25 45 63 17 70 34 91
51 59 85 49 39 46 77 21 27 10 53 51 69 92 43 36 92 99 65 52 37 67 73 84 57 54 59 38 48 35 84 85 23 63 65 41 15 94 55 51 72 52 35 41 53 24 13 99 15 43 12 76 98 85 23 41 63 0 57 48 63 10 10 45 58 38 45 59 40 95 21 94 56 59 35 33 41 32 99 91 34 96 99 23 30 30 98 49 98 83
25 39 17 95 23 43 35 90 61 17 29 57 38 16 67 28 13 65 65 28 21 97 33 59 93 21 13 12 16 78 97 92 72 35 69 27 16 80 65 19 60 94 18 55 44 60 36 88 91 92 32 43 18 65 30 95 32 57 0 69 92 26 58 98 33 23 46 98 30 80 79 19 13 20 79 81 93 25 76 46 68 10 74 57 52 92 14 99 52 95
35 27 59 52 80 19 74 78 25 79 54 76 38 52 12 37 50 66 14 67 59 34 10 14 29 28 73 85 25 27 59 22 87 95 68 47 26 85 49 29 37 32 73 75 73 59 11 73 42 76 82 18 15 92 19 26 67 48 69 0 78 98 21 25 44 30 65 41 31 78 70 32 85 36 38 40 78 75 34 34 42 81 74 30 66 86 64 84 50 23
59 52 54 89 28 95 23 83 60 39 14 50 77 72 95 51 65 10 46 82 88 62 21 34 31 83 25 53 75 62 34 69 78 88 53 13 80 32 21 73 91 85 37 36 43 47 29 45 66 42 84 44 44 21 88 74 70 63 92 78 0 15 28 57 25 13 38 55 87 20 73 63 88 22 59 16 66 17 65 69 55 82 30 13 44 65 92 31 68 27
10 30 53 11 53 20 97 63 88 38 56 25 54 19 35 84 92 71 57 79 26 19 24 21 95 10 76 29 15 37 39 47 42 71 45 10 74 86 80 66 53 21 90 72 15 57 34 21 89 73 74 47 81 57 65 84 31 10 26 98 15 0 21 77 32 43 21 39 32 24 69 17 64 12 14 35 78 85 32 10 25 63 24 96 59 58 95 18 34 89
55 70 14 68 31 72 42 13 68 98 57 76 36 88 70 95 11 52 90 21 72 76 90 85 98 38 41 96 87 95 67 52 18 12 93 83 69 74 44 55 39 20 56 23 17 77 15 33 75 97 28 58 98 82 53 10 58 10 58 21 28 21 0 19 26 80 66 87 17 66 29 78 88 75 38 97 21 39 14 79 82 80 87 92 21 67 56 73 27 82
78 53 26 76 42 12 47 85 97 37 23 72 32 95 86 67 73 88 72 83 26 45 44 68 61 40 20 45 10 40 63 59 56 53 31 12 28 51 48 69 13 85 80 42 15 58 39 16 99 35 37 89 96 70 99 46 93 45 98 25 57 77 19 0 87 77 21 81 53 71 89 47 63 10 35 54 52 95 61 47 91 99 16 99 59 24 77 47 38 43
47 19 69 16 94 44 76 90 22 19 87 57 35 62 66 61 69 30 70 88 35 63 52 22 10 67 91 69 20 89 74 67 51 71 37 42 48 83 87 48 72 58 49 55 66 33 92 43 33 13 15 74 94 11 17 61 22 58 33 44 25 32 26 87 0 90 76 29 83 29 20 35 50 23 87 21 45 60 57 25 45 12 49 98 97 37 42 52 37 66
96 57 90 73 32 88 19 64 11 98 76 88 29 28 49 54 48 63 92 84 72 44 11 61 68 28 19 56 98 24 16 10 31 53 20 61 98 36 69 80 29 42 32 90 34 74 47 29 46 30 31 32 33 55 48 46 14 38 23 30 13 43 80 77 90 0 36 59 22 85 50 50 93 55 36 15 54 68 48 51 18 48 33 92 23 86 77 24 77 35
27 92 34 51 31 80 93 92 66 77 26 16 37 14 44 60 99 78 26 87 64 47 58 54 39 61 43 92 27 59 32 70 90 88 90 34 67 47 13 38 54 32 85 69 31 89 62 59 66 33 70 97 43 85 21 41 69 45 46 65 38 21 66 21 76 36 0 62 88 21 59 31 44 99 13 10 47 23 59 18 20 39 40 63 86 89 15 42 20 78
23 59 99 15 82 56 92 37 95 37 43 76 99 46 97 77 72 39 68 73 54 65 99 48 31 75 99 10 16 26 16 66 95 52 71 19 45 43 80 94 97 34 57 72 88 49 68 84 82 62 55 94 82 11 14 60 90 59 98 41 55 39 87 81 29 59 62 0 89 74 43 43 52 73 87 47 36 75 12 80 86 19 58 68 27 52 63 61 38 18
89 12 81 33 37 67 23 71 94 58 71 41 87 41 17 15 73 49 82 36 32 89 82 87 39 26 54 71 95 46 32 79 38 69 83 76 37 78 44 47 37 47 92 64 77 66 34 48 97 21 60 29 55 38 25 99 25 40 30 31 87 32 17 53 83 22 88 89 0 21 47 89 73 93 24 78 74 79 88 49 17 55 21 96 40 27 40 71 22 15
71 66 94 78 99 17 20 86 68 57 59 35 15 78 77 67 55 60 85 26 84 29 40 28 63 54 94 64 56 40 87 25 44 56 10 23 56 80 82 65 87 88 69 64 62 65 95 40 51 66 33 33 38 63 36 41 21 95 80 78 20 24 66 71 29 85 21 74 21 0 21 65 39 63 75 64 74 48 99 21 71 37 14 95 35 75 72 53 33 78
62 66 54 86 75 43 69 43 96 60 69 27 41 62 42 42 18 91 53 88 30 99 44 93 44 76 59 20 20 79 25 28 42 63 75 12 27 66 57 68 80 64 94 93 57 87 55 80 57 63 64 41 94 75 41 64 24 21 79 70 73 69 29 89 20 50 59 43 47 21 0 92 88 45 86 73 53 83 33 69 25 58 67 26 48 85 42 35 21 56
10 32 23 40 26 71 55 94 14 24 25 70 29 78 74 42 46 21 56 99 50 97 40 40 27 26 34 85 82 61 19 69 10 77 67 50 89 86 71 85 70 57 41 74 64 83 16 92 48 54 40 64 18 35 13 58 62 94 19 32 63 17 78 47 35 50 31 43 89 65 92 0 40 24 26 69 55 25 70 78 92 31 19 57 10 68 22 93 59 72
95 44 59 39 66 52 52 14 13 87 78 74 10 38 53 25 47 47 57 46 85 81 86 97 10 12 82 61 75 95 80 79 72 26 46 58 89 56 34 23 37 71 29 23 14 60 59 99 11 82 50 11 71 56 80 94 18 56 13 85 88 64 88 63 50 93 44 52 73 39 88 40 0 96 59 91 11 33 17 83 77 12 58 61 22 27 53 28 73 90
26 89 50 98 47 30 98 52 88 89 80 24 51 43 48 95 34 55 46 22 88 58 88 24 76 26 50 71 49 27 68 53 50 74 34 57 20 82 17 59 19 74 50 32 91 95 65 96 44 55 63 81 65 30 17 64 84 59 20 36 22 12 75 10 23 55 99 73 93 63 45 24 96 0 64 34 29 48 12 41 13 12 34 22 18 64 94 35 88 77
80 27 28 20 17 57 89 76 39 57 79 47 79 26 70 58 31 76 92 38 67 87 22 90 49 18 50 76 59 38 74 86 56 35 21 90 30 66 76 86 11 60 26 19 94 78 38 50 71 98 68 49 85 87 57 86 61 35 79 38 59 14 38 35 87 36 13 87 24 75 86 26 59 64 0 60 26 25 67 60 65 88 92 44 63 89 35 42 78 78
19 62 67 30 45 21 47 56 43 83 63 36 64 47 72 66 67 68 15 43 51 50 56 64 64 71 75 59 39 44 47 37 42 74 68 18 67 91 38 79 38 13 18 13 31 91 24 42 98 58 66 98 27 41 30 78 94 33 81 40 16 35 97 54 21 15 10 47 78 64 73 69 91 34 60 0 47 58 11 27 10 88 88 17 48 29 83 27 37 30
73 33 32 37 13 16 39 54 50 76 32 23 87 90 57 28 17 85 23 85 60 14 16 33 51 89 91 39 13 11 58 16 25 61 68 84 73 74 46 85 27 32 49 15 56 28 71 20 89 35 42 29 12 11 78 16 77 41 93 78 66 78 21 52 45 54 47 36 74 74 53 55 11 29 26 47 0 67 66 56 71 32 22 99 29 94 58 52 54 74
21 44 34 69 69 46 69 48 93 66 23 99 19 19 44 49 16 48 94 95 36 53 18 64 28 96 18 56 56 42 95 25 83 10 44 16 60 66 58 79 44 23 93 88 93 25 28 15 35 21 79 40 48 36 98 64 43 32 25 75 17 85 39 95 60 68 23 75 79 48 83 25 33 48 25 58 67 0 44 47 55 11 49 56 15 95 46 95 14 17
55 28 57 68 21 44 98 68 35 35 74 57 23 56 49 41 43 14 37 21 51 53 43 17 42 83 72 17 77 31 92 12 89 32 55 43 71 18 60 53 81 92 23 15 53 60 77 67 61 36 28 75 50 54 46 62 10 99 76 34 65 32 14 61 57 48 59 12 88 99 33 70 17 12 67 11 66 44 0 48 88 19 21 86 28 32 42 70 77 13
81 62 79 90 92 40 80 50 11 44 27 21 86 59 99 78 46 65 25 54 22 51 75 72 69 67 74 81 36 35 29 63 32 76 67 31 21 55 50 67 43 49 13 25 37 76 82 69 32 40 24 13 96 31 97 22 75 91 46 34 69 10 79 47 25 51 18 80 49 21 69 78 83 41 60 27 56 47 48 0 86 20 47 25 62 21 97 70 68 23
58 93 30 56 28 60 58 77 81 84 90 10 40 31 25 22 72 61 54 63 73 89 66 44 88 48 66 32 87 76 63 58 27 68 62 78 15 89 99 23 74 60 68 26 24 43 28 12 38 98 19 32 34 27 91 59 16 34 68 42 55 25 82 91 45 18 20 86 17 71 25 92 77 13 65 10 71 55 88 86 0 12 52 25 69 68 11 87 94 18
90 28 37 32 63 50 83 52 93 33 10 61 45 67 22 50 61 19 17 69 86 71 48 28 45 13 42 97 18 67 80 94 79 13 90 27 35 34 29 37 64 48 96 82 59 92 47 84 18 15 88 76 27 34 39 26 48 96 10 81 82 63 80 99 12 48 39 19 55 37 58 31 12 12 88 88 32 11 19 20 12 0 41 72 20 32 34 99 24 79
75 22 89 62 84 23 32 10 55 70 66 97 76 85 23 53 48 26 29 99 71 65 88 52 93 64 24 66 83 63 83 16 77 69 17 19 71 53 98 44 33 40 24 52 70 83 33 29 20 96 83 33 28 22 74 65 46 99 74 74 30 24 87 16 49 33 40 58 21 14 67 19 58 34 92 88 22 49 21 47 52 41 0 89 72 16 69 32 56 90
96 59 54 72 12 98 52 84 39 97 29 87 40 24 83 25 81 91 42 35 96 70 74 54 87 54 66 12 95 33 19 64 57 73 23 68 88 39 51 68 79 55 16 61 66 39 52 14 55 20 89 14 64 44 55 44 25 23 57 30 13 96 92 99 98 92 63 68 96 95 26 57 61 22 44 17 99 56 86 25 25 72 89 0 35 29 52 46 29 28
35 14 39 35 76 22 33 97 76 64 84 56 49 55 58 20 64 87 35 78 98 62 85 44 25 43 23 70 32 56 82 46 83 44 66 75 44 50 28 79 45 63 50 51 77 28 81 86 85 83 62 39 14 48 97 40 45 30 52 66 44 59 21 59 97 23 86 27 40 35 48 10 22 18 63 48 29 15 28 62 69 20 72 35 0 64 44 62 16 32
36 71 99 36 12 99 91 90 79 86 40 43 75 92 43 91 46 71 45 73 57 56 27 84 22 52 72 70 45 73 93 12 92 36 14 44 28 77 28 83 20 46 81 10 27 83 17 56 34 95 70 55 88 65 30 73 63 30 92 86 65 58 67 24 37 86 89 52 27 75 85 68 27 64 89 29 94 95 32 21 68 32 16 29 64 0 99 30 98 20
50 50 99 48 18 93 64 35 19 89 99 23 88 49 90 93 19 71 78 15 10 99 33 71 76 78 10 69 25 68 93 58 13 83 30 48 53 76 80 66 78 52 95 93 13 71 80 75 61 62 23 34 62 57 24 32 17 98 14 64 92 95 56 77 42 77 15 63 40 72 42 22 53 94 35 83 58 46 42 97 11 34 69 52 44 99 0 34 54 50
56 27 47 27 64 85 59 46 60 86 29 37 46 99 33 27 11 26 80 97 42 79 54 14 73 91 61 87 85 42 71 14 11 13 49 97 38 77 62 28 61 63 55 49 27 43 77 70 64 65 65 44 36 56 62 55 70 49 99 84 31 18 73 47 52 24 42 61 71 53 35 93 28 35 42 27 52 95 70 70 87 99 32 46 62 30 34 0 68 45
13 15 58 23 67 11 54 62 75 28 57 38 55 23 37 86 36 55 68 41 99 14 93 57 63 67 55 52 43 91 48 29 25 67 69 73 39 82 96 43 98 33 52 46 61 80 40 79 10 56 47 61 26 72 84 57 34 98 52 50 68 34 27 38 37 77 20 38 22 33 21 59 73 88 78 37 54 14 77 68 94 24 56 29 16 98 54 68 0 62
53 22 19 13 80 79 64 20 66 55 38 79 76 33 66 37 51 50 55 39 49 87 17 66 17 24 68 81 15 43 26 89 66 94 52 77 25 22 59 97 66 51 15 48 30 92 96 37 64 64 62 64 69 23 87 63 91 83 95 23 27 89 82 43 66 35 78 18 15 78 56 72 90 77 78 30 74 17 13 23 18 79 90 28 32 20 50 45 62 0