45
0 72 79 56 70 42 97 25 43 33 29 51 22 83 17 73 65 25 51 98 13 43 80 78 66 59 68 61 68 25 96 73 11 21 26 55 37 22 79 57 10 15 57 33 90
72 0 62 29 53 71 90 69 14 82 80 12 31 76 74 17 93 29 32 13 27 65 16 93 81 44 81 76 84 70 10 72 80 92 73 38 89 20 19 57 16 48 50 98 61
79 62 0 34 17 85 60 69 14 23 15 37 70 19 26 67 99 15 56 67 93 18 45 43 61 44 42 88 68 17 90 56 80 68 49 87 57 90 27 21 89 19 50 21 53
56 29 34 0 37 31 91 54 61 97 45 77 52 73 70 20 60 38 90 18 95 34 72 99 75 51 32 13 47 56 56 38 91 81 10 24 57 83 84 89 71 29 66 28 89
70 53 17 37 0 93 31 96 87 74 71 79 95 66 71 64 91 96 45 33 67 40 13 51 46 96 98 79 55 65 70 10 20 55 12 33 79 31 81 43 68 71 58 95 10
42 71 85 31 93 0 43 70 73 60 86 77 26 18 39 18 54 77 21 16 36 95 51 67 54 29 25 91 54 48 15 36 15 76 29 25 27 90 41 50 11 23 49 58 80
97 90 60 91 31 43 0 48 76 89 13 15 39 25 74 51 52 12 36 53 71 14 62 66 40 62 60 12 28 14 28 41 31 57 30 84 82 55 44 94 63 19 29 39 78
25 69 69 54 96 70 48 0 21 53 26 83 14 52 28 48 38 24 40 23 91 39 17 75 92 75 61 84 75 22 97 96 97 32 39 88 43 42 22 36 35 27 48 33 79
43 14 14 61 87 73 76 21 0 65 27 63 61 70 96 45 30 28 33 91 10 34 24 88 63 21 99 21 75 49 36 93 51 83 91 96 67 49 67 25 73 24 55 31 18
33 82 23 97 74 60 89 53 65 0 51 15 32 49 81 59 63 47 84 28 94 92 50 16 86 56 87 25 92 88 78 74 96 52 83 45 43 83 48 55 35 82 28 96 12
29 80 15 45 71 86 13 26 27 51 0 99 12 99 91 49 50 50 54 97 49 81 57 30 59 62 97 32 49 16 75 10 97 48 24 90 20 75 22 21 55 34 71 23 97
51 12 37 77 79 77 15 83 63 15 99 0 61 55 58 94 59 29 30 80 80 81 85 38 21 48 42 58 26 18 98 73 13 99 74 51 46 27 81 37 84 34 49 34 20
22 31 70 52 95 26 39 14 61 32 12 61 0 81 22 84 97 78 63 32 90 14 72 60 41 44 81 61 36 55 31 48 83 50 36 14 32 15 62 44 84 53 95 67 94
83 76 19 73 66 18 25 52 70 49 99 55 81 0 89 57 69 71 23 19 10 95 67 22 81 28 97 62 86 29 47 27 51 53 56 59 45 25 34 96 32 68 15 74 38
17 74 26 70 71 39 74 28 96 81 91 58 22 89 0 16 62 89 44 74 96 44 28 55 34 60 82 26 99 90 30 13 13 81 45 46 38 65 95 87 55 71 68 17 47
73 17 67 20 64 18 51 48 45 59 49 94 84 57 16 0 61 51 79 41 99 25 71 60 77 47 45 22 25 11 85 24 83 79 15 58 38 30 11 94 63 97 11 30 17
65 93 99 60 91 54 52 38 30 63 50 59 97 69 62 61 0 65 37 48 22 84 23 15 94 48 18 79 83 74 78 65 23 21 41 54 28 43 46 38 19 29 83 98 63
25 29 15 38 96 77 12 24 28 47 50 29 78 71 89 51 65 0 24 86 87 37 67 16 65 26 54 99 25 62 70 24 28 37 43 14 10 99 33 74 59 36 41 46 98
51 32 56 90 45 21 36 40 33 84 54 30 63 23 44 79 37 24 0 82 12 66 25 36 68 21 81 38 45 80 12 88 28 25 53 86 76 81 99 35 84 13 20 80 93
98 13 67 18 33 16 53 23 91 28 97 80 32 19 74 41 48 86 82 0 11 51 88 72 32 54 57 51 29 71 65 75 47 65 52 78 78 48 88 66 80 31 79 40 87
13 27 93 95 67 36 71 91 10 94 49 80 90 10 96 99 22 87 12 11 0 64 82 96 27 70 13 58 97 81 51 34 10 27 20 49 75 44 67 35 44 72 55 31 59
43 65 18 34 40 95 14 39 34 92 81 81 14 95 44 25 84 37 66 51 64 0 98 78 73 33 10 75 91 91 64 29 29 77 91 43 94 83 10 15 18 15 88 64 53
80 16 45 72 13 51 62 17 24 50 57 85 72 67 28 71 23 67 25 88 82 98 0 43 56 69 29 36 49 45 53 61 49 17 99 63 90 90 41 44 58 49 56 66 33
78 93 43 99 51 67 66 75 88 16 30 38 60 22 55 60 15 16 36 72 96 78 43 0 85 10 58 61 11 64 70 18 59 48 25 65 43 16 31 26 50 79 78 32 66
66 81 61 75 46 54 40 92 63 86 59 21 41 81 34 77 94 65 68 32 27 73 56 85 0 61 60 61 73 92 59 76 97 20 36 36 42 94 95 57 27 44 88 51 39
59 44 44 51 96 29 62 75 21 56 62 48 44 28 60 47 48 26 21 54 70 33 69 10 61 0 63 60 27 11 19 44 29 89 72 92 10 43 51 93 70 99 27 67 87
68 81 42 32 98 25 60 61 99 87 97 42 81 97 82 45 18 54 81 57 13 10 29 58 60 63 0 58 40 59 63 23 65 52 40 55 93 87 32 13 77 33 75 97 83
61 76 88 13 79 91 12 84 21 25 32 58 61 62 26 22 79 99 38 51 58 75 36 61 61 60 58 0 26 99 46 51 51 97 84 57 72 95 12 56 81 18 11 77 29
68 84 68 47 55 54 28 75 75 92 49 26 36 86 99 25 83 25 45 29 97 91 49 11 73 27 40 26 0 76 67 77 33 99 99 82 85 96 93 45 98 60 72 85 86
25 70 17 56 65 48 14 22 49 88 16 18 55 29 90 11 74 62 80 71 81 91 45 64 92 11 59 99 76 0 22 73 17 34 89 71 79 13 89 84 19 10 44 79 61
96 10 90 56 70 15 28 97 36 78 75 98 31 47 30 85 78 70 12 65 51 64 53 70 59 19 63 46 67 22 0 26 42 29 15 41 50 65 57 57 63 82 13 16 74
73 72 56 38 10 36 41 96 93 74 10 73 48 27 13 24 65 24 88 75 34 29 61 18 76 44 23 51 77 73 26 0 28 71 87 44 54 95 25 67 37 39 48 74 24
11 80 80 91 20 15 31 97 51 96 97 13 83 51 13 83 23 28 28 47 10 29 49 59 97 29 65 51 33 17 42 28 0 70 51 85 37 14 58 21 52 64 86 33 48
21 92 68 81 55 76 57 32 83 52 48 99 50 53 81 79 21 37 25 65 27 77 17 48 20 89 52 97 99 34 29 71 70 0 33 77 46 53 22 29 14 51 58 83 78
26 73 49 10 12 29 30 39 91 83 24 74 36 56 45 15 41 43 53 52 20 91 99 25 36 72 40 84 99 89 15 87 51 33 0 35 10 56 54 30 30 79 33 56 67
55 38 87 24 33 25 84 88 96 45 90 51 14 59 46 58 54 14 86 78 49 43 63 65 36 92 55 57 82 71 41 44 85 77 35 0 31 56 71 76 73 53 22 36 50
37 89 57 57 79 27 82 43 67 43 20 46 32 45 38 38 28 10 76 78 75 94 90 43 42 10 93 72 85 79 50 54 37 46 10 31 0 93 91 68 83 30 24 24 24
22 20 90 83 31 90 55 42 49 83 75 27 15 25 65 30 43 99 81 48 44 83 90 16 94 43 87 95 96 13 65 95 14 53 56 56 93 0 65 30 22 45 34 87 90
79 19 27 84 81 41 44 22 67 48 22 81 62 34 95 11 46 33 99 88 67 10 41 31 95 51 32 12 93 89 57 25 58 22 54 71 91 65 0 37 61 89 96 72 85
57 57 21 89 43 50 94 36 25 55 21 37 44 96 87 94 38 74 35 66 35 15 44 26 57 93 13 56 45 84 57 67 21 29 30 76 68 30 37 0 17 94 92 64 49
10 16 89 71 68 11 63 35 73 35 55 84 84 32 55 63 19 59 84 80 44 18 58 50 27 70 77 81 98 19 63 37 52 14 30 73 83 22 61 17 0 51 67 34 96
15 48 19 29 71 23 19 27 24 82 34 34 53 68 71 97 29 36 13 31 72 15 49 79 44 99 33 18 60 10 82 39 64 51 79 53 30 45 89 94 51 0 55 85 74
57 50 50 66 58 49 29 48 55 28 71 49 95 15 68 11 83 41 20 79 55 88 56 78 88 27 75 11 72 44 13 48 86 58 33 22 24 34 96 92 67 55 0 91 89
33 98 21 28 95 58 39 33 31 96 23 34 67 74 17 30 98 46 80 40 31 64 66 32 51 67 97 77 85 79 16 74 33 83 56 36 24 87 72 64 34 85 91 0 31
90 61 53 89 10 80 78 79 18 12 97 20 94 38 47 17 63 98 93 87 59 53 33 66 39 87 83 29 86 61 74 24 48 78 67 50 24 90 85 49 96 74 89 31 0