115
0 41 71 94 52 21 61 62 22 52 17 21 44 38 42 96 81 46 50 59 77 68 63 29 17 80 33 30 51 46 28 62 93 11 27 29 82 46 30 99 49 10 74 40 30 14 41 99 35 29 36 57 70 21 64 12 80 13 75 84 40 37 83 20 72 85 24 56 15 12 35 58 49 25 89 46 33 25 64 56 88 87 55 46 25 94 98 62 66 82 40 38 48 37 16 18 18 68 11 83 79 11 76 88 49 21 72 22 85 97 50 88 79 78 36
41 0 12 30 94 79 79 25 14 15 25 22 88 88 20 24 34 97 85 68 64 70 66 89 39 86 12 98 70 23 70 79 11 48 33 60 32 47 87 96 56 43 47 12 95 70 19 34 60 37 27 51 27 67 62 67 20 56 38 74 19 32 46 16 27 14 17 64 32 55 87 49 39 92 94 60 32 76 43 91 50 86 57 70 40 74 77 89 25 83 79 87 34 87 93 11 25 49 47 13 60 91 22 17 85 36 61 68 21 70 11 25 42 58 82
71 12 0 13 17 63 58 53 36 35 86 84 98 55 17 24 53 47 65 91 99 61 22 81 53 21 55 95 57 73 72 12 31 41 85 72 64 67 26 61 30 29 96 24 58 24 89 76 85 60 64 38 65 59 92 25 91 45 43 39 80 35 81 57 54 24 90 62 56 90 55 94 11 35 24 27 82 52 39 44 50 40 47 97 86 24 51 30 75 39 13 63 60 16 32 68 77 76 54 95 36 41 58 87 68 37 88 50 37 78 85 33 45 53 78
94 30 13 0 57 56 80 88 51 79 52 13 46 29 13 97 84 28 31 78 17 77 62 85 79 24 76 24 82 20 26 80 14 68 11 54 18 96 24 42 85 35 56 16 88 55 56 86 83 91 10 19 48 74 41 27 48 72 88 73 64 34 17 29 82 96 34 79 84 56 56 86 89 55 28 19 81 73 23 84 20 79 81 60 39 68 92 63 75 93 42 48 56 97 76 96 19 11 38 54 46 69 19 17 78 14 16 75 94 74 19 17 76 59 83
52 94 17 57 0 22 41 70 94 37 18 80 70 68 18 81 18 41 44 87 22 32 71 12 12 16 83 25 58 65 29 90 70 85 74 89 72 83 13 45 58 96 45 14 73 82 34 36 15 96 91 34 14 11 35 70 41 58 68 12 99 42 78 12 72 33 66 68 23 10 53 33 51 31 44 30 74 62 11 92 22 50 96 75 83 11 26 88 97 70 35 75 20 54 20 11 12 11 25 17 79 45 57 24 25 45 12 94 18 88 48 94 13 52 81
21 79 63 56 22 0 71 15 82 70 70 90 12 54 35 79 60 74 47 69 26 21 88 78 16 39 47 63 19 28 50 93 69 59 41 92 96 75 57 84 39 20 65 84 22 88 85 36 24 59 20 40 42 12 54 46 32 19 25 54 95 19 68 88 73 29 82 87 31 57 34 49 69 72 99 26 54 18 27 29 91 34 94 84 61 42 84 28 18 59 29 24 76 38 18 47 49 40 10 14 35 13 30 15 93 10 19 17 91 30 58 95 30 20 53
61 79 58 80 41 71 0 14 87 91 90 64 21 66 81 29 20 26 93 18 64 50 76 11 59 44 88 99 82 54 17 60 15 68 24 16 39 80 51 85 85 42 11 63 26 93 90 48 93 33 94 62 71 13 19 74 70 76 93 89 36 66 32 28 67 95 65 69 29 26 25 87 49 81 17 38 25 56 69 35 84 98 84 28 97 48 40 25 20 42 70 97 18 61 84 74 54 39 98 20 16 11 67 68 95 38 36 90 54 70 64 50 67 16 10
62 25 53 88 70 15 14 0 39 16 85 84 79 74 50 51 62 58 18 67 11 78 12 25 46 60 98 57 47 77 16 83 95 11 30 50 93 73 22 34 12 22 20 96 53 71 26 34 50 29 59 62 77 16 14 96 75 70 87 34 59 46 14 99 40 67 63 64 24 73 57 82 28 64 49 31 58 44 64 22 18 36 72 56 82 47 71 41 11 32 93 37 85 78 86 33 58 11 61 43 50 28 96 82 82 16 86 63 95 45 86 37 36 83 88
22 14 36 51 94 82 87 39 0 47 12 76 77 48 68 38 81 99 14 95 92 52 32 26 62 66 29 20 39 25 74 63 21 60 55 13 84 62 97 31 75 60 97 95 46 44 54 85 98 39 51 85 81 57 71 86 87 79 67 11 74 74 67 73 68 95 88 86 97 74 70 19 19 81 88 35 47 85 88 43 75 12 94 98 78 60 74 42 24 15 22 27 29 80 99 58 93 84 96 59 68 81 78 15 49 80 18 53 57 72 17 47 90 53 13
52 15 35 79 37 70 91 16 47 0 29 71 63 75 73 29 91 78 11 46 60 83 54 68 83 22 47 69 16 34 61 12 23 21 76 74 71 45 31 24 28 20 57 82 87 24 75 32 35 48 32 73 35 28 76 94 92 79 99 48 72 51 17 44 84 39 12 35 48 32 76 89 91 69 31 86 56 55 13 70 40 32 54 67 72 40 77 95 62 81 86 79 99 88 10 40 19 68 47 52 54 34 75 88 34 38 88 64 98 94 90 26 48 14 15
17 25 86 52 18 70 90 85 12 29 0 46 53 88 15 56 84 36 17 34 54 81 29 19 22 72 89 62 90 97 96 71 72 94 27 95 89 10 51 35 22 80 48 37 97 45 19 11 26 57 76 16 28 89 29 42 45 38 85 32 22 13 33 64 76 36 69 58 26 65 94 74 15 70 19 54 17 37 22 24 75 70 79 65 87 87 98 60 48 93 11 17 94 99 39 88 63 32 51 65 38 26 42 49 37 47 79 26 78 18 17 29 36 61 19
21 22 84 13 80 90 64 84 76 71 46 0 20 78 37 71 73 13 86 75 97 43 78 79 88 93 46 28 20 69 81 59 76 75 59 74 37 70 48 20 30 77 99 78 53 40 16 20 68 16 85 66 79 57 41 84 62 29 63 67 30 77 22 75 53 43 10 95 70 37 10 40 46 12 83 52 78 82 26 42 71 70 62 10 46 51 51 30 33 95 20 90 31 36 21 40 93 65 52 78 48 47 83 18 22 73 51 85 50 97 76 98 54 86 15
44 88 98 46 70 12 21 79 77 63 53 20 0 22 37 47 16 62 82 40 48 52 78 98 50 35 82 74 55 88 49 61 65 40 76 12 76 57 85 41 87 39 75 77 23 53 60 42 75 23 30 13 97 91 95 24 17 22 28 77 39 69 81 74 62 91 50 46 17 58 68 54 82 51 99 50 18 68 98 11 15 18 57 36 10 54 25 42 88 10 28 59 97 62 78 96 33 18 11 48 81 93 41 24 76 52 93 13 15 53 96 43 95 33 62
38 88 55 29 68 54 66 74 48 75 88 78 22 0 64 45 45 18 22 22 22 12 94 73 19 17 37 43 94 44 54 65 90 33 13 30 38 58 85 70 20 24 98 39 33 24 49 22 67 72 81 14 52 93 61 82 66 92 25 92 86 86 94 25 62 52 45 97 33 28 20 43 41 71 24 62 11 17 20 78 97 98 25 40 97 58 34 55 13 16 70 43 15 85 97 15 27 48 68 22 45 19 40 67 71 39 85 71 88 81 10 44 78 78 52
42 20 17 13 18 35 81 50 68 73 15 37 37 64 0 52 80 27 44 64 73 42 23 98 26 11 66 60 44 27 15 36 93 82 17 34 78 53 71 82 88 52 51 99 53 15 29 54 22 60 62 56 13 49 13 57 33 84 45 18 32 75 67 63 35 48 36 78 20 85 64 50 65 32 23 53 91 17 16 35 49 33 10 22 92 60 97 74 86 63 73 47 13 94 55 26 46 17 17 76 84 90 22 65 67 94 40 34 21 91 70 28 15 97 91
96 24 24 97 81 79 29 51 38 29 56 71 47 45 52 0 58 52 55 82 51 80 71 47 86 73 44 95 87 41 10 50 40 74 74 90 54 25 87 61 30 29 69 68 98 52 78 98 33 86 19 48 14 78 13 90 56 53 92 92 18 27 12 82 65 41 63 11 65 47 60 32 58 78 20 95 12 58 74 92 44 63 16 75 53 86 56 40 75 53 38 16 74 84 90 25 94 87 50 88 61 33 58 79 75 29 99 93 54 83 47 24 59 89 61
81 34 53 84 18 60 20 62 81 91 84 73 16 45 80 58 0 81 27 97 74 56 19 93 90 25 16 67 45 26 77 12 21 87 30 93 88 73 43 10 42 73 46 96 77 95 75 52 35 50 35 34 48 42 97 89 64 22 72 61 10 33 47 42 14 68 24 84 82 43 37 75 70 39 49 75 50 16 24 27 72 43 78 97 57 48 96 18 33 91 37 23 53 94 70 77 80 77 17 95 69 96 17 99 65 75 76 51 49 50 98 58 60 39 60
46 97 47 28 41 74 26 58 99 78 36 13 62 18 27 52 81 0 10 67 48 71 59 72 56 57 21 50 60 45 11 37 24 53 31 15 59 37 17 47 70 26 87 30 64 81 92 71 41 37 45 36 69 75 90 69 44 53 28 54 12 67 41 59 77 71 32 62 68 90 36 80 85 97 75 85 51 39 97 92 21 36 58 45 98 83 71 18 26 49 23 46 19 58 86 97 70 32 27 35 89 84 80 81 87 60 40 98 32 60 32 64 88 64 22
50 85 65 31 44 47 93 18 14 11 17 86 82 22 44 55 27 10 0 53 24 79 72 62 70 51 72 85 81 73 69 94 90 91 88 58 74 28 81 26 29 46 78 57 74 80 11 59 89 90 85 17 54 34 53 49 24 25 90 23 85 63 28 32 26 67 71 95 73 61 43 34 69 87 79 76 61 65 20 28 30 19 91 73 42 80 36 67 74 46 92 53 75 84 57 50 73 46 92 47 42 89 56 90 17 55 20 37 17 61 29 21 37 92 75
59 68 91 78 87 69 18 67 95 46 34 75 40 22 64 82 97 67 53 0 44 99 75 20 34 40 67 97 37 97 11 20 66 19 95 11 73 15 80 12 39 29 74 54 66 56 30 75 13 15 57 94 82 65 92 41 36 15 82 99 32 87 65 51 89 63 44 13 11 77 42 92 76 82 17 21 24 24 65 60 63 97 36 37 93 41 76 75 12 26 41 54 62 64 74 81 23 10 19 50 71 16 62 49 88 31 56 91 69 67 97 68 38 52 27
77 64 99 17 22 26 64 11 92 60 54 97 48 22 73 51 74 48 24 44 0 89 87 36 98 97 39 86 61 60 35 86 39 31 43 54 42 83 11 45 62 92 64 56 73 38 97 31 53 11 76 68 11 88 89 18 72 86 73 51 94 83 19 66 17 81 18 93 55 29 39 98 77 65 97 22 50 36 71 50 59 79 61 83 78 35 49 50 79 86 78 62 19 71 32 46 45 39 86 10 95 38 19 83 55 99 77 98 67 16 69 55 70 98 96
68 70 61 77 32 21 50 78 52 83 81 43 52 12 42 80 56 71 79 99 89 0 33 93 68 48 43 24 61 47 81 79 49 27 15 51 83 48 95 22 61 63 25 75 32 41 77 49 76 29 23 30 93 57 34 66 14 36 46 35 20 74 86 78 34 81 69 49 53 51 99 95 12 67 23 76 20 86 16 60 29 16 71 81 94 84 92 68 40 67 18 52 28 84 34 90 10 37 15 36 68 31 33 73 53 35 20 90 92 66 48 54 99 67 57
63 66 22 62 71 88 76 12 32 54 29 78 78 94 23 71 19 59 72 75 87 33 0 25 87 13 49 96 75 24 73 75 89 81 76 54 42 81 51 31 35 69 86 47 51 86 66 11 16 70 64 66 29 61 17 73 66 90 69 53 32 49 69 76 59 85 61 64 34 59 16 70 67 63 37 35 34 42 69 62 65 52 28 65 97 68 37 75 53 19 99 54 97 13 29 80 34 91 82 66 77 14 60 21 52 63 64 87 16 80 10 42 55 82 31
29 89 81 85 12 78 11 25 26 68 19 79 98 73 98 47 93 72 62 20 36 93 25 0 41 12 33 58 39 51 31 58 46 75 16 91 78 99 28 52 86 47 31 25 25 19 42 44 79 61 48 19 13 85 11 20 63 98 17 16 70 86 67 40 95 90 61 90 61 21 89 88 45 36 71 84 94 83 27 40 64 83 58 39 13 96 36 29 18 26 68 40 99 12 23 26 65 19 75 96 42 64 52 57 75 79 33 65 11 97 50 73 89 52 67
17 39 53 79 12 16 59 46 62 83 22 88 50 19 26 86 90 56 70 34 98 68 87 41 0 45 73 94 24 71 80 31 55 14 89 76 47 43 64 24 43 72 29 47 34 26 48 40 35 71 86 12 91 17 59 39 17 73 47 25 43 35 54 65 90 47 35 26 27 64 38 68 56 15 80 37 76 18 90 93 18 89 96 45 43 89 75 30 44 73 29 39 71 90 33 42 90 77 96 33 77 70 70 99 99 84 97 72 20 35 80 81 50 14 45
80 86 21 24 16 39 44 60 66 22 72 93 35 17 11 73 25 57 51 40 97 48 13 12 45 0 70 24 31 88 83 91 53 81 61 41 44 99 64 59 30 15 20 98 60 58 11 49 80 42 58 38 91 25 26 31 11 13 85 51 45 43 68 39 62 39 14 13 29 50 11 71 65 93 39 78 25 18 21 24 49 41 39 21 98 14 83 14 59 95 58 12 18 17 22 42 50 45 12 21 96 48 21 48 15 29 70 47 57 75 84 20 58 50 50
33 12 55 76 83 47 88 98 29 47 89 46 82 37 66 44 16 21 72 67 39 43 49 33 73 70 0 59 53 14 44 89 58 78 96 50 88 67 46 27 66 49 24 21 54 72 59 29 85 82 43 82 23 56 94 41 93 66 97 24 27 24 45 70 53 41 57 95 69 30 62 70 56 21 38 31 35 26 10 43 65 77 37 26 13 17 99 86 93 25 97 31 97 86 68 47 59 34 61 22 63 66 55 23 90 68 61 18 77 15 17 39 90 19 19
30 98 95 24 25 63 99 57 20 69 62 28 74 43 60 95 67 50 85 97 86 24 96 58 94 24 59 0 78 51 53 25 36 40 41 52 64 24 58 28 68 89 28 72 38 67 83 29 87 24 49 71 94 80 22 48 25 18 55 78 65 81 37 10 29 39 42 98 87 48 89 74 13 26 26 38 41 98 48 52 90 22 65 47 31 10 65 35 48 20 16 17 92 78 28 14 96 38 58 45 80 39 44 74 78 73 22 39 69 85 74 44 90 42 72
51 70 57 82 58 19 82 47 39 16 90 20 55 94 44 87 45 60 81 37 61 61 75 39 24 31 53 78 0 83 60 33 26 89 75 99 24 75 70 17 18 28 52 68 74 69 81 25 75 49 29 93 16 26 81 21 68 27 98 41 23 28 96 23 52 73 57 66 43 49 28 65 17 87 90 27 17 88 89 29 48 35 49 96 19 75 30 87 55 56 61 58 21 40 61 79 78 97 84 59 62 56 83 33 36 86 83 57 34 17 11 59 71 86 83
46 23 73 20 65 28 54 77 25 34 97 69 88 44 27 41 26 45 73 97 60 47 24 51 71 88 14 51 83 0 62 28 10 48 37 87 41 87 74 47 85 81 50 40 43 33 59 34 78 74 74 57 26 46 88 65 27 28 85 64 70 36 34 56 77 12 19 71 79 85 92 77 55 70 37 87 96 18 79 62 44 42 53 60 18 32 97 77 32 55 23 93 45 56 70 12 37 82 11 15 91 22 50 77 24 66 15 55 13 26 92 21 61 47 52
28 70 72 26 29 50 17 16 74 61 96 81 49 54 15 10 77 11 69 11 35 81 73 31 80 83 44 53 60 62 0 18 75 12 34 80 58 15 72 56 76 42 42 19 83 55 59 64 94 24 98 12 58 22 62 66 98 75 59 21 24 83 47 38 88 50 81 36 28 85 61 95 92 17 76 20 22 18 66 49 73 36 48 54 45 70 84 77 12 50 34 99 39 63 69 36 21 29 35 54 27 98 87 14 14 85 52 99 75 52 91 17 50 67 53
62 79 12 80 90 93 60 83 63 12 71 59 61 65 36 50 12 37 94 20 86 79 75 58 31 91 89 25 33 28 18 0 75 13 56 91 36 84 87 91 11 99 13 75 92 80 69 41 52 49 77 82 82 96 78 93 68 45 94 96 12 64 24 33 19 92 29 93 89 18 93 94 44 54 58 58 65 64 22 36 70 34 38 48 11 13 93 63 17 66 11 38 47 85 24 69 77 50 67 57 39 24 50 25 89 88 55 59 84 47 70 52 31 27 42
93 11 31 14 70 69 15 95 21 23 72 76 65 90 93 40 21 24 90 66 39 49 89 46 55 53 58 36 26 10 75 75 0 51 34 79 29 49 41 78 29 62 62 74 16 24 67 45 62 46 28 87 17 86 85 14 18 64 97 24 10 19 46 68 46 68 12 16 29 67 85 80 18 83 32 85 77 11 96 84 51 89 72 77 29 63 85 32 30 87 53 57 66 33 33 84 60 89 71 59 51 54 48 85 26 13 85 40 86 86 70 87 41 48 91
11 48 41 68 85 59 68 11 60 21 94 75 40 33 82 74 87 53 91 19 31 27 81 75 14 81 78 40 89 48 12 13 51 0 98 18 30 64 39 13 81 64 93 23 27 75 78 61 18 95 97 88 81 39 51 30 59 61 69 98 20 15 31 55 32 24 89 80 55 27 74 31 40 38 60 67 59 60 99 63 12 81 31 76 62 82 84 98 88 77 25 62 44 60 46 80 23 34 24 61 86 80 15 36 52 37 33 40 47 16 34 31 68 85 67
27 33 85 11 74 41 24 30 55 76 27 59 76 13 17 74 30 31 88 95 43 15 76 16 89 61 96 41 75 37 34 56 34 98 0 10 76 53 28 28 75 88 51 29 73 44 40 59 26 36 95 50 62 79 16 88 83 67 19 42 21 86 65 86 31 90 84 66 17 78 22 74 29 94 13 97 58 50 44 56 59 40 41 77 72 59 13 54 48 70 37 34 46 55 59 91 27 74 83 86 69 99 87 93 86 84 63 57 26 23 71 21 96 22 17
29 60 72 54 89 92 16 50 13 74 95 74 12 30 34 90 93 15 58 11 54 51 54 91 76 41 50 52 99 87 80 91 79 18 10 0 36 13 43 78 16 25 43 12 16 71 55 31 76 33 72 42 84 69 18 47 34 62 24 91 42 74 56 84 82 48 60 84 54 88 18 75 86 51 74 44 21 13 64 28 81 55 71 46 68 18 82 77 77 60 32 78 15 21 19 72 63 92 34 74 63 41 26 28 57 10 59 97 67 45 40 80 58 31 33
82 32 64 18 72 96 39 93 84 71 89 37 76 38 78 54 88 59 74 73 42 83 42 78 47 44 88 64 24 41 58 36 29 30 76 36 0 95 98 39 24 12 72 55 63 99 83 21 49 14 76 55 81 61 60 78 97 11 81 32 34 52 54 95 75 74 81 37 12 96 93 60 46 43 94 34 51 34 37 22 75 98 93 27 87 28 83 71 45 12 46 99 28 67 94 71 55 67 33 30 71 45 40 19 17 72 57 77 28 70 36 94 59 62 29
46 47 67 96 83 75 80 73 62 45 10 70 57 58 53 25 73 37 28 15 83 48 81 99 43 99 67 24 75 87 15 84 49 64 53 13 95 0 62 37 76 22 55 54 97 46 98 89 88 48 85 20 20 35 95 79 99 11 19 66 76 66 65 35 97 53 62 93 18 77 21 24 95 67 34 62 85 86 30 53 83 83 29 86 75 80 77 91 17 92 42 70 67 19 73 77 38 95 14 15 36 84 77 92 78 51 12 60 98 79 29 55 10 50 46
30 87 26 24 13 57 51 22 97 31 51 48 85 85 71 87 43 17 81 80 11 95 51 28 64 64 46 58 70 74 72 87 41 39 28 43 98 62 0 83 88 14 10 40 86 16 38 22 49 70 70 27 42 88 83 63 10 34 96 66 47 58 60 38 64 43 43 97 40 60 57 49 81 25 17 12 80 80 66 90 86 24 96 65 59 40 85 46 39 37 20 81 56 64 15 46 66 67 84 41 31 59 40 65 96 33 62 10 25 15 67 27 85 94 42
99 96 61 42 45 84 85 34 31 24 35 20 41 70 82 61 10 47 26 12 45 22 31 52 24 59 27 28 17 47 56 91 78 13 28 78 39 37 83 0 58 10 74 60 51 19 36 99 90 66 51 39 41 36 63 40 30 84 45 59 69 91 72 45 62 42 21 63 99 97 59 34 58 18 94 15 81 61 12 23 18 20 98 39 85 96 18 41 45 58 40 38 42 79 12 24 11 37 33 66 86 95 28 28 61 17 76 19 34 59 26 18 97 51 33
49 56 30 85 58 39 85 12 75 28 22 30 87 20 88 30 42 70 29 39 62 61 35 86 43 30 66 68 18 85 76 11 29 81 75 16 24 76 88 58 0 79 75 71 53 97 78 63 32 37 22 37 63 83 36 20 10 72 30 81 16 54 30 59 26 36 21 55 71 18 14 85 20 90 28 63 97 35 15 89 83 32 13 54 15 81 21 38 48 71 63 54 34 13 29 61 58 92 11 12 57 85 53 71 82 13 17 46 44 52 67 19 86 34 45
10 43 29 35 96 20 42 22 60 20 80 77 39 24 52 29 73 26 46 29 92 63 69 47 72 15 49 89 28 81 42 99 62 64 88 25 12 22 14 10 79 0 95 58 31 39 78 58 32 87 28 90 68 52 60 11 84 83 52 70 55 63 19 96 55 51 86 81 16 71 47 63 26 20 91 40 28 25 65 52 46 79 57 45 80 48 93 89 74 46 52 34 61 93 22 51 10 13 25 67 44 64 57 63 80 62 43 36 84 47 45 56 63 40 27
74 47 96 56 45 65 11 20 97 57 48 99 75 98 51 69 46 87 78 74 64 25 86 31 29 20 24 28 52 50 42 13 62 93 51 43 72 55 10 74 75 95 0 92 42 75 99 21 52 28 10 23 57 62 47 17 29 56 82 47 28 84 38 97 95 36 76 66 24 91 15 68 68 45 88 49 22 43 20 53 96 98 46 40 18 40 82 38 65 84 49 29 11 87 49 88 22 68 84 71 80 89 32 97 43 82 74 13 77 95 68 41 33 64 77
40 12 24 16 14 84 63 96 95 82 37 78 77 39 99 68 96 30 57 54 56 75 47 25 47 98 21 72 68 40 19 75 74 23 29 12 55 54 40 60 71 58 92 0 59 39 79 93 82 98 14 41 77 22 45 83 53 14 47 37 32 78 37 50 41 38 76 95 99 67 55 90 27 71 44 86 88 61 47 74 17 33 62 19 22 15 10 14 53 14 87 66 15 94 78 30 22 85 61 74 96 49 13 61 98 57 41 43 74 68 99 62 58 84 48
30 95 58 88 73 22 26 53 46 87 97 53 23 33 53 98 77 64 74 66 73 32 51 25 34 60 54 38 74 43 83 92 16 27 73 16 63 97 86 51 53 31 42 59 0 35 19 10 33 17 98 85 39 91 93 92 14 98 22 50 88 43 38 33 44 15 43 49 21 19 91 59 47 91 26 16 95 16 55 33 95 33 29 42 47 34 75 84 91 85 56 68 66 72 21 95 77 18 58 50 13 61 88 68 32 58 68 96 99 88 84 10 94 24 65
14 70 24 55 82 88 93 71 44 24 45 40 53 24 15 52 95 81 80 56 38 41 86 19 26 58 72 67 69 33 55 80 24 75 44 71 99 46 16 19 97 39 75 39 35 0 36 59 83 50 19 37 51 20 91 63 44 89 45 64 44 17 96 37 48 90 39 33 34 78 99 40 96 51 88 76 81 56 33 72 85 68 49 48 78 21 49 52 84 89 31 87 31 97 40 83 39 11 32 34 60 72 88 33 72 45 65 25 56 22 87 32 67 13 21
41 19 89 56 34 85 90 26 54 75 19 16 60 49 29 78 75 92 11 30 97 77 66 42 48 11 59 83 81 59 59 69 67 78 40 55 83 98 38 36 78 78 99 79 19 36 0 21 61 30 87 28 86 44 97 38 84 89 68 94 84 17 56 15 90 63 34 47 25 69 16 33 66 24 10 30 12 55 27 58 19 23 68 49 58 55 75 50 64 81 98 15 41 94 72 32 85 50 43 68 62 80 94 19 54 95 33 95 77 68 78 47 30 76 73
99 34 76 86 36 36 48 34 85 32 11 20 42 22 54 98 52 71 59 75 31 49 11 44 40 49 29 29 25 34 64 41 45 61 59 31 21 89 22 99 63 58 21 93 10 59 21 0 55 32 61 35 50 72 85 21 23 86 14 72 63 96 10 11 18 24 58 97 52 13 18 25 77 60 61 77 71 84 59 62 24 28 28 26 69 71 95 28 27 61 55 35 94 15 43 15 12 93 42 13 92 81 62 44 71 48 96 24 33 23 46 99 68 94 90
35 60 85 83 15 24 93 50 98 35 26 68 75 67 22 33 35 41 89 13 53 76 16 79 35 80 85 87 75 78 94 52 62 18 26 76 49 88 49 90 32 32 52 82 33 83 61 55 0 60 42 27 81 90 61 40 73 13 79 52 32 84 40 31 99 67 37 72 46 86 54 24 94 97 70 22 62 21 98 22 44 50 30 96 89 60 92 30 72 75 71 79 87 84 76 19 18 43 18 92 76 77 75 94 51 11 62 46 80 43 91 32 22 40 79
29 37 60 91 96 59 33 29 39 48 57 16 23 72 60 86 50 37 90 15 11 29 70 61 71 42 82 24 49 74 24 49 46 95 36 33 14 48 70 66 37 87 28 98 17 50 30 32 60 0 88 60 97 61 26 76 98 96 83 31 72 89 43 81 34 92 95 99 35 49 70 31 49 22 52 10 73 76 40 66 45 33 56 51 85 68 83 15 14 78 64 63 90 71 23 57 87 98 17 31 99 73 77 38 88 11 28 81 38 82 97 24 14 40 64
36 27 64 10 91 20 94 59 51 32 76 85 30 81 62 19 35 45 85 57 76 23 64 48 86 58 43 49 29 74 98 77 28 97 95 72 76 85 70 51 22 28 10 14 98 19 87 61 42 88 0 11 49 42 44 15 70 52 62 16 14 17 59 72 56 94 80 18 50 51 50 79 71 78 55 93 86 97 91 29 92 16 74 54 30 34 91 63 30 59 63 63 13 45 64 20 46 57 12 14 90 46 59 38 82 73 21 30 12 51 79 62 73 58 89
57 51 38 19 34 40 62 62 85 73 16 66 13 14 56 48 34 36 17 94 68 30 66 19 12 38 82 71 93 57 12 82 87 88 50 42 55 20 27 39 37 90 23 41 85 37 28 35 27 60 11 0 52 90 91 91 92 58 37 16 13 29 88 56 99 81 28 52 33 49 47 57 85 75 31 34 78 23 43 48 96 21 74 55 69 85 42 20 62 47 17 46 83 37 58 86 35 93 29 42 56 65 28 26 48 21 72 23 34 78 50 74 13 41 46
70 27 65 48 14 42 71 77 81 35 28 79 97 52 13 14 48 69 54 82 11 93 29 13 91 91 23 94 16 26 58 82 17 81 62 84 81 20 42 41 63 68 57 77 39 51 86 50 81 97 49 52 0 81 84 32 61 62 23 10 15 11 20 17 49 77 89 90 47 10 47 95 85 45 78 44 71 34 66 43 45 27 91 67 77 68 21 23 36 18 15 54 19 92 89 31 67 48 20 52 81 44 85 81 78 72 89 12 40 15 35 99 96 34 82
21 67 59 74 11 12 13 16 57 28 89 57 91 93 49 78 42 75 34 65 88 57 61 85 17 25 56 80 26 46 22 96 86 39 79 69 61 35 88 36 83 52 62 22 91 20 44 72 90 61 42 90 81 0 14 28 62 80 43 10 41 13 67 63 87 96 12 85 63 74 57 38 87 61 83 63 96 27 54 50 75 36 53 71 98 34 38 26 44 89 79 65 15 86 54 92 12 38 39 54 72 96 21 82 54 53 32 53 49 27 28 10 74 10 23
64 62 92 41 35 54 19 14 71 76 29 41 95 61 13 13 97 90 53 92 89 34 17 11 59 26 94 22 81 88 62 78 85 51 16 18 60 95 83 63 36 60 47 45 93 91 97 85 61 26 44 91 84 14 0 31 86 40 35 37 44 52 19 61 20 27 41 73 56 63 71 44 61 24 78 88 94 73 63 76 96 46 81 20 29 56 58 11 42 24 16 51 34 41 52 68 34 40 20 94 27 62 47 42 18 55 84 81 43 32 29 38 25 85 51
12 67 25 27 70 46 74 96 86 94 42 84 24 82 57 90 89 69 49 41 18 66 73 20 39 31 41 48 21 65 66 93 14 30 88 47 78 79 63 40 20 11 17 83 92 63 38 21 40 76 15 91 32 28 31 0 41 51 15 91 36 43 55 61 24 16 50 92 28 52 38 36 81 96 29 16 46 73 11 82 27 25 46 48 77 71 49 19 81 17 97 71 60 26 60 14 16 87 10 55 39 97 94 29 69 42 75 34 63 31 70 93 41 66 95
80 20 91 48 41 32 70 75 87 92 45 62 17 66 33 56 64 44 24 36 72 14 66 63 17 11 93 25 68 27 98 68 18 59 83 34 97 99 10 30 10 84 29 53 14 44 84 23 73 98 70 92 61 62 86 41 0 61 23 73 90 70 24 52 81 47 11 51 15 15 15 64 47 55 36 68 55 47 23 24 81 37 67 69 48 70 77 19 97 67 37 76 90 82 79 44 47 38 73 93 32 14 62 85 26 29 12 92 80 64 81 25 80 96 31
13 56 45 72 58 19 76 70 79 79 38 29 22 92 84 53 22 53 25 15 86 36 90 98 73 13 66 18 27 28 75 45 64 61 67 62 11 11 34 84 72 83 56 14 98 89 89 86 13 96 52 58 62 80 40 51 61 0 72 55 35 54 30 24 20 71 22 33 29 33 37 70 86 26 81 82 37 87 47 66 52 77 17 80 44 88 40 75 83 97 43 17 61 64 20 10 59 97 86 13 14 20 97 60 67 59 20 23 14 65 96 52 47 36 83
75 38 43 88 68 25 93 87 67 99 85 63 28 25 45 92 72 28 90 82 73 46 69 17 47 85 97 55 98 85 59 94 97 69 19 24 81 19 96 45 30 52 82 47 22 45 68 14 79 83 62 37 23 43 35 15 23 72 0 50 55 32 71 93 56 41 42 81 49 79 86 30 19 27 51 52 92 10 78 86 28 33 57 62 16 13 93 94 18 64 10 51 91 67 35 11 65 31 87 89 84 54 67 57 41 36 94 28 30 57 95 63 14 61 90
84 74 39 73 12 54 89 34 11 48 32 67 77 92 18 92 61 54 23 99 51 35 53 16 25 51 24 78 41 64 21 96 24 98 42 91 32 66 66 59 81 70 47 37 50 64 94 72 52 31 16 16 10 10 37 91 73 55 50 0 91 15 39 35 91 63 87 22 20 25 52 17 10 20 92 11 80 66 45 90 18 33 17 74 97 47 32 25 99 10 26 73 63 10 46 89 21 12 34 15 91 70 50 57 88 62 58 43 88 26 93 70 11 98 51
40 19 80 64 99 95 36 59 74 72 22 30 39 86 32 18 10 12 85 32 94 20 32 70 43 45 27 65 23 70 24 12 10 20 21 42 34 76 47 69 16 55 28 32 88 44 84 63 32 72 14 13 15 41 44 36 90 35 55 91 0 57 52 92 12 16 76 19 54 40 29 62 43 37 50 53 83 47 46 75 33 30 59 64 51 58 49 99 23 34 20 52 63 80 79 98 75 26 38 66 41 55 84 91 96 59 48 98 86 72 25 76 57 15 18
37 32 35 34 42 19 66 46 74 51 13 77 69 86 75 27 33 67 63 87 83 74 49 86 35 43 24 81 28 36 83 64 19 15 86 74 52 66 58 91 54 63 84 78 43 17 17 96 84 89 17 29 11 13 52 43 70 54 32 15 57 0 96 61 80 85 11 27 11 76 78 66 39 44 38 86 99 34 37 28 45 93 78 84 15 35 22 59 78 34 24 95 37 24 39 58 67 14 78 22 71 54 27 30 44 98 72 91 72 76 28 70 49 53 66
83 46 81 17 78 68 32 14 67 17 33 22 81 94 67 12 47 41 28 65 19 86 69 67 54 68 45 37 96 34 47 24 46 31 65 56 54 65 60 72 30 19 38 37 38 96 56 10 40 43 59 88 20 67 19 55 24 30 71 39 52 96 0 23 39 94 88 88 26 59 10 68 43 72 81 81 36 26 92 37 49 13 34 42 72 92 43 91 57 86 79 12 94 70 27 53 63 71 76 84 63 59 65 60 19 76 24 54 85 66 64 39 15 69 10
20 16 57 29 12 88 28 99 73 44 64 75 74 25 63 82 42 59 32 51 66 78 76 40 65 39 70 10 23 56 38 33 68 55 86 84 95 35 38 45 59 96 97 50 33 37 15 11 31 81 72 56 17 63 61 61 52 24 93 35 92 61 23 0 30 16 15 90 33 12 72 40 65 73 35 30 27 69 73 92 13 37 28 47 40 68 63 29 63 43 49 37 92 22 95 58 50 99 52 48 69 10 37 73 71 20 47 98 69 96 48 31 23 45 81
72 27 54 82 72 73 67 40 68 84 76 53 62 62 35 65 14 77 26 89 17 34 59 95 90 62 53 29 52 77 88 19 46 32 31 82 75 97 64 62 26 55 95 41 44 48 90 18 99 34 56 99 49 87 20 24 81 20 56 91 12 80 39 30 0 53 71 16 68 22 26 55 90 16 58 51 71 21 53 84 50 38 18 97 11 59 20 43 63 26 97 56 56 68 53 61 23 71 11 13 91 40 57 68 85 48 67 16 20 50 40 52 79 80 84
85 14 24 96 33 29 95 67 95 39 36 43 91 52 48 41 68 71 67 63 81 81 85 90 47 39 41 39 73 12 50 92 68 24 90 48 74 53 43 42 36 51 36 38 15 90 63 24 67 92 94 81 77 96 27 16 47 71 41 63 16 85 94 16 53 0 72 31 18 44 18 29 13 69 81 45 33 10 20 82 59 60 54 96 43 19 75 11 19 42 51 49 59 45 89 19 75 15 75 47 99 16 69 69 12 67 82 70 10 89 27 77 80 70 21
24 17 90 34 66 82 65 63 88 12 69 10 50 45 36 63 24 32 71 44 18 69 61 61 35 14 57 42 57 19 81 29 12 89 84 60 81 62 43 21 21 86 76 76 43 39 34 58 37 95 80 28 89 12 41 50 11 22 42 87 76 11 88 15 71 72 0 52 68 13 22 71 59 57 44 50 50 38 42 98 20 50 95 33 30 96 58 52 61 70 63 20 93 93 69 36 96 36 98 46 54 37 91 95 43 88 94 51 28 85 38 79 39 71 22
56 64 62 79 68 87 69 64 86 35 58 95 46 97 78 11 84 62 95 13 93 49 64 90 26 13 95 98 66 71 36 93 16 80 66 84 37 93 97 63 55 81 66 95 49 33 47 97 72 99 18 52 90 85 73 92 51 33 81 22 19 27 88 90 16 31 52 0 33 67 88 10 37 44 75 63 48 91 44 50 12 20 79 24 25 25 79 94 10 46 29 74 58 94 77 67 42 85 87 25 62 41 56 74 74 98 77 69 89 61 25 98 54 44 57
15 32 56 84 23 31 29 24 97 48 26 70 17 33 20 65 82 68 73 11 55 53 34 61 27 29 69 87 43 79 28 89 29 55 17 54 12 18 40 99 71 16 24 99 21 34 25 52 46 35 50 33 47 63 56 28 15 29 49 20 54 11 26 33 68 18 68 33 0 85 21 34 92 55 64 78 70 93 64 17 14 74 63 20 14 96 85 11 99 46 62 53 86 21 58 51 23 42 82 54 72 68 85 69 31 65 62 47 41 55 91 86 12 72 95
12 55 90 56 10 57 26 73 74 32 65 37 58 28 85 47 43 90 61 77 29 51 59 21 64 50 30 48 49 85 85 18 67 27 78 88 96 77 60 97 18 71 91 67 19 78 69 13 86 49 51 49 10 74 63 52 15 33 79 25 40 76 59 12 22 44 13 67 85 0 24 30 88 91 51 20 84 13 27 43 45 47 75 24 79 19 20 32 14 74 33 81 33 74 29 46 82 54 96 87 30 17 65 34 60 17 27 71 77 90 11 23 10 56 61
35 87 55 56 53 34 25 57 70 76 94 10 68 20 64 60 37 36 43 42 39 99 16 89 38 11 62 89 28 92 61 93 85 74 22 18 93 21 57 59 14 47 15 55 91 99 16 18 54 70 50 47 47 57 71 38 15 37 86 52 29 78 10 72 26 18 22 88 21 24 0 93 62 71 73 38 25 32 24 92 21 59 38 26 76 85 70 93 98 89 67 82 79 45 30 85 41 27 13 17 59 40 12 83 26 60 78 33 39 94 18 12 12 63 37
58 49 94 86 33 49 87 82 19 89 74 40 54 43 50 32 75 80 34 92 98 95 70 88 68 71 70 74 65 77 95 94 80 31 74 75 60 24 49 34 85 63 68 90 59 40 33 25 24 31 79 57 95 38 44 36 64 70 30 17 62 66 68 40 55 29 71 10 34 30 93 0 50 35 42 11 78 42 33 30 32 87 20 18 25 39 75 75 66 71 39 11 64 12 32 55 14 24 84 98 81 42 28 37 78 22 84 70 87 48 53 10 13 74 36
49 39 11 89 51 69 49 28 19 91 15 46 82 41 65 58 70 85 69 76 77 12 67 45 56 65 56 13 17 55 92 44 18 40 29 86 46 95 81 58 20 26 68 27 47 96 66 77 94 49 71 85 85 87 61 81 47 86 19 10 43 39 43 65 90 13 59 37 92 88 62 50 0 12 49 26 98 52 77 29 66 86 60 48 14 97 58 52 73 50 80 46 30 69 99 84 59 27 10 17 32 38 46 60 36 77 58 64 95 31 95 79 30 69 47
25 92 35 55 31 72 81 64 81 69 70 12 51 71 32 78 39 97 87 82 65 67 63 36 15 93 21 26 87 70 17 54 83 38 94 51 43 67 25 18 90 20 45 71 91 51 24 60 97 22 78 75 45 61 24 96 55 26 27 20 37 44 72 73 16 69 57 44 55 91 71 35 12 0 35 71 53 57 72 15 15 17 22 10 87 55 19 75 46 13 24 49 28 70 22 72 76 89 19 13 20 78 20 84 54 68 18 77 47 76 19 41 92 57 13
89 94 24 28 44 99 17 49 88 31 19 83 99 24 23 20 49 75 79 17 97 23 37 71 80 39 38 26 90 37 76 58 32 60 13 74 94 34 17 94 28 91 88 44 26 88 10 61 70 52 55 31 78 83 78 29 36 81 51 92 50 38 81 35 58 81 44 75 64 51 73 42 49 35 0 33 68 59 91 95 30 20 41 85 63 47 87 18 76 72 65 30 90 48 94 71 68 70 36 26 80 89 66 41 84 13 15 35 73 74 64 60 65 44 39
46 60 27 19 30 26 38 31 35 86 54 52 50 62 53 95 75 85 76 21 22 76 35 84 37 78 31 38 27 87 20 58 85 67 97 44 34 62 12 15 63 40 49 86 16 76 30 77 22 10 93 34 44 63 88 16 68 82 52 11 53 86 81 30 51 45 50 63 78 20 38 11 26 71 33 0 50 37 62 58 53 65 69 37 29 63 26 81 61 45 28 76 78 70 41 22 19 74 37 96 53 13 88 51 90 10 17 64 27 25 72 51 88 77 51
33 32 82 81 74 54 25 58 47 56 17 78 18 11 91 12 50 51 61 24 50 20 34 94 76 25 35 41 17 96 22 65 77 59 58 21 51 85 80 81 97 28 22 88 95 81 12 71 62 73 86 78 71 96 94 46 55 37 92 80 83 99 36 27 71 33 50 48 70 84 25 78 98 53 68 50 0 96 79 44 18 57 70 80 29 58 69 91 77 49 37 52 32 87 38 13 99 63 97 44 59 92 42 58 31 94 67 26 73 87 51 51 39 21 88
25 76 52 73 62 18 56 44 85 55 37 82 68 17 17 58 16 39 65 24 36 86 42 83 18 18 26 98 88 18 18 64 11 60 50 13 34 86 80 61 35 25 43 61 16 56 55 84 21 76 97 23 34 27 73 73 47 87 10 66 47 34 26 69 21 10 38 91 93 13 32 42 52 57 59 37 96 0 64 78 60 64 51 60 80 38 31 36 39 36 54 26 54 33 74 17 33 42 10 94 41 79 65 64 24 88 43 68 37 94 33 57 24 34 82
64 43 39 23 11 27 69 64 88 13 22 26 98 20 16 74 24 97 20 65 71 16 69 27 90 21 10 48 89 79 66 22 96 99 44 64 37 30 66 12 15 65 20 47 55 33 27 59 98 40 91 43 66 54 63 11 23 47 78 45 46 37 92 73 53 20 42 44 64 27 24 33 77 72 91 62 79 64 0 10 84 88 85 90 24 19 22 48 57 54 32 34 90 62 46 23 70 64 49 81 12 70 72 41 63 71 82 76 55 76 26 54 85 42 46
56 91 44 84 92 29 35 22 43 70 24 42 11 78 35 92 27 92 28 60 50 60 62 40 93 24 43 52 29 62 49 36 84 63 56 28 22 53 90 23 89 52 53 74 33 72 58 62 22 66 29 48 43 50 76 82 24 66 86 90 75 28 37 92 84 82 98 50 17 43 92 30 29 15 95 58 44 78 10 0 59 72 45 37 33 27 23 47 26 68 90 19 62 69 89 97 27 93 56 28 29 35 59 98 53 25 55 52 90 37 81 15 57 74 26
88 50 50 20 22 91 84 18 75 40 75 71 15 97 49 44 72 21 30 63 59 29 65 64 18 49 65 90 48 44 73 70 51 12 59 81 75 83 86 18 83 46 96 17 95 85 19 24 44 45 92 96 45 75 96 27 81 52 28 18 33 45 49 13 50 59 20 12 14 45 21 32 66 15 30 53 18 60 84 59 0 56 27 18 26 47 64 53 83 20 23 25 35 54 49 53 49 51 37 74 39 41 86 67 54 74 99 76 67 10 88 81 68 59 55
87 86 40 79 50 34 98 36 12 32 70 70 18 98 33 63 43 36 19 97 79 16 52 83 89 41 77 22 35 42 36 34 89 81 40 55 98 83 24 20 32 79 98 33 33 68 23 28 50 33 16 21 27 36 46 25 37 77 33 33 30 93 13 37 38 60 50 20 74 47 59 87 86 17 20 65 57 64 88 72 56 0 96 33 41 65 87 42 13 37 93 28 31 93 15 58 90 67 75 77 29 96 11 71 47 91 22 59 58 96 56 65 36 18 96
55 57 47 81 96 94 84 72 94 54 79 62 57 25 10 16 78 58 91 36 61 71 28 58 96 39 37 65 49 53 48 38 72 31 41 71 93 29 96 98 13 57 46 62 29 49 68 28 30 56 74 74 91 53 81 46 67 17 57 17 59 78 34 28 18 54 95 79 63 75 38 20 60 22 41 69 70 51 85 45 27 96 0 52 87 34 58 70 49 49 26 66 60 73 13 88 51 47 55 78 99 76 62 93 83 42 85 60 57 78 30 34 83 78 21
46 70 97 60 75 84 28 56 98 67 65 10 36 40 22 75 97 45 73 37 83 81 65 39 45 21 26 47 96 60 54 48 77 76 77 46 27 86 65 39 54 45 40 19 42 48 49 26 96 51 54 55 67 71 20 48 69 80 62 74 64 84 42 47 97 96 33 24 20 24 26 18 48 10 85 37 80 60 90 37 18 33 52 0 50 83 56 53 28 11 70 52 14 28 69 18 27 88 13 87 60 77 91 17 36 42 23 23 92 76 48 18 90 69 44
25 40 86 39 83 61 97 82 78 72 87 46 10 97 92 53 57 98 42 93 78 94 97 13 43 98 13 31 19 18 45 11 29 62 72 68 87 75 59 85 15 80 18 22 47 78 58 69 89 85 30 69 77 98 29 77 48 44 16 97 51 15 72 40 11 43 30 25 14 79 76 25 14 87 63 29 29 80 24 33 26 41 87 50 0 80 90 11 70 56 65 56 90 81 34 35 89 29 85 18 52 44 79 61 91 21 53 48 45 16 20 53 78 37 17
94 74 24 68 11 42 48 47 60 40 87 51 54 58 60 86 48 83 80 41 35 84 68 96 89 14 17 10 75 32 70 13 63 82 59 18 28 80 40 96 81 48 40 15 34 21 55 71 60 68 34 85 68 34 56 71 70 88 13 47 58 35 92 68 59 19 96 25 96 19 85 39 97 55 47 63 58 38 19 27 47 65 34 83 80 0 19 79 44 61 49 84 51 49 68 45 26 55 52 50 87 95 30 51 78 88 33 86 78 58 21 13 49 71 64
98 77 51 92 26 84 40 71 74 77 98 51 25 34 97 56 96 71 36 76 49 92 37 36 75 83 99 65 30 97 84 93 85 84 13 82 83 77 85 18 21 93 82 10 75 49 75 95 92 83 91 42 21 38 58 49 77 40 93 32 49 22 43 63 20 75 58 79 85 20 70 75 58 19 87 26 69 31 22 23 64 87 58 56 90 19 0 44 14 75 55 64 79 76 64 11 26 95 13 75 71 71 30 98 34 60 35 82 12 30 48 96 94 67 49
62 89 30 63 88 28 25 41 42 95 60 30 42 55 74 40 18 18 67 75 50 68 75 29 30 14 86 35 87 77 77 63 32 98 54 77 71 91 46 41 38 89 38 14 84 52 50 28 30 15 63 20 23 26 11 19 19 75 94 25 99 59 91 29 43 11 52 94 11 32 93 75 52 75 18 81 91 36 48 47 53 42 70 53 11 79 44 0 19 64 14 13 35 54 50 60 63 48 84 82 13 55 85 43 34 53 60 27 73 97 78 43 84 19 31
66 25 75 75 97 18 20 11 24 62 48 33 88 13 86 75 33 26 74 12 79 40 53 18 44 59 93 48 55 32 12 17 30 88 48 77 45 17 39 45 48 74 65 53 91 84 64 27 72 14 30 62 36 44 42 81 97 83 18 99 23 78 57 63 63 19 61 10 99 14 98 66 73 46 76 61 77 39 57 26 83 13 49 28 70 44 14 19 0 52 12 22 46 17 78 56 81 79 72 17 96 57 70 67 25 23 32 68 94 56 81 65 32 80 59
82 83 39 93 70 59 42 32 15 81 93 95 10 16 63 53 91 49 46 26 86 67 19 26 73 95 25 20 56 55 50 66 87 77 70 60 12 92 37 58 71 46 84 14 85 89 81 61 75 78 59 47 18 89 24 17 67 97 64 10 34 34 86 43 26 42 70 46 46 74 89 71 50 13 72 45 49 36 54 68 20 37 49 11 56 61 75 64 52 0 31 78 20 48 30 66 32 70 94 50 65 27 50 47 22 42 77 80 54 46 49 17 98 53 71
40 79 13 42 35 29 70 93 22 86 11 20 28 70 73 38 37 23 92 41 78 18 99 68 29 58 97 16 61 23 34 11 53 25 37 32 46 42 20 40 63 52 49 87 56 31 98 55 71 64 63 17 15 79 16 97 37 43 10 26 20 24 79 49 97 51 63 29 62 33 67 39 80 24 65 28 37 54 32 90 23 93 26 70 65 49 55 14 12 31 0 28 19 17 92 53 38 83 65 82 90 48 99 63 93 12 46 16 97 73 48 44 81 28 78
38 87 63 48 75 24 97 37 27 79 17 90 59 43 47 16 23 46 53 54 62 52 54 40 39 12 31 17 58 93 99 38 57 62 34 78 99 70 81 38 54 34 29 66 68 87 15 35 79 63 63 46 54 65 51 71 76 17 51 73 52 95 12 37 56 49 20 74 53 81 82 11 46 49 30 76 52 26 34 19 25 28 66 52 56 84 64 13 22 78 28 0 61 89 39 16 15 62 43 35 77 58 74 38 44 80 97 13 34 41 49 33 67 96 50
48 34 60 56 20 76 18 85 29 99 94 31 97 15 13 74 53 19 75 62 19 28 97 99 71 18 97 92 21 45 39 47 66 44 46 15 28 67 56 42 34 61 11 15 66 31 41 94 87 90 13 83 19 15 34 60 90 61 91 63 63 37 94 92 56 59 93 58 86 33 79 64 30 28 90 78 32 54 90 62 35 31 60 14 90 51 79 35 46 20 19 61 0 93 85 83 24 84 21 93 50 16 37 33 24 11 20 94 38 63 57 25 84 34 26
37 87 16 97 54 38 61 78 80 88 99 36 62 85 94 84 94 58 84 64 71 84 13 12 90 17 86 78 40 56 63 85 33 60 55 21 67 19 64 79 13 93 87 94 72 97 94 15 84 71 45 37 92 86 41 26 82 64 67 10 80 24 70 22 68 45 93 94 21 74 45 12 69 70 48 70 87 33 62 69 54 93 73 28 81 49 76 54 17 48 17 89 93 0 58 17 31 42 93 20 10 79 10 89 86 71 22 41 70 56 68 20 45 85 25
16 93 32 76 20 18 84 86 99 10 39 21 78 97 55 90 70 86 57 74 32 34 29 23 33 22 68 28 61 70 69 24 33 46 59 19 94 73 15 12 29 22 49 78 21 40 72 43 76 23 64 58 89 54 52 60 79 20 35 46 79 39 27 95 53 89 69 77 58 29 30 32 99 22 94 41 38 74 46 89 49 15 13 69 34 68 64 50 78 30 92 39 85 58 0 12 36 18 31 64 27 35 46 56 89 94 37 66 47 18 35 75 35 32 66
18 11 68 96 11 47 74 33 58 40 88 40 96 15 26 25 77 97 50 81 46 90 80 26 42 42 47 14 79 12 36 69 84 80 91 72 71 77 46 24 61 51 88 30 95 83 32 15 19 57 20 86 31 92 68 14 44 10 11 89 98 58 53 58 61 19 36 67 51 46 85 55 84 72 71 22 13 17 23 97 53 58 88 18 35 45 11 60 56 66 53 16 83 17 12 0 62 25 26 70 70 96 27 82 38 97 97 63 51 51 56 98 63 86 47
18 25 77 19 12 49 54 58 93 19 63 93 33 27 46 94 80 70 73 23 45 10 34 65 90 50 59 96 78 37 21 77 60 23 27 63 55 38 66 11 58 10 22 22 77 39 85 12 18 87 46 35 67 12 34 16 47 59 65 21 75 67 63 50 23 75 96 42 23 82 41 14 59 76 68 19 99 33 70 27 49 90 51 27 89 26 26 63 81 32 38 15 24 31 36 62 0 41 86 90 96 93 34 53 69 90 49 19 23 68 61 72 17 53 32
68 49 76 11 11 40 39 11 84 68 32 65 18 48 17 87 77 32 46 10 39 37 91 19 77 45 34 38 97 82 29 50 89 34 74 92 67 95 67 37 92 13 68 85 18 11 50 93 43 98 57 93 48 38 40 87 38 97 31 12 26 14 71 99 71 15 36 85 42 54 27 24 27 89 70 74 63 42 64 93 51 67 47 88 29 55 95 48 79 70 83 62 84 42 18 25 41 0 98 95 38 26 43 23 99 80 93 47 43 39 67 50 67 21 22
11 47 54 38 25 10 98 61 96 47 51 52 11 68 17 50 17 27 92 19 86 15 82 75 96 12 61 58 84 11 35 67 71 24 83 34 33 14 84 33 11 25 84 61 58 32 43 42 18 17 12 29 20 39 20 10 73 86 87 34 38 78 76 52 11 75 98 87 82 96 13 84 10 19 36 37 97 10 49 56 37 75 55 13 85 52 13 84 72 94 65 43 21 93 31 26 86 98 0 48 95 21 46 59 44 32 36 48 90 25 25 45 10 85 47
83 13 95 54 17 14 20 43 59 52 65 78 48 22 76 88 95 35 47 50 10 36 66 96 33 21 22 45 59 15 54 57 59 61 86 74 30 15 41 66 12 67 71 74 50 34 68 13 92 31 14 42 52 54 94 55 93 13 89 15 66 22 84 48 13 47 46 25 54 87 17 98 17 13 26 96 44 94 81 28 74 77 78 87 18 50 75 82 17 50 82 35 93 20 64 70 90 95 48 0 53 26 41 19 40 21 73 95 89 72 41 20 72 33 43
79 60 36 46 79 35 16 50 68 54 38 48 81 45 84 61 69 89 42 71 95 68 77 42 77 96 63 80 62 91 27 39 51 86 69 63 71 36 31 86 57 44 80 96 13 60 62 92 76 99 90 56 81 72 27 39 32 14 84 91 41 71 63 69 91 99 54 62 72 30 59 81 32 20 80 53 59 41 12 29 39 29 99 60 52 87 71 13 96 65 90 77 50 10 27 70 96 38 95 53 0 45 40 23 79 35 50 64 92 72 55 74 97 59 64
11 91 41 69 45 13 11 28 81 34 26 47 93 19 90 33 96 84 89 16 38 31 14 64 70 48 66 39 56 22 98 24 54 80 99 41 45 84 59 95 85 64 89 49 61 72 80 81 77 73 46 65 44 96 62 97 14 20 54 70 55 54 59 10 40 16 37 41 68 17 40 42 38 78 89 13 92 79 70 35 41 96 76 77 44 95 71 55 57 27 48 58 16 79 35 96 93 26 21 26 45 0 78 18 96 30 79 52 99 52 49 71 46 89 53
76 22 58 19 57 30 67 96 78 75 42 83 41 40 22 58 17 80 56 62 19 33 60 52 70 21 55 44 83 50 87 50 48 15 87 26 40 77 40 28 53 57 32 13 88 88 94 62 75 77 59 28 85 21 47 94 62 97 67 50 84 27 65 37 57 69 91 56 85 65 12 28 46 20 66 88 42 65 72 59 86 11 62 91 79 30 30 85 70 50 99 74 37 10 46 27 34 43 46 41 40 78 0 82 61 54 65 28 47 91 61 68 24 47 96
88 17 87 17 24 15 68 82 15 88 49 18 24 67 65 79 99 81 90 49 83 73 21 57 99 48 23 74 33 77 14 25 85 36 93 28 19 92 65 28 71 63 97 61 68 33 19 44 94 38 38 26 81 82 42 29 85 60 57 57 91 30 60 73 68 69 95 74 69 34 83 37 60 84 41 51 58 64 41 98 67 71 93 17 61 51 98 43 67 47 63 38 33 89 56 82 53 23 59 19 23 18 82 0 67 98 30 45 84 64 24 98 84 87 78
49 85 68 78 25 93 95 82 49 34 37 22 76 71 67 75 65 87 17 88 55 53 52 75 99 15 90 78 36 24 14 89 26 52 86 57 17 78 96 61 82 80 43 98 32 72 54 71 51 88 82 48 78 54 18 69 26 67 41 88 96 44 19 71 85 12 43 74 31 60 26 78 36 54 84 90 31 24 63 53 54 47 83 36 91 78 34 34 25 22 93 44 24 86 89 38 69 99 44 40 79 96 61 67 0 25 13 70 79 96 41 51 74 60 77
21 36 37 14 45 10 38 16 80 38 47 73 52 39 94 29 75 60 55 31 99 35 63 79 84 29 68 73 86 66 85 88 13 37 84 10 72 51 33 17 13 62 82 57 58 45 95 48 11 11 73 21 72 53 55 42 29 59 36 62 59 98 76 20 48 67 88 98 65 17 60 22 77 68 13 10 94 88 71 25 74 91 42 42 21 88 60 53 23 42 12 80 11 71 94 97 90 80 32 21 35 30 54 98 25 0 46 15 32 21 34 83 74 72 75
72 61 88 16 12 19 36 86 18 88 79 51 93 85 40 99 76 40 20 56 77 20 64 33 97 70 61 22 83 15 52 55 85 33 63 59 57 12 62 76 17 43 74 41 68 65 33 96 62 28 21 72 89 32 84 75 12 20 94 58 48 72 24 47 67 82 94 77 62 27 78 84 58 18 15 17 67 43 82 55 99 22 85 23 53 33 35 60 32 77 46 97 20 22 37 97 49 93 36 73 50 79 65 30 13 46 0 46 54 50 29 58 22 72 29
22 68 50 75 94 17 90 63 53 64 26 85 13 71 34 93 51 98 37 91 98 90 87 65 72 47 18 39 57 55 99 59 40 40 57 97 77 60 10 19 46 36 13 43 96 25 95 24 46 81 30 23 12 53 81 34 92 23 28 43 98 91 54 98 16 70 51 69 47 71 33 70 64 77 35 64 26 68 76 52 76 59 60 23 48 86 82 27 68 80 16 13 94 41 66 63 19 47 48 95 64 52 28 45 70 15 46 0 45 51 27 87 80 38 84
85 21 37 94 18 91 54 95 57 98 78 50 15 88 21 54 49 32 17 69 67 92 16 11 20 57 77 69 34 13 75 84 86 47 26 67 28 98 25 34 44 84 77 74 99 56 77 33 80 38 12 34 40 49 43 63 80 14 30 88 86 72 85 69 20 10 28 89 41 77 39 87 95 47 73 27 73 37 55 90 67 58 57 92 45 78 12 73 94 54 97 34 38 70 47 51 23 43 90 89 92 99 47 84 79 32 54 45 0 63 39 95 81 50 55
97 70 78 74 88 30 70 45 72 94 18 97 53 81 91 83 50 60 61 67 16 66 80 97 35 75 15 85 17 26 52 47 86 16 23 45 70 79 15 59 52 47 95 68 88 22 68 23 43 82 51 78 15 27 32 31 64 65 57 26 72 76 66 96 50 89 85 61 55 90 94 48 31 76 74 25 87 94 76 37 10 96 78 76 16 58 30 97 56 46 73 41 63 56 18 51 68 39 25 72 72 52 91 64 96 21 50 51 63 0 58 84 93 69 32
50 11 85 19 48 58 64 86 17 90 17 76 96 10 70 47 98 32 29 97 69 48 10 50 80 84 17 74 11 92 91 70 70 34 71 40 36 29 67 26 67 45 68 99 84 87 78 46 91 97 79 50 35 28 29 70 81 96 95 93 25 28 64 48 40 27 38 25 91 11 18 53 95 19 64 72 51 33 26 81 88 56 30 48 20 21 48 78 81 49 48 49 57 68 35 56 61 67 25 41 55 49 61 24 41 34 29 27 39 58 0 30 31 65 93
88 25 33 17 94 95 50 37 47 26 29 98 43 44 28 24 58 64 21 68 55 54 42 73 81 20 39 44 59 21 17 52 87 31 21 80 94 55 27 18 19 56 41 62 10 32 47 99 32 24 62 74 99 10 38 93 25 52 63 70 76 70 39 31 52 77 79 98 86 23 12 10 79 41 60 51 51 57 54 15 81 65 34 18 53 13 96 43 65 17 44 33 25 20 75 98 72 50 45 20 74 71 68 98 51 83 58 87 95 84 30 0 14 38 62
79 42 45 76 13 30 67 36 90 48 36 54 95 78 15 59 60 88 37 38 70 99 55 89 50 58 90 90 71 61 50 31 41 68 96 58 59 10 85 97 86 63 33 58 94 67 30 68 22 14 73 13 96 74 25 41 80 47 14 11 57 49 15 23 79 80 39 54 12 10 12 13 30 92 65 88 39 24 85 57 68 36 83 90 78 49 94 84 32 98 81 67 84 45 35 63 17 67 10 72 97 46 24 84 74 74 22 80 81 93 31 14 0 22 18
78 58 53 59 52 20 16 83 53 14 61 86 33 78 97 89 39 64 92 52 98 67 82 52 14 50 19 42 86 47 67 27 48 85 22 31 62 50 94 51 34 40 64 84 24 13 76 94 40 40 58 41 34 10 85 66 96 36 61 98 15 53 69 45 80 70 71 44 72 56 63 74 69 57 44 77 21 34 42 74 59 18 78 69 37 71 67 19 80 53 28 96 34 85 32 86 53 21 85 33 59 89 47 87 60 72 72 38 50 69 65 38 22 0 58
36 82 78 83 81 53 10 88 13 15 19 15 62 52 91 61 60 22 75 27 96 57 31 67 45 50 19 72 83 52 53 42 91 67 17 33 29 46 42 33 45 27 77 48 65 21 73 90 79 64 89 46 82 23 51 95 31 83 90 51 18 66 10 81 84 21 22 57 95 61 37 36 47 13 39 51 88 82 46 26 55 96 21 44 17 64 49 31 59 71 78 50 26 25 66 47 32 22 47 43 64 53 96 78 77 75 29 84 55 32 93 62 18 58 0