40
0 78 39 39 17 40 69 24 23 39 17 33 47 45 59 76 61 41 82 57 43 24 80 81 16 18 59 61 87 75 46 78 47 83 18 22 54 77 50 18
78 0 49 60 84 75 83 99 45 79 60 33 11 59 47 55 87 70 87 10 71 91 52 67 88 44 35 84 57 54 22 32 99 48 28 73 59 51 70 79
39 49 0 78 98 77 40 73 61 65 61 62 69 59 10 52 58 88 67 56 24 74 81 74 13 52 74 56 64 80 64 66 78 98 63 14 67 17 73 44
39 60 78 0 78 56 40 39 75 47 25 92 27 83 56 80 21 56 24 74 65 53 45 67 15 10 65 76 21 75 78 52 23 82 16 27 95 17 76 39
17 84 98 78 0 15 41 26 50 66 77 88 55 75 67 35 75 70 70 33 92 63 86 73 33 73 88 40 77 94 59 15 68 24 28 46 61 18 19 44
40 75 77 56 15 0 93 47 27 57 85 50 39 98 90 13 63 25 74 61 38 33 16 40 41 57 24 43 64 35 59 78 88 82 23 37 76 62 33 18
69 83 40 40 41 93 0 56 22 18 38 80 29 86 61 74 13 86 15 87 19 40 91 88 17 98 86 52 37 91 52 40 77 41 81 21 65 95 90 56
24 99 73 39 26 47 56 0 60 95 88 52 37 81 13 25 16 26 35 59 50 37 86 81 48 32 17 41 22 35 16 59 67 76 18 81 24 97 94 44
23 45 61 75 50 27 22 60 0 83 86 37 32 52 87 67 55 68 66 74 18 57 77 50 22 54 12 16 88 25 12 54 20 51 30 33 83 98 20 54
39 79 65 47 66 57 18 95 83 0 73 83 96 57 29 59 36 18 70 45 48 90 89 92 55 93 13 39 61 51 82 50 10 48 93 78 10 63 96 30
17 60 61 25 77 85 38 88 86 73 0 72 11 23 22 41 38 61 53 72 41 97 51 86 87 18 54 37 65 84 59 29 60 39 27 64 52 29 71 80
33 33 62 92 88 50 80 52 37 83 72 0 40 56 67 93 74 95 42 78 81 56 51 20 29 38 20 42 93 54 66 82 33 29 68 79 85 36 98 20
47 11 69 27 55 39 29 37 32 96 11 40 0 71 26 34 58 47 86 91 25 90 86 39 84 23 44 40 78 13 57 44 96 21 26 36 38 55 21 38
45 59 59 83 75 98 86 81 52 57 23 56 71 0 25 42 50 87 60 76 63 39 95 64 26 78 67 54 83 74 55 92 30 26 29 35 59 25 27 23
59 47 10 56 67 90 61 13 87 29 22 67 26 25 0 80 77 62 21 67 80 26 19 42 60 28 54 59 10 64 51 38 63 68 42 63 91 98 86 20
76 55 52 80 35 13 74 25 67 59 41 93 34 42 80 0 11 37 70 32 39 71 84 28 61 27 40 74 68 13 40 70 78 12 70 60 61 28 79 87
61 87 58 21 75 63 13 16 55 36 38 74 58 50 77 11 0 65 91 78 82 91 71 18 31 30 12 51 34 95 41 50 21 21 84 86 41 64 14 45
41 70 88 56 70 25 86 26 68 18 61 95 47 87 62 37 65 0 43 38 18 47 59 59 45 35 31 28 20 81 72 55 45 40 68 53 82 70 56 39
82 87 67 24 70 74 15 35 66 70 53 42 86 60 21 70 91 43 0 19 53 20 31 70 32 42 86 67 61 51 30 26 63 78 98 47 81 74 38 50
57 10 56 74 33 61 87 59 74 45 72 78 91 76 67 32 78 38 19 0 57 71 81 96 49 46 53 91 43 12 88 95 16 74 25 16 35 43 42 62
43 71 24 65 92 38 19 50 18 48 41 81 25 63 80 39 82 18 53 57 0 40 47 87 58 89 74 50 36 43 88 78 91 46 96 98 12 30 46 54
24 91 74 53 63 33 40 37 57 90 97 56 90 39 26 71 91 47 20 71 40 0 30 56 44 58 26 10 56 68 86 70 96 61 55 94 85 63 35 89
80 52 81 45 86 16 91 86 77 89 51 51 86 95 19 84 71 59 31 81 47 30 0 51 17 78 72 84 88 85 19 11 37 41 14 12 28 53 86 13
81 67 74 67 73 40 88 81 50 92 86 20 39 64 42 28 18 59 70 96 87 56 51 0 64 70 53 75 71 42 61 85 80 38 43 69 48 48 66 20
16 88 13 15 33 41 17 48 22 55 87 29 84 26 60 61 31 45 32 49 58 44 17 64 0 69 81 67 75 35 24 60 87 15 12 81 43 89 36 90
18 44 52 10 73 57 98 32 54 93 18 38 23 78 28 27 30 35 42 46 89 58 78 70 69 0 48 80 12 15 54 18 57 43 12 95 66 19 37 78
59 35 74 65 88 24 86 17 12 13 54 20 44 67 54 40 12 31 86 53 74 26 72 53 81 48 0 70 31 78 41 41 32 75 57 76 84 69 24 45
61 84 56 76 40 43 52 41 16 39 37 42 40 54 59 74 51 28 67 91 50 10 84 75 67 80 70 0 42 48 93 82 48 14 89 38 23 21 51 88
87 57 64 21 77 64 37 22 88 61 65 93 78 83 10 68 34 20 61 43 36 56 88 71 75 12 31 42 0 75 77 29 35 72 12 50 79 25 91 44
75 54 80 75 94 35 91 35 25 51 84 54 13 74 64 13 95 81 51 12 43 68 85 42 35 15 78 48 75 0 60 10 94 94 68 14 91 58 98 85
46 22 64 78 59 59 52 16 12 82 59 66 57 55 51 40 41 72 30 88 88 86 19 61 24 54 41 93 77 60 0 84 85 40 47 57 72 94 23 17
78 32 66 52 15 78 40 59 54 50 29 82 44 92 38 70 50 55 26 95 78 70 11 85 60 18 41 82 29 10 84 0 45 95 99 16 21 92 55 65
47 99 78 23 68 88 77 67 20 10 60 33 96 30 63 78 21 45 63 16 91 96 37 80 87 57 32 48 35 94 85 45 0 89 41 86 41 97 26 95
83 48 98 82 24 82 41 76 51 48 39 29 21 26 68 12 21 40 78 74 46 61 41 38 15 43 75 14 72 94 40 95 89 0 54 85 52 41 30 55
18 28 63 16 28 23 81 18 30 93 27 68 26 29 42 70 84 68 98 25 96 55 14 43 12 12 57 89 12 68 47 99 41 54 0 92 32 58 41 63
22 73 14 27 46 37 21 81 33 78 64 79 36 35 63 60 86 53 47 16 98 94 12 69 81 95 76 38 50 14 57 16 86 85 92 0 30 97 12 97
54 59 67 95 61 76 65 24 83 10 52 85 38 59 91 61 41 82 81 35 12 85 28 48 43 66 84 23 79 91 72 21 41 52 32 30 0 82 23 94
77 51 17 17 18 62 95 97 98 63 29 36 55 25 98 28 64 70 74 43 30 63 53 48 89 19 69 21 25 58 94 92 97 41 58 97 82 0 24 24
50 70 73 76 19 33 90 94 20 96 71 98 21 27 86 79 14 56 38 42 46 35 86 66 36 37 24 51 91 98 23 55 26 30 41 12 23 24 0 41
18 79 44 39 44 18 56 44 54 30 80 20 38 23 20 87 45 39 50 62 54 89 13 20 90 78 45 88 44 85 17 65 95 55 63 97 94 24 41 0