100
0 45 18 12 87 37 81 29 36 40 84 18 10 23 80 72 93 98 83 47 96 48 86 14 48 93 32 18 48 70 59 43 30 69 23 69 19 20 23 73 49 85 86 61 80 81 53 58 24 35 84 60 64 58 25 97 30 26 73 76 98 54 66 52 36 25 72 49 75 65 91 65 27 35 89 93 68 61 22 82 80 53 94 16 23 27 94 62 56 96 50 54 58 40 60 78 66 80 35 40
45 0 27 14 88 53 87 46 28 79 12 39 74 12 46 87 34 96 96 10 45 84 67 75 37 17 70 79 26 31 19 70 11 97 25 47 17 40 45 29 73 42 39 12 54 43 32 69 57 13 36 91 60 56 86 25 71 15 48 15 83 33 61 30 14 56 26 31 34 93 93 27 64 70 85 69 36 74 73 29 20 39 98 37 64 85 73 59 53 89 77 63 35 44 36 47 88 54 41 28
18 27 0 52 19 87 85 76 29 31 86 31 60 70 39 85 90 53 19 74 94 65 71 20 12 22 86 96 27 52 20 22 56 18 97 44 60 70 78 48 51 39 55 64 80 56 31 27 91 51 51 28 61 77 13 30 75 56 77 74 58 39 10 54 17 29 81 99 99 98 80 11 31 58 39 31 66 72 98 70 31 65 68 58 75 24 74 62 62 26 14 70 21 16 16 88 43 23 27 27
12 14 52 0 32 45 44 69 95 16 58 72 83 31 77 99 86 98 73 41 68 82 81 12 22 48 67 86 30 61 21 31 10 78 14 38 22 17 40 13 18 71 87 52 22 15 80 42 91 59 94 95 69 19 68 41 92 78 69 12 43 45 70 70 89 27 81 96 21 55 46 34 86 19 72 76 52 68 91 24 89 19 19 34 32 90 54 72 94 37 87 78 89 40 81 16 98 45 22 26
87 88 19 32 0 85 53 17 60 84 34 50 57 24 39 51 17 73 40 95 36 63 87 69 94 83 43 71 56 76 91 18 83 95 62 29 14 33 62 96 60 45 51 14 38 69 13 64 67 21 39 25 22 25 14 57 32 47 90 62 30 76 56 53 99 15 55 61 73 43 63 96 81 44 49 25 33 58 34 99 83 33 10 82 70 29 80 53 78 26 37 63 49 10 10 67 34 47 93 86
37 53 87 45 85 0 28 50 55 77 12 98 30 23 87 69 95 71 14 95 35 99 38 98 22 71 49 21 16 94 57 25 94 82 70 67 33 39 80 90 80 28 74 77 28 65 69 84 32 70 80 84 30 18 37 13 61 93 70 58 88 43 79 54 14 32 97 23 34 88 46 63 33 88 37 59 37 83 24 66 64 22 84 83 94 57 91 24 93 69 87 11 27 54 77 22 85 79 43 72
81 87 85 44 53 28 0 66 12 34 66 96 12 87 64 23 74 81 94 47 84 44 56 65 51 19 71 43 38 20 34 72 43 90 23 69 44 10 38 82 18 80 13 11 33 13 88 95 11 32 34 11 94 96 14 44 29 41 53 72 60 81 10 46 82 39 96 17 98 75 73 15 56 91 13 29 15 68 75 13 66 61 90 19 20 43 36 44 55 79 45 91 54 21 16 40 22 40 82 24
29 46 76 69 17 50 66 0 65 51 28 95 59 32 92 79 51 28 86 51 28 92 51 95 89 83 90 50 16 36 72 73 62 43 23 56 46 50 17 91 65 40 42 22 35 46 72 18 40 46 50 10 48 45 85 43 60 22 51 71 80 61 49 45 72 32 73 84 92 38 89 98 32 29 89 88 75 92 58 48 86 74 48 67 66 10 45 54 66 40 67 81 18 46 32 61 60 29 51 10
36 28 29 95 60 55 12 65 0 93 69 97 13 32 50 37 39 32 19 56 41 93 70 21 85 52 89 10 65 49 62 97 90 61 70 60 66 59 62 96 11 83 79 33 81 11 48 61 32 55 62 79 43 31 72 76 40 42 56 20 68 30 63 57 50 46 52 27 49 21 85 17 35 23 25 70 40 44 39 53 20 65 31 56 22 21 90 35 52 85 58 62 29 96 43 42 75 75 40 53
40 79 31 16 84 77 34 51 93 0 86 94 83 23 72 36 47 78 46 44 39 82 97 81 89 43 38 88 79 24 47 70 85 71 21 14 41 32 57 54 17 25 46 85 35 57 93 71 70 86 64 25 41 48 37 11 61 54 64 68 21 59 32 83 63 22 91 29 52 29 63 16 34 62 47 83 22 64 97 75 59 65 24 60 67 68 38 57 54 55 18 13 84 28 29 74 68 86 49 48
84 12 86 58 34 12 66 28 69 86 0 16 14 72 59 56 71 92 93 53 31 60 91 42 27 49 75 27 53 36 93 73 40 18 17 83 51 68 10 31 90 40 83 53 16 48 92 86 89 84 89 81 85 18 20 82 37 87 97 11 49 91 28 43 69 93 61 15 18 38 64 57 17 36 50 90 68 18 81 40 27 86 66 36 40 29 82 44 82 68 62 95 98 16 35 37 82 48 85 53
18 39 31 72 50 98 96 95 97 94 16 0 47 23 69 56 46 36 55 85 94 81 80 71 85 50 35 85 38 72 14 61 41 39 90 92 47 94 17 83 39 38 80 54 68 54 81 94 29 80 67 34 61 32 16 62 20 94 74 73 35 17 70 37 82 79 87 79 94 68 48 17 88 42 43 96 95 94 59 98 24 86 64 56 83 97 74 50 13 89 42 32 99 56 53 44 22 20 72 81
10 74 60 83 57 30 12 59 13 83 14 47 0 36 18 88 63 60 66 91 80 49 65 41 32 42 26 89 30 84 25 63 35 43 55 72 84 73 43 82 75 41 50 71 55 77 45 39 77 21 21 52 46 17 19 91 93 92 45 59 98 45 35 23 79 15 14 32 54 99 30 84 29 14 33 40 93 94 31 59 45 99 16 25 64 41 60 71 22 50 94 47 78 63 85 68 15 35 94 72
23 12 70 31 24 23 87 32 32 23 72 23 36 0 97 63 68 91 91 87 68 94 57 36 89 17 16 89 53 99 47 85 73 44 67 35 19 76 13 65 29 88 90 99 56 29 38 43 83 22 41 81 96 53 60 44 92 70 43 96 39 26 82 98 32 84 76 67 39 87 44 50 62 18 97 28 98 31 32 37 36 22 41 97 60 82 83 48 52 20 74 62 55 47 88 82 51 76 38 99
80 46 39 77 39 87 64 92 50 72 59 69 18 97 0 61 77 76 78 78 16 15 17 45 30 10 85 37 71 56 85 92 79 91 76 23 15 20 81 81 46 62 40 32 59 79 27 84 86 66 69 66 94 52 39 23 73 13 98 12 44 98 37 83 39 52 23 70 52 87 22 46 16 29 73 41 94 15 45 74 42 57 33 99 68 34 95 65 31 17 31 16 30 96 82 62 75 78 98 72
72 87 85 99 51 69 23 79 37 36 56 56 88 63 61 0 59 39 54 66 28 88 57 55 18 10 66 47 62 90 49 62 53 51 45 95 46 63 48 44 20 82 87 96 35 55 71 38 97 50 67 82 54 76 73 76 21 20 90 37 95 41 28 25 89 70 39 79 52 98 23 80 86 96 94 59 43 46 31 80 86 32 99 35 41 38 13 56 35 82 71 86 26 94 34 13 65 12 26 98
93 34 90 86 17 95 74 51 39 47 71 46 63 68 77 59 0 22 61 45 42 44 37 41 43 21 48 64 44 33 36 99 40 49 32 13 21 20 91 79 55 11 35 68 49 22 23 53 85 23 74 29 69 30 39 29 17 53 97 64 91 53 16 96 82 82 64 43 81 86 62 19 69 88 51 34 11 39 41 94 97 32 14 81 73 20 64 55 46 63 35 75 99 41 13 73 60 32 89 58
98 96 53 98 73 71 81 28 32 78 92 36 60 91 76 39 22 0 77 38 12 32 71 38 55 73 24 65 17 60 85 55 40 86 11 11 10 55 12 22 34 71 70 87 19 18 55 24 97 18 66 72 10 23 47 20 43 47 35 80 95 85 82 15 85 94 99 48 37 17 52 19 48 88 80 82 96 63 24 73 34 14 91 33 97 42 86 48 11 33 67 66 84 96 63 73 75 10 42 12
83 96 19 73 40 14 94 86 19 46 93 55 66 91 78 54 61 77 0 28 23 10 77 87 15 85 80 98 64 88 31 56 63 40 62 63 56 22 96 94 58 13 14 55 91 57 61 70 44 48 68 56 34 21 83 28 47 98 43 15 22 67 75 12 74 23 81 36 30 73 75 58 55 81 24 77 38 63 45 35 38 78 68 56 32 12 75 12 76 81 16 34 35 90 28 65 64 46 44 62
47 10 74 41 95 95 47 51 56 44 53 85 91 87 78 66 45 38 28 0 36 11 45 96 51 88 13 24 23 32 63 51 58 41 64 38 28 76 16 63 98 51 62 66 24 71 30 91 92 41 18 22 24 90 93 88 37 80 82 29 44 58 29 31 31 20 59 35 22 90 45 37 29 25 38 26 35 34 20 20 49 72 51 29 84 84 99 65 32 99 89 37 26 73 23 27 85 16 94 76
96 45 94 68 36 35 84 28 41 39 31 94 80 68 16 28 42 12 23 36 0 78 10 40 54 20 69 56 26 29 10 71 57 82 17 52 38 91 39 26 41 92 87 46 32 35 60 25 92 34 53 36 38 28 36 53 90 35 45 35 21 46 95 50 35 77 85 92 61 37 55 70 77 67 64 56 94 45 16 49 38 31 78 38 99 45 92 27 28 25 54 98 35 35 57 19 44 35 34 68
48 84 65 82 63 99 44 92 93 82 60 81 49 94 15 88 44 32 10 11 78 0 16 64 86 32 16 50 71 71 79 68 34 35 31 28 10 14 60 37 63 34 23 15 41 85 86 38 59 14 58 40 52 48 78 86 83 27 76 96 61 23 41 34 86 95 85 39 97 42 33 62 25 57 47 14 84 64 55 88 27 52 68 84 73 83 45 96 87 14 30 80 70 55 49 55 33 19 77 32
86 67 71 81 87 38 56 51 70 97 91 80 65 57 17 57 37 71 77 45 10 16 0 34 55 45 46 95 89 78 95 62 77 70 85 29 96 25 58 99 57 96 19 51 31 68 83 69 82 96 86 92 14 31 83 66 93 29 43 69 85 10 96 84 26 61 85 19 16 52 64 21 10 64 29 44 75 48 36 17 99 38 40 77 40 63 97 75 57 29 40 59 48 66 66 63 44 40 80 22
14 75 20 12 69 98 65 95 21 81 42 71 41 36 45 55 41 38 87 96 40 64 34 0 58 85 24 55 80 41 57 83 62 79 83 56 38 62 39 84 89 74 34 52 89 82 53 99 39 49 78 22 86 74 40 52 10 58 43 67 29 31 34 75 64 46 87 22 27 80 52 15 18 41 50 42 58 63 33 11 20 86 80 78 99 22 95 16 45 84 27 42 32 69 24 22 10 25 82 32
48 37 12 22 94 22 51 89 85 89 27 85 32 89 30 18 43 55 15 51 54 86 55 58 0 12 39 91 42 60 70 97 18 65 62 28 35 61 34 76 13 79 25 87 31 25 79 14 68 62 42 35 38 10 10 37 21 53 61 96 92 54 78 55 40 23 12 10 29 75 39 54 44 79 92 79 20 91 58 68 33 56 84 65 46 78 19 83 77 55 65 90 47 21 26 40 95 39 26 42
93 17 22 48 83 71 19 83 52 43 49 50 42 17 10 10 21 73 85 88 20 32 45 85 12 0 16 92 88 70 41 64 35 92 99 63 22 20 85 16 96 59 26 74 90 47 93 83 56 72 63 32 57 48 33 36 52 66 40 35 38 23 90 95 54 57 61 78 22 72 93 89 80 87 30 19 84 74 95 87 14 95 78 16 48 60 99 94 66 81 26 38 37 67 65 93 38 17 26 46
32 70 86 67 43 49 71 90 89 38 75 35 26 16 85 66 48 24 80 13 69 16 46 24 39 16 0 59 66 49 92 31 47 24 75 37 81 69 57 76 82 23 42 54 90 71 15 87 67 21 30 54 84 25 30 54 69 65 60 94 70 50 50 16 51 73 63 60 88 53 93 56 23 51 42 83 91 99 90 86 13 93 36 62 58 90 87 28 75 44 14 91 58 70 40 95 10 20 48 98
18 79 96 86 71 21 43 50 10 88 27 85 89 89 37 47 64 65 98 24 56 50 95 55 91 92 59 0 84 32 36 66 82 38 55 63 32 10 21 60 17 58 88 23 80 30 26 95 25 56 40 15 35 42 89 68 13 44 35 24 47 20 89 68 47 60 84 11 60 67 41 62 47 11 13 50 84 24 97 61 37 84 80 72 66 92 20 45 81 31 80 77 15 75 56 40 74 14 92 85
48 26 27 30 56 16 38 16 65 79 53 38 30 53 71 62 44 17 64 23 26 71 89 80 42 88 66 84 0 75 25 19 41 66 31 54 27 61 66 68 20 38 71 28 50 64 21 77 22 37 10 16 93 68 51 94 40 36 33 94 36 98 40 89 98 70 18 70 78 71 87 47 60 81 30 32 24 58 24 11 46 46 77 55 97 33 15 49 29 33 10 28 47 94 81 43 94 96 90 50
70 31 52 61 76 94 20 36 49 24 36 72 84 99 56 90 33 60 88 32 29 71 78 41 60 70 49 32 75 0 84 10 57 39 12 66 92 70 15 60 15 31 74 73 95 79 45 21 57 14 44 40 51 18 25 71 74 24 11 39 80 42 33 67 93 52 46 48 65 66 42 40 73 20 58 33 75 62 77 72 59 65 14 98 47 15 78 11 50 42 63 22 71 67 82 46 15 12 40 30
59 19 20 21 91 57 34 72 62 47 93 14 25 47 85 49 36 85 31 63 10 79 95 57 70 41 92 36 25 84 0 33 44 34 37 36 93 40 50 81 98 59 53 29 50 69 34 94 50 80 21 56 19 85 19 41 22 19 81 45 91 64 25 48 19 48 99 29 50 64 21 42 81 29 96 84 82 23 76 98 78 59 48 79 56 42 66 13 70 97 20 18 61 39 60 90 70 10 82 65
43 70 22 31 18 25 72 73 97 70 73 61 63 85 92 62 99 55 56 51 71 68 62 83 97 64 31 66 19 10 33 0 78 93 98 28 98 42 81 10 16 33 96 38 20 98 52 17 21 41 21 36 78 52 59 68 91 28 40 78 63 48 66 56 20 73 77 83 35 23 19 28 11 35 19 74 20 13 22 83 82 59 87 48 81 36 94 11 11 20 28 73 46 87 14 98 11 89 61 58
30 11 56 10 83 94 43 62 90 85 40 41 35 73 79 53 40 40 63 58 57 34 77 62 18 35 47 82 41 57 44 78 0 47 83 74 10 33 88 64 40 70 12 21 19 26 13 99 57 41 15 64 80 23 11 26 72 94 87 54 21 88 31 33 81 92 11 53 29 58 85 10 75 96 47 15 37 84 25 33 64 21 38 56 19 29 87 41 21 35 70 41 85 53 50 77 95 19 25 49
69 97 18 78 95 82 90 43 61 71 18 39 43 44 91 51 49 86 40 41 82 35 70 79 65 92 24 38 66 39 34 93 47 0 22 41 57 15 14 10 47 21 80 41 37 64 55 35 16 93 19 70 23 14 54 53 26 78 13 81 97 65 89 78 82 95 53 56 93 50 53 28 78 36 87 93 44 93 71 39 47 92 87 40 97 76 85 41 21 29 12 46 14 88 77 73 67 12 55 48
23 25 97 14 62 70 23 23 70 21 17 90 55 67 76 45 32 11 62 64 17 31 85 83 62 99 75 55 31 12 37 98 83 22 0 59 16 44 62 71 90 37 23 22 62 62 44 59 48 35 57 59 52 44 32 33 91 14 13 71 13 49 70 49 78 14 11 90 34 94 89 28 51 71 48 23 18 17 41 70 39 67 65 60 50 32 90 69 79 20 34 57 79 50 83 59 94 90 12 27
69 47 44 38 29 67 69 56 60 14 83 92 72 35 23 95 13 11 63 38 52 28 29 56 28 63 37 63 54 66 36 28 74 41 59 0 98 40 90 98 22 84 96 58 54 93 68 53 17 59 54 36 43 65 79 10 29 80 75 15 60 56 28 66 88 94 13 10 35 91 26 65 11 30 69 45 98 34 80 14 31 92 45 30 52 25 56 91 79 21 27 73 94 92 28 45 58 89 62 76
19 17 60 22 14 33 44 46 66 41 51 47 84 19 15 46 21 10 56 28 38 10 96 38 35 22 81 32 27 92 93 98 10 57 16 98 0 49 72 73 22 75 21 91 41 38 54 84 93 29 63 32 56 47 81 15 57 51 72 86 38 16 93 20 90 37 22 35 93 40 62 80 38 98 28 36 43 72 97 97 67 18 78 49 33 34 87 80 37 46 16 44 46 65 15 86 32 51 87 51
20 40 70 17 33 39 10 50 59 32 68 94 73 76 20 63 20 55 22 76 91 14 25 62 61 20 69 10 61 70 40 42 33 15 44 40 49 0 81 81 54 95 35 36 48 47 70 66 63 74 27 91 31 23 87 14 75 42 11 88 75 21 89 82 24 30 14 61 57 91 79 95 82 90 30 71 55 25 27 76 12 53 57 98 90 91 61 24 77 77 62 47 15 43 40 73 99 79 46 61
23 45 78 40 62 80 38 17 62 57 10 17 43 13 81 48 91 12 96 16 39 60 58 39 34 85 57 21 66 15 50 81 88 14 62 90 72 81 0 61 73 13 53 10 30 13 86 65 69 85 36 12 93 94 86 23 95 78 35 24 93 17 94 87 31 70 20 26 46 96 89 95 48 40 67 26 91 45 28 26 86 42 12 56 98 68 73 38 76 43 41 43 78 42 21 98 72 10 10 32
73 29 48 13 96 90 82 91 96 54 31 83 82 65 81 44 79 22 94 63 26 37 99 84 76 16 76 60 68 60 81 10 64 10 71 98 73 81 61 0 49 34 45 34 68 60 14 34 59 73 70 12 64 77 24 52 36 25 65 32 59 40 23 17 38 65 13 17 11 77 46 99 25 20 77 35 58 58 12 81 52 70 91 45 85 31 80 93 40 84 91 85 46 12 62 69 49 97 18 30
49 73 51 18 60 80 18 65 11 17 90 39 75 29 46 20 55 34 58 98 41 63 57 89 13 96 82 17 20 15 98 16 40 47 90 22 22 54 73 49 0 75 77 34 88 63 91 46 16 38 42 68 91 42 32 12 16 27 94 97 75 64 84 30 46 22 68 58 55 23 59 51 21 22 26 52 65 29 91 54 94 20 23 91 95 73 35 93 45 13 99 89 85 55 58 73 62 94 65 83
85 42 39 71 45 28 80 40 83 25 40 38 41 88 62 82 11 71 13 51 92 34 96 74 79 59 23 58 38 31 59 33 70 21 37 84 75 95 13 34 75 0 36 15 27 21 28 40 19 37 26 82 71 87 67 45 26 57 41 26 16 39 93 87 16 10 56 63 29 58 64 83 87 36 91 39 30 20 19 59 94 82 30 67 43 24 73 50 22 56 99 35 77 30 67 88 47 97 98 34
86 39 55 87 51 74 13 42 79 46 83 80 50 90 40 87 35 70 14 62 87 23 19 34 25 26 42 88 71 74 53 96 12 80 23 96 21 35 53 45 77 36 0 36 90 76 25 85 63 26 74 61 65 33 35 59 36 46 69 14 99 44 42 82 66 69 25 20 96 78 93 26 39 12 16 15 49 25 80 73 70 90 63 52 14 70 90 92 78 10 43 17 39 26 68 86 20 12 21 76
61 12 64 52 14 77 11 22 33 85 53 54 71 99 32 96 68 87 55 66 46 15 51 52 87 74 54 23 28 73 29 38 21 41 22 58 91 36 10 34 34 15 36 0 21 26 52 98 79 52 30 72 94 11 25 40 47 35 14 61 21 58 48 20 12 67 77 65 47 16 35 69 54 96 50 74 58 75 79 32 45 63 37 28 25 80 12 69 82 80 37 52 66 53 76 64 18 81 65 64
80 54 80 22 38 28 33 35 81 35 16 68 55 56 59 35 49 19 91 24 32 41 31 89 31 90 90 80 50 95 50 20 19 37 62 54 41 48 30 68 88 27 90 21 0 60 53 90 43 64 97 47 43 97 17 49 33 73 97 21 74 36 32 64 89 31 84 99 63 35 56 54 10 65 37 33 32 49 25 67 12 33 58 95 48 80 68 32 80 86 80 71 90 66 37 31 15 29 38 30
81 43 56 15 69 65 13 46 11 57 48 54 77 29 79 55 22 18 57 71 35 85 68 82 25 47 71 30 64 79 69 98 26 64 62 93 38 47 13 60 63 21 76 26 60 0 56 32 83 93 27 85 75 28 80 38 20 62 47 49 18 77 81 73 92 76 62 90 91 22 69 57 29 47 89 11 60 10 51 21 64 58 13 26 58 26 27 53 15 50 12 96 40 67 65 41 94 83 93 41
53 32 31 80 13 69 88 72 48 93 92 81 45 38 27 71 23 55 61 30 60 86 83 53 79 93 15 26 21 45 34 52 13 55 44 68 54 70 86 14 91 28 25 52 53 56 0 47 84 79 15 80 85 87 93 57 81 74 25 41 66 74 15 87 27 61 62 34 87 28 13 36 88 55 91 66 90 21 74 55 26 60 75 82 11 46 75 81 98 71 86 96 47 65 92 29 14 15 58 70
58 69 27 42 64 84 95 18 61 71 86 94 39 43 84 38 53 24 70 91 25 38 69 99 14 83 87 95 77 21 94 17 99 35 59 53 84 66 65 34 46 40 85 98 90 32 47 0 66 31 36 88 33 58 31 93 85 52 64 26 61 71 62 20 89 28 73 57 51 56 45 33 61 24 16 74 47 22 96 88 98 87 14 14 88 31 36 81 22 49 92 85 81 73 30 66 16 75 60 91
24 57 91 91 67 32 11 40 32 70 89 29 77 83 86 97 85 97 44 92 92 59 82 39 68 56 67 25 22 57 50 21 57 16 48 17 93 63 69 59 16 19 63 79 43 83 84 66 0 56 29 54 15 10 66 57 87 11 82 11 18 45 92 33 43 81 69 47 78 55 12 61 68 62 23 42 93 64 56 81 28 59 96 42 52 89 21 82 25 89 95 13 36 65 67 15 79 27 58 17
35 13 51 59 21 70 32 46 55 86 84 80 21 22 66 50 23 18 48 41 34 14 96 49 62 72 21 56 37 14 80 41 41 93 35 59 29 74 85 73 38 37 26 52 64 93 79 31 56 0 78 38 17 63 28 42 88 19 66 70 29 12 32 95 40 31 76 73 27 33 45 19 51 49 76 53 11 59 41 80 24 83 60 10 20 37 38 57 83 17 15 23 79 43 50 62 67 10 37 85
84 36 51 94 39 80 34 50 62 64 89 67 21 41 69 67 74 66 68 18 53 58 86 78 42 63 30 40 10 44 21 21 15 19 57 54 63 27 36 70 42 26 74 30 97 27 15 36 29 78 0 57 60 67 22 30 33 31 97 87 62 90 74 97 46 73 59 20 77 22 12 28 12 73 55 43 52 16 90 91 65 75 58 94 23 68 92 14 85 32 86 55 53 35 92 54 81 66 28 66
60 91 28 95 25 84 11 10 79 25 81 34 52 81 66 82 29 72 56 22 36 40 92 22 35 32 54 15 16 40 56 36 64 70 59 36 32 91 12 12 68 82 61 72 47 85 80 88 54 38 57 0 64 58 44 82 91 32 67 18 19 65 44 32 73 15 86 96 30 30 18 23 19 34 27 48 80 59 11 42 86 48 26 60 71 98 12 75 18 25 86 88 45 36 22 39 76 17 71 81
64 60 61 69 22 30 94 48 43 41 85 61 46 96 94 54 69 10 34 24 38 52 14 86 38 57 84 35 93 51 19 78 80 23 52 43 56 31 93 64 91 71 65 94 43 75 85 33 15 17 60 64 0 72 80 68 18 73 37 37 13 99 42 72 25 93 28 77 77 60 90 31 21 76 71 19 31 19 96 66 15 32 83 11 62 15 31 91 60 78 90 82 37 82 62 12 61 15 51 43
58 56 77 19 25 18 96 45 31 48 18 32 17 53 52 76 30 23 21 90 28 48 31 74 10 48 25 42 68 18 85 52 23 14 44 65 47 23 94 77 42 87 33 11 97 28 87 58 10 63 67 58 72 0 86 15 43 23 95 75 71 43 31 36 51 93 81 67 33 25 24 38 81 58 94 99 28 66 21 84 42 43 36 83 65 70 33 77 80 83 50 27 76 23 90 76 65 20 95 93
25 86 13 68 14 37 14 85 72 37 20 16 19 60 39 73 39 47 83 93 36 78 83 40 10 33 30 89 51 25 19 59 11 54 32 79 81 87 86 24 32 67 35 25 17 80 93 31 66 28 22 44 80 86 0 65 63 73 40 50 66 36 71 92 46 67 35 56 19 72 77 99 14 32 82 41 25 18 91 72 93 45 82 99 86 34 49 60 22 94 58 25 49 50 28 64 89 89 73 26
97 25 30 41 57 13 44 43 76 11 82 62 91 44 23 76 29 20 28 88 53 86 66 52 37 36 54 68 94 71 41 68 26 53 33 10 15 14 23 52 12 45 59 40 49 38 57 93 57 42 30 82 68 15 65 0 70 90 82 27 59 82 14 29 98 24 50 35 45 37 42 25 70 27 82 19 33 35 58 48 78 71 98 71 12 12 43 81 33 72 84 52 32 86 14 58 48 87 44 88
30 71 75 92 32 61 29 60 40 61 37 20 93 92 73 21 17 43 47 37 90 83 93 10 21 52 69 13 40 74 22 91 72 26 91 29 57 75 95 36 16 26 36 47 33 20 81 85 87 88 33 91 18 43 63 70 0 89 53 44 95 55 87 46 43 91 97 29 42 38 67 19 37 70 37 80 13 46 42 65 59 82 84 26 53 25 54 20 60 44 45 38 40 85 47 75 33 95 89 68
26 15 56 78 47 93 41 22 42 54 87 94 92 70 13 20 53 47 98 80 35 27 29 58 53 66 65 44 36 24 19 28 94 78 14 80 51 42 78 25 27 57 46 35 73 62 74 52 11 19 31 32 73 23 73 90 89 0 81 38 70 45 77 25 67 98 13 53 26 35 47 82 37 12 61 37 44 50 89 62 13 59 94 34 43 27 20 46 23 18 52 65 70 25 25 19 88 71 88 33
73 48 77 69 90 70 53 51 56 64 97 74 45 43 98 90 97 35 43 82 45 76 43 43 61 40 60 35 33 11 81 40 87 13 13 75 72 11 35 65 94 41 69 14 97 47 25 64 82 66 97 67 37 95 40 82 53 81 0 58 80 44 10 89 44 31 97 44 55 73 81 37 32 45 47 91 42 97 51 34 62 79 23 29 76 72 46 23 42 74 52 17 63 58 74 41 60 89 38 70
76 15 74 12 62 58 72 71 20 68 11 73 59 96 12 37 64 80 15 29 35 96 69 67 96 35 94 24 94 39 45 78 54 81 71 15 86 88 24 32 97 26 14 61 21 49 41 26 11 70 87 18 37 75 50 27 44 38 58 0 10 20 77 67 26 41 97 60 20 48 99 87 85 53 34 42 36 66 47 52 47 63 65 48 10 97 61 76 82 33 37 62 92 59 56 55 40 43 44 87
98 83 58 43 30 88 60 80 68 21 49 35 98 39 44 95 91 95 22 44 21 61 85 29 92 38 70 47 36 80 91 63 21 97 13 60 38 75 93 59 75 16 99 21 74 18 66 61 18 29 62 19 13 71 66 59 95 70 80 10 0 17 48 87 94 24 22 33 24 63 14 33 53 89 15 68 28 78 45 53 81 74 30 31 82 22 47 65 53 92 46 70 82 43 60 24 36 64 51 78
54 33 39 45 76 43 81 61 30 59 91 17 45 26 98 41 53 85 67 58 46 23 10 31 54 23 50 20 98 42 64 48 88 65 49 56 16 21 17 40 64 39 44 58 36 77 74 71 45 12 90 65 99 43 36 82 55 45 44 20 17 0 64 21 96 15 81 99 77 58 66 30 86 85 60 73 15 56 84 33 81 20 94 69 10 94 25 50 33 67 82 80 64 57 31 79 60 55 86 83
66 61 10 70 56 79 10 49 63 32 28 70 35 82 37 28 16 82 75 29 95 41 96 34 78 90 50 89 40 33 25 66 31 89 70 28 93 89 94 23 84 93 42 48 32 81 15 62 92 32 74 44 42 31 71 14 87 77 10 77 48 64 0 17 60 91 29 37 54 33 92 24 56 27 68 12 20 36 59 58 44 71 54 99 37 29 86 19 77 20 61 93 75 58 84 83 19 85 36 70
52 30 54 70 53 54 46 45 57 83 43 37 23 98 83 25 96 15 12 31 50 34 84 75 55 95 16 68 89 67 48 56 33 78 49 66 20 82 87 17 30 87 82 20 64 73 87 20 33 95 97 32 72 36 92 29 46 25 89 67 87 21 17 0 74 33 94 87 54 94 53 97 11 51 59 76 66 19 19 90 51 29 28 59 14 10 99 56 43 90 42 93 71 45 54 79 96 30 49 24
36 14 17 89 99 14 82 72 50 63 69 82 79 32 39 89 82 85 74 31 35 86 26 64 40 54 51 47 98 93 19 20 81 82 78 88 90 24 31 38 46 16 66 12 89 92 27 89 43 40 46 73 25 51 46 98 43 67 44 26 94 96 60 74 0 71 10 48 49 65 23 73 38 41 55 59 44 44 88 52 41 39 59 83 55 16 51 26 39 55 24 10 42 17 75 73 57 80 16 25
25 56 29 27 15 32 39 32 46 22 93 79 15 84 52 70 82 94 23 20 77 95 61 46 23 57 73 60 70 52 48 73 92 95 14 94 37 30 70 65 22 10 69 67 31 76 61 28 81 31 73 15 93 93 67 24 91 98 31 41 24 15 91 33 71 0 69 92 37 31 97 59 44 40 66 74 57 50 50 64 86 31 81 81 16 39 16 27 54 31 21 37 37 23 88 46 10 45 66 27
72 26 81 81 55 97 96 73 52 91 61 87 14 76 23 39 64 99 81 59 85 85 85 87 12 61 63 84 18 46 99 77 11 53 11 13 22 14 20 13 68 56 25 77 84 62 62 73 69 76 59 86 28 81 35 50 97 13 97 97 22 81 29 94 10 69 0 94 18 63 46 51 70 70 61 86 45 72 29 96 50 23 96 88 70 74 34 33 60 61 71 17 57 15 62 72 39 33 53 32
49 31 99 96 61 23 17 84 27 29 15 79 32 67 70 79 43 48 36 35 92 39 19 22 10 78 60 11 70 48 29 83 53 56 90 10 35 61 26 17 58 63 20 65 99 90 34 57 47 73 20 96 77 67 56 35 29 53 44 60 33 99 37 87 48 92 94 0 64 43 30 58 27 86 72 87 43 16 67 96 54 58 63 82 59 24 21 16 43 54 47 85 79 64 53 65 12 55 32 68
75 34 99 21 73 34 98 92 49 52 18 94 54 39 52 52 81 37 30 22 61 97 16 27 29 22 88 60 78 65 50 35 29 93 34 35 93 57 46 11 55 29 96 47 63 91 87 51 78 27 77 30 77 33 19 45 42 26 55 20 24 77 54 54 49 37 18 64 0 25 70 54 77 15 41 49 90 56 62 75 78 52 84 25 23 26 67 26 78 78 40 42 61 20 80 23 36 93 75 75
65 93 98 55 43 88 75 38 21 29 38 68 99 87 87 98 86 17 73 90 37 42 52 80 75 72 53 67 71 66 64 23 58 50 94 91 40 91 96 77 23 58 78 16 35 22 28 56 55 33 22 30 60 25 72 37 38 35 73 48 63 58 33 94 65 31 63 43 25 0 21 13 59 84 30 65 11 84 96 28 88 91 40 18 75 39 75 37 48 13 98 39 30 46 83 86 91 93 88 81
91 93 80 46 63 46 73 89 85 63 64 48 30 44 22 23 62 52 75 45 55 33 64 52 39 93 93 41 87 42 21 19 85 53 89 26 62 79 89 46 59 64 93 35 56 69 13 45 12 45 12 18 90 24 77 42 67 47 81 99 14 66 92 53 23 97 46 30 70 21 0 83 10 75 40 94 45 89 36 58 35 15 96 79 23 62 74 61 74 53 34 23 61 42 14 17 52 92 27 83
65 27 11 34 96 63 15 98 17 16 57 17 84 50 46 80 19 19 58 37 70 62 21 15 54 89 56 62 47 40 42 28 10 28 28 65 80 95 95 99 51 83 26 69 54 57 36 33 61 19 28 23 31 38 99 25 19 82 37 87 33 30 24 97 73 59 51 58 54 13 83 0 43 26 45 73 93 33 36 21 65 76 19 91 80 27 86 53 36 28 21 43 80 48 14 70 58 25 26 55
27 64 31 86 81 33 56 32 35 34 17 88 29 62 16 86 69 48 55 29 77 25 10 18 44 80 23 47 60 73 81 11 75 78 51 11 38 82 48 25 21 87 39 54 10 29 88 61 68 51 12 19 21 81 14 70 37 37 32 85 53 86 56 11 38 44 70 27 77 59 10 43 0 40 74 73 10 14 60 19 82 23 44 26 44 60 30 45 29 29 22 24 83 82 35 41 74 75 12 64
35 70 58 19 44 88 91 29 23 62 36 42 14 18 29 96 88 88 81 25 67 57 64 41 79 87 51 11 81 20 29 35 96 36 71 30 98 90 40 20 22 36 12 96 65 47 55 24 62 49 73 34 76 58 32 27 70 12 45 53 89 85 27 51 41 40 70 86 15 84 75 26 40 0 36 30 31 62 69 25 62 90 99 18 16 98 81 87 12 45 17 26 35 46 90 66 58 91 22 38
89 85 39 72 49 37 13 89 25 47 50 43 33 97 73 94 51 80 24 38 64 47 29 50 92 30 42 13 30 58 96 19 47 87 48 69 28 30 67 77 26 91 16 50 37 89 91 16 23 76 55 27 71 94 82 82 37 61 47 34 15 60 68 59 55 66 61 72 41 30 40 45 74 36 0 76 10 20 69 90 70 59 44 56 87 73 23 21 67 44 58 86 56 97 67 46 21 53 52 77
93 69 31 76 25 59 29 88 70 83 90 96 40 28 41 59 34 82 77 26 56 14 44 42 79 19 83 50 32 33 84 74 15 93 23 45 36 71 26 35 52 39 15 74 33 11 66 74 42 53 43 48 19 99 41 19 80 37 91 42 68 73 12 76 59 74 86 87 49 65 94 73 73 30 76 0 48 72 62 97 40 65 71 46 73 21 76 24 87 72 77 19 83 18 18 61 62 75 74 36
68 36 66 52 33 37 15 75 40 22 68 95 93 98 94 43 11 96 38 35 94 84 75 58 20 84 91 84 24 75 82 20 37 44 18 98 43 55 91 58 65 30 49 58 32 60 90 47 93 11 52 80 31 28 25 33 13 44 42 36 28 15 20 66 44 57 45 43 90 11 45 93 10 31 10 48 0 22 80 86 19 62 99 32 99 78 80 32 70 38 28 75 54 67 54 84 18 66 49 84
61 74 72 68 58 83 68 92 44 64 18 94 94 31 15 46 39 63 63 34 45 64 48 63 91 74 99 24 58 62 23 13 84 93 17 34 72 25 45 58 29 20 25 75 49 10 21 22 64 59 16 59 19 66 18 35 46 50 97 66 78 56 36 19 44 50 72 16 56 84 89 33 14 62 20 72 22 0 22 28 31 74 40 90 42 27 40 68 34 35 13 55 83 55 57 45 39 71 96 10
22 73 98 91 34 24 75 58 39 97 81 59 31 32 45 31 41 24 45 20 16 55 36 33 58 95 90 97 24 77 76 22 25 71 41 80 97 27 28 12 91 19 80 79 25 51 74 96 56 41 90 11 96 21 91 58 42 89 51 47 45 84 59 19 88 50 29 67 62 96 36 36 60 69 69 62 80 22 0 16 38 43 82 25 76 41 19 18 66 59 37 38 40 13 38 48 21 96 70 26
82 29 70 24 99 66 13 48 53 75 40 98 59 37 74 80 94 73 35 20 49 88 17 11 68 87 86 61 11 72 98 83 33 39 70 14 97 76 26 81 54 59 73 32 67 21 55 88 81 80 91 42 66 84 72 48 65 62 34 52 53 33 58 90 52 64 96 96 75 28 58 21 19 25 90 97 86 28 16 0 18 31 14 93 81 98 61 96 13 36 55 26 78 50 79 77 31 32 55 37
80 20 31 89 83 64 66 86 20 59 27 24 45 36 42 86 97 34 38 49 38 27 99 20 33 14 13 37 46 59 78 82 64 47 39 31 67 12 86 52 94 94 70 45 12 64 26 98 28 24 65 86 15 42 93 78 59 13 62 47 81 81 44 51 41 86 50 54 78 88 35 65 82 62 70 40 19 31 38 18 0 29 83 79 96 24 69 85 12 10 83 70 88 28 58 96 54 15 20 20
53 39 65 19 33 22 61 74 65 65 86 86 99 22 57 32 32 14 78 72 31 52 38 86 56 95 93 84 46 65 59 59 21 92 67 92 18 53 42 70 20 82 90 63 33 58 60 87 59 83 75 48 32 43 45 71 82 59 79 63 74 20 71 29 39 31 23 58 52 91 15 76 23 90 59 65 62 74 43 31 29 0 48 15 61 73 91 32 48 46 16 50 20 29 78 45 29 92 33 78
94 98 68 19 10 84 90 48 31 24 66 64 16 41 33 99 14 91 68 51 78 68 40 80 84 78 36 80 77 14 48 87 38 87 65 45 78 57 12 91 23 30 63 37 58 13 75 14 96 60 58 26 83 36 82 98 84 94 23 65 30 94 54 28 59 81 96 63 84 40 96 19 44 99 44 71 99 40 82 14 83 48 0 79 65 73 77 85 63 60 65 66 88 37 49 77 46 26 37 56
16 37 58 34 82 83 19 67 56 60 36 56 25 97 99 35 81 33 56 29 38 84 77 78 65 16 62 72 55 98 79 48 56 40 60 30 49 98 56 45 91 67 52 28 95 26 82 14 42 10 94 60 11 83 99 71 26 34 29 48 31 69 99 59 83 81 88 82 25 18 79 91 26 18 56 46 32 90 25 93 79 15 79 0 72 26 59 82 57 75 49 79 12 82 12 62 83 98 82 13
23 64 75 32 70 94 20 66 22 67 40 83 64 60 68 41 73 97 32 84 99 73 40 99 46 48 58 66 97 47 56 81 19 97 50 52 33 90 98 85 95 43 14 25 48 58 11 88 52 20 23 71 62 65 86 12 53 43 76 10 82 10 37 14 55 16 70 59 23 75 23 80 44 16 87 73 99 42 76 81 96 61 65 72 0 94 92 29 76 23 49 41 27 18 19 41 52 60 11 63
27 85 24 90 29 57 43 10 21 68 29 97 41 82 34 38 20 42 12 84 45 83 63 22 78 60 90 92 33 15 42 36 29 76 32 25 34 91 68 31 73 24 70 80 80 26 46 31 89 37 68 98 15 70 34 12 25 27 72 97 22 94 29 10 16 39 74 24 26 39 62 27 60 98 73 21 78 27 41 98 24 73 73 26 94 0 42 67 83 75 78 67 79 83 57 96 45 17 80 29
94 73 74 54 80 91 36 45 90 38 82 74 60 83 95 13 64 86 75 99 92 45 97 95 19 99 87 20 15 78 66 94 87 85 90 56 87 61 73 80 35 73 90 12 68 27 75 36 21 38 92 12 31 33 49 43 54 20 46 61 47 25 86 99 51 16 34 21 67 75 74 86 30 81 23 76 80 40 19 61 69 91 77 59 92 42 0 43 28 48 20 89 36 49 39 84 50 68 35 59
62 59 62 72 53 24 44 54 35 57 44 50 71 48 65 56 55 48 12 65 27 96 75 16 83 94 28 45 49 11 13 11 41 41 69 91 80 24 38 93 93 50 92 69 32 53 81 81 82 57 14 75 91 77 60 81 20 46 23 76 65 50 19 56 26 27 33 16 26 37 61 53 45 87 21 24 32 68 18 96 85 32 85 82 29 67 43 0 59 87 31 17 18 79 59 32 84 44 16 17
56 53 62 94 78 93 55 66 52 54 82 13 22 52 31 35 46 11 76 32 28 87 57 45 77 66 75 81 29 50 70 11 21 21 79 79 37 77 76 40 45 22 78 82 80 15 98 22 25 83 85 18 60 80 22 33 60 23 42 82 53 33 77 43 39 54 60 43 78 48 74 36 29 12 67 87 70 34 66 13 12 48 63 57 76 83 28 59 0 14 76 94 56 31 73 67 22 94 78 68
96 89 26 37 26 69 79 40 85 55 68 89 50 20 17 82 63 33 81 99 25 14 29 84 55 81 44 31 33 42 97 20 35 29 20 21 46 77 43 84 13 56 10 80 86 50 71 49 89 17 32 25 78 83 94 72 44 18 74 33 92 67 20 90 55 31 61 54 78 13 53 28 29 45 44 72 38 35 59 36 10 46 60 75 23 75 48 87 14 0 36 29 30 77 49 51 75 82 88 46
50 77 14 87 37 87 45 67 58 18 62 42 94 74 31 71 35 67 16 89 54 30 40 27 65 26 14 80 10 63 20 28 70 12 34 27 16 62 41 91 99 99 43 37 80 12 86 92 95 15 86 86 90 50 58 84 45 52 52 37 46 82 61 42 24 21 71 47 40 98 34 21 22 17 58 77 28 13 37 55 83 16 65 49 49 78 20 31 76 36 0 38 74 13 13 94 57 79 60 55
54 63 70 78 63 11 91 81 62 13 95 32 47 62 16 86 75 66 34 37 98 80 59 42 90 38 91 77 28 22 18 73 41 46 57 73 44 47 43 85 89 35 17 52 71 96 96 85 13 23 55 88 82 27 25 52 38 65 17 62 70 80 93 93 10 37 17 85 42 39 23 43 24 26 86 19 75 55 38 26 70 50 66 79 41 67 89 17 94 29 38 0 25 53 58 41 10 16 64 37
58 35 21 89 49 27 54 18 29 84 98 99 78 55 30 26 99 84 35 26 35 70 48 32 47 37 58 15 47 71 61 46 85 14 79 94 46 15 78 46 85 77 39 66 90 40 47 81 36 79 53 45 37 76 49 32 40 70 63 92 82 64 75 71 42 37 57 79 61 30 61 80 83 35 56 83 54 83 40 78 88 20 88 12 27 79 36 18 56 30 74 25 0 96 23 60 75 47 79 96
40 44 16 40 10 54 21 46 96 28 16 56 63 47 96 94 41 96 90 73 35 55 66 69 21 67 70 75 94 67 39 87 53 88 50 92 65 43 42 12 55 30 26 53 66 67 65 73 65 43 35 36 82 23 50 86 85 25 58 59 43 57 58 45 17 23 15 64 20 46 42 48 82 46 97 18 67 55 13 50 28 29 37 82 18 83 49 79 31 77 13 53 96 0 73 43 45 70 21 99
60 36 16 81 10 77 16 32 43 29 35 53 85 88 82 34 13 63 28 23 57 49 66 24 26 65 40 56 81 82 60 14 50 77 83 28 15 40 21 62 58 67 68 76 37 65 92 30 67 50 92 22 62 90 28 14 47 25 74 56 60 31 84 54 75 88 62 53 80 83 14 14 35 90 67 18 54 57 38 79 58 78 49 12 19 57 39 59 73 49 13 58 23 73 0 61 34 35 92 32
78 47 88 16 67 22 40 61 42 74 37 44 68 82 62 13 73 73 65 27 19 55 63 22 40 93 95 40 43 46 90 98 77 73 59 45 86 73 98 69 73 88 86 64 31 41 29 66 15 62 54 39 12 76 64 58 75 19 41 55 24 79 83 79 73 46 72 65 23 86 17 70 41 66 46 61 84 45 48 77 96 45 77 62 41 96 84 32 67 51 94 41 60 43 61 0 40 16 57 99
66 88 43 98 34 85 22 60 75 68 82 22 15 51 75 65 60 75 64 85 44 33 44 10 95 38 10 74 94 15 70 11 95 67 94 58 32 99 72 49 62 47 20 18 15 94 14 16 79 67 81 76 61 65 89 48 33 88 60 40 36 60 19 96 57 10 39 12 36 91 52 58 74 58 21 62 18 39 21 31 54 29 46 83 52 45 50 84 22 75 57 10 75 45 34 40 0 12 42 49
80 54 23 45 47 79 40 29 75 86 48 20 35 76 78 12 32 10 46 16 35 19 40 25 39 17 20 14 96 12 10 89 19 12 90 89 51 79 10 97 94 97 12 81 29 83 15 75 27 10 66 17 15 20 89 87 95 71 89 43 64 55 85 30 80 45 33 55 93 93 92 25 75 91 53 75 66 71 96 32 15 92 26 98 60 17 68 44 94 82 79 16 47 70 35 16 12 0 27 83
35 41 27 22 93 43 82 51 40 49 85 72 94 38 98 26 89 42 44 94 34 77 80 82 26 26 48 92 90 40 82 61 25 55 12 62 87 46 10 18 65 98 21 65 38 93 58 60 58 37 28 71 51 95 73 44 89 88 38 44 51 86 36 49 16 66 53 32 75 88 27 26 12 22 52 74 49 96 70 55 20 33 37 82 11 80 35 16 78 88 60 64 79 21 92 57 42 27 0 81
40 28 27 26 86 72 24 10 53 48 53 81 72 99 72 98 58 12 62 76 68 32 22 32 42 46 98 85 50 30 65 58 49 48 27 76 51 61 32 30 83 34 76 64 30 41 70 91 17 85 66 81 43 93 26 88 68 33 70 87 78 83 70 24 25 27 32 68 75 81 83 55 64 38 77 36 84 10 26 37 20 78 56 13 63 29 59 17 68 46 55 37 96 99 32 99 49 83 81 0