20
0 58 62 97 85 84 32 76 21 22 89 61 62 11 30 58 14 65 68 28
58 0 78 32 38 78 24 89 73 36 22 85 10 93 80 36 49 55 67 22
62 78 0 37 18 98 26 71 58 90 79 50 98 90 56 64 48 47 90 77
97 32 37 0 28 66 22 76 21 61 93 83 24 28 79 20 13 21 82 68
85 38 18 28 0 14 66 35 85 39 89 42 34 16 75 62 14 51 69 85
84 78 98 66 14 0 12 68 71 84 44 93 45 71 40 28 99 69 76 56
32 24 26 22 66 12 0 74 88 21 17 20 89 96 85 40 90 33 87 87
76 89 71 76 35 68 74 0 25 35 87 62 31 76 47 20 52 39 10 46
21 73 58 21 85 71 88 25 0 67 17 36 61 55 55 75 38 63 29 79
22 36 90 61 39 84 21 35 67 0 35 33 32 26 36 87 87 43 41 60
89 22 79 93 89 44 17 87 17 35 0 25 56 25 48 89 61 39 37 61
61 85 50 83 42 93 20 62 36 33 25 0 72 48 54 98 95 26 76 74
62 10 98 24 34 45 89 31 61 32 56 72 0 59 18 75 23 71 51 72
11 93 90 28 16 71 96 76 55 26 25 48 59 0 22 77 31 12 24 91
30 80 56 79 75 40 85 47 55 36 48 54 18 22 0 68 63 63 38 36
58 36 64 20 62 28 40 20 75 87 89 98 75 77 68 0 67 81 52 94
14 49 48 13 14 99 90 52 38 87 61 95 23 31 63 67 0 52 56 80
65 55 47 21 51 69 33 39 63 43 39 26 71 12 63 81 52 0 52 66
68 67 90 82 69 76 87 10 29 41 37 76 51 24 38 52 56 52 0 14
28 22 77 68 85 56 87 46 79 60 61 74 72 91 36 94 80 66 14 0