110
0 30 19 49 31 65 52 41 93 54 35 41 35 92 49 38 30 58 57 88 40 58 88 14 80 85 39 41 91 59 29 38 63 79 72 45 49 85 16 30 20 67 53 86 28 37 31 47 43 75 88 53 45 15 63 79 42 30 41 69 94 92 45 58 19 62 66 88 29 97 46 25 69 39 52 80 18 35 17 31 55 61 59 92 37 41 59 12 70 57 46 71 89 40 90 22 24 90 35 25 75 80 30 33 79 32 83 28 21 22 
41 0 35 96 53 25 36 11 18 72 47 86 51 11 59 54 99 35 92 80 41 77 94 17 28 71 33 16 53 66 20 19 44 69 96 17 70 32 19 42 34 38 19 93 24 66 76 70 84 97 13 17 10 56 26 84 88 98 68 15 39 90 63 55 36 12 74 83 12 20 46 43 30 24 44 34 56 19 85 83 64 98 38 82 10 32 39 41 82 59 95 96 28 17 21 93 50 30 81 24 37 30 42 84 53 78 85 63 63 98 
60 97 0 33 99 62 12 88 82 27 49 44 39 24 51 27 12 56 73 27 88 69 13 18 92 53 82 51 48 25 95 50 59 84 86 39 97 36 37 39 73 77 39 36 38 64 84 70 18 51 47 91 70 76 41 25 87 55 64 66 19 56 51 63 12 88 70 88 48 12 65 14 40 42 58 57 14 49 17 64 89 28 18 23 91 93 83 80 50 83 31 66 12 60 80 51 99 50 17 87 75 86 75 73 22 22 40 10 27 91 
19 51 64 0 74 64 38 58 89 31 88 43 43 83 43 51 33 12 83 34 40 59 96 87 12 88 43 94 89 33 33 44 35 43 80 18 48 40 24 53 72 26 60 23 46 60 43 92 55 84 26 24 50 99 58 72 32 47 10 77 81 33 79 99 58 60 17 17 15 59 79 17 96 98 79 22 69 81 41 18 46 43 10 58 85 56 20 89 41 81 29 54 56 74 74 66 97 59 59 25 66 95 26 63 72 43 97 17 76 69 
22 56 86 81 0 93 73 49 87 73 44 78 22 67 54 51 76 67 43 57 68 22 39 21 69 75 84 37 34 80 92 23 77 15 32 73 52 83 96 65 13 28 41 84 28 95 37 95 35 94 39 72 60 22 17 73 97 16 22 71 53 93 37 84 71 49 99 58 23 83 70 47 52 65 77 45 84 62 16 31 63 31 40 87 84 81 76 68 13 13 80 31 93 83 45 11 29 24 25 98 62 19 85 29 83 97 21 29 51 17 
18 20 50 39 24 0 89 68 68 91 87 98 95 68 49 19 33 68 52 27 84 55 83 93 33 13 44 75 46 76 89 45 38 76 62 59 15 40 50 82 22 58 80 93 23 36 27 90 93 37 95 28 64 30 66 86 34 44 82 71 88 64 37 34 61 68 11 89 93 44 73 20 85 26 43 74 84 80 43 32 84 49 49 80 79 88 44 42 44 58 11 34 95 92 41 16 26 94 47 35 10 48 17 29 88 95 74 75 19 59 
99 81 70 26 52 84 0 94 70 33 19 40 46 41 39 61 83 80 94 63 25 84 11 80 40 70 73 59 91 82 68 89 41 40 73 61 67 17 23 14 13 94 67 52 12 33 65 84 36 64 59 41 56 10 16 12 28 33 60 18 92 90 57 23 32 24 56 84 73 61 33 75 39 69 14 25 55 13 30 27 45 98 44 94 93 57 45 86 20 49 12 37 85 21 99 27 88 10 65 58 53 83 62 29 14 46 48 65 93 18 
68 86 16 37 92 82 27 0 40 44 75 67 88 13 37 45 85 60 41 16 44 23 48 40 11 96 71 66 92 33 84 49 58 32 99 67 50 31 39 81 10 43 38 40 76 76 24 87 67 22 19 40 10 11 92 86 10 15 24 44 93 99 92 97 24 40 45 89 72 36 67 84 14 67 50 96 15 49 57 33 59 88 67 93 34 50 27 47 95 23 43 16 46 51 93 72 77 67 95 90 75 68 28 41 29 37 32 98 23 63 
38 77 16 14 52 98 66 21 0 76 61 62 29 80 11 63 74 39 53 30 98 45 46 82 35 18 72 47 84 58 65 94 45 19 75 76 20 98 40 73 51 13 15 17 51 86 93 59 10 58 87 95 60 75 36 35 65 48 84 51 71 76 54 93 42 88 33 33 14 30 80 98 77 27 76 79 18 10 29 69 15 79 44 22 52 86 16 48 31 68 82 57 19 10 32 96 63 77 17 87 40 76 88 19 61 85 61 54 49 45 
68 23 51 38 33 20 46 53 62 0 40 31 31 98 47 39 26 25 33 31 46 30 47 28 59 95 21 18 45 39 88 10 19 81 21 24 77 65 67 77 67 28 16 39 19 55 84 85 19 24 74 92 70 83 47 20 99 55 32 52 47 47 55 62 84 95 20 21 30 23 56 44 50 28 97 26 77 43 98 40 22 66 78 54 97 90 57 52 36 51 34 69 56 12 21 57 96 48 21 98 89 93 76 14 16 59 12 52 94 33 
75 68 19 16 92 84 14 39 80 86 0 14 56 28 32 91 34 12 51 71 26 29 77 53 63 66 76 67 79 70 12 93 79 19 87 25 54 72 84 63 58 44 25 81 78 40 59 58 50 33 27 29 46 70 77 70 46 36 92 11 41 79 59 99 38 40 86 69 93 90 11 79 79 26 96 93 23 48 90 24 15 60 46 91 34 21 69 43 70 49 51 23 10 51 27 56 25 23 93 92 12 28 64 52 48 65 92 18 83 89 
81 46 28 49 76 59 12 57 83 14 89 0 32 60 43 94 63 40 50 72 61 48 38 69 17 47 39 14 44 15 29 42 27 53 52 20 83 62 56 69 65 31 75 57 66 85 61 94 38 84 83 79 44 86 23 73 96 84 78 37 37 34 11 64 33 30 93 27 46 66 11 87 55 92 99 26 94 23 63 14 69 59 66 79 60 12 19 11 32 25 25 57 11 44 45 16 43 32 66 62 92 66 65 15 58 77 52 22 27 63 
77 60 63 34 37 60 45 80 32 67 86 61 0 33 99 80 98 15 31 21 13 31 13 54 56 32 56 54 18 32 20 26 30 12 13 19 71 30 32 73 70 47 73 48 93 19 43 45 34 71 92 27 25 73 23 31 13 97 71 12 21 65 30 83 40 45 36 84 64 12 26 42 17 18 50 55 73 61 46 22 47 21 40 70 74 37 49 97 31 90 74 64 51 15 87 55 74 69 45 38 24 86 63 33 52 88 77 68 83 72 
42 99 23 44 26 50 70 37 86 37 88 20 91 0 64 14 22 23 14 15 65 60 33 62 20 77 94 25 73 64 88 30 32 86 53 20 25 90 24 86 45 22 50 11 41 69 14 30 21 69 94 80 57 10 21 26 12 15 80 14 30 56 58 49 73 15 70 27 31 66 93 38 47 76 35 86 75 25 97 44 13 11 57 94 62 48 55 35 36 99 83 74 82 10 53 65 72 62 29 15 89 68 44 35 99 56 66 98 94 27 
11 91 92 33 92 96 66 76 68 25 81 32 98 84 0 33 25 97 18 13 61 74 23 43 19 77 77 97 38 48 47 21 72 65 15 72 79 24 22 84 76 20 75 99 99 23 33 58 90 95 76 45 16 22 57 85 59 46 12 18 95 12 50 11 23 68 87 39 18 25 48 74 27 80 72 40 21 62 92 62 57 63 89 76 36 53 60 22 50 25 41 19 95 51 82 87 62 37 32 63 77 55 98 86 78 33 98 46 76 25 
67 28 76 68 39 18 45 28 11 69 89 55 18 65 74 0 25 96 70 24 61 78 92 37 49 94 40 19 11 72 93 78 48 49 42 94 92 16 41 82 92 50 87 79 84 73 24 50 23 89 23 98 33 56 81 29 39 19 56 36 55 75 60 82 68 37 94 36 44 28 69 26 22 90 57 80 56 84 38 36 93 67 58 33 59 48 37 92 69 86 44 17 29 91 49 90 77 94 45 54 33 49 80 11 74 56 11 81 36 18 
33 12 45 96 92 63 74 69 38 44 70 29 58 87 44 34 0 93 47 20 41 95 86 75 71 62 41 96 23 30 86 10 86 78 75 56 55 85 68 15 42 94 19 30 39 15 86 71 61 75 49 15 74 78 40 94 33 22 62 77 67 98 10 99 91 11 83 32 50 34 18 45 32 31 40 19 19 56 98 93 60 54 83 19 27 77 20 36 54 76 26 80 62 16 85 40 12 96 12 13 98 82 26 66 72 99 57 49 78 13 
35 12 35 17 40 19 14 90 29 83 34 77 42 68 53 52 48 0 87 41 49 10 88 97 75 85 68 30 35 70 79 17 29 44 37 37 81 25 50 50 28 23 94 39 98 46 47 94 25 33 65 94 98 11 44 10 23 87 57 49 86 76 93 71 78 72 70 96 92 97 97 22 26 63 69 90 31 10 67 31 56 35 90 93 92 95 35 84 91 81 16 19 78 91 74 96 59 52 43 10 16 22 33 37 38 94 77 42 97 57 
97 13 75 90 73 84 67 51 11 68 23 98 32 74 35 48 53 38 0 68 38 73 66 25 34 99 63 88 59 51 27 14 78 43 40 83 28 71 37 46 27 35 32 63 84 82 69 22 17 45 21 72 11 90 84 75 14 78 55 29 28 81 10 48 42 70 16 62 97 77 31 10 80 20 79 75 29 16 42 95 44 51 55 68 82 27 19 20 73 31 12 32 18 32 51 26 86 25 84 36 30 45 82 37 67 68 20 62 75 67 
63 69 45 14 15 62 30 78 81 85 30 71 11 68 41 37 41 60 47 0 67 39 50 94 48 32 62 97 22 69 25 37 26 86 19 15 37 17 66 54 43 69 92 78 41 63 46 37 16 42 37 51 16 82 46 68 28 85 22 76 72 91 23 42 32 77 15 98 11 80 64 59 47 62 22 99 66 67 13 97 88 96 27 11 36 65 52 17 20 70 10 40 10 70 57 62 84 63 27 82 10 90 47 76 18 79 19 76 75 49 
88 60 85 71 34 92 68 76 25 51 79 53 74 23 50 66 55 42 21 26 0 54 92 54 41 11 63 91 35 29 25 28 59 29 18 99 17 57 88 53 11 59 88 81 55 71 75 44 59 71 47 43 48 10 91 85 17 11 68 35 11 88 93 39 60 94 17 63 24 88 85 87 25 48 71 26 90 26 66 51 29 92 99 42 94 50 91 34 84 53 17 75 60 42 54 53 63 16 67 22 21 24 80 41 88 10 87 52 53 17 
30 33 98 97 58 56 84 12 62 64 24 50 68 60 28 11 96 67 43 97 12 0 60 82 60 28 55 47 32 82 93 86 57 41 92 86 38 64 12 27 84 42 10 95 80 88 13 57 37 83 94 91 52 65 15 28 60 65 54 11 38 59 87 46 27 55 34 89 50 61 67 52 25 52 15 24 53 20 69 66 16 31 64 79 79 32 27 40 33 35 96 35 18 72 57 48 44 20 79 21 10 82 67 73 72 91 57 39 13 16 
71 56 89 53 46 37 26 26 28 71 86 76 32 16 69 32 59 88 88 74 56 35 0 90 76 82 86 35 46 13 82 58 49 81 39 87 46 17 18 56 36 40 92 68 26 56 17 64 72 53 33 76 12 56 43 39 76 77 71 76 13 96 15 20 72 85 27 71 21 35 19 33 79 59 91 26 21 24 20 46 68 54 91 41 98 52 79 82 92 15 91 79 23 23 55 38 69 22 44 45 70 83 11 17 38 58 63 47 72 22 
45 37 32 37 13 31 57 58 51 13 28 52 83 71 21 16 73 16 12 12 21 55 16 0 62 75 15 68 29 54 55 36 14 64 63 40 27 21 18 53 73 53 78 15 15 47 89 30 22 34 19 32 86 92 64 31 31 94 59 24 26 60 14 98 96 14 56 18 69 22 75 31 83 69 91 90 85 12 63 82 95 45 47 56 31 85 38 88 43 15 54 91 71 89 36 69 25 31 63 27 42 52 41 38 44 64 35 84 18 28 
62 54 23 30 78 47 94 50 52 51 29 28 23 74 65 90 62 80 27 29 43 30 73 54 0 66 71 46 96 17 31 32 68 39 69 60 20 83 55 84 91 66 79 71 91 57 61 79 93 55 22 49 48 33 72 75 40 69 90 60 32 43 57 42 30 51 52 94 14 62 90 50 26 46 12 69 51 44 15 13 93 34 98 95 84 12 66 29 13 51 66 23 92 35 77 38 65 45 18 23 67 81 95 35 44 40 10 73 68 61 
20 20 44 66 32 95 65 87 37 37 40 76 59 88 88 59 38 34 46 45 92 68 74 64 32 0 35 20 46 28 87 57 78 81 99 58 37 43 42 63 40 90 35 29 91 61 30 28 53 42 62 17 71 55 12 54 85 89 36 31 96 11 26 20 15 87 28 67 51 46 78 39 41 64 63 15 74 82 48 72 61 97 56 84 69 81 84 67 69 59 14 98 13 42 44 46 75 43 53 52 48 80 65 92 76 79 15 65 27 94 
43 54 80 56 72 77 67 40 60 93 13 55 94 46 85 40 54 12 80 37 62 16 36 87 56 91 0 17 18 83 63 41 22 36 71 82 15 75 48 95 59 81 55 63 13 62 61 70 41 95 74 57 58 22 90 65 94 65 63 68 40 40 78 95 30 91 69 87 77 22 27 76 50 76 98 24 77 91 46 93 19 54 90 64 96 41 40 73 71 60 45 55 32 40 60 47 36 10 85 45 98 90 39 90 93 34 33 50 97 56 
27 51 31 97 48 12 90 29 62 75 45 74 55 14 51 29 77 47 19 37 69 11 33 75 25 97 66 0 47 25 58 97 34 10 46 69 60 43 73 72 58 77 84 52 66 62 78 34 52 64 74 24 93 11 22 48 58 35 42 60 87 91 77 36 50 70 87 16 70 72 12 31 70 82 12 59 11 93 35 65 30 94 37 47 17 30 33 31 30 52 10 46 12 39 90 76 37 44 16 33 86 25 66 82 17 82 73 25 87 60 
80 35 22 68 90 54 27 96 10 38 26 77 53 83 21 51 44 13 25 61 36 58 93 53 67 97 29 94 0 50 43 66 47 44 90 82 65 22 90 57 68 15 95 90 62 18 54 54 32 52 10 25 70 19 40 71 56 55 23 92 69 69 39 62 86 95 61 15 81 72 44 59 28 23 65 59 65 95 88 79 68 35 16 95 28 58 92 47 49 45 67 57 22 89 14 80 87 27 98 30 94 19 84 11 32 95 70 41 58 45 
47 65 27 62 30 38 74 37 45 40 96 92 36 75 32 17 34 19 37 65 31 38 72 10 25 37 83 19 64 0 33 61 14 15 29 49 82 81 55 77 72 55 41 95 25 83 43 24 44 34 71 94 32 26 96 42 89 56 65 94 78 83 78 74 89 85 16 48 12 12 40 22 22 24 14 31 32 25 55 89 39 87 16 89 17 87 58 11 10 11 62 29 94 85 23 21 94 55 82 67 56 74 60 40 82 74 74 16 63 60 
22 78 17 87 26 43 35 19 91 98 52 89 71 23 29 20 44 56 39 38 78 59 26 89 88 89 68 46 80 74 0 18 96 35 87 75 10 72 73 90 97 25 53 44 81 61 23 22 93 73 77 71 80 41 20 97 93 34 53 12 86 64 59 38 11 62 86 88 65 96 81 73 93 85 71 10 29 22 57 89 95 61 70 52 43 87 56 13 68 58 72 13 36 80 69 88 10 34 52 92 12 76 51 79 99 80 14 46 76 80 
97 60 39 36 38 26 29 77 19 79 88 61 99 41 25 21 21 59 11 85 89 45 77 65 53 66 28 89 33 86 12 0 72 82 98 56 95 22 26 36 19 79 51 85 93 10 53 52 86 50 20 16 24 51 56 20 69 16 34 48 99 90 81 57 49 55 59 98 57 27 57 67 96 98 86 82 12 20 19 78 98 49 18 53 76 56 99 68 35 94 84 11 22 57 14 59 84 68 59 32 44 21 50 40 86 78 61 35 63 18 
34 85 86 79 71 12 15 78 68 79 89 18 36 62 15 60 18 84 35 11 17 21 57 55 21 39 30 86 55 49 16 91 0 65 95 72 68 11 40 52 74 34 72 33 58 25 79 25 13 49 33 12 91 67 38 35 56 60 55 65 71 34 78 21 65 80 41 55 38 18 31 73 46 25 94 37 34 99 52 23 76 52 72 96 76 68 35 73 67 27 84 43 47 35 26 54 58 55 37 73 29 12 93 30 39 23 70 65 27 83 
15 79 87 36 33 34 13 27 53 92 90 10 82 90 95 53 99 62 49 30 65 42 62 86 72 40 37 23 26 84 58 35 64 0 23 34 45 55 29 23 65 22 75 25 59 29 86 25 35 13 99 64 97 50 63 82 75 37 39 74 99 17 98 87 36 48 33 83 32 58 36 53 18 89 36 87 25 77 43 26 97 32 98 57 72 10 39 35 30 76 57 68 86 91 47 54 94 45 41 88 54 68 40 46 53 74 73 69 72 49 
71 74 73 66 28 93 17 35 22 52 14 90 76 66 95 45 25 39 62 51 22 52 11 63 84 35 79 72 44 94 88 81 27 21 0 94 48 44 14 76 86 32 79 77 56 73 35 37 35 92 11 11 87 63 17 92 92 55 13 93 59 94 12 53 83 68 10 31 61 49 83 60 83 89 33 36 76 75 79 50 57 96 76 38 48 64 42 34 26 61 36 75 19 51 37 21 31 95 28 91 35 27 28 80 26 56 57 99 54 42 
35 95 38 78 96 73 63 40 51 58 38 21 85 41 63 61 22 45 75 41 69 56 15 57 24 75 37 87 15 46 94 27 65 99 87 0 34 74 16 44 73 64 75 55 42 37 25 29 99 83 28 84 53 99 71 82 57 75 15 39 93 83 47 59 72 80 29 30 33 11 77 18 20 80 60 59 58 80 97 81 79 23 11 68 32 44 21 54 75 36 73 49 93 14 58 28 40 31 89 59 95 12 22 68 89 27 32 34 19 47 
82 87 18 21 53 70 81 96 71 16 84 45 83 16 89 82 54 56 42 21 38 21 64 99 50 12 11 52 49 20 53 24 64 16 66 51 0 81 60 78 27 97 45 52 61 28 69 62 88 99 53 52 90 50 10 81 29 37 63 96 79 60 68 73 90 24 46 87 83 69 46 31 74 95 94 66 63 55 73 23 83 41 37 44 65 48 88 43 45 72 49 15 15 50 39 27 28 21 23 93 69 53 43 51 98 29 97 76 72 49 
99 58 88 59 45 75 74 18 31 50 56 96 21 39 61 98 53 53 91 68 53 24 32 68 97 47 43 27 17 27 34 95 18 57 16 42 15 0 72 91 69 81 11 91 41 49 57 50 74 55 31 13 82 67 88 77 32 43 77 68 16 65 85 18 15 29 94 65 55 88 83 61 93 33 26 80 18 54 17 14 72 32 40 16 18 59 13 13 89 11 96 12 91 15 94 21 77 54 64 40 76 60 12 98 19 18 34 19 93 81 
60 70 38 38 21 27 38 10 22 13 97 50 45 85 92 16 54 67 16 58 11 63 20 23 50 14 81 22 52 31 85 31 27 16 63 19 63 46 0 92 85 20 32 57 23 25 45 66 15 69 59 18 64 95 53 31 83 46 97 79 61 19 87 82 79 39 20 13 72 50 53 91 45 83 19 99 38 48 87 42 68 59 61 13 15 20 29 33 95 11 10 46 40 17 54 32 19 52 87 99 88 76 50 38 87 14 60 69 81 93 
14 69 33 80 19 44 67 77 35 99 69 95 72 77 54 44 68 15 77 57 88 63 73 41 43 78 98 32 68 35 70 25 69 22 52 38 53 60 95 0 38 56 26 19 80 97 26 57 95 72 19 88 25 90 93 96 51 60 73 38 26 20 94 29 51 34 26 75 19 73 84 58 59 51 71 84 27 54 39 79 10 15 59 24 55 30 73 66 16 93 26 52 76 40 15 17 24 52 38 96 93 83 98 17 50 62 61 82 24 79 
40 61 82 17 28 92 99 45 25 48 30 30 23 40 21 73 91 20 24 33 50 52 50 12 89 71 79 76 56 38 23 82 73 93 59 43 63 67 35 99 0 94 60 48 65 50 35 11 51 70 47 71 49 22 22 99 83 59 85 61 38 56 91 12 27 32 55 63 58 58 20 59 40 87 81 18 35 33 11 10 23 60 83 53 69 70 74 57 82 90 91 29 62 41 15 64 29 34 55 74 74 42 27 27 71 49 41 75 61 82 
93 58 80 16 39 53 72 97 73 72 21 78 95 17 99 45 78 77 38 71 37 63 45 92 96 20 13 44 85 63 94 56 42 79 71 44 40 13 98 47 76 0 93 65 11 34 31 79 88 13 30 99 13 86 22 88 15 64 29 96 59 74 38 81 81 80 90 56 91 60 24 31 55 18 18 36 57 16 79 46 25 81 98 53 99 50 84 88 64 65 60 10 24 80 82 16 23 19 39 20 60 71 66 28 69 12 36 52 67 59 
94 22 66 54 98 91 51 76 98 48 50 97 69 89 37 95 29 28 74 19 14 47 13 51 40 40 80 47 78 28 63 20 50 42 20 77 55 76 80 61 56 29 0 82 21 43 48 12 23 29 48 42 88 58 92 95 93 62 80 15 99 61 85 45 91 87 53 16 35 78 57 74 97 30 48 36 58 17 18 19 48 94 94 19 44 62 83 24 69 73 53 45 79 50 51 90 87 75 44 42 92 22 87 91 84 37 54 23 80 89 
20 67 71 22 90 23 47 84 90 90 96 52 72 71 67 69 19 10 34 51 73 30 13 79 66 37 31 46 80 13 30 21 24 13 29 60 58 89 37 85 72 89 17 0 52 61 71 94 37 86 54 69 92 90 53 54 91 10 17 11 91 70 38 87 40 36 78 34 92 79 97 57 86 20 82 82 26 87 53 29 75 13 49 50 41 18 77 92 47 46 40 34 81 35 91 48 31 13 17 88 14 60 63 52 50 60 24 63 69 82 
45 25 18 48 29 14 88 40 37 28 18 68 84 33 74 31 82 42 56 18 43 63 82 27 57 28 63 98 73 83 25 36 94 85 81 88 73 92 11 50 94 61 40 64 0 19 59 81 50 31 37 97 13 15 38 48 10 12 69 13 50 19 39 80 50 32 19 58 46 96 63 98 42 23 69 36 15 37 84 59 21 61 23 14 27 68 65 59 37 58 86 61 97 35 11 62 19 67 41 14 43 95 49 19 21 50 92 83 74 68 
83 93 21 73 98 47 14 62 50 33 67 27 65 64 71 86 83 23 82 32 45 23 58 80 97 93 50 23 63 53 91 25 83 59 77 56 17 66 27 12 67 24 87 71 66 0 82 39 88 37 25 61 32 33 22 49 69 94 38 66 39 74 52 26 56 74 17 24 41 17 89 96 24 21 14 89 59 57 67 96 84 24 12 67 73 85 82 85 22 91 20 22 76 76 25 24 56 58 66 26 57 81 40 91 57 66 17 29 24 45 
92 95 58 85 70 20 13 85 31 59 91 53 41 49 76 90 56 23 31 58 93 56 28 62 59 92 64 79 85 51 33 87 27 53 76 60 92 84 53 10 16 84 68 77 55 79 0 99 29 18 90 89 57 20 93 42 52 72 38 12 91 33 91 87 73 67 10 66 29 92 28 19 97 27 26 45 99 92 86 33 56 46 18 40 59 22 27 26 57 18 21 87 39 56 49 23 46 29 44 56 24 30 82 71 69 90 79 15 51 82 
32 51 31 68 87 41 64 34 14 95 52 54 23 72 89 62 96 88 49 43 55 24 62 91 50 34 78 69 90 94 59 91 83 89 44 67 18 52 88 52 77 26 77 14 29 48 40 0 64 49 64 86 88 61 15 43 72 62 78 60 93 35 69 50 18 94 40 46 12 81 61 77 13 53 83 45 20 24 31 52 34 79 80 78 47 20 10 54 46 15 21 29 13 60 93 49 81 14 52 35 24 47 46 62 57 12 54 31 72 71 
14 26 83 92 95 31 98 39 38 38 73 44 18 68 97 79 77 34 93 52 83 73 53 27 64 82 23 74 24 23 86 93 80 80 88 57 40 64 64 73 85 38 48 57 71 34 56 22 0 34 30 97 75 64 67 67 98 93 17 51 98 81 42 22 24 37 42 94 30 90 79 26 45 17 29 34 75 76 56 39 62 54 18 80 72 48 39 49 82 48 17 50 35 66 99 71 91 81 43 62 46 70 34 97 73 86 48 39 76 95 
91 22 59 77 68 96 62 97 43 22 40 11 21 20 89 89 48 34 99 57 27 91 40 76 27 46 14 40 21 86 87 41 92 36 20 91 71 65 21 34 15 15 15 43 22 79 41 56 23 0 71 16 53 12 57 31 57 33 66 93 82 14 31 63 61 48 74 20 47 63 89 45 29 76 42 35 57 44 67 25 42 92 97 65 50 72 53 64 11 59 39 15 50 83 20 79 63 29 10 54 78 17 54 27 67 25 13 30 97 78 
14 41 37 50 65 45 29 17 42 69 78 37 60 40 25 97 49 33 87 32 55 32 85 15 68 60 94 91 53 68 34 28 29 97 84 60 48 45 27 11 46 99 73 56 29 75 55 24 42 25 0 61 53 27 23 66 91 91 70 26 59 20 78 17 88 12 74 79 81 26 48 30 33 79 61 45 88 45 48 71 58 76 23 51 10 44 83 45 85 95 44 77 62 80 91 43 62 43 52 52 36 23 86 67 55 29 75 71 80 41 
44 60 16 96 96 71 27 26 14 68 87 49 32 29 47 76 85 66 17 35 54 16 64 61 55 53 23 84 11 61 69 65 94 26 24 87 83 12 27 18 46 11 74 85 27 10 17 15 60 63 71 0 36 45 84 71 23 68 58 94 50 24 52 42 46 72 48 94 83 26 28 16 22 87 56 40 35 76 21 59 91 12 80 27 37 85 32 83 92 71 46 74 73 76 50 20 59 89 61 48 50 53 95 25 34 67 43 54 69 30 
59 73 65 20 56 36 46 59 57 85 96 63 45 10 56 88 92 65 17 48 75 40 52 11 55 88 87 68 27 60 72 46 56 32 11 54 74 37 18 30 32 68 40 41 11 52 45 20 86 30 41 69 0 38 10 22 96 60 13 43 51 58 39 68 82 94 22 70 68 66 65 32 62 46 32 30 88 74 16 12 88 77 51 21 86 25 19 98 75 12 15 91 20 73 68 41 99 37 36 97 33 91 61 83 67 37 58 54 20 56 
88 65 93 92 29 99 91 87 14 32 93 93 51 61 32 17 66 78 24 91 12 60 88 76 76 94 52 60 10 45 60 56 55 31 69 55 68 27 35 70 63 11 26 33 49 44 40 15 82 39 85 60 53 0 13 53 27 81 12 55 42 57 79 45 52 53 46 43 15 97 69 94 18 16 37 60 16 69 59 10 69 90 44 46 40 12 30 43 94 56 52 46 90 98 45 24 49 13 68 27 75 65 24 40 78 12 71 10 66 96 
89 90 50 46 15 22 19 69 42 69 81 90 31 12 46 72 56 19 60 58 89 75 69 41 89 15 45 16 77 48 39 84 75 78 54 78 43 31 62 88 49 89 97 71 32 94 11 84 99 58 35 59 89 54 0 89 81 88 33 83 64 85 19 65 82 71 47 38 67 45 10 11 12 26 95 42 91 27 77 15 28 31 59 52 97 47 79 78 35 30 77 22 64 49 41 33 74 32 83 84 23 76 34 85 21 51 12 24 68 18 
56 84 26 29 15 77 71 16 10 33 53 29 72 97 33 40 74 98 51 34 36 30 13 91 44 94 88 66 42 36 82 89 48 17 31 57 45 12 26 47 59 88 37 54 61 72 22 82 55 64 64 86 23 52 79 0 69 43 96 19 25 33 58 29 42 71 24 40 90 41 50 44 93 57 20 73 19 55 51 93 81 62 25 68 97 98 81 25 16 96 29 23 34 25 29 94 42 69 57 38 41 27 52 72 61 60 22 68 32 45 
80 92 17 21 30 69 94 58 52 77 25 77 85 30 15 33 53 58 35 99 57 78 41 30 34 30 18 10 68 71 26 32 19 56 18 68 61 93 66 29 91 20 55 77 58 94 87 42 63 50 30 82 33 24 45 63 0 34 86 31 13 26 94 84 76 92 91 20 48 58 31 42 31 40 77 32 19 68 21 31 26 20 23 16 15 71 11 24 23 65 24 35 13 57 48 47 93 72 79 69 67 82 56 18 82 25 93 23 22 14 
78 29 95 61 76 27 80 98 91 60 93 87 79 66 97 11 11 82 87 51 36 32 33 48 63 58 36 66 32 63 10 58 15 61 33 60 77 39 85 24 28 47 91 91 20 95 19 16 50 21 57 35 47 13 89 80 59 0 55 25 43 52 69 55 84 44 15 20 21 13 95 64 34 92 17 96 71 90 24 46 87 37 59 35 89 84 51 60 27 97 15 60 17 37 46 81 36 76 56 27 48 25 25 38 59 71 15 28 24 66 
84 34 14 39 78 16 92 65 13 13 91 93 82 93 76 49 84 33 41 77 50 22 21 61 18 33 52 67 48 72 91 72 63 57 74 58 30 70 23 53 32 57 79 89 87 64 19 20 14 33 41 32 94 27 48 87 61 11 0 26 54 87 21 88 41 90 35 13 85 74 66 73 93 94 37 83 67 76 78 93 79 54 46 93 58 68 51 69 41 30 97 40 42 43 99 18 34 40 94 41 64 22 47 14 97 41 72 20 36 74 
92 90 33 59 10 46 10 79 66 10 70 41 13 56 63 54 89 87 32 32 94 79 68 94 13 27 76 64 76 95 84 66 63 87 99 17 45 41 58 13 14 45 67 63 42 92 77 85 32 71 30 15 72 46 91 13 71 84 96 0 75 33 49 84 73 66 80 33 73 68 13 73 13 91 79 30 14 46 74 44 52 10 49 59 13 30 55 26 13 24 63 12 75 67 11 76 63 25 41 24 13 47 53 41 92 28 87 27 29 54 
22 22 97 49 86 68 20 28 70 57 68 30 27 80 65 51 61 19 90 64 96 59 78 72 77 57 27 39 30 76 58 21 94 38 84 11 70 51 88 42 96 31 35 98 63 28 84 90 78 28 82 40 85 85 32 35 22 28 94 11 0 70 92 46 83 26 71 54 86 35 24 64 50 62 49 57 80 70 49 45 47 85 86 90 62 98 11 14 84 10 34 73 62 96 70 80 59 67 18 26 87 96 77 28 82 26 40 38 82 44 
81 31 35 73 17 28 78 54 46 18 16 15 33 22 43 11 71 76 59 73 49 51 97 19 48 81 34 96 41 86 49 54 79 14 76 12 57 80 45 75 36 21 66 23 24 70 39 45 57 59 12 56 17 25 80 40 51 35 47 56 20 0 57 30 88 76 48 40 64 97 68 10 91 16 81 19 47 60 62 87 42 27 20 66 72 85 33 14 68 48 55 29 94 62 88 76 42 25 30 77 37 73 48 78 11 64 44 79 40 32 
87 74 72 35 67 75 39 36 18 46 55 79 82 57 41 86 64 25 70 97 99 74 27 67 34 74 78 55 93 88 68 37 33 17 35 21 76 27 75 64 60 60 40 55 51 67 78 66 64 48 96 61 63 37 13 17 99 54 54 32 85 19 0 15 75 95 75 42 97 98 73 54 75 50 23 59 57 52 77 49 25 47 88 85 34 51 91 46 17 66 31 55 62 34 66 80 92 89 45 18 25 72 37 84 42 80 74 17 97 70 
95 15 57 40 85 70 74 10 81 56 49 80 27 54 37 65 20 92 21 45 11 47 42 57 75 28 63 14 44 58 96 69 71 50 99 35 76 48 73 62 19 19 67 13 36 21 61 95 48 15 78 91 72 98 84 63 18 36 10 63 65 29 93 0 51 47 17 70 48 89 79 17 32 48 38 82 36 82 94 88 78 37 55 88 39 72 17 47 97 11 40 33 23 32 55 61 30 72 91 21 36 89 91 84 56 54 13 81 80 12 
34 83 80 74 49 54 48 58 29 59 74 30 65 48 10 90 58 79 26 33 49 97 13 43 87 56 91 37 59 58 75 89 92 88 79 76 56 50 94 46 62 13 57 17 61 22 91 25 76 91 94 29 36 94 95 77 81 83 13 67 81 87 98 50 0 36 57 48 84 40 70 21 62 89 82 24 88 27 29 36 73 38 31 37 70 68 45 82 25 86 92 96 99 68 17 85 65 18 19 16 20 83 12 65 90 55 81 27 63 46 
48 45 57 13 45 86 29 79 95 19 15 47 70 38 68 68 23 77 13 73 17 76 60 89 71 67 29 72 55 64 49 73 74 75 10 72 11 15 78 27 86 13 31 94 56 63 80 91 96 71 46 81 44 76 17 27 31 45 19 77 67 92 23 68 90 0 85 55 82 33 84 19 95 77 86 31 84 89 35 16 39 98 12 11 86 11 78 36 45 97 86 26 99 49 49 70 46 54 92 60 49 56 10 30 78 21 81 70 47 50 
98 59 83 75 80 15 78 21 29 67 33 40 71 19 58 15 97 52 79 19 65 67 51 98 29 12 62 91 53 99 20 46 26 83 46 13 27 63 81 64 63 69 99 50 34 83 87 72 78 96 65 74 19 91 63 96 54 49 42 53 15 28 77 54 67 14 0 10 20 19 22 30 64 80 97 12 58 18 63 85 44 91 52 15 11 31 79 49 62 28 63 68 30 53 60 54 83 12 73 60 77 48 93 94 29 31 68 78 98 46 
81 38 58 50 27 35 29 72 49 88 65 47 74 18 48 71 91 88 62 41 74 14 38 70 80 50 20 43 31 15 15 94 65 44 41 82 95 71 51 25 55 85 90 58 78 44 81 17 12 10 88 15 40 96 37 40 75 62 43 99 55 24 73 64 62 58 69 0 92 46 66 72 31 38 75 33 95 40 36 31 89 38 55 46 66 56 85 45 12 82 26 37 92 60 45 65 32 45 25 71 75 24 42 36 76 98 12 71 13 92 
99 32 24 55 55 37 76 64 52 58 42 94 26 13 81 31 19 96 21 65 98 56 74 97 96 61 65 53 49 33 21 42 13 83 23 53 42 28 74 20 77 59 44 98 79 73 28 78 75 75 89 67 43 69 71 52 52 52 61 96 65 17 45 18 28 53 65 40 0 51 41 83 29 93 23 44 99 97 98 35 28 92 18 23 72 17 65 28 42 77 11 15 17 77 33 64 59 15 30 63 56 74 51 70 77 59 29 40 88 98 
72 42 81 17 68 16 24 91 57 78 58 49 76 58 67 11 64 98 75 34 94 67 33 68 89 84 23 47 16 51 62 23 44 91 68 84 48 30 26 69 81 79 69 76 34 91 27 65 48 56 65 72 54 20 85 97 99 73 29 47 92 75 70 92 11 52 89 12 38 0 99 53 71 32 79 87 72 36 47 93 20 56 76 73 38 55 21 40 39 22 11 72 34 81 49 42 88 44 61 63 10 53 33 37 92 63 22 78 16 92 
25 30 57 87 12 32 59 94 65 87 89 68 28 84 83 31 93 61 86 25 90 61 39 19 40 84 75 29 37 83 67 90 86 73 72 75 55 74 76 36 92 28 83 32 74 43 22 65 97 56 94 14 42 61 33 74 45 96 99 53 24 72 85 12 77 20 65 64 37 96 0 28 99 21 73 70 16 53 71 25 10 37 59 72 95 27 47 74 59 71 76 98 21 74 18 97 71 39 13 10 10 97 31 93 20 77 52 82 28 41 
56 55 38 62 39 36 71 10 66 45 10 14 33 54 51 34 28 54 39 90 49 78 53 66 39 45 33 68 53 37 88 79 95 60 51 85 78 79 44 57 63 62 81 93 86 54 82 26 38 32 41 56 30 34 64 17 82 61 83 61 10 61 89 63 82 86 87 54 98 16 90 0 55 52 82 67 96 31 52 17 20 70 32 23 40 13 42 48 16 82 29 56 52 59 20 39 90 29 55 19 89 80 20 80 17 66 88 32 12 65 
11 93 60 24 68 78 49 77 82 86 96 20 81 48 85 95 50 10 58 90 40 98 68 44 41 93 31 45 49 52 56 38 23 26 12 22 79 11 55 56 91 15 97 37 80 77 96 38 16 97 34 36 52 71 15 42 17 38 55 13 61 95 20 93 26 57 91 74 11 95 49 49 0 27 37 49 60 83 38 83 64 90 59 32 50 94 22 71 21 36 40 71 51 21 99 58 79 86 28 60 12 77 57 64 40 22 56 25 33 41 
17 83 95 90 66 10 83 65 95 75 15 71 62 17 56 58 40 12 82 27 14 93 11 13 21 14 81 99 77 22 64 35 66 19 75 20 47 94 40 69 58 97 36 23 43 48 82 79 75 72 11 79 93 51 70 94 29 26 69 83 94 36 35 38 60 82 34 92 21 93 90 54 81 0 78 98 67 95 31 25 52 66 37 37 20 90 29 52 14 76 22 37 50 84 10 61 84 29 62 39 49 95 60 80 80 31 29 44 40 55 
79 86 61 67 69 94 58 18 67 55 33 86 42 43 80 84 23 47 34 20 49 56 18 73 28 19 48 74 58 61 93 49 20 52 13 44 11 67 87 25 57 70 77 70 11 23 96 97 25 84 58 12 92 92 20 65 86 72 31 79 26 35 65 69 63 27 93 79 15 33 84 39 92 23 0 61 48 33 76 16 13 10 23 40 76 74 73 43 13 53 56 51 63 28 57 48 45 78 80 87 31 33 27 61 47 11 31 81 73 19 
50 94 15 34 79 24 40 51 48 56 17 78 46 52 76 77 61 79 35 59 98 51 47 80 25 66 98 70 60 32 20 54 27 78 57 49 83 83 33 82 60 77 69 79 92 29 58 92 78 85 25 83 98 80 30 75 49 45 27 71 90 26 27 96 31 96 48 60 22 95 49 49 26 73 41 0 97 87 35 13 99 97 32 17 21 32 95 93 61 30 94 97 76 13 83 29 88 11 12 71 56 52 88 32 47 82 28 93 24 33 
29 53 86 91 43 90 91 75 89 93 81 79 97 45 45 55 17 53 83 63 17 96 47 37 11 28 19 17 44 70 37 13 32 55 25 74 92 99 43 40 47 75 80 87 39 60 70 82 24 71 35 16 45 94 91 43 56 75 37 59 80 66 77 55 42 75 26 70 92 45 49 19 56 93 65 51 0 27 42 70 99 88 40 13 35 82 30 57 20 41 46 49 93 46 69 44 94 74 57 56 37 32 67 29 65 92 58 78 36 60 
94 24 79 35 21 76 59 69 79 23 68 23 85 99 21 69 46 92 86 60 78 82 12 50 68 26 49 44 41 75 88 88 55 77 44 10 13 20 27 28 40 10 14 38 59 43 31 72 40 51 30 81 75 69 80 91 34 20 87 64 19 18 63 47 53 81 41 72 21 11 50 76 76 58 60 31 89 0 33 89 22 83 14 75 48 31 12 42 60 71 24 71 81 40 37 19 30 98 17 27 52 28 70 59 40 83 18 76 37 12 
87 68 89 62 75 85 45 71 17 24 39 48 53 60 89 43 22 68 58 42 48 49 54 50 31 91 13 84 10 16 22 55 79 57 74 62 53 78 38 79 64 71 97 67 25 27 83 62 95 71 89 48 53 44 27 53 49 52 46 24 95 67 28 20 74 53 66 39 54 33 45 96 24 31 51 33 72 69 0 67 93 80 91 76 95 12 41 12 94 72 59 49 61 43 31 70 29 22 50 12 89 90 42 51 89 72 32 81 46 23 
71 14 95 59 40 92 67 15 27 92 72 23 62 95 80 38 56 81 66 63 22 15 93 45 26 59 49 84 46 53 69 87 93 22 42 17 71 69 53 82 29 68 74 48 90 24 15 29 21 31 85 70 48 34 29 94 83 57 95 15 59 36 52 66 17 60 99 35 35 42 40 95 49 44 50 49 48 38 68 0 71 92 45 92 48 69 64 77 89 99 70 79 82 35 73 52 37 89 71 60 35 20 19 50 36 69 37 42 46 63 
44 35 21 28 37 83 83 62 51 84 38 17 81 58 49 62 92 58 14 15 64 85 41 15 93 10 81 37 53 47 95 72 49 26 73 44 64 32 76 68 94 59 51 54 29 99 69 62 95 55 85 43 68 22 93 55 12 68 87 75 47 19 89 18 89 57 40 25 22 19 83 63 38 39 80 51 26 24 41 88 0 40 19 22 12 66 27 92 40 35 40 24 35 54 13 82 43 27 32 61 23 49 80 60 58 71 46 48 48 46 
39 75 19 76 80 46 23 96 11 44 34 78 82 80 24 88 48 44 57 79 55 35 20 54 12 45 93 53 31 79 22 86 92 95 56 51 68 47 90 50 81 57 42 59 39 25 98 93 92 40 76 87 78 51 20 62 38 55 61 89 91 79 37 85 59 86 13 79 66 23 78 71 29 71 27 27 65 49 69 59 65 0 73 57 84 58 64 20 84 82 59 83 72 73 79 92 89 48 56 65 87 81 38 36 76 49 27 15 98 77 
96 50 49 88 58 12 61 30 86 18 37 71 68 48 40 32 78 91 21 50 23 43 51 70 93 58 50 45 35 72 75 43 16 43 18 10 20 29 10 68 94 62 95 39 69 70 83 20 13 96 46 52 31 50 38 92 74 28 61 69 15 17 58 20 60 78 31 93 15 51 85 13 18 91 39 95 86 12 75 71 76 53 0 94 48 78 64 76 93 44 95 86 24 78 45 49 71 53 62 28 89 26 33 94 44 19 69 36 21 21 
25 46 84 46 42 40 56 59 79 46 43 55 17 31 59 19 11 59 64 72 10 19 57 91 28 81 59 24 61 58 87 96 13 12 61 33 22 45 43 75 80 95 88 98 24 60 77 85 77 62 24 55 83 68 83 45 13 86 59 55 60 62 46 87 36 26 32 97 79 10 55 58 50 90 40 30 29 76 39 54 63 52 32 0 27 10 74 92 91 43 20 29 53 37 71 33 32 82 95 25 70 88 17 34 35 81 47 85 70 20 
32 75 64 51 31 24 81 25 42 41 57 83 92 92 21 59 15 99 48 20 51 16 46 28 77 83 77 38 69 95 49 16 92 73 65 44 85 36 63 46 11 66 39 15 38 47 54 58 86 58 24 72 76 76 52 94 33 49 78 75 51 64 54 22 89 35 23 63 50 37 90 87 10 30 29 80 19 77 68 13 30 37 25 87 0 18 35 30 71 64 46 41 24 54 49 45 60 63 75 96 10 93 62 26 35 99 58 82 94 49 
19 28 30 55 23 94 29 69 15 27 96 48 67 84 35 44 51 79 60 27 75 69 19 17 42 12 36 76 12 90 51 63 85 65 60 62 91 50 20 95 59 74 65 47 55 78 95 94 84 93 30 89 82 29 26 57 93 60 97 17 30 71 60 83 75 10 96 57 80 46 97 18 49 53 68 77 35 11 74 85 34 52 81 22 65 0 83 90 15 55 69 80 61 41 87 41 46 67 51 85 52 19 24 55 80 14 87 55 37 62 
45 84 50 46 78 23 36 51 99 80 92 43 57 55 38 43 50 52 16 81 85 98 47 48 20 42 97 81 53 24 34 65 39 93 92 18 95 48 40 63 42 75 15 93 94 20 41 72 31 98 51 95 54 19 84 24 69 62 16 30 14 90 90 29 52 99 88 73 42 84 35 18 49 23 23 67 46 36 38 53 72 52 53 54 99 27 0 60 66 98 58 87 59 28 97 16 25 70 52 66 82 94 52 51 32 96 66 71 26 35 
54 69 22 92 17 37 43 35 85 83 25 75 78 70 82 32 18 99 43 40 70 10 43 91 36 49 32 92 95 12 90 22 29 55 60 58 40 71 72 12 13 86 28 83 91 81 92 19 55 87 42 73 46 72 70 22 50 68 62 32 87 41 77 96 44 46 68 21 32 84 97 16 38 78 43 47 13 47 41 89 15 71 42 24 56 26 18 0 74 65 85 51 57 26 99 25 35 15 89 85 20 60 81 55 54 17 73 10 74 14 
89 97 46 67 32 12 50 23 49 16 65 11 21 15 88 30 79 86 50 97 26 51 96 82 20 42 20 27 34 60 66 14 93 49 54 23 45 26 59 29 76 33 75 79 72 22 48 75 25 33 13 68 72 12 35 17 40 16 35 22 21 73 19 50 24 69 56 86 41 37 24 57 21 61 92 90 82 24 43 59 80 59 43 75 22 36 71 43 0 33 48 99 73 62 12 90 56 59 70 90 92 88 42 94 92 64 85 77 59 38 
32 18 95 94 76 75 69 88 60 16 32 11 69 95 18 88 43 29 72 83 98 89 30 64 63 30 76 70 45 54 98 16 60 69 82 77 96 72 37 17 64 80 24 26 96 12 31 18 79 12 43 63 48 92 98 80 76 73 73 83 20 29 57 89 36 24 17 16 18 77 22 55 96 74 97 43 48 29 95 64 77 92 19 85 73 46 50 48 88 0 75 48 15 75 36 26 65 86 82 28 29 56 71 86 60 86 69 77 26 11 
28 26 36 13 52 22 73 60 92 72 41 73 41 21 60 38 67 48 67 47 53 51 94 55 55 33 68 71 97 46 38 28 51 59 29 93 28 24 28 80 62 46 95 28 41 73 63 85 76 70 75 99 32 16 67 66 30 36 86 57 48 76 28 98 57 39 87 66 85 84 85 65 50 43 74 61 82 60 78 36 29 52 45 63 37 88 56 60 84 33 0 76 80 44 90 88 84 37 95 29 92 15 25 85 18 55 38 98 45 99 
42 82 69 34 54 42 35 52 47 48 76 65 45 73 21 62 27 59 56 41 57 50 17 56 70 41 41 52 89 81 97 61 89 25 34 35 70 73 48 18 23 94 95 84 86 47 25 38 99 80 87 96 74 19 45 86 73 17 61 27 86 64 91 13 25 86 99 16 13 97 25 23 50 36 81 75 45 26 66 29 27 23 50 16 21 41 93 13 19 87 45 0 51 46 32 83 83 36 76 48 95 42 93 11 49 51 50 22 82 12 
72 66 48 34 77 14 16 32 41 80 25 81 29 10 20 97 72 85 88 74 35 98 57 70 41 93 17 82 74 32 69 77 44 56 31 23 18 45 49 64 42 75 24 92 56 89 42 67 17 68 78 23 57 26 76 19 84 37 69 41 13 70 36 51 38 72 59 14 22 81 70 40 98 12 55 28 22 16 72 94 71 57 30 52 71 50 31 69 93 23 50 32 0 39 56 90 18 67 48 22 53 12 66 78 14 86 42 13 84 47 
95 98 92 59 13 96 85 10 92 34 96 89 97 46 57 71 94 91 31 24 21 27 84 82 48 33 64 69 18 94 75 77 26 60 86 81 56 82 35 39 57 34 61 16 56 19 83 67 95 38 46 69 64 81 74 63 53 66 46 52 24 15 59 50 81 12 60 86 87 93 63 37 93 35 48 15 77 97 77 74 10 40 50 24 10 83 51 71 45 64 96 17 54 0 13 77 52 95 85 39 36 69 70 17 60 73 20 51 65 15 
96 89 52 86 77 46 66 83 28 46 11 79 66 71 12 28 39 69 40 54 83 35 78 72 34 95 99 10 52 90 63 73 32 32 61 35 46 81 62 87 63 26 27 66 47 96 19 36 81 22 99 65 28 56 67 49 91 70 22 51 82 87 66 81 26 50 79 15 93 66 94 43 54 78 19 38 68 89 20 50 19 29 99 55 77 47 66 67 54 40 75 89 12 29 0 61 26 80 59 89 97 98 80 99 28 40 68 74 84 62 
26 47 52 61 73 64 91 41 28 75 58 94 73 54 56 22 88 77 14 48 49 46 44 53 90 68 52 31 28 63 77 11 77 95 43 39 96 65 42 54 72 78 29 36 73 61 21 68 64 56 19 70 12 17 66 18 25 75 40 38 12 37 61 20 24 18 72 45 15 35 19 92 60 27 98 72 42 99 23 93 58 17 42 96 73 90 98 35 24 85 41 54 50 92 89 0 88 21 26 25 64 19 71 39 86 83 10 53 62 40 
12 30 85 92 74 61 90 16 36 67 52 62 35 33 10 72 98 30 98 30 73 13 16 39 41 65 73 13 18 84 86 85 20 75 14 86 83 86 41 52 82 54 94 70 83 51 47 14 90 76 44 25 30 22 59 86 97 95 77 36 61 68 26 71 86 69 41 94 28 40 32 71 74 87 83 24 14 45 99 52 50 12 23 31 25 18 52 12 48 74 24 51 27 46 90 69 0 30 50 96 59 69 80 77 62 95 42 33 55 85 
62 20 49 65 77 62 63 91 95 76 56 18 25 28 39 59 41 24 11 64 31 82 35 86 91 48 78 11 26 78 52 15 44 19 40 98 16 40 28 95 11 39 46 30 25 69 66 98 44 33 58 25 61 62 69 89 34 19 81 72 12 78 34 35 17 28 70 93 21 92 47 31 71 38 30 88 89 23 37 63 70 45 49 39 28 28 25 31 69 46 11 55 74 43 60 85 15 0 30 13 25 74 84 93 72 19 74 56 17 62 
13 80 11 67 42 82 44 42 87 39 87 61 57 49 70 91 84 34 30 42 25 12 79 25 99 32 36 96 29 61 76 48 69 95 30 44 50 39 47 16 85 76 46 47 55 80 24 85 35 44 50 17 28 72 87 57 13 84 45 24 27 20 13 41 49 38 84 94 51 23 12 30 28 40 94 15 69 42 44 83 15 29 47 17 31 67 49 64 25 42 98 69 53 13 25 48 36 32 0 90 81 28 39 40 22 13 43 74 71 49 
27 23 51 81 85 23 17 54 83 78 83 88 61 79 23 57 92 82 44 50 66 65 26 90 91 45 53 47 92 96 35 53 21 28 27 10 15 23 54 78 59 55 90 26 41 39 35 64 49 62 37 21 67 74 75 34 66 91 65 79 16 63 23 92 54 89 57 32 56 10 11 78 89 26 95 41 27 93 23 64 98 62 16 66 87 12 24 10 50 53 41 18 85 47 56 90 93 44 10 0 38 18 11 29 53 15 87 44 26 62 
70 45 20 76 91 20 98 64 43 37 95 22 26 97 11 79 42 90 96 70 72 80 41 43 83 45 52 71 64 97 22 26 59 97 24 40 46 65 47 82 95 65 12 86 78 10 55 97 31 20 50 44 36 19 50 44 53 93 85 24 56 95 47 69 14 98 93 85 78 66 87 90 44 19 77 81 35 23 85 78 20 26 31 36 13 76 26 53 24 44 60 18 40 42 27 66 28 32 21 65 0 26 63 50 98 85 77 62 39 33 
87 53 22 42 90 13 34 36 95 55 43 45 39 93 55 96 99 10 50 17 46 56 28 23 10 51 79 64 75 24 63 26 71 65 61 39 52 28 51 72 86 52 32 27 58 64 82 81 44 49 99 39 10 14 91 32 85 34 57 51 24 92 54 55 27 56 70 34 27 27 39 46 21 96 25 30 93 73 91 23 96 16 72 82 93 65 68 66 23 58 23 25 33 81 50 38 15 18 62 54 34 0 47 37 66 61 39 21 83 93 
96 27 87 51 18 74 59 98 39 27 31 90 39 65 27 28 34 65 91 85 21 12 73 51 73 43 45 82 24 73 19 93 24 64 12 74 68 41 82 22 41 31 75 98 30 11 58 60 48 55 39 48 19 31 66 37 60 75 40 59 68 44 65 84 12 90 59 17 48 25 62 74 97 79 66 88 54 45 93 19 68 51 39 31 84 30 33 64 10 24 91 42 11 52 64 27 62 35 74 36 20 68 0 64 54 80 36 39 92 63 
71 87 24 19 75 39 55 74 36 23 41 53 74 58 47 68 77 31 19 13 25 41 22 17 71 76 29 50 25 75 71 15 90 86 67 30 32 59 69 43 25 21 42 54 64 89 84 52 83 55 28 25 50 52 16 60 21 82 27 80 26 50 17 35 21 94 51 12 30 66 65 91 76 70 82 70 95 47 67 46 46 70 22 51 38 49 95 23 87 90 33 78 65 30 41 58 29 37 11 95 54 35 19 0 81 89 36 36 97 94 
95 51 41 32 38 99 44 49 28 60 41 34 25 37 51 92 43 48 78 86 27 81 65 20 59 55 87 29 88 72 10 66 38 58 70 28 46 96 97 94 62 41 99 54 96 41 94 12 71 41 77 49 14 83 66 79 79 26 32 57 60 12 49 20 55 39 55 85 93 94 22 88 54 86 67 46 11 71 76 91 70 42 17 62 82 90 46 93 85 67 31 16 10 88 13 82 33 94 55 43 58 52 80 20 0 56 25 81 54 75 
91 47 43 80 98 77 61 54 26 57 94 40 36 89 11 53 54 75 15 84 12 80 38 69 74 58 49 19 72 60 72 82 91 22 80 33 29 77 33 11 33 44 81 59 67 52 85 64 68 34 24 52 56 56 84 93 87 46 83 15 61 39 11 41 85 23 15 34 36 64 97 50 40 66 86 30 96 75 45 37 51 98 86 15 60 95 37 33 42 46 23 95 98 80 32 32 24 51 97 81 84 21 44 93 73 0 92 56 20 73 
13 68 66 86 48 89 66 38 23 24 82 10 57 40 75 59 39 22 52 33 10 81 79 10 97 72 54 35 25 89 41 32 14 94 40 20 98 73 41 41 95 78 92 59 31 91 25 77 98 17 51 84 53 10 22 53 41 29 54 35 29 38 25 42 76 75 80 77 45 93 67 43 63 23 93 40 65 55 75 61 16 77 49 77 62 76 72 17 86 32 89 81 91 49 66 72 59 88 60 99 21 26 10 92 81 30 0 16 41 72 
28 20 32 42 51 56 19 64 16 42 99 40 71 20 97 87 66 18 57 81 49 50 63 78 24 78 38 25 21 52 54 41 15 17 18 69 57 26 82 91 51 72 87 66 51 10 92 29 41 17 77 22 55 70 45 84 82 88 43 53 53 51 44 68 16 64 44 81 60 34 26 27 17 36 49 77 63 57 44 31 62 65 74 48 90 12 73 86 22 71 66 80 14 38 98 86 25 85 25 93 50 19 24 86 79 27 40 0 15 28 
46 80 67 60 95 51 16 52 67 25 69 89 23 57 78 10 10 60 42 38 36 25 84 68 45 88 41 66 73 83 71 83 42 21 85 88 48 53 70 14 92 63 45 10 79 25 62 42 44 61 16 14 37 97 87 64 62 46 86 98 23 90 24 63 38 58 35 76 40 67 84 12 38 25 22 98 44 57 34 36 40 41 20 80 97 92 29 60 67 43 28 96 75 64 87 63 99 85 32 96 96 39 96 65 19 95 49 67 0 39 
73 97 52 29 72 66 22 37 61 23 70 72 23 90 13 20 87 69 60 83 61 32 70 55 71 64 45 80 10 82 18 29 87 77 17 74 41 46 38 23 91 59 33 57 38 39 28 46 49 65 23 94 76 15 81 49 64 66 49 82 41 68 18 41 76 35 96 58 41 40 38 50 29 46 50 66 36 27 57 76 80 94 68 23 24 67 51 17 97 18 56 12 22 31 27 23 10 98 47 88 77 38 30 90 17 33 26 33 28 0 