140
0 34 74 57 97 80 32 94 49 28 21 93 65 10 98 79 52 26 62 34 85 93 19 64 83 19 66 15 25 69 12 45 55 65 72 54 33 26 35 61 46 83 86 21 50 95 14 22 86 39 79 11 73 75 61 93 55 77 53 83 52 62 47 26 24 85 50 20 97 84 42 40 69 98 24 31 28 13 61 26 36 73 34 18 48 93 79 65 71 26 39 21 28 84 89 47 58 20 91 57 85 59 50 61 13 90 15 87 70 46 16 56 27 76 86 67 73 12 73 69 83 53 46 10 80 47 50 60 54 38 37 14 25 82 85 92 44 77 86 58
34 0 15 21 92 13 15 35 31 97 36 66 49 56 88 40 51 21 65 73 23 38 93 97 87 24 63 64 33 39 97 43 75 33 31 29 60 48 10 37 13 39 16 74 14 77 99 88 50 73 73 21 73 16 54 21 49 90 98 96 63 65 33 48 62 93 69 26 91 21 60 92 98 24 92 93 22 15 48 21 82 91 43 63 94 23 29 60 83 21 23 52 94 50 58 81 69 41 56 26 47 76 66 98 31 30 65 76 90 72 72 89 47 64 68 11 18 17 41 49 80 23 84 75 65 82 59 51 66 28 25 73 31 65 43 71 12 34 71 38
74 15 0 75 68 26 12 32 36 72 40 48 36 96 76 27 35 21 70 89 16 26 17 31 89 66 32 36 87 59 70 85 11 48 43 41 27 68 76 80 38 74 89 24 25 86 26 66 78 48 44 62 82 49 85 88 88 92 95 65 67 50 89 28 58 77 53 55 79 96 61 59 83 84 13 46 79 35 69 86 98 65 92 76 71 10 31 51 83 40 34 41 28 80 10 83 97 25 56 98 83 50 41 27 35 18 88 45 11 22 21 40 27 60 30 83 32 32 44 20 17 17 88 77 30 64 70 29 96 98 54 40 81 80 78 92 77 40 55 67
57 21 75 0 11 50 88 70 46 13 76 66 50 69 23 58 46 19 35 33 54 39 34 25 55 29 17 89 58 69 11 68 65 37 16 66 19 94 54 93 32 12 93 86 67 76 27 66 87 98 61 48 15 79 86 96 66 98 76 74 57 19 84 58 16 74 78 94 82 65 60 36 59 53 63 99 76 71 77 37 53 41 63 99 74 15 22 40 57 87 27 93 68 41 38 11 32 62 99 94 99 23 67 49 13 11 66 49 62 99 97 30 60 45 88 67 42 85 85 81 94 47 64 46 45 64 31 37 46 50 20 86 48 84 70 54 84 45 74 95
97 92 68 11 0 37 38 39 43 51 11 12 87 20 37 77 49 90 11 55 70 80 88 27 75 64 99 91 31 38 22 51 70 78 11 76 35 41 40 36 24 45 24 23 43 55 91 36 86 89 74 20 84 93 39 13 53 37 82 66 76 50 17 37 18 46 57 86 24 72 63 93 75 48 82 76 11 46 82 88 50 47 39 32 39 77 98 93 94 89 90 98 32 93 97 54 88 39 29 80 84 68 93 51 88 40 22 63 42 50 97 20 23 22 43 43 69 78 71 38 12 41 25 28 46 22 22 63 81 92 76 72 98 66 32 41 49 75 94 86
80 13 26 50 37 0 61 87 35 94 91 31 97 73 43 71 48 62 85 13 84 84 73 72 96 58 16 85 74 42 43 19 15 51 51 79 93 60 50 25 60 63 25 23 17 33 75 28 34 90 85 72 30 97 32 20 75 83 27 97 92 11 61 66 84 45 79 39 12 44 46 70 31 37 75 30 64 95 34 54 50 58 12 89 80 74 56 41 36 29 73 92 51 51 85 14 13 72 74 98 93 21 35 42 53 35 35 48 11 48 21 87 63 97 99 67 80 60 59 18 81 41 90 39 29 15 63 43 94 68 34 10 44 16 44 95 28 70 89 61
32 15 12 88 38 61 0 55 70 89 39 10 98 30 59 94 57 41 59 36 27 71 13 55 33 59 89 87 85 22 93 57 39 87 98 60 80 94 20 84 72 95 83 67 14 44 11 58 31 63 54 11 30 96 79 62 89 21 12 81 86 25 44 31 63 26 99 46 66 22 31 16 72 13 21 46 88 77 91 30 57 68 16 19 79 18 67 17 33 56 65 58 74 76 62 72 47 91 85 56 88 99 28 27 81 85 66 53 33 57 34 69 61 69 97 55 98 18 22 60 16 28 90 58 75 88 72 87 87 90 73 59 42 77 76 21 82 98 37 28
94 35 32 70 39 87 55 0 21 80 27 50 89 28 73 46 54 85 21 36 41 54 67 12 56 77 43 71 61 41 35 72 16 16 68 44 37 90 51 51 16 86 98 35 24 43 77 12 38 22 25 85 27 21 28 88 26 62 96 22 50 99 66 82 31 61 86 76 33 61 89 62 67 57 31 91 33 78 55 37 24 72 41 53 89 53 77 61 72 53 14 45 62 66 15 74 84 99 42 45 15 22 39 12 87 90 26 27 48 42 75 62 10 99 79 18 79 75 86 63 37 44 69 50 73 51 95 14 61 19 70 98 89 44 88 98 48 98 62 90
49 31 36 46 43 35 70 21 0 12 46 54 67 79 87 88 32 48 45 35 95 83 33 21 46 21 62 33 16 50 90 41 86 20 87 93 11 81 34 84 48 31 60 29 91 83 80 66 20 65 42 39 33 33 77 17 67 46 92 18 37 87 73 19 29 63 50 47 93 97 98 64 52 91 48 40 62 96 32 63 11 19 85 93 20 53 59 32 68 47 62 25 20 75 69 29 37 95 62 63 60 52 80 92 88 92 79 46 78 61 12 42 88 99 81 22 78 96 72 58 36 46 85 89 94 56 63 22 26 98 92 47 26 25 37 87 20 54 56 33
28 97 72 13 51 94 89 80 12 0 36 14 32 60 72 96 10 88 48 62 38 21 55 88 89 13 41 61 59 52 19 63 37 61 71 65 86 68 68 20 97 93 94 33 54 80 89 42 35 41 94 43 62 60 84 61 31 92 35 88 28 14 89 85 44 29 80 42 50 11 38 37 20 79 19 48 38 36 17 66 38 86 33 17 10 43 15 10 28 47 84 68 18 96 96 45 98 52 38 56 69 30 97 83 73 79 23 57 45 81 77 80 40 58 12 48 83 13 58 26 38 27 88 39 10 84 22 25 94 21 39 33 63 57 25 63 76 13 41 42
21 36 40 76 11 91 39 27 46 36 0 13 29 43 28 87 27 56 79 13 11 23 89 51 60 37 72 87 82 97 72 85 51 81 88 79 20 89 72 32 90 93 17 31 99 22 87 47 80 37 51 72 61 32 21 60 96 71 11 69 53 92 25 36 90 41 58 22 46 15 61 63 84 51 37 90 74 20 46 40 32 13 14 98 15 10 71 21 53 91 63 79 11 26 19 74 63 40 57 20 61 48 66 62 28 74 21 10 49 37 36 10 75 60 57 79 32 64 65 91 73 51 19 95 45 48 15 23 86 23 32 61 78 83 46 98 15 60 42 81
93 66 48 66 12 31 10 50 54 14 13 0 45 44 54 63 23 30 57 69 31 67 11 15 46 68 62 85 80 93 95 82 35 40 42 37 77 79 33 65 35 18 38 73 57 15 39 72 26 18 14 94 47 90 58 76 80 19 86 12 57 70 29 33 24 47 22 96 99 95 69 79 69 29 47 88 21 36 84 68 74 77 48 86 89 68 47 83 47 32 95 24 62 85 21 69 57 26 43 69 81 92 83 73 73 95 55 75 55 36 88 93 99 48 97 29 51 22 24 91 21 25 70 47 18 45 93 62 45 40 61 53 10 14 56 85 87 41 53 84
65 49 36 50 87 97 98 89 67 32 29 45 0 36 98 63 92 91 91 49 27 60 90 20 62 90 65 10 76 76 20 57 47 62 95 72 26 12 90 81 29 23 16 29 27 77 27 63 63 93 70 94 85 20 55 55 17 23 47 17 50 94 88 41 27 63 93 45 13 94 23 94 43 84 61 59 28 90 33 14 50 62 55 62 49 10 40 85 66 74 95 32 49 51 59 21 42 90 29 95 64 67 51 74 58 55 51 51 18 97 77 87 86 80 63 73 87 39 24 67 36 15 85 55 85 58 29 74 66 85 43 50 50 12 91 60 68 97 96 16
10 56 96 69 20 73 30 28 79 60 43 44 36 0 74 63 25 93 68 15 11 72 49 62 93 14 34 69 66 70 67 61 95 17 43 92 35 83 34 68 37 46 12 43 82 19 84 41 30 11 79 73 33 27 94 50 72 86 36 23 11 57 38 35 90 12 99 79 58 92 22 37 29 89 82 99 74 14 76 64 26 72 21 42 65 12 26 69 80 89 62 44 78 64 59 42 31 62 30 84 66 29 14 86 52 92 37 12 66 46 71 11 11 35 79 93 71 57 73 21 39 24 56 20 43 71 31 20 69 40 34 49 87 19 94 33 12 13 29 43
98 88 76 23 37 43 59 73 87 72 28 54 98 74 0 78 88 34 67 76 38 24 17 48 51 28 32 22 54 43 45 73 61 88 35 66 23 14 22 35 59 41 17 36 63 98 58 75 20 80 72 80 20 76 97 89 86 93 45 93 45 40 57 23 21 94 56 58 48 73 70 10 31 88 97 60 51 54 30 22 14 76 49 55 13 75 71 67 94 58 65 59 23 79 43 57 42 81 81 47 89 93 26 12 60 15 67 68 20 94 62 96 22 49 51 17 14 17 43 66 19 85 62 53 28 11 44 70 40 60 65 91 89 92 46 36 44 33 57 26
79 40 27 58 77 71 94 46 88 96 87 63 63 63 78 0 74 78 77 74 21 95 24 12 38 68 17 42 36 51 47 60 74 50 63 81 97 63 42 79 90 55 12 54 29 77 22 74 96 23 92 63 14 22 48 34 79 26 26 89 96 19 94 74 70 70 28 39 81 47 41 97 12 54 15 80 11 52 41 10 76 74 35 36 72 89 15 36 46 32 71 80 41 17 55 92 18 98 90 13 69 84 34 73 34 76 94 63 88 88 79 90 74 12 31 39 18 55 11 24 13 12 13 30 48 53 45 84 10 57 24 19 69 33 38 37 53 31 44 13
52 51 35 46 49 48 57 54 32 10 27 23 92 25 88 74 0 42 11 73 26 79 51 46 59 43 98 41 99 28 87 61 12 80 51 21 44 56 10 17 78 77 56 37 40 18 56 58 57 65 19 16 91 53 30 88 90 65 50 18 65 26 46 32 59 14 49 95 65 45 31 97 39 44 27 35 83 17 78 83 50 47 13 89 81 28 10 39 25 37 63 87 93 62 83 13 85 60 19 85 66 23 12 84 93 15 98 86 51 85 23 22 33 23 12 66 46 17 35 27 20 66 63 57 16 94 59 17 94 24 53 27 17 21 91 96 36 74 57 42
26 21 21 19 90 62 41 85 48 88 56 30 91 93 34 78 42 0 41 27 79 20 70 16 87 95 36 38 60 83 24 82 78 83 94 35 39 53 48 59 62 74 91 79 21 36 14 31 66 33 63 47 70 85 82 36 85 66 83 24 34 77 97 56 33 87 99 82 26 81 12 28 67 53 82 47 97 39 21 26 66 85 93 39 33 59 39 23 19 93 28 81 27 30 13 78 40 41 13 39 76 57 24 92 58 47 20 36 57 86 43 69 36 38 77 65 64 40 39 10 45 55 60 47 34 33 37 16 21 45 53 66 92 54 80 99 47 78 59 51
62 65 70 35 11 85 59 21 45 48 79 57 91 68 67 77 11 41 0 50 71 69 15 76 46 63 95 81 53 63 73 16 76 12 58 24 34 10 63 32 14 98 86 55 82 79 23 45 98 91 10 83 84 79 42 11 60 27 48 78 64 10 26 39 44 37 76 60 94 78 81 37 87 63 99 75 85 87 38 20 97 23 22 66 56 97 53 21 43 57 52 22 95 27 11 34 83 16 41 52 47 60 12 76 49 98 62 19 90 44 89 99 31 92 17 48 88 96 60 99 30 81 37 93 93 67 72 74 41 32 11 47 89 89 74 31 29 61 43 22
34 73 89 33 55 13 36 36 35 62 13 69 49 15 76 74 73 27 50 0 41 40 10 33 88 55 73 77 65 46 90 63 63 96 45 91 74 66 39 31 18 65 74 65 17 34 30 98 61 50 92 23 54 29 95 54 57 12 37 14 24 59 62 48 78 64 96 55 91 96 35 45 62 19 35 39 91 19 61 43 68 99 65 27 86 33 52 28 48 88 74 71 83 72 24 58 26 76 99 24 39 19 15 15 93 60 29 76 38 56 99 36 23 15 32 62 11 58 55 35 64 33 22 34 26 38 88 72 78 32 38 61 10 88 83 37 21 24 30 11
85 23 16 54 70 84 27 41 95 38 11 31 27 11 38 21 26 79 71 41 0 43 48 51 76 61 82 33 20 56 55 55 35 11 11 60 52 66 70 86 69 74 93 87 73 80 89 18 36 32 79 53 19 49 48 17 73 15 78 84 71 50 82 81 43 63 96 60 12 93 97 88 60 98 71 41 41 25 51 20 59 81 17 60 48 76 92 41 62 76 89 66 33 36 81 63 90 27 47 40 27 54 98 99 60 54 25 97 85 15 80 26 32 89 29 62 20 41 56 96 68 34 66 71 90 91 58 48 22 14 76 40 85 35 31 82 24 27 75 88
93 38 26 39 80 84 71 54 83 21 23 67 60 72 24 95 79 20 69 40 43 0 18 36 40 63 96 63 30 87 14 66 32 75 10 82 24 85 98 62 41 20 55 48 82 82 95 76 38 59 91 82 73 74 44 33 15 55 23 65 64 85 78 64 30 18 76 21 56 15 72 87 18 24 39 74 58 19 80 99 95 87 35 53 34 55 75 21 90 33 92 33 35 66 23 79 62 20 95 51 67 24 21 60 12 62 50 22 83 10 89 64 65 69 90 59 59 79 90 97 43 22 74 84 77 99 46 91 58 98 13 38 22 57 68 43 10 28 38 53
19 93 17 34 88 73 13 67 33 55 89 11 90 49 17 24 51 70 15 10 48 18 0 52 38 18 76 74 74 72 19 75 28 88 60 78 66 58 86 23 30 47 12 22 93 51 67 30 60 89 87 88 63 96 47 44 32 93 19 58 84 88 95 34 30 53 43 17 33 36 27 78 34 13 34 45 99 87 37 71 97 78 11 17 51 86 97 83 53 35 90 14 86 29 33 75 85 87 59 19 35 27 72 83 39 58 98 91 95 13 59 34 84 31 74 66 55 25 52 43 75 68 95 26 80 51 95 85 26 20 93 19 13 73 88 64 58 50 46 63
64 97 31 25 27 72 55 12 21 88 51 15 20 62 48 12 46 16 76 33 51 36 52 0 58 10 69 62 97 44 58 74 94 69 36 28 96 41 94 10 91 40 81 20 33 17 82 59 87 75 31 85 26 46 27 54 85 86 89 19 55 99 84 78 67 87 25 57 57 64 26 33 65 63 48 26 55 23 44 63 29 65 78 73 38 26 91 18 66 14 78 58 15 41 31 24 20 68 95 96 42 32 72 40 60 71 67 81 38 15 80 56 22 22 46 74 26 60 46 17 69 66 20 13 97 84 94 35 22 88 64 28 39 68 16 22 38 83 88 21
83 87 89 55 75 96 33 56 46 89 60 46 62 93 51 38 59 87 46 88 76 40 38 58 0 85 22 77 12 52 12 31 43 63 46 38 44 49 17 39 15 75 27 16 62 67 59 92 81 57 45 85 83 44 41 87 67 55 73 65 66 95 38 28 56 68 82 41 25 66 83 26 24 33 84 35 11 50 99 58 45 84 86 96 47 14 58 30 78 21 55 11 37 74 45 19 64 15 51 66 70 87 86 49 97 94 75 43 34 59 22 97 32 49 96 39 30 30 43 77 52 24 44 45 69 76 93 45 46 73 18 74 75 66 90 21 42 90 86 88
19 24 66 29 64 58 59 77 21 13 37 68 90 14 28 68 43 95 63 55 61 63 18 10 85 0 45 26 73 95 95 40 32 50 69 56 99 37 64 35 98 42 53 44 54 81 48 86 37 66 31 40 23 96 86 73 76 15 80 67 82 99 36 99 39 20 93 20 80 41 21 45 85 49 18 74 52 27 75 72 75 80 60 55 26 11 40 17 16 58 41 29 36 77 11 62 66 13 28 12 87 74 74 52 59 60 33 48 67 24 10 62 24 76 90 81 15 35 32 31 68 39 70 98 97 59 71 59 87 28 47 28 97 73 33 37 58 62 31 22
66 63 32 17 99 16 89 43 62 41 72 62 65 34 32 17 98 36 95 73 82 96 76 69 22 45 0 43 93 93 51 20 49 72 51 51 95 68 56 71 97 61 81 25 55 58 26 80 30 65 30 70 24 47 75 97 14 68 58 57 43 83 71 77 38 32 83 97 84 61 96 42 60 10 74 22 86 46 79 10 48 70 80 34 37 55 36 62 42 18 12 63 46 71 60 19 35 28 85 12 49 78 30 35 83 56 34 67 72 75 35 54 76 14 76 47 55 26 38 35 80 94 13 86 67 42 56 34 70 20 45 25 67 49 31 25 97 54 32 11
15 64 36 89 91 85 87 71 33 61 87 85 10 69 22 42 41 38 81 77 33 63 74 62 77 26 43 0 17 79 42 79 11 22 11 33 35 72 29 10 28 91 66 81 87 83 87 69 15 32 76 62 78 36 63 76 71 70 43 78 83 47 66 59 66 69 34 42 27 92 16 80 25 15 79 70 15 57 31 45 12 14 35 35 93 95 44 60 19 26 50 23 89 28 98 49 62 85 93 39 82 55 74 37 19 88 74 90 23 70 34 79 95 25 10 51 86 10 27 92 58 88 53 51 91 32 59 75 53 54 17 59 28 16 71 97 26 49 14 43
25 33 87 58 31 74 85 61 16 59 82 80 76 66 54 36 99 60 53 65 20 30 74 97 12 73 93 17 0 31 49 68 92 90 60 65 97 51 38 81 19 35 11 77 74 98 87 41 58 74 41 14 82 55 46 49 37 66 78 56 64 49 83 46 67 83 82 31 98 85 98 21 83 72 67 98 95 71 60 47 80 99 27 42 65 89 24 38 39 73 91 11 29 35 59 68 22 14 75 71 96 94 80 55 24 68 94 53 60 89 43 84 41 14 46 11 47 38 57 47 85 21 56 19 22 90 51 36 23 78 61 98 91 10 45 91 89 95 25 41
69 39 59 69 38 42 22 41 50 52 97 93 76 70 43 51 28 83 63 46 56 87 72 44 52 95 93 79 31 0 79 53 87 37 55 92 84 66 15 75 53 30 40 78 66 45 43 10 30 59 53 18 40 49 38 38 51 84 56 23 84 44 51 19 83 67 67 44 97 11 73 95 79 72 58 52 73 91 22 56 36 45 76 54 76 24 86 60 57 73 84 95 47 52 59 27 83 47 20 55 88 89 40 54 92 92 37 83 83 13 38 44 57 32 96 75 38 49 70 92 29 85 70 15 43 84 79 44 66 11 35 46 83 44 26 14 23 63 75 62
12 97 70 11 22 43 93 35 90 19 72 95 20 67 45 47 87 24 73 90 55 14 19 58 12 95 51 42 49 79 0 95 23 17 66 73 54 77 81 72 52 22 32 22 50 29 51 86 75 63 41 37 45 49 76 88 31 72 53 49 85 34 17 10 45 35 82 12 69 64 68 92 96 90 38 51 66 64 90 13 77 29 29 64 17 61 87 49 58 24 46 26 89 90 95 23 30 51 39 12 65 40 84 20 90 91 29 97 99 57 30 61 80 61 55 19 35 96 83 62 76 62 30 56 44 91 45 70 71 61 12 11 15 35 63 31 59 61 72 31
45 43 85 68 51 19 57 72 41 63 85 82 57 61 73 60 61 82 16 63 55 66 75 74 31 40 20 79 68 53 95 0 41 11 37 29 26 48 60 19 94 80 53 76 88 99 26 41 70 81 16 85 26 69 64 80 98 89 76 92 99 39 72 67 24 47 93 65 40 83 35 89 46 46 35 65 33 33 23 60 58 34 96 41 88 46 79 58 45 22 94 91 45 27 68 41 50 85 99 59 12 79 31 43 85 44 96 77 38 66 43 95 97 23 19 31 63 17 43 72 27 43 96 87 53 19 43 44 98 83 44 82 96 87 10 60 15 33 29 40
55 75 11 65 70 15 39 16 86 37 51 35 47 95 61 74 12 78 76 63 35 32 28 94 43 32 49 11 92 87 23 41 0 90 87 35 48 77 10 90 97 35 60 59 51 20 50 57 64 13 99 93 46 28 44 98 16 68 40 55 14 37 87 26 21 97 55 30 82 59 31 27 93 21 22 94 57 72 42 83 28 89 88 16 88 60 44 57 81 92 52 93 93 97 38 48 57 20 12 76 67 58 43 90 19 75 14 87 74 97 15 11 45 53 88 22 13 16 11 16 14 23 85 90 84 53 92 16 28 30 41 99 75 79 59 34 97 16 38 94
65 33 48 37 78 51 87 16 20 61 81 40 62 17 88 50 80 83 12 96 11 75 88 69 63 50 72 22 90 37 17 11 90 0 77 57 53 31 56 17 84 55 25 10 46 31 15 83 85 51 42 96 66 97 39 54 66 68 15 92 69 71 76 22 44 74 12 90 87 24 87 56 66 33 28 98 81 86 14 73 61 46 98 40 62 66 91 58 33 81 65 29 21 86 79 38 72 75 92 25 63 59 78 91 57 22 41 26 44 11 43 23 51 40 13 10 18 93 21 71 57 55 60 42 29 13 60 32 84 94 76 96 96 18 52 53 69 85 40 32
72 31 43 16 11 51 98 68 87 71 88 42 95 43 35 63 51 94 58 45 11 10 60 36 46 69 51 11 60 55 66 37 87 77 0 54 30 38 21 99 49 29 37 32 36 86 89 93 66 35 35 65 91 41 82 21 62 40 85 80 37 47 85 53 28 63 48 37 93 49 36 79 32 50 26 43 56 49 83 83 67 15 44 80 21 40 48 64 81 88 28 82 17 56 73 84 65 93 86 32 45 91 32 73 35 66 63 45 81 70 48 69 35 59 18 67 68 78 91 75 36 10 22 12 15 86 92 75 69 74 47 15 76 91 82 27 10 64 39 36
54 29 41 66 76 79 60 44 93 65 79 37 72 92 66 81 21 35 24 91 60 82 78 28 38 56 51 33 65 92 73 29 35 57 54 0 35 51 90 43 89 66 37 63 24 53 30 67 59 27 92 14 17 76 40 10 71 63 41 40 63 86 29 72 98 30 60 70 53 73 91 62 14 74 21 59 69 83 32 38 36 42 52 94 85 70 20 43 61 30 52 31 63 39 85 29 15 70 33 50 80 70 67 37 42 83 47 80 25 39 31 85 27 90 22 84 48 83 12 64 55 64 81 95 36 44 15 79 31 97 17 71 15 53 20 30 47 66 46 90
33 60 27 19 35 93 80 37 11 86 20 77 26 35 23 97 44 39 34 74 52 24 66 96 44 99 95 35 97 84 54 26 48 53 30 35 0 98 72 84 24 38 29 61 18 53 41 49 68 96 14 69 82 12 58 39 34 70 77 89 54 26 83 60 99 66 53 52 94 18 76 78 80 33 89 82 24 22 16 28 58 26 39 95 76 14 10 20 97 23 56 82 87 24 25 76 47 61 15 79 19 74 48 52 41 81 41 20 70 53 88 44 71 49 13 77 36 75 48 14 28 28 66 68 69 89 27 68 85 85 63 86 86 23 78 49 47 21 75 48
26 48 68 94 41 60 94 90 81 68 89 79 12 83 14 63 56 53 10 66 66 85 58 41 49 37 68 72 51 66 77 48 77 31 38 51 98 0 79 52 89 31 89 82 60 91 39 98 50 25 45 81 89 33 43 77 23 40 32 46 34 35 60 54 93 90 46 94 45 74 18 66 99 71 47 12 41 32 17 80 50 17 25 19 59 77 51 76 41 27 64 17 42 37 67 17 63 47 61 99 54 66 14 66 40 59 12 85 16 64 34 62 52 54 95 85 43 71 55 73 53 84 46 32 59 26 79 70 85 28 92 62 30 98 12 24 62 46 22 91
35 10 76 54 40 50 20 51 34 68 72 33 90 34 22 42 10 48 63 39 70 98 86 94 17 64 56 29 38 15 81 60 10 56 21 90 72 79 0 31 44 57 46 22 29 90 39 33 35 20 21 44 75 22 86 53 40 49 93 64 91 68 44 58 55 18 53 75 35 11 75 11 43 78 48 59 88 57 12 95 17 70 77 99 88 34 49 82 28 45 34 63 34 21 12 42 30 25 46 59 64 85 18 42 81 58 96 27 62 79 77 52 25 59 81 54 56 72 41 72 62 30 22 24 31 56 16 12 45 73 43 18 63 98 44 72 24 64 11 63
61 37 80 93 36 25 84 51 84 20 32 65 81 68 35 79 17 59 32 31 86 62 23 10 39 35 71 10 81 75 72 19 90 17 99 43 84 52 31 0 12 87 53 50 78 68 35 39 95 20 53 22 74 55 10 84 82 74 96 61 36 25 14 68 23 84 23 20 94 16 72 69 62 10 41 10 57 35 29 93 27 56 22 69 36 85 80 45 89 59 42 22 18 97 37 11 33 67 41 61 21 89 41 92 70 96 60 99 37 20 26 57 40 16 84 50 66 30 29 69 10 49 47 96 49 22 28 41 23 23 15 95 31 42 58 49 98 38 11 71
46 13 38 32 24 60 72 16 48 97 90 35 29 37 59 90 78 62 14 18 69 41 30 91 15 98 97 28 19 53 52 94 97 84 49 89 24 89 44 12 0 46 25 40 58 48 86 33 99 73 12 81 54 94 12 90 99 60 97 84 92 78 35 15 13 53 19 67 66 19 92 38 19 55 67 41 11 71 35 22 20 42 78 47 99 14 54 52 13 19 21 13 15 26 26 62 92 18 96 78 15 24 99 69 19 65 42 46 84 40 32 80 33 46 32 60 20 85 91 99 15 86 20 31 38 77 87 76 88 40 59 77 16 34 47 80 91 98 74 79
83 39 74 12 45 63 95 86 31 93 93 18 23 46 41 55 77 74 98 65 74 20 47 40 75 42 61 91 35 30 22 80 35 55 29 66 38 31 57 87 46 0 16 88 70 42 84 72 49 38 29 74 74 48 17 92 74 48 37 69 42 14 15 31 88 78 92 89 12 19 20 25 75 15 98 52 41 31 89 50 52 39 87 15 45 62 57 14 19 68 71 25 75 85 37 54 14 32 64 26 11 58 40 54 58 44 27 20 56 86 35 24 45 11 86 27 34 95 58 88 92 67 46 60 11 69 47 70 40 80 61 92 95 17 57 25 57 11 93 89
86 16 89 93 24 25 83 98 60 94 17 38 16 12 17 12 56 91 86 74 93 55 12 81 27 53 81 66 11 40 32 53 60 25 37 37 29 89 46 53 25 16 0 53 98 66 95 97 94 59 33 17 93 31 17 55 99 38 58 72 47 87 12 22 52 68 53 98 94 20 12 53 16 86 24 96 50 44 82 72 51 61 41 31 37 59 36 43 82 92 91 25 60 64 77 84 19 73 67 62 36 62 74 72 25 69 93 22 93 20 45 21 84 75 69 59 70 27 25 98 96 73 75 50 63 96 71 59 79 38 35 47 15 97 72 87 11 15 33 16
21 74 24 86 23 23 67 35 29 33 31 73 29 43 36 54 37 79 55 65 87 48 22 20 16 44 25 81 77 78 22 76 59 10 32 63 61 82 22 50 40 88 53 0 77 48 82 17 82 21 21 95 93 31 96 91 12 66 51 43 68 85 95 15 72 93 84 73 98 72 73 76 86 27 89 22 12 69 56 90 50 55 19 66 81 98 29 79 89 66 28 95 60 77 32 54 72 74 89 41 36 82 15 31 89 64 13 41 21 48 64 57 51 67 20 18 82 60 79 25 14 88 76 23 37 48 93 36 88 90 46 47 83 72 54 24 79 52 12 98
50 14 25 67 43 17 14 24 91 54 99 57 27 82 63 29 40 21 82 17 73 82 93 33 62 54 55 87 74 66 50 88 51 46 36 24 18 60 29 78 58 70 98 77 0 62 11 70 17 10 36 49 57 22 61 10 12 76 75 41 85 81 21 38 49 46 26 39 36 98 21 36 87 96 12 88 31 20 30 33 25 49 72 41 68 55 53 91 91 45 82 85 71 75 67 31 27 19 54 31 69 66 57 24 98 56 98 55 62 58 80 64 81 41 73 43 50 98 38 98 72 81 35 49 97 72 68 44 61 44 25 26 73 76 83 25 88 25 19 82
95 77 86 76 55 33 44 43 83 80 22 15 77 19 98 77 18 36 79 34 80 82 51 17 67 81 58 83 98 45 29 99 20 31 86 53 53 91 90 68 48 42 66 48 62 0 63 92 39 86 95 91 83 70 31 22 31 78 68 89 16 84 72 95 24 61 99 60 36 29 68 43 37 20 49 55 86 25 73 81 71 90 91 50 75 99 67 82 86 21 12 42 44 53 36 96 74 90 14 81 66 66 80 35 22 41 74 75 24 37 14 33 49 87 42 61 96 95 96 57 32 63 17 28 35 49 89 62 18 75 83 25 31 49 41 84 83 25 65 93
14 99 26 27 91 75 11 77 80 89 87 39 27 84 58 22 56 14 23 30 89 95 67 82 59 48 26 87 87 43 51 26 50 15 89 30 41 39 39 35 86 84 95 82 11 63 0 49 62 77 25 67 94 98 55 87 60 10 31 88 75 45 62 24 46 75 49 33 93 85 60 45 18 54 75 29 56 79 80 83 69 48 33 18 62 85 15 84 59 84 29 19 94 99 37 17 65 54 10 17 69 78 89 39 47 68 41 64 37 40 81 91 70 88 72 75 42 59 96 46 24 99 71 77 81 55 22 74 71 69 39 42 64 28 88 45 84 69 49 77
22 88 66 66 36 28 58 12 66 42 47 72 63 41 75 74 58 31 45 98 18 76 30 59 92 86 80 69 41 10 86 41 57 83 93 67 49 98 33 39 33 72 97 17 70 92 49 0 47 93 93 62 10 81 17 16 22 18 60 23 58 55 33 43 64 91 15 65 35 91 70 18 23 90 99 39 12 26 89 18 47 78 93 44 50 60 84 71 92 99 65 31 82 68 99 77 42 78 54 94 79 53 34 43 20 26 34 84 48 67 60 91 40 35 84 25 89 79 18 64 25 22 47 48 60 57 80 47 62 69 77 13 36 50 95 39 15 12 45 81
86 50 78 87 86 34 31 38 20 35 80 26 63 30 20 96 57 66 98 61 36 38 60 87 81 37 30 15 58 30 75 70 64 85 66 59 68 50 35 95 99 49 94 82 17 39 62 47 0 18 17 74 71 57 96 21 89 75 23 20 37 17 81 35 98 73 52 44 96 99 73 30 84 43 51 77 94 82 51 64 82 10 16 25 98 33 55 91 17 30 92 29 65 47 16 26 22 92 63 50 64 18 14 98 60 22 37 85 36 83 96 55 67 78 87 12 85 84 64 89 68 73 71 99 87 80 87 76 41 78 65 36 74 28 46 46 99 67 25 29
39 73 48 98 89 90 63 22 65 41 37 18 93 11 80 23 65 33 91 50 32 59 89 75 57 66 65 32 74 59 63 81 13 51 35 27 96 25 20 20 73 38 59 21 10 86 77 93 18 0 30 53 61 87 56 18 96 57 91 75 60 13 16 51 25 83 84 27 45 49 81 39 49 95 85 27 71 40 23 34 13 10 37 69 84 64 35 12 51 96 53 69 51 52 29 30 23 56 69 77 41 52 91 74 92 20 77 66 18 31 84 56 56 16 46 11 86 37 42 23 41 88 42 93 12 15 10 30 89 41 28 85 74 15 99 47 59 79 68 23
79 73 44 61 74 85 54 25 42 94 51 14 70 79 72 92 19 63 10 92 79 91 87 31 45 31 30 76 41 53 41 16 99 42 35 92 14 45 21 53 12 29 33 21 36 95 25 93 17 30 0 86 97 36 15 60 89 47 75 23 81 69 88 68 95 99 89 36 69 90 47 66 33 57 60 12 27 41 25 69 59 25 80 17 71 90 30 30 54 45 98 30 78 70 15 46 80 56 21 10 19 98 15 43 72 73 93 12 81 35 32 84 36 58 20 19 78 27 90 68 27 85 28 25 49 23 81 99 25 30 48 37 59 89 26 13 74 70 96 40
11 21 62 48 20 72 11 85 39 43 72 94 94 73 80 63 16 47 83 23 53 82 88 85 85 40 70 62 14 18 37 85 93 96 65 14 69 81 44 22 81 74 17 95 49 91 67 62 74 53 86 0 28 93 88 21 44 69 96 66 30 81 16 36 80 49 77 55 72 73 23 49 34 47 93 34 19 93 49 46 70 56 96 16 64 19 40 82 65 97 77 74 51 82 65 14 13 64 93 96 68 61 99 50 56 34 52 91 37 93 17 71 67 99 93 62 55 50 61 37 34 67 79 93 10 17 36 53 45 29 63 61 33 55 15 90 81 18 32 18
73 73 82 15 84 30 30 27 33 62 61 47 85 33 20 14 91 70 84 54 19 73 63 26 83 23 24 78 82 40 45 26 46 66 91 17 82 89 75 74 54 74 93 93 57 83 94 10 71 61 97 28 0 79 67 38 69 79 64 77 45 68 59 35 24 10 17 13 39 39 73 43 14 36 57 18 93 19 27 34 95 96 53 25 10 57 36 98 95 79 88 28 31 46 18 91 74 14 75 42 20 57 57 10 84 39 93 92 59 23 54 48 31 90 90 69 59 93 29 63 79 88 28 21 77 46 35 82 38 73 43 78 37 95 42 61 73 54 90 92
75 16 49 79 93 97 96 21 33 60 32 90 20 27 76 22 53 85 79 29 49 74 96 46 44 96 47 36 55 49 49 69 28 97 41 76 12 33 22 55 94 48 31 31 22 70 98 81 57 87 36 93 79 0 22 12 52 87 19 42 20 89 53 23 10 86 96 90 88 20 22 45 22 94 60 34 13 46 55 61 59 70 54 91 50 71 61 29 25 43 93 87 39 32 52 37 45 40 26 51 95 69 58 11 66 99 86 16 10 73 78 43 99 75 94 49 31 31 40 56 96 47 53 72 42 43 44 50 74 49 26 49 69 79 89 13 41 56 14 93
61 54 85 86 39 32 79 28 77 84 21 58 55 94 97 48 30 82 42 95 48 44 47 27 41 86 75 63 46 38 76 64 44 39 82 40 58 43 86 10 12 17 17 96 61 31 55 17 96 56 15 88 67 22 0 43 63 40 50 21 96 68 78 18 17 45 74 48 88 69 81 95 61 97 27 17 42 98 27 19 81 71 46 45 23 88 44 63 38 89 37 50 74 56 47 44 97 64 80 30 18 95 82 98 70 28 41 31 55 80 42 72 37 53 85 65 75 30 30 17 66 19 96 28 77 84 71 32 30 18 56 47 14 66 85 31 77 52 53 60
93 21 88 96 13 20 62 88 17 61 60 76 55 50 89 34 88 36 11 54 17 33 44 54 87 73 97 76 49 38 88 80 98 54 21 10 39 77 53 84 90 92 55 91 10 22 87 16 21 18 60 21 38 12 43 0 45 65 26 32 19 19 17 44 58 72 85 69 32 84 65 37 65 83 11 29 81 61 32 33 68 55 35 35 86 84 89 62 32 75 35 31 90 27 34 17 34 51 78 21 29 94 67 70 62 12 94 17 72 30 28 29 73 37 34 28 54 26 37 79 89 65 71 42 38 50 33 47 43 61 56 89 85 21 59 14 80 24 75 13
55 49 88 66 53 75 89 26 67 31 96 80 17 72 86 79 90 85 60 57 73 15 32 85 67 76 14 71 37 51 31 98 16 66 62 71 34 23 40 82 99 74 99 12 12 31 60 22 89 96 89 44 69 52 63 45 0 82 79 49 70 35 27 41 81 65 60 50 38 32 72 86 47 38 16 45 70 22 42 92 41 94 46 71 44 86 84 19 34 57 31 10 86 79 58 99 81 55 84 53 10 65 97 83 64 35 54 10 70 40 18 31 59 41 42 69 50 95 24 82 54 14 84 12 12 54 99 26 41 47 55 88 20 50 29 94 78 22 18 55
77 90 92 98 37 83 21 62 46 92 71 19 23 86 93 26 65 66 27 12 15 55 93 86 55 15 68 70 66 84 72 89 68 68 40 63 70 40 49 74 60 48 38 66 76 78 10 18 75 57 47 69 79 87 40 65 82 0 69 82 21 61 72 97 82 16 83 77 98 64 27 24 90 23 98 48 20 57 51 85 76 95 30 14 44 70 64 47 39 12 45 78 32 40 52 23 62 59 87 54 78 26 37 28 64 93 75 19 45 19 27 98 91 98 60 19 38 92 50 74 76 16 27 96 66 12 70 77 84 38 55 22 63 73 62 60 86 44 78 73
53 98 95 76 82 27 12 96 92 35 11 86 47 36 45 26 50 83 48 37 78 23 19 89 73 80 58 43 78 56 53 76 40 15 85 41 77 32 93 96 97 37 58 51 75 68 31 60 23 91 75 96 64 19 50 26 79 69 0 91 74 37 99 72 10 79 75 44 14 86 59 45 92 47 33 71 60 51 32 74 95 49 79 67 63 75 20 97 40 90 51 74 24 15 93 14 75 78 47 18 40 98 17 78 83 24 52 86 36 97 37 43 35 73 24 90 67 57 10 14 96 98 51 95 65 53 29 71 86 77 73 62 46 63 96 81 72 91 59 28
83 96 65 74 66 97 81 22 18 88 69 12 17 23 93 89 18 24 78 14 84 65 58 19 65 67 57 78 56 23 49 92 55 92 80 40 89 46 64 61 84 69 72 43 41 89 88 23 20 75 23 66 77 42 21 32 49 82 91 0 54 74 26 97 13 76 40 95 86 65 78 78 98 53 87 11 19 56 85 14 99 76 22 82 90 69 89 13 53 18 87 71 83 65 71 67 94 84 82 31 85 74 60 86 18 82 21 68 98 32 72 40 32 98 16 71 40 47 18 91 66 30 16 81 79 24 18 40 28 44 76 30 36 83 10 72 18 30 49 56
52 63 67 57 76 92 86 50 37 28 53 57 50 11 45 96 65 34 64 24 71 64 84 55 66 82 43 83 64 84 85 99 14 69 37 63 54 34 91 36 92 42 47 68 85 16 75 58 37 60 81 30 45 20 96 19 70 21 74 54 0 28 24 15 79 31 10 55 90 71 41 78 14 93 48 70 92 40 22 15 85 43 56 29 97 20 91 13 21 99 78 20 23 16 17 14 38 34 33 34 15 19 70 15 42 32 12 26 93 45 17 15 37 26 27 44 93 11 69 96 53 70 99 93 96 76 93 99 30 96 19 24 64 12 18 91 97 77 32 33
62 65 50 19 50 11 25 99 87 14 92 70 94 57 40 19 26 77 10 59 50 85 88 99 95 99 83 47 49 44 34 39 37 71 47 86 26 35 68 25 78 14 87 85 81 84 45 55 17 13 69 81 68 89 68 19 35 61 37 74 28 0 37 73 84 47 21 24 98 25 48 49 76 94 76 83 78 23 63 21 26 71 46 68 54 96 23 95 14 79 35 15 57 31 21 49 11 55 60 68 73 93 15 79 82 34 12 39 24 31 55 43 69 41 50 52 68 84 90 84 99 87 33 23 41 39 80 62 33 18 24 54 65 54 86 57 73 41 50 59
47 33 89 84 17 61 44 66 73 89 25 29 88 38 57 94 46 97 26 62 82 78 95 84 38 36 71 66 83 51 17 72 87 76 85 29 83 60 44 14 35 15 12 95 21 72 62 33 81 16 88 16 59 53 78 17 27 72 99 26 24 37 0 77 80 91 38 57 31 29 53 11 28 44 45 45 30 74 30 86 83 58 21 25 43 58 21 28 96 70 29 33 95 70 83 83 27 94 84 96 76 33 67 97 75 44 77 36 56 58 45 38 57 13 84 80 23 46 51 54 62 60 74 80 57 64 76 88 60 86 40 17 36 65 82 92 25 12 32 75
26 48 28 58 37 66 31 82 19 85 36 33 41 35 23 74 32 56 39 48 81 64 34 78 28 99 77 59 46 19 10 67 26 22 53 72 60 54 58 68 15 31 22 15 38 95 24 43 35 51 68 36 35 23 18 44 41 97 72 97 15 73 77 0 38 83 19 99 10 25 39 58 23 39 68 27 46 47 54 53 97 35 11 60 69 19 73 75 13 93 43 70 50 99 24 83 38 73 17 51 15 40 76 69 72 40 91 73 58 75 95 28 16 52 43 55 44 57 73 43 94 83 59 33 75 80 57 45 17 44 36 51 48 47 39 29 53 81 79 35
24 62 58 16 18 84 63 31 29 44 90 24 27 90 21 70 59 33 44 78 43 30 30 67 56 39 38 66 67 83 45 24 21 44 28 98 99 93 55 23 13 88 52 72 49 24 46 64 98 25 95 80 24 10 17 58 81 82 10 13 79 84 80 38 0 79 82 24 37 68 12 46 74 31 84 99 44 45 86 77 32 75 16 85 70 55 99 60 69 23 75 11 19 59 48 23 92 28 70 47 35 17 21 37 73 52 73 86 32 96 91 69 11 22 11 82 76 62 71 29 21 60 24 40 18 67 63 56 70 72 69 58 85 26 31 74 11 20 22 31
85 93 77 74 46 45 26 61 63 29 41 47 63 12 94 70 14 87 37 64 63 18 53 87 68 20 32 69 83 67 35 47 97 74 63 30 66 90 18 84 53 78 68 93 46 61 75 91 73 83 99 49 10 86 45 72 65 16 79 76 31 47 91 83 79 0 17 90 19 28 75 77 71 86 87 32 33 19 64 17 11 77 47 42 64 10 53 68 44 13 98 67 95 94 84 82 78 25 62 28 45 97 58 33 28 23 86 12 93 68 60 77 47 23 50 19 18 95 42 55 49 85 32 74 62 64 55 32 29 38 49 33 63 99 24 41 20 17 94 84
50 69 53 78 57 79 99 86 50 80 58 22 93 99 56 28 49 99 76 96 96 76 43 25 82 93 83 34 82 67 82 93 55 12 48 60 53 46 53 23 19 92 53 84 26 99 49 15 52 84 89 77 17 96 74 85 60 83 75 40 10 21 38 19 82 17 0 54 22 58 99 75 11 29 25 84 80 24 23 74 63 87 56 31 94 47 50 98 66 49 73 28 10 51 88 16 33 38 25 42 68 67 74 48 52 71 10 97 43 17 27 17 50 21 95 28 92 53 66 96 45 31 37 39 70 35 81 56 15 23 59 21 15 10 11 70 51 72 51 71
20 26 55 94 86 39 46 76 47 42 22 96 45 79 58 39 95 82 60 55 60 21 17 57 41 20 97 42 31 44 12 65 30 90 37 70 52 94 75 20 67 89 98 73 39 60 33 65 44 27 36 55 13 90 48 69 50 77 44 95 55 24 57 99 24 90 54 0 65 91 88 54 89 12 15 63 39 80 77 14 65 11 38 44 54 50 70 47 80 17 86 63 15 28 16 69 52 60 65 36 51 89 14 22 66 45 95 34 35 62 20 30 14 16 77 43 33 66 17 87 86 48 16 69 26 26 56 63 10 85 71 98 55 72 56 37 36 60 68 83
97 91 79 82 24 12 66 33 93 50 46 99 13 58 48 81 65 26 94 91 12 56 33 57 25 80 84 27 98 97 69 40 82 87 93 53 94 45 35 94 66 12 94 98 36 36 93 35 96 45 69 72 39 88 88 32 38 98 14 86 90 98 31 10 37 19 22 65 0 57 77 93 40 88 38 81 75 64 32 35 29 93 20 42 88 55 80 37 82 25 81 20 79 88 64 12 89 10 59 27 17 51 12 38 39 39 34 34 20 16 78 43 55 68 72 60 65 59 71 49 93 44 39 64 97 47 33 62 24 51 85 67 23 66 21 21 25 37 10 90
84 21 96 65 72 44 22 61 97 11 15 95 94 92 73 47 45 81 78 96 93 15 36 64 66 41 61 92 85 11 64 83 59 24 49 73 18 74 11 16 19 19 20 72 98 29 85 91 99 49 90 73 39 20 69 84 32 64 86 65 71 25 29 25 68 28 58 91 57 0 60 44 13 74 68 87 40 66 21 64 31 22 38 40 35 42 18 34 64 42 38 74 96 23 95 41 54 94 42 76 32 67 83 58 42 28 39 14 16 87 33 71 41 92 46 85 37 16 63 56 13 39 94 26 90 89 22 50 99 78 26 29 42 16 57 98 24 87 56 74
42 60 61 60 63 46 31 89 98 38 61 69 23 22 70 41 31 12 81 35 97 72 27 26 83 21 96 16 98 73 68 35 31 87 36 91 76 18 75 72 92 20 12 73 21 68 60 70 73 81 47 23 73 22 81 65 72 27 59 78 41 48 53 39 12 75 99 88 77 60 0 71 81 43 80 44 18 59 73 77 96 28 95 29 60 96 50 93 33 33 12 28 47 19 77 87 13 27 54 36 90 15 26 87 55 65 95 11 33 94 51 65 14 38 37 41 17 61 77 72 25 29 70 80 53 26 76 17 43 81 55 80 54 90 23 75 81 70 91 67
40 92 59 36 93 70 16 62 64 37 63 79 94 37 10 97 97 28 37 45 88 87 78 33 26 45 42 80 21 95 92 89 27 56 79 62 78 66 11 69 38 25 53 76 36 43 45 18 30 39 66 49 43 45 95 37 86 24 45 78 78 49 11 58 46 77 75 54 93 44 71 0 17 68 85 12 21 39 14 94 23 64 45 89 25 91 35 85 55 10 94 10 46 75 12 82 26 75 33 97 71 67 41 22 50 76 60 87 85 37 30 77 21 79 71 93 52 16 79 96 89 28 16 82 73 60 77 83 64 82 37 70 89 68 68 63 34 73 96 48
69 98 83 59 75 31 72 67 52 20 84 69 43 29 31 12 39 67 87 62 60 18 34 65 24 85 60 25 83 79 96 46 93 66 32 14 80 99 43 62 19 75 16 86 87 37 18 23 84 49 33 34 14 22 61 65 47 90 92 98 14 76 28 23 74 71 11 89 40 13 81 17 0 70 12 77 98 57 62 19 84 87 93 89 92 38 75 19 23 22 49 80 29 57 64 63 62 50 75 66 12 80 48 71 66 71 61 79 20 22 87 62 23 28 31 34 85 81 42 96 11 98 30 54 92 31 56 48 85 26 96 92 78 66 25 32 90 33 84 35
98 24 84 53 48 37 13 57 91 79 51 29 84 89 88 54 44 53 63 19 98 24 13 63 33 49 10 15 72 72 90 46 21 33 50 74 33 71 78 10 55 15 86 27 96 20 54 90 43 95 57 47 36 94 97 83 38 23 47 53 93 94 44 39 31 86 29 12 88 74 43 68 70 0 46 54 46 23 13 19 55 25 83 60 36 10 63 29 33 61 45 57 26 73 66 23 82 38 43 55 66 65 82 67 32 83 49 14 99 60 93 72 28 15 86 59 26 22 89 67 56 24 67 64 79 97 16 98 22 70 32 39 21 29 26 86 90 52 33 77
24 92 13 63 82 75 21 31 48 19 37 47 61 82 97 15 27 82 99 35 71 39 34 48 84 18 74 79 67 58 38 35 22 28 26 21 89 47 48 41 67 98 24 89 12 49 75 99 51 85 60 93 57 60 27 11 16 98 33 87 48 76 45 68 84 87 25 15 38 68 80 85 12 46 0 35 37 26 82 99 31 12 45 97 45 27 93 75 72 50 49 31 61 28 26 19 25 76 35 29 46 82 17 40 77 33 75 87 95 37 32 31 35 47 54 80 61 26 51 33 97 46 30 59 32 70 88 59 33 96 80 73 18 65 52 94 47 28 58 71
31 93 46 99 76 30 46 91 40 48 90 88 59 99 60 80 35 47 75 39 41 74 45 26 35 74 22 70 98 52 51 65 94 98 43 59 82 12 59 10 41 52 96 22 88 55 29 39 77 27 12 34 18 34 17 29 45 48 71 11 70 83 45 27 99 32 84 63 81 87 44 12 77 54 35 0 35 37 10 87 54 72 99 52 59 60 47 95 25 84 29 97 52 55 65 88 37 35 10 55 46 86 49 20 44 44 82 52 65 58 44 97 13 69 53 39 90 67 41 30 57 37 57 52 29 36 56 42 85 36 23 88 87 79 69 69 23 27 16 63
28 22 79 76 11 64 88 33 62 38 74 21 28 74 51 11 83 97 85 91 41 58 99 55 11 52 86 15 95 73 66 33 57 81 56 69 24 41 88 57 11 41 50 12 31 86 56 12 94 71 27 19 93 13 42 81 70 20 60 19 92 78 30 46 44 33 80 39 75 40 18 21 98 46 37 35 0 56 36 62 82 17 71 41 43 26 72 42 28 65 47 38 68 22 81 49 98 84 95 94 45 43 88 49 33 93 37 44 30 59 59 60 61 94 13 10 24 35 99 10 84 14 82 55 33 77 54 37 54 39 50 81 33 32 80 14 67 85 18 74
13 15 35 71 46 95 77 78 96 36 20 36 90 14 54 52 17 39 87 19 25 19 87 23 50 27 46 57 71 91 64 33 72 86 49 83 22 32 57 35 71 31 44 69 20 25 79 26 82 40 41 93 19 46 98 61 22 57 51 56 40 23 74 47 45 19 24 80 64 66 59 39 57 23 26 37 56 0 71 63 20 13 56 56 58 27 76 73 44 59 27 30 84 14 81 19 75 40 83 32 22 38 28 25 99 88 31 84 35 22 30 76 58 87 58 94 64 40 59 93 63 41 81 13 67 28 55 57 47 65 69 54 14 55 76 38 63 26 75 29
61 48 69 77 82 34 91 55 32 17 46 84 33 76 30 41 78 21 38 61 51 80 37 44 99 75 79 31 60 22 90 23 42 14 83 32 16 17 12 29 35 89 82 56 30 73 80 89 51 23 25 49 27 55 27 32 42 51 32 85 22 63 30 54 86 64 23 77 32 21 73 14 62 13 82 10 36 71 0 81 78 37 92 82 42 36 57 59 65 86 19 78 61 78 26 51 66 83 27 54 90 16 92 72 75 56 91 77 18 57 50 97 10 36 82 12 59 55 43 97 33 97 11 15 10 86 13 25 22 27 81 27 22 74 98 11 47 12 94 20
26 21 86 37 88 54 30 37 63 66 40 68 14 64 22 10 83 26 20 43 20 99 71 63 58 72 10 45 47 56 13 60 83 73 83 38 28 80 95 93 22 50 72 90 33 81 83 18 64 34 69 46 34 61 19 33 92 85 74 14 15 21 86 53 77 17 74 14 35 64 77 94 19 19 99 87 62 63 81 0 66 88 80 11 79 93 62 20 87 27 56 75 53 33 79 97 70 53 24 37 36 25 59 49 40 46 87 19 28 17 83 12 39 63 99 49 20 16 10 54 57 91 93 86 72 39 91 96 53 72 71 18 35 36 39 13 32 93 79 25
36 82 98 53 50 50 57 24 11 38 32 74 50 26 14 76 50 66 97 68 59 95 97 29 45 75 48 12 80 36 77 58 28 61 67 36 58 50 17 27 20 52 51 50 25 71 69 47 82 13 59 70 95 59 81 68 41 76 95 99 85 26 83 97 32 11 63 65 29 31 96 23 84 55 31 54 82 20 78 66 0 10 88 43 76 71 70 44 48 71 56 51 96 53 59 17 88 16 51 72 72 25 45 23 78 92 78 26 43 41 86 93 87 59 35 63 82 89 52 47 61 89 58 63 55 76 80 58 78 37 94 38 98 42 41 34 84 73 86 16
73 91 65 41 47 58 68 72 19 86 13 77 62 72 76 74 47 85 23 99 81 87 78 65 84 80 70 14 99 45 29 34 89 46 15 42 26 17 70 56 42 39 61 55 49 90 48 78 10 10 25 56 96 70 71 55 94 95 49 76 43 71 58 35 75 77 87 11 93 22 28 64 87 25 12 72 17 13 37 88 10 0 80 91 86 61 12 56 80 39 69 25 12 24 18 94 27 32 24 91 26 40 20 35 22 33 18 63 67 65 44 14 26 75 69 37 75 42 42 46 77 31 31 32 92 43 43 51 89 31 94 55 33 41 34 12 54 32 30 62
34 43 92 63 39 12 16 41 85 33 14 48 55 21 49 35 13 93 22 65 17 35 11 78 86 60 80 35 27 76 29 96 88 98 44 52 39 25 77 22 78 87 41 19 72 91 33 93 16 37 80 96 53 54 46 35 46 30 79 22 56 46 21 11 16 47 56 38 20 38 95 45 93 83 45 99 71 56 92 80 88 80 0 52 48 85 76 60 86 40 67 58 11 75 31 74 49 35 69 37 65 94 73 73 74 16 64 92 32 66 55 40 54 21 17 71 62 21 98 89 80 65 10 70 63 57 85 21 59 18 12 47 53 74 96 10 19 91 88 62
18 63 76 99 32 89 19 53 93 17 98 86 62 42 55 36 89 39 66 27 60 53 17 73 96 55 34 35 42 54 64 41 16 40 80 94 95 19 99 69 47 15 31 66 41 50 18 44 25 69 17 16 25 91 45 35 71 14 67 82 29 68 25 60 85 42 31 44 42 40 29 89 89 60 97 52 41 56 82 11 43 91 52 0 61 40 82 13 62 15 88 65 53 15 74 29 69 27 35 14 29 94 82 19 86 90 37 80 34 53 53 51 62 19 95 80 19 99 91 60 99 35 38 77 50 81 79 54 23 37 75 43 39 79 93 13 62 78 21 48
48 94 71 74 39 80 79 89 20 10 15 89 49 65 13 72 81 33 56 86 48 34 51 38 47 26 37 93 65 76 17 88 88 62 21 85 76 59 88 36 99 45 37 81 68 75 62 50 98 84 71 64 10 50 23 86 44 44 63 90 97 54 43 69 70 64 94 54 88 35 60 25 92 36 45 59 43 58 42 79 76 86 48 61 0 66 33 15 21 38 35 57 89 55 20 80 56 25 47 99 99 97 22 54 92 73 88 97 97 76 17 47 54 44 18 45 26 70 69 30 20 19 98 27 29 11 32 23 93 77 27 53 12 31 83 92 70 16 87 59
93 23 10 15 77 74 18 53 53 43 10 68 10 12 75 89 28 59 97 33 76 55 86 26 14 11 55 95 89 24 61 46 60 66 40 70 14 77 34 85 14 62 59 98 55 99 85 60 33 64 90 19 57 71 88 84 86 70 75 69 20 96 58 19 55 10 47 50 55 42 96 91 38 10 27 60 26 27 36 93 71 61 85 40 66 0 91 75 13 45 92 94 44 25 69 86 56 34 92 68 65 20 61 15 74 80 28 88 83 59 67 16 36 12 16 53 73 73 17 68 99 48 43 72 45 49 67 72 55 13 70 85 38 52 19 91 95 17 13 13
79 29 31 22 98 56 67 77 59 15 71 47 40 26 71 15 10 39 53 52 92 75 97 91 58 40 36 44 24 86 87 79 44 91 48 20 10 51 49 80 54 57 36 29 53 67 15 84 55 35 30 40 36 61 44 89 84 64 20 89 91 23 21 73 99 53 50 70 80 18 50 35 75 63 93 47 72 76 57 62 70 12 76 82 33 91 0 12 64 39 82 98 94 46 98 73 33 18 97 59 41 25 61 28 56 29 73 29 20 29 97 70 21 28 75 59 61 30 19 27 46 90 27 51 57 40 27 38 11 95 21 88 37 11 21 28 71 17 29 46
65 60 51 40 93 41 17 61 32 10 21 83 85 69 67 36 39 23 21 28 41 21 83 18 30 17 62 60 38 60 49 58 57 58 64 43 20 76 82 45 52 14 43 79 91 82 84 71 91 12 30 82 98 29 63 62 19 47 97 13 13 95 28 75 60 68 98 47 37 34 93 85 19 29 75 95 42 73 59 20 44 56 60 13 15 75 12 0 51 73 33 12 30 67 72 49 62 92 45 53 28 53 77 95 78 68 19 64 36 27 92 85 47 61 34 48 42 41 72 74 93 12 62 50 45 76 17 67 18 33 19 50 31 12 59 14 21 16 19 94
71 83 83 57 94 36 33 72 68 28 53 47 66 80 94 46 25 19 43 48 62 90 53 66 78 16 42 19 39 57 58 45 81 33 81 61 97 41 28 89 13 19 82 89 91 86 59 92 17 51 54 65 95 25 38 32 34 39 40 53 21 14 96 13 69 44 66 80 82 64 33 55 23 33 72 25 28 44 65 87 48 80 86 62 21 13 64 51 0 66 70 80 28 27 19 79 36 76 16 64 19 90 89 41 89 85 41 21 71 88 17 49 35 55 55 46 91 60 77 80 59 34 15 80 94 16 95 24 21 10 95 36 28 28 31 99 86 11 92 22
26 21 40 87 89 29 56 53 47 47 91 32 74 89 58 32 37 93 57 88 76 33 35 14 21 58 18 26 73 73 24 22 92 81 88 30 23 27 45 59 19 68 92 66 45 21 84 99 30 96 45 97 79 43 89 75 57 12 90 18 99 79 70 93 23 13 49 17 25 42 33 10 22 61 50 84 65 59 86 27 71 39 40 15 38 45 39 73 66 0 50 40 67 95 39 28 29 24 82 24 57 49 92 98 11 30 77 23 83 19 18 99 90 20 76 17 53 83 37 16 19 10 13 53 35 24 82 20 30 80 69 76 36 72 43 24 14 98 35 93
39 23 34 27 90 73 65 14 62 84 63 95 95 62 65 71 63 28 52 74 89 92 90 78 55 41 12 50 91 84 46 94 52 65 28 52 56 64 34 42 21 71 91 28 82 12 29 65 92 53 98 77 88 93 37 35 31 45 51 87 78 35 29 43 75 98 73 86 81 38 12 94 49 45 49 29 47 27 19 56 56 69 67 88 35 92 82 33 70 50 0 70 43 87 19 69 81 63 56 94 60 29 81 54 90 71 50 33 64 15 45 85 64 63 52 83 67 33 23 30 50 46 19 47 92 20 17 83 22 15 21 93 50 93 56 75 90 17 64 73
21 52 41 93 98 92 58 45 25 68 79 24 32 44 59 80 87 81 22 71 66 33 14 58 11 29 63 23 11 95 26 91 93 29 82 31 82 17 63 22 13 25 25 95 85 42 19 31 29 69 30 74 28 87 50 31 10 78 74 71 20 15 33 70 11 67 28 63 20 74 28 10 80 57 31 97 38 30 78 75 51 25 58 65 57 94 98 12 80 40 70 0 53 92 63 65 39 96 40 41 10 17 37 99 15 26 22 73 54 77 89 57 50 30 71 64 98 97 14 93 72 98 36 40 85 11 99 67 62 92 57 65 79 96 28 83 17 75 36 38
28 94 28 68 32 51 74 62 20 18 11 62 49 78 23 41 93 27 95 83 33 35 86 15 37 36 46 89 29 47 89 45 93 21 17 63 87 42 34 18 15 75 60 60 71 44 94 82 65 51 78 51 31 39 74 90 86 32 24 83 23 57 95 50 19 95 10 15 79 96 47 46 29 26 61 52 68 84 61 53 96 12 11 53 89 44 94 30 28 67 43 53 0 48 41 33 30 48 55 12 83 78 62 32 96 53 36 98 20 19 96 15 80 48 65 93 14 33 78 58 50 43 66 91 17 30 43 21 38 56 82 31 65 34 84 92 52 58 71 24
84 50 80 41 93 51 76 66 75 96 26 85 51 64 79 17 62 30 27 72 36 66 29 41 74 77 71 28 35 52 90 27 97 86 56 39 24 37 21 97 26 85 64 77 75 53 99 68 47 52 70 82 46 32 56 27 79 40 15 65 16 31 70 99 59 94 51 28 88 23 19 75 57 73 28 55 22 14 78 33 53 24 75 15 55 25 46 67 27 95 87 92 48 0 14 76 62 72 91 63 76 50 95 94 96 50 64 83 76 70 69 39 26 19 17 82 10 37 30 25 88 46 79 71 29 66 77 25 98 14 68 23 60 85 75 61 58 20 61 15
89 58 10 38 97 85 62 15 69 96 19 21 59 59 43 55 83 13 11 24 81 23 33 31 45 11 60 98 59 59 95 68 38 79 73 85 25 67 12 37 26 37 77 32 67 36 37 99 16 29 15 65 18 52 47 34 58 52 93 71 17 21 83 24 48 84 88 16 64 95 77 12 64 66 26 65 81 81 26 79 59 18 31 74 20 69 98 72 19 39 19 63 41 14 0 49 28 10 40 39 64 81 22 87 89 13 69 34 84 89 64 12 10 44 16 52 72 87 51 77 11 62 96 55 22 78 98 52 63 47 66 14 87 60 47 60 46 98 45 79
47 81 83 11 54 14 72 74 29 45 74 69 21 42 57 92 13 78 34 58 63 79 75 24 19 62 19 49 68 27 23 41 48 38 84 29 76 17 42 11 62 54 84 54 31 96 17 77 26 30 46 14 91 37 44 17 99 23 14 67 14 49 83 83 23 82 16 69 12 41 87 82 63 23 19 88 49 19 51 97 17 94 74 29 80 86 73 49 79 28 69 65 33 76 49 0 22 38 68 11 90 81 77 46 58 37 34 16 14 46 83 37 99 16 37 48 37 96 37 76 45 67 96 80 37 91 36 58 52 61 77 74 71 90 44 35 70 71 23 39
58 69 97 32 88 13 47 84 37 98 63 57 42 31 42 18 85 40 83 26 90 62 85 20 64 66 35 62 22 83 30 50 57 72 65 15 47 63 30 33 92 14 19 72 27 74 65 42 22 23 80 13 74 45 97 34 81 62 75 94 38 11 27 38 92 78 33 52 89 54 13 26 62 82 25 37 98 75 66 70 88 27 49 69 56 56 33 62 36 29 81 39 30 62 28 22 0 23 26 59 76 54 27 42 87 54 12 54 41 57 66 24 26 11 89 99 22 99 51 33 73 78 81 82 63 92 71 52 91 68 58 44 33 68 53 50 84 10 93 38
20 41 25 62 39 72 91 99 95 52 40 26 90 62 81 98 60 41 16 76 27 20 87 68 15 13 28 85 14 47 51 85 20 75 93 70 61 47 25 67 18 32 73 74 19 90 54 78 92 56 56 64 14 40 64 51 55 59 78 84 34 55 94 73 28 25 38 60 10 94 27 75 50 38 76 35 84 40 83 53 16 32 35 27 25 34 18 92 76 24 63 96 48 72 10 38 23 0 61 35 47 10 17 26 87 38 79 98 71 29 11 68 65 19 88 78 24 61 14 99 77 29 58 22 48 44 28 60 13 32 69 90 87 30 28 76 81 20 33 56
91 56 56 99 29 74 85 42 62 38 57 43 29 30 81 90 19 13 41 99 47 95 59 95 51 28 85 93 75 20 39 99 12 92 86 33 15 61 46 41 96 64 67 89 54 14 10 54 63 69 21 93 75 26 80 78 84 87 47 82 33 60 84 17 70 62 25 65 59 42 54 33 75 43 35 10 95 83 27 24 51 24 69 35 47 92 97 45 16 82 56 40 55 91 40 68 26 61 0 80 45 33 54 18 14 62 54 82 65 19 44 99 92 99 35 53 52 54 80 75 82 30 49 68 39 52 82 45 83 50 40 53 83 62 26 67 49 92 66 54
57 26 98 94 80 98 56 45 63 56 20 69 95 84 47 13 85 39 52 24 40 51 19 96 66 12 12 39 71 55 12 59 76 25 32 50 79 99 59 61 78 26 62 41 31 81 17 94 50 77 10 96 42 51 30 21 53 54 18 31 34 68 96 51 47 28 42 36 27 76 36 97 66 55 29 55 94 32 54 37 72 91 37 14 99 68 59 53 64 24 94 41 12 63 39 11 59 35 80 0 24 54 97 99 88 54 46 53 36 35 11 47 68 26 57 67 40 92 10 80 19 46 23 21 49 26 61 54 27 89 58 38 75 23 28 60 79 52 71 36
85 47 83 99 84 93 88 15 60 69 61 81 64 66 89 69 66 76 47 39 27 67 35 42 70 87 49 82 96 88 65 12 67 63 45 80 19 54 64 21 15 11 36 36 69 66 69 79 64 41 19 68 20 95 18 29 10 78 40 85 15 73 76 15 35 45 68 51 17 32 90 71 12 66 46 46 45 22 90 36 72 26 65 29 99 65 41 28 19 57 60 10 83 76 64 90 76 47 45 24 0 82 26 72 36 46 36 41 55 60 17 37 46 93 25 82 91 69 49 63 72 97 31 49 46 57 44 78 46 26 77 51 48 82 73 63 89 10 80 78
59 76 50 23 68 21 99 22 52 30 48 92 67 29 93 84 23 57 60 19 54 24 27 32 87 74 78 55 94 89 40 79 58 59 91 70 74 66 85 89 24 58 62 82 66 66 78 53 18 52 98 61 57 69 95 94 65 26 98 74 19 93 33 40 17 97 67 89 51 67 15 67 80 65 82 86 43 38 16 25 25 40 94 94 97 20 25 53 90 49 29 17 78 50 81 81 54 10 33 54 82 0 91 76 73 71 70 52 62 24 30 74 41 58 64 21 29 66 92 26 80 11 64 14 47 12 11 19 85 24 90 38 18 43 33 87 46 33 17 10
50 66 41 67 93 35 28 39 80 97 66 83 51 14 26 34 12 24 12 15 98 21 72 72 86 74 30 74 80 40 84 31 43 78 32 67 48 14 18 41 99 40 74 15 57 80 89 34 14 91 15 99 57 58 82 67 97 37 17 60 70 15 67 76 21 58 74 14 12 83 26 41 48 82 17 49 88 28 92 59 45 20 73 82 22 61 61 77 89 92 81 37 62 95 22 77 27 17 54 97 26 91 0 29 79 29 53 64 79 27 48 27 40 98 50 30 12 39 19 97 33 12 10 84 55 90 42 60 32 49 75 83 37 16 28 69 10 96 47 45
61 98 27 49 51 42 27 12 92 83 62 73 74 86 12 73 84 92 76 15 99 60 83 40 49 52 35 37 55 54 20 43 90 91 73 37 52 66 42 92 69 54 72 31 24 35 39 43 98 74 43 50 10 11 98 70 83 28 78 86 15 79 97 69 37 33 48 22 38 58 87 22 71 67 40 20 49 25 72 49 23 35 73 19 54 15 28 95 41 98 54 99 32 94 87 46 42 26 18 99 72 76 29 0 73 43 69 80 34 18 78 57 13 29 61 10 98 10 96 16 59 94 24 78 70 49 91 54 50 38 14 63 16 46 20 85 18 53 21 20
13 31 35 13 88 53 81 87 88 73 28 73 58 52 60 34 93 58 49 93 60 12 39 60 97 59 83 19 24 92 90 85 19 57 35 42 41 40 81 70 19 58 25 89 98 22 47 20 60 92 72 56 84 66 70 62 64 64 83 18 42 82 75 72 73 28 52 66 39 42 55 50 66 32 77 44 33 99 75 40 78 22 74 86 92 74 56 78 89 11 90 15 96 96 89 58 87 87 14 88 36 73 79 73 0 93 18 13 81 50 78 35 51 25 98 87 23 24 28 99 27 34 41 36 23 98 38 78 54 87 58 62 77 54 44 69 24 71 97 64
90 30 18 11 40 35 85 90 92 79 74 95 55 92 15 76 15 47 98 60 54 62 58 71 94 60 56 88 68 92 91 44 75 22 66 83 81 59 58 96 65 44 69 64 56 41 68 26 22 20 73 34 39 99 28 12 35 93 24 82 32 34 44 40 52 23 71 45 39 28 65 76 71 83 33 44 93 88 56 46 92 33 16 90 73 80 29 68 85 30 71 26 53 50 13 37 54 38 62 54 46 71 29 43 93 0 10 30 98 91 76 35 12 50 94 70 15 44 73 69 33 94 82 92 16 37 82 42 69 76 71 94 17 14 34 56 38 82 21 76
15 65 88 66 22 35 66 26 79 23 21 55 51 37 67 94 98 20 62 29 25 50 98 67 75 33 34 74 94 37 29 96 14 41 63 47 41 12 96 60 42 27 93 13 98 74 41 34 37 77 93 52 93 86 41 94 54 75 52 21 12 12 77 91 73 86 10 95 34 39 95 60 61 49 75 82 37 31 91 87 78 18 64 37 88 28 73 19 41 77 50 22 36 64 69 34 12 79 54 46 36 70 53 69 18 10 0 74 93 93 77 46 80 31 19 37 97 26 11 54 17 49 72 87 23 60 51 39 51 45 47 82 82 88 44 39 80 82 84 35
87 76 45 49 63 48 53 27 46 57 10 75 51 12 68 63 86 36 19 76 97 22 91 81 43 48 67 90 53 83 97 77 87 26 45 80 20 85 27 99 46 20 22 41 55 75 64 84 85 66 12 91 92 16 31 17 10 19 86 68 26 39 36 73 86 12 97 34 34 14 11 87 79 14 87 52 44 84 77 19 26 63 92 80 97 88 29 64 21 23 33 73 98 83 34 16 54 98 82 53 41 52 64 80 13 30 74 0 37 75 80 55 20 81 35 59 40 32 56 54 99 17 84 74 83 55 83 45 31 71 82 46 54 71 87 69 50 84 21 10
70 90 11 62 42 11 33 48 78 45 49 55 18 66 20 88 51 57 90 38 85 83 95 38 34 67 72 23 60 83 99 38 74 44 81 25 70 16 62 37 84 56 93 21 62 24 37 48 36 18 81 37 59 10 55 72 70 45 36 98 93 24 56 58 32 93 43 35 20 16 33 85 20 99 95 65 30 35 18 28 43 67 32 34 97 83 20 36 71 83 64 54 20 76 84 14 41 71 65 36 55 62 79 34 81 98 93 37 0 86 46 12 99 50 28 33 65 60 25 53 26 20 66 64 96 41 30 23 26 92 51 33 78 17 77 78 12 11 85 98
46 72 22 99 50 48 57 42 61 81 37 36 97 46 94 88 85 86 44 56 15 10 13 15 59 24 75 70 89 13 57 66 97 11 70 39 53 64 79 20 40 86 20 48 58 37 40 67 83 31 35 93 23 73 80 30 40 19 97 32 45 31 58 75 96 68 17 62 16 87 94 37 22 60 37 58 59 22 57 17 41 65 66 53 76 59 29 27 88 19 15 77 19 70 89 46 57 29 19 35 60 24 27 18 50 91 93 75 86 0 80 81 23 14 72 81 47 65 76 83 65 15 10 64 93 46 77 53 77 62 37 33 56 48 30 63 44 39 43 21
16 72 21 97 97 21 34 75 12 77 36 88 77 71 62 79 23 43 89 99 80 89 59 80 22 10 35 34 43 38 30 43 15 43 48 31 88 34 77 26 32 35 45 64 80 14 81 60 96 84 32 17 54 78 42 28 18 27 37 72 17 55 45 95 91 60 27 20 78 33 51 30 87 93 32 44 59 30 50 83 86 44 55 53 17 67 97 92 17 18 45 89 96 69 64 83 66 11 44 11 17 30 48 78 78 76 77 80 46 80 0 58 83 67 76 17 66 15 92 38 70 47 58 45 66 16 99 69 82 97 74 82 14 32 32 82 37 56 57 48
56 89 40 30 20 87 69 62 42 80 10 93 87 11 96 90 22 69 99 36 26 64 34 56 97 62 54 79 84 44 61 95 11 23 69 85 44 62 52 57 80 24 21 57 64 33 91 91 55 56 84 71 48 43 72 29 31 98 43 40 15 43 38 28 69 77 17 30 43 71 65 77 62 72 31 97 60 76 97 12 93 14 40 51 47 16 70 85 49 99 85 57 15 39 12 37 24 68 99 47 37 74 27 57 35 35 46 55 12 81 58 0 18 60 39 85 22 19 61 59 96 28 94 33 47 67 49 97 83 31 53 59 54 37 79 11 56 25 30 87
27 47 27 60 23 63 61 10 88 40 75 99 86 11 22 74 33 36 31 23 32 65 84 22 32 24 76 95 41 57 80 97 45 51 35 27 71 52 25 40 33 45 84 51 81 49 70 40 67 56 36 67 31 99 37 73 59 91 35 32 37 69 57 16 11 47 50 14 55 41 14 21 23 28 35 13 61 58 10 39 87 26 54 62 54 36 21 47 35 90 64 50 80 26 10 99 26 65 92 68 46 41 40 13 51 12 80 20 99 23 83 18 0 19 97 85 55 11 77 13 90 76 51 11 38 38 34 73 50 95 89 24 86 26 12 32 20 72 23 57
76 64 60 45 22 97 69 99 99 58 60 48 80 35 49 12 23 38 92 15 89 69 31 22 49 76 14 25 14 32 61 23 53 40 59 90 49 54 59 16 46 11 75 67 41 87 88 35 78 16 58 99 90 75 53 37 41 98 73 98 26 41 13 52 22 23 21 16 68 92 38 79 28 15 47 69 94 87 36 63 59 75 21 19 44 12 28 61 55 20 63 30 48 19 44 16 11 19 99 26 93 58 98 29 25 50 31 81 50 14 67 60 19 0 61 46 79 60 74 47 77 13 94 75 74 23 53 97 35 72 99 14 81 88 89 21 69 91 82 88
86 68 30 88 43 99 97 79 81 12 57 97 63 79 51 31 12 77 17 32 29 90 74 46 96 90 76 10 46 96 55 19 88 13 18 22 13 95 81 84 32 86 69 20 73 42 72 84 87 46 20 93 90 94 85 34 42 60 24 16 27 50 84 43 11 50 95 77 72 46 37 71 31 86 54 53 13 58 82 99 35 69 17 95 18 16 75 34 55 76 52 71 65 17 16 37 89 88 35 57 25 64 50 61 98 94 19 35 28 72 76 39 97 61 0 35 73 66 11 12 64 79 94 15 40 48 83 48 86 24 86 20 65 65 12 77 37 43 32 54
67 11 83 67 43 67 55 18 22 48 79 29 73 93 17 39 66 65 48 62 62 59 66 74 39 81 47 51 11 75 19 31 22 10 67 84 77 85 54 50 60 27 59 18 43 61 75 25 12 11 19 62 69 49 65 28 69 19 90 71 44 52 80 55 82 19 28 43 60 85 41 93 34 59 80 39 10 94 12 49 63 37 71 80 45 53 59 48 46 17 83 64 93 82 52 48 99 78 53 67 82 21 30 10 87 70 37 59 33 81 17 85 85 46 35 0 22 42 58 68 80 47 91 71 36 65 10 93 33 45 22 56 15 19 91 82 62 98 55 73
73 18 32 42 69 80 98 79 78 83 32 51 87 71 14 18 46 64 88 11 20 59 55 26 30 15 55 86 47 38 35 63 13 18 68 48 36 43 56 66 20 34 70 82 50 96 42 89 85 86 78 55 59 31 75 54 50 38 67 40 93 68 23 44 76 18 92 33 65 37 17 52 85 26 61 90 24 64 59 20 82 75 62 19 26 73 61 42 91 53 67 98 14 10 72 37 22 24 52 40 91 29 12 98 23 15 97 40 65 47 66 22 55 79 73 22 0 19 68 35 67 80 61 32 62 66 89 80 25 78 19 90 14 89 52 46 58 31 69 51
12 17 32 85 78 60 18 75 96 13 64 22 39 57 17 55 17 40 96 58 41 79 25 60 30 35 26 10 38 49 96 17 16 93 78 83 75 71 72 30 85 95 27 60 98 95 59 79 84 37 27 50 93 31 30 26 95 92 57 47 11 84 46 57 62 95 53 66 59 16 61 16 81 22 26 67 35 40 55 16 89 42 21 99 70 73 30 41 60 83 33 97 33 37 87 96 99 61 54 92 69 66 39 10 24 44 26 32 60 65 15 19 11 60 66 42 19 0 42 50 17 83 15 22 92 32 24 50 55 83 45 58 66 45 70 93 33 36 87 83
73 41 44 85 71 59 22 86 72 58 65 24 24 73 43 11 35 39 60 55 56 90 52 46 43 32 38 27 57 70 83 43 11 21 91 12 48 55 41 29 91 58 25 79 38 96 96 18 64 42 90 61 29 40 30 37 24 50 10 18 69 90 51 73 71 42 66 17 71 63 77 79 42 89 51 41 99 59 43 10 52 42 98 91 69 17 19 72 77 37 23 14 78 30 51 37 51 14 80 10 49 92 19 96 28 73 11 56 25 76 92 61 77 74 11 58 68 42 0 48 11 39 99 91 97 14 30 64 73 10 86 67 44 18 13 76 85 71 99 99
69 49 20 81 38 18 60 63 58 26 91 91 67 21 66 24 27 10 99 35 96 97 43 17 77 31 35 92 47 92 62 72 16 71 75 64 14 73 72 69 99 88 98 25 98 57 46 64 89 23 68 37 63 56 17 79 82 74 14 91 96 84 54 43 29 55 96 87 49 56 72 96 96 67 33 30 10 93 97 54 47 46 89 60 30 68 27 74 80 16 30 93 58 25 77 76 33 99 75 80 63 26 97 16 99 69 54 54 53 83 38 59 13 47 12 68 35 50 48 0 44 49 97 47 21 33 26 26 83 43 66 96 53 86 13 61 63 98 98 90
83 80 17 94 12 81 16 37 36 38 73 21 36 39 19 13 20 45 30 64 68 43 75 69 52 68 80 58 85 29 76 27 14 57 36 55 28 53 62 10 15 92 96 14 72 32 24 25 68 41 27 34 79 96 66 89 54 76 96 66 53 99 62 94 21 49 45 86 93 13 25 89 11 56 97 57 84 63 33 57 61 77 80 99 20 99 46 93 59 19 50 72 50 88 11 45 73 77 82 19 72 80 33 59 27 33 17 99 26 65 70 96 90 77 64 80 67 17 11 44 0 48 85 95 91 76 35 34 54 45 38 85 99 38 47 83 97 45 89 81
53 23 17 47 41 41 28 44 46 27 51 25 15 24 85 12 66 55 81 33 34 22 68 66 24 39 94 88 21 85 62 43 23 55 10 64 28 84 30 49 86 67 73 88 81 63 99 22 73 88 85 67 88 47 19 65 14 16 98 30 70 87 60 83 60 85 31 48 44 39 29 28 98 24 46 37 14 41 97 91 89 31 65 35 19 48 90 12 34 10 46 98 43 46 62 67 78 29 30 46 97 11 12 94 34 94 49 17 20 15 47 28 76 13 79 47 80 83 39 49 48 0 83 49 41 78 78 78 40 77 81 10 39 95 79 24 24 13 27 89
46 84 88 64 25 90 90 69 85 88 19 70 85 56 62 13 63 60 37 22 66 74 95 20 44 70 13 53 56 70 30 96 85 60 22 81 66 46 22 47 20 46 75 76 35 17 71 47 71 42 28 79 28 53 96 71 84 27 51 16 99 33 74 59 24 32 37 16 39 94 70 16 30 67 30 57 82 81 11 93 58 31 10 38 98 43 27 62 15 13 19 36 66 79 96 96 81 58 49 23 31 64 10 24 41 82 72 84 66 10 58 94 51 94 94 91 61 15 99 97 85 83 0 97 86 56 82 81 11 92 57 68 50 10 68 37 37 40 83 73
10 75 77 46 28 39 58 50 89 39 95 47 55 20 53 30 57 47 93 34 71 84 26 13 45 98 86 51 19 15 56 87 90 42 12 95 68 32 24 96 31 60 50 23 49 28 77 48 99 93 25 93 21 72 28 42 12 96 95 81 93 23 80 33 40 74 39 69 64 26 80 82 54 64 59 52 55 13 15 86 63 32 70 77 27 72 51 50 80 53 47 40 91 71 55 80 82 22 68 21 49 14 84 78 36 92 87 74 64 64 45 33 11 75 15 71 32 22 91 47 95 49 97 0 37 36 41 38 69 79 42 84 97 36 37 74 35 87 30 69
80 65 30 45 46 29 75 73 94 10 45 18 85 43 28 48 16 34 93 26 90 77 80 97 69 97 67 91 22 43 44 53 84 29 15 36 69 59 31 49 38 11 63 37 97 35 81 60 87 12 49 10 77 42 77 38 12 66 65 79 96 41 57 75 18 62 70 26 97 90 53 73 92 79 32 29 33 67 10 72 55 92 63 50 29 45 57 45 94 35 92 85 17 29 22 37 63 48 39 49 46 47 55 70 23 16 23 83 96 93 66 47 38 74 40 36 62 92 97 21 91 41 86 37 0 61 74 38 42 50 27 36 78 31 87 34 80 93 78 97
47 82 64 64 22 15 88 51 56 84 48 45 58 71 11 53 94 33 67 38 91 99 51 84 76 59 42 32 90 84 91 19 53 13 86 44 89 26 56 22 77 69 96 48 72 49 55 57 80 15 23 17 46 43 84 50 54 12 53 24 76 39 64 80 67 64 35 26 47 89 26 60 31 97 70 36 77 28 86 39 76 43 57 81 11 49 40 76 16 24 20 11 30 66 78 91 92 44 52 26 57 12 90 49 98 37 60 55 41 46 16 67 38 23 48 65 66 32 14 33 76 78 56 36 61 0 31 78 54 48 57 47 30 18 56 17 79 99 98 53
50 59 70 31 22 63 72 95 63 22 15 93 29 31 44 45 59 37 72 88 58 46 95 94 93 71 56 59 51 79 45 43 92 60 92 15 27 79 16 28 87 47 71 93 68 89 22 80 87 10 81 36 35 44 71 33 99 70 29 18 93 80 76 57 63 55 81 56 33 22 76 77 56 16 88 56 54 55 13 91 80 43 85 79 32 67 27 17 95 82 17 99 43 77 98 36 71 28 82 61 44 11 42 91 38 82 51 83 30 77 99 49 34 53 83 10 89 24 30 26 35 78 82 41 74 31 0 76 31 58 12 89 79 29 96 35 56 54 55 21
60 51 29 37 63 43 87 14 22 25 23 62 74 20 70 84 17 16 74 72 48 91 85 35 45 59 34 75 36 44 70 44 16 32 75 79 68 70 12 41 76 70 59 36 44 62 74 47 76 30 99 53 82 50 32 47 26 77 71 40 99 62 88 45 56 32 56 63 62 50 17 83 48 98 59 42 37 57 25 96 58 51 21 54 23 72 38 67 24 20 83 67 21 25 52 58 52 60 45 54 78 19 60 54 78 42 39 45 23 53 69 97 73 97 48 93 80 50 64 26 34 78 81 38 38 78 76 0 79 56 39 91 70 70 21 18 10 26 87 13
54 66 96 46 81 94 87 61 26 94 86 45 66 69 40 10 94 21 41 78 22 58 26 22 46 87 70 53 23 66 71 98 28 84 69 31 85 85 45 23 88 40 79 88 61 18 71 62 41 89 25 45 38 74 30 43 41 84 86 28 30 33 60 17 70 29 15 10 24 99 43 64 85 22 33 85 54 47 22 53 78 89 59 23 93 55 11 18 21 30 22 62 38 98 63 52 91 13 83 27 46 85 32 50 54 69 51 31 26 77 82 83 50 35 86 33 25 55 73 83 54 40 11 69 42 54 31 79 0 80 19 99 39 37 63 81 63 57 88 68
38 28 98 50 92 68 90 19 98 21 23 40 85 40 60 57 24 45 32 32 14 98 20 88 73 28 20 54 78 11 61 83 30 94 74 97 85 28 73 23 40 80 38 90 44 75 69 69 78 41 30 29 73 49 18 61 47 38 77 44 96 18 86 44 72 38 23 85 51 78 81 82 26 70 96 36 39 65 27 72 37 31 18 37 77 13 95 33 10 80 15 92 56 14 47 61 68 32 50 89 26 24 49 38 87 76 45 71 92 62 97 31 95 72 24 45 78 83 10 43 45 77 92 79 50 48 58 56 80 0 98 49 49 58 73 49 68 77 60 78
37 25 54 20 76 34 73 70 92 39 32 61 43 34 65 24 53 53 11 38 76 13 93 64 18 47 45 17 61 35 12 44 41 76 47 17 63 92 43 15 59 61 35 46 25 83 39 77 65 28 48 63 43 26 56 56 55 55 73 76 19 24 40 36 69 49 59 71 85 26 55 37 96 32 80 23 50 69 81 71 94 94 12 75 27 70 21 19 95 69 21 57 82 68 66 77 58 69 40 58 77 90 75 14 58 71 47 82 51 37 74 53 89 99 86 22 19 45 86 66 38 81 57 42 27 57 12 39 19 98 0 76 15 53 35 88 84 80 15 59
14 73 40 86 72 10 59 98 47 33 61 53 50 49 91 19 27 66 47 61 40 38 19 28 74 28 25 59 98 46 11 82 99 96 15 71 86 62 18 95 77 92 47 47 26 25 42 13 36 85 37 61 78 49 47 89 88 22 62 30 24 54 17 51 58 33 21 98 67 29 80 70 92 39 73 88 81 54 27 18 38 55 47 43 53 85 88 50 36 76 93 65 31 23 14 74 44 90 53 38 51 38 83 63 62 94 82 46 33 33 82 59 24 14 20 56 90 58 67 96 85 10 68 84 36 47 89 91 99 49 76 0 64 49 97 92 35 24 70 37
25 31 81 48 98 44 42 89 26 63 78 10 50 87 89 69 17 92 89 10 85 22 13 39 75 97 67 28 91 83 15 96 75 96 76 15 86 30 63 31 16 95 15 83 73 31 64 36 74 74 59 33 37 69 14 85 20 63 46 36 64 65 36 48 85 63 15 55 23 42 54 89 78 21 18 87 33 14 22 35 98 33 53 39 12 38 37 31 28 36 50 79 65 60 87 71 33 87 83 75 48 18 37 16 77 17 82 54 78 56 14 54 86 81 65 15 14 66 44 53 99 39 50 97 78 30 79 70 39 49 15 64 0 77 87 54 54 24 80 87
82 65 80 84 66 16 77 44 25 57 83 14 12 19 92 33 21 54 89 88 35 57 73 68 66 73 49 16 10 44 35 87 79 18 91 53 23 98 98 42 34 17 97 72 76 49 28 50 28 15 89 55 95 79 66 21 50 73 63 83 12 54 65 47 26 99 10 72 66 16 90 68 66 29 65 79 32 55 74 36 42 41 74 79 31 52 11 12 28 72 93 96 34 85 60 90 68 30 62 23 82 43 16 46 54 14 88 71 17 48 32 37 26 88 65 19 89 45 18 86 38 95 10 36 31 18 29 70 37 58 53 49 77 0 27 22 33 52 65 25
85 43 78 70 32 44 76 88 37 25 46 56 91 94 46 38 91 80 74 83 31 68 88 16 90 33 31 71 45 26 63 10 59 52 82 20 78 12 44 58 47 57 72 54 83 41 88 95 46 99 26 15 42 89 85 59 29 62 96 10 18 86 82 39 31 24 11 56 21 57 23 68 25 26 52 69 80 76 98 39 41 34 96 93 83 19 21 59 31 43 56 28 84 75 47 44 53 28 26 28 73 33 28 20 44 34 44 87 77 30 32 79 12 89 12 91 52 70 13 13 47 79 68 37 87 56 96 21 63 73 35 97 87 27 0 25 68 82 19 69
92 71 92 54 41 95 21 98 87 63 98 85 60 33 36 37 96 99 31 37 82 43 64 22 21 37 25 97 91 14 31 60 34 53 27 30 49 24 72 49 80 25 87 24 25 84 45 39 46 47 13 90 61 13 31 14 94 60 81 72 91 57 92 29 74 41 70 37 21 98 75 63 32 86 94 69 14 38 11 13 34 12 10 13 92 91 28 14 99 24 75 83 92 61 60 35 50 76 67 60 63 87 69 85 69 56 39 69 78 63 82 11 32 21 77 82 46 93 76 61 83 24 37 74 34 17 35 18 81 49 88 92 54 22 25 0 60 22 31 11
44 12 77 84 49 28 82 48 20 76 15 87 68 12 44 53 36 47 29 21 24 10 58 38 42 58 97 26 89 23 59 15 97 69 10 47 47 62 24 98 91 57 11 79 88 83 84 15 99 59 74 81 73 41 77 80 78 86 72 18 97 73 25 53 11 20 51 36 25 24 81 34 90 90 47 23 67 63 47 32 84 54 19 62 70 95 71 21 86 14 90 17 52 58 46 70 84 81 49 79 89 46 10 18 24 38 80 50 12 44 37 56 20 69 37 62 58 33 85 63 97 24 37 35 80 79 56 10 63 68 84 35 54 33 68 60 0 37 59 29
77 34 40 45 75 70 98 98 54 13 60 41 97 13 33 31 74 78 61 24 27 28 50 83 90 62 54 49 95 63 61 33 16 85 64 66 21 46 64 38 98 11 15 52 25 25 69 12 67 79 70 18 54 56 52 24 22 44 91 30 77 41 12 81 20 17 72 60 37 87 70 73 33 52 28 27 85 26 12 93 73 32 91 78 16 17 17 16 11 98 17 75 58 20 98 71 10 20 92 52 10 33 96 53 71 82 82 84 11 39 56 25 72 91 43 98 31 36 71 98 45 13 40 87 93 99 54 26 57 77 80 24 24 52 82 22 37 0 15 82
86 71 55 74 94 89 37 62 56 41 42 53 96 29 57 44 57 59 43 30 75 38 46 88 86 31 32 14 25 75 72 29 38 40 39 46 75 22 11 11 74 93 33 12 19 65 49 45 25 68 96 32 90 14 53 75 18 78 59 49 32 50 32 79 22 94 51 68 10 56 91 96 84 33 58 16 18 75 94 79 86 30 88 21 87 13 29 19 92 35 64 36 71 61 45 23 93 33 66 71 80 17 47 21 97 21 84 21 85 43 57 30 23 82 32 55 69 87 99 98 89 27 83 30 78 98 55 87 88 60 15 70 80 65 19 31 59 15 0 32
58 38 67 95 86 61 28 90 33 42 81 84 16 43 26 13 42 51 22 11 88 53 63 21 88 22 11 43 41 62 31 40 94 32 36 90 48 91 63 71 79 89 16 98 82 93 77 81 29 23 40 18 92 93 60 13 55 73 28 56 33 59 75 35 31 84 71 83 90 74 67 48 35 77 71 63 74 29 20 25 16 62 62 48 59 13 46 94 22 93 73 38 24 15 79 39 38 56 54 36 78 10 45 20 64 76 35 10 98 21 48 87 57 88 54 73 51 83 99 90 81 89 73 69 97 53 21 13 68 78 59 37 87 25 69 11 29 82 32 0