70
0 60 49 22 20 71 41 79 55 39 71 66 18 59 21 69 75 70 53 27 67 82 19 72 45 51 18 16 71 32 88 70 93 59 85 35 41 12 73 93 13 26 21 55 97 53 57 37 12 63 30 51 69 18 41 59 41 56 60 63 45 99 51 53 80 34 63 31 63 84 
83 0 90 89 16 83 60 13 63 20 25 52 27 92 41 69 89 95 83 66 23 83 68 28 40 27 26 98 19 11 98 88 99 25 15 47 97 30 40 54 18 89 44 59 31 70 33 71 89 63 93 89 54 25 47 22 39 25 87 33 74 87 64 38 54 35 28 29 57 25 
62 47 0 62 14 27 91 77 98 23 81 99 15 67 99 92 75 20 58 66 97 95 96 47 52 45 65 41 93 17 82 81 59 67 34 15 34 74 18 95 52 24 54 54 77 75 15 54 83 66 41 32 72 69 59 52 52 24 18 29 77 64 14 88 16 36 18 22 96 20 
34 83 50 0 74 42 47 44 82 14 97 65 36 12 27 89 80 98 32 86 85 46 47 93 68 26 38 83 34 76 25 38 99 65 38 83 15 75 60 60 62 28 50 57 23 12 47 48 83 61 25 53 31 24 55 55 19 11 92 18 81 59 45 11 71 63 58 63 71 55 
69 92 92 38 0 77 33 68 42 50 81 43 84 15 45 81 14 30 81 92 92 39 80 14 97 13 32 29 86 86 25 92 25 51 31 63 43 92 67 43 79 88 17 68 24 91 13 48 70 77 20 76 51 39 61 60 54 63 17 67 72 13 20 60 92 48 24 84 29 46 
88 66 31 57 60 0 42 25 79 94 10 93 91 98 53 14 51 76 80 97 25 10 11 21 34 70 12 78 78 78 79 98 70 47 81 56 65 51 84 97 67 18 17 56 32 15 69 68 24 55 60 94 75 56 46 69 11 44 51 15 16 68 88 93 86 78 92 39 55 72 
17 59 40 19 46 71 0 28 62 83 63 58 95 18 16 96 22 78 47 98 63 27 64 98 41 88 56 38 59 35 31 65 15 83 77 52 84 32 88 41 27 32 30 61 81 35 92 25 77 57 38 31 41 22 34 85 10 31 51 69 71 30 40 13 68 63 89 60 24 93 
71 69 76 46 17 56 67 0 54 75 91 85 35 77 20 85 63 76 53 17 49 27 14 24 77 32 35 84 29 16 82 97 25 25 16 44 31 55 80 45 54 47 38 37 73 68 58 65 39 41 37 88 41 41 22 41 84 77 85 76 90 65 73 66 23 22 24 51 54 93 
82 57 24 83 26 96 82 48 0 47 32 81 24 25 98 93 80 79 40 85 64 36 85 84 88 53 79 87 71 26 79 58 24 27 19 61 84 15 20 25 41 64 21 16 93 54 78 61 66 49 50 92 52 66 29 62 19 64 32 98 29 23 25 48 87 51 43 12 37 32 
28 39 46 41 46 44 52 46 31 0 95 37 90 72 58 22 31 69 69 15 40 59 20 79 79 98 29 66 66 92 25 50 53 20 18 26 72 32 27 48 14 20 93 62 59 12 57 13 93 86 96 82 35 35 76 18 10 41 22 80 93 61 94 24 87 98 54 24 12 44 
39 99 73 31 62 96 87 11 53 78 0 84 51 84 22 30 59 42 70 47 11 39 84 97 24 86 52 84 75 84 60 93 69 54 96 62 85 98 74 97 56 55 24 43 11 67 46 31 17 71 82 25 23 82 27 48 18 13 32 96 61 24 97 93 57 26 62 24 32 99 
48 22 87 15 53 53 41 96 33 74 62 0 95 65 67 19 54 30 72 51 95 91 41 71 82 26 83 43 78 59 72 67 38 51 85 75 13 26 66 31 72 49 23 31 83 58 77 33 76 81 12 44 28 49 53 41 19 65 82 69 26 92 88 21 76 18 33 27 74 95 
24 10 54 47 77 57 30 27 84 81 42 62 0 77 92 25 37 81 91 83 23 60 27 94 30 41 75 48 85 80 62 29 15 27 62 52 55 65 40 65 37 21 29 22 45 88 78 77 57 51 33 75 93 93 18 23 43 77 54 62 28 59 52 48 53 77 72 73 87 25 
15 43 92 37 15 54 65 52 81 47 26 71 28 0 76 58 46 25 99 17 58 13 85 90 97 31 87 78 48 20 57 47 41 75 32 40 29 70 40 45 71 43 51 78 74 69 31 91 63 48 15 76 70 96 27 18 30 94 61 52 66 60 74 70 55 91 74 48 56 82 
63 12 36 38 66 50 94 23 98 29 95 15 19 12 0 98 22 51 14 64 81 10 19 79 86 90 16 23 97 28 65 50 23 30 38 45 12 96 51 10 97 67 94 58 83 14 56 87 70 27 73 52 37 31 19 73 44 75 97 80 96 83 96 94 26 14 20 11 26 56 
59 60 89 75 33 10 47 16 89 55 29 71 59 25 96 0 46 90 48 52 90 61 89 66 62 83 48 88 46 73 36 32 52 20 79 53 56 61 79 45 27 49 67 67 68 24 54 24 30 72 54 31 91 26 15 55 98 87 19 19 16 13 39 14 15 15 75 50 36 52 
26 32 16 58 37 39 50 28 56 79 33 55 93 20 12 28 0 47 47 39 31 93 40 55 28 80 11 47 32 44 15 55 26 98 90 59 98 62 69 57 29 40 70 94 35 34 49 74 21 70 88 26 75 55 27 40 86 80 62 29 69 64 43 29 79 78 49 11 47 68 
54 31 34 55 53 98 36 10 93 55 37 50 81 28 19 96 33 0 58 20 38 15 66 82 73 32 78 92 81 43 85 49 59 60 41 62 18 76 86 17 51 86 64 62 41 95 66 52 47 61 80 95 70 97 61 82 42 94 63 26 85 67 96 88 80 17 99 61 75 69 
43 40 96 98 84 98 52 39 91 98 54 29 73 93 72 13 38 74 0 98 37 59 90 87 95 39 21 80 63 25 34 23 87 88 91 96 43 18 60 58 50 80 51 88 93 92 98 31 19 72 73 47 96 54 94 23 64 95 80 48 33 65 12 23 36 40 88 26 81 58 
89 21 42 17 87 77 13 55 62 26 92 72 69 87 81 35 40 21 23 0 16 51 65 55 24 77 31 84 35 20 66 32 57 35 14 57 92 23 17 43 34 21 57 66 21 48 24 71 22 84 90 77 82 93 56 60 45 87 48 55 34 71 80 49 92 45 22 37 93 99 
25 43 11 40 22 66 78 58 87 15 61 19 80 41 43 59 23 57 70 26 0 86 21 21 34 75 89 76 26 76 97 95 99 92 90 91 72 51 10 36 80 55 96 96 56 15 89 84 10 10 67 92 47 59 56 21 96 94 59 26 33 18 13 31 96 65 65 82 87 46 
26 31 71 72 53 33 11 44 50 14 23 93 13 76 96 76 69 46 68 57 75 0 31 65 77 15 14 83 31 46 35 18 21 71 74 42 52 94 33 40 30 73 79 56 85 99 54 56 94 96 83 36 73 54 49 39 42 37 24 89 46 34 59 34 17 72 46 62 75 66 
91 39 91 85 70 47 16 40 62 88 46 89 59 83 72 64 66 63 87 97 88 50 0 79 24 77 66 42 12 21 13 32 37 29 63 95 15 30 62 77 17 26 10 94 25 34 42 53 32 93 74 49 39 14 14 14 38 13 20 84 21 32 16 10 65 32 17 70 22 82 
85 77 45 68 56 59 92 19 80 55 76 39 34 20 73 65 64 23 99 34 48 63 20 0 46 69 70 27 74 84 77 77 43 53 28 31 13 96 62 87 40 45 43 35 13 42 69 56 26 79 83 69 96 90 81 85 84 29 16 15 22 95 38 15 68 39 11 98 86 62 
47 24 97 38 13 12 89 50 69 61 28 91 83 43 23 89 80 32 86 84 13 89 40 70 0 50 24 24 87 34 60 77 76 69 51 83 62 36 69 95 50 69 55 44 20 81 92 98 64 54 87 97 54 18 84 92 64 35 44 25 64 93 72 89 64 60 22 14 58 40 
25 35 25 53 15 57 36 27 85 28 55 43 74 36 81 46 50 33 81 40 11 12 81 87 66 0 55 53 89 81 86 22 95 57 13 27 79 81 43 37 99 56 25 14 31 17 74 99 12 17 20 10 94 58 32 73 93 67 14 50 82 17 13 96 58 35 15 72 95 23 
67 73 25 61 17 72 14 51 52 74 86 11 11 10 58 16 66 85 74 74 27 96 77 21 13 53 0 25 30 14 63 73 19 50 20 33 41 70 19 46 12 91 72 38 66 47 82 50 80 26 17 72 72 24 49 77 58 72 67 60 65 44 25 95 19 10 62 63 31 76 
54 49 12 94 38 11 58 80 54 43 17 31 60 10 57 76 25 55 70 44 19 55 92 71 64 51 71 0 53 62 65 10 29 43 80 74 13 29 11 80 93 32 67 70 61 69 58 63 50 64 21 44 66 66 19 41 13 53 76 39 14 61 54 18 35 56 83 55 23 71 
96 34 95 40 76 26 19 61 17 15 98 21 29 94 67 23 51 86 75 24 73 14 63 40 35 61 21 31 0 81 60 15 83 95 72 84 54 44 56 69 40 11 33 22 89 42 30 92 64 93 79 67 18 90 26 89 61 78 39 24 36 38 23 37 71 64 49 58 99 96 
72 16 11 44 48 67 35 64 12 84 59 82 91 19 28 41 24 81 60 50 67 56 28 73 71 93 14 26 98 0 69 66 66 89 37 96 36 98 58 28 62 86 34 60 92 60 69 87 75 52 20 64 17 82 98 24 57 91 92 71 56 94 96 61 78 80 85 55 63 30 
30 29 17 24 58 10 62 84 20 79 86 54 24 25 26 27 95 70 60 91 85 64 75 21 27 17 91 77 67 64 0 21 87 61 35 47 71 54 67 22 98 51 83 52 73 84 63 90 39 70 81 80 76 27 42 48 43 17 12 78 98 10 48 40 36 85 24 68 20 17 
56 66 24 78 20 28 16 48 68 13 14 67 32 79 95 30 49 99 58 91 14 59 29 35 18 34 77 99 95 39 37 0 48 28 47 14 30 99 90 11 56 45 25 13 30 18 19 35 31 48 86 33 33 35 62 75 84 37 97 39 50 58 91 21 33 20 91 32 73 76 
30 96 26 22 62 25 89 93 79 44 68 59 42 88 18 62 28 75 86 90 27 61 98 49 62 42 66 20 67 88 15 21 0 72 11 28 87 43 37 73 52 50 29 75 98 94 93 37 97 15 26 59 27 25 69 80 93 93 90 46 46 22 27 11 64 35 57 83 48 71 
91 87 92 37 70 29 90 12 95 14 98 87 47 69 29 71 46 29 74 37 39 89 74 11 55 52 68 88 39 10 72 86 50 0 48 58 72 87 89 36 38 79 21 48 71 93 99 85 99 24 76 14 13 24 15 88 30 51 45 97 21 77 36 67 11 28 14 98 10 60 
84 94 79 94 95 92 36 55 68 48 73 37 79 37 41 38 85 72 57 54 45 76 36 44 51 10 55 25 21 25 17 31 61 21 0 56 85 68 71 41 71 70 25 80 10 87 39 66 21 75 81 54 68 40 10 87 44 88 20 61 68 61 20 13 10 73 10 96 47 83 
30 66 25 36 82 58 51 71 76 19 18 79 97 62 46 32 41 62 45 74 62 81 37 75 26 85 69 76 21 80 19 96 64 87 63 0 52 38 35 42 11 65 74 24 67 88 86 18 34 59 37 78 65 14 76 35 10 82 71 34 10 54 76 80 51 99 48 16 35 95 
46 34 67 92 42 10 37 49 68 67 37 14 78 49 19 83 48 86 22 47 48 44 13 93 18 48 18 65 29 49 16 81 68 91 91 93 0 14 71 51 89 93 55 11 86 94 90 37 84 72 86 38 21 68 13 16 15 43 64 39 64 85 30 34 21 38 14 44 14 31 
11 33 10 65 57 90 81 96 83 44 79 57 16 49 94 31 17 97 85 64 87 64 30 92 61 87 67 66 92 49 85 94 66 96 81 98 71 0 45 38 21 91 49 41 43 88 91 78 83 10 30 59 50 68 32 26 91 73 48 99 75 28 37 36 84 50 52 94 77 30 
40 16 48 14 11 21 82 99 69 27 61 74 39 76 65 69 82 90 19 49 78 87 44 50 90 73 31 51 79 76 67 15 40 14 67 53 24 39 0 29 79 65 74 65 52 92 53 90 91 90 19 58 89 35 39 59 20 19 16 31 14 49 50 48 95 37 75 30 82 47 
77 80 38 49 84 20 52 74 92 29 82 90 58 49 31 32 15 63 28 73 93 98 36 79 27 38 75 47 20 39 84 52 46 73 83 36 34 97 88 0 35 65 58 39 23 72 15 21 36 54 42 56 79 26 45 42 56 28 46 50 53 39 28 81 60 86 23 23 79 22 
56 71 11 45 68 85 84 66 62 49 66 11 32 39 59 15 70 65 10 24 78 71 87 98 50 67 63 28 48 29 67 74 45 30 17 33 90 30 36 94 0 17 96 16 81 13 66 64 86 61 66 29 86 78 75 85 87 88 29 40 76 91 12 97 80 22 39 78 58 16 
47 17 70 44 72 41 41 43 98 35 54 55 96 61 65 65 14 86 69 37 17 67 31 16 67 91 63 71 55 93 26 36 40 82 46 97 35 43 89 92 29 0 60 52 96 15 20 73 75 67 53 97 84 27 10 67 94 82 65 68 38 94 30 11 17 87 58 53 47 95 
56 84 94 56 44 89 39 39 86 13 86 35 84 68 94 15 46 80 80 21 40 36 35 71 16 60 89 16 34 93 99 16 91 43 90 12 45 96 31 94 82 14 0 80 61 21 74 39 66 44 49 34 40 20 24 69 88 73 33 50 77 58 48 36 47 24 37 84 94 84 
80 24 25 29 10 57 81 82 87 80 65 99 50 32 55 83 41 64 35 30 54 71 88 82 85 39 60 65 86 55 77 54 87 58 49 68 24 37 50 31 23 65 77 0 74 16 24 27 62 27 76 37 95 49 59 61 67 14 91 30 35 39 38 65 11 30 70 87 23 32 
50 11 80 85 30 16 35 91 51 57 17 24 45 68 65 54 80 32 57 10 53 20 78 51 82 66 73 68 97 68 40 14 47 82 74 81 49 64 43 23 82 14 57 83 0 62 36 27 72 37 38 19 18 50 75 64 21 20 89 77 66 67 47 52 60 52 17 90 15 14 
13 88 54 93 84 41 10 67 15 18 22 84 86 11 14 87 21 90 66 67 29 40 14 59 39 19 71 51 25 91 95 30 66 94 38 64 22 22 72 92 73 37 43 21 93 0 66 71 44 31 96 48 74 46 43 15 14 49 90 49 92 24 17 19 23 14 23 28 12 75 
97 50 15 53 99 46 67 16 38 72 68 86 45 53 51 72 82 36 21 91 23 17 72 60 19 85 55 54 88 29 86 69 30 98 36 75 26 34 40 27 64 37 70 21 42 42 0 24 55 30 94 44 92 85 82 38 89 28 28 30 85 99 78 87 84 64 25 69 88 39 
50 11 69 73 85 88 23 19 72 36 89 30 19 89 36 97 53 54 94 69 83 65 58 68 97 18 34 67 18 89 46 66 30 63 49 89 33 82 91 40 94 50 56 67 86 29 46 0 89 10 78 69 98 59 18 81 30 12 99 60 95 30 96 47 45 85 26 31 90 87 
32 86 72 81 43 91 17 71 81 18 60 17 31 22 34 75 71 34 92 61 64 42 38 42 30 95 99 60 20 92 30 66 78 37 68 79 73 57 12 70 27 89 85 82 29 76 57 63 0 71 68 80 92 58 72 82 42 67 46 99 77 57 79 85 39 18 88 21 98 89 
80 91 79 80 52 40 59 76 59 65 10 47 15 64 85 76 58 11 84 58 67 74 15 54 61 89 32 32 25 90 96 80 42 11 31 36 61 38 37 79 17 98 50 97 17 27 63 18 81 0 41 96 41 31 95 44 70 60 48 83 92 24 31 63 73 20 19 89 41 66 
47 33 55 12 67 93 56 34 39 72 72 17 98 48 55 53 57 25 56 54 39 23 38 23 88 25 64 99 21 34 41 85 77 83 89 57 67 94 49 22 34 53 14 38 97 90 95 24 81 59 0 18 34 42 46 66 79 20 44 59 87 70 95 66 10 79 66 85 56 30 
83 35 79 74 64 10 38 50 86 63 56 49 77 89 43 67 82 22 41 97 99 49 47 78 56 90 98 56 58 19 86 54 39 38 87 86 99 71 87 96 28 36 62 58 54 86 80 86 72 41 43 0 28 89 81 93 95 54 80 47 46 92 83 65 41 91 99 42 24 59 
67 14 74 48 48 95 43 81 55 34 37 69 17 83 17 95 13 13 48 80 50 84 20 49 27 29 83 43 59 33 19 96 67 89 92 71 74 60 95 82 69 32 13 17 39 25 91 95 28 48 59 33 0 79 23 33 95 62 24 93 96 40 35 53 20 28 70 84 75 57 
14 58 59 30 66 48 92 43 66 31 61 98 44 77 51 12 62 95 15 98 63 55 41 41 87 98 31 71 82 89 26 34 68 94 82 63 91 45 68 10 44 27 20 81 84 43 66 46 41 92 12 46 68 0 86 92 48 35 39 93 45 73 54 88 45 21 65 97 84 70 
29 44 45 22 20 71 22 11 63 21 92 18 68 62 81 25 10 68 91 31 71 40 83 77 72 24 62 99 12 21 55 65 20 22 53 79 36 57 33 37 44 13 27 54 32 45 94 73 50 28 51 66 49 31 0 38 48 95 69 67 53 49 58 80 24 52 47 34 69 55 
87 89 31 12 74 81 99 95 46 32 78 82 29 30 34 86 64 28 75 54 21 16 83 82 33 72 86 97 32 97 41 66 14 19 74 46 95 87 87 71 85 84 24 53 18 11 51 45 38 92 10 49 15 80 45 0 88 82 63 54 80 42 16 69 68 64 59 59 95 62 
67 78 14 62 15 35 58 67 77 21 74 56 68 23 43 46 18 19 54 72 75 60 18 96 51 11 93 16 48 94 48 51 12 22 74 84 23 13 51 53 88 43 93 85 96 44 64 93 82 12 55 82 84 41 43 73 0 36 94 40 54 61 14 95 17 65 86 54 96 39 
24 29 45 27 54 64 37 17 42 76 51 54 34 16 24 30 25 86 96 12 66 16 59 50 55 39 31 58 90 54 11 80 20 94 18 41 26 17 15 56 24 84 69 18 36 77 66 78 99 43 41 13 78 55 87 93 28 0 32 20 55 31 49 23 92 10 84 93 40 65 
63 43 73 67 98 43 65 58 50 61 26 65 67 17 78 40 65 93 82 52 19 56 25 13 74 17 80 22 18 77 90 79 96 77 53 32 85 87 71 23 13 36 59 37 12 74 11 71 59 20 58 64 52 18 21 33 85 94 0 28 81 54 31 36 29 78 81 33 99 79 
64 78 87 43 67 37 22 84 68 56 89 73 55 78 30 74 88 84 74 21 27 98 39 70 44 42 76 33 79 55 72 50 35 44 31 67 76 74 79 54 75 18 47 90 15 60 53 77 64 77 42 48 79 82 13 49 27 81 32 0 81 98 80 93 20 75 58 11 56 25 
10 77 12 27 60 14 11 85 41 40 97 62 62 76 88 93 52 93 30 82 68 67 76 60 11 55 21 85 28 97 17 67 80 64 40 35 18 51 94 96 40 35 39 26 75 71 76 16 68 91 35 95 85 78 99 15 51 40 91 52 0 13 69 77 42 93 91 34 26 66 
85 18 57 69 66 69 87 55 89 77 37 55 44 77 63 97 60 80 59 90 24 13 86 19 46 29 18 80 69 87 24 31 36 76 76 87 69 15 39 43 20 73 57 25 40 98 64 13 36 46 98 44 93 24 85 63 86 37 86 71 98 0 18 83 67 36 73 62 57 62 
68 77 49 96 43 71 35 25 90 57 84 89 50 73 31 54 75 67 99 62 54 83 17 79 95 41 15 14 97 72 40 98 89 72 43 23 56 32 63 90 83 80 30 28 81 70 34 31 71 15 66 44 24 81 19 60 88 85 54 82 83 93 0 12 86 78 10 93 98 32 
47 25 87 28 52 68 17 93 20 32 13 82 94 82 41 10 74 57 26 21 74 76 35 22 74 78 97 77 40 26 17 72 26 42 20 73 98 95 14 77 63 12 70 20 90 70 95 47 10 71 24 77 13 72 51 21 93 93 70 57 86 15 32 0 16 54 46 35 57 36 
62 11 87 38 39 50 60 30 35 79 11 91 18 26 87 43 74 94 25 21 39 25 42 37 58 94 46 74 40 54 82 58 62 89 31 93 70 93 31 79 13 66 84 13 20 78 81 53 70 19 44 93 45 95 92 21 48 78 95 91 77 24 97 54 0 28 12 22 55 60 
75 44 58 22 42 56 52 77 28 43 15 27 84 81 89 35 62 26 47 99 38 72 11 82 38 70 94 55 32 47 46 35 15 20 17 74 16 34 14 98 81 80 10 79 93 10 92 65 62 50 87 10 82 94 32 60 93 39 42 98 42 34 74 22 88 0 47 60 19 19 
30 57 11 42 92 35 89 27 69 42 92 13 66 52 25 20 75 42 45 16 48 22 64 61 30 28 61 16 96 48 60 24 30 64 79 48 19 80 59 59 55 51 89 40 77 35 76 49 38 54 17 39 18 74 47 79 64 71 33 67 77 43 61 79 82 58 0 35 62 39 
82 27 30 34 12 46 40 24 99 32 33 18 82 64 96 59 53 15 78 81 14 55 92 65 73 11 56 32 37 88 50 66 24 24 11 87 75 39 34 79 19 19 27 84 98 53 90 80 53 55 83 91 26 20 74 51 44 21 64 31 55 95 48 39 29 59 40 0 19 58 
29 55 91 59 57 13 29 41 73 22 90 45 37 69 44 32 19 39 63 15 96 44 24 83 68 15 95 58 33 51 27 97 76 28 17 81 65 25 33 98 41 95 34 24 71 89 21 59 80 42 37 51 36 81 46 21 27 70 52 21 80 82 35 25 56 63 58 71 0 30 
56 84 28 83 97 57 43 44 71 78 64 12 33 83 96 29 56 19 19 97 23 88 93 54 20 53 98 86 41 16 83 25 41 47 86 30 77 55 77 12 25 14 34 14 11 61 36 82 72 98 34 84 44 18 19 51 44 88 25 49 23 78 76 41 19 89 23 41 66 0 