120
0 47 29 82 41 22 53 62 85 79 57 25 25 50 35 55 24 54 58 56 92 44 76 77 40 65 64 49 81 77 60 23 25 48 80 77 51 39 89 50 72 45 34 31 31 87 46 50 21 49 75 81 90 81 53 76 90 64 92 27 96 60 96 52 44 71 13 11 12 85 92 25 40 17 97 26 16 17 14 80 25 77 55 74 26 25 61 20 36 46 61 82 35 38 27 42 27 87 28 94 85 66 69 48 30 68 90 67 53 31 23 84 63 10 87 25 78 41 23 36
47 0 73 77 99 78 96 44 62 21 13 28 27 89 86 37 42 96 76 82 49 60 30 88 31 74 73 92 84 76 52 36 56 56 13 17 79 34 99 79 25 14 43 50 70 45 23 37 54 35 38 78 59 15 47 53 45 74 20 12 15 43 79 93 73 81 44 48 54 44 24 69 18 98 24 85 82 47 67 29 90 98 75 84 25 83 25 46 29 15 24 95 87 87 68 65 53 94 75 39 89 51 51 65 72 79 53 82 21 80 37 75 41 97 41 17 50 34 62 63
29 73 0 37 49 29 43 79 52 41 85 11 85 78 45 80 63 19 74 48 30 66 21 11 43 63 80 40 44 68 77 63 79 79 80 50 58 26 23 57 10 80 92 35 78 65 95 26 90 33 14 70 28 69 90 61 51 70 37 74 58 91 91 45 32 71 47 15 66 67 58 35 31 73 57 31 60 79 53 97 86 33 39 32 40 10 12 18 58 32 58 61 33 38 38 34 90 74 80 14 15 97 59 77 88 80 68 48 24 55 46 91 24 42 86 39 98 95 68 73
82 77 37 0 23 14 88 99 65 91 23 46 43 50 10 31 80 98 49 24 17 37 64 92 17 64 22 86 70 37 42 59 38 95 71 53 30 49 49 17 44 96 35 59 51 33 13 66 72 50 36 33 65 69 55 42 60 50 23 71 34 88 77 68 25 21 55 36 98 28 72 98 23 78 36 94 80 20 49 21 78 88 88 29 52 54 57 45 92 70 28 16 40 79 99 29 64 83 10 75 99 26 46 57 66 77 68 56 39 83 89 42 49 69 38 26 60 33 45 54
41 99 49 23 0 34 44 63 66 70 30 23 12 82 95 12 66 15 85 74 70 45 87 96 76 82 53 79 81 98 65 57 18 60 37 90 71 71 13 71 92 74 32 16 72 23 82 20 68 23 17 98 11 19 77 29 95 99 28 24 73 43 97 85 83 18 39 36 85 29 48 79 70 12 30 48 48 52 67 64 68 86 38 84 15 51 94 50 81 80 69 36 20 29 29 24 58 65 22 29 91 90 80 23 74 39 62 62 20 91 42 86 29 58 15 18 88 30 35 73
22 78 29 14 34 0 18 50 33 28 93 46 46 93 28 45 33 24 59 68 62 64 72 80 51 64 63 42 10 76 49 54 84 40 12 59 23 21 56 44 93 68 66 77 72 83 93 37 69 15 60 78 45 17 47 37 83 88 56 46 23 57 17 62 50 75 12 90 69 36 66 45 53 91 26 85 70 86 12 46 39 82 45 99 82 85 93 88 66 60 64 78 41 37 40 40 12 57 11 50 41 96 96 81 21 13 25 81 29 42 53 99 56 68 76 45 19 98 42 64
53 96 43 88 44 18 0 88 27 69 24 97 98 75 91 50 55 86 16 34 71 96 57 14 73 65 71 44 21 38 47 11 16 60 28 42 53 62 73 47 49 55 61 59 48 87 70 51 37 11 10 60 87 82 47 73 33 88 98 15 52 75 56 79 17 45 27 61 54 54 63 47 49 65 31 96 87 32 55 44 31 54 92 96 17 80 18 30 10 45 76 40 49 56 56 61 98 93 13 10 53 39 51 83 45 72 36 16 57 88 42 66 86 12 87 44 54 11 95 53
62 44 79 99 63 50 88 0 29 21 64 45 67 38 42 98 80 76 45 25 26 43 95 95 75 76 99 89 70 80 29 40 96 96 91 31 54 20 30 91 27 65 72 69 69 64 68 63 48 77 97 76 89 93 75 56 47 40 83 13 23 95 64 82 51 15 20 19 29 74 65 32 88 96 36 99 72 18 61 38 38 86 73 34 46 67 18 31 99 60 72 40 34 57 33 71 91 60 54 38 52 62 74 15 76 50 37 40 30 30 66 40 59 47 76 94 44 86 37 55
85 62 52 65 66 33 27 29 0 65 75 69 30 84 70 83 49 61 70 70 47 18 60 80 21 96 80 31 41 42 71 99 22 12 14 15 44 75 38 38 59 43 79 62 64 66 99 83 87 70 73 11 89 68 97 96 65 33 11 58 51 63 21 42 69 80 18 95 38 22 59 42 90 43 42 71 95 70 83 16 56 45 59 88 69 98 67 78 49 33 18 44 83 37 36 92 74 13 70 80 88 83 99 26 18 32 33 52 18 45 61 42 77 85 73 70 11 58 43 89
79 21 41 91 70 28 69 21 65 0 68 44 52 46 67 25 85 37 23 80 47 45 68 29 83 75 69 60 48 48 31 90 17 28 55 79 94 75 86 58 62 43 66 63 81 90 96 33 18 65 92 61 95 49 94 13 85 99 40 74 18 64 29 37 54 30 88 85 31 28 79 52 84 87 94 74 38 93 56 45 11 31 86 44 56 91 70 13 86 57 42 59 11 74 77 59 19 76 98 83 72 32 25 19 40 60 68 18 18 72 15 18 73 76 19 50 33 20 65 15
57 13 85 23 30 93 24 64 75 68 0 51 83 88 66 20 84 32 46 98 22 18 14 21 59 33 70 97 53 87 56 90 88 16 20 98 53 37 86 77 90 64 83 42 75 79 95 36 91 94 38 40 36 73 66 79 27 53 44 53 91 67 14 92 69 79 60 95 84 49 81 77 90 22 21 12 32 45 57 41 23 87 20 63 10 35 67 14 28 10 98 91 14 98 42 73 25 27 48 75 13 26 16 40 46 74 23 58 79 80 81 58 38 54 66 45 55 56 13 23
25 28 11 46 23 46 97 45 69 44 51 0 15 75 95 16 88 13 94 55 27 58 15 88 99 55 62 11 15 25 22 33 52 91 51 57 49 91 65 85 58 95 17 17 89 60 76 25 58 77 77 61 25 12 23 13 36 16 78 87 77 12 41 93 68 43 17 45 27 87 67 77 32 37 94 59 60 29 52 65 85 24 12 52 36 90 17 63 41 71 86 56 33 84 86 42 38 12 64 18 17 58 59 78 83 98 46 94 70 19 12 81 72 34 65 90 81 10 52 23
25 27 85 43 12 46 98 67 30 52 83 15 0 92 78 97 78 41 24 49 62 96 41 69 40 36 27 70 76 31 93 22 92 14 63 84 86 25 20 76 64 20 21 53 16 48 46 74 36 12 49 10 95 73 75 50 65 53 25 28 34 50 25 12 96 12 41 40 78 26 22 19 12 60 97 91 49 88 90 88 84 96 15 14 96 37 31 53 85 78 84 95 52 59 23 55 31 60 13 46 49 49 77 18 88 78 32 99 26 14 47 92 36 10 72 35 26 75 81 49
50 89 78 50 82 93 75 38 84 46 88 75 92 0 17 23 88 57 57 28 15 82 42 80 78 12 37 15 54 70 95 21 79 66 54 55 58 93 50 15 43 58 55 57 14 33 32 52 81 67 63 73 75 14 81 55 43 82 11 42 12 70 76 99 63 60 29 87 58 65 34 58 92 99 51 84 97 65 84 69 15 95 29 58 80 96 23 91 37 71 94 39 32 34 34 16 22 99 81 46 26 62 83 58 46 24 81 56 73 31 35 68 95 36 79 90 79 10 27 13
35 86 45 10 95 28 91 42 70 67 66 95 78 17 0 70 50 78 59 46 17 64 38 86 70 66 86 71 64 61 23 87 30 77 51 96 19 16 17 16 46 81 88 38 45 93 59 45 86 36 17 61 73 37 39 38 85 32 72 90 42 63 11 37 50 81 15 11 30 29 48 51 71 30 25 26 80 51 30 50 38 84 80 14 45 80 22 93 75 27 68 58 29 18 95 53 11 85 86 85 24 32 16 82 71 92 38 66 82 38 53 93 38 69 38 67 83 82 76 64
55 37 80 31 12 45 50 98 83 25 20 16 97 23 70 0 63 66 84 52 56 26 96 74 12 83 81 38 84 54 31 62 32 77 16 74 44 75 65 24 50 65 12 11 80 57 24 70 12 65 78 24 38 62 97 47 84 93 50 14 30 23 79 26 13 87 64 78 27 77 28 74 62 83 15 31 52 10 36 80 95 88 47 99 91 78 94 59 10 31 68 33 29 26 88 17 37 58 40 92 62 15 40 73 36 82 52 27 30 48 48 36 18 39 75 82 93 37 85 49
24 42 63 80 66 33 55 80 49 85 84 88 78 88 50 63 0 21 76 94 42 81 38 86 73 63 47 45 31 19 96 37 96 51 95 31 43 37 68 72 88 46 96 36 92 44 34 13 92 51 21 12 71 70 60 75 59 85 36 64 97 32 17 25 45 61 28 39 99 83 51 54 92 84 87 10 67 95 24 25 99 44 64 66 26 84 41 30 23 26 12 43 16 11 36 23 13 17 91 92 65 19 18 52 82 46 31 84 47 36 54 11 40 91 73 92 36 81 52 63
54 96 19 98 15 24 86 76 61 37 32 13 41 57 78 66 21 0 50 35 18 52 42 80 72 98 22 75 32 76 47 88 76 50 78 24 53 43 95 41 26 35 29 14 20 50 54 23 34 85 13 44 10 37 56 38 46 55 42 83 54 39 10 78 72 86 63 60 80 68 47 12 24 52 32 40 64 39 51 59 94 40 66 56 32 28 88 70 24 55 94 54 42 68 39 74 67 46 71 53 18 47 22 71 67 83 41 61 73 87 43 40 53 84 15 42 75 45 98 69
58 76 74 49 85 59 16 45 70 23 46 94 24 57 59 84 76 50 0 40 63 98 73 17 25 70 38 61 64 31 30 22 28 60 27 66 85 87 65 20 92 79 26 97 77 39 73 48 89 89 72 94 45 30 13 18 15 93 72 75 68 28 18 98 71 61 44 81 54 73 32 89 76 28 55 80 67 41 96 27 29 87 81 20 53 96 65 36 79 34 62 22 62 63 15 17 97 45 60 17 43 10 61 73 69 91 45 65 35 96 47 69 79 10 75 18 58 68 14 32
56 82 48 24 74 68 34 25 70 80 98 55 49 28 46 52 94 35 40 0 18 36 10 79 69 70 46 40 54 53 19 82 70 23 74 92 32 92 30 17 55 84 48 79 34 47 58 77 37 92 17 88 74 92 49 13 46 33 74 32 29 98 85 40 80 93 58 11 24 97 66 91 49 79 39 36 43 81 59 30 51 32 12 23 89 56 19 86 53 21 79 63 65 22 55 75 99 44 58 59 76 91 34 74 17 73 83 66 97 63 88 55 26 91 23 50 77 39 92 30
92 49 30 17 70 62 71 26 47 47 22 27 62 15 17 56 42 18 63 18 0 15 71 10 24 94 80 18 83 70 72 31 52 34 63 16 35 69 24 60 31 36 58 94 83 35 77 24 27 86 46 13 88 79 17 71 93 64 97 68 79 22 77 55 58 49 83 85 64 72 39 84 54 18 35 81 60 52 92 15 64 86 23 88 81 33 93 62 89 57 40 98 16 42 35 23 17 87 58 51 69 24 58 16 62 12 53 25 82 84 23 53 86 57 23 19 57 15 73 17
44 60 66 37 45 64 96 43 18 45 18 58 96 82 64 26 81 52 98 36 15 0 68 47 59 38 88 92 22 32 84 34 66 78 85 18 79 75 56 87 43 52 12 90 16 89 14 78 34 27 74 74 37 80 48 28 62 63 19 83 23 21 57 66 22 87 50 61 64 88 98 71 11 25 64 84 82 25 62 12 56 44 56 88 94 69 59 34 78 37 18 57 10 62 95 74 51 55 81 37 81 81 85 38 16 35 68 57 87 99 46 55 20 27 72 58 21 17 26 59
76 30 21 64 87 72 57 95 60 68 14 15 41 42 38 96 38 42 73 10 71 68 0 40 45 33 60 79 58 46 66 60 42 19 96 28 33 22 73 79 21 83 78 79 80 46 38 49 55 67 97 92 71 36 24 30 32 94 42 46 34 45 72 66 23 25 87 85 20 57 79 42 88 27 35 39 73 58 65 97 35 93 36 19 48 73 95 74 52 78 68 48 43 23 99 50 86 35 93 53 93 30 54 63 16 29 75 51 28 81 69 95 48 60 45 41 63 29 30 45
77 88 11 92 96 80 14 95 80 29 21 88 69 80 86 74 86 80 17 79 10 47 40 0 73 89 52 11 47 58 64 22 60 14 27 99 11 87 44 33 17 98 93 20 25 89 52 65 51 80 13 67 88 38 14 94 67 97 17 63 74 64 92 99 12 92 69 72 32 97 53 59 82 24 85 63 58 34 84 23 34 87 84 31 70 42 24 87 14 37 85 74 25 68 62 50 30 67 85 15 26 53 75 13 58 35 62 27 98 23 88 25 21 14 29 49 53 85 10 50
40 31 43 17 76 51 73 75 21 83 59 99 40 78 70 12 73 72 25 69 24 59 45 73 0 21 48 99 37 22 91 82 65 72 35 95 50 53 81 38 47 18 96 94 66 78 19 83 54 57 13 20 29 57 42 13 70 31 91 65 65 14 62 92 43 76 31 54 14 24 76 88 45 27 52 24 37 94 54 91 25 61 32 36 12 15 69 25 75 18 84 34 90 86 86 60 96 54 99 76 51 27 63 96 91 40 28 49 17 78 88 30 92 69 63 23 15 30 69 98
65 74 63 64 82 64 65 76 96 75 33 55 36 12 66 83 63 98 70 70 94 38 33 89 21 0 80 77 65 41 38 52 44 93 42 53 19 52 29 74 36 58 59 61 61 49 83 93 18 35 86 85 86 27 21 69 29 46 40 80 62 23 84 39 32 61 25 12 60 74 79 10 29 52 53 16 66 89 22 80 44 58 99 98 15 63 83 77 59 42 95 48 45 46 89 14 11 10 70 96 88 58 42 27 70 40 14 68 88 27 42 27 45 80 70 76 59 11 35 15
64 73 80 22 53 63 71 99 80 69 70 62 27 37 86 81 47 22 38 46 80 88 60 52 48 80 0 13 27 38 47 74 59 74 76 53 21 69 18 71 20 56 68 46 90 87 38 44 54 22 67 10 78 49 64 84 82 69 47 78 91 80 84 56 96 26 22 89 68 82 50 28 56 26 10 13 72 89 86 86 58 64 48 25 60 34 75 61 91 67 89 78 28 48 72 27 35 75 70 67 14 33 52 79 85 12 20 57 42 99 90 33 67 91 31 88 99 25 75 95
49 92 40 86 79 42 44 89 31 60 97 11 70 15 71 38 45 75 61 40 18 92 79 11 99 77 13 0 20 83 63 71 44 80 76 36 79 80 67 37 49 67 31 17 99 58 53 46 23 27 50 65 46 29 17 95 52 78 56 62 42 94 96 81 77 94 45 28 44 25 64 33 88 69 68 96 63 17 73 27 45 94 65 86 49 77 50 73 52 56 27 34 12 26 27 87 85 88 74 51 79 66 99 99 87 21 28 46 70 10 20 88 49 36 42 36 25 23 60 89
81 84 44 70 81 10 21 70 41 48 53 15 76 54 64 84 31 32 64 54 83 22 58 47 37 65 27 20 0 98 52 83 79 52 69 92 30 37 62 43 63 97 65 89 15 77 60 23 26 84 59 75 51 34 45 98 74 28 57 71 47 86 17 76 36 64 85 97 67 22 58 26 29 61 78 71 59 47 91 98 32 66 96 86 55 99 72 26 61 28 10 12 18 41 78 47 54 82 68 55 49 44 40 96 86 89 39 48 72 17 53 95 47 26 28 57 97 78 96 87
77 76 68 37 98 76 38 80 42 48 87 25 31 70 61 54 19 76 31 53 70 32 46 58 22 41 38 83 98 0 84 79 41 25 98 89 96 11 22 38 83 92 10 90 65 72 31 32 19 13 14 34 86 22 58 75 77 22 73 56 81 79 25 61 92 37 37 80 73 46 65 71 65 58 90 22 51 41 28 75 61 15 40 66 48 49 92 49 33 76 61 39 33 92 47 66 34 84 22 16 36 28 60 17 12 51 28 24 49 89 40 70 89 19 11 17 38 41 67 26
60 52 77 42 65 49 47 29 71 31 56 22 93 95 23 31 96 47 30 19 72 84 66 64 91 38 47 63 52 84 0 92 93 33 96 24 20 85 61 98 45 53 91 18 27 32 29 76 26 74 12 77 88 81 56 35 37 77 59 65 12 37 22 45 34 94 50 26 75 82 90 69 18 72 66 30 22 99 80 74 29 71 72 70 47 32 77 67 67 19 58 54 94 42 91 59 91 75 63 31 80 68 49 27 96 92 72 99 97 57 38 56 21 34 55 65 62 91 18 11
23 36 63 59 57 54 11 40 99 90 90 33 22 21 87 62 37 88 22 82 31 34 60 22 82 52 74 71 83 79 92 0 44 91 92 34 79 97 28 60 92 54 84 58 24 33 51 19 37 60 62 11 46 92 46 16 65 56 14 58 77 51 33 85 94 82 19 66 13 11 77 64 80 23 20 23 85 44 32 81 97 97 82 58 41 35 70 96 96 88 83 65 24 33 79 37 93 42 45 61 78 19 62 94 60 10 78 87 74 71 30 12 27 95 69 61 16 92 15 70
25 56 79 38 18 84 16 96 22 17 88 52 92 79 30 32 96 76 28 70 52 66 42 60 65 44 59 44 79 41 93 44 0 96 80 23 38 13 75 90 47 54 17 96 28 47 88 76 93 25 27 77 58 42 43 53 28 16 11 66 13 42 76 73 37 73 58 69 59 73 60 88 63 30 95 68 87 26 78 65 56 31 23 47 17 73 46 86 86 17 92 80 18 32 66 42 78 40 39 14 25 12 63 73 55 46 96 79 96 66 54 36 82 65 86 13 38 17 19 22
48 56 79 95 60 40 60 96 12 28 16 91 14 66 77 77 51 50 60 23 34 78 19 14 72 93 74 80 52 25 33 91 96 0 84 63 89 22 59 63 13 17 69 50 10 52 78 26 35 21 85 64 67 28 70 65 77 63 87 78 70 51 78 52 40 64 69 76 84 52 52 37 31 33 20 32 29 87 21 28 88 98 10 60 46 97 41 40 80 19 82 15 86 68 87 91 29 70 90 83 88 20 26 66 24 28 53 71 46 31 69 27 22 68 51 85 12 64 70 15
80 13 80 71 37 12 28 91 14 55 20 51 63 54 51 16 95 78 27 74 63 85 96 27 35 42 76 76 69 98 96 92 80 84 0 79 57 38 52 80 43 24 36 60 96 73 88 79 81 49 80 69 93 68 50 18 43 81 23 53 57 22 78 52 86 17 75 27 60 96 85 43 17 12 31 61 26 44 23 76 60 22 75 69 52 99 10 83 50 36 50 60 21 85 94 91 33 82 71 69 86 81 70 84 56 82 73 88 74 28 45 29 40 41 15 77 14 13 27 17
77 17 50 53 90 59 42 31 15 79 98 57 84 55 96 74 31 24 66 92 16 18 28 99 95 53 53 36 92 89 24 34 23 63 79 0 41 48 46 50 17 54 35 12 86 12 69 32 26 43 14 31 63 78 26 47 22 55 68 79 25 88 44 26 12 49 89 63 44 55 17 56 42 25 91 23 33 65 18 21 19 32 45 82 54 92 86 88 92 78 93 35 86 74 59 36 82 89 10 22 97 12 18 10 61 48 69 46 74 61 75 94 20 96 13 11 55 45 61 80
51 79 58 30 71 23 53 54 44 94 53 49 86 58 19 44 43 53 85 32 35 79 33 11 50 19 21 79 30 96 20 79 38 89 57 41 0 70 38 55 77 66 47 44 34 28 94 79 90 73 39 78 97 96 58 34 84 89 86 15 72 48 63 70 28 40 74 72 88 99 32 45 22 36 72 12 79 27 62 42 77 65 32 32 48 10 92 52 68 36 92 26 87 13 96 45 64 99 94 77 25 10 21 96 82 61 75 30 41 73 48 80 83 49 11 54 54 57 83 80
39 34 26 49 71 21 62 20 75 75 37 91 25 93 16 75 37 43 87 92 69 75 22 87 53 52 69 80 37 11 85 97 13 22 38 48 70 0 47 51 54 41 70 73 56 19 98 44 23 51 23 43 97 67 84 91 17 95 20 80 70 88 70 92 14 76 93 37 10 76 97 51 91 85 59 79 14 31 85 68 41 74 81 56 57 80 54 57 91 81 78 21 92 81 80 66 64 94 23 80 66 16 69 36 91 56 79 17 62 90 44 89 75 86 17 16 36 53 99 79
89 99 23 49 13 56 73 30 38 86 86 65 20 50 17 65 68 95 65 30 24 56 73 44 81 29 18 67 62 22 61 28 75 59 52 46 38 47 0 58 38 44 25 56 30 18 78 43 63 89 24 70 92 71 75 55 62 17 89 85 61 87 21 96 70 71 63 26 62 63 87 59 48 17 56 80 98 84 80 95 36 18 51 33 32 32 73 29 27 81 60 28 22 16 60 58 81 48 64 70 98 60 25 66 98 67 38 93 77 62 20 32 32 12 36 66 82 63 35 29
50 79 57 17 71 44 47 91 38 58 77 85 76 15 16 24 72 41 20 17 60 87 79 33 38 74 71 37 43 38 98 60 90 63 80 50 55 51 58 0 57 73 67 51 31 96 54 86 38 93 80 89 35 12 70 18 59 73 99 95 13 18 47 84 48 47 52 84 68 11 22 30 26 99 80 38 43 91 33 66 94 54 80 29 24 47 78 71 71 28 70 18 60 66 46 86 24 30 23 45 29 74 92 52 66 31 23 41 47 45 20 25 75 69 93 64 70 35 49 85
72 25 10 44 92 93 49 27 59 62 90 58 64 43 46 50 88 26 92 55 31 43 21 17 47 36 20 49 63 83 45 92 47 13 43 17 77 54 38 57 0 46 33 86 58 85 38 58 43 80 10 89 16 30 14 46 95 64 76 77 70 58 49 30 43 33 46 17 74 46 51 36 10 90 60 30 86 46 67 47 25 36 34 78 26 38 79 17 11 30 17 18 94 92 76 27 52 87 21 41 24 56 24 97 96 35 97 79 98 86 33 50 79 46 12 21 52 63 80 75
45 14 80 96 74 68 55 65 43 43 64 95 20 58 81 65 46 35 79 84 36 52 83 98 18 58 56 67 97 92 53 54 54 17 24 54 66 41 44 73 46 0 14 41 58 93 94 18 91 60 24 81 14 32 12 51 19 69 18 90 31 97 75 92 86 17 42 73 91 39 44 32 47 83 70 69 80 47 70 65 84 85 70 33 75 92 30 94 19 78 38 11 12 14 54 40 82 13 76 65 36 72 62 89 91 10 43 16 16 33 75 19 14 67 26 93 32 41 17 45
34 43 92 35 32 66 61 72 79 66 83 17 21 55 88 12 96 29 26 48 58 12 78 93 96 59 68 31 65 10 91 84 17 69 36 35 47 70 25 67 33 14 0 74 89 49 37 35 28 72 54 90 70 46 63 42 45 98 69 40 26 14 30 67 30 42 67 46 10 19 65 32 14 16 71 99 39 90 75 18 73 20 88 53 34 12 52 55 22 10 86 82 27 20 30 84 12 18 61 78 66 17 24 25 15 43 60 16 44 18 53 76 24 76 20 53 34 52 75 12
31 50 35 59 16 77 59 69 62 63 42 17 53 57 38 11 36 14 97 79 94 90 79 20 94 61 46 17 89 90 18 58 96 50 60 12 44 73 56 51 86 41 74 0 18 83 75 18 66 23 72 39 96 80 79 17 93 38 80 20 76 89 44 65 46 64 20 48 88 22 44 72 57 22 59 59 34 73 46 99 36 38 40 43 20 73 73 94 28 58 97 34 92 88 63 35 90 38 49 75 46 28 70 16 15 20 52 72 78 52 60 35 41 19 31 45 66 10 62 86
31 70 78 51 72 72 48 69 64 81 75 89 16 14 45 80 92 20 77 34 83 16 80 25 66 61 90 99 15 65 27 24 28 10 96 86 34 56 30 31 58 58 89 18 0 48 41 91 65 57 88 30 16 43 10 84 42 44 93 55 60 53 63 51 26 53 46 27 85 46 81 63 51 11 16 42 55 54 82 20 35 83 22 58 26 63 43 53 66 67 89 70 52 29 21 75 67 82 32 26 21 80 35 96 59 19 33 24 78 61 47 35 41 32 83 75 95 18 35 87
87 45 65 33 23 83 87 64 66 90 79 60 48 33 93 57 44 50 39 47 35 89 46 89 78 49 87 58 77 72 32 33 47 52 73 12 28 19 18 96 85 93 49 83 48 0 11 74 11 28 59 98 20 21 92 40 26 59 72 85 57 76 71 35 96 22 18 40 48 43 85 13 41 98 47 56 42 26 86 48 59 12 18 59 94 87 67 98 67 11 58 45 69 18 80 34 49 87 56 15 62 59 58 40 29 16 24 90 37 74 26 12 31 59 80 17 52 20 87 28
46 23 95 13 82 93 70 68 99 96 95 76 46 32 59 24 34 54 73 58 77 14 38 52 19 83 38 53 60 31 29 51 88 78 88 69 94 98 78 54 38 94 37 75 41 11 0 10 72 80 22 48 50 21 90 36 84 48 15 66 14 23 43 65 34 36 12 89 58 86 44 33 48 66 18 64 15 14 95 40 53 51 74 14 29 88 62 99 56 97 12 69 38 14 46 32 70 59 52 81 40 14 70 73 14 87 22 14 10 60 32 99 56 15 59 97 94 87 64 78
50 37 26 66 20 37 51 63 83 33 36 25 74 52 45 70 13 23 48 77 24 78 49 65 83 93 44 46 23 32 76 19 76 26 79 32 79 44 43 86 58 18 35 18 91 74 10 0 38 94 74 80 53 46 33 74 16 58 60 64 74 68 41 38 75 70 24 48 60 93 44 51 15 33 41 29 69 50 69 49 97 36 92 99 48 85 43 56 27 58 23 95 44 63 36 26 97 27 25 95 97 83 26 74 88 33 27 87 66 77 76 20 58 49 68 18 16 73 33 22
21 54 90 72 68 69 37 48 87 18 91 58 36 81 86 12 92 34 89 37 27 34 55 51 54 18 54 23 26 19 26 37 93 35 81 26 90 23 63 38 43 91 28 66 65 11 72 38 0 81 40 62 29 54 46 48 86 43 13 21 65 90 68 23 18 95 88 50 44 53 21 38 84 22 13 38 32 88 77 90 30 99 49 42 78 40 77 72 50 80 34 22 71 42 91 59 28 62 15 75 84 89 41 85 48 51 31 53 79 15 46 24 76 43 66 36 11 65 38 75
49 35 33 50 23 15 11 77 70 65 94 77 12 67 36 65 51 85 89 92 86 27 67 80 57 35 22 27 84 13 74 60 25 21 49 43 73 51 89 93 80 60 72 23 57 28 80 94 81 0 71 80 18 62 45 84 32 31 99 32 18 63 18 47 70 13 79 25 10 75 36 57 50 32 87 62 91 11 55 39 60 68 79 95 28 54 19 96 62 63 63 76 32 90 95 31 40 83 51 22 92 50 68 41 67 12 26 11 73 64 90 27 48 22 93 88 28 33 37 48
75 38 14 36 17 60 10 97 73 92 38 77 49 63 17 78 21 13 72 17 46 74 97 13 13 86 67 50 59 14 12 62 27 85 80 14 39 23 24 80 10 24 54 72 88 59 22 74 40 71 0 13 13 81 91 41 14 99 98 10 87 26 98 32 68 53 21 86 30 31 87 75 13 24 76 99 72 16 25 26 56 83 95 49 59 97 20 40 28 51 97 55 48 34 91 26 26 54 86 55 75 62 15 18 16 73 87 98 22 13 50 48 40 79 79 56 80 31 87 22
81 78 70 33 98 78 60 76 11 61 40 61 10 73 61 24 12 44 94 88 13 74 92 67 20 85 10 65 75 34 77 11 77 64 69 31 78 43 70 89 89 81 90 39 30 98 48 80 62 80 13 0 12 79 83 61 88 91 36 73 72 60 22 95 21 50 79 57 14 88 88 20 46 99 45 71 48 79 78 42 17 82 44 80 21 36 95 19 14 58 96 54 13 17 65 14 41 46 74 75 47 44 12 36 13 29 71 58 47 18 29 80 13 27 30 27 61 13 16 86
90 59 28 65 11 45 87 89 89 95 36 25 95 75 73 38 71 10 45 74 88 37 71 88 29 86 78 46 51 86 88 46 58 67 93 63 97 97 92 35 16 14 70 96 16 20 50 53 29 18 13 12 0 41 13 40 68 16 40 18 16 84 78 35 70 46 87 19 25 71 95 55 80 91 33 33 46 90 30 84 47 15 17 19 93 69 69 44 48 17 13 60 42 23 31 28 76 74 54 72 60 48 82 81 20 47 54 21 75 47 23 45 69 34 58 39 45 38 18 32
81 15 69 69 19 17 82 93 68 49 73 12 73 14 37 62 70 37 30 92 79 80 36 38 57 27 49 29 34 22 81 92 42 28 68 78 96 67 71 12 30 32 46 80 43 21 21 46 54 62 81 79 41 0 48 11 31 34 38 77 47 50 93 25 78 21 54 30 85 76 71 30 25 79 99 16 63 16 12 35 86 63 97 13 45 22 45 97 32 55 97 59 16 64 84 65 96 60 59 62 87 60 42 99 37 66 92 29 37 19 51 37 78 78 92 30 64 57 10 97
53 47 90 55 77 47 47 75 97 94 66 23 75 81 39 97 60 56 13 49 17 48 24 14 42 21 64 17 45 58 56 46 43 70 50 26 58 84 75 70 14 12 63 79 10 92 90 33 46 45 91 83 13 48 0 42 62 51 39 72 42 34 85 63 93 74 55 15 84 73 94 26 32 48 90 82 85 44 65 93 25 35 57 42 29 74 42 55 77 48 59 95 44 49 50 43 66 17 38 24 52 18 55 74 12 42 14 38 43 35 67 92 50 28 95 57 93 97 54 69
76 53 61 42 29 37 73 56 96 13 79 13 50 55 38 47 75 38 18 13 71 28 30 94 13 69 84 95 98 75 35 16 53 65 18 47 34 91 55 18 46 51 42 17 84 40 36 74 48 84 41 61 40 11 42 0 76 25 79 77 94 12 10 44 46 98 16 40 87 16 83 80 26 62 27 71 39 11 43 89 93 24 67 21 87 72 41 59 19 35 31 86 57 54 56 77 34 13 11 28 54 94 39 29 60 19 60 34 80 38 83 93 21 83 71 41 32 84 35 93
90 45 51 60 95 83 33 47 65 85 27 36 65 43 85 84 59 46 15 46 93 62 32 67 70 29 82 52 74 77 37 65 28 77 43 22 84 17 62 59 95 19 45 93 42 26 84 16 86 32 14 88 68 31 62 76 0 67 17 91 17 49 43 19 79 63 51 78 56 59 64 90 42 98 33 36 17 53 52 62 16 75 72 19 88 14 58 95 26 44 87 16 70 11 94 22 50 29 58 30 12 70 53 60 17 38 35 80 96 44 49 88 32 42 36 36 41 89 35 61
64 74 70 50 99 88 88 40 33 99 53 16 53 82 32 93 85 55 93 33 64 63 94 97 31 46 69 78 28 22 77 56 16 63 81 55 89 95 17 73 64 69 98 38 44 59 48 58 43 31 99 91 16 34 51 25 67 0 90 83 40 80 79 48 17 37 36 95 65 49 39 29 49 67 31 44 81 87 13 78 54 25 65 53 78 78 69 90 94 99 14 72 69 38 17 18 27 43 56 18 83 15 92 56 35 92 18 84 21 17 45 38 90 60 62 39 61 88 67 82
92 20 37 23 28 56 98 83 11 40 44 78 25 11 72 50 36 42 72 74 97 19 42 17 91 40 47 56 57 73 59 14 11 87 23 68 86 20 89 99 76 18 69 80 93 72 15 60 13 99 98 36 40 38 39 79 17 90 0 86 55 45 14 84 19 19 31 60 54 26 17 61 35 84 85 87 51 71 29 49 50 71 78 99 99 13 55 89 22 99 29 75 87 38 48 79 75 18 51 89 56 59 84 12 21 18 96 52 49 23 62 57 87 95 22 58 48 46 22 69
27 12 74 71 24 46 15 13 58 74 53 87 28 42 90 14 64 83 75 32 68 83 46 63 65 80 78 62 71 56 65 58 66 78 53 79 15 80 85 95 77 90 40 20 55 85 66 64 21 32 10 73 18 77 72 77 91 83 86 0 49 70 96 21 47 86 48 43 94 89 13 84 68 66 13 44 75 37 91 14 55 53 70 73 17 60 49 85 85 94 51 27 55 55 52 59 33 32 40 51 72 49 44 94 45 27 75 71 84 14 39 54 91 43 64 42 86 78 98 26
96 15 58 34 73 23 52 23 51 18 91 77 34 12 42 30 97 54 68 29 79 23 34 74 65 62 91 42 47 81 12 77 13 70 57 25 72 70 61 13 70 31 26 76 60 57 14 74 65 18 87 72 16 47 42 94 17 40 55 49 0 85 49 42 37 51 71 66 99 41 77 84 98 23 66 90 93 24 85 59 11 47 37 36 43 75 16 81 46 72 27 52 21 73 66 49 57 69 43 95 72 38 21 62 59 62 13 83 92 49 15 74 71 82 81 37 44 53 10 62
60 43 91 88 43 57 75 95 63 64 67 12 50 70 63 23 32 39 28 98 22 21 45 64 14 23 80 94 86 79 37 51 42 51 22 88 48 88 87 18 58 97 14 89 53 76 23 68 90 63 26 60 84 50 34 12 49 80 45 70 85 0 22 67 57 34 37 88 89 91 50 93 93 66 65 46 58 83 46 77 47 98 22 70 19 32 86 56 99 71 86 29 33 40 35 70 41 15 17 68 61 50 81 23 32 59 57 71 64 46 26 59 63 19 56 83 26 11 47 70
96 79 91 77 97 17 56 64 21 29 14 41 25 76 11 79 17 10 18 85 77 57 72 92 62 84 84 96 17 25 22 33 76 78 78 44 63 70 21 47 49 75 30 44 63 71 43 41 68 18 98 22 78 93 85 10 43 79 14 96 49 22 0 79 35 38 64 21 34 37 92 53 70 12 84 29 57 74 58 62 23 24 68 23 29 39 35 82 64 67 33 27 28 50 43 36 29 71 46 44 89 72 11 76 59 84 52 82 79 43 61 10 94 20 67 81 60 43 45 94
52 93 45 68 85 62 79 82 42 37 92 93 12 99 37 26 25 78 98 40 55 66 66 99 92 39 56 81 76 61 45 85 73 52 52 26 70 92 96 84 30 92 67 65 51 35 65 38 23 47 32 95 35 25 63 44 19 48 84 21 42 67 79 0 37 39 75 45 64 30 33 86 94 98 50 54 55 47 52 80 80 66 32 82 92 31 12 17 71 40 57 78 78 81 60 35 96 25 72 21 61 76 13 78 34 30 95 94 28 69 58 11 41 29 23 36 34 75 50 15
44 73 32 25 83 50 17 51 69 54 69 68 96 63 50 13 45 72 71 80 58 22 23 12 43 32 96 77 36 92 34 94 37 40 86 12 28 14 70 48 43 86 30 46 26 96 34 75 18 70 68 21 70 78 93 46 79 17 19 47 37 57 35 37 0 96 81 88 90 74 83 12 58 69 50 73 84 88 35 71 75 43 72 27 23 63 76 25 17 54 84 80 52 75 25 10 17 61 31 22 72 65 70 29 19 98 44 50 88 55 74 71 61 60 71 59 76 64 21 93
71 81 71 21 18 75 45 15 80 30 79 43 12 60 81 87 61 86 61 93 49 87 25 92 76 61 26 94 64 37 94 82 73 64 17 49 40 76 71 47 33 17 42 64 53 22 36 70 95 13 53 50 46 21 74 98 63 37 19 86 51 34 38 39 96 0 84 61 71 50 44 96 30 42 93 95 99 23 97 35 11 70 62 29 83 39 71 53 80 67 70 47 37 55 42 54 35 23 61 72 53 22 86 86 51 97 99 51 29 98 13 26 88 19 13 72 65 80 54 14
13 44 47 55 39 12 27 20 18 88 60 17 41 29 15 64 28 63 44 58 83 50 87 69 31 25 22 45 85 37 50 19 58 69 75 89 74 93 63 52 46 42 67 20 46 18 12 24 88 79 21 79 87 54 55 16 51 36 31 48 71 37 64 75 81 84 0 81 76 17 70 77 34 78 53 92 23 31 92 13 43 45 33 49 36 14 89 26 34 78 83 27 60 73 99 67 11 90 10 65 10 97 15 41 64 76 12 87 90 81 46 19 41 39 14 96 90 15 42 30
11 48 15 36 36 90 61 19 95 85 95 45 40 87 11 78 39 60 81 11 85 61 85 72 54 12 89 28 97 80 26 66 69 76 27 63 72 37 26 84 17 73 46 48 27 40 89 48 50 25 86 57 19 30 15 40 78 95 60 43 66 88 21 45 88 61 81 0 26 23 27 15 17 58 74 40 84 64 22 56 16 94 18 86 32 82 65 53 20 69 94 51 46 74 94 91 43 32 90 42 50 38 51 55 44 51 21 89 40 60 20 18 98 98 74 77 39 89 24 48
12 54 66 98 85 69 54 29 38 31 84 27 78 58 30 27 99 80 54 24 64 64 20 32 14 60 68 44 67 73 75 13 59 84 60 44 88 10 62 68 74 91 10 88 85 48 58 60 44 10 30 14 25 85 84 87 56 65 54 94 99 89 34 64 90 71 76 26 0 39 23 29 27 63 59 15 99 68 95 14 51 50 57 74 50 83 74 11 47 22 43 63 80 47 82 55 59 84 95 22 82 84 42 49 27 18 41 86 42 87 87 85 13 29 68 14 47 40 68 98
85 44 67 28 29 36 54 74 22 28 49 87 26 65 29 77 83 68 73 97 72 88 57 97 24 74 82 25 22 46 82 11 73 52 96 55 99 76 63 11 46 39 19 22 46 43 86 93 53 75 31 88 71 76 73 16 59 49 26 89 41 91 37 30 74 50 17 23 39 0 41 61 71 39 29 50 78 69 27 64 34 77 74 36 46 86 87 69 39 59 86 68 39 79 90 66 24 88 74 83 76 86 45 62 23 90 47 40 77 74 94 34 49 75 96 49 68 63 14 20
92 24 58 72 48 66 63 65 59 79 81 67 22 34 48 28 51 47 32 66 39 98 79 53 76 79 50 64 58 65 90 77 60 52 85 17 32 97 87 22 51 44 65 44 81 85 44 44 21 36 87 88 95 71 94 83 64 39 17 13 77 50 92 33 83 44 70 27 23 41 0 82 53 52 39 28 19 27 41 65 86 96 81 32 21 44 60 74 51 66 80 20 22 51 67 28 45 22 99 67 23 14 24 74 32 23 35 15 70 86 15 35 19 84 33 72 96 72 81 84
25 69 35 98 79 45 47 32 42 52 77 77 19 58 51 74 54 12 89 91 84 71 42 59 88 10 28 33 26 71 69 64 88 37 43 56 45 51 59 30 36 32 32 72 63 13 33 51 38 57 75 20 55 30 26 80 90 29 61 84 84 93 53 86 12 96 77 15 29 61 82 0 38 68 65 51 23 18 43 53 39 86 12 58 91 14 83 43 41 50 47 62 45 36 41 59 29 13 82 57 24 97 81 25 15 51 91 13 70 41 37 76 15 67 70 58 97 57 64 53
40 18 31 23 70 53 49 88 90 84 90 32 12 92 71 62 92 24 76 49 54 11 88 82 45 29 56 88 29 65 18 80 63 31 17 42 22 91 48 26 10 47 14 57 51 41 48 15 84 50 13 46 80 25 32 26 42 49 35 68 98 93 70 94 58 30 34 17 27 71 53 38 0 36 95 52 72 16 34 76 13 36 17 46 70 99 24 86 64 31 55 89 68 36 90 23 28 82 28 66 14 13 80 50 63 47 45 86 45 21 45 53 29 67 33 12 16 71 21 86
17 98 73 78 12 91 65 96 43 87 22 37 60 99 30 83 84 52 28 79 18 25 27 24 27 52 26 69 61 58 72 23 30 33 12 25 36 85 17 99 90 83 16 22 11 98 66 33 22 32 24 99 91 79 48 62 98 67 84 66 23 66 12 98 69 42 78 58 63 39 52 68 36 0 69 89 15 25 69 25 35 67 60 47 65 18 71 33 41 58 42 44 73 72 53 61 42 37 66 33 53 50 60 61 87 55 40 32 92 93 29 25 28 56 40 49 92 76 75 66
97 24 57 36 30 26 31 36 42 94 21 94 97 51 25 15 87 32 55 39 35 64 35 85 52 53 10 68 78 90 66 20 95 20 31 91 72 59 56 80 60 70 71 59 16 47 18 41 13 87 76 45 33 99 90 27 33 31 85 13 66 65 84 50 50 93 53 74 59 29 39 65 95 69 0 95 39 43 94 15 80 14 34 49 77 98 30 70 13 44 68 83 13 35 75 38 88 27 17 11 55 89 40 69 80 53 81 73 34 23 57 41 29 27 78 19 34 66 91 16
26 85 31 94 48 85 96 99 71 74 12 59 91 84 26 31 10 40 80 36 81 84 39 63 24 16 13 96 71 22 30 23 68 32 61 23 12 79 80 38 30 69 99 59 42 56 64 29 38 62 99 71 33 16 82 71 36 44 87 44 90 46 29 54 73 95 92 40 15 50 28 51 52 89 95 0 23 70 13 52 99 97 24 27 43 67 66 84 15 12 44 83 67 45 43 55 41 30 83 64 85 94 47 98 72 76 31 81 78 28 19 51 33 91 17 50 35 66 79 12
16 82 60 80 48 70 87 72 95 38 32 60 49 97 80 52 67 64 67 43 60 82 73 58 37 66 72 63 59 51 22 85 87 29 26 33 79 14 98 43 86 80 39 34 55 42 15 69 32 91 72 48 46 63 85 39 17 81 51 75 93 58 57 55 84 99 23 84 99 78 19 23 72 15 39 23 0 94 33 97 66 96 52 97 45 85 39 70 71 59 13 24 29 20 29 70 43 94 55 22 60 29 21 75 91 94 42 49 27 71 89 52 47 57 29 49 40 72 29 70
17 47 79 20 52 86 32 18 70 93 45 29 88 65 51 10 95 39 41 81 52 25 58 34 94 89 89 17 47 41 99 44 26 87 44 65 27 31 84 91 46 47 90 73 54 26 14 50 88 11 16 79 90 16 44 11 53 87 71 37 24 83 74 47 88 23 31 64 68 69 27 18 16 25 43 70 94 0 32 55 87 73 41 67 68 42 43 63 10 89 46 22 74 77 21 40 71 18 79 53 23 23 68 35 54 23 47 74 18 66 74 64 46 26 15 69 11 98 62 35
14 67 53 49 67 12 55 61 83 56 57 52 90 84 30 36 24 51 96 59 92 62 65 84 54 22 86 73 91 28 80 32 78 21 23 18 62 85 80 33 67 70 75 46 82 86 95 69 77 55 25 78 30 12 65 43 52 13 29 91 85 46 58 52 35 97 92 22 95 27 41 43 34 69 94 13 33 32 0 63 18 98 88 14 36 97 99 52 54 19 18 60 90 68 54 98 14 28 39 17 49 74 55 79 19 12 69 90 75 21 41 35 51 88 36 82 16 42 62 43
80 29 97 21 64 46 44 38 16 45 41 65 88 69 50 80 25 59 27 30 15 12 97 23 91 80 86 27 98 75 74 81 65 28 76 21 42 68 95 66 47 65 18 99 20 48 40 49 90 39 26 42 84 35 93 89 62 78 49 14 59 77 62 80 71 35 13 56 14 64 65 53 76 25 15 52 97 55 63 0 14 89 68 22 62 46 86 59 73 81 30 81 16 41 25 27 17 15 19 55 42 50 29 69 11 53 49 40 53 51 89 79 59 14 47 31 85 31 44 69
25 90 86 78 68 39 31 38 56 11 23 85 84 15 38 95 99 94 29 51 64 56 35 34 25 44 58 45 32 61 29 97 56 88 60 19 77 41 36 94 25 84 73 36 35 59 53 97 30 60 56 17 47 86 25 93 16 54 50 55 11 47 23 80 75 11 43 16 51 34 86 39 13 35 80 99 66 87 18 14 0 89 31 79 34 37 71 54 84 70 28 83 97 97 43 46 32 17 14 71 61 56 65 52 85 86 84 35 33 17 56 69 71 46 67 78 94 52 91 43
77 98 33 88 86 82 54 86 45 31 87 24 96 95 84 88 44 40 87 32 86 44 93 87 61 58 64 94 66 15 71 97 31 98 22 32 65 74 18 54 36 85 20 38 83 12 51 36 99 68 83 82 15 63 35 24 75 25 71 53 47 98 24 66 43 70 45 94 50 77 96 86 36 67 14 97 96 73 98 89 89 0 15 23 97 49 47 13 71 42 69 78 72 10 26 16 26 52 52 45 95 18 54 89 80 86 39 37 96 59 30 88 80 24 53 48 70 49 94 57
55 75 39 88 38 45 92 73 59 86 20 12 15 29 80 47 64 66 81 12 23 56 36 84 32 99 48 65 96 40 72 82 23 10 75 45 32 81 51 80 34 70 88 40 22 18 74 92 49 79 95 44 17 97 57 67 72 65 78 70 37 22 68 32 72 62 33 18 57 74 81 12 17 60 34 24 52 41 88 68 31 15 0 88 30 22 17 98 58 81 11 30 74 74 47 42 23 54 31 94 85 74 69 54 17 77 75 48 61 99 42 83 40 60 47 49 66 30 74 75
74 84 32 29 84 99 96 34 88 44 63 52 14 58 14 99 66 56 20 23 88 88 19 31 36 98 25 86 86 66 70 58 47 60 69 82 32 56 33 29 78 33 53 43 58 59 14 99 42 95 49 80 19 13 42 21 19 53 99 73 36 70 23 82 27 29 49 86 74 36 32 58 46 47 49 27 97 67 14 22 79 23 88 0 74 71 26 71 55 40 85 79 34 90 91 94 36 82 97 58 12 44 20 92 54 33 70 41 26 58 74 71 48 66 73 94 27 53 18 13
26 25 40 52 15 82 17 46 69 56 10 36 96 80 45 91 26 32 53 89 81 94 48 70 12 15 60 49 55 48 47 41 17 46 52 54 48 57 32 24 26 75 34 20 26 94 29 48 78 28 59 21 93 45 29 87 88 78 99 17 43 19 29 92 23 83 36 32 50 46 21 91 70 65 77 43 45 68 36 62 34 97 30 74 0 62 74 21 68 64 86 87 33 61 90 65 95 97 48 41 31 92 95 13 66 36 29 77 45 47 25 14 15 53 67 38 61 95 35 15
25 83 10 54 51 85 80 67 98 91 35 90 37 96 80 78 84 28 96 56 33 69 73 42 15 63 34 77 99 49 32 35 73 97 99 92 10 80 32 47 38 92 12 73 63 87 88 85 40 54 97 36 69 22 74 72 14 78 13 60 75 32 39 31 63 39 14 82 83 86 44 14 99 18 98 67 85 42 97 46 37 49 22 71 62 0 67 34 84 65 54 64 65 90 90 22 98 28 83 54 63 77 77 23 57 91 65 32 10 37 46 30 59 26 63 17 36 99 10 18
61 25 12 57 94 93 18 18 67 70 67 17 31 23 22 94 41 88 65 19 93 59 95 24 69 83 75 50 72 92 77 70 46 41 10 86 92 54 73 78 79 30 52 73 43 67 62 43 77 19 20 95 69 45 42 41 58 69 55 49 16 86 35 12 76 71 89 65 74 87 60 83 24 71 30 66 39 43 99 86 71 47 17 26 74 67 0 84 69 99 28 31 76 78 52 97 30 35 85 36 99 96 38 13 73 53 37 44 39 98 97 19 30 32 86 28 42 23 87 86
20 46 18 45 50 88 30 31 78 13 14 63 53 91 93 59 30 70 36 86 62 34 74 87 25 77 61 73 26 49 67 96 86 40 83 88 52 57 29 71 17 94 55 94 53 98 99 56 72 96 40 19 44 97 55 59 95 90 89 85 81 56 82 17 25 53 26 53 11 69 74 43 86 33 70 84 70 63 52 59 54 13 98 71 21 34 84 0 36 41 69 27 84 92 46 96 54 81 59 35 98 10 61 99 30 15 67 17 61 27 65 99 37 38 34 64 18 51 61 60
36 29 58 92 81 66 10 99 49 86 28 41 85 37 75 10 23 24 79 53 89 78 52 14 75 59 91 52 61 33 67 96 86 80 50 92 68 91 27 71 11 19 22 28 66 67 56 27 50 62 28 14 48 32 77 19 26 94 22 85 46 99 64 71 17 80 34 20 47 39 51 41 64 41 13 15 71 10 54 73 84 71 58 55 68 84 69 36 0 99 49 72 29 12 50 17 39 42 43 13 84 24 84 34 41 28 75 45 83 82 60 92 17 33 70 19 18 81 68 51
46 15 32 70 80 60 45 60 33 57 10 71 78 71 27 31 26 55 34 21 57 37 78 37 18 42 67 56 28 76 19 88 17 19 36 78 36 81 81 28 30 78 10 58 67 11 97 58 80 63 51 58 17 55 48 35 44 99 99 94 72 71 67 40 54 67 78 69 22 59 66 50 31 58 44 12 59 89 19 81 70 42 81 40 64 65 99 41 99 0 17 80 95 80 58 28 96 68 25 71 71 82 89 97 87 13 90 10 24 53 88 87 79 75 61 73 55 85 33 89
61 24 58 28 69 64 76 72 18 42 98 86 84 94 68 68 12 94 62 79 40 18 68 85 84 95 89 27 10 61 58 83 92 82 50 93 92 78 60 70 17 38 86 97 89 58 12 23 34 63 97 96 13 97 59 31 87 14 29 51 27 86 33 57 84 70 83 94 43 86 80 47 55 42 68 44 13 46 18 30 28 69 11 85 86 54 28 69 49 17 0 75 35 32 55 98 42 44 86 10 31 69 16 16 89 22 24 17 94 72 65 30 68 64 31 31 44 59 86 23
82 95 61 16 36 78 40 40 44 59 91 56 95 39 58 33 43 54 22 63 98 57 48 74 34 48 78 34 12 39 54 65 80 15 60 35 26 21 28 18 18 11 82 34 70 45 69 95 22 76 55 54 60 59 95 86 16 72 75 27 52 29 27 78 80 47 27 51 63 68 20 62 89 44 83 83 24 22 60 81 83 78 30 79 87 64 31 27 72 80 75 0 24 33 67 63 41 77 79 84 39 16 74 81 42 96 59 89 11 17 12 87 71 47 35 77 18 89 35 72
35 87 33 40 20 41 49 34 83 11 14 33 52 32 29 29 16 42 62 65 16 10 43 25 90 45 28 12 18 33 94 24 18 86 21 86 87 92 22 60 94 12 27 92 52 69 38 44 71 32 48 13 42 16 44 57 70 69 87 55 21 33 28 78 52 37 60 46 80 39 22 45 68 73 13 67 29 74 90 16 97 72 74 34 33 65 76 84 29 95 35 24 0 30 48 94 19 43 74 18 80 95 73 45 13 16 97 35 75 94 49 68 26 38 39 79 97 65 13 11
38 87 38 79 29 37 56 57 37 74 98 84 59 34 18 26 11 68 63 22 42 62 23 68 86 46 48 26 41 92 42 33 32 68 85 74 13 81 16 66 92 14 20 88 29 18 14 63 42 90 34 17 23 64 49 54 11 38 38 55 73 40 50 81 75 55 73 74 47 79 51 36 36 72 35 45 20 77 68 41 97 10 74 90 61 90 78 92 12 80 32 33 30 0 46 11 20 79 79 14 40 12 33 22 40 91 95 23 54 35 90 13 53 70 91 87 45 64 44 46
27 68 38 99 29 40 56 33 36 77 42 86 23 34 95 88 36 39 15 55 35 95 99 62 86 89 72 27 78 47 91 79 66 87 94 59 96 80 60 46 76 54 30 63 21 80 46 36 91 95 91 65 31 84 50 56 94 17 48 52 66 35 43 60 25 42 99 94 82 90 67 41 90 53 75 43 29 21 54 25 43 26 47 91 90 90 52 46 50 58 55 67 48 46 0 18 23 54 84 61 75 64 13 20 57 87 95 30 41 44 97 64 29 73 89 20 43 69 65 19
42 65 34 29 24 40 61 71 92 59 73 42 55 16 53 17 23 74 17 75 23 74 50 50 60 14 27 87 47 66 59 37 42 91 91 36 45 66 58 86 27 40 84 35 75 34 32 26 59 31 26 14 28 65 43 77 22 18 79 59 49 70 36 35 10 54 67 91 55 66 28 59 23 61 38 55 70 40 98 27 46 16 42 94 65 22 97 96 17 28 98 63 94 11 18 0 60 38 96 45 84 35 48 91 32 29 18 46 18 22 17 92 46 45 86 71 66 35 94 80
27 53 90 64 58 12 98 91 74 19 25 38 31 22 11 37 13 67 97 99 17 51 86 30 96 11 35 85 54 34 91 93 78 29 33 82 64 64 81 24 52 82 12 90 67 49 70 97 28 40 26 41 76 96 66 34 50 27 75 33 57 41 29 96 17 35 11 43 59 24 45 29 28 42 88 41 43 71 14 17 32 26 23 36 95 98 30 54 39 96 42 41 19 20 23 60 0 19 41 46 17 42 40 46 72 66 61 56 19 74 85 62 37 35 42 84 82 27 33 46
87 94 74 83 65 57 93 60 13 76 27 12 60 99 85 58 17 46 45 44 87 55 35 67 54 10 75 88 82 84 75 42 40 70 82 89 99 94 48 30 87 13 18 38 82 87 59 27 62 83 54 46 74 60 17 13 29 43 18 32 69 15 71 25 61 23 90 32 84 88 22 13 82 37 27 30 94 18 28 15 17 52 54 82 97 28 35 81 42 68 44 77 43 79 54 38 19 0 47 99 66 96 77 44 85 73 93 56 12 16 34 29 36 47 44 45 91 34 34 41
28 75 80 10 22 11 13 54 70 98 48 64 13 81 86 40 91 71 60 58 58 81 93 85 99 70 70 74 68 22 63 45 39 90 71 10 94 23 64 23 21 76 61 49 32 56 52 25 15 51 86 74 54 59 38 11 58 56 51 40 43 17 46 72 31 61 10 90 95 74 99 82 28 66 17 83 55 79 39 19 14 52 31 97 48 83 85 59 43 25 86 79 74 79 84 96 41 47 0 97 70 29 17 43 34 59 52 26 77 51 50 27 44 60 35 91 21 84 52 70
94 39 14 75 29 50 10 38 80 83 75 18 46 46 85 92 92 53 17 59 51 37 53 15 76 96 67 51 55 16 31 61 14 83 69 22 77 80 70 45 41 65 78 75 26 15 81 95 75 22 55 75 72 62 24 28 30 18 89 51 95 68 44 21 22 72 65 42 22 83 67 57 66 33 11 64 22 53 17 55 71 45 94 58 41 54 36 35 13 71 10 84 18 14 61 45 46 99 97 0 79 11 17 96 12 80 79 90 39 36 86 49 68 90 77 94 54 57 20 64
85 89 15 99 91 41 53 52 88 72 13 17 49 26 24 62 65 18 43 76 69 81 93 26 51 88 14 79 49 36 80 78 25 88 86 97 25 66 98 29 24 36 66 46 21 62 40 97 84 92 75 47 60 87 52 54 12 83 56 72 72 61 89 61 72 53 10 50 82 76 23 24 14 53 55 85 60 23 49 42 61 95 85 12 31 63 99 98 84 71 31 39 80 40 75 84 17 66 70 79 0 12 69 80 24 87 21 88 75 48 12 71 73 27 80 79 50 28 36 63
66 51 97 26 90 96 39 62 83 32 26 58 49 62 32 15 19 47 10 91 24 81 30 53 27 58 33 66 44 28 68 19 12 20 81 12 10 16 60 74 56 72 17 28 80 59 14 83 89 50 62 44 48 60 18 94 70 15 59 49 38 50 72 76 65 22 97 38 84 86 14 97 13 50 89 94 29 23 74 50 56 18 74 44 92 77 96 10 24 82 69 16 95 12 64 35 42 96 29 11 12 0 18 98 86 27 95 61 98 63 66 91 79 68 75 83 76 35 61 27
69 51 59 46 80 96 51 74 99 25 16 59 77 83 16 40 18 22 61 34 58 85 54 75 63 42 52 99 40 60 49 62 63 26 70 18 21 69 25 92 24 62 24 70 35 58 70 26 41 68 15 12 82 42 55 39 53 92 84 44 21 81 11 13 70 86 15 51 42 45 24 81 80 60 40 47 21 68 55 29 65 54 69 20 95 77 38 61 84 89 16 74 73 33 13 48 40 77 17 17 69 18 0 28 90 93 25 76 47 51 47 45 86 46 47 61 38 80 10 54
48 65 77 57 23 81 83 15 26 19 40 78 18 58 82 73 52 71 73 74 16 38 63 13 96 27 79 99 96 17 27 94 73 66 84 10 96 36 66 52 97 89 25 16 96 40 73 74 85 41 18 36 81 99 74 29 60 56 12 94 62 23 76 78 29 86 41 55 49 62 74 25 50 61 69 98 75 35 79 69 52 89 54 92 13 23 13 99 34 97 16 81 45 22 20 91 46 44 43 96 80 98 28 0 85 89 83 60 56 79 15 58 20 87 87 40 52 34 41 24
30 72 88 66 74 21 45 76 18 40 46 83 88 46 71 36 82 67 69 17 62 16 16 58 91 70 85 87 86 12 96 60 55 24 56 61 82 91 98 66 96 91 15 15 59 29 14 88 48 67 16 13 20 37 12 60 17 35 21 45 59 32 59 34 19 51 64 44 27 23 32 15 63 87 80 72 91 54 19 11 85 80 17 54 66 57 73 30 41 87 89 42 13 40 57 32 72 85 34 12 24 86 90 85 0 73 90 99 35 54 84 20 23 47 11 93 60 90 72 23
68 79 80 77 39 13 72 50 32 60 74 98 78 24 92 82 46 83 91 73 12 35 29 35 40 40 12 21 89 51 92 10 46 28 82 48 61 56 67 31 35 10 43 20 19 16 87 33 51 12 73 29 47 66 42 19 38 92 18 27 62 59 84 30 98 97 76 51 18 90 23 51 47 55 53 76 94 23 12 53 86 86 77 33 36 91 53 15 28 13 22 96 16 91 87 29 66 73 59 80 87 27 93 89 73 0 39 88 36 59 91 18 72 61 55 95 78 93 93 52
90 53 68 68 62 25 36 37 33 68 23 46 32 81 38 52 31 41 45 83 53 68 75 62 28 14 20 28 39 28 72 78 96 53 73 69 75 79 38 23 97 43 60 52 33 24 22 27 31 26 87 71 54 92 14 60 35 18 96 75 13 57 52 95 44 99 12 21 41 47 35 91 45 40 81 31 42 47 69 49 84 39 75 70 29 65 37 67 75 90 24 59 97 95 95 18 61 93 52 79 21 95 25 83 90 39 0 11 39 61 31 96 31 56 40 33 26 99 81 13
67 82 48 56 62 81 16 40 52 18 58 94 99 56 66 27 84 61 65 66 25 57 51 27 49 68 57 46 48 24 99 87 79 71 88 46 30 17 93 41 79 16 16 72 24 90 14 87 53 11 98 58 21 29 38 34 80 84 52 71 83 71 82 94 50 51 87 89 86 40 15 13 86 32 73 81 49 74 90 40 35 37 48 41 77 32 44 17 45 10 17 89 35 23 30 46 56 56 26 90 88 61 76 60 99 88 11 0 55 93 98 88 45 44 40 83 43 45 67 42
53 21 24 39 20 29 57 30 18 18 79 70 26 73 82 30 47 73 35 97 82 87 28 98 17 88 42 70 72 49 97 74 96 46 74 74 41 62 77 47 98 16 44 78 78 37 10 66 79 73 22 47 75 37 43 80 96 21 49 84 92 64 79 28 88 29 90 40 42 77 70 70 45 92 34 78 27 18 75 53 33 96 61 26 45 10 39 61 83 24 94 11 75 54 41 18 19 12 77 39 75 98 47 56 35 36 39 55 0 71 54 12 55 86 36 98 47 44 59 66
31 80 55 83 91 42 88 30 45 72 80 19 14 31 38 48 36 87 96 63 84 99 81 23 78 27 99 10 17 89 57 71 66 31 28 61 73 90 62 45 86 33 18 52 61 74 60 77 15 64 13 18 47 19 35 38 44 17 23 14 49 46 43 69 55 98 81 60 87 74 86 41 21 93 23 28 71 66 21 51 17 59 99 58 47 37 98 27 82 53 72 17 94 35 44 22 74 16 51 36 48 63 51 79 54 59 61 93 71 0 15 81 35 89 53 34 29 50 34 48
23 37 46 89 42 53 42 66 61 15 81 12 47 35 53 48 54 43 47 88 23 46 69 88 88 42 90 20 53 40 38 30 54 69 45 75 48 44 20 20 33 75 53 60 47 26 32 76 46 90 50 29 23 51 67 83 49 45 62 39 15 26 61 58 74 13 46 20 87 94 15 37 45 29 57 19 89 74 41 89 56 30 42 74 25 46 97 65 60 88 65 12 49 90 97 17 85 34 50 86 12 66 47 15 84 91 31 98 54 15 0 81 39 93 37 21 15 96 26 48
84 75 91 42 86 99 66 40 42 18 58 81 92 68 93 36 11 40 69 55 53 55 95 25 30 27 33 88 95 70 56 12 36 27 29 94 80 89 32 25 50 19 76 35 35 12 99 20 24 27 48 80 45 37 92 93 88 38 57 54 74 59 10 11 71 26 19 18 85 34 35 76 53 25 41 51 52 64 35 79 69 88 83 71 14 30 19 99 92 87 30 87 68 13 64 92 62 29 27 49 71 91 45 58 20 18 96 88 12 81 81 0 36 72 51 59 56 23 45 10
63 41 24 49 29 56 86 59 77 73 38 72 36 95 38 18 40 53 79 26 86 20 48 21 92 45 67 49 47 89 21 27 82 22 40 20 83 75 32 75 79 14 24 41 41 31 56 58 76 48 40 13 69 78 50 21 32 90 87 91 71 63 94 41 61 88 41 98 13 49 19 15 29 28 29 33 47 46 51 59 71 80 40 48 15 59 30 37 17 79 68 71 26 53 29 46 37 36 44 68 73 79 86 20 23 72 31 45 55 35 39 36 0 46 63 50 39 35 19 12
10 97 42 69 58 68 12 47 85 76 54 34 10 36 69 39 91 84 10 91 57 27 60 14 69 80 91 36 26 19 34 95 65 68 41 96 49 86 12 69 46 67 76 19 32 59 15 49 43 22 79 27 34 78 28 83 42 60 95 43 82 19 20 29 60 19 39 98 29 75 84 67 67 56 27 91 57 26 88 14 46 24 60 66 53 26 32 38 33 75 64 47 38 70 73 45 35 47 60 90 27 68 46 87 47 61 56 44 86 89 93 72 46 0 51 73 68 69 48 85
87 41 86 38 15 76 87 76 73 19 66 65 72 79 38 75 73 15 75 23 23 72 45 29 63 70 31 42 28 11 55 69 86 51 15 13 11 17 36 93 12 26 20 31 83 80 59 68 66 93 79 30 58 92 95 71 36 62 22 64 81 56 67 23 71 13 14 74 68 96 33 70 33 40 78 17 29 15 36 47 67 53 47 73 67 63 86 34 70 61 31 35 39 91 89 86 42 44 35 77 80 75 47 87 11 55 40 40 36 53 37 51 63 51 0 39 60 65 12 83
25 17 39 26 18 45 44 94 70 50 45 90 35 90 67 82 92 42 18 50 19 58 41 49 23 76 88 36 57 17 65 61 13 85 77 11 54 16 66 64 21 93 53 45 75 17 97 18 36 88 56 27 39 30 57 41 36 39 58 42 37 83 81 36 59 72 96 77 14 49 72 58 12 49 19 50 49 69 82 31 78 48 49 94 38 17 28 64 19 73 31 77 79 87 20 71 84 45 91 94 79 83 61 40 93 95 33 83 98 34 21 59 50 73 39 0 12 40 26 59
78 50 98 60 88 19 54 44 11 33 55 81 26 79 83 93 36 75 58 77 57 21 63 53 15 59 99 25 97 38 62 16 38 12 14 55 54 36 82 70 52 32 34 66 95 52 94 16 11 28 80 61 45 64 93 32 41 61 48 86 44 26 60 34 76 65 90 39 47 68 96 97 16 92 34 35 40 11 16 85 94 70 66 27 61 36 42 18 18 55 44 18 97 45 43 66 82 91 21 54 50 76 38 52 60 78 26 43 47 29 15 56 39 68 60 12 0 27 39 18
41 34 95 33 30 98 11 86 58 20 56 10 75 10 82 37 81 45 68 39 15 17 29 85 30 11 25 23 78 41 91 92 17 64 13 45 57 53 63 35 63 41 52 10 18 20 87 73 65 33 31 13 38 57 97 84 89 88 46 78 53 11 43 75 64 80 15 89 40 63 72 57 71 76 66 66 72 98 42 31 52 49 30 53 95 99 23 51 81 85 59 89 65 64 69 35 27 34 84 57 28 35 80 34 90 93 99 45 44 50 96 23 35 69 65 40 27 0 72 55
23 62 68 45 35 42 95 37 43 65 13 52 81 27 76 85 52 98 14 92 73 26 30 10 69 35 75 60 96 67 18 15 19 70 27 61 83 99 35 49 80 17 75 62 35 87 64 33 38 37 87 16 18 10 54 35 35 67 22 98 10 47 45 50 21 54 42 24 68 14 81 64 21 75 91 79 29 62 62 44 91 94 74 18 35 10 87 61 68 33 86 35 13 44 65 94 33 34 52 20 36 61 10 41 72 93 81 67 59 34 26 45 19 48 12 26 39 72 0 40
36 63 73 54 73 64 53 55 89 15 23 23 49 13 64 49 63 69 32 30 17 59 45 50 98 15 95 89 87 26 11 70 22 15 17 80 80 79 29 85 75 45 12 86 87 28 78 22 75 48 22 86 32 97 69 93 61 82 69 26 62 70 94 15 93 14 30 48 98 20 84 53 86 66 16 12 70 35 43 69 43 57 75 13 15 18 86 60 51 89 23 72 11 46 19 80 46 41 70 64 63 27 54 24 23 52 13 42 66 48 48 10 12 85 83 59 18 55 40 0