75
0 45 34 78 86 59 80 85 12 11 32 85 96 52 79 40 95 47 12 71 46 88 60 25 84 16 74 67 79 36 68 69 76 25 51 44 83 74 81 41 73 92 58 65 74 18 69 54 98 78 24 44 98 42 77 67 72 63 62 35 43 48 67 76 43 34 95 21 64 14 98 59 14 59 16
45 0 85 54 43 33 86 35 85 46 10 62 26 32 80 46 47 25 19 79 10 96 26 89 54 65 36 93 36 54 35 14 55 96 80 10 77 61 22 62 86 53 39 61 40 49 49 93 74 80 68 14 97 39 23 43 24 35 25 76 77 23 86 21 67 82 49 45 80 39 49 83 24 13 38
34 85 0 71 91 23 97 56 79 75 77 75 51 99 51 74 49 48 42 70 44 35 97 37 69 50 85 98 56 11 67 61 94 94 73 27 64 86 24 75 30 83 70 21 73 30 45 52 65 80 81 99 74 95 48 47 84 32 64 42 61 52 39 74 80 24 66 65 85 32 50 33 82 75 99
78 54 71 0 87 51 47 13 31 49 53 24 15 21 23 12 94 33 49 43 33 94 88 58 88 15 83 51 35 52 58 12 16 42 90 55 30 30 65 32 66 65 76 79 82 40 16 44 97 89 30 32 58 56 38 57 62 47 32 58 77 88 14 28 89 38 71 53 21 44 98 42 27 97 62
86 43 91 87 0 63 31 37 78 75 10 93 41 79 89 31 69 99 11 68 67 53 71 88 36 49 87 85 29 13 47 84 64 43 75 21 97 85 37 44 87 97 86 70 82 67 49 93 26 51 88 81 45 58 63 50 45 33 49 68 70 78 91 47 52 48 46 32 58 83 73 82 67 77 62
59 33 23 51 63 0 91 35 69 47 93 44 43 43 40 82 11 34 42 98 45 85 82 30 71 49 59 15 36 48 55 81 45 17 54 80 77 59 98 61 41 79 70 61 18 82 89 64 86 89 59 41 98 65 41 87 52 29 37 83 69 30 12 74 20 40 87 80 20 82 66 96 30 26 70
80 86 97 47 31 91 0 18 58 23 40 57 72 26 96 73 66 54 23 44 31 94 78 10 85 76 17 10 40 86 91 14 43 53 92 65 54 12 55 18 50 34 56 19 12 35 55 99 64 95 50 62 91 87 40 46 63 87 54 22 29 88 73 88 59 86 90 33 21 16 60 81 27 97 90
85 35 56 13 37 35 18 0 15 28 73 21 22 94 11 84 72 45 28 88 63 23 37 93 42 42 42 63 38 94 58 64 14 26 62 49 10 29 66 96 36 96 63 85 22 43 45 82 57 46 39 14 96 85 57 15 34 47 13 38 72 44 37 32 74 83 79 41 46 42 62 48 44 82 21
12 85 79 31 78 69 58 15 0 89 96 66 91 75 72 37 26 94 58 25 19 79 98 12 64 12 67 85 60 24 91 72 69 12 40 17 56 30 43 58 17 41 81 88 91 69 24 35 67 29 62 97 43 25 37 86 49 93 42 47 94 50 52 35 29 67 71 25 77 44 80 49 70 72 17
11 46 75 49 75 47 23 28 89 0 62 19 55 52 57 41 13 13 80 68 92 45 15 90 94 72 92 68 81 71 84 66 30 79 63 78 10 18 69 26 80 21 82 65 85 49 23 37 81 13 14 64 56 49 95 97 43 45 27 14 89 55 37 14 25 79 38 30 94 90 21 71 71 62 24
32 10 77 53 10 93 40 73 96 62 0 86 93 71 98 53 81 25 86 38 25 41 78 28 80 52 22 84 46 89 42 65 36 22 81 83 31 12 72 17 34 32 50 74 67 91 15 14 88 30 46 73 75 54 52 82 75 42 79 31 52 71 89 33 32 96 63 44 42 33 71 72 43 33 50
85 62 75 24 93 44 57 21 66 19 86 0 47 39 57 38 33 57 17 48 20 39 66 81 23 97 75 20 57 53 50 44 16 97 50 36 99 72 16 43 79 96 97 84 80 92 48 27 33 52 66 12 67 33 85 45 74 98 71 94 77 38 46 60 59 24 19 97 29 13 12 30 57 43 15
96 26 51 15 41 43 72 22 91 55 93 47 0 11 68 54 62 85 53 49 24 63 72 19 68 34 74 38 23 94 19 98 94 70 33 86 88 12 65 41 19 19 74 41 28 70 35 76 51 33 41 96 84 38 30 44 80 67 22 53 66 37 72 58 56 25 97 12 13 17 71 64 14 73 60
52 32 99 21 79 43 26 94 75 52 71 39 11 0 49 47 85 79 46 65 94 83 23 66 57 15 68 61 73 74 81 61 19 35 77 72 41 17 76 44 29 26 53 59 64 75 38 57 72 47 79 20 77 34 55 53 21 83 29 45 55 46 98 93 19 61 48 80 98 69 43 18 42 59 37
79 80 51 23 89 40 96 11 72 57 98 57 68 49 0 63 59 38 24 89 16 61 21 90 31 87 68 32 59 85 12 33 18 83 95 37 94 19 66 40 86 98 14 59 99 12 46 56 81 36 43 75 96 69 28 85 58 30 34 19 57 81 89 67 49 34 38 56 88 55 87 62 11 49 65
40 46 74 12 31 82 73 84 37 41 53 38 54 47 63 0 95 19 66 82 58 15 74 58 23 18 56 35 68 44 56 62 65 77 29 44 28 69 56 12 54 49 23 39 55 84 98 12 27 92 48 60 73 14 98 37 32 26 50 10 90 64 57 19 61 59 99 18 34 67 45 16 41 77 64
95 47 49 94 69 11 66 72 26 13 81 33 62 85 59 95 0 99 87 26 41 95 42 71 44 21 17 39 79 51 36 17 17 56 45 25 96 11 40 89 81 61 75 24 16 37 67 69 15 86 47 56 11 65 99 74 39 75 23 65 47 62 32 20 50 60 22 15 71 12 34 14 28 23 50
47 25 48 33 99 34 54 45 94 13 25 57 85 79 38 19 99 0 69 13 52 30 50 33 15 82 47 95 15 89 31 21 74 41 40 40 75 82 70 30 40 24 26 40 56 80 39 73 20 82 69 72 49 71 96 37 35 35 78 66 46 69 16 94 98 67 47 51 26 45 23 14 18 18 76
12 19 42 49 11 42 23 28 58 80 86 17 53 46 24 66 87 69 0 70 42 57 81 10 98 16 22 77 30 81 54 28 23 29 29 76 24 57 26 94 70 56 90 48 76 83 16 33 68 16 72 49 40 62 60 56 82 20 68 84 32 51 26 94 46 99 73 38 34 65 52 51 56 41 35
71 79 70 43 68 98 44 88 25 68 38 48 49 65 89 82 26 13 70 0 77 92 26 25 31 52 29 72 56 69 43 61 12 39 51 59 54 58 72 79 34 61 20 79 68 67 33 68 70 81 16 19 25 30 96 98 26 22 32 91 91 72 97 30 97 27 93 32 78 75 27 17 99 13 85
46 10 44 33 67 45 31 63 19 92 25 20 24 94 16 58 41 52 42 77 0 12 40 48 97 62 93 67 77 82 66 68 31 60 61 15 40 67 74 71 27 17 15 22 27 90 56 57 16 63 34 58 73 10 19 89 42 99 22 61 42 96 70 35 61 17 17 80 90 59 89 37 86 60 15
88 96 35 94 53 85 94 23 79 45 41 39 63 83 61 15 95 30 57 92 12 0 73 12 80 71 81 68 46 13 99 27 13 86 73 80 18 92 45 61 86 71 58 27 25 29 59 24 58 46 66 36 66 47 83 53 10 12 75 26 72 88 24 94 55 52 41 46 11 17 72 14 30 52 46
60 26 97 88 71 82 78 37 98 15 78 66 72 23 21 74 42 50 81 26 40 73 0 29 49 22 57 76 14 11 43 82 34 76 90 97 51 68 55 54 56 96 60 95 15 16 57 44 62 19 87 97 85 83 70 39 77 60 12 40 56 29 91 81 89 66 20 65 63 41 22 34 15 19 65
25 89 37 58 88 30 10 93 12 90 28 81 19 66 90 58 71 33 10 25 48 12 29 0 12 31 36 48 87 14 47 77 94 91 88 96 72 90 73 16 68 45 13 22 93 41 61 28 15 82 17 30 11 70 32 44 62 77 10 83 19 48 15 58 70 59 33 64 38 56 21 42 87 25 63
84 54 69 88 36 71 85 42 64 94 80 23 68 57 31 23 44 15 98 31 97 80 49 12 0 85 70 83 31 11 47 73 80 20 73 66 11 57 90 69 24 96 75 17 62 26 28 10 87 43 95 99 27 47 66 36 33 21 10 76 46 74 24 79 86 15 65 34 23 91 49 91 42 64 35
16 65 50 15 49 49 76 42 12 72 52 97 34 15 87 18 21 82 16 52 62 71 22 31 85 0 76 13 62 63 89 62 20 23 96 21 38 93 64 83 60 40 48 49 79 52 49 36 65 77 45 79 29 77 77 83 67 70 42 90 16 82 99 18 88 88 80 53 89 20 36 97 86 88 54
74 36 85 83 87 59 17 42 67 92 22 75 74 68 68 56 17 47 22 29 93 81 57 36 70 76 0 20 47 60 49 85 23 76 92 28 82 78 42 72 91 76 32 76 39 23 24 19 13 61 31 31 61 84 40 29 43 98 65 89 74 81 63 82 57 67 22 78 31 72 70 70 24 33 25
67 93 98 51 85 15 10 63 85 68 84 20 38 61 32 35 39 95 77 72 67 68 76 48 83 13 20 0 70 66 67 71 43 28 28 72 56 95 49 51 92 72 53 59 69 59 66 83 72 10 31 21 44 76 27 23 21 88 54 23 50 55 15 90 22 55 17 29 67 91 64 43 81 58 53
79 36 56 35 29 36 40 38 60 81 46 57 23 73 59 68 79 15 30 56 77 46 14 87 31 62 47 70 0 27 16 32 76 50 52 97 54 11 43 59 62 68 16 86 96 46 79 81 12 80 61 50 97 70 52 80 79 85 82 59 62 16 90 59 63 53 93 70 37 42 45 35 49 92 50
36 54 11 52 13 48 86 94 24 71 89 53 94 74 85 44 51 89 81 69 82 13 11 14 11 63 60 66 27 0 36 38 28 87 49 87 19 65 69 13 60 55 12 48 23 93 63 63 66 69 62 68 61 17 38 32 72 21 21 57 60 19 10 60 43 88 24 22 15 43 51 92 46 10 77
68 35 67 58 47 55 91 58 91 84 42 50 19 81 12 56 36 31 54 43 66 99 43 47 47 89 49 67 16 36 0 34 95 38 52 12 67 65 21 63 45 53 62 46 65 75 39 63 65 99 43 68 10 17 27 18 31 12 87 19 28 96 78 99 20 56 60 12 48 41 68 47 41 67 19
69 14 61 12 84 81 14 64 72 66 65 44 98 61 33 62 17 21 28 61 68 27 82 77 73 62 85 71 32 38 34 0 54 46 98 34 45 48 51 81 56 89 35 79 45 11 56 92 60 10 78 59 10 98 10 83 45 36 81 51 85 34 17 57 26 85 72 41 36 59 85 49 34 93 49
76 55 94 16 64 45 43 14 69 30 36 16 94 19 18 65 17 74 23 12 31 13 34 94 80 20 23 43 76 28 95 54 0 58 58 71 32 80 51 90 87 25 50 57 40 37 22 13 18 26 76 21 45 90 17 32 53 56 59 68 37 36 58 21 18 34 86 80 56 18 95 83 86 72 89
25 96 94 42 43 17 53 26 12 79 22 97 70 35 83 77 56 41 29 39 60 86 76 91 20 23 76 28 50 87 38 46 58 0 31 54 85 92 73 68 20 27 37 52 52 20 52 78 22 18 55 47 82 66 27 38 82 69 27 42 21 39 40 12 16 42 99 50 62 96 53 67 23 38 28
51 80 73 90 75 54 92 62 40 63 81 50 33 77 95 29 45 40 29 51 61 73 90 88 73 96 92 28 52 49 52 98 58 31 0 96 28 13 79 35 53 57 66 27 53 93 40 81 36 73 91 23 94 76 20 55 21 67 28 56 71 21 11 33 57 33 68 11 45 76 42 70 84 82 83
44 10 27 55 21 80 65 49 17 78 83 36 86 72 37 44 25 40 76 59 15 80 97 96 66 21 28 72 97 87 12 34 71 54 96 0 88 14 44 31 80 79 54 95 31 99 47 68 32 58 20 88 11 72 83 23 50 77 22 39 20 16 12 16 44 51 88 97 44 86 37 27 75 52 33
83 77 64 30 97 77 54 10 56 10 31 99 88 41 94 28 96 75 24 54 40 18 51 72 11 38 82 56 54 19 67 45 32 85 28 88 0 43 34 37 99 10 54 28 57 65 60 71 30 99 19 67 29 97 54 17 15 26 15 12 66 53 77 66 40 66 39 16 56 18 79 91 23 77 10
74 61 86 30 85 59 12 29 30 18 12 72 12 17 19 69 11 82 57 58 67 92 68 90 57 93 78 95 11 65 65 48 80 92 13 14 43 0 86 23 23 46 20 88 12 34 32 21 32 57 52 55 68 92 75 69 56 38 25 64 62 81 18 96 70 11 12 78 30 47 32 68 59 53 35
81 22 24 65 37 98 55 66 43 69 72 16 65 76 66 56 40 70 26 72 74 45 55 73 90 64 42 49 43 69 21 51 51 73 79 44 34 86 0 38 80 30 27 77 61 28 43 36 84 83 40 65 26 81 69 20 58 77 86 33 12 77 16 41 27 86 25 40 85 39 77 30 33 96 92
41 62 75 32 44 61 18 96 58 26 17 43 41 44 40 12 89 30 94 79 71 61 54 16 69 83 72 51 59 13 63 81 90 68 35 31 37 23 38 0 24 60 24 81 98 76 91 84 50 56 24 70 95 67 94 87 12 17 44 38 40 72 21 82 66 35 43 53 11 41 39 95 72 54 96
73 86 30 66 87 41 50 36 17 80 34 79 19 29 86 54 81 40 70 34 27 86 56 68 24 60 91 92 62 60 45 56 87 20 53 80 99 23 80 24 0 86 68 31 49 46 15 30 20 22 60 90 26 84 36 70 63 98 66 45 27 72 88 68 99 73 42 71 36 77 71 72 84 25 83
92 53 83 65 97 79 34 96 41 21 32 96 19 26 98 49 61 24 56 61 17 71 96 45 96 40 76 72 68 55 53 89 25 27 57 79 10 46 30 60 86 0 18 16 47 82 64 29 91 52 94 19 63 82 14 56 90 80 78 43 93 73 69 63 79 28 46 49 45 95 19 62 96 47 15
58 39 70 76 86 70 56 63 81 82 50 97 74 53 14 23 75 26 90 20 15 58 60 13 75 48 32 53 16 12 62 35 50 37 66 54 54 20 27 24 68 18 0 11 87 86 28 64 47 98 63 12 38 50 64 16 28 49 93 36 81 62 76 28 80 33 30 60 35 59 61 70 50 71 30
65 61 21 79 70 61 19 85 88 65 74 84 41 59 59 39 24 40 48 79 22 27 95 22 17 49 76 59 86 48 46 79 57 52 27 95 28 88 77 81 31 16 11 0 72 18 37 83 59 23 39 85 28 26 42 88 92 55 73 48 26 16 90 99 69 31 49 40 19 94 86 29 49 94 82
74 40 73 82 82 18 12 22 91 85 67 80 28 64 99 55 16 56 76 68 27 25 15 93 62 79 39 69 96 23 65 45 40 52 53 31 57 12 61 98 49 47 87 72 0 14 51 40 14 58 52 39 40 18 82 36 69 17 90 51 84 63 60 37 33 23 56 81 16 18 57 85 50 24 21
18 49 30 40 67 82 35 43 69 49 91 92 70 75 12 84 37 80 83 67 90 29 16 41 26 52 23 59 46 93 75 11 37 20 93 99 65 34 28 76 46 82 86 18 14 0 90 39 74 10 32 75 68 87 76 62 35 95 72 98 44 22 72 72 72 74 57 50 91 68 39 98 82 22 54
69 49 45 16 49 89 55 45 24 23 15 48 35 38 46 98 67 39 16 33 56 59 57 61 28 49 24 66 79 63 39 56 22 52 40 47 60 32 43 91 15 64 28 37 51 90 0 62 59 39 90 78 98 63 49 59 98 67 83 87 15 35 29 38 70 46 28 19 52 44 15 53 41 31 77
54 93 52 44 93 64 99 82 35 37 14 27 76 57 56 12 69 73 33 68 57 24 44 28 10 36 19 83 81 63 63 92 13 78 81 68 71 21 36 84 30 29 64 83 40 39 62 0 83 59 87 89 75 84 70 53 61 36 28 53 61 31 77 97 59 62 23 30 53 47 65 68 21 11 85
98 74 65 97 26 86 64 57 67 81 88 33 51 72 81 27 15 20 68 70 16 58 62 15 87 65 13 72 12 66 65 60 18 22 36 32 30 32 84 50 20 91 47 59 14 74 59 83 0 26 11 99 39 40 48 42 71 23 25 78 30 77 16 44 72 52 39 45 70 25 41 74 61 29 69
78 80 80 89 51 89 95 46 29 13 30 52 33 47 36 92 86 82 16 81 63 46 19 82 43 77 61 10 80 69 99 10 26 18 73 58 99 57 83 56 22 52 98 23 58 10 39 59 26 0 66 70 31 92 50 98 82 28 62 23 73 37 32 23 64 88 35 34 85 37 49 70 73 54 43
24 68 81 30 88 59 50 39 62 14 46 66 41 79 43 48 47 69 72 16 34 66 87 17 95 45 31 31 61 62 43 78 76 55 91 20 19 52 40 24 60 94 63 39 52 32 90 87 11 66 0 25 42 72 77 64 12 90 13 77 71 10 16 72 77 61 40 89 46 83 33 33 43 53 95
44 14 99 32 81 41 62 14 97 64 73 12 96 20 75 60 56 72 49 19 58 36 97 30 99 79 31 21 50 68 68 59 21 47 23 88 67 55 65 70 90 19 12 85 39 75 78 89 99 70 25 0 36 19 45 24 64 97 34 69 75 85 11 36 69 57 40 53 66 41 72 92 86 28 20
98 97 74 58 45 98 91 96 43 56 75 67 84 77 96 73 11 49 40 25 73 66 85 11 27 29 61 44 97 61 10 10 45 82 94 11 29 68 26 95 26 63 38 28 40 68 98 75 39 31 42 36 0 49 63 87 20 16 31 73 70 23 63 97 99 29 80 41 53 59 68 19 26 15 81
42 39 95 56 58 65 87 85 25 49 54 33 38 34 69 14 65 71 62 30 10 47 83 70 47 77 84 76 70 17 17 98 90 66 76 72 97 92 81 67 84 82 50 26 18 87 63 84 40 92 72 19 49 0 51 57 34 59 59 63 82 12 52 70 37 41 45 45 32 15 40 92 94 69 86
77 23 48 38 63 41 40 57 37 95 52 85 30 55 28 98 99 96 60 96 19 83 70 32 66 77 40 27 52 38 27 10 17 27 20 83 54 75 69 94 36 14 64 42 82 76 49 70 48 50 77 45 63 51 0 89 36 40 24 58 51 57 50 61 69 14 65 95 92 56 52 13 69 75 15
67 43 47 57 50 87 46 15 86 97 82 45 44 53 85 37 74 37 56 98 89 53 39 44 36 83 29 23 80 32 18 83 32 38 55 23 17 69 20 87 70 56 16 88 36 62 59 53 42 98 64 24 87 57 89 0 51 80 75 64 86 83 25 23 79 30 48 90 78 95 53 53 94 80 64
72 24 84 62 45 52 63 34 49 43 75 74 80 21 58 32 39 35 82 26 42 10 77 62 33 67 43 21 79 72 31 45 53 82 21 50 15 56 58 12 63 90 28 92 69 35 98 61 71 82 12 64 20 34 36 51 0 18 17 53 27 51 38 60 55 48 42 80 53 69 79 17 91 37 42
63 35 32 47 33 29 87 47 93 45 42 98 67 83 30 26 75 35 20 22 99 12 60 77 21 70 98 88 85 21 12 36 56 69 67 77 26 38 77 17 98 80 49 55 17 95 67 36 23 28 90 97 16 59 40 80 18 0 84 78 90 93 24 96 87 87 35 42 11 82 12 43 82 26 79
62 25 64 32 49 37 54 13 42 27 79 71 22 29 34 50 23 78 68 32 22 75 12 10 10 42 65 54 82 21 87 81 59 27 28 22 15 25 86 44 66 78 93 73 90 72 83 28 25 62 13 34 31 59 24 75 17 84 0 36 38 95 85 58 87 50 88 68 37 66 97 46 99 84 99
35 76 42 58 68 83 22 38 47 14 31 94 53 45 19 10 65 66 84 91 61 26 40 83 76 90 89 23 59 57 19 51 68 42 56 39 12 64 33 38 45 43 36 48 51 98 87 53 78 23 77 69 73 63 58 64 53 78 36 0 86 23 50 44 99 36 10 15 24 54 99 53 23 12 75
43 77 61 77 70 69 29 72 94 89 52 77 66 55 57 90 47 46 32 91 42 72 56 19 46 16 74 50 62 60 28 85 37 21 71 20 66 62 12 40 27 93 81 26 84 44 15 61 30 73 71 75 70 82 51 86 27 90 38 86 0 85 11 69 24 96 82 67 92 91 56 36 68 62 44
48 23 52 88 78 30 88 44 50 55 71 38 37 46 81 64 62 69 51 72 96 88 29 48 74 82 81 55 16 19 96 34 36 39 21 16 53 81 77 72 72 73 62 16 63 22 35 31 77 37 10 85 23 12 57 83 51 93 95 23 85 0 26 30 16 74 29 72 79 75 69 24 54 97 39
67 86 39 14 91 12 73 37 52 37 89 46 72 98 89 57 32 16 26 97 70 24 91 15 24 99 63 15 90 10 78 17 58 40 11 12 77 18 16 21 88 69 76 90 60 72 29 77 16 32 16 11 63 52 50 25 38 24 85 50 11 26 0 97 83 47 98 84 37 45 64 81 99 92 80
76 21 74 28 47 74 88 32 35 14 33 60 58 93 67 19 20 94 94 30 35 94 81 58 79 18 82 90 59 60 99 57 21 12 33 16 66 96 41 82 68 63 28 99 37 72 38 97 44 23 72 36 97 70 61 23 60 96 58 44 69 30 97 0 12 77 51 36 45 92 92 41 24 45 37
43 67 80 89 52 20 59 74 29 25 32 59 56 19 49 61 50 98 46 97 61 55 89 70 86 88 57 22 63 43 20 26 18 16 57 44 40 70 27 66 99 79 80 69 33 72 70 59 72 64 77 69 99 37 69 79 55 87 87 99 24 16 83 12 0 23 92 29 48 14 53 89 59 28 18
34 82 24 38 48 40 86 83 67 79 96 24 25 61 34 59 60 67 99 27 17 52 66 59 15 88 67 55 53 88 56 85 34 42 33 51 66 11 86 35 73 28 33 31 23 74 46 62 52 88 61 57 29 41 14 30 48 87 50 36 96 74 47 77 23 0 40 47 93 53 85 10 19 49 77
95 49 66 71 46 87 90 79 71 38 63 19 97 48 38 99 22 47 73 93 17 41 20 33 65 80 22 17 93 24 60 72 86 99 68 88 39 12 25 43 42 46 30 49 56 57 28 23 39 35 40 40 80 45 65 48 42 35 88 10 82 29 98 51 92 40 0 55 81 68 65 40 29 80 64
21 45 65 53 32 80 33 41 25 30 44 97 12 80 56 18 15 51 38 32 80 46 65 64 34 53 78 29 70 22 12 41 80 50 11 97 16 78 40 53 71 49 60 40 81 50 19 30 45 34 89 53 41 45 95 90 80 42 68 15 67 72 84 36 29 47 55 0 96 11 11 27 96 51 88
64 80 85 21 58 20 21 46 77 94 42 29 13 98 88 34 71 26 34 78 90 11 63 38 23 89 31 67 37 15 48 36 56 62 45 44 56 30 85 11 36 45 35 19 16 91 52 53 70 85 46 66 53 32 92 78 53 11 37 24 92 79 37 45 48 93 81 96 0 81 96 83 91 20 84
14 39 32 44 83 82 16 42 44 90 33 13 17 69 55 67 12 45 65 75 59 17 41 56 91 20 72 91 42 43 41 59 18 96 76 86 18 47 39 41 77 95 59 94 18 68 44 47 25 37 83 41 59 15 56 95 69 82 66 54 91 75 45 92 14 53 68 11 81 0 99 12 92 87 66
98 49 50 98 73 66 60 62 80 21 71 12 71 43 87 45 34 23 52 27 89 72 22 21 49 36 70 64 45 51 68 85 95 53 42 37 79 32 77 39 71 19 61 86 57 39 15 65 41 49 33 72 68 40 52 53 79 12 97 99 56 69 64 92 53 85 65 11 96 99 0 88 63 73 33
59 83 33 42 82 96 81 48 49 71 72 30 64 18 62 16 14 14 51 17 37 14 34 42 91 97 70 43 35 92 47 49 83 67 70 27 91 68 30 95 72 62 70 29 85 98 53 68 74 70 33 92 19 92 13 53 17 43 46 53 36 24 81 41 89 10 40 27 83 12 88 0 17 99 17
14 24 82 27 67 30 27 44 70 71 43 57 14 42 11 41 28 18 56 99 86 30 15 87 42 86 24 81 49 46 41 34 86 23 84 75 23 59 33 72 84 96 50 49 50 82 41 21 61 73 43 86 26 94 69 94 91 82 99 23 68 54 99 24 59 19 29 96 91 92 63 17 0 41 62
59 13 75 97 77 26 97 82 72 62 33 43 73 59 49 77 23 18 41 13 60 52 19 25 64 88 33 58 92 10 67 93 72 38 82 52 77 53 96 54 25 47 71 94 24 22 31 11 29 54 53 28 15 69 75 80 37 26 84 12 62 97 92 45 28 49 80 51 20 87 73 99 41 0 11
16 38 99 62 62 70 90 21 17 24 50 15 60 37 65 64 50 76 35 85 15 46 65 63 35 54 25 53 50 77 19 49 89 28 83 33 10 35 92 96 83 15 30 82 21 54 77 85 69 43 95 20 81 86 15 64 42 79 99 75 44 39 80 37 18 77 64 88 84 66 33 17 62 11 0