70
0 82 29 17 24 80 87 87 35 86 52 58 32 15 36 33 50 12 69 97 54 91 81 88 72 21 98 82 25 33 97 54 94 63 39 56 43 90 55 63 93 36 84 27 67 22 40 14 97 78 94 16 31 75 50 43 12 99 77 58 30 32 15 20 98 87 66 89 85 50
82 0 76 98 48 77 15 88 74 77 70 90 14 79 69 28 33 74 23 43 56 37 48 52 75 97 91 50 14 97 43 25 16 32 79 47 24 95 28 44 51 11 16 33 13 18 82 90 95 46 35 96 88 98 60 17 98 26 47 94 21 53 88 93 45 94 61 39 38 32
29 76 0 99 10 28 13 17 16 85 77 11 81 79 45 95 28 72 98 38 25 90 92 85 23 58 35 25 22 19 32 19 30 33 90 41 79 34 92 96 98 25 42 46 24 48 41 82 58 69 47 28 19 35 25 78 91 12 68 91 49 24 92 72 40 52 32 27 65 43
17 98 99 0 18 56 14 31 73 54 54 14 32 40 49 90 56 38 36 67 76 46 18 24 76 57 76 77 65 20 81 31 25 90 52 62 89 88 74 69 88 27 32 49 61 54 24 93 73 92 28 27 41 57 37 12 92 85 83 71 78 84 29 63 39 81 41 42 13 33
24 48 10 18 0 49 14 37 52 45 84 15 36 64 61 91 81 69 68 28 33 16 98 58 54 18 25 20 23 31 81 96 49 41 87 11 65 93 23 18 24 99 70 57 61 11 89 94 74 87 28 50 36 76 65 59 16 64 59 32 43 52 56 24 47 55 18 41 96 36
80 77 28 56 49 0 71 97 97 77 21 13 55 45 87 33 39 74 23 47 75 50 69 15 27 27 49 38 91 46 32 99 33 34 67 13 29 54 76 94 37 49 48 85 38 39 39 52 24 99 80 79 91 47 16 94 50 20 83 38 84 69 18 34 52 84 32 50 55 25
87 15 13 14 14 71 0 37 21 15 76 42 51 38 20 45 43 19 56 54 91 80 67 76 75 22 21 21 45 41 22 46 76 60 38 28 77 32 29 38 87 55 27 30 89 58 31 83 24 54 72 45 86 80 87 81 10 12 94 18 89 41 84 66 77 61 34 99 39 90
87 88 17 31 37 97 37 0 55 87 52 19 89 44 82 43 30 31 28 72 96 45 26 51 58 16 32 40 39 17 58 59 88 36 97 84 25 99 63 13 42 77 71 53 62 80 37 61 50 56 19 31 94 68 53 29 71 99 85 45 60 29 26 43 85 78 36 48 43 14
35 74 16 73 52 97 21 55 0 53 42 25 64 69 69 64 20 55 80 77 74 97 15 59 89 61 93 97 76 70 13 39 57 67 20 73 48 89 29 11 14 73 39 50 55 16 37 91 82 90 25 98 56 97 87 75 13 83 40 14 98 53 40 68 62 45 87 24 57 81
86 77 85 54 45 77 15 87 53 0 19 48 21 87 98 86 75 73 76 88 87 92 93 19 71 15 24 25 80 74 82 76 68 33 76 13 53 72 26 60 84 28 23 50 85 72 45 71 25 98 99 56 39 54 93 24 51 53 14 95 25 67 71 60 72 75 76 39 99 54
52 70 77 54 84 21 76 52 42 19 0 66 85 81 98 81 53 91 67 66 51 73 43 69 44 73 57 63 85 21 29 88 62 88 27 71 58 65 71 93 24 86 76 74 14 36 54 11 22 30 14 26 80 54 90 59 67 69 26 90 60 22 64 71 84 83 81 42 19 98
58 90 11 14 15 13 42 19 25 48 66 0 71 31 17 59 29 91 56 87 20 24 40 52 42 93 56 71 85 14 31 26 90 68 18 33 89 15 42 78 61 73 45 81 57 59 47 82 74 37 36 36 53 44 47 79 79 76 10 67 94 45 22 74 97 32 72 29 63 13
32 14 81 32 36 55 51 89 64 21 85 71 0 65 27 71 57 47 33 78 41 38 52 96 81 61 45 28 59 69 50 13 20 51 58 93 86 63 78 57 74 13 82 52 48 80 24 69 21 41 71 27 23 54 13 96 66 70 92 16 39 48 55 12 52 44 94 11 90 84
15 79 79 40 64 45 38 44 69 87 81 31 65 0 10 64 78 88 50 45 93 94 20 71 42 51 65 36 25 14 14 15 54 85 16 41 18 57 60 28 52 76 21 60 96 49 68 94 65 92 98 97 86 63 84 25 40 14 15 79 31 62 29 99 89 60 98 93 83 13
36 69 45 49 61 87 20 82 69 98 98 17 27 10 0 32 48 11 37 46 26 64 96 48 55 41 30 65 57 28 18 74 75 24 76 68 25 84 61 34 55 74 14 59 96 19 61 13 48 58 98 70 84 96 77 60 97 98 97 97 23 94 81 93 55 57 10 52 73 79
33 28 95 90 91 33 45 43 64 86 81 59 71 64 32 0 80 84 44 34 89 88 24 11 45 80 60 50 95 52 89 55 15 35 83 48 39 76 65 30 36 21 44 74 78 95 68 13 76 83 15 52 77 91 54 28 48 81 59 95 69 49 73 52 57 76 71 58 49 66
50 33 28 56 81 39 43 30 20 75 53 29 57 78 48 80 0 69 31 72 26 60 78 74 27 48 56 26 96 34 47 76 36 49 44 58 47 65 49 72 97 75 45 62 74 41 23 99 45 78 87 18 18 64 31 55 72 63 11 71 88 41 97 43 77 77 53 61 35 82
12 74 72 38 69 74 19 31 55 73 91 91 47 88 11 84 69 0 33 93 86 10 25 83 91 27 30 26 55 76 69 30 10 48 90 74 11 69 50 91 93 57 88 89 49 94 67 32 92 37 17 17 67 23 68 77 45 53 79 84 81 68 15 11 84 68 32 60 59 23
69 23 98 36 68 23 56 28 80 76 67 56 33 50 37 44 31 33 0 98 90 19 78 41 23 98 70 13 31 91 53 54 40 83 97 10 98 28 36 87 51 56 43 59 32 24 92 19 15 68 10 46 17 62 85 54 15 49 53 57 20 14 55 32 61 92 83 68 98 55
97 43 38 67 28 47 54 72 77 88 66 87 78 45 46 34 72 93 98 0 12 32 60 94 91 90 30 12 63 44 61 54 85 86 10 76 18 77 72 54 94 72 46 70 93 93 60 89 24 75 69 16 88 35 58 66 25 52 47 18 25 13 41 85 12 52 88 51 11 17
54 56 25 76 33 75 91 96 74 87 51 20 41 93 26 89 26 86 90 12 0 59 54 53 94 75 57 66 84 82 90 53 47 77 45 66 21 15 22 94 82 77 74 32 46 76 80 66 23 98 45 78 96 78 76 99 49 31 18 80 46 43 63 27 88 77 56 53 17 31
91 37 90 46 16 50 80 45 97 92 73 24 38 94 64 88 60 10 19 32 59 0 12 47 80 99 80 86 91 36 47 93 27 55 47 64 16 84 46 48 66 13 44 19 44 34 29 45 62 90 87 85 38 70 52 41 66 63 77 47 19 83 20 30 50 51 14 31 41 61
81 48 92 18 98 69 67 26 15 93 43 40 52 20 96 24 78 25 78 60 54 12 0 26 80 88 72 75 27 29 63 62 56 41 31 10 26 99 11 14 32 24 39 49 62 10 79 56 91 55 82 66 29 52 19 30 30 67 97 61 32 76 20 17 24 12 43 67 80 55
88 52 85 24 58 15 76 51 59 19 69 52 96 71 48 11 74 83 41 94 53 47 26 0 67 76 90 65 91 52 85 71 75 69 18 50 29 99 80 42 53 87 43 69 19 33 44 23 85 88 73 15 84 32 45 46 66 41 36 66 61 91 20 84 67 32 16 31 97 91
72 75 23 76 54 27 75 58 89 71 44 42 81 42 55 45 27 91 23 91 94 80 80 67 0 65 35 81 46 55 44 86 93 39 94 43 51 64 98 11 59 16 53 86 74 86 12 29 49 33 74 27 46 46 70 57 56 39 87 28 14 95 32 79 24 18 26 98 51 47
21 97 58 57 18 27 22 16 61 15 73 93 61 51 41 80 48 27 98 90 75 99 88 76 65 0 56 25 60 52 22 67 31 38 66 88 24 36 44 25 39 34 24 13 48 32 90 36 75 15 84 35 59 96 55 38 60 91 18 53 19 29 98 65 78 84 76 97 91 68
98 91 35 76 25 49 21 32 93 24 57 56 45 65 30 60 56 30 70 30 57 80 72 90 35 56 0 39 21 21 28 46 37 60 66 75 81 34 82 10 59 61 72 88 55 22 78 14 73 20 66 32 99 54 70 33 73 41 59 55 70 54 16 32 10 59 74 45 72 82
82 50 25 77 20 38 21 40 97 25 63 71 28 36 65 50 26 26 13 12 66 86 75 65 81 25 39 0 37 82 84 71 73 71 44 62 71 14 24 23 43 82 26 15 38 25 78 61 71 87 44 28 31 53 93 94 11 38 25 53 79 30 54 20 85 54 62 23 11 13
25 14 22 65 23 91 45 39 76 80 85 85 59 25 57 95 96 55 31 63 84 91 27 91 46 60 21 37 0 89 93 97 23 42 97 20 42 85 97 59 27 14 43 85 14 84 58 29 46 39 52 15 49 23 21 90 73 90 33 25 19 49 21 48 56 13 20 66 59 48
33 97 19 20 31 46 41 17 70 74 21 14 69 14 28 52 34 76 91 44 82 36 29 52 55 52 21 82 89 0 48 84 29 43 38 96 94 30 81 81 58 76 86 43 88 54 21 89 76 80 90 38 36 59 47 59 64 79 54 37 43 53 11 62 25 77 51 65 52 77
97 43 32 81 81 32 22 58 13 82 29 31 50 14 18 89 47 69 53 61 90 47 63 85 44 22 28 84 93 48 0 49 64 27 66 16 70 65 68 16 50 62 65 42 20 50 13 88 96 67 50 54 59 62 66 35 89 50 99 95 63 12 21 46 71 42 68 84 90 76
54 25 19 31 96 99 46 59 39 76 88 26 13 15 74 55 76 30 54 54 53 93 62 71 86 67 46 71 97 84 49 0 58 15 31 53 30 41 57 42 31 19 88 69 61 54 91 18 98 26 97 53 63 99 12 35 71 32 23 21 49 26 17 64 12 67 28 15 27 93
94 16 30 25 49 33 76 88 57 68 62 90 20 54 75 15 36 10 40 85 47 27 56 75 93 31 37 73 23 29 64 58 0 70 64 75 53 73 13 90 32 29 75 19 61 10 87 19 48 42 51 37 42 86 99 40 74 92 46 79 38 71 81 98 67 52 36 13 29 40
63 32 33 90 41 34 60 36 67 33 88 68 51 85 24 35 49 48 83 86 77 55 41 69 39 38 60 71 42 43 27 15 70 0 87 53 57 35 87 38 76 27 87 27 96 76 40 36 46 89 66 16 25 59 15 16 31 45 14 19 21 61 39 58 83 73 47 17 75 33
39 79 90 52 87 67 38 97 20 76 27 18 58 16 76 83 44 90 97 10 45 47 31 18 94 66 66 44 97 38 66 31 64 87 0 48 39 36 85 86 38 25 31 58 91 94 98 63 97 78 91 26 90 17 18 71 73 39 53 25 86 64 58 58 98 21 86 27 62 87
56 47 41 62 11 13 28 84 73 13 71 33 93 41 68 48 58 74 10 76 66 64 10 50 43 88 75 62 20 96 16 53 75 53 48 0 89 61 55 70 22 53 31 10 69 21 87 30 67 46 43 30 43 92 20 43 83 60 39 78 83 93 70 62 53 42 38 51 78 69
43 24 79 89 65 29 77 25 48 53 58 89 86 18 25 39 47 11 98 18 21 16 26 29 51 24 81 71 42 94 70 30 53 57 39 89 0 99 61 91 48 36 20 81 60 74 25 20 41 29 29 89 39 19 93 20 12 33 28 17 32 38 75 79 51 32 68 71 20 41
90 95 34 88 93 54 32 99 89 72 65 15 63 57 84 76 65 69 28 77 15 84 99 99 64 36 34 14 85 30 65 41 73 35 36 61 99 0 41 57 92 77 12 29 46 90 72 18 45 94 34 62 83 77 94 36 65 35 54 14 18 75 81 27 47 32 41 85 56 92
55 28 92 74 23 76 29 63 29 26 71 42 78 60 61 65 49 50 36 72 22 46 11 80 98 44 82 24 97 81 68 57 13 87 85 55 61 41 0 45 41 62 44 56 76 63 93 91 31 86 32 72 88 52 53 70 11 43 88 94 77 53 20 26 83 76 77 41 96 93
63 44 96 69 18 94 38 13 11 60 93 78 57 28 34 30 72 91 87 54 94 48 14 42 11 25 10 23 59 81 16 42 90 38 86 70 91 57 45 0 36 28 30 49 83 56 90 27 88 27 41 64 54 14 29 97 18 53 36 42 42 20 38 71 49 92 13 89 14 27
93 51 98 88 24 37 87 42 14 84 24 61 74 52 55 36 97 93 51 94 82 66 32 53 59 39 59 43 27 58 50 31 32 76 38 22 48 92 41 36 0 75 18 95 57 15 48 58 79 86 87 94 96 66 79 11 91 35 52 19 48 44 26 19 52 68 80 56 26 89
36 11 25 27 99 49 55 77 73 28 86 73 13 76 74 21 75 57 56 72 77 13 24 87 16 34 61 82 14 76 62 19 29 27 25 53 36 77 62 28 75 0 27 26 91 21 37 59 98 25 32 49 95 19 75 89 59 69 66 20 57 51 87 92 61 86 54 30 18 24
84 16 42 32 70 48 27 71 39 23 76 45 82 21 14 44 45 88 43 46 74 44 39 43 53 24 72 26 43 86 65 88 75 87 31 31 20 12 44 30 18 27 0 87 62 78 88 40 34 21 61 78 78 86 19 31 32 84 71 75 14 46 12 83 27 53 71 29 13 32
27 33 46 49 57 85 30 53 50 50 74 81 52 60 59 74 62 89 59 70 32 19 49 69 86 13 88 15 85 43 42 69 19 27 58 10 81 29 56 49 95 26 87 0 38 49 13 78 16 17 70 44 97 50 52 36 77 24 12 51 71 55 38 75 76 77 94 38 55 85
67 13 24 61 61 38 89 62 55 85 14 57 48 96 96 78 74 49 32 93 46 44 62 19 74 48 55 38 14 88 20 61 61 96 91 69 60 46 76 83 57 91 62 38 0 83 46 77 94 36 94 85 89 60 24 73 28 89 20 36 79 81 68 93 81 94 61 93 89 17
22 18 48 54 11 39 58 80 16 72 36 59 80 49 19 95 41 94 24 93 76 34 10 33 86 32 22 25 84 54 50 54 10 76 94 21 74 90 63 56 15 21 78 49 83 0 46 83 15 28 43 95 71 11 65 89 27 38 87 71 67 84 93 43 27 25 22 61 32 64
40 82 41 24 89 39 31 37 37 45 54 47 24 68 61 68 23 67 92 60 80 29 79 44 12 90 78 78 58 21 13 91 87 40 98 87 25 72 93 90 48 37 88 13 46 46 0 86 50 81 66 32 22 60 68 60 65 40 66 67 44 76 26 54 38 60 98 57 48 57
14 90 82 93 94 52 83 61 91 71 11 82 69 94 13 13 99 32 19 89 66 45 56 23 29 36 14 61 29 89 88 18 19 36 63 30 20 18 91 27 58 59 40 78 77 83 86 0 27 28 52 81 75 27 64 63 93 90 54 78 95 73 29 82 21 88 18 69 27 76
97 95 58 73 74 24 24 50 82 25 22 74 21 65 48 76 45 92 15 24 23 62 91 85 49 75 73 71 46 76 96 98 48 46 97 67 41 45 31 88 79 98 34 16 94 15 50 27 0 79 21 28 42 10 20 46 16 76 22 48 74 42 29 22 98 76 70 98 84 12
78 46 69 92 87 99 54 56 90 98 30 37 41 92 58 83 78 37 68 75 98 90 55 88 33 15 20 87 39 80 67 26 42 89 78 46 29 94 86 27 86 25 21 17 36 28 81 28 79 0 59 43 35 27 86 95 10 92 52 19 83 44 10 39 22 23 95 73 28 45
94 35 47 28 28 80 72 19 25 99 14 36 71 98 98 15 87 17 10 69 45 87 82 73 74 84 66 44 52 90 50 97 51 66 91 43 29 34 32 41 87 32 61 70 94 43 66 52 21 59 0 60 62 39 91 81 45 68 22 68 87 66 11 47 83 96 35 96 97 18
16 96 28 27 50 79 45 31 98 56 26 36 27 97 70 52 18 17 46 16 78 85 66 15 27 35 32 28 15 38 54 53 37 16 26 30 89 62 72 64 94 49 78 44 85 95 32 81 28 43 60 0 17 78 48 17 30 73 83 26 91 90 45 55 38 22 80 84 48 51
31 88 19 41 36 91 86 94 56 39 80 53 23 86 84 77 18 67 17 88 96 38 29 84 46 59 99 31 49 36 59 63 42 25 90 43 39 83 88 54 96 95 78 97 89 71 22 75 42 35 62 17 0 82 78 52 70 38 44 57 41 13 63 77 63 90 30 90 95 33
75 98 35 57 76 47 80 68 97 54 54 44 54 63 96 91 64 23 62 35 78 70 52 32 46 96 54 53 23 59 62 99 86 59 17 92 19 77 52 14 66 19 86 50 60 11 60 27 10 27 39 78 82 0 30 59 78 94 97 63 39 65 19 12 41 88 17 52 17 98
50 60 25 37 65 16 87 53 87 93 90 47 13 84 77 54 31 68 85 58 76 52 19 45 70 55 70 93 21 47 66 12 99 15 18 20 93 94 53 29 79 75 19 52 24 65 68 64 20 86 91 48 78 30 0 84 34 58 35 38 91 76 11 97 99 81 17 81 63 44
43 17 78 12 59 94 81 29 75 24 59 79 96 25 60 28 55 77 54 66 99 41 30 46 57 38 33 94 90 59 35 35 40 16 71 43 20 36 70 97 11 89 31 36 73 89 60 63 46 95 81 17 52 59 84 0 90 30 64 15 61 11 45 18 51 43 92 88 60 25
12 98 91 92 16 50 10 71 13 51 67 79 66 40 97 48 72 45 15 25 49 66 30 66 56 60 73 11 73 64 89 71 74 31 73 83 12 65 11 18 91 59 32 77 28 27 65 93 16 10 45 30 70 78 34 90 0 99 66 87 73 12 34 36 87 15 53 88 87 59
99 26 12 85 64 20 12 99 83 53 69 76 70 14 98 81 63 53 49 52 31 63 67 41 39 91 41 38 90 79 50 32 92 45 39 60 33 35 43 53 35 69 84 24 89 38 40 90 76 92 68 73 38 94 58 30 99 0 18 20 12 92 56 33 41 23 58 97 40 52
77 47 68 83 59 83 94 85 40 14 26 10 92 15 97 59 11 79 53 47 18 77 97 36 87 18 59 25 33 54 99 23 46 14 53 39 28 54 88 36 52 66 71 12 20 87 66 54 22 52 22 83 44 97 35 64 66 18 0 99 29 77 41 19 23 29 64 34 90 86
58 94 91 71 32 38 18 45 14 95 90 67 16 79 97 95 71 84 57 18 80 47 61 66 28 53 55 53 25 37 95 21 79 19 25 78 17 14 94 42 19 20 75 51 36 71 67 78 48 19 68 26 57 63 38 15 87 20 99 0 11 62 31 49 11 88 53 75 66 92
30 21 49 78 43 84 89 60 98 25 60 94 39 31 23 69 88 81 20 25 46 19 32 61 14 19 70 79 19 43 63 49 38 21 86 83 32 18 77 42 48 57 14 71 79 67 44 95 74 83 87 91 41 39 91 61 73 12 29 11 0 33 73 65 47 88 61 31 72 47
32 53 24 84 52 69 41 29 53 67 22 45 48 62 94 49 41 68 14 13 43 83 76 91 95 29 54 30 49 53 12 26 71 61 64 93 38 75 53 20 44 51 46 55 81 84 76 73 42 44 66 90 13 65 76 11 12 92 77 62 33 0 45 67 63 45 46 14 60 81
15 88 92 29 56 18 84 26 40 71 64 22 55 29 81 73 97 15 55 41 63 20 20 20 32 98 16 54 21 11 21 17 81 39 58 70 75 81 20 38 26 87 12 38 68 93 26 29 29 10 11 45 63 19 11 45 34 56 41 31 73 45 0 98 84 29 60 84 36 19
20 93 72 63 24 34 66 43 68 60 71 74 12 99 93 52 43 11 32 85 27 30 17 84 79 65 32 20 48 62 46 64 98 58 58 62 79 27 26 71 19 92 83 75 93 43 54 82 22 39 47 55 77 12 97 18 36 33 19 49 65 67 98 0 63 80 46 16 78 41
98 45 40 39 47 52 77 85 62 72 84 97 52 89 55 57 77 84 61 12 88 50 24 67 24 78 10 85 56 25 71 12 67 83 98 53 51 47 83 49 52 61 27 76 81 27 38 21 98 22 83 38 63 41 99 51 87 41 23 11 47 63 84 63 0 70 40 65 30 70
87 94 52 81 55 84 61 78 45 75 83 32 44 60 57 76 77 68 92 52 77 51 12 32 18 84 59 54 13 77 42 67 52 73 21 42 32 32 76 92 68 86 53 77 94 25 60 88 76 23 96 22 90 88 81 43 15 23 29 88 88 45 29 80 70 0 69 93 85 40
66 61 32 41 18 32 34 36 87 76 81 72 94 98 10 71 53 32 83 88 56 14 43 16 26 76 74 62 20 51 68 28 36 47 86 38 68 41 77 13 80 54 71 94 61 22 98 18 70 95 35 80 30 17 17 92 53 58 64 53 61 46 60 46 40 69 0 72 13 65
89 39 27 42 41 50 99 48 24 39 42 29 11 93 52 58 61 60 68 51 53 31 67 31 98 97 45 23 66 65 84 15 13 17 27 51 71 85 41 89 56 30 29 38 93 61 57 69 98 73 96 84 90 52 81 88 88 97 34 75 31 14 84 16 65 93 72 0 85 82
85 38 65 13 96 55 39 43 57 99 19 63 90 83 73 49 35 59 98 11 17 41 80 97 51 91 72 11 59 52 90 27 29 75 62 78 20 56 96 14 26 18 13 55 89 32 48 27 84 28 97 48 95 17 63 60 87 40 90 66 72 60 36 78 30 85 13 85 0 30
50 32 43 33 36 25 90 14 81 54 98 13 84 13 79 66 82 23 55 17 31 61 55 91 47 68 82 13 48 77 76 93 40 33 87 69 41 92 93 27 89 24 32 85 17 64 57 76 12 45 18 51 33 98 44 25 59 52 86 92 47 81 19 41 70 40 65 82 30 0