50
0 53 74 73 30 35 64 82 78 32 82 80 71 39 64 44 32 72 24 83 73 42 55 70 12 47 19 94 95 92 58 53 98 44 36 57 16 63 96 37 39 39 22 89 48 38 48 86 55 50
53 0 72 66 20 21 41 62 83 96 21 49 57 68 74 83 64 26 61 85 77 43 89 46 39 56 17 89 18 42 25 99 52 15 92 91 44 45 83 37 96 60 96 74 44 66 64 38 14 72
74 72 0 42 73 14 37 17 76 92 83 50 52 63 42 22 50 91 54 71 18 22 55 65 86 25 92 63 60 47 35 45 13 87 91 53 55 19 31 13 79 76 78 53 21 12 16 28 75 15
73 66 42 0 72 92 75 75 46 50 19 32 79 82 85 93 18 96 47 71 32 49 37 44 69 69 91 57 14 83 84 69 66 36 59 90 95 29 38 42 38 87 74 31 19 10 79 87 86 11
30 20 73 72 0 14 73 92 17 19 53 50 21 12 83 94 41 54 26 38 36 76 78 27 59 20 21 68 48 64 64 63 29 27 51 62 42 14 32 11 82 24 55 43 25 71 75 38 62 40
35 21 14 92 14 0 95 65 21 11 63 64 80 15 10 64 25 42 63 10 59 98 48 35 40 26 57 39 95 42 65 17 99 95 82 39 64 76 32 66 45 75 22 33 77 97 31 80 51 43
64 41 37 75 73 95 0 52 52 61 10 44 69 47 90 77 29 85 10 51 20 87 40 66 16 77 58 46 38 76 69 27 58 45 76 82 24 17 34 91 68 23 61 89 52 68 76 60 13 55
82 62 17 75 92 65 52 0 57 76 37 20 65 25 16 54 19 33 95 87 26 62 14 75 42 86 97 44 80 50 24 92 83 40 55 35 73 18 73 62 76 40 65 74 72 89 26 99 42 91
78 83 76 46 17 21 52 57 0 35 84 98 82 20 12 40 50 63 21 32 57 67 53 77 65 76 46 78 16 46 89 98 53 39 64 16 33 54 33 95 35 32 99 30 29 36 32 16 37 11
32 96 92 50 19 11 61 76 35 0 80 30 21 28 98 11 85 31 17 19 38 53 28 88 46 35 68 91 35 16 68 25 92 68 35 10 14 76 96 39 80 72 93 61 65 69 82 30 48 38
82 21 83 19 53 63 10 37 84 80 0 51 23 78 97 18 77 71 50 51 18 39 22 43 93 47 21 55 33 50 95 97 70 47 78 98 90 50 81 22 74 36 11 35 24 53 12 99 79 62
80 49 50 32 50 64 44 20 98 30 51 0 44 15 44 73 84 26 89 34 13 40 58 89 86 39 88 75 95 31 16 29 91 20 70 84 71 45 13 65 57 41 69 87 84 13 15 21 72 12
71 57 52 79 21 80 69 65 82 21 23 44 0 73 12 63 26 49 46 38 58 44 14 54 67 49 80 38 28 76 67 94 68 74 56 99 17 63 11 39 36 57 12 37 14 14 37 22 97 36
39 68 63 82 12 15 47 25 20 28 78 15 73 0 42 26 20 62 95 33 42 11 18 13 24 59 76 72 64 42 72 51 43 27 17 69 62 50 17 82 30 47 38 24 53 67 46 67 43 94
64 74 42 85 83 10 90 16 12 98 97 44 12 42 0 31 99 54 11 43 94 95 17 91 36 94 72 72 76 34 29 84 66 14 85 91 87 71 95 39 40 39 70 78 35 65 93 68 88 62
44 83 22 93 94 64 77 54 40 11 18 73 63 26 31 0 16 26 29 17 16 45 63 54 12 44 39 85 72 41 39 63 74 81 42 77 86 96 24 73 25 40 30 69 76 60 10 46 85 47
32 64 50 18 41 25 29 19 50 85 77 84 26 20 99 16 0 85 26 77 91 78 83 42 37 63 26 12 77 35 64 34 81 52 54 90 81 84 52 23 17 26 11 58 13 29 66 39 85 46
72 26 91 96 54 42 85 33 63 31 71 26 49 62 54 26 85 0 83 71 80 29 65 60 11 39 35 74 91 89 82 23 21 91 67 45 11 83 75 98 37 30 14 99 25 56 96 60 67 98
24 61 54 47 26 63 10 95 21 17 50 89 46 95 11 29 26 83 0 58 14 19 98 44 40 22 92 31 38 41 79 28 54 26 51 32 15 57 94 72 39 38 57 60 79 17 84 42 29 60
83 85 71 71 38 10 51 87 32 19 51 34 38 33 43 17 77 71 58 0 65 69 66 39 96 39 32 21 74 21 60 41 70 23 92 39 22 97 23 64 92 17 82 29 57 85 89 77 43 17
73 77 18 32 36 59 20 26 57 38 18 13 58 42 94 16 91 80 14 65 0 24 13 93 94 11 82 20 92 53 39 69 63 55 93 41 48 48 49 45 40 68 69 44 27 60 61 54 15 44
42 43 22 49 76 98 87 62 67 53 39 40 44 11 95 45 78 29 19 69 24 0 48 68 27 63 92 94 41 83 70 25 70 57 81 43 63 20 55 46 38 67 60 80 50 80 82 20 81 41
55 89 55 37 78 48 40 14 53 28 22 58 14 18 17 63 83 65 98 66 13 48 0 78 82 39 19 48 14 57 92 40 60 84 14 20 99 35 89 62 15 11 90 60 90 71 41 27 33 61
70 46 65 44 27 35 66 75 77 88 43 89 54 13 91 54 42 60 44 39 93 68 78 0 84 50 10 57 46 58 36 41 13 19 11 47 98 65 28 92 18 54 99 50 12 63 64 87 24 10
12 39 86 69 59 40 16 42 65 46 93 86 67 24 36 12 37 11 40 96 94 27 82 84 0 98 84 76 37 59 88 91 61 49 49 85 22 62 46 99 52 38 44 80 16 74 51 58 41 41
47 56 25 69 20 26 77 86 76 35 47 39 49 59 94 44 63 39 22 39 11 63 39 50 98 0 31 75 84 44 41 64 11 11 54 74 64 71 40 16 60 10 28 92 69 74 19 92 89 25
19 17 92 91 21 57 58 97 46 68 21 88 80 76 72 39 26 35 92 32 82 92 19 10 84 31 0 22 80 86 96 46 69 58 73 36 33 87 26 55 32 11 51 33 59 86 35 15 80 99
94 89 63 57 68 39 46 44 78 91 55 75 38 72 72 85 12 74 31 21 20 94 48 57 76 75 22 0 95 55 86 81 19 64 76 47 47 93 28 81 98 67 79 35 65 29 99 81 95 58
95 18 60 14 48 95 38 80 16 35 33 95 28 64 76 72 77 91 38 74 92 41 14 46 37 84 80 95 0 78 80 38 57 93 85 20 23 24 32 14 41 82 34 37 14 28 64 32 20 22
92 42 47 83 64 42 76 50 46 16 50 31 76 42 34 41 35 89 41 21 53 83 57 58 59 44 86 55 78 0 24 17 46 28 13 14 16 88 86 55 62 78 62 79 52 13 12 68 61 79
58 25 35 84 64 65 69 24 89 68 95 16 67 72 29 39 64 82 79 60 39 70 92 36 88 41 96 86 80 24 0 20 95 46 34 91 53 57 81 19 48 13 79 82 17 33 64 98 57 69
53 99 45 69 63 17 27 92 98 25 97 29 94 51 84 63 34 23 28 41 69 25 40 41 91 64 46 81 38 17 20 0 73 12 80 86 99 62 52 67 70 21 74 18 30 75 48 43 45 27
98 52 13 66 29 99 58 83 53 92 70 91 68 43 66 74 81 21 54 70 63 70 60 13 61 11 69 19 57 46 95 73 0 45 79 67 61 63 47 41 30 91 90 91 50 26 70 63 65 80
44 15 87 36 27 95 45 40 39 68 47 20 74 27 14 81 52 91 26 23 55 57 84 19 49 11 58 64 93 28 46 12 45 0 95 14 20 53 36 49 55 98 46 63 32 77 92 70 53 25
36 92 91 59 51 82 76 55 64 35 78 70 56 17 85 42 54 67 51 92 93 81 14 11 49 54 73 76 85 13 34 80 79 95 0 77 78 54 70 26 47 88 90 37 74 54 90 65 65 56
57 91 53 90 62 39 82 35 16 10 98 84 99 69 91 77 90 45 32 39 41 43 20 47 85 74 36 47 20 14 91 86 67 14 77 0 75 93 27 49 29 18 33 49 84 27 35 52 17 95
16 44 55 95 42 64 24 73 33 14 90 71 17 62 87 86 81 11 15 22 48 63 99 98 22 64 33 47 23 16 53 99 61 20 78 75 0 65 25 67 11 82 80 72 44 62 28 26 65 20
63 45 19 29 14 76 17 18 54 76 50 45 63 50 71 96 84 83 57 97 48 20 35 65 62 71 87 93 24 88 57 62 63 53 54 93 65 0 32 77 20 97 52 39 54 65 83 82 55 19
96 83 31 38 32 32 34 73 33 96 81 13 11 17 95 24 52 75 94 23 49 55 89 28 46 40 26 28 32 86 81 52 47 36 70 27 25 32 0 74 91 26 96 77 95 13 53 28 18 50
37 37 13 42 11 66 91 62 95 39 22 65 39 82 39 73 23 98 72 64 45 46 62 92 99 16 55 81 14 55 19 67 41 49 26 49 67 77 74 0 27 58 89 57 63 48 20 23 66 19
39 96 79 38 82 45 68 76 35 80 74 57 36 30 40 25 17 37 39 92 40 38 15 18 52 60 32 98 41 62 48 70 30 55 47 29 11 20 91 27 0 33 56 55 28 68 62 16 94 39
39 60 76 87 24 75 23 40 32 72 36 41 57 47 39 40 26 30 38 17 68 67 11 54 38 10 11 67 82 78 13 21 91 98 88 18 82 97 26 58 33 0 79 68 20 24 52 26 25 38
22 96 78 74 55 22 61 65 99 93 11 69 12 38 70 30 11 14 57 82 69 60 90 99 44 28 51 79 34 62 79 74 90 46 90 33 80 52 96 89 56 79 0 11 87 26 76 85 62 75
89 74 53 31 43 33 89 74 30 61 35 87 37 24 78 69 58 99 60 29 44 80 60 50 80 92 33 35 37 79 82 18 91 63 37 49 72 39 77 57 55 68 11 0 22 18 18 51 22 26
48 44 21 19 25 77 52 72 29 65 24 84 14 53 35 76 13 25 79 57 27 50 90 12 16 69 59 65 14 52 17 30 50 32 74 84 44 54 95 63 28 20 87 22 0 43 74 55 73 53
38 66 12 10 71 97 68 89 36 69 53 13 14 67 65 60 29 56 17 85 60 80 71 63 74 74 86 29 28 13 33 75 26 77 54 27 62 65 13 48 68 24 26 18 43 0 68 39 77 32
48 64 16 79 75 31 76 26 32 82 12 15 37 46 93 10 66 96 84 89 61 82 41 64 51 19 35 99 64 12 64 48 70 92 90 35 28 83 53 20 62 52 76 18 74 68 0 47 58 72
86 38 28 87 38 80 60 99 16 30 99 21 22 67 68 46 39 60 42 77 54 20 27 87 58 92 15 81 32 68 98 43 63 70 65 52 26 82 28 23 16 26 85 51 55 39 47 0 53 53
55 14 75 86 62 51 13 42 37 48 79 72 97 43 88 85 85 67 29 43 15 81 33 24 41 89 80 95 20 61 57 45 65 53 65 17 65 55 18 66 94 25 62 22 73 77 58 53 0 38
50 72 15 11 40 43 55 91 11 38 62 12 36 94 62 47 46 98 60 17 44 41 61 10 41 25 99 58 22 79 69 27 80 25 56 95 20 19 50 19 39 38 75 26 53 32 72 53 38 0