50
0 56 89 76 81 17 36 80 66 39 89 93 69 30 44 11 32 11 40 19 79 58 68 44 60 52 65 36 64 76 16 83 62 29 29 16 97 44 74 49 18 80 14 13 47 86 90 88 67 86
56 0 37 49 92 38 76 53 68 11 11 99 88 61 16 96 36 85 17 23 47 84 69 91 25 84 99 38 81 85 70 64 52 33 59 72 44 84 88 81 10 14 80 37 58 45 41 53 10 53
89 37 0 75 57 50 63 69 91 15 40 57 23 77 29 79 67 82 60 72 14 57 47 79 81 88 22 82 32 51 94 92 74 88 39 93 44 44 69 14 52 17 71 81 47 27 61 11 22 90
76 49 75 0 88 45 41 39 49 78 80 24 32 16 33 26 75 89 12 40 75 47 81 96 66 36 45 30 10 33 39 22 81 42 26 89 68 77 63 86 60 85 83 76 33 79 31 25 37 60
81 92 57 88 0 75 94 90 74 86 54 64 63 93 85 46 79 41 59 57 52 60 92 47 69 86 60 36 89 81 67 14 12 48 35 36 72 65 16 92 28 63 86 86 83 20 37 82 54 28
17 38 50 45 75 0 12 16 41 69 71 19 90 54 48 45 36 45 58 21 19 29 56 62 15 59 50 30 44 10 31 15 85 26 35 39 27 42 15 38 15 40 57 74 65 16 97 83 47 60
36 76 63 41 94 12 0 91 20 18 78 50 78 54 77 84 96 55 97 85 94 49 81 15 77 28 84 65 97 67 69 73 44 19 73 16 77 63 77 81 77 30 60 30 77 70 28 49 76 70
80 53 69 39 90 16 91 0 17 90 69 47 29 12 92 20 53 19 44 74 52 26 89 59 69 12 23 42 67 49 96 72 44 76 11 23 59 60 57 94 12 24 88 66 43 47 76 70 26 42
66 68 91 49 74 41 20 17 0 14 27 94 45 95 80 10 74 11 43 41 55 38 60 13 11 23 88 25 88 18 82 82 77 98 89 37 55 83 77 33 92 52 58 96 25 50 41 65 33 29
39 11 15 78 86 69 18 90 14 0 21 48 62 73 27 49 65 90 39 73 15 16 59 33 18 34 69 42 50 51 12 17 39 58 24 28 24 26 82 42 64 30 80 71 52 87 65 87 44 35
89 11 40 80 54 71 78 69 27 21 0 82 48 45 20 30 90 43 72 65 16 26 86 88 98 97 28 78 56 46 75 50 16 33 84 44 44 52 94 87 17 87 37 39 95 63 58 22 94 99
93 99 57 24 64 19 50 47 94 48 82 0 51 84 68 36 35 75 35 26 73 42 90 75 92 94 13 66 51 44 85 12 40 71 28 57 52 35 34 78 80 42 16 80 21 98 79 36 23 41
69 88 23 32 63 90 78 29 45 62 48 51 0 16 94 99 66 81 69 67 11 45 88 16 92 93 77 50 16 25 72 27 74 98 81 50 30 73 95 84 43 98 25 50 75 69 58 70 10 70
30 61 77 16 93 54 54 12 95 73 45 84 16 0 21 32 48 44 97 45 21 34 99 38 71 12 73 27 59 51 69 11 41 40 91 64 47 21 75 18 78 40 37 82 61 14 37 31 97 19
44 16 29 33 85 48 77 92 80 27 20 68 94 21 0 29 53 33 39 27 79 72 35 59 17 26 70 35 16 53 79 60 44 95 26 62 75 43 81 93 90 31 98 71 42 74 95 30 55 91
11 96 79 26 46 45 84 20 10 49 30 36 99 32 29 0 88 36 71 72 82 60 54 94 65 81 85 10 18 24 67 47 54 11 12 41 12 75 47 50 80 36 64 62 21 14 36 55 87 37
32 36 67 75 79 36 96 53 74 65 90 35 66 48 53 88 0 75 43 14 57 63 95 43 15 90 16 20 69 13 67 44 33 10 73 31 30 72 11 60 39 44 12 58 77 75 69 64 79 15
11 85 82 89 41 45 55 19 11 90 43 75 81 44 33 36 75 0 21 44 18 96 41 20 94 70 71 35 44 80 96 65 76 51 91 84 74 30 76 64 52 41 95 45 52 27 24 75 17 91
40 17 60 12 59 58 97 44 43 39 72 35 69 97 39 71 43 21 0 20 77 88 27 64 71 62 98 64 68 86 74 43 19 25 20 58 26 77 98 20 66 30 99 46 23 44 84 28 96 23
19 23 72 40 57 21 85 74 41 73 65 26 67 45 27 72 14 44 20 0 57 60 31 21 60 16 42 69 80 63 38 34 21 99 20 85 45 25 91 54 88 73 73 54 83 51 25 83 63 18
79 47 14 75 52 19 94 52 55 15 16 73 11 21 79 82 57 18 77 57 0 44 49 74 76 67 94 15 20 61 17 56 16 97 32 44 15 65 47 15 46 75 60 31 40 29 66 16 73 35
58 84 57 47 60 29 49 26 38 16 26 42 45 34 72 60 63 96 88 60 44 0 65 16 34 38 84 34 26 18 95 14 17 22 94 14 44 16 56 93 84 33 71 39 15 60 77 42 58 27
68 69 47 81 92 56 81 89 60 59 86 90 88 99 35 54 95 41 27 31 49 65 0 42 77 78 19 84 40 83 60 29 55 21 18 61 70 87 77 77 71 28 30 73 33 41 30 98 98 84
44 91 79 96 47 62 15 59 13 33 88 75 16 38 59 94 43 20 64 21 74 16 42 0 39 61 38 86 81 52 20 51 56 74 44 46 89 29 75 27 97 75 37 79 61 69 14 21 26 74
60 25 81 66 69 15 77 69 11 18 98 92 92 71 17 65 15 94 71 60 76 34 77 39 0 71 58 76 39 29 53 77 39 57 93 79 54 53 26 28 67 11 88 85 17 95 87 51 84 37
52 84 88 36 86 59 28 12 23 34 97 94 93 12 26 81 90 70 62 16 67 38 78 61 71 0 66 47 55 60 21 93 12 99 88 43 47 51 65 22 85 46 34 31 73 44 95 51 98 32
65 99 22 45 60 50 84 23 88 69 28 13 77 73 70 85 16 71 98 42 94 84 19 38 58 66 0 52 99 32 52 91 25 60 27 94 87 14 53 86 65 13 32 53 79 98 40 33 82 44
36 38 82 30 36 30 65 42 25 42 78 66 50 27 35 10 20 35 64 69 15 34 84 86 76 47 52 0 32 59 76 41 35 57 47 24 98 50 19 25 37 64 57 97 51 75 85 75 58 22
64 81 32 10 89 44 97 67 88 50 56 51 16 59 16 18 69 44 68 80 20 26 40 81 39 55 99 32 0 72 44 88 62 45 11 98 47 43 38 89 15 50 59 89 14 29 73 18 91 30
76 85 51 33 81 10 67 49 18 51 46 44 25 51 53 24 13 80 86 63 61 18 83 52 29 60 32 59 72 0 55 73 59 86 21 26 94 18 29 85 89 61 48 77 13 89 75 33 34 34
16 70 94 39 67 31 69 96 82 12 75 85 72 69 79 67 67 96 74 38 17 95 60 20 53 21 52 76 44 55 0 19 39 52 10 96 72 63 46 63 59 38 74 58 31 22 67 78 72 89
83 64 92 22 14 15 73 72 82 17 50 12 27 11 60 47 44 65 43 34 56 14 29 51 77 93 91 41 88 73 19 0 65 27 67 60 51 37 37 96 42 97 78 79 33 60 90 25 46 37
62 52 74 81 12 85 44 44 77 39 16 40 74 41 44 54 33 76 19 21 16 17 55 56 39 12 25 35 62 59 39 65 0 45 78 52 50 72 35 60 95 38 92 14 97 62 31 28 48 34
29 33 88 42 48 26 19 76 98 58 33 71 98 40 95 11 10 51 25 99 97 22 21 74 57 99 60 57 45 86 52 27 45 0 38 60 50 97 52 54 38 45 97 39 77 19 69 49 65 33
29 59 39 26 35 35 73 11 89 24 84 28 81 91 26 12 73 91 20 20 32 94 18 44 93 88 27 47 11 21 10 67 78 38 0 70 17 67 84 45 99 90 65 89 28 45 87 13 67 48
16 72 93 89 36 39 16 23 37 28 44 57 50 64 62 41 31 84 58 85 44 14 61 46 79 43 94 24 98 26 96 60 52 60 70 0 53 16 34 23 80 46 75 48 20 76 41 96 60 60
97 44 44 68 72 27 77 59 55 24 44 52 30 47 75 12 30 74 26 45 15 44 70 89 54 47 87 98 47 94 72 51 50 50 17 53 0 70 78 57 29 19 89 12 98 93 85 39 10 69
44 84 44 77 65 42 63 60 83 26 52 35 73 21 43 75 72 30 77 25 65 16 87 29 53 51 14 50 43 18 63 37 72 97 67 16 70 0 10 53 57 95 82 63 30 46 19 89 63 40
74 88 69 63 16 15 77 57 77 82 94 34 95 75 81 47 11 76 98 91 47 56 77 75 26 65 53 19 38 29 46 37 35 52 84 34 78 10 0 55 61 99 29 59 20 79 32 81 22 71
49 81 14 86 92 38 81 94 33 42 87 78 84 18 93 50 60 64 20 54 15 93 77 27 28 22 86 25 89 85 63 96 60 54 45 23 57 53 55 0 73 21 82 24 89 58 84 37 48 95
18 10 52 60 28 15 77 12 92 64 17 80 43 78 90 80 39 52 66 88 46 84 71 97 67 85 65 37 15 89 59 42 95 38 99 80 29 57 61 73 0 79 77 13 38 89 87 99 64 39
80 14 17 85 63 40 30 24 52 30 87 42 98 40 31 36 44 41 30 73 75 33 28 75 11 46 13 64 50 61 38 97 38 45 90 46 19 95 99 21 79 0 85 58 32 53 34 66 46 80
14 80 71 83 86 57 60 88 58 80 37 16 25 37 98 64 12 95 99 73 60 71 30 37 88 34 32 57 59 48 74 78 92 97 65 75 89 82 29 82 77 85 0 59 69 70 49 81 74 48
13 37 81 76 86 74 30 66 96 71 39 80 50 82 71 62 58 45 46 54 31 39 73 79 85 31 53 97 89 77 58 79 14 39 89 48 12 63 59 24 13 58 59 0 78 27 39 46 63 11
47 58 47 33 83 65 77 43 25 52 95 21 75 61 42 21 77 52 23 83 40 15 33 61 17 73 79 51 14 13 31 33 97 77 28 20 98 30 20 89 38 32 69 78 0 83 84 66 35 33
86 45 27 79 20 16 70 47 50 87 63 98 69 14 74 14 75 27 44 51 29 60 41 69 95 44 98 75 29 89 22 60 62 19 45 76 93 46 79 58 89 53 70 27 83 0 23 86 84 46
90 41 61 31 37 97 28 76 41 65 58 79 58 37 95 36 69 24 84 25 66 77 30 14 87 95 40 85 73 75 67 90 31 69 87 41 85 19 32 84 87 34 49 39 84 23 0 31 91 20
88 53 11 25 82 83 49 70 65 87 22 36 70 31 30 55 64 75 28 83 16 42 98 21 51 51 33 75 18 33 78 25 28 49 13 96 39 89 81 37 99 66 81 46 66 86 31 0 43 68
67 10 22 37 54 47 76 26 33 44 94 23 10 97 55 87 79 17 96 63 73 58 98 26 84 98 82 58 91 34 72 46 48 65 67 60 10 63 22 48 64 46 74 63 35 84 91 43 0 82
86 53 90 60 28 60 70 42 29 35 99 41 70 19 91 37 15 91 23 18 35 27 84 74 37 32 44 22 30 34 89 37 34 33 48 60 69 40 71 95 39 80 48 11 33 46 20 68 82 0