45
0 14 55 49 55 49 74 13 59 80 23 28 44 90 86 63 33 51 34 77 60 84 62 75 84 39 79 12 81 77 68 13 61 11 14 63 34 56 18 28 37 47 61 51 38
14 0 72 85 55 49 11 66 49 65 26 43 82 31 84 70 23 93 21 82 85 90 34 37 78 23 71 77 20 19 39 29 69 66 39 11 57 45 75 55 35 63 69 80 55
55 72 0 23 59 98 99 65 73 20 48 46 30 43 15 75 39 62 10 29 78 60 32 55 80 14 81 61 25 51 59 36 72 78 76 70 99 74 80 17 80 69 54 17 88
49 85 23 0 33 76 93 12 98 36 17 16 59 26 94 17 67 97 99 64 86 36 72 95 28 83 51 91 96 16 29 34 62 34 27 74 93 87 26 35 37 13 30 85 79
55 55 59 33 0 86 71 40 67 35 52 91 97 71 72 21 63 52 77 14 17 24 15 75 33 61 43 48 96 16 27 53 95 72 81 28 92 53 81 18 11 78 29 63 90
49 49 98 76 86 0 18 53 60 39 31 27 76 23 33 71 87 23 91 54 79 79 91 53 33 10 39 19 95 51 78 55 15 83 28 93 67 92 66 50 52 29 98 85 46
74 11 99 93 71 18 0 94 74 21 42 31 85 17 56 57 17 48 13 12 67 80 75 14 92 33 18 54 87 91 73 92 80 43 93 51 53 95 68 34 24 46 85 44 58
13 66 65 12 40 53 94 0 67 56 23 77 64 25 36 69 37 80 29 40 70 35 30 34 28 22 37 74 51 77 18 29 63 28 21 67 61 50 94 63 95 13 29 72 88
59 49 73 98 67 60 74 67 0 28 68 79 44 76 35 96 44 23 16 25 73 55 27 50 29 57 98 30 72 43 35 64 85 75 33 64 19 19 10 31 92 68 68 17 55
80 65 20 36 35 39 21 56 28 0 31 12 31 93 92 72 76 18 47 54 77 16 15 66 82 47 59 90 26 48 75 19 27 45 26 45 36 85 12 26 99 15 18 95 47
23 26 48 17 52 31 42 23 68 31 0 28 89 23 16 39 95 89 69 27 33 58 16 59 75 50 23 82 81 35 23 10 46 87 51 85 52 33 67 48 32 18 65 94 81
28 43 46 16 91 27 31 77 79 12 28 0 65 38 43 29 61 31 93 32 45 78 31 35 89 99 70 92 78 99 79 19 93 35 46 67 75 95 13 78 39 98 44 25 62
44 82 30 59 97 76 85 64 44 31 89 65 0 58 37 24 97 81 29 95 38 21 93 14 33 90 19 10 54 90 16 14 56 69 73 68 15 20 42 32 37 46 47 17 45
90 31 43 26 71 23 17 25 76 93 23 38 58 0 99 81 52 24 61 26 75 17 80 24 40 77 38 62 27 51 83 11 96 23 21 22 86 31 88 67 99 56 70 15 84
86 84 15 94 72 33 56 36 35 92 16 43 37 99 0 45 59 27 62 87 34 94 71 53 88 64 57 49 72 45 20 55 60 26 10 96 92 97 98 58 14 13 57 99 38
63 70 75 17 21 71 57 69 96 72 39 29 24 81 45 0 88 86 51 23 33 33 58 92 41 15 23 39 89 48 79 49 61 91 44 30 58 10 59 87 84 24 23 50 48
33 23 39 67 63 87 17 37 44 76 95 61 97 52 59 88 0 84 32 99 81 94 30 76 12 63 87 91 52 70 84 88 11 71 86 80 30 89 59 66 89 60 88 98 28
51 93 62 97 52 23 48 80 23 18 89 31 81 24 27 86 84 0 88 72 62 39 86 22 73 34 49 36 89 44 97 90 11 85 98 71 26 34 31 73 53 84 68 37 61
34 21 10 99 77 91 13 29 16 47 69 93 29 61 62 51 32 88 0 96 57 73 66 13 32 14 59 41 31 79 44 10 34 12 79 71 71 99 73 46 31 29 78 30 39
77 82 29 64 14 54 12 40 25 54 27 32 95 26 87 23 99 72 96 0 21 15 44 99 95 12 27 98 92 35 42 33 99 84 57 58 31 12 98 43 96 73 14 67 91
60 85 78 86 17 79 67 70 73 77 33 45 38 75 34 33 81 62 57 21 0 35 82 50 97 55 64 77 65 90 42 40 37 77 83 47 61 51 58 48 40 65 27 23 97
84 90 60 36 24 79 80 35 55 16 58 78 21 17 94 33 94 39 73 15 35 0 50 53 40 61 23 33 15 12 19 33 33 98 41 71 31 96 71 27 46 34 36 84 29
62 34 32 72 15 91 75 30 27 15 16 31 93 80 71 58 30 86 66 44 82 50 0 97 86 23 73 71 64 44 17 99 36 17 70 87 70 63 39 56 44 70 80 44 34
75 37 55 95 75 53 14 34 50 66 59 35 14 24 53 92 76 22 13 99 50 53 97 0 30 89 12 48 30 20 24 40 73 55 47 13 97 20 24 64 26 64 83 29 37
84 78 80 28 33 33 92 28 29 82 75 89 33 40 88 41 12 73 32 95 97 40 86 30 0 58 80 40 39 40 47 20 57 86 19 62 54 73 88 88 42 49 13 33 35
39 23 14 83 61 10 33 22 57 47 50 99 90 77 64 15 63 34 14 12 55 61 23 89 58 0 81 74 16 81 40 20 49 70 62 65 58 99 81 14 79 51 76 53 36
79 71 81 51 43 39 18 37 98 59 23 70 19 38 57 23 87 49 59 27 64 23 73 12 80 81 0 12 60 40 13 33 52 12 59 29 32 28 92 84 37 26 36 87 37
12 77 61 91 48 19 54 74 30 90 82 92 10 62 49 39 91 36 41 98 77 33 71 48 40 74 12 0 12 69 15 43 76 44 39 58 21 61 90 35 42 89 48 95 26
81 20 25 96 96 95 87 51 72 26 81 78 54 27 72 89 52 89 31 92 65 15 64 30 39 16 60 12 0 76 61 49 29 18 56 93 17 62 52 52 13 94 88 48 80
77 19 51 16 16 51 91 77 43 48 35 99 90 51 45 48 70 44 79 35 90 12 44 20 40 81 40 69 76 0 25 75 35 68 47 35 31 24 51 70 39 39 56 47 67
68 39 59 29 27 78 73 18 35 75 23 79 16 83 20 79 84 97 44 42 42 19 17 24 47 40 13 15 61 25 0 61 54 26 74 96 70 91 50 10 98 82 31 47 49
13 29 36 34 53 55 92 29 64 19 10 19 14 11 55 49 88 90 10 33 40 33 99 40 20 20 33 43 49 75 61 0 51 82 72 12 77 96 10 30 51 65 94 26 70
61 69 72 62 95 15 80 63 85 27 46 93 56 96 60 61 11 11 34 99 37 33 36 73 57 49 52 76 29 35 54 51 0 96 86 69 24 48 85 35 33 85 90 97 42
11 66 78 34 72 83 43 28 75 45 87 35 69 23 26 91 71 85 12 84 77 98 17 55 86 70 12 44 18 68 26 82 96 0 77 22 73 24 12 69 33 54 21 45 60
14 39 76 27 81 28 93 21 33 26 51 46 73 21 10 44 86 98 79 57 83 41 70 47 19 62 59 39 56 47 74 72 86 77 0 35 64 76 66 92 88 51 29 24 56
63 11 70 74 28 93 51 67 64 45 85 67 68 22 96 30 80 71 71 58 47 71 87 13 62 65 29 58 93 35 96 12 69 22 35 0 67 55 28 77 80 87 98 93 55
34 57 99 93 92 67 53 61 19 36 52 75 15 86 92 58 30 26 71 31 61 31 70 97 54 58 32 21 17 31 70 77 24 73 64 67 0 64 13 58 95 42 67 79 73
56 45 74 87 53 92 95 50 19 85 33 95 20 31 97 10 89 34 99 12 51 96 63 20 73 99 28 61 62 24 91 96 48 24 76 55 64 0 90 98 40 32 23 61 75
18 75 80 26 81 66 68 94 10 12 67 13 42 88 98 59 59 31 73 98 58 71 39 24 88 81 92 90 52 51 50 10 85 12 66 28 13 90 0 48 75 32 19 80 28
28 55 17 35 18 50 34 63 31 26 48 78 32 67 58 87 66 73 46 43 48 27 56 64 88 14 84 35 52 70 10 30 35 69 92 77 58 98 48 0 86 36 82 11 93
37 35 80 37 11 52 24 95 92 99 32 39 37 99 14 84 89 53 31 96 40 46 44 26 42 79 37 42 13 39 98 51 33 33 88 80 95 40 75 86 0 60 73 24 94
47 63 69 13 78 29 46 13 68 15 18 98 46 56 13 24 60 84 29 73 65 34 70 64 49 51 26 89 94 39 82 65 85 54 51 87 42 32 32 36 60 0 18 93 57
61 69 54 30 29 98 85 29 68 18 65 44 47 70 57 23 88 68 78 14 27 36 80 83 13 76 36 48 88 56 31 94 90 21 29 98 67 23 19 82 73 18 0 80 33
51 80 17 85 63 85 44 72 17 95 94 25 17 15 99 50 98 37 30 67 23 84 44 29 33 53 87 95 48 47 47 26 97 45 24 93 79 61 80 11 24 93 80 0 63
38 55 88 79 90 46 58 88 55 47 81 62 45 84 38 48 28 61 39 91 97 29 34 37 35 36 37 26 80 67 49 70 42 60 56 55 73 75 28 93 94 57 33 63 0