70
0 28 62 41 16 46 25 49 10 20 62 77 57 41 68 99 82 59 19 21 17 96 68 92 59 79 89 50 54 67 60 82 31 92 15 45 91 18 15 47 67 54 71 21 22 70 79 24 43 58 64 42 43 41 47 34 21 39 44 62 88 42 47 54 11 19 63 45 22 76
28 0 22 70 49 46 13 80 95 17 39 56 84 91 74 86 67 91 52 66 53 54 15 13 54 67 79 74 56 70 31 21 60 88 21 79 38 47 19 23 46 62 81 46 17 22 58 26 64 59 20 43 93 22 30 29 31 65 74 52 59 75 79 12 97 85 52 65 96 78
62 22 0 85 60 63 97 44 62 38 79 49 25 44 14 11 58 74 41 37 99 32 68 42 34 69 66 81 66 25 84 46 82 49 11 87 42 58 76 86 93 76 38 18 43 27 41 47 58 79 91 60 46 74 83 24 60 70 75 65 93 41 19 45 21 29 11 86 45 24
41 70 85 0 65 97 86 61 75 33 22 79 58 84 83 74 36 86 26 79 88 98 19 15 97 58 90 52 15 52 64 27 36 46 80 67 25 91 28 55 95 93 99 51 79 93 27 17 87 83 32 36 54 46 89 87 29 83 43 67 44 43 39 28 67 47 73 95 87 38
16 49 60 65 0 82 88 42 44 22 81 55 20 39 74 94 60 73 80 29 97 23 15 80 71 30 54 13 11 76 14 99 36 45 46 72 14 76 91 57 19 10 13 67 22 64 67 45 68 27 17 21 12 42 17 10 75 69 49 68 23 74 35 78 86 55 24 57 24 25
46 46 63 97 82 0 21 95 24 91 58 32 84 52 47 84 39 94 27 78 27 82 28 88 22 90 96 96 57 93 23 64 93 28 27 74 41 34 77 41 63 85 97 54 73 97 57 70 98 97 34 97 94 55 72 55 74 64 13 66 70 23 57 37 83 85 36 74 53 50
25 13 97 86 88 21 0 79 43 50 66 76 23 35 93 54 75 86 51 33 58 78 15 19 55 14 67 54 79 75 26 97 26 83 25 66 81 99 91 78 29 82 96 86 29 42 57 11 10 49 69 48 92 73 78 27 80 78 69 53 33 86 85 43 82 65 23 29 97 44
49 80 44 61 42 95 79 0 10 53 59 85 49 72 87 74 22 20 86 64 80 27 26 85 71 55 96 33 23 29 54 35 36 10 84 83 91 12 60 82 42 88 81 22 35 76 94 68 78 53 30 55 99 24 24 38 34 91 13 92 67 91 54 79 10 93 21 58 74 67
10 95 62 75 44 24 43 10 0 87 50 34 57 83 29 65 61 14 12 83 94 78 42 66 39 74 37 50 27 14 83 50 66 37 39 89 58 53 77 45 42 99 52 81 48 71 99 17 73 38 14 21 81 24 82 27 47 23 97 71 11 89 94 35 60 93 84 43 77 19
20 17 38 33 22 91 50 53 87 0 24 84 76 73 74 72 65 97 65 53 72 14 13 45 86 70 88 80 25 78 62 73 38 99 99 60 37 72 12 43 38 59 98 17 46 45 93 55 73 56 94 65 51 15 52 95 93 82 82 68 79 39 78 42 35 95 45 63 31 38
62 39 79 22 81 58 66 59 50 24 0 55 49 57 41 18 98 40 90 55 34 73 83 34 76 70 99 23 53 36 30 39 38 75 29 40 52 60 62 96 21 32 80 26 50 26 15 28 97 35 62 50 10 28 35 18 89 68 22 92 55 94 20 69 42 49 37 94 84 47
77 56 49 79 55 32 76 85 34 84 55 0 47 45 49 93 69 13 76 99 75 87 99 52 73 46 39 71 63 22 10 24 25 80 29 77 27 15 60 20 16 47 38 69 62 86 93 73 42 37 41 90 25 54 64 84 69 56 73 72 86 91 21 44 12 71 29 79 67 52
57 84 25 58 20 84 23 49 57 76 49 47 0 91 44 88 40 22 20 21 49 45 93 22 45 90 94 35 10 83 38 40 45 88 60 14 74 84 99 34 26 15 22 17 58 94 56 79 54 12 60 71 31 32 51 67 31 79 46 30 61 44 44 39 97 91 98 10 44 46
41 91 44 84 39 52 35 72 83 73 57 45 91 0 68 94 93 37 33 85 11 84 18 62 16 15 26 14 34 22 35 12 14 85 46 28 78 95 28 35 32 34 24 53 14 30 80 12 91 48 64 55 59 50 96 29 10 88 18 31 20 66 44 89 22 39 58 18 84 27
68 74 14 83 74 47 93 87 29 74 41 49 44 68 0 46 64 92 69 66 68 85 27 67 89 44 31 16 50 19 99 71 58 86 29 36 76 42 52 69 47 62 26 65 60 23 34 45 76 22 69 23 96 84 31 16 44 38 57 96 68 83 36 89 62 36 39 95 75 69
99 86 11 74 94 84 54 74 65 72 18 93 88 94 46 0 86 97 94 24 21 10 61 87 25 14 17 33 91 49 93 26 67 71 50 79 69 90 77 38 83 61 80 19 29 50 66 24 73 49 47 82 49 34 88 65 65 54 13 24 57 58 45 71 48 80 76 67 11 58
82 67 58 36 60 39 75 22 61 65 98 69 40 93 64 86 0 18 37 28 50 72 85 60 59 45 17 34 48 66 18 20 82 92 88 53 14 30 56 85 46 99 13 84 17 65 11 10 26 93 30 43 47 96 38 71 46 98 39 88 55 83 38 88 68 69 97 27 48 71
59 91 74 86 73 94 86 20 14 97 40 13 22 37 92 97 18 0 19 22 17 34 76 69 76 79 21 59 13 13 25 82 14 34 62 78 54 32 27 68 49 24 39 58 48 95 43 90 78 76 56 68 53 87 58 16 10 24 39 80 69 49 54 38 40 31 19 26 46 16
19 52 41 26 80 27 51 86 12 65 90 76 20 33 69 94 37 19 0 91 17 65 63 34 60 28 31 11 15 35 22 40 35 94 75 14 78 33 71 97 65 37 79 98 61 98 91 54 71 23 51 91 49 99 74 76 59 32 88 72 94 73 89 95 51 34 26 27 20 70
21 66 37 79 29 78 33 64 83 53 55 99 21 85 66 24 28 22 91 0 79 75 97 80 17 22 70 54 10 40 86 17 68 17 34 58 83 66 56 88 87 17 57 33 60 38 72 31 80 98 41 76 13 14 99 54 11 43 72 61 74 85 59 50 32 51 81 25 35 21
17 53 99 88 97 27 58 80 94 72 34 75 49 11 68 21 50 17 17 79 0 37 94 74 33 22 73 60 26 67 35 76 18 87 58 54 27 23 54 79 55 36 77 44 39 35 69 86 73 88 76 45 49 83 56 78 54 55 23 55 73 38 17 54 59 60 55 75 29 82
96 54 32 98 23 82 78 27 78 14 73 87 45 84 85 10 72 34 65 75 37 0 31 24 58 63 26 84 14 10 47 57 45 16 29 77 38 81 59 27 46 11 44 61 37 54 40 93 45 73 22 65 34 47 19 41 30 95 83 27 89 34 39 37 23 17 86 63 33 96
68 15 68 19 15 28 15 26 42 13 83 99 93 18 27 61 85 76 63 97 94 31 0 44 30 76 72 50 82 47 23 73 58 78 66 83 57 67 83 36 93 96 70 64 89 32 76 64 60 30 55 83 58 71 52 19 48 55 74 46 50 22 61 30 63 55 49 49 25 50
92 13 42 15 80 88 19 85 66 45 34 52 22 62 67 87 60 69 34 80 74 24 44 0 67 29 55 60 74 38 74 50 35 97 44 59 68 89 90 96 82 40 64 68 74 91 62 53 38 42 60 88 21 55 76 24 55 21 60 69 13 58 79 44 92 15 49 50 28 61
59 54 34 97 71 22 55 71 39 86 76 73 45 16 89 25 59 76 60 17 33 58 30 67 0 25 50 91 25 31 55 25 33 30 19 36 67 49 26 14 75 87 14 81 51 82 99 79 68 49 45 40 67 48 12 80 46 97 14 37 50 63 29 92 38 18 33 34 84 38
79 67 69 58 30 90 14 55 74 70 70 46 90 15 44 14 45 79 28 22 22 63 76 29 25 0 90 21 53 56 42 98 31 45 34 53 53 58 22 92 81 58 95 63 81 84 57 27 46 99 49 77 75 91 31 64 32 29 51 22 60 22 29 39 61 27 14 10 19 72
89 79 66 90 54 96 67 96 37 88 99 39 94 26 31 17 17 21 31 70 73 26 72 55 50 90 0 87 40 13 45 18 18 53 81 63 40 86 71 16 76 27 80 57 80 49 41 50 50 29 12 81 99 85 96 14 99 20 85 55 96 46 63 68 34 44 36 83 40 37
50 74 81 52 13 96 54 33 50 80 23 71 35 14 16 33 34 59 11 54 60 84 50 60 91 21 87 0 16 76 92 38 66 23 14 62 52 52 99 63 28 36 61 42 76 26 54 80 11 99 36 47 66 92 64 18 40 17 69 58 88 33 98 69 71 96 23 45 67 79
54 56 66 15 11 57 79 23 27 25 53 63 10 34 50 91 48 13 15 10 26 14 82 74 25 53 40 16 0 53 86 88 70 67 64 31 72 28 46 77 70 79 95 13 41 91 17 28 13 78 69 45 28 11 84 97 23 62 37 54 62 61 28 49 40 85 64 19 45 93
67 70 25 52 76 93 75 29 14 78 36 22 83 22 19 49 66 13 35 40 67 10 47 38 31 56 13 76 53 0 93 70 72 80 21 60 95 19 32 67 86 52 55 84 31 76 11 40 38 14 40 47 40 69 16 91 44 50 41 59 47 29 29 28 45 62 50 78 70 98
60 31 84 64 14 23 26 54 83 62 30 10 38 35 99 93 18 25 22 86 35 47 23 74 55 42 45 92 86 93 0 48 86 56 45 65 40 32 56 55 56 24 83 11 84 91 31 48 47 98 18 84 11 26 59 98 19 18 39 57 87 62 44 14 30 45 72 33 75 27
82 21 46 27 99 64 97 35 50 73 39 24 40 12 71 26 20 82 40 17 76 57 73 50 25 98 18 38 88 70 48 0 20 15 96 37 60 16 21 86 45 92 14 64 37 13 96 63 25 34 34 75 30 68 58 41 89 81 23 53 68 48 27 71 41 82 44 59 46 67
31 60 82 36 36 93 26 36 66 38 38 25 45 14 58 67 82 14 35 68 18 45 58 35 33 31 18 66 70 72 86 20 0 83 74 79 19 91 55 78 26 90 30 43 79 37 17 33 61 84 69 43 34 82 47 66 61 76 32 18 49 95 29 89 71 63 61 89 29 46
92 88 49 46 45 28 83 10 37 99 75 80 88 85 86 71 92 34 94 17 87 16 78 97 30 45 53 23 67 80 56 15 83 0 64 78 75 59 10 54 14 17 43 53 63 66 16 32 89 24 62 87 33 81 97 83 51 62 91 43 78 39 38 84 30 52 45 18 61 34
15 21 11 80 46 27 25 84 39 99 29 29 60 46 29 50 88 62 75 34 58 29 66 44 19 34 81 14 64 21 45 96 74 64 0 88 52 64 58 74 35 73 35 38 62 17 44 90 50 46 19 33 62 56 78 87 44 18 20 59 44 68 85 27 72 73 89 80 55 31
45 79 87 67 72 74 66 83 89 60 40 77 14 28 36 79 53 78 14 58 54 77 83 59 36 53 63 62 31 60 65 37 79 78 88 0 98 39 89 98 36 48 59 71 93 59 10 70 74 82 47 82 69 54 35 97 46 61 58 73 48 56 21 88 63 12 61 28 35 53
91 38 42 25 14 41 81 91 58 37 52 27 74 78 76 69 14 54 78 83 27 38 57 68 67 53 40 52 72 95 40 60 19 75 52 98 0 76 22 14 17 75 67 81 24 53 69 14 62 60 20 66 34 59 38 20 18 99 59 12 90 90 51 94 43 19 73 56 45 19
18 47 58 91 76 34 99 12 53 72 60 15 84 95 42 90 30 32 33 66 23 81 67 89 49 58 86 52 28 19 32 16 91 59 64 39 76 0 92 73 63 71 13 58 61 45 83 41 48 56 59 83 20 16 34 17 89 55 16 28 76 83 25 31 49 12 33 93 97 26
15 19 76 28 91 77 91 60 77 12 62 60 99 28 52 77 56 27 71 56 54 59 83 90 26 22 71 99 46 32 56 21 55 10 58 89 22 92 0 87 96 60 54 26 65 42 81 63 82 62 91 74 68 11 52 64 13 94 31 68 33 59 53 49 23 28 37 95 42 24
47 23 86 55 57 41 78 82 45 43 96 20 34 35 69 38 85 68 97 88 79 27 36 96 14 92 16 63 77 67 55 86 78 54 74 98 14 73 87 0 10 21 49 48 58 40 95 33 27 84 21 21 72 63 92 72 94 97 94 66 67 92 13 43 86 25 59 39 44 95
67 46 93 95 19 63 29 42 42 38 21 16 26 32 47 83 46 49 65 87 55 46 93 82 75 81 76 28 70 86 56 45 26 14 35 36 17 63 96 10 0 45 51 24 71 99 63 59 44 35 16 93 23 39 45 85 57 43 41 76 45 34 13 80 21 46 60 32 57 11
54 62 76 93 10 85 82 88 99 59 32 47 15 34 62 61 99 24 37 17 36 11 96 40 87 58 27 36 79 52 24 92 90 17 73 48 75 71 60 21 45 0 68 46 85 34 55 78 97 50 50 98 78 65 58 25 26 10 42 87 57 42 42 28 50 85 13 61 26 19
71 81 38 99 13 97 96 81 52 98 80 38 22 24 26 80 13 39 79 57 77 44 70 64 14 95 80 61 95 55 83 14 30 43 35 59 67 13 54 49 51 68 0 67 37 90 83 37 34 48 23 56 58 10 61 68 52 39 45 88 27 65 50 38 50 36 41 18 57 13
21 46 18 51 67 54 86 22 81 17 26 69 17 53 65 19 84 58 98 33 44 61 64 68 81 63 57 42 13 84 11 64 43 53 38 71 81 58 26 48 24 46 67 0 10 45 63 58 19 83 37 82 78 37 66 51 57 46 10 52 12 26 36 66 10 69 46 55 18 71
22 17 43 79 22 73 29 35 48 46 50 62 58 14 60 29 17 48 61 60 39 37 89 74 51 81 80 76 41 31 84 37 79 63 62 93 24 61 65 58 71 85 37 10 0 62 63 16 63 48 80 75 49 30 70 13 38 39 51 11 57 85 19 38 74 71 13 30 21 72
70 22 27 93 64 97 42 76 71 45 26 86 94 30 23 50 65 95 98 38 35 54 32 91 82 84 49 26 91 76 91 13 37 66 17 59 53 45 42 40 99 34 90 45 62 0 15 44 43 89 26 25 41 27 75 56 37 67 52 76 35 24 83 50 53 91 63 82 92 53
79 58 41 27 67 57 57 94 99 93 15 93 56 80 34 66 11 43 91 72 69 40 76 62 99 57 41 54 17 11 31 96 17 16 44 10 69 83 81 95 63 55 83 63 63 15 0 18 35 61 45 82 92 56 72 93 86 30 58 54 75 96 29 33 44 70 31 64 39 92
24 26 47 17 45 70 11 68 17 55 28 73 79 12 45 24 10 90 54 31 86 93 64 53 79 27 50 80 28 40 48 63 33 32 90 70 14 41 63 33 59 78 37 58 16 44 18 0 39 70 60 20 73 66 43 50 47 80 44 58 87 65 66 70 89 85 60 12 18 73
43 64 58 87 68 98 10 78 73 73 97 42 54 91 76 73 26 78 71 80 73 45 60 38 68 46 50 11 13 38 47 25 61 89 50 74 62 48 82 27 44 97 34 19 63 43 35 39 0 17 26 42 52 48 55 70 42 20 45 60 71 15 67 56 56 18 51 92 85 35
58 59 79 83 27 97 49 53 38 56 35 37 12 48 22 49 93 76 23 98 88 73 30 42 49 99 29 99 78 14 98 34 84 24 46 82 60 56 62 84 35 50 48 83 48 89 61 70 17 0 46 67 76 24 18 77 96 74 81 81 83 82 46 56 92 46 78 95 67 75
64 20 91 32 17 34 69 30 14 94 62 41 60 64 69 47 30 56 51 41 76 22 55 60 45 49 12 36 69 40 18 34 69 62 19 47 20 59 91 21 16 50 23 37 80 26 45 60 26 46 0 23 13 83 98 15 56 27 30 39 38 42 85 40 43 72 47 16 24 21
42 43 60 36 21 97 48 55 21 65 50 90 71 55 23 82 43 68 91 76 45 65 83 88 40 77 81 47 45 47 84 75 43 87 33 82 66 83 74 21 93 98 56 82 75 25 82 20 42 67 23 0 97 86 75 98 46 19 23 54 83 82 50 20 80 39 59 23 14 17
43 93 46 54 12 94 92 99 81 51 10 25 31 59 96 49 47 53 49 13 49 34 58 21 67 75 99 66 28 40 11 30 34 33 62 69 34 20 68 72 23 78 58 78 49 41 92 73 52 76 13 97 0 36 94 13 45 12 28 11 28 35 32 95 53 14 28 48 66 47
41 22 74 46 42 55 73 24 24 15 28 54 32 50 84 34 96 87 99 14 83 47 71 55 48 91 85 92 11 69 26 68 82 81 56 54 59 16 11 63 39 65 10 37 30 27 56 66 48 24 83 86 36 0 87 46 77 64 68 45 43 61 86 68 62 25 66 71 93 10
47 30 83 89 17 72 78 24 82 52 35 64 51 96 31 88 38 58 74 99 56 19 52 76 12 31 96 64 84 16 59 58 47 97 78 35 38 34 52 92 45 58 61 66 70 75 72 43 55 18 98 75 94 87 0 43 51 99 56 74 82 90 28 71 58 19 73 89 89 30
34 29 24 87 10 55 27 38 27 95 18 84 67 29 16 65 71 16 76 54 78 41 19 24 80 64 14 18 97 91 98 41 66 83 87 97 20 17 64 72 85 25 68 51 13 56 93 50 70 77 15 98 13 46 43 0 82 18 42 43 61 18 52 37 90 76 83 36 29 67
21 31 60 29 75 74 80 34 47 93 89 69 31 10 44 65 46 10 59 11 54 30 48 55 46 32 99 40 23 44 19 89 61 51 44 46 18 89 13 94 57 26 52 57 38 37 86 47 42 96 56 46 45 77 51 82 0 12 33 34 86 78 94 41 64 46 52 97 72 12
39 65 70 83 69 64 78 91 23 82 68 56 79 88 38 54 98 24 32 43 55 95 55 21 97 29 20 17 62 50 18 81 76 62 18 61 99 55 94 97 43 10 39 46 39 67 30 80 20 74 27 19 12 64 99 18 12 0 94 34 93 49 62 39 70 37 32 74 78 35
44 74 75 43 49 13 69 13 97 82 22 73 46 18 57 13 39 39 88 72 23 83 74 60 14 51 85 69 37 41 39 23 32 91 20 58 59 16 31 94 41 42 45 10 51 52 58 44 45 81 30 23 28 68 56 42 33 94 0 38 45 76 76 40 58 82 51 90 64 80
62 52 65 67 68 66 53 92 71 68 92 72 30 31 96 24 88 80 72 61 55 27 46 69 37 22 55 58 54 59 57 53 18 43 59 73 12 28 68 66 76 87 88 52 11 76 54 58 60 81 39 54 11 45 74 43 34 34 38 0 47 67 32 96 36 22 96 14 77 96
88 59 93 44 23 70 33 67 11 79 55 86 61 20 68 57 55 69 94 74 73 89 50 13 50 60 96 88 62 47 87 68 49 78 44 48 90 76 33 67 45 57 27 12 57 35 75 87 71 83 38 83 28 43 82 61 86 93 45 47 0 91 52 10 24 89 13 24 32 48
42 75 41 43 74 23 86 91 89 39 94 91 44 66 83 58 83 49 73 85 38 34 22 58 63 22 46 33 61 29 62 48 95 39 68 56 90 83 59 92 34 42 65 26 85 24 96 65 15 82 42 82 35 61 90 18 78 49 76 67 91 0 52 86 23 49 13 96 26 58
47 79 19 39 35 57 85 54 94 78 20 21 44 44 36 45 38 54 89 59 17 39 61 79 29 29 63 98 28 29 44 27 29 38 85 21 51 25 53 13 13 42 50 36 19 83 29 66 67 46 85 50 32 86 28 52 94 62 76 32 52 52 0 36 53 47 39 72 69 34
54 12 45 28 78 37 43 79 35 42 69 44 39 89 89 71 88 38 95 50 54 37 30 44 92 39 68 69 49 28 14 71 89 84 27 88 94 31 49 43 80 28 38 66 38 50 33 70 56 56 40 20 95 68 71 37 41 39 40 96 10 86 36 0 54 19 28 80 70 51
11 97 21 67 86 83 82 10 60 35 42 12 97 22 62 48 68 40 51 32 59 23 63 92 38 61 34 71 40 45 30 41 71 30 72 63 43 49 23 86 21 50 50 10 74 53 44 89 56 92 43 80 53 62 58 90 64 70 58 36 24 23 53 54 0 92 26 66 82 62
19 85 29 47 55 85 65 93 93 95 49 71 91 39 36 80 69 31 34 51 60 17 55 15 18 27 44 96 85 62 45 82 63 52 73 12 19 12 28 25 46 85 36 69 71 91 70 85 18 46 72 39 14 25 19 76 46 37 82 22 89 49 47 19 92 0 57 53 38 95
63 52 11 73 24 36 23 21 84 45 37 29 98 58 39 76 97 19 26 81 55 86 49 49 33 14 36 23 64 50 72 44 61 45 89 61 73 33 37 59 60 13 41 46 13 63 31 60 51 78 47 59 28 66 73 83 52 32 51 96 13 13 39 28 26 57 0 73 29 31
45 65 86 95 57 74 29 58 43 63 94 79 10 18 95 67 27 26 27 25 75 63 49 50 34 10 83 45 19 78 33 59 89 18 80 28 56 93 95 39 32 61 18 55 30 82 64 12 92 95 16 23 48 71 89 36 97 74 90 14 24 96 72 80 66 53 73 0 74 75
22 96 45 87 24 53 97 74 77 31 84 67 44 84 75 11 48 46 20 35 29 33 25 28 84 19 40 67 45 70 75 46 29 61 55 35 45 97 42 44 57 26 57 18 21 92 39 18 85 67 24 14 66 93 89 29 72 78 64 77 32 26 69 70 82 38 29 74 0 95
76 78 24 38 25 50 44 67 19 38 47 52 46 27 69 58 71 16 70 21 82 96 50 61 38 72 37 79 93 98 27 67 46 34 31 53 19 26 24 95 11 19 13 71 72 53 92 73 35 75 21 17 47 10 30 67 12 35 80 96 48 58 34 51 62 95 31 75 95 0