145
0 12 84 32 77 56 41 21 25 47 82 54 49 75 57 51 28 55 21 50 62 67 55 81 69 70 85 28 36 14 82 90 37 88 68 27 22 76 45 49 57 42 99 15 97 98 16 12 71 37 61 36 10 30 21 83 84 64 33 62 20 30 94 62 14 99 31 54 29 11 48 98 91 86 17 62 85 62 62 27 69 49 29 76 82 90 78 25 76 15 39 81 50 26 88 21 99 90 22 81 13 78 72 94 24 97 83 12 52 21 28 23 62 57 16 99 80 68 69 55 45 92 67 31 14 87 59 92 46 84 63 25 52 68 42 13 55 73 11 98 31 71 64 64 88
12 0 17 94 50 48 58 74 48 70 93 37 83 88 13 26 62 73 28 56 28 23 18 50 23 31 85 28 52 35 64 42 24 42 40 34 85 34 60 33 97 42 40 26 32 47 11 36 10 49 90 25 11 52 74 34 90 31 50 82 67 58 31 55 31 72 99 37 90 80 62 92 47 52 97 38 98 56 57 73 39 91 73 40 39 31 71 56 76 84 34 28 44 61 93 13 10 10 56 59 66 36 90 86 91 57 24 23 98 23 67 91 61 58 46 66 94 81 19 25 34 70 82 85 20 24 81 76 74 88 78 87 30 94 32 14 90 55 16 24 35 72 50 53 24
84 17 0 16 91 98 84 42 96 37 27 23 43 75 85 15 89 49 93 52 30 50 55 52 23 24 22 13 91 63 73 90 44 23 10 71 98 52 66 74 13 53 10 44 46 70 86 89 86 25 76 48 68 54 80 14 92 29 87 56 87 23 60 70 94 40 41 94 58 77 43 16 84 24 24 39 84 76 21 71 12 59 52 30 45 69 33 22 46 28 38 95 67 86 96 46 74 79 24 22 20 75 31 81 96 75 26 25 83 39 21 35 32 93 67 43 16 34 91 81 59 20 23 52 46 82 21 88 45 86 15 25 64 35 56 74 31 30 63 93 29 90 57 50 33
32 94 16 0 38 39 35 80 17 47 59 26 14 95 52 72 96 23 60 33 89 86 45 36 39 67 25 15 69 65 32 11 34 11 25 51 64 61 30 44 61 62 96 38 11 56 78 96 32 67 61 92 82 34 88 41 15 21 72 50 79 98 90 71 57 13 75 99 82 91 52 91 43 85 39 76 29 83 70 95 73 21 37 42 89 65 59 99 36 18 74 89 19 13 51 40 98 16 66 57 97 15 72 26 33 78 50 38 20 99 12 34 10 23 78 29 61 84 35 60 18 18 41 38 34 28 15 47 58 23 35 18 27 51 52 30 98 45 92 87 38 65 32 92 30
77 50 91 38 0 71 83 46 96 88 87 18 35 73 24 50 29 70 39 67 64 72 87 84 54 46 48 86 23 54 79 44 29 98 95 98 83 14 49 52 72 33 24 84 61 72 61 69 83 18 25 86 73 71 32 42 18 40 77 96 79 34 79 97 89 61 91 65 58 69 82 49 38 96 46 25 11 56 12 39 10 49 36 36 79 92 76 56 87 65 19 89 99 64 79 51 60 31 63 26 19 99 90 27 65 89 25 70 57 31 93 20 76 31 12 68 52 36 13 73 25 31 17 68 56 11 92 99 37 81 33 32 65 47 65 27 99 16 67 25 86 64 39 93 42
56 48 98 39 71 0 60 69 33 99 23 28 78 77 73 68 71 16 37 48 68 82 97 46 95 47 28 71 33 78 78 56 40 57 90 17 27 80 21 50 34 99 30 78 24 61 38 78 88 98 57 69 22 72 98 15 44 48 58 57 32 21 43 14 86 32 54 14 80 51 34 99 53 43 69 58 89 56 68 84 94 14 27 32 64 41 42 35 53 55 67 68 20 25 40 80 91 36 26 98 96 81 27 18 84 40 69 44 21 59 59 12 42 83 18 59 50 91 45 62 61 40 41 44 60 94 70 55 21 74 33 56 76 59 69 95 95 16 63 64 41 56 46 97 86
41 58 84 35 83 60 0 29 32 67 37 64 86 80 10 62 54 40 42 15 68 64 70 51 29 14 92 64 60 45 22 92 83 83 86 48 40 23 55 65 65 89 95 59 60 10 94 19 21 59 34 33 93 49 86 63 30 54 12 87 58 54 47 71 18 77 14 37 17 64 17 36 68 36 59 19 54 15 50 45 76 90 46 88 29 59 22 79 34 87 70 98 53 18 13 19 73 37 22 24 68 60 30 93 91 57 11 93 30 42 48 65 88 26 27 73 25 59 20 75 30 92 92 71 49 69 95 27 58 10 27 28 86 74 62 78 48 54 42 44 50 29 21 78 42
21 74 42 80 46 69 29 0 39 95 87 67 40 28 83 50 93 32 25 60 55 25 96 30 30 53 84 12 49 17 19 75 85 96 69 86 60 24 46 73 87 46 82 45 17 22 17 99 18 60 50 21 39 16 40 92 34 17 57 25 62 52 55 76 89 97 44 45 48 25 19 74 19 68 30 84 22 62 16 54 97 90 89 70 44 67 93 44 47 95 23 10 50 88 60 94 27 49 90 99 40 15 42 31 20 23 92 49 29 62 39 53 47 16 31 73 20 89 86 73 37 76 24 43 34 11 99 52 88 24 16 63 50 96 44 49 15 80 59 71 70 62 79 62 23
25 48 96 17 96 33 32 39 0 11 34 57 59 96 30 72 79 55 44 24 13 12 65 75 10 42 53 82 14 69 91 15 62 58 32 51 77 48 21 65 70 12 64 66 65 86 81 11 91 22 37 18 40 75 64 92 38 80 63 44 62 51 59 93 79 74 67 31 54 64 71 36 89 28 16 65 29 55 47 82 90 39 39 42 13 23 48 51 43 42 24 66 50 75 21 59 41 32 89 96 18 67 31 60 16 44 33 61 26 85 73 81 23 73 31 18 79 49 32 58 21 50 51 11 93 17 89 90 40 87 19 26 83 72 93 89 31 39 65 36 71 11 10 70 53
47 70 37 47 88 99 67 95 11 0 86 32 63 45 96 13 52 20 45 50 22 98 13 64 54 53 92 39 55 71 88 56 25 42 27 52 62 25 92 41 18 36 70 15 83 14 19 28 36 20 13 70 41 37 36 45 82 64 42 40 29 83 82 43 49 27 43 24 69 82 39 57 49 26 64 63 94 37 73 32 44 32 99 37 39 44 85 10 55 50 46 84 15 18 57 63 26 39 71 80 14 25 13 54 76 32 51 16 53 68 47 83 67 72 97 99 66 80 56 23 92 69 86 74 98 16 23 78 57 98 83 18 90 14 35 10 81 21 33 82 77 77 48 57 37
82 93 27 59 87 23 37 87 34 86 0 97 31 84 11 99 57 39 95 47 73 84 31 11 56 61 86 58 66 22 40 57 92 20 24 32 73 93 79 11 55 39 38 59 64 52 30 26 66 70 56 13 42 21 12 35 12 19 60 16 73 15 33 54 66 92 59 68 32 62 97 10 20 99 64 93 41 72 44 35 83 61 87 29 49 13 65 33 60 14 48 42 65 27 63 67 49 55 97 87 99 52 57 72 68 19 17 33 36 76 65 38 82 45 79 62 99 32 40 76 89 52 12 19 99 81 11 31 68 69 53 22 12 61 21 60 63 75 59 26 66 89 34 49 38
54 37 23 26 18 28 64 67 57 32 97 0 68 45 51 99 63 13 91 83 26 23 33 93 87 70 28 95 75 59 22 31 30 63 49 27 52 55 95 26 79 53 43 88 42 85 29 94 17 24 91 65 57 30 85 88 47 53 83 12 78 50 94 34 90 71 96 62 90 11 15 68 67 74 91 65 58 35 86 73 11 38 25 20 59 49 30 71 24 65 53 99 75 51 95 67 28 61 88 80 99 28 76 15 43 61 53 61 47 94 44 59 59 28 12 80 26 13 27 89 77 70 55 80 19 69 53 48 26 58 21 75 20 11 17 18 95 17 88 54 58 58 23 86 82
49 83 43 14 35 78 86 40 59 63 31 68 0 78 91 45 85 40 47 90 14 78 84 21 81 75 35 62 55 65 73 98 48 34 61 72 59 64 86 53 11 46 21 22 49 99 23 12 41 62 66 98 58 91 60 44 27 36 64 18 68 22 74 90 19 79 12 85 29 20 30 21 24 52 60 71 83 88 47 54 33 51 77 64 22 77 90 86 21 72 12 59 32 88 19 88 30 50 14 85 71 29 37 32 38 67 56 96 41 75 93 87 90 37 93 52 44 34 36 93 50 88 83 26 25 19 41 62 45 61 57 82 49 18 59 49 83 49 35 50 76 42 12 44 91
75 88 75 95 73 77 80 28 96 45 84 45 78 0 48 46 12 10 93 25 25 89 48 41 99 21 10 82 35 32 13 70 72 80 53 26 57 49 80 21 17 59 38 40 61 61 49 49 13 53 96 27 63 56 24 20 14 27 90 75 87 12 89 29 87 17 95 90 34 38 45 82 30 81 14 79 12 70 30 72 33 38 95 84 19 21 77 26 40 27 27 95 16 74 17 10 78 84 79 96 86 32 45 67 36 23 55 32 67 33 27 92 96 99 95 24 83 83 22 47 63 78 98 20 59 32 99 49 53 69 99 65 22 66 29 20 27 23 88 85 19 97 40 48 73
57 13 85 52 24 73 10 83 30 96 11 51 91 48 0 11 40 30 32 80 69 49 90 53 85 90 74 45 56 95 30 62 11 96 83 40 97 71 92 35 22 33 87 63 69 43 96 60 84 27 57 69 61 47 18 40 15 57 67 44 37 62 78 79 45 20 49 51 87 81 23 43 88 65 98 10 97 71 83 55 58 24 26 89 51 29 61 37 61 26 53 12 36 85 68 25 24 18 26 85 60 51 51 68 58 77 10 67 37 51 77 69 93 36 55 58 32 34 60 91 82 93 80 19 87 33 79 16 33 96 55 41 33 64 77 56 42 61 78 30 45 13 67 53 39
51 26 15 72 50 68 62 50 72 13 99 99 45 46 11 0 14 83 20 74 33 35 61 77 57 52 93 52 88 76 29 39 69 38 27 14 23 34 93 28 78 53 84 88 75 84 35 99 63 37 96 47 73 91 27 65 54 31 84 89 21 84 65 70 15 60 37 80 92 80 35 15 26 49 53 94 75 65 86 28 86 91 52 68 42 89 30 10 65 42 83 87 95 81 80 17 46 75 28 51 81 10 11 64 95 61 59 20 51 50 68 19 90 82 31 24 13 86 44 49 93 44 13 64 42 53 22 69 83 31 65 13 41 47 65 38 43 48 31 63 69 63 20 40 53
28 62 89 96 29 71 54 93 79 52 57 63 85 12 40 14 0 40 96 44 65 91 29 65 76 92 82 54 56 79 48 20 91 68 24 83 60 85 70 44 75 77 29 71 49 98 13 98 23 20 50 75 27 15 41 18 41 74 47 49 40 91 12 68 34 21 92 48 49 24 31 53 11 51 23 24 49 13 99 82 52 21 41 33 51 11 29 58 13 79 38 16 73 50 35 67 81 72 25 49 79 89 38 69 78 36 11 56 89 49 89 97 67 44 65 80 14 29 51 55 47 32 59 38 53 67 12 54 63 43 28 39 28 83 31 73 18 33 81 11 81 33 24 99 68
55 73 49 23 70 16 40 32 55 20 39 13 40 10 30 83 40 0 70 35 80 32 53 19 46 87 99 55 74 54 64 22 70 42 18 14 44 37 91 97 63 25 42 29 91 46 65 15 53 94 60 44 67 30 58 55 60 23 18 27 47 66 10 83 29 79 39 67 33 68 36 97 42 56 13 69 46 86 24 93 29 69 47 27 28 60 96 84 73 66 98 41 67 22 79 34 25 74 29 61 21 11 84 57 92 84 86 15 84 32 84 36 42 24 18 87 16 30 38 27 79 46 98 53 89 42 46 95 23 73 21 37 26 94 22 60 46 39 55 20 53 53 22 19 34
21 28 93 60 39 37 42 25 44 45 95 91 47 93 32 20 96 70 0 97 70 55 76 96 94 34 40 44 21 11 35 57 97 15 93 21 27 12 55 12 40 91 86 93 79 95 66 38 36 74 11 84 14 86 49 27 69 10 62 53 29 84 95 11 57 69 72 78 42 82 91 65 30 29 98 36 63 35 40 74 98 73 20 42 73 41 21 85 17 15 51 76 20 74 44 19 15 10 66 40 99 28 51 44 29 83 28 25 20 83 82 62 87 97 18 53 10 37 67 27 32 39 34 24 75 76 87 20 42 21 28 96 40 52 93 77 89 35 73 12 31 95 85 53 72
50 56 52 33 67 48 15 60 24 50 47 83 90 25 80 74 44 35 97 0 84 71 77 86 45 18 54 41 33 44 53 35 51 70 61 46 50 39 82 48 70 35 59 49 96 43 14 81 58 87 86 56 37 69 37 33 43 49 70 72 53 83 64 47 93 33 38 66 40 87 71 68 64 62 79 33 63 61 95 76 46 57 98 19 96 82 92 62 46 89 15 19 47 56 31 68 95 62 58 97 35 25 48 15 96 22 41 53 76 82 77 83 23 91 24 40 42 72 56 97 78 71 56 76 56 91 33 11 62 85 70 77 77 54 83 23 67 96 41 19 12 19 24 17 58
62 28 30 89 64 68 68 55 13 22 73 26 14 25 69 33 65 80 70 84 0 53 36 50 73 69 63 26 32 83 48 75 57 37 35 78 81 20 67 57 14 38 71 29 63 80 47 79 98 96 49 41 91 42 77 65 57 93 26 59 34 30 65 36 71 28 62 31 33 27 94 56 78 80 34 39 70 77 52 48 14 45 51 86 19 24 50 12 59 47 28 49 79 63 27 63 74 63 77 20 65 68 33 67 70 18 73 58 49 84 45 88 10 64 17 31 43 60 59 13 84 55 73 88 68 73 38 66 68 68 23 75 84 78 15 38 73 58 58 24 88 80 95 63 87
67 23 50 86 72 82 64 25 12 98 84 23 78 89 49 35 91 32 55 71 53 0 97 29 39 68 70 31 42 59 64 97 77 69 68 95 45 59 63 66 77 12 72 65 67 48 35 99 26 50 13 88 57 45 23 25 72 50 61 78 46 67 59 44 30 48 53 27 31 56 93 36 57 41 38 37 89 50 63 61 51 75 26 23 94 71 17 74 43 10 49 15 77 43 73 70 78 45 66 88 61 23 91 21 73 65 94 57 75 49 17 43 50 40 28 22 39 57 75 79 18 53 88 77 56 87 82 61 24 90 43 98 47 67 76 96 36 85 45 25 38 89 96 29 93
55 18 55 45 87 97 70 96 65 13 31 33 84 48 90 61 29 53 76 77 36 97 0 24 10 13 28 58 94 53 76 31 37 24 80 52 45 14 72 70 67 78 10 24 35 14 91 33 78 75 48 59 56 85 87 57 52 16 48 95 23 66 99 99 29 55 90 58 65 80 25 23 65 51 70 82 39 84 91 13 29 92 59 17 13 70 79 45 90 55 69 31 85 73 88 43 30 24 12 17 99 97 38 47 14 63 62 89 36 55 66 71 12 69 94 11 76 42 99 79 48 50 88 68 24 41 15 20 54 70 24 37 41 52 60 16 71 83 14 58 38 27 59 27 76
81 50 52 36 84 46 51 30 75 64 11 93 21 41 53 77 65 19 96 86 50 29 24 0 10 72 80 76 47 50 19 63 36 46 49 10 85 18 47 60 91 13 91 88 91 43 59 78 34 76 67 78 31 20 67 82 98 51 99 59 75 22 52 91 86 59 61 55 35 48 85 21 74 30 42 66 49 54 94 85 26 41 54 12 30 51 17 20 88 59 24 34 57 36 29 43 16 81 78 62 19 88 73 73 28 18 60 28 24 71 22 95 36 69 99 96 52 68 33 99 25 64 37 34 57 12 90 79 11 20 53 29 94 38 77 66 32 83 49 84 29 66 46 31 52
69 23 23 39 54 95 29 30 10 54 56 87 81 99 85 57 76 46 94 45 73 39 10 10 0 44 83 73 11 20 72 11 22 49 76 64 29 59 80 46 34 71 90 73 11 36 77 29 13 68 84 45 37 26 94 23 49 36 45 51 11 11 68 94 85 46 30 56 91 80 51 29 77 93 48 97 52 26 99 83 92 31 33 28 41 57 58 79 11 94 12 93 17 39 73 98 52 54 40 12 57 24 48 43 75 24 64 68 69 73 62 95 56 90 72 60 32 34 91 64 76 43 98 10 47 69 26 96 56 90 84 31 80 70 89 83 49 17 60 87 86 87 84 86 84
70 31 24 67 46 47 14 53 42 53 61 70 75 21 90 52 92 87 34 18 69 68 13 72 44 0 89 24 26 86 73 70 52 90 49 51 75 48 94 13 73 43 44 54 28 69 69 16 90 77 41 48 56 40 75 54 19 59 75 43 88 65 43 93 44 27 73 79 34 24 79 48 75 93 47 89 73 87 87 79 66 68 25 95 32 11 83 18 47 49 28 32 72 15 58 43 13 27 39 72 82 87 17 12 54 57 79 14 55 12 72 75 20 96 91 63 18 70 46 24 49 89 24 85 47 39 56 98 66 70 95 47 39 65 59 50 44 49 20 58 51 12 35 54 62
85 85 22 25 48 28 92 84 53 92 86 28 35 10 74 93 82 99 40 54 63 70 28 80 83 89 0 86 29 56 48 71 67 93 62 40 41 89 18 78 46 96 98 28 53 58 74 57 47 95 69 76 64 96 72 43 89 33 67 42 55 74 16 78 10 70 13 75 49 50 67 30 97 88 38 18 43 11 56 87 96 25 12 65 89 54 56 92 96 85 74 38 65 99 84 14 29 19 90 57 88 44 65 75 98 50 79 28 36 61 93 40 60 82 90 84 79 52 66 95 40 93 54 75 56 20 82 86 76 78 96 34 21 88 48 98 46 79 20 34 68 79 41 61 20
28 28 13 15 86 71 64 12 82 39 58 95 62 82 45 52 54 55 44 41 26 31 58 76 73 24 86 0 80 17 40 88 63 95 64 13 71 84 55 46 20 54 89 31 16 12 54 38 43 22 87 76 66 96 18 18 26 27 84 79 90 93 55 80 37 72 19 68 17 15 22 39 42 62 92 17 58 73 80 89 73 70 11 69 67 96 16 68 64 43 69 61 28 21 57 17 54 69 84 71 70 97 44 31 64 87 13 71 18 37 62 99 53 24 82 84 34 85 80 68 26 38 94 74 39 99 54 26 63 54 98 33 27 61 96 23 57 80 68 91 44 47 36 51 68
36 52 91 69 23 33 60 49 14 55 66 75 55 35 56 88 56 74 21 33 32 42 94 47 11 26 29 80 0 69 15 50 34 35 18 75 80 72 42 22 44 67 71 25 48 24 21 68 83 19 34 66 54 48 25 91 16 10 18 79 90 75 57 62 22 16 91 48 59 95 65 44 25 17 19 39 60 60 64 67 71 13 84 76 58 75 95 94 73 12 52 18 92 99 92 65 12 11 15 48 32 25 60 48 13 15 47 56 78 61 22 85 92 31 30 25 73 92 35 16 31 59 98 17 16 31 66 85 51 35 44 15 22 82 30 61 29 49 68 57 45 23 55 69 38
14 35 63 65 54 78 45 17 69 71 22 59 65 32 95 76 79 54 11 44 83 59 53 50 20 86 56 17 69 0 90 36 23 63 38 70 92 72 44 75 93 16 69 59 33 29 48 78 35 62 79 53 85 15 73 55 66 54 96 10 79 42 30 29 51 27 47 91 19 96 56 54 91 34 13 27 34 37 78 80 17 88 18 85 40 84 28 39 57 52 40 16 40 50 83 22 28 96 58 28 66 63 17 87 88 59 15 92 91 66 53 74 16 13 33 37 52 17 57 60 29 37 94 86 77 58 33 28 37 17 56 76 43 28 55 83 71 88 35 18 75 29 10 80 16
82 64 73 32 79 78 22 19 91 88 40 22 73 13 30 29 48 64 35 53 48 64 76 19 72 73 48 40 15 90 0 59 33 60 55 78 51 48 42 84 94 23 66 12 71 31 55 66 54 34 81 79 69 90 46 74 89 32 70 79 43 41 71 37 45 48 49 81 94 83 12 99 40 93 31 14 66 79 46 27 52 11 33 43 57 65 87 30 42 73 45 52 13 57 49 33 96 57 38 83 86 94 89 51 57 46 30 27 35 46 80 36 25 75 10 14 63 20 78 74 97 96 15 71 81 96 50 17 89 12 98 77 84 93 76 19 57 99 31 40 39 53 66 62 59
90 42 90 11 44 56 92 75 15 56 57 31 98 70 62 39 20 22 57 35 75 97 31 63 11 70 71 88 50 36 59 0 29 59 71 78 13 21 95 45 28 26 22 45 39 74 79 75 94 94 92 55 57 74 74 89 79 21 48 38 12 28 31 90 80 63 91 97 11 86 34 96 86 65 23 45 90 99 90 87 59 89 57 78 73 52 31 33 61 22 89 23 21 85 30 59 77 96 19 31 15 40 19 52 45 78 71 89 85 64 93 73 44 69 95 31 69 60 66 11 89 20 24 19 29 43 54 15 59 50 13 95 34 99 66 40 99 16 85 59 91 88 35 84 55
37 24 44 34 29 40 83 85 62 25 92 30 48 72 11 69 91 70 97 51 57 77 37 36 22 52 67 63 34 23 33 29 0 11 66 86 85 28 52 75 15 53 24 45 26 70 10 37 33 21 80 59 63 11 86 26 59 56 98 86 48 95 51 95 57 81 69 41 11 33 87 18 68 12 20 91 58 40 72 52 93 68 80 11 63 16 81 75 29 42 36 86 98 24 76 26 37 65 79 99 26 95 22 11 41 30 71 92 33 25 80 41 16 98 49 90 71 74 39 28 76 40 46 89 50 46 79 22 70 19 76 68 97 39 10 99 18 49 70 84 69 84 13 94 53
88 42 23 11 98 57 83 96 58 42 20 63 34 80 96 38 68 42 15 70 37 69 24 46 49 90 93 95 35 63 60 59 11 0 82 20 94 56 56 20 36 61 40 69 98 14 76 63 88 44 24 15 69 51 98 16 30 94 27 52 90 92 75 54 48 92 87 91 16 68 61 19 19 79 35 39 66 27 26 61 82 70 45 72 12 78 48 60 89 39 83 29 92 65 15 31 55 83 36 87 76 64 57 79 82 41 74 11 86 96 56 74 16 17 80 65 39 47 49 93 67 53 71 41 81 58 45 47 25 20 87 56 21 16 50 35 23 75 48 69 35 32 14 12 61
68 40 10 25 95 90 86 69 32 27 24 49 61 53 83 27 24 18 93 61 35 68 80 49 76 49 62 64 18 38 55 71 66 82 0 90 80 84 33 66 27 34 30 76 98 87 33 75 61 32 80 16 62 64 45 53 99 86 52 95 20 58 98 88 69 74 78 84 17 87 44 14 59 48 86 12 75 59 71 21 29 30 95 69 33 51 91 21 22 66 96 87 50 75 92 88 17 32 46 88 91 80 19 53 89 90 77 12 38 24 85 12 47 51 58 20 20 33 92 45 63 48 49 64 95 59 22 89 76 46 48 67 62 87 75 53 46 20 16 90 32 87 44 54 95
27 34 71 51 98 17 48 86 51 52 32 27 72 26 40 14 83 14 21 46 78 95 52 10 64 51 40 13 75 70 78 78 86 20 90 0 49 64 84 54 15 43 93 78 80 59 26 12 34 74 36 78 40 25 21 76 84 64 96 77 99 72 74 88 39 68 67 29 68 65 53 32 17 87 21 73 34 87 21 39 74 96 93 77 92 12 18 96 65 77 61 34 11 64 38 47 83 69 38 92 46 68 78 31 64 67 49 23 88 43 78 83 82 12 78 82 57 86 52 26 61 62 68 87 76 35 16 73 97 61 15 68 85 12 67 30 28 97 69 14 43 15 73 51 33
22 85 98 64 83 27 40 60 77 62 73 52 59 57 97 23 60 44 27 50 81 45 45 85 29 75 41 71 80 92 51 13 85 94 80 49 0 48 31 84 43 20 54 61 45 56 83 37 62 96 95 41 87 62 63 93 75 52 62 86 98 37 44 20 91 81 37 17 41 21 36 78 98 17 75 41 34 44 75 52 25 76 89 54 59 58 17 44 47 36 58 12 29 59 58 49 39 66 74 61 69 84 54 61 42 93 32 83 69 14 47 96 27 31 79 17 32 97 92 98 80 52 13 95 29 98 98 94 81 81 92 82 45 97 71 37 21 93 81 94 76 66 77 92 30
76 34 52 61 14 80 23 24 48 25 93 55 64 49 71 34 85 37 12 39 20 59 14 18 59 48 89 84 72 72 48 21 28 56 84 64 48 0 31 67 71 35 47 31 59 27 74 56 48 18 55 59 84 21 63 38 28 13 44 97 53 64 29 90 19 54 20 73 94 38 89 17 24 21 98 74 24 50 54 70 60 43 75 98 50 58 94 36 21 92 95 39 86 18 73 42 91 72 62 49 59 47 91 46 79 57 59 94 70 61 81 42 46 22 25 61 16 81 62 44 87 61 19 92 22 26 79 86 79 12 32 32 14 14 28 37 23 54 55 89 99 17 88 24 52
45 60 66 30 49 21 55 46 21 92 79 95 86 80 92 93 70 91 55 82 67 63 72 47 80 94 18 55 42 44 42 95 52 56 33 84 31 31 0 60 87 68 83 23 35 93 75 49 79 96 53 76 33 56 91 39 41 80 29 80 51 53 49 12 64 28 17 40 48 29 37 37 49 27 29 46 58 13 24 88 73 58 35 77 97 47 79 53 35 25 77 58 96 15 99 69 15 22 82 88 70 28 68 62 23 78 12 18 56 65 42 58 49 56 21 85 74 71 87 99 63 58 61 20 45 80 47 34 12 59 69 18 15 16 87 88 36 51 58 75 34 72 94 47 67
49 33 74 44 52 50 65 73 65 41 11 26 53 21 35 28 44 97 12 48 57 66 70 60 46 13 78 46 22 75 84 45 75 20 66 54 84 67 60 0 85 49 45 66 10 71 23 98 96 37 31 97 77 25 69 16 18 99 78 31 17 65 32 52 11 28 61 27 68 64 36 65 34 73 54 89 66 99 34 87 81 32 22 13 30 77 19 35 33 26 13 82 31 48 30 48 58 69 35 47 73 84 34 76 78 22 61 71 33 79 29 62 54 29 81 85 23 68 35 44 12 33 62 90 80 47 22 26 70 58 51 83 57 76 88 69 32 76 49 69 47 14 96 37 91
57 97 13 61 72 34 65 87 70 18 55 79 11 17 22 78 75 63 40 70 14 77 67 91 34 73 46 20 44 93 94 28 15 36 27 15 43 71 87 85 0 18 72 41 23 26 69 62 27 38 13 91 55 84 52 58 31 35 52 80 90 71 66 70 14 97 49 54 38 82 12 18 54 16 45 55 29 27 52 50 43 84 42 40 80 85 12 84 26 99 14 31 47 65 52 85 15 77 22 56 88 29 79 28 69 69 21 19 27 25 31 13 58 76 57 87 70 98 94 43 98 39 49 11 16 65 59 81 38 60 44 78 71 32 25 87 21 38 70 97 74 38 99 81 36
42 42 53 62 33 99 89 46 12 36 39 53 46 59 33 53 77 25 91 35 38 12 78 13 71 43 96 54 67 16 23 26 53 61 34 43 20 35 68 49 18 0 56 62 99 77 56 71 17 63 88 81 29 24 33 10 29 66 29 25 89 97 38 27 50 79 72 61 91 72 23 68 70 47 86 49 67 28 87 58 13 21 47 26 19 57 17 52 45 87 20 76 35 70 86 30 51 59 89 28 28 27 14 43 10 98 97 89 61 56 39 58 75 40 74 64 28 95 90 66 44 66 83 30 63 77 53 94 28 54 69 52 38 68 44 31 25 91 89 22 86 27 85 85 36
99 40 10 96 24 30 95 82 64 70 38 43 21 38 87 84 29 42 86 59 71 72 10 91 90 44 98 89 71 69 66 22 24 40 30 93 54 47 83 45 72 56 0 36 91 73 10 82 84 10 67 68 53 61 13 51 70 76 21 97 46 75 31 10 24 22 62 43 67 22 87 44 22 45 53 80 42 97 89 80 18 41 76 63 89 44 96 83 82 82 42 59 57 68 38 37 90 66 18 86 71 98 70 39 52 63 28 46 38 78 66 91 52 94 19 31 72 33 83 33 70 39 26 89 65 46 94 15 15 88 35 72 80 62 99 33 70 26 22 94 18 89 31 44 28
15 26 44 38 84 78 59 45 66 15 59 88 22 40 63 88 71 29 93 49 29 65 24 88 73 54 28 31 25 59 12 45 45 69 76 78 61 31 23 66 41 62 36 0 21 88 94 73 28 27 45 39 33 40 20 94 80 52 74 57 39 79 63 11 22 41 19 83 67 91 91 53 78 91 71 33 44 61 87 80 24 26 52 39 23 42 73 84 75 42 43 45 79 53 62 88 59 75 94 93 80 39 52 16 38 14 50 26 11 38 59 10 33 84 84 68 82 86 95 56 41 37 52 90 21 33 35 60 33 90 47 59 75 89 26 39 97 19 46 62 68 46 96 95 22
97 32 46 11 61 24 60 17 65 83 64 42 49 61 69 75 49 91 79 96 63 67 35 91 11 28 53 16 48 33 71 39 26 98 98 80 45 59 35 10 23 99 91 21 0 57 48 95 49 96 68 12 78 61 16 59 67 91 60 50 37 30 24 46 77 81 62 31 18 22 36 45 49 48 77 98 75 42 13 42 90 94 22 67 97 88 47 55 21 34 57 99 20 82 84 18 40 26 82 74 66 83 35 36 87 28 69 61 78 42 70 35 23 41 15 14 77 79 75 15 96 60 64 94 54 13 85 95 26 16 67 37 74 69 11 76 62 62 96 39 89 68 55 65 56
98 47 70 56 72 61 10 22 86 14 52 85 99 61 43 84 98 46 95 43 80 48 14 43 36 69 58 12 24 29 31 74 70 14 87 59 56 27 93 71 26 77 73 88 57 0 10 78 87 76 68 58 43 96 83 53 34 70 37 79 94 35 62 58 68 68 96 23 59 65 25 44 83 19 21 92 87 79 11 17 55 81 84 35 53 83 66 70 11 67 39 43 18 88 63 11 41 38 57 97 21 98 72 69 76 83 89 95 11 80 90 30 93 82 81 78 92 29 18 72 84 86 52 42 83 49 98 38 96 92 75 58 45 45 54 93 49 55 61 79 91 92 52 78 95
16 11 86 78 61 38 94 17 81 19 30 29 23 49 96 35 13 65 66 14 47 35 91 59 77 69 74 54 21 48 55 79 10 76 33 26 83 74 75 23 69 56 10 94 48 10 0 55 92 58 48 63 81 42 25 18 98 96 16 18 12 22 61 29 62 58 96 54 94 28 26 46 75 74 37 95 51 69 52 33 20 45 94 38 71 13 22 25 55 36 76 51 97 87 42 92 69 82 34 87 58 32 95 37 69 24 37 42 95 52 20 84 54 48 19 43 56 19 29 33 29 10 41 53 89 31 55 78 91 55 18 61 96 90 45 40 15 93 65 83 25 33 70 41 66
12 36 89 96 69 78 19 99 11 28 26 94 12 49 60 99 98 15 38 81 79 99 33 78 29 16 57 38 68 78 66 75 37 63 75 12 37 56 49 98 62 71 82 73 95 78 55 0 49 20 78 61 92 32 96 93 99 70 98 92 88 34 74 12 55 13 95 10 80 28 97 87 96 31 74 68 62 52 74 67 98 83 90 80 57 37 77 77 73 39 43 86 53 38 33 83 56 80 58 39 50 70 29 16 86 78 68 16 93 36 10 65 11 43 54 96 94 36 80 50 47 66 57 35 29 98 74 41 10 41 85 47 43 12 54 21 25 22 52 58 89 64 21 27 76
71 10 86 32 83 88 21 18 91 36 66 17 41 13 84 63 23 53 36 58 98 26 78 34 13 90 47 43 83 35 54 94 33 88 61 34 62 48 79 96 27 17 84 28 49 87 92 49 0 42 29 77 34 27 74 85 80 46 24 30 65 11 37 70 36 23 98 58 43 84 55 41 16 56 69 30 96 31 66 39 79 58 97 24 75 12 11 95 21 74 36 74 37 68 88 49 44 48 83 54 77 98 37 29 50 30 28 64 54 27 15 26 37 85 79 78 11 34 33 47 32 40 90 26 39 82 88 95 90 32 32 97 76 18 12 15 11 58 27 73 21 84 21 91 99
37 49 25 67 18 98 59 60 22 20 70 24 62 53 27 37 20 94 74 87 96 50 75 76 68 77 95 22 19 62 34 94 21 44 32 74 96 18 96 37 38 63 10 27 96 76 58 20 42 0 90 16 43 38 95 46 65 25 33 34 18 98 68 29 93 98 30 57 58 60 90 78 47 77 37 99 78 17 30 14 40 47 16 45 77 94 61 71 65 99 80 18 55 23 95 48 96 73 51 67 61 35 81 65 27 79 85 75 56 32 75 79 34 93 32 23 60 12 49 57 35 89 76 64 94 71 86 23 48 86 82 97 76 62 47 25 10 82 47 72 31 26 55 41 76
61 90 76 61 25 57 34 50 37 13 56 91 66 96 57 96 50 60 11 86 49 13 48 67 84 41 69 87 34 79 81 92 80 24 80 36 95 55 53 31 13 88 67 45 68 68 48 78 29 90 0 23 41 50 83 72 37 67 73 59 41 67 24 20 60 19 86 57 76 27 19 53 95 17 44 96 81 73 51 39 85 40 34 73 82 54 22 59 44 68 85 59 62 56 76 30 12 23 83 80 48 19 50 77 50 52 40 52 27 84 77 42 54 79 53 64 29 28 47 81 20 65 34 55 37 42 11 41 78 13 66 77 69 51 69 75 37 66 25 69 13 50 61 29 13
36 25 48 92 86 69 33 21 18 70 13 65 98 27 69 47 75 44 84 56 41 88 59 78 45 48 76 76 66 53 79 55 59 15 16 78 41 59 76 97 91 81 68 39 12 58 63 61 77 16 23 0 48 98 36 75 81 15 42 25 64 99 58 23 19 15 17 33 48 63 60 22 28 48 47 51 99 21 18 35 78 48 38 87 83 62 74 87 52 89 29 70 75 76 16 61 10 56 90 56 19 89 76 83 30 69 20 63 59 81 38 55 21 16 68 41 12 39 30 57 51 24 76 69 16 98 92 37 43 48 53 61 76 54 76 17 68 54 16 47 68 95 56 83 54
10 11 68 82 73 22 93 39 40 41 42 57 58 63 61 73 27 67 14 37 91 57 56 31 37 56 64 66 54 85 69 57 63 69 62 40 87 84 33 77 55 29 53 33 78 43 81 92 34 43 41 48 0 61 56 60 46 68 74 55 47 93 97 59 76 47 30 50 43 38 74 45 41 72 19 76 68 60 40 60 23 53 68 59 28 68 38 86 43 87 92 13 11 94 90 87 31 57 25 38 96 77 87 23 95 16 63 67 77 55 20 63 51 20 40 61 55 82 72 69 11 39 40 79 33 16 74 65 77 77 73 47 37 43 36 28 30 19 15 93 79 45 23 22 63
30 52 54 34 71 72 49 16 75 37 21 30 91 56 47 91 15 30 86 69 42 45 85 20 26 40 96 96 48 15 90 74 11 51 64 25 62 21 56 25 84 24 61 40 61 96 42 32 27 38 50 98 61 0 59 21 68 83 56 59 61 44 14 27 47 63 37 46 88 29 73 42 78 47 41 53 24 74 54 78 43 90 90 40 43 46 40 36 40 81 58 25 63 31 96 54 28 71 95 26 56 93 99 68 15 12 33 65 65 91 73 98 39 71 69 39 43 88 10 27 13 21 64 65 89 89 22 19 88 65 50 87 20 37 51 94 22 92 20 19 73 19 91 56 79
21 74 80 88 32 98 86 40 64 36 12 85 60 24 18 27 41 58 49 37 77 23 87 67 94 75 72 18 25 73 46 74 86 98 45 21 63 63 91 69 52 33 13 20 16 83 25 96 74 95 83 36 56 59 0 75 74 74 46 43 87 80 77 10 31 87 83 20 29 67 49 81 13 76 37 36 80 62 26 96 55 83 69 79 64 50 20 37 19 50 27 93 36 90 59 13 99 99 56 66 86 15 99 53 17 37 70 10 80 83 78 40 13 36 90 38 41 51 47 63 29 45 47 16 76 46 40 43 24 43 90 59 10 86 51 38 24 67 76 84 31 98 79 20 18
83 34 14 41 42 15 63 92 92 45 35 88 44 20 40 65 18 55 27 33 65 25 57 82 23 54 43 18 91 55 74 89 26 16 53 76 93 38 39 16 58 10 51 94 59 53 18 93 85 46 72 75 60 21 75 0 83 26 44 22 43 64 82 39 80 13 67 74 18 68 18 23 31 14 79 12 38 29 34 40 23 56 70 65 93 47 97 89 67 68 53 34 95 79 94 27 74 63 65 17 77 37 77 35 50 72 99 42 58 76 37 60 46 27 77 70 99 23 71 54 47 69 11 30 92 84 41 48 42 29 56 10 42 51 41 58 28 80 69 19 97 69 63 82 92
84 90 92 15 18 44 30 34 38 82 12 47 27 14 15 54 41 60 69 43 57 72 52 98 49 19 89 26 16 66 89 79 59 30 99 84 75 28 41 18 31 29 70 80 67 34 98 99 80 65 37 81 46 68 74 83 0 55 55 13 74 34 26 52 97 23 62 42 64 45 67 71 83 41 71 78 62 24 82 85 91 39 12 18 48 18 70 17 31 33 94 34 87 40 98 94 47 51 38 25 16 26 47 67 42 60 96 96 88 62 83 86 35 87 51 90 86 39 29 21 55 12 55 73 54 95 87 42 41 55 32 27 26 68 10 97 19 76 60 30 26 74 18 54 52
64 31 29 21 40 48 54 17 80 64 19 53 36 27 57 31 74 23 10 49 93 50 16 51 36 59 33 27 10 54 32 21 56 94 86 64 52 13 80 99 35 66 76 52 91 70 96 70 46 25 67 15 68 83 74 26 55 0 26 96 54 83 28 51 43 83 47 54 90 12 20 27 21 34 16 96 76 17 41 12 86 31 45 49 35 81 66 92 72 10 22 71 25 10 55 18 63 77 24 10 23 11 43 19 53 59 13 19 64 13 51 73 86 55 55 21 22 21 83 57 73 77 51 37 61 68 91 30 27 71 93 57 16 52 33 59 47 59 28 78 40 73 94 77 11
33 50 87 72 77 58 12 57 63 42 60 83 64 90 67 84 47 18 62 70 26 61 48 99 45 75 67 84 18 96 70 48 98 27 52 96 62 44 29 78 52 29 21 74 60 37 16 98 24 33 73 42 74 56 46 44 55 26 0 64 89 26 17 38 11 35 35 43 30 23 98 94 60 56 76 28 71 14 77 14 29 55 89 23 26 30 18 69 18 18 69 26 57 12 83 50 60 79 28 50 70 22 11 72 65 31 67 71 76 98 87 53 51 19 81 68 90 51 33 40 34 27 75 53 19 76 11 69 53 11 32 74 76 11 43 18 73 27 57 48 47 77 46 48 14
62 82 56 50 96 57 87 25 44 40 16 12 18 75 44 89 49 27 53 72 59 78 95 59 51 43 42 79 79 10 79 38 86 52 95 77 86 97 80 31 80 25 97 57 50 79 18 92 30 34 59 25 55 59 43 22 13 96 64 0 88 33 71 53 58 39 69 87 75 99 29 16 96 49 51 45 26 25 47 39 90 90 50 68 86 23 92 92 99 56 10 16 18 97 15 88 67 98 78 76 91 97 37 34 42 74 98 12 11 37 75 93 12 96 63 97 62 29 17 80 82 66 89 35 51 36 66 18 61 53 80 26 52 22 81 54 69 15 72 59 61 92 53 79 99
20 67 87 79 79 32 58 62 62 29 73 78 68 87 37 21 40 47 29 53 34 46 23 75 11 88 55 90 90 79 43 12 48 90 20 99 98 53 51 17 90 89 46 39 37 94 12 88 65 18 41 64 47 61 87 43 74 54 89 88 0 45 63 96 25 77 68 22 67 12 51 51 48 67 30 40 34 73 82 48 52 31 23 16 41 19 81 82 75 36 56 81 43 38 55 33 13 66 93 77 27 71 72 70 33 84 34 24 67 70 30 57 85 98 76 83 93 95 44 89 87 88 55 42 99 49 40 32 19 30 68 10 80 69 37 47 50 79 94 94 96 94 33 60 75
30 58 23 98 34 21 54 52 51 83 15 50 22 12 62 84 91 66 84 83 30 67 66 22 11 65 74 93 75 42 41 28 95 92 58 72 37 64 53 65 71 97 75 79 30 35 22 34 11 98 67 99 93 44 80 64 34 83 26 33 45 0 22 36 68 87 95 78 68 16 29 12 92 93 53 18 11 33 83 77 85 68 45 53 74 59 65 62 50 46 67 74 65 65 86 35 45 99 28 90 72 21 67 67 39 96 90 81 64 94 25 82 61 41 13 50 27 87 51 19 75 78 96 28 48 76 95 46 93 11 78 94 41 29 19 17 61 48 50 86 73 68 76 12 35
94 31 60 90 79 43 47 55 59 82 33 94 74 89 78 65 12 10 95 64 65 59 99 52 68 43 16 55 57 30 71 31 51 75 98 74 44 29 49 32 66 38 31 63 24 62 61 74 37 68 24 58 97 14 77 82 26 28 17 71 63 22 0 83 44 26 96 10 60 98 81 16 36 37 28 85 22 64 86 86 55 89 81 27 49 80 69 46 52 13 62 26 66 18 65 31 24 99 31 63 12 74 17 87 52 68 26 61 31 49 13 66 73 75 66 34 89 49 13 48 43 45 97 43 58 85 72 16 63 30 46 54 82 94 26 15 65 74 90 31 75 68 88 90 80
62 55 70 71 97 14 71 76 93 43 54 34 90 29 79 70 68 83 11 47 36 44 99 91 94 93 78 80 62 29 37 90 95 54 88 88 20 90 12 52 70 27 10 11 46 58 29 12 70 29 20 23 59 27 10 39 52 51 38 53 96 36 83 0 56 38 80 96 93 90 75 37 26 72 26 49 23 29 84 16 10 86 86 11 23 50 19 93 49 33 22 20 63 74 29 54 26 13 58 11 20 11 87 48 97 49 10 73 75 66 97 49 68 20 49 97 95 77 18 69 72 32 82 95 54 60 37 30 70 54 90 65 45 94 45 87 98 97 96 51 54 13 14 45 62
14 31 94 57 89 86 18 89 79 49 66 90 19 87 45 15 34 29 57 93 71 30 29 86 85 44 10 37 22 51 45 80 57 48 69 39 91 19 64 11 14 50 24 22 77 68 62 55 36 93 60 19 76 47 31 80 97 43 11 58 25 68 44 56 0 90 22 14 39 64 24 26 55 27 10 24 31 83 71 78 92 96 80 93 18 65 26 99 19 17 99 22 54 88 33 18 89 65 25 39 21 51 64 38 26 11 32 18 38 69 58 15 44 16 28 45 62 22 48 41 65 63 64 75 63 95 17 92 34 68 54 81 73 46 17 21 90 46 16 66 86 33 22 91 57
99 72 40 13 61 32 77 97 74 27 92 71 79 17 20 60 21 79 69 33 28 48 55 59 46 27 70 72 16 27 48 63 81 92 74 68 81 54 28 28 97 79 22 41 81 68 58 13 23 98 19 15 47 63 87 13 23 83 35 39 77 87 26 38 90 0 67 65 12 23 88 51 25 74 86 15 53 77 87 65 95 90 27 13 38 46 46 77 25 82 24 75 82 36 83 20 98 50 54 42 91 10 77 83 63 75 23 16 51 53 93 63 91 22 63 83 26 75 82 60 14 57 96 82 59 47 88 14 37 34 55 27 17 61 45 17 47 96 95 71 49 54 27 73 48
31 99 41 75 91 54 14 44 67 43 59 96 12 95 49 37 92 39 72 38 62 53 90 61 30 73 13 19 91 47 49 91 69 87 78 67 37 20 17 61 49 72 62 19 62 96 96 95 98 30 86 17 30 37 83 67 62 47 35 69 68 95 96 80 22 67 0 93 36 86 98 31 17 72 11 34 38 98 98 92 94 21 18 72 90 30 72 22 71 89 47 36 42 50 42 80 20 22 32 70 76 23 86 70 98 33 62 23 39 36 17 90 95 46 90 86 97 82 45 77 73 51 17 68 92 56 11 45 46 49 54 84 42 95 90 65 32 83 27 93 52 44 34 37 26
54 37 94 99 65 14 37 45 31 24 68 62 85 90 51 80 48 67 78 66 31 27 58 55 56 79 75 68 48 91 81 97 41 91 84 29 17 73 40 27 54 61 43 83 31 23 54 10 58 57 57 33 50 46 20 74 42 54 43 87 22 78 10 96 14 65 93 0 70 59 38 48 69 25 80 89 91 24 84 84 82 77 37 80 89 81 39 95 97 24 63 22 52 21 45 96 80 60 14 27 66 71 90 87 39 51 33 31 42 82 83 80 39 28 23 79 21 98 11 30 39 69 16 71 87 72 55 62 64 34 38 30 73 75 84 24 18 22 61 46 74 60 66 56 58
29 90 58 82 58 80 17 48 54 69 32 90 29 34 87 92 49 33 42 40 33 31 65 35 91 34 49 17 59 19 94 11 11 16 17 68 41 94 48 68 38 91 67 67 18 59 94 80 43 58 76 48 43 88 29 18 64 90 30 75 67 68 60 93 39 12 36 70 0 93 54 22 17 41 19 76 56 58 87 44 10 50 51 48 65 61 83 22 82 36 70 82 62 94 32 91 62 79 15 10 74 71 85 14 78 93 39 14 55 64 97 81 74 99 34 10 34 70 47 76 61 62 84 85 84 41 17 65 80 19 66 56 39 69 28 29 18 96 91 22 83 49 84 49 80
11 80 77 91 69 51 64 25 64 82 62 11 20 38 81 80 24 68 82 87 27 56 80 48 80 24 50 15 95 96 83 86 33 68 87 65 21 38 29 64 82 72 22 91 22 65 28 28 84 60 27 63 38 29 67 68 45 12 23 99 12 16 98 90 64 23 86 59 93 0 59 44 10 60 33 67 84 28 60 89 11 22 76 76 63 94 15 38 73 88 58 29 73 48 29 57 57 18 29 39 42 47 10 42 62 64 42 30 48 76 35 43 86 21 90 89 52 74 26 63 55 44 33 59 71 95 85 51 30 32 23 12 27 74 90 55 75 51 43 45 61 41 64 21 70
48 62 43 52 82 34 17 19 71 39 97 15 30 45 23 35 31 36 91 71 94 93 25 85 51 79 67 22 65 56 12 34 87 61 44 53 36 89 37 36 12 23 87 91 36 25 26 97 55 90 19 60 74 73 49 18 67 20 98 29 51 29 81 75 24 88 98 38 54 59 0 36 89 78 19 21 26 51 66 91 16 59 59 97 57 86 59 25 70 84 16 85 98 39 77 35 93 70 93 99 72 79 94 22 15 33 84 24 97 57 80 13 41 88 95 69 76 56 66 29 17 92 80 89 86 58 61 17 43 77 46 73 19 89 26 55 93 55 34 30 95 70 96 47 31
98 92 16 91 49 99 36 74 36 57 10 68 21 82 43 15 53 97 65 68 56 36 23 21 29 48 30 39 44 54 99 96 18 19 14 32 78 17 37 65 18 68 44 53 45 44 46 87 41 78 53 22 45 42 81 23 71 27 94 16 51 12 16 37 26 51 31 48 22 44 36 0 72 23 25 63 68 18 66 16 46 41 85 88 11 31 51 60 24 88 55 13 47 88 60 28 42 30 52 24 83 60 61 76 97 81 31 99 80 23 87 18 71 47 83 60 40 30 81 29 45 94 47 87 24 69 95 14 41 96 92 30 63 90 56 28 82 49 98 75 78 90 11 39 49
91 47 84 43 38 53 68 19 89 49 20 67 24 30 88 26 11 42 30 64 78 57 65 74 77 75 97 42 25 91 40 86 68 19 59 17 98 24 49 34 54 70 22 78 49 83 75 96 16 47 95 28 41 78 13 31 83 21 60 96 48 92 36 26 55 25 17 69 17 10 89 72 0 60 66 18 15 45 42 42 28 49 69 38 99 50 80 57 65 10 25 85 98 11 44 24 86 71 66 61 54 81 85 33 11 18 70 59 31 42 30 93 48 86 63 86 98 93 67 95 53 95 28 54 97 76 86 21 98 10 34 30 25 56 92 54 55 20 55 39 11 94 49 82 22
86 52 24 85 96 43 36 68 28 26 99 74 52 81 65 49 51 56 29 62 80 41 51 30 93 93 88 62 17 34 93 65 12 79 48 87 17 21 27 73 16 47 45 91 48 19 74 31 56 77 17 48 72 47 76 14 41 34 56 49 67 93 37 72 27 74 72 25 41 60 78 23 60 0 68 16 71 74 13 90 75 49 91 36 18 32 20 38 28 68 77 35 24 96 60 98 62 25 77 18 90 55 27 76 16 85 30 15 52 20 81 23 41 76 20 39 84 38 44 56 73 77 67 19 15 85 22 78 21 27 47 51 32 58 53 17 59 35 45 91 91 35 25 23 21
17 97 24 39 46 69 59 30 16 64 64 91 60 14 98 53 23 13 98 79 34 38 70 42 48 47 38 92 19 13 31 23 20 35 86 21 75 98 29 54 45 86 53 71 77 21 37 74 69 37 44 47 19 41 37 79 71 16 76 51 30 53 28 26 10 86 11 80 19 33 19 25 66 68 0 45 56 99 66 55 80 94 52 41 76 40 41 35 51 91 60 72 15 73 21 39 38 80 90 64 71 64 13 21 60 11 37 99 60 22 18 46 94 84 70 16 46 36 58 41 14 27 21 17 99 22 94 43 71 13 18 30 34 80 38 21 97 95 74 52 78 67 50 69 69
62 38 39 76 25 58 19 84 65 63 93 65 71 79 10 94 24 69 36 33 39 37 82 66 97 89 18 17 39 27 14 45 91 39 12 73 41 74 46 89 55 49 80 33 98 92 95 68 30 99 96 51 76 53 36 12 78 96 28 45 40 18 85 49 24 15 34 89 76 67 21 63 18 16 45 0 60 23 12 41 58 43 19 48 45 21 38 59 61 62 22 70 28 94 43 92 11 10 34 55 87 34 86 14 40 81 17 14 30 33 46 10 11 63 16 39 12 10 33 95 81 92 97 23 71 45 94 86 45 10 61 46 13 10 67 54 82 26 76 62 16 35 88 59 94
85 98 84 29 11 89 54 22 29 94 41 58 83 12 97 75 49 46 63 63 70 89 39 49 52 73 43 58 60 34 66 90 58 66 75 34 34 24 58 66 29 67 42 44 75 87 51 62 96 78 81 99 68 24 80 38 62 76 71 26 34 11 22 23 31 53 38 91 56 84 26 68 15 71 56 60 0 96 77 45 28 82 29 79 78 92 93 30 92 76 86 63 78 35 13 71 36 16 37 38 45 60 22 91 30 77 98 47 60 81 57 44 24 58 51 91 88 30 58 23 69 97 67 53 25 34 59 23 91 19 93 10 66 17 83 18 22 92 97 82 78 88 63 40 71
62 56 76 83 56 56 15 62 55 37 72 35 88 70 71 65 13 86 35 61 77 50 84 54 26 87 11 73 60 37 79 99 40 27 59 87 44 50 13 99 27 28 97 61 42 79 69 52 31 17 73 21 60 74 62 29 24 17 14 25 73 33 64 29 83 77 98 24 58 28 51 18 45 74 99 23 96 0 74 27 72 57 34 74 44 35 66 72 95 61 30 84 15 27 12 40 86 98 18 38 24 88 13 33 22 93 80 16 60 60 14 31 69 61 51 68 78 64 39 67 37 41 47 22 73 71 17 25 64 29 43 61 19 87 23 61 56 62 62 58 64 27 58 64 96
62 57 21 70 12 68 50 16 47 73 44 86 47 30 83 86 99 24 40 95 52 63 91 94 99 87 56 80 64 78 46 90 72 26 71 21 75 54 24 34 52 87 89 87 13 11 52 74 66 30 51 18 40 54 26 34 82 41 77 47 82 83 86 84 71 87 98 84 87 60 66 66 42 13 66 12 77 74 0 12 71 93 33 19 22 67 36 33 95 31 12 83 58 36 96 78 14 34 54 91 29 30 19 18 67 46 78 83 56 93 21 79 35 67 27 63 33 63 49 37 84 45 24 20 82 97 72 32 86 21 73 30 78 62 83 48 96 90 91 12 77 66 40 50 31
27 73 71 95 39 84 45 54 82 32 35 73 54 72 55 28 82 93 74 76 48 61 13 85 83 79 87 89 67 80 27 87 52 61 21 39 52 70 88 87 50 58 80 80 42 17 33 67 39 14 39 35 60 78 96 40 85 12 14 39 48 77 86 16 78 65 92 84 44 89 91 16 42 90 55 41 45 27 12 0 78 78 69 26 20 97 48 36 55 88 96 44 82 66 73 28 28 71 48 10 60 62 58 77 55 28 84 82 28 43 91 59 25 82 68 48 59 61 58 96 37 98 30 98 66 39 66 44 52 53 77 48 10 69 98 98 87 37 50 15 20 83 13 23 90
69 39 12 73 10 94 76 97 90 44 83 11 33 33 58 86 52 29 98 46 14 51 29 26 92 66 96 73 71 17 52 59 93 82 29 74 25 60 73 81 43 13 18 24 90 55 20 98 79 40 85 78 23 43 55 23 91 86 29 90 52 85 55 10 92 95 94 82 10 11 16 46 28 75 80 58 28 72 71 78 0 27 90 65 31 89 63 68 36 42 92 80 55 92 91 28 98 32 29 89 24 22 22 36 94 68 62 81 16 51 24 19 51 35 90 36 11 55 50 86 55 86 28 21 45 77 46 90 97 25 14 75 77 30 47 52 53 74 59 49 13 31 64 18 33
49 91 59 21 49 14 90 90 39 32 61 38 51 38 24 91 21 69 73 57 45 75 92 41 31 68 25 70 13 88 11 89 68 70 30 96 76 43 58 32 84 21 41 26 94 81 45 83 58 47 40 48 53 90 83 56 39 31 55 90 31 68 89 86 96 90 21 77 50 22 59 41 49 49 94 43 82 57 93 78 27 0 22 62 18 48 85 56 86 47 67 54 36 25 91 80 83 47 93 69 82 59 99 48 38 94 67 28 16 74 57 22 18 62 56 72 76 63 81 78 69 78 63 39 44 35 60 91 53 79 15 11 52 35 90 96 42 61 90 52 35 24 32 91 83
29 73 52 37 36 27 46 89 39 99 87 25 77 95 26 52 41 47 20 98 51 26 59 54 33 25 12 11 84 18 33 57 80 45 95 93 89 75 35 22 42 47 76 52 22 84 94 90 97 16 34 38 68 90 69 70 12 45 89 50 23 45 81 86 80 27 18 37 51 76 59 85 69 91 52 19 29 34 33 69 90 22 0 86 83 36 50 12 44 32 51 20 44 19 21 41 46 49 79 57 55 73 72 15 14 60 13 97 46 98 51 99 57 38 95 77 88 26 63 31 74 55 85 77 30 13 62 94 21 16 49 37 57 90 81 58 47 49 33 93 16 53 50 17 36
76 40 30 42 36 32 88 70 42 37 29 20 64 84 89 68 33 27 42 19 86 23 17 12 28 95 65 69 76 85 43 78 11 72 69 77 54 98 77 13 40 26 63 39 67 35 38 80 24 45 73 87 59 40 79 65 18 49 23 68 16 53 27 11 93 13 72 80 48 76 97 88 38 36 41 48 79 74 19 26 65 62 86 0 68 62 54 41 77 71 76 17 10 15 10 87 20 41 21 15 95 25 24 13 57 22 69 71 46 60 54 66 62 58 75 23 65 88 16 86 16 16 17 89 48 71 83 65 17 52 49 67 49 47 92 87 73 75 15 60 36 18 26 22 90
82 39 45 89 79 64 29 44 13 39 49 59 22 19 51 42 51 28 73 96 19 94 13 30 41 32 89 67 58 40 57 73 63 12 33 92 59 50 97 30 80 19 89 23 97 53 71 57 75 77 82 83 28 43 64 93 48 35 26 86 41 74 49 23 18 38 90 89 65 63 57 11 99 18 76 45 78 44 22 20 31 18 83 68 0 85 66 88 98 35 90 88 79 59 97 35 29 12 98 30 51 30 88 88 70 33 92 27 48 90 78 21 44 50 24 64 39 78 32 75 29 41 85 36 63 19 58 24 95 88 26 63 71 27 94 95 66 55 33 73 38 12 55 53 39
90 31 69 65 92 41 59 67 23 44 13 49 77 21 29 89 11 60 41 82 24 71 70 51 57 11 54 96 75 84 65 52 16 78 51 12 58 58 47 77 85 57 44 42 88 83 13 37 12 94 54 62 68 46 50 47 18 81 30 23 19 59 80 50 65 46 30 81 61 94 86 31 50 32 40 21 92 35 67 97 89 48 36 62 85 0 48 98 63 94 33 13 58 62 48 14 32 74 81 10 90 69 52 43 96 11 68 39 86 96 80 97 28 42 11 26 76 71 16 67 23 15 74 68 95 84 18 77 22 10 27 76 51 28 29 17 61 94 91 87 67 56 97 48 25
78 71 33 59 76 42 22 93 48 85 65 30 90 77 61 30 29 96 21 92 50 17 79 17 58 83 56 16 95 28 87 31 81 48 91 18 17 94 79 19 12 17 96 73 47 66 22 77 11 61 22 74 38 40 20 97 70 66 18 92 81 65 69 19 26 46 72 39 83 15 59 51 80 20 41 38 93 66 36 48 63 85 50 54 66 48 0 60 77 57 90 61 69 82 75 58 46 39 87 44 36 15 22 52 43 52 36 93 48 40 79 60 74 13 93 21 24 62 73 89 25 81 42 83 36 69 29 61 25 32 22 92 57 21 84 30 76 37 73 98 41 11 18 16 14
25 56 22 99 56 35 79 44 51 10 33 71 86 26 37 10 58 84 85 62 12 74 45 20 79 18 92 68 94 39 30 33 75 60 21 96 44 36 53 35 84 52 83 84 55 70 25 77 95 71 59 87 86 36 37 89 17 92 69 92 82 62 46 93 99 77 22 95 22 38 25 60 57 38 35 59 30 72 33 36 68 56 12 41 88 98 60 0 16 84 87 96 38 30 42 48 79 32 44 54 86 32 24 67 93 76 86 69 72 44 82 89 29 92 37 99 72 20 27 62 55 16 55 24 78 82 53 59 89 78 41 41 72 59 87 79 38 42 10 38 87 35 23 46 74
76 76 46 36 87 53 34 47 43 55 60 24 21 40 61 65 13 73 17 46 59 43 90 88 11 47 96 64 73 57 42 61 29 89 22 65 47 21 35 33 26 45 82 75 21 11 55 73 21 65 44 52 43 40 19 67 31 72 18 99 75 50 52 49 19 25 71 97 82 73 70 24 65 28 51 61 92 95 95 55 36 86 44 77 98 63 77 16 0 69 49 44 21 84 24 98 98 50 60 34 80 18 80 82 83 83 89 46 70 53 97 39 35 57 44 79 35 73 98 23 21 12 96 92 45 75 94 15 86 55 58 78 37 95 33 49 14 14 55 76 50 21 33 30 63
15 84 28 18 65 55 87 95 42 50 14 65 72 27 26 42 79 66 15 89 47 10 55 59 94 49 85 43 12 52 73 22 42 39 66 77 36 92 25 26 99 87 82 42 34 67 36 39 74 99 68 89 87 81 50 68 33 10 18 56 36 46 13 33 17 82 89 24 36 88 84 88 10 68 91 62 76 61 31 88 42 47 32 71 35 94 57 84 69 0 58 51 74 54 34 88 56 37 98 30 18 51 99 14 95 57 45 49 22 48 34 99 20 25 87 84 44 71 10 71 76 47 47 80 85 99 44 27 60 68 65 20 86 61 75 96 55 17 81 60 13 18 46 33 52
39 34 38 74 19 67 70 23 24 46 48 53 12 27 53 83 38 98 51 15 28 49 69 24 12 28 74 69 52 40 45 89 36 83 96 61 58 95 77 13 14 20 42 43 57 39 76 43 36 80 85 29 92 58 27 53 94 22 69 10 56 67 62 22 99 24 47 63 70 58 16 55 25 77 60 22 86 30 12 96 92 67 51 76 90 33 90 87 49 58 0 76 54 31 70 39 67 37 45 71 87 71 45 12 12 33 72 10 30 23 35 29 65 19 74 99 71 34 78 13 44 49 91 35 87 93 84 50 78 28 61 98 57 77 39 74 17 97 13 39 95 40 49 88 24
81 28 95 89 89 68 98 10 66 84 42 99 59 95 12 87 16 41 76 19 49 15 31 34 93 32 38 61 18 16 52 23 86 29 87 34 12 39 58 82 31 76 59 45 99 43 51 86 74 18 59 70 13 25 93 34 34 71 26 16 81 74 26 20 22 75 36 22 82 29 85 13 85 35 72 70 63 84 83 44 80 54 20 17 88 13 61 96 44 51 76 0 97 37 20 35 41 91 32 22 53 30 57 19 11 28 68 35 45 88 42 43 92 47 85 83 19 50 79 12 95 28 91 85 66 72 51 41 51 20 50 38 44 44 78 86 84 11 50 22 65 87 92 36 70
50 44 67 19 99 20 53 50 50 15 65 75 32 16 36 95 73 67 20 47 79 77 85 57 17 72 65 28 92 40 13 21 98 92 50 11 29 86 96 31 47 35 57 79 20 18 97 53 37 55 62 75 11 63 36 95 87 25 57 18 43 65 66 63 54 82 42 52 62 73 98 47 98 24 15 28 78 15 58 82 55 36 44 10 79 58 69 38 21 74 54 97 0 54 51 81 61 86 83 52 12 67 29 71 95 78 25 88 52 52 35 81 65 21 50 47 59 92 54 25 13 79 16 62 30 32 88 99 45 93 75 71 74 43 93 43 60 10 27 44 28 27 63 14 17
26 61 86 13 64 25 18 88 75 18 27 51 88 74 85 81 50 22 74 56 63 43 73 36 39 15 99 21 99 50 57 85 24 65 75 64 59 18 15 48 65 70 68 53 82 88 87 38 68 23 56 76 94 31 90 79 40 10 12 97 38 65 18 74 88 36 50 21 94 48 39 88 11 96 73 94 35 27 36 66 92 25 19 15 59 62 82 30 84 54 31 37 54 0 20 92 22 82 62 74 75 85 60 84 79 80 80 82 69 29 38 36 35 16 38 96 53 59 27 32 54 64 17 15 64 79 77 68 13 18 84 26 89 63 39 38 46 91 65 45 32 28 12 55 98
88 93 96 51 79 40 13 60 21 57 63 95 19 17 68 80 35 79 44 31 27 73 88 29 73 58 84 57 92 83 49 30 76 15 92 38 58 73 99 30 52 86 38 62 84 63 42 33 88 95 76 16 90 96 59 94 98 55 83 15 55 86 65 29 33 83 42 45 32 29 77 60 44 60 21 43 13 12 96 73 91 91 21 10 97 48 75 42 24 34 70 20 51 20 0 46 75 57 68 57 50 31 94 53 49 68 79 49 42 30 42 54 10 75 95 86 69 66 54 85 19 58 43 86 97 51 39 32 21 43 77 85 42 64 75 33 67 62 76 39 67 57 58 77 84
21 13 46 40 51 80 19 94 59 63 67 67 88 10 25 17 67 34 19 68 63 70 43 43 98 43 14 17 65 22 33 59 26 31 88 47 49 42 69 48 85 30 37 88 18 11 92 83 49 48 30 61 87 54 13 27 94 18 50 88 33 35 31 54 18 20 80 96 91 57 35 28 24 98 39 92 71 40 78 28 28 80 41 87 35 14 58 48 98 88 39 35 81 92 46 0 16 89 47 54 11 67 91 92 63 43 64 28 84 53 42 82 38 13 63 95 67 47 68 74 58 45 25 97 96 95 65 92 74 38 66 26 67 14 46 75 84 24 79 91 47 57 39 56 98
99 10 74 98 60 91 73 27 41 26 49 28 30 78 24 46 81 25 15 95 74 78 30 16 52 13 29 54 12 28 96 77 37 55 17 83 39 91 15 58 15 51 90 59 40 41 69 56 44 96 12 10 31 28 99 74 47 63 60 67 13 45 24 26 89 98 20 80 62 57 93 42 86 62 38 11 36 86 14 28 98 83 46 20 29 32 46 79 98 56 67 41 61 22 75 16 0 15 63 72 23 37 61 26 13 76 71 90 32 31 78 17 52 73 64 66 66 19 17 86 36 48 67 30 15 99 70 59 62 87 95 52 85 27 26 67 43 74 35 13 47 48 93 50 62
90 10 79 16 31 36 37 49 32 39 55 61 50 84 18 75 72 74 10 62 63 45 24 81 54 27 19 69 11 96 57 96 65 83 32 69 66 72 22 69 77 59 66 75 26 38 82 80 48 73 23 56 57 71 99 63 51 77 79 98 66 99 99 13 65 50 22 60 79 18 70 30 71 25 80 10 16 98 34 71 32 47 49 41 12 74 39 32 50 37 37 91 86 82 57 89 15 0 98 99 93 35 30 43 65 72 10 41 61 62 92 14 33 30 54 72 70 37 15 97 63 15 34 64 21 48 45 74 98 33 23 32 69 31 36 91 60 10 65 34 73 33 98 88 95
22 56 24 66 63 26 22 90 89 71 97 88 14 79 26 28 25 29 66 58 77 66 12 78 40 39 90 84 15 58 38 19 79 36 46 38 74 62 82 35 22 89 18 94 82 57 34 58 83 51 83 90 25 95 56 65 38 24 28 78 93 28 31 58 25 54 32 14 15 29 93 52 66 77 90 34 37 18 54 48 29 93 79 21 98 81 87 44 60 98 45 32 83 62 68 47 63 98 0 64 45 26 64 85 30 44 23 98 83 58 65 52 86 14 56 96 61 97 85 10 62 55 71 30 54 63 88 70 66 63 80 72 29 43 22 70 13 47 33 71 33 78 27 62 16
81 59 22 57 26 98 24 99 96 80 87 80 85 96 85 51 49 61 40 97 20 88 17 62 12 72 57 71 48 28 83 31 99 87 88 92 61 49 88 47 56 28 86 93 74 97 87 39 54 67 80 56 38 26 66 17 25 10 50 76 77 90 63 11 39 42 70 27 10 39 99 24 61 18 64 55 38 38 91 10 89 69 57 15 30 10 44 54 34 30 71 22 52 74 57 54 72 99 64 0 94 46 82 84 26 20 48 60 86 24 24 26 55 39 39 26 78 23 24 58 24 80 93 93 32 41 99 49 15 86 15 50 21 97 56 97 50 91 21 75 11 91 33 74 24
13 66 20 97 19 96 68 40 18 14 99 99 71 86 60 81 79 21 99 35 65 61 99 19 57 82 88 70 32 66 86 15 26 76 91 46 69 59 70 73 88 28 71 80 66 21 58 50 77 61 48 19 96 56 86 77 16 23 70 91 27 72 12 20 21 91 76 66 74 42 72 83 54 90 71 87 45 24 29 60 24 82 55 95 51 90 36 86 80 18 87 53 12 75 50 11 23 93 45 94 0 78 24 13 64 72 53 81 25 80 92 97 75 55 99 85 21 88 39 88 37 86 53 15 65 25 95 65 11 21 46 68 88 89 86 59 17 88 34 98 31 58 57 62 28
78 36 75 15 99 81 60 15 67 25 52 28 29 32 51 10 89 11 28 25 68 23 97 88 24 87 44 97 25 63 94 40 95 64 80 68 84 47 28 84 29 27 98 39 83 98 32 70 98 35 19 89 77 93 15 37 26 11 22 97 71 21 74 11 51 10 23 71 71 47 79 60 81 55 64 34 60 88 30 62 22 59 73 25 30 69 15 32 18 51 71 30 67 85 31 67 37 35 26 46 78 0 72 50 39 15 35 25 77 67 46 95 77 42 42 41 89 35 79 67 77 88 29 87 78 58 58 47 78 20 17 22 72 14 45 88 81 61 36 58 24 75 59 56 41
72 90 31 72 90 27 30 42 31 13 57 76 37 45 51 11 38 84 51 48 33 91 38 73 48 17 65 44 60 17 89 19 22 57 19 78 54 91 68 34 79 14 70 52 35 72 95 29 37 81 50 76 87 99 99 77 47 43 11 37 72 67 17 87 64 77 86 90 85 10 94 61 85 27 13 86 22 13 19 58 22 99 72 24 88 52 22 24 80 99 45 57 29 60 94 91 61 30 64 82 24 72 0 83 37 68 25 81 64 55 75 69 79 20 50 10 37 84 52 14 90 43 17 37 47 12 50 36 14 66 16 61 26 35 76 84 60 71 53 67 55 37 41 66 28
94 86 81 26 27 18 93 31 60 54 72 15 32 67 68 64 69 57 44 15 67 21 47 73 43 12 75 31 48 87 51 52 11 79 53 31 61 46 62 76 28 43 39 16 36 69 37 16 29 65 77 83 23 68 53 35 67 19 72 34 70 67 87 48 38 83 70 87 14 42 22 76 33 76 21 14 91 33 18 77 36 48 15 13 88 43 52 67 82 14 12 19 71 84 53 92 26 43 85 84 13 50 83 0 28 86 14 45 84 86 45 42 67 36 91 33 64 77 13 70 74 32 74 85 63 55 50 28 76 18 93 35 98 57 76 77 99 75 10 94 84 32 77 70 49
24 91 96 33 65 84 91 20 16 76 68 43 38 36 58 95 78 92 29 96 70 73 14 28 75 54 98 64 13 88 57 45 41 82 89 64 42 79 23 78 69 10 52 38 87 76 69 86 50 27 50 30 95 15 17 50 42 53 65 42 33 39 52 97 26 63 98 39 78 62 15 97 11 16 60 40 30 22 67 55 94 38 14 57 70 96 43 93 83 95 12 11 95 79 49 63 13 65 30 26 64 39 37 28 0 19 95 11 32 62 21 43 29 44 56 90 46 82 28 38 61 42 83 15 73 84 71 71 74 16 69 24 86 54 52 70 72 96 78 64 66 24 47 14 14
97 57 75 78 89 40 57 23 44 32 19 61 67 23 77 61 36 84 83 22 18 65 63 18 24 57 50 87 15 59 46 78 30 41 90 67 93 57 78 22 69 98 63 14 28 83 24 78 30 79 52 69 16 12 37 72 60 59 31 74 84 96 68 49 11 75 33 51 93 64 33 81 18 85 11 81 77 93 46 28 68 94 60 22 33 11 52 76 83 57 33 28 78 80 68 43 76 72 44 20 72 15 68 86 19 0 11 32 12 88 31 19 83 77 97 16 65 58 77 74 90 37 87 72 58 22 32 99 33 66 15 84 31 36 98 70 38 19 23 82 77 96 81 85 36
83 24 26 50 25 69 11 92 33 51 17 53 56 55 10 59 11 86 28 41 73 94 62 60 64 79 79 13 47 15 30 71 71 74 77 49 32 59 12 61 21 97 28 50 69 89 37 68 28 85 40 20 63 33 70 99 96 13 67 98 34 90 26 10 32 23 62 33 39 42 84 31 70 30 37 17 98 80 78 84 62 67 13 69 92 68 36 86 89 45 72 68 25 80 79 64 71 10 23 48 53 35 25 14 95 11 0 39 27 45 69 16 15 75 85 88 16 86 22 74 85 33 95 25 18 16 93 59 17 63 18 82 86 11 83 83 47 39 84 67 14 56 44 40 87
12 23 25 38 70 44 93 49 61 16 33 61 96 32 67 20 56 15 25 53 58 57 89 28 68 14 28 71 56 92 27 89 92 11 12 23 83 94 18 71 19 89 46 26 61 95 42 16 64 75 52 63 67 65 10 42 96 19 71 12 24 81 61 73 18 16 23 31 14 30 24 99 59 15 99 14 47 16 83 82 81 28 97 71 27 39 93 69 46 49 10 35 88 82 49 28 90 41 98 60 81 25 81 45 11 32 39 0 50 92 14 23 68 44 47 28 68 68 46 90 47 24 83 19 21 59 16 77 13 25 20 90 76 88 94 86 77 80 37 99 74 25 67 28 87
52 98 83 20 57 21 30 29 26 53 36 47 41 67 37 51 89 84 20 76 49 75 36 24 69 55 36 18 78 91 35 85 33 86 38 88 69 70 56 33 27 61 38 11 78 11 95 93 54 56 27 59 77 65 80 58 88 64 76 11 67 64 31 75 38 51 39 42 55 48 97 80 31 52 60 30 60 60 56 28 16 16 46 46 48 86 48 72 70 22 30 45 52 69 42 84 32 61 83 86 25 77 64 84 32 12 27 50 0 85 20 55 21 26 62 29 88 98 82 39 87 33 41 26 39 28 95 14 35 91 14 97 89 78 14 28 26 40 75 20 64 89 75 33 57
21 23 39 99 31 59 42 62 85 68 76 94 75 33 51 50 49 32 83 82 84 49 55 71 73 12 61 37 61 66 46 64 25 96 24 43 14 61 65 79 25 56 78 38 42 80 52 36 27 32 84 81 55 91 83 76 62 13 98 37 70 94 49 66 69 53 36 82 64 76 57 23 42 20 22 33 81 60 93 43 51 74 98 60 90 96 40 44 53 48 23 88 52 29 30 53 31 62 58 24 80 67 55 86 62 88 45 92 85 0 79 59 54 27 10 59 48 67 76 47 73 22 53 53 78 10 50 60 55 54 86 28 64 76 18 43 50 49 45 57 87 35 86 78 70
28 67 21 12 93 59 48 39 73 47 65 44 93 27 77 68 89 84 82 77 45 17 66 22 62 72 93 62 22 53 80 93 80 56 85 78 47 81 42 29 31 39 66 59 70 90 20 10 15 75 77 38 20 73 78 37 83 51 87 75 30 25 13 97 58 93 17 83 97 35 80 87 30 81 18 46 57 14 21 91 24 57 51 54 78 80 79 82 97 34 35 42 35 38 42 42 78 92 65 24 92 46 75 45 21 31 69 14 20 79 0 72 21 25 78 72 10 74 64 39 19 50 90 72 47 49 81 62 91 63 91 64 38 72 80 77 17 53 46 95 59 88 43 19 91
23 91 35 34 20 12 65 53 81 83 38 59 87 92 69 19 97 36 62 83 88 43 71 95 95 75 40 99 85 74 36 73 41 74 12 83 96 42 58 62 13 58 91 10 35 30 84 65 26 79 42 55 63 98 40 60 86 73 53 93 57 82 66 49 15 63 90 80 81 43 13 18 93 23 46 10 44 31 79 59 19 22 99 66 21 97 60 89 39 99 29 43 81 36 54 82 17 14 52 26 97 95 69 42 43 19 16 23 55 59 72 0 10 36 19 86 75 59 99 83 20 52 68 35 38 93 33 71 32 47 69 43 72 15 71 10 28 87 34 51 68 98 73 53 70
62 61 32 10 76 42 88 47 23 67 82 59 90 96 93 90 67 42 87 23 10 50 12 36 56 20 60 53 92 16 25 44 16 16 47 82 27 46 49 54 58 75 52 33 23 93 54 11 37 34 54 21 51 39 13 46 35 86 51 12 85 61 73 68 44 91 95 39 74 86 41 71 48 41 94 11 24 69 35 25 51 18 57 62 44 28 74 29 35 20 65 92 65 35 10 38 52 33 86 55 75 77 79 67 29 83 15 68 21 54 21 10 0 75 94 88 25 37 37 60 13 73 85 14 59 54 41 54 29 38 55 85 21 37 61 21 59 56 76 95 22 45 88 18 87
57 58 93 23 31 83 26 16 73 72 45 28 37 99 36 82 44 24 97 91 64 40 69 69 90 96 82 24 31 13 75 69 98 17 51 12 31 22 56 29 76 40 94 84 41 82 48 43 85 93 79 16 20 71 36 27 87 55 19 96 98 41 75 20 16 22 46 28 99 21 88 47 86 76 84 63 58 61 67 82 35 62 38 58 50 42 13 92 57 25 19 47 21 16 75 13 73 30 14 39 55 42 20 36 44 77 75 44 26 27 25 36 75 0 77 37 56 28 82 63 27 19 68 24 81 24 46 50 47 38 68 56 12 18 19 94 72 69 55 46 14 51 53 10 63
16 46 67 78 12 18 27 31 31 97 79 12 93 95 55 31 65 18 18 24 17 28 94 99 72 91 90 82 30 33 10 95 49 80 58 78 79 25 21 81 57 74 19 84 15 81 19 54 79 32 53 68 40 69 90 77 51 55 81 63 76 13 66 49 28 63 90 23 34 90 95 83 63 20 70 16 51 51 27 68 90 56 95 75 24 11 93 37 44 87 74 85 50 38 95 63 64 54 56 39 99 42 50 91 56 97 85 47 62 10 78 19 94 77 0 85 49 39 89 60 37 91 54 20 68 17 35 96 36 39 36 98 64 42 43 81 22 91 50 89 71 58 33 55 17
99 66 43 29 68 59 73 73 18 99 62 80 52 24 58 24 80 87 53 40 31 22 11 96 60 63 84 84 25 37 14 31 90 65 20 82 17 61 85 85 87 64 31 68 14 78 43 96 78 23 64 41 61 39 38 70 90 21 68 97 83 50 34 97 45 83 86 79 10 89 69 60 86 39 16 39 91 68 63 48 36 72 77 23 64 26 21 99 79 84 99 83 47 96 86 95 66 72 96 26 85 41 10 33 90 16 88 28 29 59 72 86 88 37 85 0 85 37 97 26 98 11 76 22 59 69 31 19 35 89 65 70 57 83 41 42 73 43 53 88 51 70 35 65 29
80 94 16 61 52 50 25 20 79 66 99 26 44 83 32 13 14 16 10 42 43 39 76 52 32 18 79 34 73 52 63 69 71 39 20 57 32 16 74 23 70 28 72 82 77 92 56 94 11 60 29 12 55 43 41 99 86 22 90 62 93 27 89 95 62 26 97 21 34 52 76 40 98 84 46 12 88 78 33 59 11 76 88 65 39 76 24 72 35 44 71 19 59 53 69 67 66 70 61 78 21 89 37 64 46 65 16 68 88 48 10 75 25 56 49 85 0 84 19 50 47 41 44 62 99 86 58 96 70 89 53 33 58 45 60 42 94 38 98 92 59 84 18 74 35
68 81 34 84 36 91 59 89 49 80 32 13 34 83 34 86 29 30 37 72 60 57 42 68 34 70 52 85 92 17 20 60 74 47 33 86 97 81 71 68 98 95 33 86 79 29 19 36 34 12 28 39 82 88 51 23 39 21 51 29 95 87 49 77 22 75 82 98 70 74 56 30 93 38 36 10 30 64 63 61 55 63 26 88 78 71 62 20 73 71 34 50 92 59 66 47 19 37 97 23 88 35 84 77 82 58 86 68 98 67 74 59 37 28 39 37 84 0 50 94 84 20 17 77 54 34 24 52 67 74 57 63 86 42 50 22 48 20 79 39 42 97 76 41 77
69 19 91 35 13 45 20 86 32 56 40 27 36 22 60 44 51 38 67 56 59 75 99 33 91 46 66 80 35 57 78 66 39 49 92 52 92 62 87 35 94 90 83 95 75 18 29 80 33 49 47 30 72 10 47 71 29 83 33 17 44 51 13 18 48 82 45 11 47 26 66 81 67 44 58 33 58 39 49 58 50 81 63 16 32 16 73 27 98 10 78 79 54 27 54 68 17 15 85 24 39 79 52 13 28 77 22 46 82 76 64 99 37 82 89 97 19 50 0 89 24 85 41 42 36 50 91 73 80 84 95 71 67 80 78 82 93 50 38 24 32 55 86 37 78
55 25 81 60 73 62 75 73 58 23 76 89 93 47 91 49 55 27 27 97 13 79 79 99 64 24 95 68 16 60 74 11 28 93 45 26 98 44 99 44 43 66 33 56 15 72 33 50 47 57 81 57 69 27 63 54 21 57 40 80 89 19 48 69 41 60 77 30 76 63 29 29 95 56 41 95 23 67 37 96 86 78 31 86 75 67 89 62 23 71 13 12 25 32 85 74 86 97 10 58 88 67 14 70 38 74 74 90 39 47 39 83 60 63 60 26 50 94 89 0 82 51 21 54 65 90 79 39 42 61 66 35 91 17 48 34 96 45 86 83 61 53 41 57 12
45 34 59 18 25 61 30 37 21 92 89 77 50 63 82 93 47 79 32 78 84 18 48 25 76 49 40 26 31 29 97 89 76 67 63 61 80 87 63 12 98 44 70 41 96 84 29 47 32 35 20 51 11 13 29 47 55 73 34 82 87 75 43 72 65 14 73 39 61 55 17 45 53 73 14 81 69 37 84 37 55 69 74 16 29 23 25 55 21 76 44 95 13 54 19 58 36 63 62 24 37 77 90 74 61 90 85 47 87 73 19 20 13 27 37 98 47 84 24 82 0 10 29 43 57 61 57 71 29 27 93 84 83 69 38 73 93 37 66 14 17 35 27 67 29
92 70 20 18 31 40 92 76 50 69 52 70 88 78 93 44 32 46 39 71 55 53 50 64 43 89 93 38 59 37 96 20 40 53 48 62 52 61 58 33 39 66 39 37 60 86 10 66 40 89 65 24 39 21 45 69 12 77 27 66 88 78 45 32 63 57 51 69 62 44 92 94 95 77 27 92 97 41 45 98 86 78 55 16 41 15 81 16 12 47 49 28 79 64 58 45 48 15 55 80 86 88 43 32 42 37 33 24 33 22 50 52 73 19 91 11 41 20 85 51 10 0 51 47 10 36 95 98 68 63 92 14 90 26 23 94 45 79 40 23 64 70 10 30 10
67 82 23 41 17 41 92 24 51 86 12 55 83 98 80 13 59 98 34 56 73 88 88 37 98 24 54 94 98 94 15 24 46 71 49 68 13 19 61 62 49 83 26 52 64 52 41 57 90 76 34 76 40 64 47 11 55 51 75 89 55 96 97 82 64 96 17 16 84 33 80 47 28 67 21 97 67 47 24 30 28 63 85 17 85 74 42 55 96 47 91 91 16 17 43 25 67 34 71 93 53 29 17 74 83 87 95 83 41 53 90 68 85 68 54 76 44 17 41 21 29 51 0 42 72 35 40 18 60 12 88 18 91 57 32 59 92 57 92 71 44 15 65 55 99
31 85 52 38 68 44 71 43 11 74 19 80 26 20 19 64 38 53 24 76 88 77 68 34 10 85 75 74 17 86 71 19 89 41 64 87 95 92 20 90 11 30 89 90 94 42 53 35 26 64 55 69 79 65 16 30 73 37 53 35 42 28 43 95 75 82 68 71 85 59 89 87 54 19 17 23 53 22 20 98 21 39 77 89 36 68 83 24 92 80 35 85 62 15 86 97 30 64 30 93 15 87 37 85 15 72 25 19 26 53 72 35 14 24 20 22 62 77 42 54 43 47 42 0 34 58 26 77 29 46 86 43 23 20 74 98 66 98 12 23 49 76 69 39 79
14 20 46 34 56 60 49 34 93 98 99 19 25 59 87 42 53 89 75 56 68 56 24 57 47 47 56 39 16 77 81 29 50 81 95 76 29 22 45 80 16 63 65 21 54 83 89 29 39 94 37 16 33 89 76 92 54 61 19 51 99 48 58 54 63 59 92 87 84 71 86 24 97 15 99 71 25 73 82 66 45 44 30 48 63 95 36 78 45 85 87 66 30 64 97 96 15 21 54 32 65 78 47 63 73 58 18 21 39 78 47 38 59 81 68 59 99 54 36 65 57 10 72 34 0 50 73 58 20 39 88 67 62 55 66 77 54 80 59 75 70 68 61 55 68
87 24 82 28 11 94 69 11 17 16 81 69 19 32 33 53 67 42 76 91 73 87 41 12 69 39 20 99 31 58 96 43 46 58 59 35 98 26 80 47 65 77 46 33 13 49 31 98 82 71 42 98 16 89 46 84 95 68 76 36 49 76 85 60 95 47 56 72 41 95 58 69 76 85 22 45 34 71 97 39 77 35 13 71 19 84 69 82 75 99 93 72 32 79 51 95 99 48 63 41 25 58 12 55 84 22 16 59 28 10 49 93 54 24 17 69 86 34 50 90 61 36 35 58 50 0 69 87 17 87 51 44 51 88 50 26 90 24 52 71 60 33 99 69 70
59 81 21 15 92 70 95 99 89 23 11 53 41 99 79 22 12 46 87 33 38 82 15 90 26 56 82 54 66 33 50 54 79 45 22 16 98 79 47 22 59 53 94 35 85 98 55 74 88 86 11 92 74 22 40 41 87 91 11 66 40 95 72 37 17 88 11 55 17 85 61 95 86 22 94 94 59 17 72 66 46 60 62 83 58 18 29 53 94 44 84 51 88 77 39 65 70 45 88 99 95 58 50 50 71 32 93 16 95 50 81 33 41 46 35 31 58 24 91 79 57 95 40 26 73 69 0 59 34 19 87 86 18 42 21 13 58 58 72 24 90 96 86 65 44
92 76 88 47 99 55 27 52 90 78 31 48 62 49 16 69 54 95 20 11 66 61 20 79 96 98 86 26 85 28 17 15 22 47 89 73 94 86 34 26 81 94 15 60 95 38 78 41 95 23 41 37 65 19 43 48 42 30 69 18 32 46 16 30 92 14 45 62 65 51 17 14 21 78 43 86 23 25 32 44 90 91 94 65 24 77 61 59 15 27 50 41 99 68 32 92 59 74 70 49 65 47 36 28 71 99 59 77 14 60 62 71 54 50 96 19 96 52 73 39 71 98 18 77 58 87 59 0 70 92 45 65 21 74 48 56 79 97 83 33 20 26 83 61 74
46 74 45 58 37 21 58 88 40 57 68 26 45 53 33 83 63 23 42 62 68 24 54 11 56 66 76 63 51 37 89 59 70 25 76 97 81 79 12 70 38 28 15 33 26 96 91 10 90 48 78 43 77 88 24 42 41 27 53 61 19 93 63 70 34 37 46 64 80 30 43 41 98 21 71 45 91 64 86 52 97 53 21 17 95 22 25 89 86 60 78 51 45 13 21 74 62 98 66 15 11 78 14 76 74 33 17 13 35 55 91 32 29 47 36 35 70 67 80 42 29 68 60 29 20 17 34 70 0 50 19 26 24 32 26 92 67 44 10 64 96 30 35 41 74
84 88 86 23 81 74 10 24 87 98 69 58 61 69 96 31 43 73 21 85 68 90 70 20 90 70 78 54 35 17 12 50 19 20 46 61 81 12 59 58 60 54 88 90 16 92 55 41 32 86 13 48 77 65 43 29 55 71 11 53 30 11 30 54 68 34 49 34 19 32 77 96 10 27 13 10 19 29 21 53 25 79 16 52 88 10 32 78 55 68 28 20 93 18 43 38 87 33 63 86 21 20 66 18 16 66 63 25 91 54 63 47 38 38 39 89 89 74 84 61 27 63 12 46 39 87 19 92 50 0 78 80 28 36 86 44 76 98 21 70 60 43 16 67 24
63 78 15 35 33 33 27 16 19 83 53 21 57 99 55 65 28 21 28 70 23 43 24 53 84 95 96 98 44 56 98 13 76 87 48 15 92 32 69 51 44 69 35 47 67 75 18 85 32 82 66 53 73 50 90 56 32 93 32 80 68 78 46 90 54 55 54 38 66 23 46 92 34 47 18 61 93 43 73 77 14 15 49 49 26 27 22 41 58 65 61 50 75 84 77 66 95 23 80 15 46 17 16 93 69 15 18 20 14 86 91 69 55 68 36 65 53 57 95 66 93 92 88 86 88 51 87 45 19 78 0 14 61 89 43 16 97 77 65 51 68 34 33 10 41
25 87 25 18 32 56 28 63 26 18 22 75 82 65 41 13 39 37 96 77 75 98 37 29 31 47 34 33 15 76 77 95 68 56 67 68 82 32 18 83 78 52 72 59 37 58 61 47 97 97 77 61 47 87 59 10 27 57 74 26 10 94 54 65 81 27 84 30 56 12 73 30 30 51 30 46 10 61 30 48 75 11 37 67 63 76 92 41 78 20 98 38 71 26 85 26 52 32 72 50 68 22 61 35 24 84 82 90 97 28 64 43 85 56 98 70 33 63 71 35 84 14 18 43 67 44 86 65 26 80 14 0 70 34 32 85 87 87 90 64 91 45 11 92 64
52 30 64 27 65 76 86 50 83 90 12 20 49 22 33 41 28 26 40 77 84 47 41 94 80 39 21 27 22 43 84 34 97 21 62 85 45 14 15 57 71 38 80 75 74 45 96 43 76 76 69 76 37 20 10 42 26 16 76 52 80 41 82 45 73 17 42 73 39 27 19 63 25 32 34 13 66 19 78 10 77 52 57 49 71 51 57 72 37 86 57 44 74 89 42 67 85 69 29 21 88 72 26 98 86 31 86 76 89 64 38 72 21 12 64 57 58 86 67 91 83 90 91 23 62 51 18 21 24 28 61 70 0 79 31 24 97 55 54 30 22 78 85 80 33
68 94 35 51 47 59 74 96 72 14 61 11 18 66 64 47 83 94 52 54 78 67 52 38 70 65 88 61 82 28 93 99 39 16 87 12 97 14 16 76 32 68 62 89 69 45 90 12 18 62 51 54 43 37 86 51 68 52 11 22 69 29 94 94 46 61 95 75 69 74 89 90 56 58 80 10 17 87 62 69 30 35 90 47 27 28 21 59 95 61 77 44 43 63 64 14 27 31 43 97 89 14 35 57 54 36 11 88 78 76 72 15 37 18 42 83 45 42 80 17 69 26 57 20 55 88 42 74 32 36 89 34 79 0 98 80 58 57 93 13 16 11 19 16 60
42 32 56 52 65 69 62 44 93 35 21 17 59 29 77 65 31 22 93 83 15 76 60 77 89 59 48 96 30 55 76 66 10 50 75 67 71 28 87 88 25 44 99 26 11 54 45 54 12 47 69 76 36 51 51 41 10 33 43 81 37 19 26 45 17 45 90 84 28 90 26 56 92 53 38 67 83 23 83 98 47 90 81 92 94 29 84 87 33 75 39 78 93 39 75 46 26 36 22 56 86 45 76 76 52 98 83 94 14 18 80 71 61 19 43 41 60 50 78 48 38 23 32 74 66 50 21 48 26 86 43 32 31 98 0 56 84 10 19 61 95 65 32 96 99
13 14 74 30 27 95 78 49 89 10 60 18 49 20 56 38 73 60 77 23 38 96 16 66 83 50 98 23 61 83 19 40 99 35 53 30 37 37 88 69 87 31 33 39 76 93 40 21 15 25 75 17 28 94 38 58 97 59 18 54 47 17 15 87 21 17 65 24 29 55 55 28 54 17 21 54 18 61 48 98 52 96 58 87 95 17 30 79 49 96 74 86 43 38 33 75 67 91 70 97 59 88 84 77 70 70 83 86 28 43 77 10 21 94 81 42 42 22 82 34 73 94 59 98 77 26 13 56 92 44 16 85 24 80 56 0 86 61 35 76 18 70 51 92 79
55 90 31 98 99 95 48 15 31 81 63 95 83 27 42 43 18 46 89 67 73 36 71 32 49 44 46 57 29 71 57 99 18 23 46 28 21 23 36 32 21 25 70 97 62 49 15 25 11 10 37 68 30 22 24 28 19 47 73 69 50 61 65 98 90 47 32 18 18 75 93 82 55 59 97 82 22 56 96 87 53 42 47 73 66 61 76 38 14 55 17 84 60 46 67 84 43 60 13 50 17 81 60 99 72 38 47 77 26 50 17 28 59 72 22 73 94 48 93 96 93 45 92 66 54 90 58 79 67 76 97 87 97 58 84 86 0 63 53 21 80 17 95 70 54
73 55 30 45 16 16 54 80 39 21 75 17 49 23 61 48 33 39 35 96 58 85 83 83 17 49 79 80 49 88 99 16 49 75 20 97 93 54 51 76 38 91 26 19 62 55 93 22 58 82 66 54 19 92 67 80 76 59 27 15 79 48 74 97 46 96 83 22 96 51 55 49 20 35 95 26 92 62 90 37 74 61 49 75 55 94 37 42 14 17 97 11 10 91 62 24 74 10 47 91 88 61 71 75 96 19 39 80 40 49 53 87 56 69 91 43 38 20 50 45 37 79 57 98 80 24 58 97 44 98 77 87 55 57 10 61 63 0 61 33 90 64 54 94 73
11 16 63 92 67 63 42 59 65 33 59 88 35 88 78 31 81 55 73 41 58 45 14 49 60 20 20 68 68 35 31 85 70 48 16 69 81 55 58 49 70 89 22 46 96 61 65 52 27 47 25 16 15 20 76 69 60 28 57 72 94 50 90 96 16 95 27 61 91 43 34 98 55 45 74 76 97 62 91 50 59 90 33 15 33 91 73 10 55 81 13 50 27 65 76 79 35 65 33 21 34 36 53 10 78 23 84 37 75 45 46 34 76 55 50 53 98 79 38 86 66 40 92 12 59 52 72 83 10 21 65 90 54 93 19 35 53 61 0 59 80 22 98 62 87
98 24 93 87 25 64 44 71 36 82 26 54 50 85 30 63 11 20 12 19 24 25 58 84 87 58 34 91 57 18 40 59 84 69 90 14 94 89 75 69 97 22 94 62 39 79 83 58 73 72 69 47 93 19 84 19 30 78 48 59 94 86 31 51 66 71 93 46 22 45 30 75 39 91 52 62 82 58 12 15 49 52 93 60 73 87 98 38 76 60 39 22 44 45 39 91 13 34 71 75 98 58 67 94 64 82 67 99 20 57 95 51 95 46 89 88 92 39 24 83 14 23 71 23 75 71 24 33 64 70 51 64 30 13 61 76 21 33 59 0 58 70 59 18 18
31 35 29 38 86 41 50 70 71 77 66 58 76 19 45 69 81 53 31 12 88 38 38 29 86 51 68 44 45 75 39 91 69 35 32 43 76 99 34 47 74 86 18 68 89 91 25 89 21 31 13 68 79 73 31 97 26 40 47 61 96 73 75 54 86 49 52 74 83 61 95 78 11 91 78 16 78 64 77 20 13 35 16 36 38 67 41 87 50 13 95 65 28 32 67 47 47 73 33 11 31 24 55 84 66 77 14 74 64 87 59 68 22 14 71 51 59 42 32 61 17 64 44 49 70 60 90 20 96 60 68 91 22 16 95 18 80 90 80 58 0 60 36 13 75
71 72 90 65 64 56 29 62 11 77 89 58 42 97 13 63 33 53 95 19 80 89 27 66 87 12 79 47 23 29 53 88 84 32 87 15 66 17 72 14 38 27 89 46 68 92 33 64 84 26 50 95 45 19 98 69 74 73 77 92 94 68 68 13 33 54 44 60 49 41 70 90 94 35 67 35 88 27 66 83 31 24 53 18 12 56 11 35 21 18 40 87 27 28 57 57 48 33 78 91 58 75 37 32 24 96 56 25 89 35 88 98 45 51 58 70 84 97 55 53 35 70 15 76 68 33 96 26 30 43 34 45 78 11 65 70 17 64 22 70 60 0 64 98 28
64 50 57 32 39 46 21 79 10 48 34 23 12 40 67 20 24 22 85 24 95 96 59 46 84 35 41 36 55 10 66 35 13 14 44 73 77 88 94 96 99 85 31 96 55 52 70 21 21 55 61 56 23 91 79 63 18 94 46 53 33 76 88 14 22 27 34 66 84 64 96 11 49 25 50 88 63 58 40 13 64 32 50 26 55 97 18 23 33 46 49 92 63 12 58 39 93 98 27 33 57 59 41 77 47 81 44 67 75 86 43 73 88 53 33 35 18 76 86 41 27 10 65 69 61 99 86 83 35 16 33 11 85 19 32 51 95 54 98 59 36 64 0 69 72
64 53 50 92 93 97 78 62 70 57 49 86 44 48 53 40 99 19 53 17 63 29 27 31 86 54 61 51 69 80 62 84 94 12 54 51 92 24 47 37 81 85 44 95 65 78 41 27 91 41 29 83 22 56 20 82 54 77 48 79 60 12 90 45 91 73 37 56 49 21 47 39 82 23 69 59 40 64 50 23 18 91 17 22 53 48 16 46 30 33 88 36 14 55 77 56 50 88 62 74 62 56 66 70 14 85 40 28 33 78 19 53 18 10 55 65 74 41 37 57 67 30 55 39 55 69 65 61 41 67 10 92 80 16 96 92 70 94 62 18 13 98 69 0 43
88 24 33 30 42 86 42 23 53 37 38 82 91 73 39 53 68 34 72 58 87 93 76 52 84 62 20 68 38 16 59 55 53 61 95 33 30 52 67 91 36 36 28 22 56 95 66 76 99 76 13 54 63 79 18 92 52 11 14 99 75 35 80 62 57 48 26 58 80 70 31 49 22 21 69 94 71 96 31 90 33 83 36 90 39 25 14 74 63 52 24 70 17 98 84 98 62 95 16 24 28 41 28 49 14 36 87 87 57 70 91 70 87 63 17 29 35 77 78 12 29 10 99 79 68 70 44 74 74 24 41 64 33 60 99 79 54 73 87 18 75 28 72 43 0