70
0 91 42 70 53 28 58 70 54 46 81 84 26 44 56 47 80 13 77 35 57 24 20 27 60 69 87 25 52 98 49 49 81 79 26 56 84 40 76 33 73 38 16 97 19 66 80 79 81 48 65 14 41 11 51 66 32 91 85 62 19 70 25 30 14 58 20 39 94 28
91 0 27 77 13 97 99 54 95 53 92 62 39 80 71 19 98 32 90 79 62 85 90 59 23 52 56 80 59 85 92 89 89 24 14 85 40 55 36 83 88 55 59 94 86 99 68 68 84 61 57 65 82 27 56 17 69 64 10 80 71 86 40 93 67 55 10 45 55 74
42 27 0 86 77 50 57 90 96 77 99 52 10 54 58 29 43 21 96 35 44 93 30 16 38 79 15 73 72 83 25 92 17 71 67 13 56 85 10 54 49 49 85 52 56 94 44 31 26 50 54 69 15 71 88 35 84 47 87 58 86 38 98 73 13 18 50 32 16 59
70 77 86 0 44 27 75 98 34 59 91 25 62 11 20 42 47 45 53 62 89 17 24 96 19 30 53 44 32 66 92 74 27 69 12 16 68 62 76 12 64 99 40 43 66 45 88 15 73 56 96 94 69 51 99 61 11 31 87 37 85 71 39 36 88 34 29 99 67 39
53 13 77 44 0 12 50 76 17 62 71 95 24 34 98 63 37 87 34 59 46 71 24 20 38 43 57 53 77 41 53 66 79 74 88 86 15 70 20 19 41 76 32 63 66 73 39 38 44 33 43 75 64 27 30 66 86 65 35 19 15 40 33 33 43 74 15 85 30 89
28 97 50 27 12 0 55 35 88 71 44 88 49 49 18 44 25 56 32 78 44 68 28 37 91 72 99 19 10 17 44 96 94 10 48 88 59 87 31 95 43 48 52 65 21 59 66 42 56 89 21 62 21 34 52 85 64 41 76 39 47 45 56 58 38 85 82 96 63 80
58 99 57 75 50 55 0 23 96 73 84 18 97 42 43 24 72 79 24 18 73 63 47 60 13 41 66 47 59 55 83 33 65 42 78 67 74 97 69 46 73 87 84 82 95 66 90 31 56 81 80 22 23 71 27 77 90 35 70 52 12 35 48 62 74 50 53 30 15 34
70 54 90 98 76 35 23 0 72 43 91 93 44 59 39 59 75 91 56 73 79 69 72 24 59 86 81 95 34 31 14 44 13 38 34 75 58 94 36 25 16 56 55 34 81 35 19 97 41 22 80 83 38 46 40 51 39 79 93 74 70 15 89 36 20 33 77 73 11 12
54 95 96 34 17 88 96 72 0 43 75 90 46 57 62 30 55 66 61 39 51 91 67 90 99 76 47 21 30 17 57 85 76 21 76 83 81 49 10 25 72 70 77 54 17 70 11 61 61 79 79 26 43 86 27 83 53 49 69 92 49 78 10 18 13 96 90 30 29 70
46 53 77 59 62 71 73 43 43 0 28 14 46 84 88 83 52 49 88 89 31 16 22 65 57 54 96 81 90 54 71 56 27 22 36 44 92 80 31 11 21 75 94 62 48 26 36 41 48 14 54 17 18 96 33 63 68 86 43 30 43 84 21 78 78 78 52 35 26 52
81 92 99 91 71 44 84 91 75 28 0 13 74 95 50 26 33 33 67 60 18 10 34 78 90 41 56 72 99 58 45 89 41 44 81 58 46 37 79 32 39 95 41 85 43 52 73 53 81 78 62 63 58 37 87 66 64 73 79 36 53 13 32 43 97 74 40 63 16 63
84 62 52 25 95 88 18 93 90 14 13 0 63 19 92 24 49 56 43 22 13 80 48 25 52 94 38 70 99 91 13 43 69 31 39 59 19 82 44 86 42 51 99 50 38 79 96 30 56 48 89 17 32 32 33 90 64 93 20 43 10 47 89 41 48 86 46 92 61 84
26 39 10 62 24 49 97 44 46 46 74 63 0 72 78 56 43 67 44 75 76 55 56 80 67 53 92 84 74 79 86 53 57 80 23 58 62 88 59 96 13 76 27 91 37 24 75 83 89 64 80 19 18 48 51 43 10 45 64 97 56 77 99 79 33 57 92 37 31 96
44 80 54 11 34 49 42 59 57 84 95 19 72 0 52 57 16 98 38 55 97 93 93 83 57 67 98 71 81 18 41 92 16 36 91 28 54 69 81 27 69 56 58 21 72 42 83 88 88 23 54 22 51 10 34 25 24 35 59 28 71 26 61 60 60 48 92 98 77 53
56 71 58 20 98 18 43 39 62 88 50 92 78 52 0 93 17 53 98 90 58 82 59 46 93 76 22 15 88 76 40 87 23 97 38 31 26 23 25 66 17 29 58 67 60 86 11 10 72 29 48 85 56 30 26 37 12 65 80 88 17 41 89 29 98 35 20 51 72 26
47 19 29 42 63 44 24 59 30 83 26 24 56 57 93 0 28 82 49 16 71 39 57 73 72 11 30 75 59 15 11 61 13 56 99 61 10 27 36 77 88 17 70 13 73 12 85 31 16 96 31 21 54 67 65 47 89 52 92 35 17 28 20 73 86 91 99 34 65 29
80 98 43 47 37 25 72 75 55 52 33 49 43 16 17 28 0 93 81 53 56 74 87 52 21 46 29 79 67 63 62 72 35 88 64 61 15 85 50 31 42 89 42 72 49 38 12 69 39 60 62 26 79 48 72 58 84 67 29 69 33 63 19 43 81 57 41 80 57 66
13 32 21 45 87 56 79 91 66 49 33 56 67 98 53 82 93 0 45 92 45 22 79 41 53 58 71 97 61 18 45 42 81 76 14 39 34 99 42 57 94 48 36 47 82 28 97 69 36 80 56 57 96 67 90 66 93 37 35 25 32 45 39 84 87 43 25 87 89 78
77 90 96 53 34 32 24 56 61 88 67 43 44 38 98 49 81 45 0 91 78 20 44 17 35 80 89 49 87 92 28 96 24 71 72 34 38 68 44 40 84 54 47 36 86 90 56 57 10 64 37 53 66 64 51 44 53 65 30 96 40 67 50 36 36 36 97 96 11 33
35 79 35 62 59 78 18 73 39 89 60 22 75 55 90 16 53 92 91 0 80 59 11 63 58 36 21 44 37 70 60 70 66 65 67 77 72 13 72 21 71 72 12 15 53 97 68 41 77 35 82 83 36 44 99 33 26 94 81 29 62 95 78 58 22 81 44 76 76 12
57 62 44 89 46 44 73 79 51 31 18 13 76 97 58 71 56 45 78 80 0 21 61 85 56 18 67 99 86 40 65 91 42 81 91 82 41 86 43 21 57 99 51 32 45 25 95 79 16 18 90 99 60 85 19 76 54 52 35 17 71 15 14 72 61 60 73 25 83 78
24 85 93 17 71 68 63 69 91 16 10 80 55 93 82 39 74 22 20 59 21 0 42 75 93 49 98 45 80 87 26 79 43 70 26 83 42 31 98 11 22 15 26 98 47 86 39 95 84 71 65 49 33 93 29 54 46 86 67 20 60 13 27 27 46 60 89 25 22 27
20 90 30 24 24 28 47 72 67 22 34 48 56 93 59 57 87 79 44 11 61 42 0 27 14 16 45 96 32 22 19 80 34 79 14 41 89 44 41 23 96 96 52 92 34 79 41 60 69 35 46 68 78 20 83 13 33 26 84 84 95 93 37 70 33 86 71 47 39 14
27 59 16 96 20 37 60 24 90 65 78 25 80 83 46 73 52 41 17 63 85 75 27 0 82 63 26 49 99 85 78 15 48 16 90 95 45 37 43 86 83 15 52 17 59 54 27 97 34 48 43 20 59 35 30 15 11 23 44 59 53 35 64 35 58 98 19 77 75 72
60 23 38 19 38 91 13 59 99 57 90 52 67 57 93 72 21 53 35 58 56 93 14 82 0 53 72 10 58 78 87 74 22 86 19 95 62 32 61 74 16 84 68 68 92 11 61 32 47 76 29 59 78 29 28 42 63 40 15 49 86 64 66 17 11 98 65 55 13 49
69 52 79 30 43 72 41 86 76 54 41 94 53 67 76 11 46 58 80 36 18 49 16 63 53 0 40 36 69 17 39 11 95 77 86 94 43 32 58 90 72 20 27 10 58 85 24 76 27 51 59 58 10 14 64 56 92 98 10 41 34 97 23 36 81 14 67 42 27 46
87 56 15 53 57 99 66 81 47 96 56 38 92 98 22 30 29 71 89 21 67 98 45 26 72 40 0 93 92 69 17 20 11 33 65 90 64 22 17 37 20 69 99 47 15 70 37 70 11 50 33 83 77 25 95 30 80 66 82 50 85 12 82 64 19 22 63 57 85 55
25 80 73 44 53 19 47 95 21 81 72 70 84 71 15 75 79 97 49 44 99 45 96 49 10 36 93 0 18 73 39 18 91 22 17 28 62 14 46 93 56 47 15 85 64 65 69 90 56 31 98 55 99 99 90 94 49 38 75 56 71 51 73 41 11 84 95 99 87 72
52 59 72 32 77 10 59 34 30 90 99 99 74 81 88 59 67 61 87 37 86 80 32 99 58 69 92 18 0 27 25 36 79 11 72 23 83 64 56 97 29 48 45 95 97 82 20 76 35 25 22 86 35 76 89 67 15 70 28 21 24 56 77 49 22 12 92 41 96 91
98 85 83 66 41 17 55 31 17 54 58 91 79 18 76 15 63 18 92 70 40 87 22 85 78 17 69 73 27 0 23 27 55 21 66 10 55 37 37 98 98 18 77 91 25 45 87 46 11 36 16 82 23 85 22 33 68 11 15 46 42 48 32 98 75 36 58 67 99 69
49 92 25 92 53 44 83 14 57 71 45 13 86 41 40 11 62 45 28 60 65 26 19 78 87 39 17 39 25 23 0 52 68 86 80 46 70 59 96 58 68 93 18 70 51 90 57 15 51 22 92 42 21 76 79 43 38 48 25 78 81 97 76 75 14 84 49 39 45 53
49 89 92 74 66 96 33 44 85 56 89 43 53 92 87 61 72 42 96 70 91 79 80 15 74 11 20 18 36 27 52 0 90 53 27 99 36 85 56 35 95 90 19 76 53 92 55 22 58 57 66 17 82 36 65 28 40 40 35 74 39 23 94 81 50 30 53 35 11 22
81 89 17 27 79 94 65 13 76 27 41 69 57 16 23 13 35 81 24 66 42 43 34 48 22 95 11 91 79 55 68 90 0 32 15 88 77 63 40 32 86 58 99 26 40 88 78 78 25 91 29 72 46 49 41 69 29 22 69 32 84 89 48 97 88 16 48 72 18 22
79 24 71 69 74 10 42 38 21 22 44 31 80 36 97 56 88 76 71 65 81 70 79 16 86 77 33 22 11 21 86 53 32 0 90 31 35 90 99 93 23 42 31 39 62 98 39 35 79 72 78 63 53 18 52 22 29 58 89 95 43 88 25 84 84 99 81 70 75 74
26 14 67 12 88 48 78 34 76 36 81 39 23 91 38 99 64 14 72 67 91 26 14 90 19 86 65 17 72 66 80 27 15 90 0 58 65 83 75 17 80 79 58 15 27 19 12 12 82 98 97 56 27 48 17 36 98 80 74 54 68 56 22 59 59 33 77 19 67 80
56 85 13 16 86 88 67 75 83 44 58 59 58 28 31 61 61 39 34 77 82 83 41 95 95 94 90 28 23 10 46 99 88 31 58 0 48 97 10 10 59 97 25 50 10 72 52 83 18 53 16 21 66 53 71 32 94 81 41 93 36 24 88 38 56 63 89 60 92 25
84 40 56 68 15 59 74 58 81 92 46 19 62 54 26 10 15 34 38 72 41 42 89 45 62 43 64 62 83 55 70 36 77 35 65 48 0 92 18 66 44 26 23 51 56 78 28 18 48 11 98 85 28 78 30 25 17 62 29 91 73 72 26 88 38 44 50 54 74 17
40 55 85 62 70 87 97 94 49 80 37 82 88 69 23 27 85 99 68 13 86 31 44 37 32 32 22 14 64 37 59 85 63 90 83 97 92 0 20 36 84 16 22 39 72 44 68 74 24 82 52 92 31 59 37 31 12 48 12 77 33 79 47 16 37 24 28 84 12 72
76 36 10 76 20 31 69 36 10 31 79 44 59 81 25 36 50 42 44 72 43 98 41 43 61 58 17 46 56 37 96 56 40 99 75 10 18 20 0 57 13 48 82 93 45 18 92 90 74 19 21 42 19 40 46 17 83 60 34 68 26 62 24 37 99 58 29 79 94 93
33 83 54 12 19 95 46 25 25 11 32 86 96 27 66 77 31 57 40 21 21 11 23 86 74 90 37 93 97 98 58 35 32 93 17 10 66 36 57 0 16 25 81 62 39 85 87 68 38 33 15 51 81 25 94 84 86 63 17 47 57 70 51 52 96 73 12 24 92 11
73 88 49 64 41 43 73 16 72 21 39 42 13 69 17 88 42 94 84 71 57 22 96 83 16 72 20 56 29 98 68 95 86 23 80 59 44 84 13 16 0 14 34 81 25 82 32 86 98 33 84 79 78 48 41 84 58 75 92 83 60 62 92 86 18 23 40 25 16 85
38 55 49 99 76 48 87 56 70 75 95 51 76 56 29 17 89 48 54 72 99 15 96 15 84 20 69 47 48 18 93 90 58 42 79 97 26 16 48 25 14 0 18 35 45 58 20 84 54 45 13 91 45 14 50 92 69 82 81 34 19 34 37 13 90 45 27 60 67 16
16 59 85 40 32 52 84 55 77 94 41 99 27 58 58 70 42 36 47 12 51 26 52 52 68 27 99 15 45 77 18 19 99 31 58 25 23 22 82 81 34 18 0 51 89 10 36 46 67 29 23 13 16 13 81 98 85 38 25 82 51 45 86 42 62 40 88 27 91 86
97 94 52 43 63 65 82 34 54 62 85 50 91 21 67 13 72 47 36 15 32 98 92 17 68 10 47 85 95 91 70 76 26 39 15 50 51 39 93 62 81 35 51 0 90 91 88 73 51 27 25 27 91 52 94 66 79 18 15 57 89 53 29 18 45 27 13 12 71 67
19 86 56 66 66 21 95 81 17 48 43 38 37 72 60 73 49 82 86 53 45 47 34 59 92 58 15 64 97 25 51 53 40 62 27 10 56 72 45 39 25 45 89 90 0 80 12 73 37 79 78 22 97 38 66 13 88 83 45 14 62 16 64 82 46 57 79 83 84 86
66 99 94 45 73 59 66 35 70 26 52 79 24 42 86 12 38 28 90 97 25 86 79 54 11 85 70 65 82 45 90 92 88 98 19 72 78 44 18 85 82 58 10 91 80 0 41 61 64 36 68 18 36 32 54 76 42 69 67 20 23 26 84 43 67 16 13 31 25 41
80 68 44 88 39 66 90 19 11 36 73 96 75 83 11 85 12 97 56 68 95 39 41 27 61 24 37 69 20 87 57 55 78 39 12 52 28 68 92 87 32 20 36 88 12 41 0 86 56 29 31 14 45 51 44 28 35 97 44 13 53 56 30 61 64 29 73 64 13 30
79 68 31 15 38 42 31 97 61 41 53 30 83 88 10 31 69 69 57 41 79 95 60 97 32 76 70 90 76 46 15 22 78 35 12 83 18 74 90 68 86 84 46 73 73 61 86 0 80 80 38 48 74 34 46 51 40 51 45 45 58 12 79 34 59 57 35 21 27 39
81 84 26 73 44 56 56 41 61 48 81 56 89 88 72 16 39 36 10 77 16 84 69 34 47 27 11 56 35 11 51 58 25 79 82 18 48 24 74 38 98 54 67 51 37 64 56 80 0 89 58 76 57 88 79 98 38 96 96 80 25 27 65 25 83 69 34 13 28 12
48 61 50 56 33 89 81 22 79 14 78 48 64 23 29 96 60 80 64 35 18 71 35 48 76 51 50 31 25 36 22 57 91 72 98 53 11 82 19 33 33 45 29 27 79 36 29 80 89 0 82 54 73 55 85 18 24 50 60 24 48 11 39 54 45 51 69 67 53 98
65 57 54 96 43 21 80 80 79 54 62 89 80 54 48 31 62 56 37 82 90 65 46 43 29 59 33 98 22 16 92 66 29 78 97 16 98 52 21 15 84 13 23 25 78 68 31 38 58 82 0 74 11 17 84 48 88 95 56 86 96 88 33 99 79 42 93 10 80 61
14 65 69 94 75 62 22 83 26 17 63 17 19 22 85 21 26 57 53 83 99 49 68 20 59 58 83 55 86 82 42 17 72 63 56 21 85 92 42 51 79 91 13 27 22 18 14 48 76 54 74 0 78 28 22 25 17 30 27 49 62 99 88 58 34 13 12 24 34 75
41 82 15 69 64 21 23 38 43 18 58 32 18 51 56 54 79 96 66 36 60 33 78 59 78 10 77 99 35 23 21 82 46 53 27 66 28 31 19 81 78 45 16 91 97 36 45 74 57 73 11 78 0 99 36 98 85 18 80 24 90 33 65 91 60 50 18 91 26 86
11 27 71 51 27 34 71 46 86 96 37 32 48 10 30 67 48 67 64 44 85 93 20 35 29 14 25 99 76 85 76 36 49 18 48 53 78 59 40 25 48 14 13 52 38 32 51 34 88 55 17 28 99 0 33 22 98 36 62 43 15 65 44 62 13 32 19 72 22 14
51 56 88 99 30 52 27 40 27 33 87 33 51 34 26 65 72 90 51 99 19 29 83 30 28 64 95 90 89 22 79 65 41 52 17 71 30 37 46 94 41 50 81 94 66 54 44 46 79 85 84 22 36 33 0 44 66 82 77 46 73 22 30 67 15 27 49 43 48 27
66 17 35 61 66 85 77 51 83 63 66 90 43 25 37 47 58 66 44 33 76 54 13 15 42 56 30 94 67 33 43 28 69 22 36 32 25 31 17 84 84 92 98 66 13 76 28 51 98 18 48 25 98 22 44 0 95 37 34 71 40 74 46 44 90 55 20 54 94 81
32 69 84 11 86 64 90 39 53 68 64 64 10 24 12 89 84 93 53 26 54 46 33 11 63 92 80 49 15 68 38 40 29 29 98 94 17 12 83 86 58 69 85 79 88 42 35 40 38 24 88 17 85 98 66 95 0 10 90 59 99 22 48 47 73 86 82 11 78 51
91 64 47 31 65 41 35 79 49 86 73 93 45 35 65 52 67 37 65 94 52 86 26 23 40 98 66 38 70 11 48 40 22 58 80 81 62 48 60 63 75 82 38 18 83 69 97 51 96 50 95 30 18 36 82 37 10 0 74 16 31 79 61 43 33 98 29 16 20 21
85 10 87 87 35 76 70 93 69 43 79 20 64 59 80 92 29 35 30 81 35 67 84 44 15 10 82 75 28 15 25 35 69 89 74 41 29 12 34 17 92 81 25 15 45 67 44 45 96 60 56 27 80 62 77 34 90 74 0 78 56 79 93 12 70 67 12 18 54 83
62 80 58 37 19 39 52 74 92 30 36 43 97 28 88 35 69 25 96 29 17 20 84 59 49 41 50 56 21 46 78 74 32 95 54 93 91 77 68 47 83 34 82 57 14 20 13 45 80 24 86 49 24 43 46 71 59 16 78 0 54 55 89 36 24 18 44 97 21 40
19 71 86 85 15 47 12 70 49 43 53 10 56 71 17 17 33 32 40 62 71 60 95 53 86 34 85 71 24 42 81 39 84 43 68 36 73 33 26 57 60 19 51 89 62 23 53 58 25 48 96 62 90 15 73 40 99 31 56 54 0 90 61 68 62 27 34 47 20 62
70 86 38 71 40 45 35 15 78 84 13 47 77 26 41 28 63 45 67 95 15 13 93 35 64 97 12 51 56 48 97 23 89 88 56 24 72 79 62 70 62 34 45 53 16 26 56 12 27 11 88 99 33 65 22 74 22 79 79 55 90 0 79 20 26 27 35 10 53 73
25 40 98 39 33 56 48 89 10 21 32 89 99 61 89 20 19 39 50 78 14 27 37 64 66 23 82 73 77 32 76 94 48 25 22 88 26 47 24 51 92 37 86 29 64 84 30 79 65 39 33 88 65 44 30 46 48 61 93 89 61 79 0 35 34 15 22 86 87 59
30 93 73 36 33 58 62 36 18 78 43 41 79 60 29 73 43 84 36 58 72 27 70 35 17 36 64 41 49 98 75 81 97 84 59 38 88 16 37 52 86 13 42 18 82 43 61 34 25 54 99 58 91 62 67 44 47 43 12 36 68 20 35 0 40 83 87 47 31 43
14 67 13 88 43 38 74 20 13 78 97 48 33 60 98 86 81 87 36 22 61 46 33 58 11 81 19 11 22 75 14 50 88 84 59 56 38 37 99 96 18 90 62 45 46 67 64 59 83 45 79 34 60 13 15 90 73 33 70 24 62 26 34 40 0 31 23 72 32 68
58 55 18 34 74 85 50 33 96 78 74 86 57 48 35 91 57 43 36 81 60 60 86 98 98 14 22 84 12 36 84 30 16 99 33 63 44 24 58 73 23 45 40 27 57 16 29 57 69 51 42 13 50 32 27 55 86 98 67 18 27 27 15 83 31 0 26 55 47 75
20 10 50 29 15 82 53 77 90 52 40 46 92 92 20 99 41 25 97 44 73 89 71 19 65 67 63 95 92 58 49 53 48 81 77 89 50 28 29 12 40 27 88 13 79 13 73 35 34 69 93 12 18 19 49 20 82 29 12 44 34 35 22 87 23 26 0 20 10 49
39 45 32 99 85 96 30 73 30 35 63 92 37 98 51 34 80 87 96 76 25 25 47 77 55 42 57 99 41 67 39 35 72 70 19 60 54 84 79 24 25 60 27 12 83 31 64 21 13 67 10 24 91 72 43 54 11 16 18 97 47 10 86 47 72 55 20 0 91 85
94 55 16 67 30 63 15 11 29 26 16 61 31 77 72 65 57 89 11 76 83 22 39 75 13 27 85 87 96 99 45 11 18 75 67 92 74 12 94 92 16 67 91 71 84 25 13 27 28 53 80 34 26 22 48 94 78 20 54 21 20 53 87 31 32 47 10 91 0 33
28 74 59 39 89 80 34 12 70 52 63 84 96 53 26 29 66 78 33 12 78 27 14 72 49 46 55 72 91 69 53 22 22 74 80 25 17 72 93 11 85 16 86 67 86 41 30 39 12 98 61 75 86 14 27 81 51 21 83 40 62 73 59 43 68 75 49 85 33 0