40
0 77 74 91 19 80 87 69 68 93 22 50 11 65 72 30 19 20 34 18 38 49 34 27 73 47 98 37 12 61 97 94 64 70 44 72 30 32 14 26
77 0 61 67 47 37 50 17 92 11 12 70 19 57 67 24 46 79 47 79 93 59 21 54 51 24 20 29 91 34 17 80 73 34 81 57 15 16 31 95
74 61 0 38 14 80 77 14 84 81 60 88 46 80 84 41 51 26 51 84 17 43 66 35 15 29 24 80 16 76 17 28 36 69 48 28 65 47 83 71
91 67 38 0 41 28 77 55 30 24 18 39 73 73 44 56 38 28 48 45 92 97 56 98 55 72 66 58 54 19 15 31 66 33 11 74 26 78 39 86
19 47 14 41 0 33 19 73 84 99 60 22 94 58 29 13 54 75 71 47 33 97 46 11 42 18 88 32 86 40 19 14 47 78 38 10 21 13 80 25
80 37 80 28 33 0 60 99 87 51 51 39 34 86 44 78 79 73 24 51 29 58 49 71 97 63 74 64 39 48 14 64 21 15 19 21 51 26 54 49
87 50 77 77 19 60 0 72 64 70 23 75 48 64 67 87 47 22 36 49 61 86 59 72 76 41 89 91 81 58 31 28 44 17 64 28 21 69 39 81
69 17 14 55 73 99 72 0 76 87 42 85 51 50 80 98 55 24 43 20 18 63 77 83 69 73 96 91 99 75 94 58 62 74 91 93 61 11 62 22
68 92 84 30 84 87 64 76 0 93 53 12 35 83 27 48 24 73 64 82 45 94 50 59 93 67 32 59 93 50 54 19 80 20 51 76 62 41 92 41
93 11 81 24 99 51 70 87 93 0 84 50 90 52 12 75 52 45 19 55 76 90 70 27 65 27 88 27 39 40 28 26 36 43 30 31 56 27 43 80
22 12 60 18 60 51 23 42 53 84 0 33 81 93 49 63 60 57 34 95 13 33 12 17 75 26 99 93 19 80 47 49 25 21 42 55 92 91 58 93
50 70 88 39 22 39 75 85 12 50 33 0 46 65 44 71 20 73 20 23 56 80 56 98 37 79 87 26 49 35 10 19 66 72 13 58 37 62 79 64
11 19 46 73 94 34 48 51 35 90 81 46 0 56 24 21 16 63 73 23 38 57 90 48 28 93 25 11 56 11 49 88 78 53 19 55 29 71 54 91
65 57 80 73 58 86 64 50 83 52 93 65 56 0 85 51 59 33 61 75 54 55 17 82 41 87 29 88 71 41 40 94 93 93 63 44 10 49 14 56
72 67 84 44 29 44 67 80 27 12 49 44 24 85 0 35 26 80 54 40 66 75 25 26 83 27 71 85 50 73 25 82 73 81 26 31 72 38 69 17
30 24 41 56 13 78 87 98 48 75 63 71 21 51 35 0 29 31 19 63 25 67 85 15 75 74 22 25 18 28 44 60 15 98 60 93 65 23 42 62
19 46 51 38 54 79 47 55 24 52 60 20 16 59 26 29 0 17 22 17 68 62 63 92 19 36 31 76 92 27 96 42 82 92 15 10 33 24 37 67
20 79 26 28 75 73 22 24 73 45 57 73 63 33 80 31 17 0 99 87 99 53 54 13 41 73 40 99 70 42 48 33 70 15 41 36 79 87 33 95
34 47 51 48 71 24 36 43 64 19 34 20 73 61 54 19 22 99 0 60 78 57 48 14 16 77 54 67 39 73 42 70 86 68 75 14 88 39 85 40
18 79 84 45 47 51 49 20 82 55 95 23 23 75 40 63 17 87 60 0 95 71 17 74 30 79 71 15 54 16 27 63 24 19 67 63 56 73 88 59
38 93 17 92 33 29 61 18 45 76 13 56 38 54 66 25 68 99 78 95 0 40 85 34 88 58 53 64 90 66 25 74 91 71 11 62 75 76 30 88
49 59 43 97 97 58 86 63 94 90 33 80 57 55 75 67 62 53 57 71 40 0 75 45 51 94 38 16 89 57 25 85 38 97 54 67 61 15 58 89
34 21 66 56 46 49 59 77 50 70 12 56 90 17 25 85 63 54 48 17 85 75 0 64 69 40 57 23 17 97 84 49 94 98 52 14 11 17 28 59
27 54 35 98 11 71 72 83 59 27 17 98 48 82 26 15 92 13 14 74 34 45 64 0 47 71 35 37 44 82 89 31 42 93 54 21 10 83 28 30
73 51 15 55 42 97 76 69 93 65 75 37 28 41 83 75 19 41 16 30 88 51 69 47 0 17 83 60 45 50 65 95 24 35 75 50 29 38 31 93
47 24 29 72 18 63 41 73 67 27 26 79 93 87 27 74 36 73 77 79 58 94 40 71 17 0 50 12 66 13 38 73 18 48 89 30 87 56 45 56
98 20 24 66 88 74 89 96 32 88 99 87 25 29 71 22 31 40 54 71 53 38 57 35 83 50 0 34 49 92 56 11 59 91 88 30 91 20 81 77
37 29 80 58 32 64 91 91 59 27 93 26 11 88 85 25 76 99 67 15 64 16 23 37 60 12 34 0 18 70 90 65 73 17 18 50 60 82 47 99
12 91 16 54 86 39 81 99 93 39 19 49 56 71 50 18 92 70 39 54 90 89 17 44 45 66 49 18 0 93 23 59 14 11 44 67 62 96 52 55
61 34 76 19 40 48 58 75 50 40 80 35 11 41 73 28 27 42 73 16 66 57 97 82 50 13 92 70 93 0 61 44 77 48 95 58 10 86 72 13
97 17 17 15 19 14 31 94 54 28 47 10 49 40 25 44 96 48 42 27 25 25 84 89 65 38 56 90 23 61 0 87 25 47 90 21 83 96 89 27
94 80 28 31 14 64 28 58 19 26 49 19 88 94 82 60 42 33 70 63 74 85 49 31 95 73 11 65 59 44 87 0 53 57 82 58 36 49 89 65
64 73 36 66 47 21 44 62 80 36 25 66 78 93 73 15 82 70 86 24 91 38 94 42 24 18 59 73 14 77 25 53 0 44 47 18 17 29 94 87
70 34 69 33 78 15 17 74 20 43 21 72 53 93 81 98 92 15 68 19 71 97 98 93 35 48 91 17 11 48 47 57 44 0 93 57 44 17 44 20
44 81 48 11 38 19 64 91 51 30 42 13 19 63 26 60 15 41 75 67 11 54 52 54 75 89 88 18 44 95 90 82 47 93 0 81 52 58 40 72
72 57 28 74 10 21 28 93 76 31 55 58 55 44 31 93 10 36 14 63 62 67 14 21 50 30 30 50 67 58 21 58 18 57 81 0 28 45 24 98
30 15 65 26 21 51 21 61 62 56 92 37 29 10 72 65 33 79 88 56 75 61 11 10 29 87 91 60 62 10 83 36 17 44 52 28 0 46 52 58
32 16 47 78 13 26 69 11 41 27 91 62 71 49 38 23 24 87 39 73 76 15 17 83 38 56 20 82 96 86 96 49 29 17 58 45 46 0 24 81
14 31 83 39 80 54 39 62 92 43 58 79 54 14 69 42 37 33 85 88 30 58 28 28 31 45 81 47 52 72 89 89 94 44 40 24 52 24 0 22
26 95 71 86 25 49 81 22 41 80 93 64 91 56 17 62 67 95 40 59 88 89 59 30 93 56 77 99 55 13 27 65 87 20 72 98 58 81 22 0