125
0 77 78 18 41 79 12 83 18 56 32 81 72 40 60 55 22 81 59 80 15 45 51 54 48 55 64 58 52 83 67 25 89 83 13 55 13 64 29 74 49 77 47 96 74 72 15 75 20 15 91 72 16 87 42 14 18 78 21 27 63 68 97 53 84 24 90 24 77 24 75 68 35 83 89 24 50 68 46 23 54 46 27 59 22 42 22 68 19 70 49 14 51 55 95 72 56 61 15 25 83 62 76 82 25 87 22 30 66 85 11 69 10 68 30 55 10 37 48 55 32 94 34 34 93
77 0 97 99 38 10 74 74 40 76 64 28 23 87 46 50 50 27 55 79 35 32 32 31 18 67 17 76 80 92 68 64 16 61 94 83 29 97 10 88 38 99 10 58 53 24 98 92 50 23 42 51 70 65 20 28 81 67 99 23 74 87 66 85 38 69 17 99 25 48 36 27 26 31 59 79 90 64 16 27 47 34 70 11 94 11 66 93 26 81 41 59 37 65 56 25 33 56 28 71 12 92 13 94 63 44 19 29 73 28 25 41 25 82 46 66 24 75 12 98 45 36 63 86 75
78 97 0 61 39 47 12 98 31 91 19 60 84 49 63 86 29 96 30 44 97 77 86 71 27 66 43 15 33 24 88 28 93 22 19 46 34 61 64 36 60 12 61 78 49 50 90 70 69 62 28 47 35 12 92 62 91 33 73 19 10 70 49 72 97 77 39 22 47 57 71 36 97 11 99 22 18 80 99 77 74 20 44 37 42 14 90 37 24 88 32 23 62 31 79 50 24 50 40 25 94 90 39 76 71 15 43 76 32 76 83 96 31 55 67 57 20 63 25 94 99 27 95 94 14
18 99 61 0 76 42 55 13 27 43 89 38 31 36 90 64 39 41 49 10 55 77 65 87 27 86 82 87 25 94 38 93 79 67 67 94 11 16 55 86 60 84 33 13 61 71 73 68 18 54 97 62 95 86 24 92 12 95 75 24 93 94 23 67 55 69 35 48 95 93 59 58 62 58 47 24 24 47 52 23 71 60 10 57 64 55 60 93 21 73 72 79 64 61 68 79 58 13 16 61 94 86 66 82 48 54 46 67 79 99 24 38 36 20 83 93 69 33 62 99 81 61 93 91 55
41 38 39 76 0 21 61 44 56 39 20 59 25 76 99 96 17 96 70 53 23 15 70 80 37 74 88 64 87 24 44 92 41 39 36 32 82 40 67 30 91 54 31 57 85 36 51 94 79 91 14 24 82 32 46 56 46 67 26 87 72 54 19 78 54 34 35 56 55 62 67 24 18 65 64 74 79 87 91 97 24 33 90 91 60 49 35 46 86 74 51 87 73 30 89 64 26 48 65 35 15 21 74 90 28 99 24 81 35 15 59 48 92 11 22 23 44 16 94 39 38 45 94 83 55
79 10 47 42 21 0 12 17 63 35 38 58 94 26 22 91 43 49 83 69 50 81 48 62 75 88 70 96 78 77 92 17 76 32 47 54 87 38 23 17 52 16 11 91 93 50 49 79 65 46 45 38 98 79 47 51 53 14 67 78 84 29 99 62 58 47 85 77 27 36 55 33 83 93 75 93 91 47 38 60 40 90 15 74 32 78 88 12 53 82 95 74 84 28 63 62 59 27 68 50 40 28 11 10 33 15 71 33 97 56 24 80 91 33 30 40 93 23 39 57 51 16 11 11 69
12 74 12 55 61 12 0 97 51 18 50 97 53 23 11 32 58 94 88 68 52 98 36 95 35 91 43 89 95 48 78 19 89 41 34 90 68 87 83 60 66 62 62 69 26 61 48 90 55 24 49 85 13 48 38 41 87 71 83 58 86 70 27 55 82 57 82 42 77 52 21 60 87 83 56 17 60 12 57 57 25 98 55 58 65 26 88 57 36 15 96 10 32 79 40 59 11 81 24 48 68 32 10 33 14 25 27 70 94 67 93 24 66 57 40 71 54 13 14 71 18 90 48 67 96
83 74 98 13 44 17 97 0 10 92 59 23 85 53 47 44 42 24 61 58 94 37 84 23 18 69 97 59 48 88 84 96 43 86 91 63 94 93 20 15 35 60 58 49 73 34 94 22 54 85 28 79 76 20 55 59 30 49 70 99 63 26 19 76 99 65 14 45 28 74 87 97 21 41 74 73 75 12 38 27 18 61 42 10 56 80 81 40 93 52 34 30 52 94 63 55 55 95 58 19 34 39 69 84 76 75 61 58 97 13 52 39 20 43 52 78 17 39 14 62 96 25 48 19 61
18 40 31 27 56 63 51 10 0 97 46 75 77 83 11 39 92 68 57 90 17 78 35 45 67 17 77 60 71 93 67 55 92 94 21 56 97 33 93 47 74 36 75 98 33 19 47 32 88 14 58 41 88 78 90 64 87 21 80 59 94 30 98 25 12 70 35 98 58 89 94 26 39 38 47 48 32 95 69 50 43 52 12 80 53 72 89 81 54 43 36 92 91 32 82 62 86 57 73 50 12 35 97 91 73 97 68 58 64 70 41 51 66 51 83 33 97 42 51 44 71 57 47 55 29
56 76 91 43 39 35 18 92 97 0 54 63 32 68 74 25 49 38 96 54 63 66 12 97 45 20 15 40 42 79 96 74 88 38 56 46 91 42 66 10 90 87 43 24 94 90 87 85 31 28 94 66 15 24 17 11 75 58 68 16 94 30 59 62 30 31 35 64 98 94 39 76 97 14 14 48 25 31 79 33 94 41 11 40 57 53 74 98 18 67 93 13 85 72 83 68 42 11 44 78 69 88 37 94 47 75 84 47 35 41 97 29 13 62 68 78 86 17 80 23 72 44 64 48 82
32 64 19 89 20 38 50 59 46 54 0 22 35 41 58 16 89 79 15 66 73 52 41 80 92 92 33 19 54 13 74 94 20 67 27 57 12 41 91 11 88 28 40 14 69 64 15 91 89 18 60 27 96 72 89 16 12 98 79 50 26 48 77 39 18 43 88 56 77 40 82 24 38 93 21 73 53 71 59 88 19 29 80 35 53 10 98 83 43 83 94 79 10 65 33 37 85 90 65 94 12 37 52 50 32 97 21 53 52 19 17 67 15 81 81 41 93 67 33 15 62 68 13 39 55
81 28 60 38 59 58 97 23 75 63 22 0 72 34 79 64 68 69 69 24 27 45 82 94 94 24 70 12 81 86 95 35 32 27 24 78 51 36 35 82 85 78 14 18 16 64 92 88 11 47 47 37 38 63 66 87 20 45 93 11 57 89 30 65 51 20 33 37 42 56 99 45 19 33 91 75 43 11 33 68 36 48 26 16 59 36 33 69 20 87 66 91 18 26 47 70 34 42 67 40 65 24 90 75 74 29 82 63 64 74 49 30 63 96 94 18 71 19 25 70 81 23 56 22 24
72 23 84 31 25 94 53 85 77 32 35 72 0 64 84 17 90 78 17 89 34 96 68 77 57 28 45 74 83 42 32 78 73 38 88 45 12 56 50 37 75 98 12 44 72 12 99 65 61 35 46 20 91 87 13 49 51 71 62 11 50 25 75 86 49 40 88 40 67 18 73 48 53 62 76 38 90 36 85 64 14 33 85 61 13 94 83 11 30 22 36 23 45 68 33 77 89 81 83 44 86 31 40 45 25 10 37 35 82 55 78 92 56 44 88 43 63 14 89 34 99 34 92 46 99
40 87 49 36 76 26 23 53 83 68 41 34 64 0 43 70 98 17 28 64 63 47 94 58 27 54 84 91 94 99 18 34 32 76 44 58 93 49 21 23 90 85 93 23 32 90 54 75 80 98 33 58 23 72 58 97 49 13 57 42 80 27 95 94 73 44 97 47 12 95 80 44 64 16 14 94 78 10 89 35 61 33 47 95 88 72 27 67 33 97 25 13 55 74 17 33 69 15 91 87 31 46 36 67 52 34 48 44 67 97 80 91 75 27 41 79 29 18 21 63 85 15 42 97 38
60 46 63 90 99 22 11 47 11 74 58 79 84 43 0 12 73 97 43 83 72 10 41 27 53 90 92 10 36 49 82 68 64 41 99 54 12 93 50 48 67 26 63 75 66 90 32 24 74 91 83 89 44 97 57 59 42 43 96 43 94 48 24 68 63 67 90 34 32 27 61 28 44 87 50 53 59 13 46 12 90 88 72 57 32 58 82 88 79 10 22 50 58 24 24 95 91 18 77 33 96 23 61 44 41 10 61 78 36 73 98 33 25 89 92 98 42 85 88 71 39 26 92 42 29
55 50 86 64 96 91 32 44 39 25 16 64 17 70 12 0 58 60 65 91 50 12 97 15 93 54 92 63 96 58 42 97 36 92 47 80 12 51 16 68 81 42 29 79 10 49 44 55 94 48 98 29 86 50 51 91 90 95 17 44 53 89 11 15 99 83 64 23 23 80 39 77 83 59 41 94 40 17 31 43 11 74 70 33 42 31 82 47 46 71 78 29 85 12 54 79 38 92 46 33 45 99 22 28 69 77 58 33 32 18 34 79 33 15 33 33 76 53 18 21 62 18 91 79 80
22 50 29 39 17 43 58 42 92 49 89 68 90 98 73 58 0 95 57 31 46 76 68 72 88 89 62 35 78 17 57 92 92 46 90 20 28 37 50 69 31 51 46 87 65 93 88 26 46 19 35 64 16 67 47 56 59 75 80 81 36 90 80 60 30 49 51 12 16 59 66 84 96 61 19 21 33 58 18 61 54 87 66 37 34 34 43 46 14 64 12 67 92 94 64 40 31 67 28 79 76 12 90 22 88 68 78 85 62 82 24 80 65 99 15 67 73 38 61 13 37 90 81 34 52
81 27 96 41 96 49 94 24 68 38 79 69 78 17 97 60 95 0 10 10 89 71 10 16 23 72 93 40 64 51 69 72 41 32 44 95 53 56 72 84 23 42 72 78 28 70 93 52 52 79 28 73 69 86 15 39 51 22 68 72 20 74 24 32 57 40 66 65 86 77 57 57 75 51 75 15 92 87 46 70 19 64 10 37 99 10 51 67 12 92 53 99 38 91 11 74 61 15 66 33 95 33 60 14 86 46 38 53 75 46 75 33 91 22 31 60 23 76 41 12 15 40 11 75 94
59 55 30 49 70 83 88 61 57 96 15 69 17 28 43 65 57 10 0 90 96 10 64 49 91 24 45 80 16 67 62 87 32 68 72 98 50 85 22 74 87 62 26 82 83 64 76 22 86 73 18 37 10 86 63 21 23 82 69 67 84 68 87 92 69 78 10 44 99 34 41 69 47 37 27 97 55 10 87 75 10 45 29 57 80 34 99 81 84 82 21 27 69 99 28 86 96 74 25 46 72 61 52 80 61 76 66 62 38 75 73 31 19 65 52 40 45 37 32 72 83 11 18 87 62
80 79 44 10 53 69 68 58 90 54 66 24 89 64 83 91 31 10 90 0 75 49 35 22 97 55 54 35 53 30 45 44 62 17 83 96 41 31 75 21 95 39 92 12 82 91 32 40 57 63 49 45 69 44 39 87 14 31 26 87 71 79 94 82 80 52 57 82 24 88 91 97 97 10 76 16 54 10 72 82 76 14 67 86 45 50 62 22 80 17 53 88 85 78 54 70 53 97 50 29 54 27 45 60 28 56 55 95 68 73 41 13 69 32 27 48 52 45 52 60 37 12 18 51 33
15 35 97 55 23 50 52 94 17 63 73 27 34 63 72 50 46 89 96 75 0 78 27 13 44 61 95 71 56 18 27 30 15 30 60 92 26 77 69 22 65 52 32 73 74 10 36 36 63 23 75 36 88 22 96 38 92 61 51 95 56 12 24 70 48 20 87 40 32 34 92 79 41 61 14 71 27 13 44 57 61 90 25 12 64 29 15 57 40 98 16 78 56 42 29 91 39 72 94 62 55 59 61 51 20 35 74 39 67 29 24 36 30 79 68 27 38 30 67 28 65 12 22 68 71
45 32 77 77 15 81 98 37 78 66 52 45 96 47 10 12 76 71 10 49 78 0 22 44 66 88 17 28 88 43 21 37 41 30 78 37 73 96 67 53 66 39 92 16 26 87 94 98 36 99 53 66 71 75 74 99 52 44 86 93 83 74 39 89 18 84 50 78 72 10 58 26 35 51 91 30 33 44 69 99 26 99 49 55 20 65 36 46 88 70 38 15 93 92 32 87 10 81 69 28 91 84 66 30 67 90 10 20 82 88 20 17 29 29 54 54 75 88 78 61 82 86 97 62 21
51 32 86 65 70 48 36 84 35 12 41 82 68 94 41 97 68 10 64 35 27 22 0 27 83 92 88 37 96 97 35 36 14 39 44 31 69 32 35 17 67 79 97 39 15 42 93 89 75 39 18 94 34 38 43 67 78 78 43 16 90 80 87 46 89 97 93 10 78 72 89 21 43 73 51 93 32 26 69 31 21 59 59 77 19 15 68 14 59 55 66 49 83 76 48 22 20 60 19 57 90 86 20 33 63 21 70 40 90 46 26 68 27 14 95 26 94 44 37 34 99 57 63 73 91
54 31 71 87 80 62 95 23 45 97 80 94 77 58 27 15 72 16 49 22 13 44 27 0 14 31 20 41 59 80 32 95 14 16 26 79 60 85 81 32 74 36 73 11 62 11 58 72 39 81 71 96 49 90 97 17 81 80 42 82 23 74 54 57 25 59 76 36 50 18 24 53 76 69 10 28 33 14 29 39 74 45 21 92 20 41 73 61 56 66 84 75 60 79 90 93 52 42 66 92 99 33 13 67 83 14 35 48 68 41 13 62 94 28 42 15 21 90 42 28 18 62 29 89 71
48 18 27 27 37 75 35 18 67 45 92 94 57 27 53 93 88 23 91 97 44 66 83 14 0 80 55 24 46 94 88 19 68 49 25 81 10 91 56 44 46 18 99 67 21 65 63 49 44 93 91 21 90 36 45 72 88 32 92 66 74 45 23 30 98 81 23 85 58 25 19 18 86 80 45 30 69 38 48 89 14 81 21 49 83 52 79 56 56 40 89 22 23 15 54 12 41 41 99 99 39 29 15 61 88 58 77 22 40 10 98 26 12 10 73 19 37 38 39 84 66 75 93 62 55
55 67 66 86 74 88 91 69 17 20 92 24 28 54 90 54 89 72 24 55 61 88 92 31 80 0 59 60 80 69 43 93 30 90 73 62 89 78 83 90 82 62 86 28 91 22 64 32 36 87 48 66 57 78 20 23 38 28 19 69 73 21 16 47 46 30 17 63 39 38 29 50 48 81 17 84 14 48 37 97 66 87 66 25 99 78 25 51 94 41 97 48 12 44 37 83 42 91 75 83 29 84 17 74 15 54 82 13 86 45 81 39 66 12 52 67 38 35 32 25 50 89 85 26 66
64 17 43 82 88 70 43 97 77 15 33 70 45 84 92 92 62 93 45 54 95 17 88 20 55 59 0 89 62 32 61 62 58 50 88 52 29 61 51 44 85 15 97 96 84 21 58 32 77 49 41 78 55 35 62 76 63 20 70 99 64 49 43 56 74 19 46 19 90 81 21 89 93 76 73 43 72 35 57 77 34 26 50 26 72 99 21 71 73 69 67 49 78 69 94 66 26 19 26 24 87 52 43 67 65 49 59 77 50 33 53 12 34 15 73 96 29 85 48 83 21 55 19 89 38
58 76 15 87 64 96 89 59 60 40 19 12 74 91 10 63 35 40 80 35 71 28 37 41 24 60 89 0 34 43 30 42 29 83 28 77 39 27 99 47 61 55 63 24 36 56 79 98 15 74 12 99 41 45 71 69 21 38 23 85 36 70 10 55 13 53 35 38 58 78 27 64 44 57 33 43 36 64 24 53 46 27 92 48 52 35 19 55 42 86 97 29 97 68 89 14 51 63 68 14 46 97 13 50 37 82 32 36 68 31 95 96 30 85 75 12 61 90 79 28 21 37 77 58 21
52 80 33 25 87 78 95 48 71 42 54 81 83 94 36 96 78 64 16 53 56 88 96 59 46 80 62 34 0 49 23 18 75 73 91 54 39 65 88 32 18 20 24 82 81 78 53 25 20 82 26 69 29 97 85 38 94 34 76 58 29 47 61 93 20 50 54 18 48 78 77 66 51 29 99 39 57 18 15 93 44 89 36 53 74 80 76 30 70 71 97 73 10 61 62 19 25 88 11 44 38 16 57 55 17 61 93 14 75 34 10 80 36 56 70 87 38 52 53 70 81 51 90 73 85
83 92 24 94 24 77 48 88 93 79 13 86 42 99 49 58 17 51 67 30 18 43 97 80 94 69 32 43 49 0 76 32 31 16 39 81 29 25 44 90 46 43 11 57 59 18 69 30 70 69 67 58 28 86 22 53 65 54 76 23 43 87 49 69 20 33 40 72 18 23 54 81 81 12 28 30 36 90 31 77 75 68 53 55 57 24 89 13 94 41 75 95 61 54 65 29 25 74 52 40 78 21 70 98 42 95 31 20 57 71 99 69 63 73 39 86 60 14 83 48 17 65 29 33 66
67 68 88 38 44 92 78 84 67 96 74 95 32 18 82 42 57 69 62 45 27 21 35 32 88 43 61 30 23 76 0 63 33 13 41 49 58 74 76 24 37 41 25 90 24 94 57 88 49 71 98 80 15 30 55 94 32 14 50 96 64 87 36 98 42 33 34 95 46 17 49 96 92 77 90 27 52 49 80 13 40 18 62 27 52 71 44 61 70 15 19 76 23 50 54 94 21 40 32 79 53 96 92 43 15 22 31 37 76 34 72 64 38 74 85 92 16 83 25 83 97 53 48 25 39
25 64 28 93 92 17 19 96 55 74 94 35 78 34 68 97 92 72 87 44 30 37 36 95 19 93 62 42 18 32 63 0 65 80 36 30 44 63 64 10 26 48 10 32 60 39 16 37 97 55 11 55 22 55 59 80 43 87 44 12 64 95 50 32 96 75 90 93 73 56 76 31 74 16 97 33 81 62 79 40 20 53 10 93 99 30 94 67 81 78 79 47 50 83 36 19 46 30 44 38 10 32 42 41 23 49 62 11 12 64 68 57 44 15 74 73 60 68 17 98 54 68 46 40 60
89 16 93 79 41 76 89 43 92 88 20 32 73 32 64 36 92 41 32 62 15 41 14 14 68 30 58 29 75 31 33 65 0 87 93 90 31 64 19 50 63 91 75 29 97 78 26 54 96 14 50 81 89 79 25 35 38 64 49 41 62 80 60 60 29 49 15 78 61 11 72 28 86 20 47 39 57 25 37 74 30 24 84 92 25 75 92 91 88 45 92 14 78 57 90 99 43 77 71 84 89 95 83 71 46 48 65 64 58 46 40 67 51 82 27 38 63 27 30 40 12 28 68 35 85
83 61 22 67 39 32 41 86 94 38 67 27 38 76 41 92 46 32 68 17 30 30 39 16 49 90 50 83 73 16 13 80 87 0 71 74 62 22 38 10 46 71 99 37 79 77 27 63 76 90 80 94 54 35 27 62 42 35 39 98 69 67 84 27 87 47 74 80 11 22 81 36 84 92 89 52 67 34 27 21 27 12 20 26 69 14 11 95 27 66 73 26 45 48 90 30 98 77 89 20 27 17 56 11 31 51 22 18 27 39 55 23 14 48 49 37 51 33 13 98 70 26 69 57 93
13 94 19 67 36 47 34 91 21 56 27 24 88 44 99 47 90 44 72 83 60 78 44 26 25 73 88 28 91 39 41 36 93 71 0 79 42 89 41 55 76 86 25 20 65 34 12 71 41 26 41 38 99 27 20 91 78 54 42 57 95 85 97 48 74 76 35 87 94 37 71 19 81 53 80 19 25 50 67 48 79 54 56 36 25 33 93 45 18 62 77 42 35 14 20 14 56 88 16 66 89 99 37 38 80 15 38 38 65 39 83 88 32 14 10 17 38 78 41 93 52 31 67 52 47
55 83 46 94 32 54 90 63 56 46 57 78 45 58 54 80 20 95 98 96 92 37 31 79 81 62 52 77 54 81 49 30 90 74 79 0 25 66 75 45 42 37 62 41 89 43 77 82 77 67 68 90 45 25 82 18 86 91 97 58 40 74 24 61 84 38 85 99 37 73 75 81 63 51 70 23 95 98 79 26 58 88 82 59 11 85 36 39 11 76 59 85 25 16 10 49 25 45 42 82 46 88 35 65 33 88 53 80 86 92 87 54 36 90 35 88 73 84 21 71 81 51 49 43 53
13 29 34 11 82 87 68 94 97 91 12 51 12 93 12 12 28 53 50 41 26 73 69 60 10 89 29 39 39 29 58 44 31 62 42 25 0 94 10 88 24 41 96 85 42 76 18 67 20 80 95 34 53 71 93 66 85 54 20 92 27 48 93 97 64 26 15 77 65 91 87 52 24 71 11 83 75 73 57 96 88 29 44 91 37 82 66 11 24 28 39 40 53 83 28 10 40 80 65 63 28 95 98 69 19 16 92 72 93 86 17 17 15 42 13 11 98 13 79 72 64 82 68 45 99
64 97 61 16 40 38 87 93 33 42 41 36 56 49 93 51 37 56 85 31 77 96 32 85 91 78 61 27 65 25 74 63 64 22 89 66 94 0 13 68 29 65 91 61 66 20 81 63 42 48 56 49 12 10 62 84 57 44 17 84 34 57 73 71 25 28 21 34 82 89 88 36 59 39 12 34 41 23 44 54 97 65 46 66 32 11 53 75 80 38 21 85 59 47 55 79 94 18 45 28 85 62 50 72 50 56 61 10 95 21 23 23 85 59 41 37 13 22 41 72 34 54 41 86 62
29 10 64 55 67 23 83 20 93 66 91 35 50 21 50 16 50 72 22 75 69 67 35 81 56 83 51 99 88 44 76 64 19 38 41 75 10 13 0 39 86 69 67 77 77 93 98 53 31 61 71 56 83 88 95 30 81 22 79 27 31 30 26 79 98 28 97 34 96 33 81 17 40 83 45 27 57 93 77 15 55 17 58 42 62 57 70 67 98 79 75 94 49 42 83 49 49 84 97 50 55 95 28 46 32 80 22 35 62 10 35 33 47 28 57 15 22 66 93 29 59 39 90 79 26
74 88 36 86 30 17 60 15 47 10 11 82 37 23 48 68 69 84 74 21 22 53 17 32 44 90 44 47 32 90 24 10 50 10 55 45 88 68 39 0 45 48 32 76 84 46 21 89 10 55 40 69 67 50 23 62 21 41 62 22 29 36 74 70 39 23 29 87 24 63 89 74 77 39 46 13 72 55 17 88 27 90 89 22 97 69 51 95 27 39 57 17 94 92 66 50 22 44 32 18 43 13 33 22 98 95 26 22 51 94 50 10 87 13 69 47 34 16 44 94 59 14 75 17 25
49 38 60 60 91 52 66 35 74 90 88 85 75 90 67 81 31 23 87 95 65 66 67 74 46 82 85 61 18 46 37 26 63 46 76 42 24 29 86 45 0 23 93 39 14 75 13 52 12 61 36 54 62 10 15 89 53 73 77 30 74 14 40 63 45 12 45 25 71 82 72 33 17 48 86 78 18 41 63 51 10 21 14 58 93 38 51 59 41 52 34 18 29 59 16 83 23 61 62 19 42 78 71 68 44 59 56 61 78 43 50 12 89 58 73 91 26 20 49 47 34 86 34 97 14
77 99 12 84 54 16 62 60 36 87 28 78 98 85 26 42 51 42 62 39 52 39 79 36 18 62 15 55 20 43 41 48 91 71 86 37 41 65 69 48 23 0 55 16 28 38 37 36 55 37 84 24 33 18 45 24 51 56 10 14 78 85 21 85 29 65 62 43 17 68 14 32 95 43 56 91 60 76 37 47 15 38 35 38 53 38 98 43 16 26 82 34 71 85 41 14 72 13 28 37 24 97 84 97 94 11 74 33 38 74 16 80 29 82 29 58 83 68 19 12 99 27 17 38 83
47 10 61 33 31 11 62 58 75 43 40 14 12 93 63 29 46 72 26 92 32 92 97 73 99 86 97 63 24 11 25 10 75 99 25 62 96 91 67 32 93 55 0 32 76 98 87 63 78 82 69 68 92 94 72 63 53 39 73 93 75 72 25 32 12 58 98 21 37 19 60 39 70 79 86 56 77 41 23 10 71 96 76 43 27 62 84 16 99 44 85 28 39 91 49 17 95 52 82 83 75 14 63 40 65 21 91 18 46 30 83 36 89 76 12 47 57 45 66 36 11 26 50 36 98
96 58 78 13 57 91 69 49 98 24 14 18 44 23 75 79 87 78 82 12 73 16 39 11 67 28 96 24 82 57 90 32 29 37 20 41 85 61 77 76 39 16 32 0 94 69 51 20 17 17 87 54 80 47 18 33 83 36 23 44 92 26 78 59 57 33 57 24 51 83 56 73 43 52 38 43 23 10 37 87 26 12 21 89 69 52 10 30 92 91 38 31 56 58 59 56 17 49 67 93 57 96 96 58 51 77 56 63 37 35 79 89 51 22 78 12 27 73 93 38 94 75 34 34 73
74 53 49 61 85 93 26 73 33 94 69 16 72 32 66 10 65 28 83 82 74 26 15 62 21 91 84 36 81 59 24 60 97 79 65 89 42 66 77 84 14 28 76 94 0 21 77 63 76 30 20 63 14 76 71 82 71 23 52 67 50 93 71 94 48 98 86 47 48 42 43 74 94 92 79 70 50 60 51 20 62 47 85 12 43 47 78 43 31 67 65 75 20 63 40 94 38 21 49 15 78 60 97 13 49 11 67 45 21 22 39 77 95 64 67 77 64 43 15 54 52 42 97 61 47
72 24 50 71 36 50 61 34 19 90 64 64 12 90 90 49 93 70 64 91 10 87 42 11 65 22 21 56 78 18 94 39 78 77 34 43 76 20 93 46 75 38 98 69 21 0 60 19 68 26 77 91 73 64 63 73 39 64 36 26 73 66 44 25 48 52 33 64 34 73 85 47 83 50 19 66 98 72 83 82 99 58 44 25 50 16 45 19 16 83 99 62 88 67 98 93 63 35 36 87 86 65 49 35 78 60 69 84 33 96 94 12 88 49 90 90 51 51 71 42 44 55 61 79 76
15 98 90 73 51 49 48 94 47 87 15 92 99 54 32 44 88 93 76 32 36 94 93 58 63 64 58 79 53 69 57 16 26 27 12 77 18 81 98 21 13 37 87 51 77 60 0 39 68 79 33 18 74 44 96 76 87 53 48 11 49 41 48 21 60 55 63 24 39 21 17 55 76 80 22 10 21 62 45 52 98 52 49 37 20 23 44 87 59 10 84 68 54 17 78 99 77 72 82 51 23 91 35 29 67 36 26 10 43 47 72 27 88 50 33 89 16 74 74 14 69 95 26 88 58
75 92 70 68 94 79 90 22 32 85 91 88 65 75 24 55 26 52 22 40 36 98 89 72 49 32 32 98 25 30 88 37 54 63 71 82 67 63 53 89 52 36 63 20 63 19 39 0 86 54 63 36 16 12 77 51 42 23 62 20 25 67 50 19 75 22 72 31 16 14 33 83 85 68 64 66 69 22 33 71 25 61 60 39 27 52 84 78 89 61 42 45 86 35 58 61 68 34 19 73 37 16 76 45 65 64 39 34 22 91 86 95 41 55 12 64 80 91 17 15 91 80 64 78 45
20 50 69 18 79 65 55 54 88 31 89 11 61 80 74 94 46 52 86 57 63 36 75 39 44 36 77 15 20 70 49 97 96 76 41 77 20 42 31 10 12 55 78 17 76 68 68 86 0 56 16 40 80 28 56 68 26 30 70 97 14 45 90 27 67 72 26 93 54 66 27 28 80 56 63 79 79 17 89 64 62 22 14 68 58 44 96 87 30 39 76 37 47 71 17 31 49 82 68 85 49 59 90 28 86 59 54 80 16 63 60 57 47 64 44 44 85 15 96 58 54 16 47 19 92
15 23 62 54 91 46 24 85 14 28 18 47 35 98 91 48 19 79 73 63 23 99 39 81 93 87 49 74 82 69 71 55 14 90 26 67 80 48 61 55 61 37 82 17 30 26 79 54 56 0 41 58 15 23 35 85 41 62 55 92 83 57 10 38 73 46 13 68 71 77 57 55 63 40 17 26 99 57 49 46 68 67 58 14 48 57 54 32 71 22 95 45 26 25 79 39 97 58 31 84 23 19 24 69 29 71 66 73 50 53 47 79 76 76 87 73 61 14 35 49 51 29 93 69 24
91 42 28 97 14 45 49 28 58 94 60 47 46 33 83 98 35 28 18 49 75 53 18 71 91 48 41 12 26 67 98 11 50 80 41 68 95 56 71 40 36 84 69 87 20 77 33 63 16 41 0 25 20 95 98 87 49 31 11 65 66 15 83 94 20 12 61 99 96 40 33 99 80 10 61 49 90 50 70 82 43 51 49 36 65 79 31 34 59 96 43 30 24 41 28 78 45 81 78 55 97 47 83 53 44 15 65 95 86 66 33 53 33 57 69 26 87 39 27 24 30 25 95 79 81
72 51 47 62 24 38 85 79 41 66 27 37 20 58 89 29 64 73 37 45 36 66 94 96 21 66 78 99 69 58 80 55 81 94 38 90 34 49 56 69 54 24 68 54 63 91 18 36 40 58 25 0 44 96 56 58 97 78 84 36 70 81 11 25 31 91 16 61 31 97 87 85 56 27 87 38 18 68 88 82 83 90 90 77 16 41 57 27 27 55 56 88 58 88 85 67 43 78 74 44 61 19 46 39 18 12 90 61 89 69 67 78 96 63 59 40 91 97 40 87 65 72 62 91 44
16 70 35 95 82 98 13 76 88 15 96 38 91 23 44 86 16 69 10 69 88 71 34 49 90 57 55 41 29 28 15 22 89 54 99 45 53 12 83 67 62 33 92 80 14 73 74 16 80 15 20 44 0 13 59 96 31 56 12 26 38 32 62 51 76 13 87 89 11 24 52 94 33 28 29 53 97 84 64 90 34 58 32 93 57 94 17 93 27 91 85 86 78 40 98 73 93 99 49 84 85 20 98 52 58 75 85 35 97 85 55 73 85 16 64 90 56 56 84 80 11 41 87 20 98
87 65 12 86 32 79 48 20 78 24 72 63 87 72 97 50 67 86 86 44 22 75 38 90 36 78 35 45 97 86 30 55 79 35 27 25 71 10 88 50 10 18 94 47 76 64 44 12 28 23 95 96 13 0 42 75 62 19 72 38 85 30 79 92 31 23 80 26 92 72 81 74 34 13 24 86 46 26 89 10 12 24 51 13 26 20 61 19 79 19 64 85 13 11 86 42 55 27 22 13 74 87 88 64 17 64 64 36 40 63 34 67 30 87 47 91 36 21 24 54 86 97 28 81 52
42 20 92 24 46 47 38 55 90 17 89 66 13 58 57 51 47 15 63 39 96 74 43 97 45 20 62 71 85 22 55 59 25 27 20 82 93 62 95 23 15 45 72 18 71 63 96 77 56 35 98 56 59 42 0 33 38 82 15 25 82 72 90 66 92 31 11 79 57 27 91 88 56 56 34 76 16 98 65 70 93 50 90 92 88 41 83 13 78 95 80 29 77 67 77 92 95 75 79 21 80 51 85 38 95 65 48 11 36 72 37 70 34 33 68 40 30 78 34 29 93 38 23 87 62
14 28 62 92 56 51 41 59 64 11 16 87 49 97 59 91 56 39 21 87 38 99 67 17 72 23 76 69 38 53 94 80 35 62 91 18 66 84 30 62 89 24 63 33 82 73 76 51 68 85 87 58 96 75 33 0 57 97 22 55 37 38 59 57 62 76 66 65 67 27 67 37 67 88 84 37 12 40 68 17 87 12 74 85 63 49 30 35 23 84 95 51 28 10 55 25 84 56 14 88 79 24 45 25 93 84 41 39 45 82 96 82 46 94 35 21 18 78 14 16 30 23 58 39 67
18 81 91 12 46 53 87 30 87 75 12 20 51 49 42 90 59 51 23 14 92 52 78 81 88 38 63 21 94 65 32 43 38 42 78 86 85 57 81 21 53 51 53 83 71 39 87 42 26 41 49 97 31 62 38 57 0 70 44 57 49 37 32 77 23 87 12 84 74 75 20 84 60 51 81 27 42 68 92 30 89 73 23 75 46 62 19 44 39 57 49 28 74 59 87 95 77 83 47 56 15 28 42 57 30 97 21 89 46 53 52 78 49 64 36 19 24 75 33 26 90 69 46 88 66
78 67 33 95 67 14 71 49 21 58 98 45 71 13 43 95 75 22 82 31 61 44 78 80 32 28 20 38 34 54 14 87 64 35 54 91 54 44 22 41 73 56 39 36 23 64 53 23 30 62 31 78 56 19 82 97 70 0 83 17 35 23 78 59 54 92 48 80 62 57 82 23 81 10 70 65 59 62 48 58 70 19 18 45 82 89 92 54 67 32 11 43 75 37 64 18 86 39 98 76 51 10 17 49 34 65 14 29 97 70 23 56 11 10 72 14 65 83 71 40 55 81 63 52 79
21 99 73 75 26 67 83 70 80 68 79 93 62 57 96 17 80 68 69 26 51 86 43 42 92 19 70 23 76 76 50 44 49 39 42 97 20 17 79 62 77 10 73 23 52 36 48 62 70 55 11 84 12 72 15 22 44 83 0 49 23 15 27 62 69 23 85 57 47 10 72 23 20 13 45 18 62 29 80 17 17 36 55 25 12 74 74 35 67 91 95 88 36 36 36 94 52 21 16 79 95 98 62 31 17 28 75 23 62 56 74 39 49 11 40 85 18 48 58 30 42 35 40 47 83
27 23 19 24 87 78 58 99 59 16 50 11 11 42 43 44 81 72 67 87 95 93 16 82 66 69 99 85 58 23 96 12 41 98 57 58 92 84 27 22 30 14 93 44 67 26 11 20 97 92 65 36 26 38 25 55 57 17 49 0 15 45 36 96 57 72 19 33 47 90 24 75 79 29 56 32 96 56 33 38 66 58 16 62 76 15 55 33 53 11 84 41 50 59 29 50 92 50 35 75 58 10 34 19 20 80 78 33 21 68 12 83 71 64 85 88 38 86 88 63 70 86 33 63 59
63 74 10 93 72 84 86 63 94 94 26 57 50 80 94 53 36 20 84 71 56 83 90 23 74 73 64 36 29 43 64 64 62 69 95 40 27 34 31 29 74 78 75 92 50 73 49 25 14 83 66 70 38 85 82 37 49 35 23 15 0 76 67 71 80 43 30 55 67 75 61 15 28 39 88 48 66 30 57 23 11 23 76 51 72 16 25 33 92 63 57 93 85 85 16 83 23 31 95 98 17 85 99 49 40 47 49 16 36 64 12 17 79 68 15 64 89 70 43 39 36 79 19 72 66
68 87 70 94 54 29 70 26 30 30 48 89 25 27 48 89 90 74 68 79 12 74 80 74 45 21 49 70 47 87 87 95 80 67 85 74 48 57 30 36 14 85 72 26 93 66 41 67 45 57 15 81 32 30 72 38 37 23 15 45 76 0 46 88 77 18 71 67 85 20 57 88 46 51 75 17 93 69 43 65 29 21 67 82 42 60 65 12 32 71 68 62 37 96 66 85 31 18 18 83 39 15 20 74 42 91 70 54 38 52 49 48 64 45 77 68 74 67 56 10 92 11 52 58 82
97 66 49 23 19 99 27 19 98 59 77 30 75 95 24 11 80 24 87 94 24 39 87 54 23 16 43 10 61 49 36 50 60 84 97 24 93 73 26 74 40 21 25 78 71 44 48 50 90 10 83 11 62 79 90 59 32 78 27 36 67 46 0 94 98 88 50 65 26 11 98 20 49 12 31 26 86 76 54 32 92 77 97 23 90 96 40 63 68 49 30 46 87 12 18 10 32 16 33 13 33 69 23 21 89 73 83 95 23 42 73 37 11 46 24 11 32 53 59 14 72 34 28 54 66
53 85 72 67 78 62 55 76 25 62 39 65 86 94 68 15 60 32 92 82 70 89 46 57 30 47 56 55 93 69 98 32 60 27 48 61 97 71 79 70 63 85 32 59 94 25 21 19 27 38 94 25 51 92 66 57 77 59 62 96 71 88 94 0 15 13 84 83 26 99 85 19 36 69 20 32 24 42 30 70 38 61 41 47 65 71 19 78 10 31 19 57 66 46 18 19 98 42 12 26 61 83 50 55 59 20 33 54 17 94 22 59 40 16 76 18 29 15 67 15 15 31 39 51 79
84 38 97 55 54 58 82 99 12 30 18 51 49 73 63 99 30 57 69 80 48 18 89 25 98 46 74 13 20 20 42 96 29 87 74 84 64 25 98 39 45 29 12 57 48 48 60 75 67 73 20 31 76 31 92 62 23 54 69 57 80 77 98 15 0 64 91 89 33 79 67 28 19 95 17 91 40 64 99 23 87 46 18 96 79 37 61 51 82 44 94 17 65 26 77 21 45 54 43 49 31 87 44 43 39 58 70 57 37 98 76 25 61 44 56 76 88 40 19 14 25 65 37 79 40
24 69 77 69 34 47 57 65 70 31 43 20 40 44 67 83 49 40 78 52 20 84 97 59 81 30 19 53 50 33 33 75 49 47 76 38 26 28 28 23 12 65 58 33 98 52 55 22 72 46 12 91 13 23 31 76 87 92 23 72 43 18 88 13 64 0 93 72 48 73 16 27 55 12 73 33 97 88 16 93 37 19 57 81 99 63 48 20 44 91 23 30 44 78 43 40 52 88 29 78 11 33 21 90 13 57 19 86 69 41 28 44 21 45 50 50 75 63 25 15 71 27 98 91 18
90 17 39 35 35 85 82 14 35 35 88 33 88 97 90 64 51 66 10 57 87 50 93 76 23 17 46 35 54 40 34 90 15 74 35 85 15 21 97 29 45 62 98 57 86 33 63 72 26 13 61 16 87 80 11 66 12 48 85 19 30 71 50 84 91 93 0 98 73 62 79 68 53 66 27 45 20 87 34 95 62 89 50 26 78 16 97 19 81 31 44 30 83 91 43 88 15 80 17 50 17 30 62 21 31 52 27 48 24 14 87 23 10 37 37 50 31 90 26 25 18 31 38 96 59
24 99 22 48 56 77 42 45 98 64 56 37 40 47 34 23 12 65 44 82 40 78 10 36 85 63 19 38 18 72 95 93 78 80 87 99 77 34 34 87 25 43 21 24 47 64 24 31 93 68 99 61 89 26 79 65 84 80 57 33 55 67 65 83 89 72 98 0 95 24 14 29 51 84 84 78 34 30 98 57 35 88 11 71 24 65 92 13 41 34 53 76 14 89 37 40 12 38 62 87 90 21 78 55 88 42 81 14 15 73 52 74 90 99 72 22 76 98 46 12 76 70 68 41 10
77 25 47 95 55 27 77 28 58 98 77 42 67 12 32 23 16 86 99 24 32 72 78 50 58 39 90 58 48 18 46 73 61 11 94 37 65 82 96 24 71 17 37 51 48 34 39 16 54 71 96 31 11 92 57 67 74 62 47 47 67 85 26 26 33 48 73 95 0 13 79 19 12 22 80 95 20 21 73 63 60 36 89 28 53 35 53 77 41 75 57 47 24 14 88 35 86 17 91 15 33 88 43 52 89 91 84 78 96 75 11 40 28 23 72 92 64 11 36 52 34 86 80 45 62
24 48 57 93 62 36 52 74 89 94 40 56 18 95 27 80 59 77 34 88 34 10 72 18 25 38 81 78 78 23 17 56 11 22 37 73 91 89 33 63 82 68 19 83 42 73 21 14 66 77 40 97 24 72 27 27 75 57 10 90 75 20 11 99 79 73 62 24 13 0 14 23 68 24 31 96 96 15 43 40 91 25 40 76 28 58 72 11 84 82 79 19 23 93 79 24 44 19 29 67 47 16 65 91 63 84 15 69 89 42 74 58 34 17 82 36 33 53 35 15 90 33 73 11 15
75 36 71 59 67 55 21 87 94 39 82 99 73 80 61 39 66 57 41 91 92 58 89 24 19 29 21 27 77 54 49 76 72 81 71 75 87 88 81 89 72 14 60 56 43 85 17 33 27 57 33 87 52 81 91 67 20 82 72 24 61 57 98 85 67 16 79 14 79 14 0 22 32 39 18 74 83 39 45 68 55 87 67 82 10 86 51 64 50 61 88 88 76 18 55 86 12 31 49 65 90 20 14 38 13 43 99 77 26 14 67 38 50 26 96 82 90 77 25 53 67 36 84 50 53
68 27 36 58 24 33 60 97 26 76 24 45 48 44 28 77 84 57 69 97 79 26 21 53 18 50 89 64 66 81 96 31 28 36 19 81 52 36 17 74 33 32 39 73 74 47 55 83 28 55 99 85 94 74 88 37 84 23 23 75 15 88 20 19 28 27 68 29 19 23 22 0 77 23 83 87 50 37 64 50 40 48 42 68 60 63 18 74 61 54 60 77 52 34 48 32 60 27 48 29 87 53 78 79 66 55 44 62 87 96 75 77 83 87 71 23 11 88 67 80 17 72 56 42 12
35 26 97 62 18 83 87 21 39 97 38 19 53 64 44 83 96 75 47 97 41 35 43 76 86 48 93 44 51 81 92 74 86 84 81 63 24 59 40 77 17 95 70 43 94 83 76 85 80 63 80 56 33 34 56 67 60 81 20 79 28 46 49 36 19 55 53 51 12 68 32 77 0 25 30 90 72 52 31 13 36 97 15 93 81 17 94 45 41 89 76 92 44 17 43 50 25 90 58 46 43 36 13 95 49 96 51 49 67 95 40 79 35 55 84 57 30 78 20 66 87 94 52 48 67
83 31 11 58 65 93 83 41 38 14 93 33 62 16 87 59 61 51 37 10 61 51 73 69 80 81 76 57 29 12 77 16 20 92 53 51 71 39 83 39 48 43 79 52 92 50 80 68 56 40 10 27 28 13 56 88 51 10 13 29 39 51 12 69 95 12 66 84 22 24 39 23 25 0 60 62 36 93 70 84 22 96 48 41 40 82 96 72 63 74 19 55 56 47 87 90 30 99 59 89 15 75 40 23 14 12 82 79 68 99 93 35 96 81 97 29 60 18 29 16 94 99 94 58 32
89 59 99 47 64 75 56 74 47 14 21 91 76 14 50 41 19 75 27 76 14 91 51 10 45 17 73 33 99 28 90 97 47 89 80 70 11 12 45 46 86 56 86 38 79 19 22 64 63 17 61 87 29 24 34 84 81 70 45 56 88 75 31 20 17 73 27 84 80 31 18 83 30 60 0 99 22 94 88 45 55 97 78 27 78 82 26 51 19 15 55 11 48 95 64 41 48 84 51 58 27 22 17 19 71 67 14 21 20 68 72 34 41 19 53 44 27 71 78 61 50 49 36 11 25
24 79 22 24 74 93 17 73 48 48 73 75 38 94 53 94 21 15 97 16 71 30 93 28 30 84 43 43 39 30 27 33 39 52 19 23 83 34 27 13 78 91 56 43 70 66 10 66 79 26 49 38 53 86 76 37 27 65 18 32 48 17 26 32 91 33 45 78 95 96 74 87 90 62 99 0 34 61 21 67 33 51 22 91 73 14 67 47 52 84 84 32 27 16 50 47 91 91 40 35 62 37 84 28 34 53 78 20 51 27 83 35 82 80 76 70 22 27 17 45 65 69 33 28 79
50 90 18 24 79 91 60 75 32 25 53 43 90 78 59 40 33 92 55 54 27 33 32 33 69 14 72 36 57 36 52 81 57 67 25 95 75 41 57 72 18 60 77 23 50 98 21 69 79 99 90 18 97 46 16 12 42 59 62 96 66 93 86 24 40 97 20 34 20 96 83 50 72 36 22 34 0 76 62 38 73 17 62 71 49 39 20 23 17 17 23 50 78 60 26 19 66 58 56 51 85 65 13 60 59 80 87 65 58 71 60 53 56 33 99 71 51 12 43 73 61 71 41 12 18
68 64 80 47 87 47 12 12 95 31 71 11 36 10 13 17 58 87 10 10 13 44 26 14 38 48 35 64 18 90 49 62 25 34 50 98 73 23 93 55 41 76 41 10 60 72 62 22 17 57 50 68 84 26 98 40 68 62 29 56 30 69 76 42 64 88 87 30 21 15 39 37 52 93 94 61 76 0 39 15 51 94 41 59 34 85 61 66 94 63 98 98 85 76 30 89 18 99 44 85 99 19 68 43 44 12 44 49 60 25 32 12 82 94 83 17 35 14 50 95 11 25 20 30 95
46 16 99 52 91 38 57 38 69 79 59 33 85 89 46 31 18 46 87 72 44 69 69 29 48 37 57 24 15 31 80 79 37 27 67 79 57 44 77 17 63 37 23 37 51 83 45 33 89 49 70 88 64 89 65 68 92 48 80 33 57 43 54 30 99 16 34 98 73 43 45 64 31 70 88 21 62 39 0 27 41 62 98 10 16 97 80 91 64 81 81 55 64 68 87 86 57 97 87 96 10 89 21 79 94 55 91 54 93 93 23 26 87 17 79 41 79 18 40 77 63 33 86 91 32
23 27 77 23 97 60 57 27 50 33 88 68 64 35 12 43 61 70 75 82 57 99 31 39 89 97 77 53 93 77 13 40 74 21 48 26 96 54 15 88 51 47 10 87 20 82 52 71 64 46 82 82 90 10 70 17 30 58 17 38 23 65 32 70 23 93 95 57 63 40 68 50 13 84 45 67 38 15 27 0 85 79 83 76 62 64 82 11 75 23 45 36 80 61 30 31 71 55 57 72 45 46 47 57 11 95 47 73 94 51 97 59 57 45 41 33 44 95 87 18 14 13 31 77 96
54 47 74 71 24 40 25 18 43 94 19 36 14 61 90 11 54 19 10 76 61 26 21 74 14 66 34 46 44 75 40 20 30 27 79 58 88 97 55 27 10 15 71 26 62 99 98 25 62 68 43 83 34 12 93 87 89 70 17 66 11 29 92 38 87 37 62 35 60 91 55 40 36 22 55 33 73 51 41 85 0 11 60 51 89 29 77 93 73 71 70 47 99 23 46 78 18 27 24 32 91 28 71 34 40 76 61 52 64 39 17 24 99 93 82 48 62 40 21 76 86 33 84 72 70
46 34 20 60 33 90 98 61 52 41 29 48 33 33 88 74 87 64 45 14 90 99 59 45 81 87 26 27 89 68 18 53 24 12 54 88 29 65 17 90 21 38 96 12 47 58 52 61 22 67 51 90 58 24 50 12 73 19 36 58 23 21 77 61 46 19 89 88 36 25 87 48 97 96 97 51 17 94 62 79 11 0 76 76 92 69 65 85 82 51 64 16 91 94 12 88 67 82 92 79 29 17 96 69 65 99 38 93 82 21 11 10 29 10 84 73 62 38 44 68 41 48 88 68 44
27 70 44 10 90 15 55 42 12 11 80 26 85 47 72 70 66 10 29 67 25 49 59 21 21 66 50 92 36 53 62 10 84 20 56 82 44 46 58 89 14 35 76 21 85 44 49 60 14 58 49 90 32 51 90 74 23 18 55 16 76 67 97 41 18 57 50 11 89 40 67 42 15 48 78 22 62 41 98 83 60 76 0 77 25 22 40 55 61 52 82 75 26 46 35 73 95 19 30 88 92 48 20 28 52 11 24 88 22 10 84 55 74 98 75 39 73 69 49 21 84 94 21 76 12
59 11 37 57 91 74 58 10 80 40 35 16 61 95 57 33 37 37 57 86 12 55 77 92 49 25 26 48 53 55 27 93 92 26 36 59 91 66 42 22 58 38 43 89 12 25 37 39 68 14 36 77 93 13 92 85 75 45 25 62 51 82 23 47 96 81 26 71 28 76 82 68 93 41 27 91 71 59 10 76 51 76 77 0 77 58 83 52 49 12 45 59 71 19 17 51 76 62 15 47 44 34 84 34 62 47 19 31 24 58 24 43 60 84 13 15 77 74 59 86 25 63 62 16 74
22 94 42 64 60 32 65 56 53 57 53 59 13 88 32 42 34 99 80 45 64 20 19 20 83 99 72 52 74 57 52 99 25 69 25 11 37 32 62 97 93 53 27 69 43 50 20 27 58 48 65 16 57 26 88 63 46 82 12 76 72 42 90 65 79 99 78 24 53 28 10 60 81 40 78 73 49 34 16 62 89 92 25 77 0 33 41 25 45 37 36 45 69 56 42 74 40 58 55 98 99 40 53 65 61 98 79 50 82 67 66 57 36 45 54 45 56 46 17 87 96 92 59 60 15
42 11 14 55 49 78 26 80 72 53 10 36 94 72 58 31 34 10 34 50 29 65 15 41 52 78 99 35 80 24 71 30 75 14 33 85 82 11 57 69 38 38 62 52 47 16 23 52 44 57 79 41 94 20 41 49 62 89 74 15 16 60 96 71 37 63 16 65 35 58 86 63 17 82 82 14 39 85 97 64 29 69 22 58 33 0 80 54 46 15 64 43 27 95 40 55 66 41 11 45 41 37 95 88 92 85 60 53 59 71 85 21 34 38 78 11 54 33 52 23 26 95 37 85 14
22 66 90 60 35 88 88 81 89 74 98 33 83 27 82 82 43 51 99 62 15 36 68 73 79 25 21 19 76 89 44 94 92 11 93 36 66 53 70 51 51 98 84 10 78 45 44 84 96 54 31 57 17 61 83 30 19 92 74 55 25 65 40 19 61 48 97 92 53 72 51 18 94 96 26 67 20 61 80 82 77 65 40 83 41 80 0 95 35 93 21 55 85 76 11 81 10 88 27 34 53 29 64 98 72 58 49 91 95 50 54 75 23 34 46 62 55 65 97 88 33 70 17 30 95
68 93 37 93 46 12 57 40 81 98 83 69 11 67 88 47 46 67 81 22 57 46 14 61 56 51 71 55 30 13 61 67 91 95 45 39 11 75 67 95 59 43 16 30 43 19 87 78 87 32 34 27 93 19 13 35 44 54 35 33 33 12 63 78 51 20 19 13 77 11 64 74 45 72 51 47 23 66 91 11 93 85 55 52 25 54 95 0 54 96 36 85 63 18 85 89 52 62 54 48 84 30 94 36 97 37 35 36 68 25 42 64 65 88 37 37 29 63 24 60 43 35 21 28 24
19 26 24 21 86 53 36 93 54 18 43 20 30 33 79 46 14 12 84 80 40 88 59 56 56 94 73 42 70 94 70 81 88 27 18 11 24 80 98 27 41 16 99 92 31 16 59 89 30 71 59 27 27 79 78 23 39 67 67 53 92 32 68 10 82 44 81 41 41 84 50 61 41 63 19 52 17 94 64 75 73 82 61 49 45 46 35 54 0 91 37 67 61 94 92 87 50 75 92 60 78 74 68 16 96 17 98 95 29 66 32 36 16 71 46 40 32 42 47 65 27 33 85 47 41
70 81 88 73 74 82 15 52 43 67 83 87 22 97 10 71 64 92 82 17 98 70 55 66 40 41 69 86 71 41 15 78 45 66 62 76 28 38 79 39 52 26 44 91 67 83 10 61 39 22 96 55 91 19 95 84 57 32 91 11 63 71 49 31 44 91 31 34 75 82 61 54 89 74 15 84 17 63 81 23 71 51 52 12 37 15 93 96 91 0 62 80 79 94 16 48 11 92 70 10 54 64 78 58 46 96 48 84 65 98 50 27 15 43 79 66 45 69 23 75 57 72 68 46 34
49 41 32 72 51 95 96 34 36 93 94 66 36 25 22 78 12 53 21 53 16 38 66 84 89 97 67 97 97 75 19 79 92 73 77 59 39 21 75 57 34 82 85 38 65 99 84 42 76 95 43 56 85 64 80 95 49 11 95 84 57 68 30 19 94 23 44 53 57 79 88 60 76 19 55 84 23 98 81 45 70 64 82 45 36 64 21 36 37 62 0 59 62 36 41 20 86 97 85 65 34 21 53 76 89 45 16 63 93 54 93 25 14 70 27 39 85 46 93 66 73 52 55 56 79
14 59 23 79 87 74 10 30 92 13 79 91 23 13 50 29 67 99 27 88 78 15 49 75 22 48 49 29 73 95 76 47 14 26 42 85 40 85 94 17 18 34 28 31 75 62 68 45 37 45 30 88 86 85 29 51 28 43 88 41 93 62 46 57 17 30 30 76 47 19 88 77 92 55 11 32 50 98 55 36 47 16 75 59 45 43 55 85 67 80 59 0 70 28 45 18 92 92 11 73 28 67 73 10 45 52 30 33 66 25 19 60 71 11 18 52 56 21 42 53 71 58 89 24 74
51 37 62 64 73 84 32 52 91 85 10 18 45 55 58 85 92 38 69 85 56 93 83 60 23 12 78 97 10 61 23 50 78 45 35 25 53 59 49 94 29 71 39 56 20 88 54 86 47 26 24 58 78 13 77 28 74 75 36 50 85 37 87 66 65 44 83 14 24 23 76 52 44 56 48 27 78 85 64 80 99 91 26 71 69 27 85 63 61 79 62 70 0 38 91 85 12 92 12 45 62 17 91 28 45 54 57 36 14 59 56 85 95 75 12 41 18 86 21 82 73 60 39 42 98
55 65 31 61 30 28 79 94 32 72 65 26 68 74 24 12 94 91 99 78 42 92 76 79 15 44 69 68 61 54 50 83 57 48 14 16 83 47 42 92 59 85 91 58 63 67 17 35 71 25 41 88 40 11 67 10 59 37 36 59 85 96 12 46 26 78 91 89 14 93 18 34 17 47 95 16 60 76 68 61 23 94 46 19 56 95 76 18 94 94 36 28 38 0 15 27 88 34 43 88 34 32 50 23 27 33 63 55 35 50 84 98 43 54 55 19 40 77 81 16 29 27 61 55 95
95 56 79 68 89 63 40 63 82 83 33 47 33 17 24 54 64 11 28 54 29 32 48 90 54 37 94 89 62 65 54 36 90 90 20 10 28 55 83 66 16 41 49 59 40 98 78 58 17 79 28 85 98 86 77 55 87 64 36 29 16 66 18 18 77 43 43 37 88 79 55 48 43 87 64 50 26 30 87 30 46 12 35 17 42 40 11 85 92 16 41 45 91 15 0 84 11 70 31 31 11 61 52 42 97 86 54 10 55 26 31 43 11 11 20 81 66 56 42 62 27 45 85 10 95
72 25 50 79 64 62 59 55 62 68 37 70 77 33 95 79 40 74 86 70 91 87 22 93 12 83 66 14 19 29 94 19 99 30 14 49 10 79 49 50 83 14 17 56 94 93 99 61 31 39 78 67 73 42 92 25 95 18 94 50 83 85 10 19 21 40 88 40 35 24 86 32 50 90 41 47 19 89 86 31 78 88 73 51 74 55 81 89 87 48 20 18 85 27 84 0 76 25 25 67 85 13 76 56 75 63 51 32 28 53 66 22 35 99 66 52 46 33 66 29 18 11 14 70 86
56 33 24 58 26 59 11 55 86 42 85 34 89 69 91 38 31 61 96 53 39 10 20 52 41 42 26 51 25 25 21 46 43 98 56 25 40 94 49 22 23 72 95 17 38 63 77 68 49 97 45 43 93 55 95 84 77 86 52 92 23 31 32 98 45 52 15 12 86 44 12 60 25 30 48 91 66 18 57 71 18 67 95 76 40 66 10 52 50 11 86 92 12 88 11 76 0 32 89 17 95 27 28 35 16 52 94 41 54 29 17 32 50 93 30 79 23 61 91 91 12 36 56 49 77
61 56 50 13 48 27 81 95 57 11 90 42 81 15 18 92 67 15 74 97 72 81 60 42 41 91 19 63 88 74 40 30 77 77 88 45 80 18 84 44 61 13 52 49 21 35 72 34 82 58 81 78 99 27 75 56 83 39 21 50 31 18 16 42 54 88 80 38 17 19 31 27 90 99 84 91 58 99 97 55 27 82 19 62 58 41 88 62 75 92 97 92 92 34 70 25 32 0 79 65 73 23 79 58 71 93 92 20 62 86 84 86 66 75 39 48 34 45 23 38 82 19 60 64 46
15 28 40 16 65 68 24 58 73 44 65 67 83 91 77 46 28 66 25 50 94 69 19 66 99 75 26 68 11 52 32 44 71 89 16 42 65 45 97 32 62 28 82 67 49 36 82 19 68 31 78 74 49 22 79 14 47 98 16 35 95 18 33 12 43 29 17 62 91 29 49 48 58 59 51 40 56 44 87 57 24 92 30 15 55 11 27 54 92 70 85 11 12 43 31 25 89 79 0 65 40 35 83 88 49 57 10 15 91 67 42 53 60 52 10 24 68 43 94 26 48 74 77 95 23
25 71 25 61 35 50 48 19 50 78 94 40 44 87 33 33 79 33 46 29 62 28 57 92 99 83 24 14 44 40 79 38 84 20 66 82 63 28 50 18 19 37 83 93 15 87 51 73 85 84 55 44 84 13 21 88 56 76 79 75 98 83 13 26 49 78 50 87 15 67 65 29 46 89 58 35 51 85 96 72 32 79 88 47 98 45 34 48 60 10 65 73 45 88 31 67 17 65 65 0 58 86 32 27 63 36 50 69 98 82 13 39 17 24 35 19 94 27 15 54 82 75 12 71 37
83 12 94 94 15 40 68 34 12 69 12 65 86 31 96 45 76 95 72 54 55 91 90 99 39 29 87 46 38 78 53 10 89 27 89 46 28 85 55 43 42 24 75 57 78 86 23 37 49 23 97 61 85 74 80 79 15 51 95 58 17 39 33 61 31 11 17 90 33 47 90 87 43 15 27 62 85 99 10 45 91 29 92 44 99 41 53 84 78 54 34 28 62 34 11 85 95 73 40 58 0 73 92 96 61 86 70 23 27 31 23 69 24 22 92 61 10 39 81 69 97 78 16 14 10
62 92 90 86 21 28 32 39 35 88 37 24 31 46 23 99 12 33 61 27 59 84 86 33 29 84 52 97 16 21 96 32 95 17 99 88 95 62 95 13 78 97 14 96 60 65 91 16 59 19 47 19 20 87 51 24 28 10 98 10 85 15 69 83 87 33 30 21 88 16 20 53 36 75 22 37 65 19 89 46 28 17 48 34 40 37 29 30 74 64 21 67 17 32 61 13 27 23 35 86 73 0 68 48 77 22 82 84 65 68 17 65 72 49 81 80 90 71 73 53 50 48 44 53 86
76 13 39 66 74 11 10 69 97 37 52 90 40 36 61 22 90 60 52 45 61 66 20 13 15 17 43 13 57 70 92 42 83 56 37 35 98 50 28 33 71 84 63 96 97 49 35 76 90 24 83 46 98 88 85 45 42 17 62 34 99 20 23 50 44 21 62 78 43 65 14 78 13 40 17 84 13 68 21 47 71 96 20 84 53 95 64 94 68 78 53 73 91 50 52 76 28 79 83 32 92 68 0 10 14 68 66 70 58 25 22 46 70 93 71 26 60 67 65 82 74 34 92 62 97
82 94 76 82 90 10 33 84 91 94 50 75 45 67 44 28 22 14 80 60 51 30 33 67 61 74 67 50 55 98 43 41 71 11 38 65 69 72 46 22 68 97 40 58 13 35 29 45 28 69 53 39 52 64 38 25 57 49 31 19 49 74 21 55 43 90 21 55 52 91 38 79 95 23 19 28 60 43 79 57 34 69 28 34 65 88 98 36 16 58 76 10 28 23 42 56 35 58 88 27 96 48 10 0 34 15 91 94 81 26 90 34 14 88 60 22 34 17 72 32 28 60 82 21 79
25 63 71 48 28 33 14 76 73 47 32 74 25 52 41 69 88 86 61 28 20 67 63 83 88 15 65 37 17 42 15 23 46 31 80 33 19 50 32 98 44 94 65 51 49 78 67 65 86 29 44 18 58 17 95 93 30 34 17 20 40 42 89 59 39 13 31 88 89 63 13 66 49 14 71 34 59 44 94 11 40 65 52 62 61 92 72 97 96 46 89 45 45 27 97 75 16 71 49 63 61 77 14 34 0 33 85 51 44 44 75 67 47 67 29 70 99 82 19 97 62 37 63 27 60
87 44 15 54 99 15 25 75 97 75 97 29 10 34 10 77 68 46 76 56 35 90 21 14 58 54 49 82 61 95 22 49 48 51 15 88 16 56 80 95 59 11 21 77 11 60 36 64 59 71 15 12 75 64 65 84 97 65 28 80 47 91 73 20 58 57 52 42 91 84 43 55 96 12 67 53 80 12 55 95 76 99 11 47 98 85 58 37 17 96 45 52 54 33 86 63 52 93 57 36 86 22 68 15 33 0 80 96 58 28 82 70 95 68 91 68 22 79 83 80 51 62 42 74 50
22 19 43 46 24 71 27 61 68 84 21 82 37 48 61 58 78 38 66 55 74 10 70 35 77 82 59 32 93 31 31 62 65 22 38 53 92 61 22 26 56 74 91 56 67 69 26 39 54 66 65 90 85 64 48 41 21 14 75 78 49 70 83 33 70 19 27 81 84 15 99 44 51 82 14 78 87 44 91 47 61 38 24 19 79 60 49 35 98 48 16 30 57 63 54 51 94 92 10 50 70 82 66 91 85 80 0 24 36 21 65 30 12 53 40 11 60 91 32 64 82 52 67 32 81
30 29 76 67 81 33 70 58 58 47 53 63 35 44 78 33 85 53 62 95 39 20 40 48 22 13 77 36 14 20 37 11 64 18 38 80 72 10 35 22 61 33 18 63 45 84 10 34 80 73 95 61 35 36 11 39 89 29 23 33 16 54 95 54 57 86 48 14 78 69 77 62 49 79 21 20 65 49 54 73 52 93 88 31 50 53 91 36 95 84 63 33 36 55 10 32 41 20 15 69 23 84 70 94 51 96 24 0 25 58 55 49 55 15 19 27 29 46 98 20 19 39 50 29 65
66 73 32 79 35 97 94 97 64 35 52 64 82 67 36 32 62 75 38 68 67 82 90 68 40 86 50 68 75 57 76 12 58 27 65 86 93 95 62 51 78 38 46 37 21 33 43 22 16 50 86 89 97 40 36 45 46 97 62 21 36 38 23 17 37 69 24 15 96 89 26 87 67 68 20 51 58 60 93 94 64 82 22 24 82 59 95 68 29 65 93 66 14 35 55 28 54 62 91 98 27 65 58 81 44 58 36 25 0 46 52 55 23 39 99 76 71 62 41 38 23 72 39 59 73
85 28 76 99 15 56 67 13 70 41 19 74 55 97 73 18 82 46 75 73 29 88 46 41 10 45 33 31 34 71 34 64 46 39 39 92 86 21 10 94 43 74 30 35 22 96 47 91 63 53 66 69 85 63 72 82 53 70 56 68 64 52 42 94 98 41 14 73 75 42 14 96 95 99 68 27 71 25 93 51 39 21 10 58 67 71 50 25 66 98 54 25 59 50 26 53 29 86 67 82 31 68 25 26 44 28 21 58 46 0 63 46 38 64 47 96 71 77 53 63 78 84 53 98 47
11 25 83 24 59 24 93 52 41 97 17 49 78 80 98 34 24 75 73 41 24 20 26 13 98 81 53 95 10 99 72 68 40 55 83 87 17 23 35 50 50 16 83 79 39 94 72 86 60 47 33 67 55 34 37 96 52 23 74 12 12 49 73 22 76 28 87 52 11 74 67 75 40 93 72 83 60 32 23 97 17 11 84 24 66 85 54 42 32 50 93 19 56 84 31 66 17 84 42 13 23 17 22 90 75 82 65 55 52 63 0 66 76 65 21 28 16 58 88 23 19 28 89 58 38
69 41 96 38 48 80 24 39 51 29 67 30 92 91 33 79 80 33 31 13 36 17 68 62 26 39 12 96 80 69 64 57 67 23 88 54 17 23 33 10 12 80 36 89 77 12 27 95 57 79 53 78 73 67 70 82 78 56 39 83 17 48 37 59 25 44 23 74 40 58 38 77 79 35 34 35 53 12 26 59 24 10 55 43 57 21 75 64 36 27 25 60 85 98 43 22 32 86 53 39 69 65 46 34 67 70 30 49 55 46 66 0 38 67 31 56 56 25 12 68 58 47 89 43 55
10 25 31 36 92 91 66 20 66 13 15 63 56 75 25 33 65 91 19 69 30 29 27 94 12 66 34 30 36 63 38 44 51 14 32 36 15 85 47 87 89 29 89 51 95 88 88 41 47 76 33 96 85 30 34 46 49 11 49 71 79 64 11 40 61 21 10 90 28 34 50 83 35 96 41 82 56 82 87 57 99 29 74 60 36 34 23 65 16 15 14 71 95 43 11 35 50 66 60 17 24 72 70 14 47 95 12 55 23 38 76 38 0 48 58 48 20 71 97 15 75 58 65 70 48
68 82 55 20 11 33 57 43 51 62 81 96 44 27 89 15 99 22 65 32 79 29 14 28 10 12 15 85 56 73 74 15 82 48 14 90 42 59 28 13 58 82 76 22 64 49 50 55 64 76 57 63 16 87 33 94 64 10 11 64 68 45 46 16 44 45 37 99 23 17 26 87 55 81 19 80 33 94 17 45 93 10 98 84 45 38 34 88 71 43 70 11 75 54 11 99 93 75 52 24 22 49 93 88 67 68 53 15 39 64 65 67 48 0 91 98 36 90 17 97 53 47 95 27 59
30 46 67 83 22 30 40 52 83 68 81 94 88 41 92 33 15 31 52 27 68 54 95 42 73 52 73 75 70 39 85 74 27 49 10 35 13 41 57 69 73 29 12 78 67 90 33 12 44 87 69 59 64 47 68 35 36 72 40 85 15 77 24 76 56 50 37 72 72 82 96 71 84 97 53 76 99 83 79 41 82 84 75 13 54 78 46 37 46 79 27 18 12 55 20 66 30 39 10 35 92 81 71 60 29 91 40 19 99 47 21 31 58 91 0 55 64 36 94 85 18 15 59 90 31
55 66 57 93 23 40 71 78 33 78 41 18 43 79 98 33 67 60 40 48 27 54 26 15 19 67 96 12 87 86 92 73 38 37 17 88 11 37 15 47 91 58 47 12 77 90 89 64 44 73 26 40 90 91 40 21 19 14 85 88 64 68 11 18 76 50 50 22 92 36 82 23 57 29 44 70 71 17 41 33 48 73 39 15 45 11 62 37 40 66 39 52 41 19 81 52 79 48 24 19 61 80 26 22 70 68 11 27 76 96 28 56 48 98 55 0 67 22 17 78 59 55 20 13 70
10 24 20 69 44 93 54 17 97 86 93 71 63 29 42 76 73 23 45 52 38 75 94 21 37 38 29 61 38 60 16 60 63 51 38 73 98 13 22 34 26 83 57 27 64 51 16 80 85 61 87 91 56 36 30 18 24 65 18 38 89 74 32 29 88 75 31 76 64 33 90 11 30 60 27 22 51 35 79 44 62 62 73 77 56 54 55 29 32 45 85 56 18 40 66 46 23 34 68 94 10 90 60 34 99 22 60 29 71 71 16 56 20 36 64 67 0 22 44 22 98 32 48 51 96
37 75 63 33 16 23 13 39 42 17 67 19 14 18 85 53 38 76 37 45 30 88 44 90 38 35 85 90 52 14 83 68 27 33 78 84 13 22 66 16 20 68 45 73 43 51 74 91 15 14 39 97 56 21 78 78 75 83 48 86 70 67 53 15 40 63 90 98 11 53 77 88 78 18 71 27 12 14 18 95 40 38 69 74 46 33 65 63 42 69 46 21 86 77 56 33 61 45 43 27 39 71 67 17 82 79 91 46 62 77 58 25 71 90 36 22 22 0 98 30 21 31 41 44 98
48 12 25 62 94 39 14 14 51 80 33 25 89 21 88 18 61 41 32 52 67 78 37 42 39 32 48 79 53 83 25 17 30 13 41 21 79 41 93 44 49 19 66 93 15 71 74 17 96 35 27 40 84 24 34 14 33 71 58 88 43 56 59 67 19 25 26 46 36 35 25 67 20 29 78 17 43 50 40 87 21 44 49 59 17 52 97 24 47 23 93 42 21 81 42 66 91 23 94 15 81 73 65 72 19 83 32 98 41 53 88 12 97 17 94 17 44 98 0 63 59 56 28 41 56
55 98 94 99 39 57 71 62 44 23 15 70 34 63 71 21 13 12 72 60 28 61 34 28 84 25 83 28 70 48 83 98 40 98 93 71 72 72 29 94 47 12 36 38 54 42 14 15 58 49 24 87 80 54 29 16 26 40 30 63 39 10 14 15 14 15 25 12 52 15 53 80 66 16 61 45 73 95 77 18 76 68 21 86 87 23 88 60 65 75 66 53 82 16 62 29 91 38 26 54 69 53 82 32 97 80 64 20 38 63 23 68 15 97 85 78 22 30 63 0 95 36 74 36 99
32 45 99 81 38 51 18 96 71 72 62 81 99 85 39 62 37 15 83 37 65 82 99 18 66 50 21 21 81 17 97 54 12 70 52 81 64 34 59 59 34 99 11 94 52 44 69 91 54 51 30 65 11 86 93 30 90 55 42 70 36 92 72 15 25 71 18 76 34 90 67 17 87 94 50 65 61 11 63 14 86 41 84 25 96 26 33 43 27 57 73 71 73 29 27 18 12 82 48 82 97 50 74 28 62 51 82 19 23 78 19 58 75 53 18 59 98 21 59 95 0 26 94 18 46
94 36 27 61 45 16 90 25 57 44 68 23 34 15 26 18 90 40 11 12 12 86 57 62 75 89 55 37 51 65 53 68 28 26 31 51 82 54 39 14 86 27 26 75 42 55 95 80 16 29 25 72 41 97 38 23 69 81 35 86 79 11 34 31 65 27 31 70 86 33 36 72 94 99 49 69 71 25 33 13 33 48 94 63 92 95 70 35 33 72 52 58 60 27 45 11 36 19 74 75 78 48 34 60 37 62 52 39 72 84 28 47 58 47 15 55 32 31 56 36 26 0 21 19 33
34 63 95 93 94 11 48 48 47 64 13 56 92 42 92 91 81 11 18 18 22 97 63 29 93 85 19 77 90 29 48 46 68 69 67 49 68 41 90 75 34 17 50 34 97 61 26 64 47 93 95 62 87 28 23 58 46 63 40 33 19 52 28 39 37 98 38 68 80 73 84 56 52 94 36 33 41 20 86 31 84 88 21 62 59 37 17 21 85 68 55 89 39 61 85 14 56 60 77 12 16 44 92 82 63 42 67 50 39 53 89 89 65 95 59 20 48 41 28 74 94 21 0 90 13
34 86 94 91 83 11 67 19 55 48 39 22 46 97 42 79 34 75 87 51 68 62 73 89 62 26 89 58 73 33 25 40 35 57 52 43 45 86 79 17 97 38 36 34 61 79 88 78 19 69 79 91 20 81 87 39 88 52 47 63 72 58 54 51 79 91 96 41 45 11 50 42 48 58 11 28 12 30 91 77 72 68 76 16 60 85 30 28 47 46 56 24 42 55 10 70 49 64 95 71 14 53 62 21 27 74 32 29 59 98 58 43 70 27 90 13 51 44 41 36 18 19 90 0 48
93 75 14 55 55 69 96 61 29 82 55 24 99 38 29 80 52 94 62 33 71 21 91 71 55 66 38 21 85 66 39 60 85 93 47 53 99 62 26 25 14 83 98 73 47 76 58 45 92 24 81 44 98 52 62 67 66 79 83 59 66 82 66 79 40 18 59 10 62 15 53 12 67 32 25 79 18 95 32 96 70 44 12 74 15 14 95 24 41 34 79 74 98 95 95 86 77 46 23 37 10 86 97 79 60 50 81 65 73 47 38 55 48 59 31 70 96 98 56 99 46 33 13 48 0