115
0 40 68 72 14 59 50 22 45 96 94 56 17 97 17 31 31 35 68 74 77 37 56 63 68 18 35 73 98 90 64 98 26 82 72 69 28 45 50 20 59 82 99 55 29 60 53 88 36 84 79 40 97 21 39 81 56 49 38 17 60 95 67 98 31 14 83 17 41 87 67 92 68 49 50 48 91 32 53 23 90 75 41 20 56 73 48 35 15 59 66 10 98 28 48 77 44 66 66 70 77 70 29 44 38 99 36 89 79 82 18 31 33 50 18
40 0 67 15 26 61 31 39 96 34 42 36 88 12 76 13 79 83 78 26 54 71 75 95 96 58 39 10 15 28 51 58 52 75 37 43 82 38 12 88 21 85 68 57 44 28 98 91 93 66 89 73 27 26 74 91 13 61 67 20 61 11 19 91 69 71 23 87 50 69 50 87 90 84 37 52 54 21 78 16 74 93 79 65 37 36 45 43 66 58 27 23 99 39 54 38 99 45 72 65 85 37 51 46 29 33 55 96 97 20 62 94 71 62 70
68 67 0 21 71 73 17 85 47 65 36 33 35 96 58 96 52 52 52 97 11 46 90 23 59 40 66 54 82 91 54 56 28 50 24 16 18 81 43 85 32 35 51 39 15 34 87 17 17 30 90 18 11 94 36 20 17 32 90 66 54 30 32 66 11 58 75 17 74 28 12 94 26 21 29 84 91 49 66 25 27 70 47 15 56 96 65 81 87 88 76 57 15 46 16 75 78 48 17 59 76 43 46 14 92 22 21 31 25 94 92 98 62 13 10
72 15 21 0 55 83 39 31 80 72 56 30 15 98 16 46 72 21 12 65 56 25 61 15 68 72 69 54 54 40 99 77 25 35 61 12 83 18 36 26 54 13 32 73 96 18 42 68 69 99 88 78 58 56 37 78 93 22 66 42 96 46 20 66 24 82 27 77 78 76 11 53 49 37 28 99 96 83 52 89 57 55 13 66 60 42 41 75 48 38 34 47 45 53 12 29 15 96 50 47 40 41 59 38 16 97 21 41 49 59 16 56 34 28 47
14 26 71 55 0 82 49 57 16 31 70 78 96 60 84 30 86 91 24 44 87 92 76 75 75 41 75 95 64 68 44 57 38 44 63 43 27 26 57 64 74 18 22 92 80 15 98 76 22 82 82 27 49 92 72 41 63 30 29 82 30 83 58 64 26 81 69 20 48 10 29 36 51 23 45 54 85 85 42 75 89 42 37 71 36 38 55 32 88 70 24 52 80 80 10 56 52 84 98 47 21 37 51 29 34 11 56 42 30 53 26 14 47 55 82
59 61 73 83 82 0 88 12 78 34 75 10 14 99 78 10 42 84 62 70 81 69 10 98 92 92 91 32 91 90 50 41 54 99 31 17 35 96 39 73 20 47 24 33 37 96 93 99 14 40 49 91 26 66 34 25 64 51 90 32 10 23 88 90 60 91 12 67 36 86 91 22 92 26 39 53 74 96 36 23 77 21 41 10 11 27 61 82 32 60 48 13 75 82 73 53 41 73 17 95 92 34 16 74 87 44 81 79 94 42 30 97 13 24 16
50 31 17 39 49 88 0 98 81 90 35 24 83 35 16 92 58 48 53 58 57 83 99 33 93 64 72 41 95 93 78 30 23 65 62 70 88 58 25 79 71 59 87 65 68 93 88 11 75 49 24 94 11 29 35 69 12 15 51 40 71 52 91 35 43 47 65 29 87 31 11 44 10 14 96 36 97 95 13 31 36 64 87 42 93 96 52 89 90 66 74 41 45 75 67 74 45 56 61 22 18 45 45 56 41 98 70 21 10 45 38 17 44 55 76
22 39 85 31 57 12 98 0 20 36 65 51 27 62 38 46 90 14 91 63 97 81 80 52 49 56 76 94 96 41 51 10 73 97 66 41 58 18 21 81 95 76 92 34 12 14 15 47 75 32 34 63 78 66 20 77 56 85 41 26 98 96 43 80 18 34 50 82 41 24 27 59 49 67 89 47 51 27 45 53 37 73 69 54 51 97 66 52 32 54 35 11 29 39 79 40 51 66 14 73 29 75 59 55 33 95 27 82 89 75 33 87 92 88 40
45 96 47 80 16 78 81 20 0 77 63 97 93 64 44 10 31 83 44 84 83 98 13 69 79 11 37 63 90 54 29 15 57 13 37 94 92 63 37 31 81 65 88 73 12 55 52 40 70 18 78 19 62 50 92 59 61 82 96 15 90 36 26 30 69 95 49 86 63 58 26 74 31 11 33 67 21 94 77 67 86 20 71 88 44 50 30 27 59 21 34 39 25 42 41 40 19 30 90 12 71 83 29 44 53 11 67 94 38 86 25 65 63 45 49
96 34 65 72 31 34 90 36 77 0 82 45 41 44 89 77 76 94 79 54 46 38 33 59 38 48 89 53 66 10 34 29 80 78 17 80 71 71 15 18 19 23 95 91 61 41 55 35 73 21 39 21 68 12 96 95 16 84 96 31 38 94 13 88 80 44 26 49 45 27 66 53 44 16 78 44 70 54 22 73 37 30 78 99 49 85 38 67 49 26 24 55 30 15 30 44 13 86 60 98 66 35 30 80 44 93 28 72 51 68 58 41 58 62 99
94 42 36 56 70 75 35 65 63 82 0 82 83 77 39 59 94 34 54 64 61 86 48 84 88 60 10 84 83 86 43 40 16 51 37 81 69 10 91 48 34 47 96 63 99 89 77 63 20 68 68 79 22 29 69 78 48 92 23 24 26 91 88 21 29 22 63 94 81 29 98 59 93 81 10 79 40 38 90 43 69 67 30 20 71 92 85 66 42 92 12 94 32 57 28 71 43 67 78 62 28 19 83 84 54 11 44 72 18 34 52 95 25 57 98
56 36 33 30 78 10 24 51 97 45 82 0 66 61 31 84 86 52 14 30 57 62 90 56 57 50 49 39 81 24 90 38 84 53 23 29 44 21 73 60 37 62 94 30 84 51 24 26 25 55 20 22 10 59 92 58 77 57 39 88 38 21 90 87 39 50 30 27 47 78 44 65 70 54 84 76 81 65 25 90 66 43 30 18 38 63 59 96 54 36 38 95 89 72 67 45 23 43 62 68 12 84 25 86 67 66 10 38 77 27 15 50 55 18 82
17 88 35 15 96 14 83 27 93 41 83 66 0 49 64 98 62 70 96 10 75 55 60 21 30 14 41 56 63 96 51 80 61 72 70 94 89 20 74 99 48 43 61 19 79 48 19 73 92 44 69 34 13 87 43 26 25 86 10 21 43 85 17 31 11 99 46 76 58 66 76 59 79 64 72 35 79 99 91 89 43 25 97 90 85 94 96 89 13 87 60 99 64 72 76 50 95 77 93 83 33 60 45 33 13 15 96 20 60 21 61 57 86 88 78
97 12 96 98 60 99 35 62 64 44 77 61 49 0 90 54 82 10 75 21 94 98 22 85 48 86 42 14 93 30 39 64 71 71 95 83 68 25 92 24 52 35 27 54 46 21 57 10 55 34 85 71 58 85 29 80 61 94 82 39 10 60 36 34 10 19 75 90 52 79 58 32 22 43 47 62 12 75 87 77 87 57 94 12 81 35 64 44 62 82 38 95 53 99 75 90 95 41 69 25 81 24 99 50 11 98 43 91 75 88 36 58 44 64 89
17 76 58 16 84 78 16 38 44 89 39 31 64 90 0 86 93 37 65 49 74 72 19 99 99 82 55 61 24 79 92 69 61 33 55 10 57 81 54 39 61 52 97 33 56 43 30 70 17 39 17 16 80 54 80 38 59 66 86 87 16 56 81 63 26 26 65 69 68 85 72 74 25 84 26 23 99 56 35 45 66 21 73 63 64 57 93 76 10 43 25 78 50 37 90 79 81 33 68 53 69 82 31 48 95 95 37 31 26 49 82 96 34 83 72
31 13 96 46 30 10 92 46 10 77 59 84 98 54 86 0 12 63 40 63 42 56 21 90 23 57 90 19 29 70 67 92 24 52 18 44 70 38 96 44 39 39 76 41 48 12 65 83 69 58 32 57 77 88 66 56 77 48 84 14 98 88 24 91 62 89 51 99 56 72 50 54 75 78 78 30 61 40 78 29 44 12 61 43 92 89 34 63 58 99 86 93 59 49 51 27 22 58 42 39 69 41 25 66 71 32 60 21 27 41 27 65 25 11 46
31 79 52 72 86 42 58 90 31 76 94 86 62 82 93 12 0 57 28 24 83 41 89 64 74 58 15 14 90 27 74 49 87 62 63 10 14 30 23 17 64 35 90 88 22 83 55 35 53 75 84 21 20 76 96 55 91 96 17 99 68 86 67 46 84 94 65 12 86 67 88 40 13 62 32 58 18 41 95 97 17 68 12 61 70 36 62 92 66 39 38 34 95 17 57 10 63 46 96 49 93 28 48 45 10 15 48 51 28 58 70 38 59 70 39
35 83 52 21 91 84 48 14 83 94 34 52 70 10 37 63 57 0 64 20 38 22 10 68 93 27 41 23 86 50 28 46 52 82 97 78 32 43 78 67 11 48 51 35 85 21 23 24 81 50 98 61 42 61 13 94 30 43 37 15 92 37 83 75 31 98 35 72 67 35 19 92 62 83 31 92 12 69 26 14 40 95 80 66 34 44 79 18 18 75 38 79 97 42 98 77 49 86 75 19 12 46 68 32 47 43 32 96 76 53 85 81 88 63 27
68 78 52 12 24 62 53 91 44 79 54 14 96 75 65 40 28 64 0 68 32 52 38 84 77 31 58 69 98 77 57 13 18 71 19 34 62 13 72 95 89 10 62 19 15 39 13 26 79 19 71 20 50 44 36 28 60 91 90 23 27 47 54 89 91 67 84 74 20 34 70 32 98 61 47 97 65 72 44 34 46 45 67 87 72 28 29 17 18 77 28 69 93 34 63 53 18 46 32 88 51 44 80 38 13 64 20 28 75 38 34 56 82 15 50
74 26 97 65 44 70 58 63 84 54 64 30 10 21 49 63 24 20 68 0 77 42 66 85 12 47 11 48 57 89 79 65 70 36 58 63 51 52 14 31 43 72 58 53 42 30 75 60 70 37 59 34 20 22 52 53 50 56 50 31 22 39 33 45 49 39 12 68 53 72 81 23 11 42 37 40 11 56 93 66 47 77 28 95 93 19 77 92 66 97 73 66 93 35 18 50 18 77 40 89 75 96 81 83 98 30 62 41 96 12 24 95 35 96 62
77 54 11 56 87 81 57 97 83 46 61 57 75 94 74 42 83 38 32 77 0 18 25 48 33 46 16 33 40 53 37 53 87 37 65 74 49 54 97 36 15 32 16 48 77 17 43 33 51 36 25 92 67 87 92 79 18 81 52 18 38 22 99 75 68 98 15 50 24 28 80 63 81 25 72 47 42 30 69 59 75 64 57 85 91 13 62 41 64 51 95 27 41 46 73 95 83 17 78 93 79 32 83 30 36 24 42 49 43 31 78 56 98 14 32
37 71 46 25 92 69 83 81 98 38 86 62 55 98 72 56 41 22 52 42 18 0 97 68 68 75 47 80 89 99 79 48 50 33 32 21 41 55 26 25 11 64 67 18 51 52 93 61 62 39 22 42 69 42 63 57 60 10 50 81 64 39 69 22 19 25 94 97 70 26 42 69 19 68 47 26 85 91 93 84 18 68 21 45 31 38 79 78 45 40 84 29 39 63 12 55 31 96 70 16 28 28 33 29 34 90 39 99 26 55 21 51 35 91 98
56 75 90 61 76 10 99 80 13 33 48 90 60 22 19 21 89 10 38 66 25 97 0 83 37 52 24 37 75 28 15 47 93 83 15 54 90 90 94 70 87 72 93 35 75 97 36 91 70 44 25 72 70 27 20 37 34 65 25 25 26 17 59 46 70 61 67 61 60 76 89 16 85 42 30 24 43 42 78 35 61 41 90 31 46 55 52 11 37 78 75 35 78 66 52 89 64 36 51 10 48 91 37 53 53 25 99 93 65 76 66 41 10 84 86
63 95 23 15 75 98 33 52 69 59 84 56 21 85 99 90 64 68 84 85 48 68 83 0 66 89 43 19 62 60 46 95 54 79 76 38 66 45 34 58 25 32 26 67 23 22 16 97 81 52 21 12 32 29 87 34 21 73 57 24 91 14 97 45 95 51 59 38 88 50 41 58 51 40 88 79 46 65 36 69 16 97 48 68 32 19 44 33 85 81 49 93 82 24 68 37 50 54 76 13 15 82 17 40 41 21 88 68 28 58 36 94 44 31 45
68 96 59 68 75 92 93 49 79 38 88 57 30 48 99 23 74 93 77 12 33 68 37 66 0 69 61 62 19 11 74 11 28 88 58 91 13 93 57 21 15 17 31 35 55 91 31 25 45 70 17 54 93 93 60 18 34 84 35 93 22 68 60 70 19 32 38 97 54 44 90 50 61 71 99 64 58 13 79 92 44 99 54 31 54 81 58 55 58 24 67 52 79 90 18 37 21 76 61 95 10 40 17 98 15 44 61 81 46 57 64 28 12 51 85
18 58 40 72 41 92 64 56 11 48 60 50 14 86 82 57 58 27 31 47 46 75 52 89 69 0 59 63 62 74 22 58 57 65 58 46 33 40 81 53 15 78 59 45 38 61 67 84 67 88 43 78 23 67 45 12 16 66 48 91 39 94 34 96 54 14 24 49 18 58 73 36 72 76 27 74 49 26 73 78 87 98 14 34 42 17 66 94 42 87 40 87 60 36 66 37 21 58 84 59 74 13 65 99 80 15 82 47 97 27 92 11 95 97 78
35 39 66 69 75 91 72 76 37 89 10 49 41 42 55 90 15 41 58 11 16 47 24 43 61 59 0 81 90 12 91 24 28 15 15 83 51 74 58 52 10 48 43 97 88 53 82 80 53 38 82 18 94 63 37 51 27 20 44 35 19 54 63 84 91 26 60 38 31 90 39 33 56 10 20 22 49 88 15 51 91 60 86 56 89 96 58 38 21 67 20 76 96 62 93 30 54 65 31 15 96 89 24 12 24 56 32 69 10 78 38 93 18 72 41
73 10 54 54 95 32 41 94 63 53 84 39 56 14 61 19 14 23 69 48 33 80 37 19 62 63 81 0 91 87 19 44 29 77 42 32 26 96 24 99 93 45 15 71 59 36 37 64 38 21 96 14 68 64 20 91 54 57 34 54 77 66 12 36 17 76 12 14 90 20 21 17 27 34 36 95 57 45 93 23 52 72 60 65 92 82 61 18 32 42 61 41 89 78 13 23 63 99 82 15 67 99 55 24 66 52 12 56 69 63 34 66 77 25 45
98 15 82 54 64 91 95 96 90 66 83 81 63 93 24 29 90 86 98 57 40 89 75 62 19 62 90 91 0 97 60 97 78 17 41 22 32 85 39 41 20 55 43 26 31 25 40 78 55 30 90 62 63 41 24 96 32 14 23 16 51 95 85 95 69 23 99 63 71 29 11 77 30 11 83 21 98 10 53 93 32 93 51 58 87 15 41 20 56 45 53 77 43 57 27 58 46 52 34 61 76 94 89 80 44 21 65 10 62 51 36 42 40 78 22
90 28 91 40 68 90 93 41 54 10 86 24 96 30 79 70 27 50 77 89 53 99 28 60 11 74 12 87 97 0 38 69 22 75 47 64 54 34 12 95 37 40 84 71 58 42 47 66 10 34 24 64 78 51 14 33 33 19 71 45 78 92 71 81 17 24 22 94 68 86 18 85 21 57 50 16 59 93 45 22 79 74 36 62 56 33 32 97 55 85 60 86 32 63 52 21 77 79 47 22 58 14 47 63 57 48 87 16 13 76 46 96 92 39 74
64 51 54 99 44 50 78 51 29 34 43 90 51 39 92 67 74 28 57 79 37 79 15 46 74 22 91 19 60 38 0 36 13 37 45 93 44 64 48 61 23 65 29 23 45 99 21 33 52 56 40 73 65 50 80 76 26 68 83 31 53 22 76 63 21 47 37 75 61 62 74 58 77 21 41 49 31 52 11 86 36 49 96 55 41 81 59 66 30 66 28 68 38 55 86 55 49 46 90 86 82 64 15 98 23 83 52 15 26 10 45 86 50 45 98
98 58 56 77 57 41 30 10 15 29 40 38 80 64 69 92 49 46 13 65 53 48 47 95 11 58 24 44 97 69 36 0 25 31 95 89 28 95 36 61 21 25 95 38 87 64 83 73 43 42 70 17 18 45 70 58 26 59 39 67 54 80 47 68 97 33 66 14 91 89 22 77 53 63 96 39 99 22 10 35 79 10 28 79 52 74 94 32 76 31 96 92 85 81 62 93 23 92 73 87 43 86 96 74 87 13 90 65 43 22 81 30 80 78 62
26 52 28 25 38 54 23 73 57 80 16 84 61 71 61 24 87 52 18 70 87 50 93 54 28 57 28 29 78 22 13 25 0 86 77 61 42 88 18 61 40 21 82 53 98 94 80 50 82 34 12 80 94 41 37 36 24 17 20 72 40 66 44 87 51 65 13 80 57 78 25 20 22 52 60 49 64 42 95 44 70 88 70 63 97 18 67 89 57 52 58 75 75 51 63 53 43 16 89 73 31 70 17 24 43 13 70 37 72 93 81 27 49 68 37
82 75 50 35 44 99 65 97 13 78 51 53 72 71 33 52 62 82 71 36 37 33 83 79 88 65 15 77 17 75 37 31 86 0 80 43 35 51 32 30 65 35 98 21 93 98 35 50 28 74 90 14 86 95 70 16 53 54 61 69 12 52 38 59 12 26 57 88 99 85 12 98 70 90 66 66 18 89 37 70 18 59 58 58 18 96 95 25 54 48 32 59 51 81 25 97 85 42 42 59 12 69 56 10 83 94 68 76 52 95 63 76 99 72 56
72 37 24 61 63 31 62 66 37 17 37 23 70 95 55 18 63 97 19 58 65 32 15 76 58 58 15 42 41 47 45 95 77 80 0 43 64 17 58 15 51 84 46 92 18 84 40 80 42 42 55 87 77 98 30 86 60 38 87 63 61 47 44 66 99 33 72 16 48 62 79 85 30 25 41 99 67 18 92 36 21 60 13 86 46 22 69 20 77 23 32 55 23 74 48 73 22 76 42 84 22 97 57 66 50 89 13 60 74 53 82 45 43 88 33
69 43 16 12 43 17 70 41 94 80 81 29 94 83 10 44 10 78 34 63 74 21 54 38 91 46 83 32 22 64 93 89 61 43 43 0 69 39 32 77 30 94 94 96 98 45 51 49 39 49 67 77 71 72 98 51 46 76 47 92 12 24 56 52 77 22 99 11 68 43 24 71 94 47 68 59 31 73 90 13 27 33 46 65 87 21 61 86 80 57 56 38 51 86 40 47 61 90 28 34 75 56 78 85 97 11 50 93 32 17 82 54 93 99 86
28 82 18 83 27 35 88 58 92 71 69 44 89 68 57 70 14 32 62 51 49 41 90 66 13 33 51 26 32 54 44 28 42 35 64 69 0 82 33 51 46 36 15 95 54 36 15 71 18 44 30 62 41 38 54 94 22 40 40 56 68 19 59 89 81 62 64 81 16 28 85 20 81 10 65 26 97 62 81 46 49 44 96 20 52 56 18 18 78 90 73 75 99 21 12 94 61 61 79 25 76 93 80 96 36 22 98 55 94 97 19 28 84 77 43
45 38 81 18 26 96 58 18 63 71 10 21 20 25 81 38 30 43 13 52 54 55 90 45 93 40 74 96 85 34 64 95 88 51 17 39 82 0 92 47 91 80 35 78 70 83 19 62 87 21 33 97 46 70 37 17 47 25 91 32 62 53 28 80 85 21 54 99 94 24 34 17 66 45 56 28 66 19 79 65 19 26 81 12 32 95 40 81 54 60 26 56 77 66 26 20 12 14 31 61 95 70 68 64 43 99 72 13 69 62 34 47 60 49 56
50 12 43 36 57 39 25 21 37 15 91 73 74 92 54 96 23 78 72 14 97 26 94 34 57 81 58 24 39 12 48 36 18 32 58 32 33 92 0 74 85 42 13 72 80 19 26 69 26 22 36 39 66 67 74 85 44 37 57 63 87 94 50 20 70 38 48 48 97 90 95 92 96 21 45 39 34 22 88 44 52 86 22 31 60 39 37 45 39 19 95 20 22 10 65 70 32 17 72 64 55 22 26 60 26 45 24 48 11 72 88 58 73 83 87
20 88 85 26 64 73 79 81 31 18 48 60 99 24 39 44 17 67 95 31 36 25 70 58 21 53 52 99 41 95 61 61 61 30 15 77 51 47 74 0 28 19 72 73 34 48 96 32 71 69 96 18 72 38 88 49 15 89 64 53 38 60 35 23 48 66 49 34 30 95 79 40 72 75 73 32 88 62 61 30 83 23 83 10 99 94 55 89 39 33 51 73 48 47 32 98 56 56 15 85 89 47 96 83 81 99 27 32 43 59 84 17 88 29 26
59 21 32 54 74 20 71 95 81 19 34 37 48 52 61 39 64 11 89 43 15 11 87 25 15 15 10 93 20 37 23 21 40 65 51 30 46 91 85 28 0 97 93 12 65 66 44 56 58 16 62 95 33 78 79 74 63 79 27 36 11 38 52 42 95 24 68 99 15 42 25 36 62 35 28 66 24 87 77 22 23 20 99 40 48 57 36 39 40 34 14 73 62 56 51 71 10 13 25 90 50 62 84 35 29 73 99 96 32 30 17 68 53 96 74
82 85 35 13 18 47 59 76 65 23 47 62 43 35 52 39 35 48 10 72 32 64 72 32 17 78 48 45 55 40 65 25 21 35 84 94 36 80 42 19 97 0 45 26 74 56 36 74 56 54 60 66 78 40 94 85 47 67 44 54 67 14 34 78 91 77 82 13 39 38 51 45 53 30 75 51 79 50 38 26 20 57 90 17 28 70 28 19 90 79 10 40 12 42 62 46 58 13 58 95 89 73 86 83 76 62 62 12 18 40 89 44 87 40 97
99 68 51 32 22 24 87 92 88 95 96 94 61 27 97 76 90 51 62 58 16 67 93 26 31 59 43 15 43 84 29 95 82 98 46 94 15 35 13 72 93 45 0 52 99 24 68 66 38 65 37 60 83 75 29 25 92 49 78 52 46 46 42 20 47 21 40 21 36 49 99 43 71 20 68 52 70 19 39 92 77 59 67 99 24 32 99 26 59 73 36 71 74 76 24 85 80 99 55 90 86 19 92 46 96 27 42 44 79 48 29 81 90 10 80
55 57 39 73 92 33 65 34 73 91 63 30 19 54 33 41 88 35 19 53 48 18 35 67 35 45 97 71 26 71 23 38 53 21 92 96 95 78 72 73 12 26 52 0 72 59 12 33 74 24 49 67 34 86 73 48 99 32 18 51 29 82 41 96 52 78 92 61 68 80 56 13 65 83 70 80 55 57 18 87 55 48 42 53 86 86 43 14 56 16 71 67 88 53 30 44 22 55 60 68 67 80 48 59 41 93 30 20 77 70 62 95 44 44 15
29 44 15 96 80 37 68 12 12 61 99 84 79 46 56 48 22 85 15 42 77 51 75 23 55 38 88 59 31 58 45 87 98 93 18 98 54 70 80 34 65 74 99 72 0 89 79 71 74 52 95 19 79 46 31 11 57 57 67 87 78 83 95 90 98 96 28 78 70 84 90 82 73 86 33 54 95 22 79 98 54 79 83 22 24 25 89 78 22 30 75 89 80 69 21 49 52 40 47 73 98 19 89 54 98 19 71 32 86 22 87 51 25 83 41
60 28 34 18 15 96 93 14 55 41 89 51 48 21 43 12 83 21 39 30 17 52 97 22 91 61 53 36 25 42 99 64 94 98 84 45 36 83 19 48 66 56 24 59 89 0 65 95 34 27 14 32 46 46 47 91 27 75 38 18 31 11 34 77 40 83 79 86 53 86 54 60 85 63 12 47 24 61 29 87 65 38 86 34 97 50 76 98 64 26 37 70 25 32 59 18 63 53 63 11 11 87 82 75 48 90 34 46 57 49 73 32 49 64 62
53 98 87 42 98 93 88 15 52 55 77 24 19 57 30 65 55 23 13 75 43 93 36 16 31 67 82 37 40 47 21 83 80 35 40 51 15 19 26 96 44 36 68 12 79 65 0 18 60 22 95 42 15 89 77 58 90 20 15 35 40 19 92 13 37 38 78 85 91 79 76 23 34 56 46 33 93 47 62 24 44 36 83 89 79 31 84 66 49 53 30 44 32 42 24 98 76 15 97 11 51 23 34 89 71 53 52 99 88 87 24 67 86 38 66
88 91 17 68 76 99 11 47 40 35 63 26 73 10 70 83 35 24 26 60 33 61 91 97 25 84 80 64 78 66 33 73 50 50 80 49 71 62 69 32 56 74 66 33 71 95 18 0 86 14 55 43 12 22 75 98 60 71 25 55 37 30 33 24 51 79 97 47 15 53 89 76 51 39 11 29 98 93 13 51 49 32 89 28 56 74 64 72 79 61 67 92 50 13 17 33 15 27 52 62 88 46 30 39 37 89 17 22 14 63 50 11 71 38 40
36 93 17 69 22 14 75 75 70 73 20 25 92 55 17 69 53 81 79 70 51 62 70 81 45 67 53 38 55 10 52 43 82 28 42 39 18 87 26 71 58 56 38 74 74 34 60 86 0 88 71 63 12 11 71 94 39 60 26 28 16 46 99 11 13 69 69 58 47 98 47 84 48 40 65 21 55 48 93 95 39 48 85 43 11 28 51 15 75 28 86 95 70 98 14 42 55 64 57 45 73 56 98 52 69 97 67 37 45 52 80 84 77 12 18
84 66 30 99 82 40 49 32 18 21 68 55 44 34 39 58 75 50 19 37 36 39 44 52 70 88 38 21 30 34 56 42 34 74 42 49 44 21 22 69 16 54 65 24 52 27 22 14 88 0 73 98 94 57 77 55 58 29 19 46 58 43 62 34 83 19 73 64 29 24 16 92 25 19 16 14 58 92 92 86 91 37 29 34 34 62 90 70 92 15 26 76 79 99 20 13 14 18 48 29 59 40 44 53 14 81 19 37 34 21 87 25 85 15 47
79 89 90 88 82 49 24 34 78 39 68 20 69 85 17 32 84 98 71 59 25 22 25 21 17 43 82 96 90 24 40 70 12 90 55 67 30 33 36 96 62 60 37 49 95 14 95 55 71 73 0 66 53 26 67 30 70 11 22 72 70 63 47 75 12 82 56 87 56 60 95 12 49 56 94 33 25 48 98 54 61 68 39 26 53 64 55 89 50 34 17 68 77 20 90 41 30 72 78 27 61 34 77 84 16 59 66 76 10 38 21 88 38 32 61
40 73 18 78 27 91 94 63 19 21 79 22 34 71 16 57 21 61 20 34 92 42 72 12 54 78 18 14 62 64 73 17 80 14 87 77 62 97 39 18 95 66 60 67 19 32 42 43 63 98 66 0 32 85 41 16 28 24 63 87 48 63 80 33 10 62 54 63 57 16 11 45 19 57 59 93 83 71 27 16 69 75 70 30 71 48 89 15 45 95 25 16 96 14 26 61 40 98 69 14 24 20 67 23 42 86 26 36 23 87 94 50 48 60 89
97 27 11 58 49 26 11 78 62 68 22 10 13 58 80 77 20 42 50 20 67 69 70 32 93 23 94 68 63 78 65 18 94 86 77 71 41 46 66 72 33 78 83 34 79 46 15 12 12 94 53 32 0 77 85 44 75 97 37 65 40 28 78 60 83 89 21 42 37 72 43 74 22 97 96 70 34 30 55 77 30 37 69 51 54 29 50 23 91 15 96 71 59 12 25 91 27 39 17 23 88 26 61 27 19 71 53 16 48 11 54 56 27 12 72
21 26 94 56 92 66 29 66 50 12 29 59 87 85 54 88 76 61 44 22 87 42 27 29 93 67 63 64 41 51 50 45 41 95 98 72 38 70 67 38 78 40 75 86 46 46 89 22 11 57 26 85 77 0 86 57 40 62 74 56 62 36 51 85 77 50 55 45 40 62 71 52 22 60 22 55 53 67 89 33 82 65 83 46 45 70 18 69 96 38 84 89 70 45 25 20 17 38 60 38 26 87 92 72 48 87 57 41 84 19 48 63 63 42 53
39 74 36 37 72 34 35 20 92 96 69 92 43 29 80 66 96 13 36 52 92 63 20 87 60 45 37 20 24 14 80 70 37 70 30 98 54 37 74 88 79 94 29 73 31 47 77 75 71 77 67 41 85 86 0 69 34 42 31 22 23 19 38 37 45 87 47 68 16 71 40 68 78 10 15 94 21 59 57 51 20 15 99 70 38 94 39 24 97 29 10 59 15 52 50 66 27 94 86 19 45 30 14 20 48 83 65 93 14 66 10 74 99 29 20
81 91 20 78 41 25 69 77 59 95 78 58 26 80 38 56 55 94 28 53 79 57 37 34 18 12 51 91 96 33 76 58 36 16 86 51 94 17 85 49 74 85 25 48 11 91 58 98 94 55 30 16 44 57 69 0 21 17 17 82 19 60 91 50 69 40 19 73 84 52 43 99 29 38 71 76 65 21 11 46 18 20 85 83 16 51 36 55 62 41 94 44 92 71 84 18 37 22 14 32 58 73 62 16 32 21 17 19 77 12 82 31 43 11 20
56 13 17 93 63 64 12 56 61 16 48 77 25 61 59 77 91 30 60 50 18 60 34 21 34 16 27 54 32 33 26 26 24 53 60 46 22 47 44 15 63 47 92 99 57 27 90 60 39 58 70 28 75 40 34 21 0 96 44 12 87 37 68 48 80 87 68 56 46 85 28 37 71 36 11 24 40 50 76 44 48 75 64 52 39 48 99 44 99 27 16 36 98 92 83 56 91 42 66 24 40 59 55 65 78 87 57 83 37 85 71 18 22 80 96
49 61 32 22 30 51 15 85 82 84 92 57 86 94 66 48 96 43 91 56 81 10 65 73 84 66 20 57 14 19 68 59 17 54 38 76 40 25 37 89 79 67 49 32 57 75 20 71 60 29 11 24 97 62 42 17 96 0 81 33 15 69 31 40 80 29 18 70 35 37 75 72 37 18 77 50 31 29 14 70 97 64 77 34 65 15 69 82 13 91 44 10 48 29 33 16 41 82 64 65 10 67 45 47 19 66 55 17 94 90 89 51 98 90 83
38 67 90 66 29 90 51 41 96 96 23 39 10 82 86 84 17 37 90 50 52 50 25 57 35 48 44 34 23 71 83 39 20 61 87 47 40 91 57 64 27 44 78 18 67 38 15 25 26 19 22 63 37 74 31 17 44 81 0 28 66 57 50 49 40 87 86 90 98 44 46 61 15 84 91 38 38 68 29 46 94 69 12 54 20 32 58 53 12 66 78 98 36 14 41 58 82 29 19 78 85 97 80 42 44 43 16 51 27 16 84 47 87 64 85
17 20 66 42 82 32 40 26 15 31 24 88 21 39 87 14 99 15 23 31 18 81 25 24 93 91 35 54 16 45 31 67 72 69 63 92 56 32 63 53 36 54 52 51 87 18 35 55 28 46 72 87 65 56 22 82 12 33 28 0 82 41 27 68 88 46 31 44 65 68 70 30 65 51 93 26 86 23 92 24 60 53 33 82 31 21 16 52 77 52 96 17 84 40 59 38 67 22 44 65 21 34 39 72 79 67 34 74 59 24 99 87 84 65 14
60 61 54 96 30 10 71 98 90 38 26 38 43 10 16 98 68 92 27 22 38 64 26 91 22 39 19 77 51 78 53 54 40 12 61 12 68 62 87 38 11 67 46 29 78 31 40 37 16 58 70 48 40 62 23 19 87 15 66 82 0 12 95 20 32 66 90 15 54 78 91 78 76 23 66 43 71 67 79 91 51 54 33 14 88 50 89 94 63 69 73 63 44 40 18 97 91 29 44 60 72 21 30 21 79 82 90 81 16 18 28 98 55 72 13
95 11 30 46 83 23 52 96 36 94 91 21 85 60 56 88 86 37 47 39 22 39 17 14 68 94 54 66 95 92 22 80 66 52 47 24 19 53 94 60 38 14 46 82 83 11 19 30 46 43 63 63 28 36 19 60 37 69 57 41 12 0 82 60 77 82 51 95 48 21 36 95 20 76 10 90 22 60 95 19 51 43 89 84 99 43 49 28 78 92 11 50 53 96 46 58 57 30 21 91 20 28 91 87 17 72 58 13 96 80 16 14 14 32 60
67 19 32 20 58 88 91 43 26 13 88 90 17 36 81 24 67 83 54 33 99 69 59 97 60 34 63 12 85 71 76 47 44 38 44 56 59 28 50 35 52 34 42 41 95 34 92 33 99 62 47 80 78 51 38 91 68 31 50 27 95 82 0 58 72 96 32 65 11 35 82 78 99 72 28 54 97 56 89 39 51 85 92 50 43 58 31 37 76 13 16 71 80 18 79 23 48 12 58 92 53 60 39 63 41 25 68 33 11 75 87 39 78 12 52
98 91 66 66 64 90 35 80 30 88 21 87 31 34 63 91 46 75 89 45 75 22 46 45 70 96 84 36 95 81 63 68 87 59 66 52 89 80 20 23 42 78 20 96 90 77 13 24 11 34 75 33 60 85 37 50 48 40 49 68 20 60 58 0 63 75 83 28 18 39 53 19 49 41 52 17 94 67 16 56 44 57 42 37 47 36 72 95 80 89 86 27 30 18 95 99 73 43 28 66 81 80 85 95 70 42 68 64 94 37 49 50 78 75 43
31 69 11 24 26 60 43 18 69 80 29 39 11 10 26 62 84 31 91 49 68 19 70 95 19 54 91 17 69 17 21 97 51 12 99 77 81 85 70 48 95 91 47 52 98 40 37 51 13 83 12 10 83 77 45 69 80 80 40 88 32 77 72 63 0 19 87 74 26 51 90 99 40 95 12 55 44 95 37 83 44 52 14 60 74 16 95 11 36 15 74 78 80 53 25 74 34 15 44 68 16 96 80 19 92 92 55 92 55 42 95 64 83 21 91
14 71 58 82 81 91 47 34 95 44 22 50 99 19 26 89 94 98 67 39 98 25 61 51 32 14 26 76 23 24 47 33 65 26 33 22 62 21 38 66 24 77 21 78 96 83 38 79 69 19 82 62 89 50 87 40 87 29 87 46 66 82 96 75 19 0 82 27 19 29 22 53 94 89 67 30 83 24 91 69 98 38 42 39 40 53 12 94 58 53 65 66 48 77 76 83 99 51 44 93 23 10 46 76 76 40 16 69 10 83 71 28 79 17 20
83 23 75 27 69 12 65 50 49 26 63 30 46 75 65 51 65 35 84 12 15 94 67 59 38 24 60 12 99 22 37 66 13 57 72 99 64 54 48 49 68 82 40 92 28 79 78 97 69 73 56 54 21 55 47 19 68 18 86 31 90 51 32 83 87 82 0 78 50 74 93 68 52 60 46 31 16 19 71 90 39 86 84 52 56 14 59 58 80 37 62 43 13 95 74 74 63 22 81 60 74 48 36 13 64 81 94 32 44 68 17 55 19 77 30
17 87 17 77 20 67 29 82 86 49 94 27 76 90 69 99 12 72 74 68 50 97 61 38 97 49 38 14 63 94 75 14 80 88 16 11 81 99 48 34 99 13 21 61 78 86 85 47 58 64 87 63 42 45 68 73 56 70 90 44 15 95 65 28 74 27 78 0 68 59 57 10 77 62 79 72 59 78 93 95 53 62 52 67 94 91 57 84 62 50 13 33 10 26 34 71 83 53 47 22 57 93 55 19 13 68 89 14 35 40 64 97 56 30 96
41 50 74 78 48 36 87 41 63 45 81 47 58 52 68 56 86 67 20 53 24 70 60 88 54 18 31 90 71 68 61 91 57 99 48 68 16 94 97 30 15 39 36 68 70 53 91 15 47 29 56 57 37 40 16 84 46 35 98 65 54 48 11 18 26 19 50 68 0 80 79 58 51 34 63 77 27 77 93 65 74 42 61 34 64 85 35 60 49 18 66 99 97 94 48 77 60 82 20 69 55 87 47 56 30 40 21 27 33 44 21 69 32 33 58
87 69 28 76 10 86 31 24 58 27 29 78 66 79 85 72 67 35 34 72 28 26 76 50 44 58 90 20 29 86 62 89 78 85 62 43 28 24 90 95 42 38 49 80 84 86 79 53 98 24 60 16 72 62 71 52 85 37 44 68 78 21 35 39 51 29 74 59 80 0 40 69 80 46 43 40 80 47 33 12 87 53 84 97 60 85 29 88 93 98 66 36 14 98 94 81 26 95 39 25 82 59 14 83 91 56 79 18 81 41 81 21 48 14 24
67 50 12 11 29 91 11 27 26 66 98 44 76 58 72 50 88 19 70 81 80 42 89 41 90 73 39 21 11 18 74 22 25 12 79 24 85 34 95 79 25 51 99 56 90 54 76 89 47 16 95 11 43 71 40 43 28 75 46 70 91 36 82 53 90 22 93 57 79 40 0 63 25 75 63 70 48 47 15 26 94 37 62 14 64 23 13 56 20 23 77 73 47 57 29 81 12 68 16 81 74 87 19 17 37 39 11 92 53 19 49 64 57 86 21
92 87 94 53 36 22 44 59 74 53 59 65 59 32 74 54 40 92 32 23 63 69 16 58 50 36 33 17 77 85 58 77 20 98 85 71 20 17 92 40 36 45 43 13 82 60 23 76 84 92 12 45 74 52 68 99 37 72 61 30 78 95 78 19 99 53 68 10 58 69 63 0 81 73 24 55 88 62 38 37 20 54 25 95 16 23 73 48 26 34 29 95 91 45 56 51 53 32 12 64 23 25 88 67 78 78 71 83 57 80 43 64 54 81 70
68 90 26 49 51 92 10 49 31 44 93 70 79 22 25 75 13 62 98 11 81 19 85 51 61 72 56 27 30 21 77 53 22 70 30 94 81 66 96 72 62 53 71 65 73 85 34 51 48 25 49 19 22 22 78 29 71 37 15 65 76 20 99 49 40 94 52 77 51 80 25 81 0 22 16 96 81 14 31 81 75 46 71 51 69 56 25 67 53 56 85 37 19 55 61 25 84 85 71 36 11 59 59 30 89 51 29 17 37 35 53 64 86 24 50
49 84 21 37 23 26 14 67 11 16 81 54 64 43 84 78 62 83 61 42 25 68 42 40 71 76 10 34 11 57 21 63 52 90 25 47 10 45 21 75 35 30 20 83 86 63 56 39 40 19 56 57 97 60 10 38 36 18 84 51 23 76 72 41 95 89 60 62 34 46 75 73 22 0 63 51 26 31 86 15 29 12 98 71 95 53 64 55 70 11 91 53 32 33 36 47 93 21 45 28 56 75 71 40 25 23 25 37 94 20 79 35 39 49 18
50 37 29 28 45 39 96 89 33 78 10 84 72 47 26 78 32 31 47 37 72 47 30 88 99 27 20 36 83 50 41 96 60 66 41 68 65 56 45 73 28 75 68 70 33 12 46 11 65 16 94 59 96 22 15 71 11 77 91 93 66 10 28 52 12 67 46 79 63 43 63 24 16 63 0 32 42 53 37 97 99 72 77 36 28 77 94 98 82 89 54 26 33 95 30 60 15 90 90 95 88 61 27 76 81 66 49 66 40 32 32 93 56 12 82
48 52 84 99 54 53 36 47 67 44 79 76 35 62 23 30 58 92 97 40 47 26 24 79 64 74 22 95 21 16 49 39 49 66 99 59 26 28 39 32 66 51 52 80 54 47 33 29 21 14 33 93 70 55 94 76 24 50 38 26 43 90 54 17 55 30 31 72 77 40 70 55 96 51 32 0 69 99 34 98 40 23 54 88 96 51 94 30 68 27 97 25 12 40 83 56 52 24 26 71 85 29 85 97 38 21 99 75 74 75 65 10 77 95 74
91 54 91 96 85 74 97 51 21 70 40 81 79 12 99 61 18 12 65 11 42 85 43 46 58 49 49 57 98 59 31 99 64 18 67 31 97 66 34 88 24 79 70 55 95 24 93 98 55 58 25 83 34 53 21 65 40 31 38 86 71 22 97 94 44 83 16 59 27 80 48 88 81 26 42 69 0 94 37 95 71 31 54 23 81 61 13 87 10 96 33 80 92 49 18 43 57 43 52 46 58 59 90 15 48 44 53 89 16 89 69 82 80 98 30
32 21 49 83 85 96 95 27 94 54 38 65 99 75 56 40 41 69 72 56 30 91 42 65 13 26 88 45 10 93 52 22 42 89 18 73 62 19 22 62 87 50 19 57 22 61 47 93 48 92 48 71 30 67 59 21 50 29 68 23 67 60 56 67 95 24 19 78 77 47 47 62 14 31 53 99 94 0 41 32 43 38 46 63 20 36 19 76 32 96 44 91 55 75 97 57 16 26 59 84 12 68 85 63 33 42 12 40 63 63 79 35 57 44 53
53 78 66 52 42 36 13 45 77 22 90 25 91 87 35 78 95 26 44 93 69 93 78 36 79 73 15 93 53 45 11 10 95 37 92 90 81 79 88 61 77 38 39 18 79 29 62 13 93 92 98 27 55 89 57 11 76 14 29 92 79 95 89 16 37 91 71 93 93 33 15 38 31 86 37 34 37 41 0 93 83 12 84 81 34 54 58 20 71 21 83 45 69 53 48 93 24 10 99 15 35 36 58 61 93 40 47 51 54 65 10 50 53 86 54
23 16 25 89 75 23 31 53 67 73 43 90 89 77 45 29 97 14 34 66 59 84 35 69 92 78 51 23 93 22 86 35 44 70 36 13 46 65 44 30 22 26 92 87 98 87 24 51 95 86 54 16 77 33 51 46 44 70 46 24 91 19 39 56 83 69 90 95 65 12 26 37 81 15 97 98 95 32 93 0 62 86 21 21 45 82 74 25 10 82 69 31 65 76 24 10 49 36 80 28 99 64 87 73 27 67 42 40 99 77 73 64 59 75 66
90 74 27 57 89 77 36 37 86 37 69 66 43 87 66 44 17 40 46 47 75 18 61 16 44 87 91 52 32 79 36 79 70 18 21 27 49 19 52 83 23 20 77 55 54 65 44 49 39 91 61 69 30 82 20 18 48 97 94 60 51 51 51 44 44 98 39 53 74 87 94 20 75 29 99 40 71 43 83 62 0 99 49 36 75 26 24 66 84 61 78 74 43 60 66 91 54 89 91 81 71 93 17 74 75 55 25 31 30 68 30 14 98 10 53
75 93 70 55 42 21 64 73 20 30 67 43 25 57 21 12 68 95 45 77 64 68 41 97 99 98 60 72 93 74 49 10 88 59 60 33 44 26 86 23 20 57 59 48 79 38 36 32 48 37 68 75 37 65 15 20 75 64 69 53 54 43 85 57 52 38 86 62 42 53 37 54 46 12 72 23 31 38 12 86 99 0 19 94 34 16 27 38 76 23 13 56 51 95 66 45 92 87 71 83 18 11 40 99 38 31 94 51 11 42 55 73 74 76 27
41 79 47 13 37 41 87 69 71 78 30 30 97 94 73 61 12 80 67 28 57 21 90 48 54 14 86 60 51 36 96 28 70 58 13 46 96 81 22 83 99 90 67 42 83 86 83 89 85 29 39 70 69 83 99 85 64 77 12 33 33 89 92 42 14 42 84 52 61 84 62 25 71 98 77 54 54 46 84 21 49 19 0 26 29 17 33 49 40 51 92 48 59 57 87 68 91 17 65 83 43 14 77 71 26 49 36 51 56 96 45 67 92 53 31
20 65 15 66 71 10 42 54 88 99 20 18 90 12 63 43 61 66 87 95 85 45 31 68 31 34 56 65 58 62 55 79 63 58 86 65 20 12 31 10 40 17 99 53 22 34 89 28 43 34 26 30 51 46 70 83 52 34 54 82 14 84 50 37 60 39 52 67 34 97 14 95 51 71 36 88 23 63 81 21 36 94 26 0 32 58 32 55 36 50 93 84 33 10 27 80 94 45 30 35 69 53 92 89 40 64 38 20 92 22 94 30 71 60 33
56 37 56 60 36 11 93 51 44 49 71 38 85 81 64 92 70 34 72 93 91 31 46 32 54 42 89 92 87 56 41 52 97 18 46 87 52 32 60 99 48 28 24 86 24 97 79 56 11 34 53 71 54 45 38 16 39 65 20 31 88 99 43 47 74 40 56 94 64 60 64 16 69 95 28 96 81 20 34 45 75 34 29 32 0 18 15 42 23 24 71 51 84 35 23 64 52 47 27 83 40 41 36 37 24 11 90 28 71 80 35 47 67 55 16
73 36 96 42 38 27 96 97 50 85 92 63 94 35 57 89 36 44 28 19 13 38 55 19 81 17 96 82 15 33 81 74 18 96 22 21 56 95 39 94 57 70 32 86 25 50 31 74 28 62 64 48 29 70 94 51 48 15 32 21 50 43 58 36 16 53 14 91 85 85 23 23 56 53 77 51 61 36 54 82 26 16 17 58 18 0 95 91 17 77 67 50 79 71 58 68 46 49 70 12 87 99 50 55 20 72 82 99 80 96 85 97 62 76 26
48 45 65 41 55 61 52 66 30 38 85 59 96 64 93 34 62 79 29 77 62 79 52 44 58 66 58 61 41 32 59 94 67 95 69 61 18 40 37 55 36 28 99 43 89 76 84 64 51 90 55 89 50 18 39 36 99 69 58 16 89 49 31 72 95 12 59 57 35 29 13 73 25 64 94 94 13 19 58 74 24 27 33 32 15 95 0 46 11 78 36 43 63 14 43 21 11 13 96 10 55 25 47 43 25 87 99 36 57 59 41 15 44 60 72
35 43 81 75 32 82 89 52 27 67 66 96 89 44 76 63 92 18 17 92 41 78 11 33 55 94 38 18 20 97 66 32 89 25 20 86 18 81 45 89 39 19 26 14 78 98 66 72 15 70 89 15 23 69 24 55 44 82 53 52 94 28 37 95 11 94 58 84 60 88 56 48 67 55 98 30 87 76 20 25 66 38 49 55 42 91 46 0 66 83 84 54 76 58 67 13 58 62 22 71 17 73 92 12 32 98 83 81 58 34 49 89 22 76 28
15 66 87 48 88 32 90 32 59 49 42 54 13 62 10 58 66 18 18 66 64 45 37 85 58 42 21 32 56 55 30 76 57 54 77 80 78 54 39 39 40 90 59 56 22 64 49 79 75 92 50 45 91 96 97 62 99 13 12 77 63 78 76 80 36 58 80 62 49 93 20 26 53 70 82 68 10 32 71 10 84 76 40 36 23 17 11 66 0 88 55 85 53 77 58 82 26 44 98 74 35 92 85 61 69 75 80 51 23 88 19 58 95 45 41
59 58 88 38 70 60 66 54 21 26 92 36 87 82 43 99 39 75 77 97 51 40 78 81 24 87 67 42 45 85 66 31 52 48 23 57 90 60 19 33 34 79 73 16 30 26 53 61 28 15 34 95 15 38 29 41 27 91 66 52 69 92 13 89 15 53 37 50 18 98 23 34 56 11 89 27 96 96 21 82 61 23 51 50 24 77 78 83 88 0 18 43 53 96 87 96 35 55 82 15 19 66 72 94 91 92 98 78 10 72 33 25 72 17 21
66 27 76 34 24 48 74 35 34 24 12 38 60 38 25 86 38 38 28 73 95 84 75 49 67 40 20 61 53 60 28 96 58 32 32 56 73 26 95 51 14 10 36 71 75 37 30 67 86 26 17 25 96 84 10 94 16 44 78 96 73 11 16 86 74 65 62 13 66 66 77 29 85 91 54 97 33 44 83 69 78 13 92 93 71 67 36 84 55 18 0 67 44 74 27 99 53 75 55 71 69 51 47 40 73 30 20 40 32 88 70 37 57 14 29
10 23 57 47 52 13 41 11 39 55 94 95 99 95 78 93 34 79 69 66 27 29 35 93 52 87 76 41 77 86 68 92 75 59 55 38 75 56 20 73 73 40 71 67 89 70 44 92 95 76 68 16 71 89 59 44 36 10 98 17 63 50 71 27 78 66 43 33 99 36 73 95 37 53 26 25 80 91 45 31 74 56 48 84 51 50 43 54 85 43 67 0 44 63 28 48 26 31 84 66 73 28 40 81 81 38 79 89 85 20 47 22 58 13 11
98 99 15 45 80 75 45 29 25 30 32 89 64 53 50 59 95 97 93 93 41 39 78 82 79 60 96 89 43 32 38 85 75 51 23 51 99 77 22 48 62 12 74 88 80 25 32 50 70 79 77 96 59 70 15 92 98 48 36 84 44 53 80 30 80 48 13 10 97 14 47 91 19 32 33 12 92 55 69 65 43 51 59 33 84 79 63 76 53 53 44 44 0 14 70 26 61 65 10 36 92 60 50 17 91 63 58 19 48 54 12 85 73 57 20
28 39 46 53 80 82 75 39 42 15 57 72 72 99 37 49 17 42 34 35 46 63 66 24 90 36 62 78 57 63 55 81 51 81 74 86 21 66 10 47 56 42 76 53 69 32 42 13 98 99 20 14 12 45 52 71 92 29 14 40 40 96 18 18 53 77 95 26 94 98 57 45 55 33 95 40 49 75 53 76 60 95 57 10 35 71 14 58 77 96 74 63 14 0 24 28 61 16 14 85 47 11 82 69 35 97 81 59 69 90 94 51 15 22 71
48 54 16 12 10 73 67 79 41 30 28 67 76 75 90 51 57 98 63 18 73 12 52 68 18 66 93 13 27 52 86 62 63 25 48 40 12 26 65 32 51 62 24 30 21 59 24 17 14 20 90 26 25 25 50 84 83 33 41 59 18 46 79 95 25 76 74 34 48 94 29 56 61 36 30 83 18 97 48 24 66 66 87 27 23 58 43 67 58 87 27 28 70 24 0 54 24 91 47 68 19 18 23 31 16 38 27 37 54 67 95 81 53 46 52
77 38 75 29 56 53 74 40 40 44 71 45 50 90 79 27 10 77 53 50 95 55 89 37 37 37 30 23 58 21 55 93 53 97 73 47 94 20 70 98 71 46 85 44 49 18 98 33 42 13 41 61 91 20 66 18 56 16 58 38 97 58 23 99 74 83 74 71 77 81 81 51 25 47 60 56 43 57 93 10 91 45 68 80 64 68 21 13 82 96 99 48 26 28 54 0 43 86 99 74 73 67 11 33 96 13 51 26 32 35 61 20 38 72 47
44 99 78 15 52 41 45 51 19 13 43 23 95 95 81 22 63 49 18 18 83 31 64 50 21 21 54 63 46 77 49 23 43 85 22 61 61 12 32 56 10 58 80 22 52 63 76 15 55 14 30 40 27 17 27 37 91 41 82 67 91 57 48 73 34 99 63 83 60 26 12 53 84 93 15 52 57 16 24 49 54 92 91 94 52 46 11 58 26 35 53 26 61 61 24 43 0 70 54 94 35 91 31 50 29 13 27 44 54 50 26 62 43 51 36
66 45 48 96 84 73 56 66 30 86 67 43 77 41 33 58 46 86 46 77 17 96 36 54 76 58 65 99 52 79 46 92 16 42 76 90 61 14 17 56 13 13 99 55 40 53 15 27 64 18 72 98 39 38 94 22 42 82 29 22 29 30 12 43 15 51 22 53 82 95 68 32 85 21 90 24 43 26 10 36 89 87 17 45 47 49 13 62 44 55 75 31 65 16 91 86 70 0 25 17 44 19 65 99 42 70 65 10 35 64 38 38 33 25 83
66 72 17 50 98 17 61 14 90 60 78 62 93 69 68 42 96 75 32 40 78 70 51 76 61 84 31 82 34 47 90 73 89 42 42 28 79 31 72 15 25 58 55 60 47 63 97 52 57 48 78 69 17 60 86 14 66 64 19 44 44 21 58 28 44 44 81 47 20 39 16 12 71 45 90 26 52 59 99 80 91 71 65 30 27 70 96 22 98 82 55 84 10 14 47 99 54 25 0 33 20 31 95 63 66 51 55 76 62 54 56 62 27 44 95
70 65 59 47 47 95 22 73 12 98 62 68 83 25 53 39 49 19 88 89 93 16 10 13 95 59 15 15 61 22 86 87 73 59 84 34 25 61 64 85 90 95 90 68 73 11 11 62 45 29 27 14 23 38 19 32 24 65 78 65 60 91 92 66 68 93 60 22 69 25 81 64 36 28 95 71 46 84 15 28 81 83 83 35 83 12 10 71 74 15 71 66 36 85 68 74 94 17 33 0 37 66 33 11 88 14 91 11 75 18 44 29 40 70 58
77 85 76 40 21 92 18 29 71 66 28 12 33 81 69 69 93 12 51 75 79 28 48 15 10 74 96 67 76 58 82 43 31 12 22 75 76 95 55 89 50 89 86 67 98 11 51 88 73 59 61 24 88 26 45 58 40 10 85 21 72 20 53 81 16 23 74 57 55 82 74 23 11 56 88 85 58 12 35 99 71 18 43 69 40 87 55 17 35 19 69 73 92 47 19 73 35 44 20 37 0 58 65 67 42 47 48 53 62 81 15 69 79 53 83
70 37 43 41 37 34 45 75 83 35 19 84 60 24 82 41 28 46 44 96 32 28 91 82 40 13 89 99 94 14 64 86 70 69 97 56 93 70 22 47 62 73 19 80 19 87 23 46 56 40 34 20 26 87 30 73 59 67 97 34 21 28 60 80 96 10 48 93 87 59 87 25 59 75 61 29 59 68 36 64 93 11 14 53 41 99 25 73 92 66 51 28 60 11 18 67 91 19 31 66 58 0 34 99 42 85 14 32 86 42 72 17 80 90 48
29 51 46 59 51 16 45 59 29 30 83 25 45 99 31 25 48 68 80 81 83 33 37 17 17 65 24 55 89 47 15 96 17 56 57 78 80 68 26 96 84 86 92 48 89 82 34 30 98 44 77 67 61 92 14 62 55 45 80 39 30 91 39 85 80 46 36 55 47 14 19 88 59 71 27 85 90 85 58 87 17 40 77 92 36 50 47 92 85 72 47 40 50 82 23 11 31 65 95 33 65 34 0 87 46 46 60 55 74 18 59 41 99 90 56
44 46 14 38 29 74 56 55 44 80 84 86 33 50 48 66 45 32 38 83 30 29 53 40 98 99 12 24 80 63 98 74 24 10 66 85 96 64 60 83 35 83 46 59 54 75 89 39 52 53 84 23 27 72 20 16 65 47 42 72 21 87 63 95 19 76 13 19 56 83 17 67 30 40 76 97 15 63 61 73 74 99 71 89 37 55 43 12 61 94 40 81 17 69 31 33 50 99 63 11 67 99 87 0 91 15 89 61 10 93 43 57 63 75 15
38 29 92 16 34 87 41 33 53 44 54 67 13 11 95 71 10 47 13 98 36 34 53 41 15 80 24 66 44 57 23 87 43 83 50 97 36 43 26 81 29 76 96 41 98 48 71 37 69 14 16 42 19 48 48 32 78 19 44 79 79 17 41 70 92 76 64 13 30 91 37 78 89 25 81 38 48 33 93 27 75 38 26 40 24 20 25 32 69 91 73 81 91 35 16 96 29 42 66 88 42 42 46 91 0 82 58 27 90 62 69 93 25 94 22
99 33 22 97 11 44 98 95 11 93 11 66 15 98 95 32 15 43 64 30 24 90 25 21 44 15 56 52 21 48 83 13 13 94 89 11 22 99 45 99 73 62 27 93 19 90 53 89 97 81 59 86 71 87 83 21 87 66 43 67 82 72 25 42 92 40 81 68 40 56 39 78 51 23 66 21 44 42 40 67 55 31 49 64 11 72 87 98 75 92 30 38 63 97 38 13 13 70 51 14 47 85 46 15 82 0 40 32 78 33 67 87 14 26 48
36 55 21 21 56 81 70 27 67 28 44 10 96 43 37 60 48 32 20 62 42 39 99 88 61 82 32 12 65 87 52 90 70 68 13 50 98 72 24 27 99 62 42 30 71 34 52 17 67 19 66 26 53 57 65 17 57 55 16 34 90 58 68 68 55 16 94 89 21 79 11 71 29 25 49 99 53 12 47 42 25 94 36 38 90 82 99 83 80 98 20 79 58 81 27 51 27 65 55 91 48 14 60 89 58 40 0 97 68 11 75 82 93 61 93
89 96 31 41 42 79 21 82 94 72 72 38 20 91 31 21 51 96 28 41 49 99 93 68 81 47 69 56 10 16 15 65 37 76 60 93 55 13 48 32 96 12 44 20 32 46 99 22 37 37 76 36 16 41 93 19 83 17 51 74 81 13 33 64 92 69 32 14 27 18 92 83 17 37 66 75 89 40 51 40 31 51 51 20 28 99 36 81 51 78 40 89 19 59 37 26 44 10 76 11 53 32 55 61 27 32 97 0 95 31 65 14 31 55 50
79 97 25 49 30 94 10 89 38 51 18 77 60 75 26 27 28 76 75 96 43 26 65 28 46 97 10 69 62 13 26 43 72 52 74 32 94 69 11 43 32 18 79 77 86 57 88 14 45 34 10 23 48 84 14 77 37 94 27 59 16 96 11 94 55 10 44 35 33 81 53 57 37 94 40 74 16 63 54 99 30 11 56 92 71 80 57 58 23 10 32 85 48 69 54 32 54 35 62 75 62 86 74 10 90 78 68 95 0 17 27 11 17 43 82
82 20 94 59 53 42 45 75 86 68 34 27 21 88 49 41 58 53 38 12 31 55 76 58 57 27 78 63 51 76 10 22 93 95 53 17 97 62 72 59 30 40 48 70 22 49 87 63 52 21 38 87 11 19 66 12 85 90 16 24 18 80 75 37 42 83 68 40 44 41 19 80 35 20 32 75 89 63 65 77 68 42 96 22 80 96 59 34 88 72 88 20 54 90 67 35 50 64 54 18 81 42 18 93 62 33 11 31 17 0 74 15 45 67 15
18 62 92 16 26 30 38 33 25 58 52 15 61 36 82 27 70 85 34 24 78 21 66 36 64 92 38 34 36 46 45 81 81 63 82 82 19 34 88 84 17 89 29 62 87 73 24 50 80 87 21 94 54 48 10 82 71 89 84 99 28 16 87 49 95 71 17 64 21 81 49 43 53 79 32 65 69 79 10 73 30 55 45 94 35 85 41 49 19 33 70 47 12 94 95 61 26 38 56 44 15 72 59 43 69 67 75 65 27 74 0 94 50 81 76
31 94 98 56 14 97 17 87 65 41 95 50 57 58 96 65 38 81 56 95 56 51 41 94 28 11 93 66 42 96 86 30 27 76 45 54 28 47 58 17 68 44 81 95 51 32 67 11 84 25 88 50 56 63 74 31 18 51 47 87 98 14 39 50 64 28 55 97 69 21 64 64 64 35 93 10 82 35 50 64 14 73 67 30 47 97 15 89 58 25 37 22 85 51 81 20 62 38 62 29 69 17 41 57 93 87 82 14 11 15 94 0 49 77 33
33 71 62 34 47 13 44 92 63 58 25 55 86 44 34 25 59 88 82 35 98 35 10 44 12 95 18 77 40 92 50 80 49 99 43 93 84 60 73 88 53 87 90 44 25 49 86 71 77 85 38 48 27 63 99 43 22 98 87 84 55 14 78 78 83 79 19 56 32 48 57 54 86 39 56 77 80 57 53 59 98 74 92 71 67 62 44 22 95 72 57 58 73 15 53 38 43 33 27 40 79 80 99 63 25 14 93 31 17 45 50 49 0 70 39
50 62 13 28 55 24 55 88 45 62 57 18 88 64 83 11 70 63 15 96 14 91 84 31 51 97 72 25 78 39 45 78 68 72 88 99 77 49 83 29 96 40 10 44 83 64 38 38 12 15 32 60 12 42 29 11 80 90 64 65 72 32 12 75 21 17 77 30 33 14 86 81 24 49 12 95 98 44 86 75 10 76 53 60 55 76 60 76 45 17 14 13 57 22 46 72 51 25 44 70 53 90 90 75 94 26 61 55 43 67 81 77 70 0 20
18 70 10 47 82 16 76 40 49 99 98 82 78 89 72 46 39 27 50 62 32 98 86 45 85 78 41 45 22 74 98 62 37 56 33 86 43 56 87 26 74 97 80 15 41 62 66 40 18 47 61 89 72 53 20 20 96 83 85 14 13 60 52 43 91 20 30 96 58 24 21 70 50 18 82 74 30 53 54 66 53 27 31 33 16 26 72 28 41 21 29 11 20 71 52 47 36 83 95 58 83 48 56 15 22 48 93 50 82 15 76 33 39 20 0