140
0 16 50 50 71 25 89 58 99 38 13 43 14 62 87 55 92 74 94 28 52 48 64 87 42 61 50 56 18 30 12 81 69 65 54 58 76 36 10 84 94 21 56 65 65 76 90 74 14 95 99 41 10 74 46 29 72 47 70 61 58 81 37 76 45 26 74 28 11 66 14 71 11 74 39 23 31 58 44 65 53 31 81 67 15 60 69 85 86 23 61 27 71 29 96 31 41 29 87 94 55 76 90 51 91 91 39 58 70 83 10 82 87 71 57 32 86 44 84 79 72 80 43 94 13 10 65 95 70 24 24 15 69 75 98 29 17 35 91 37
16 0 13 99 63 59 80 43 74 20 59 41 53 50 99 67 35 94 72 93 43 19 48 33 97 81 85 15 33 11 19 13 92 53 41 52 42 38 59 59 54 98 39 99 48 71 42 24 92 87 95 55 36 40 65 49 75 62 12 82 78 94 33 82 10 89 60 45 55 23 73 43 37 15 59 65 36 66 51 29 35 15 28 47 73 60 37 39 80 27 23 54 18 88 21 58 71 39 51 23 57 18 77 40 36 63 49 20 57 74 12 42 26 46 18 10 13 59 37 34 53 24 94 88 53 71 61 56 71 24 50 42 38 18 63 81 75 60 85 73
50 13 0 54 55 19 71 97 84 37 81 60 30 93 40 47 75 54 37 37 16 73 83 27 80 16 98 83 92 55 34 48 29 25 70 48 96 88 81 52 19 56 94 98 36 77 29 69 60 22 98 44 92 30 13 10 69 73 19 19 36 89 92 55 72 41 47 28 73 74 33 91 52 97 47 20 45 30 27 59 21 56 70 16 73 73 57 86 20 62 41 49 49 27 81 93 25 53 94 13 24 44 94 33 34 10 66 89 28 19 97 37 25 58 22 21 50 83 93 85 41 31 59 28 93 40 94 93 81 64 34 74 96 12 20 97 48 32 40 91
50 99 54 0 80 51 42 32 10 25 50 43 22 46 22 98 12 72 18 85 82 31 70 85 70 61 65 24 12 86 43 60 61 39 91 87 51 73 69 27 12 53 78 48 20 57 99 51 61 36 39 71 36 78 87 50 15 24 75 69 80 72 81 35 54 18 58 17 17 87 98 91 29 61 44 42 46 78 73 64 37 41 57 15 47 91 67 39 66 82 88 54 36 13 94 36 62 37 20 79 89 74 24 78 23 88 49 36 52 23 14 88 65 51 34 27 76 68 80 27 49 78 59 82 14 32 50 16 32 53 16 58 90 73 41 80 75 98 54 20
71 63 55 80 0 36 20 83 99 96 36 39 51 41 29 67 66 70 90 49 22 23 98 82 24 97 78 73 29 90 32 76 53 67 90 43 65 16 76 57 61 13 11 93 92 86 93 75 46 52 61 63 45 34 15 57 11 41 49 78 19 28 53 35 60 37 39 90 25 10 16 56 45 51 75 88 19 32 19 11 38 24 21 92 74 78 53 71 89 27 48 71 64 67 83 23 36 10 11 50 45 20 69 89 12 87 80 20 76 26 96 19 18 79 40 35 53 68 59 36 73 88 12 30 78 85 26 89 10 21 55 53 60 28 23 64 33 47 14 20
25 59 19 51 36 0 49 46 17 41 51 81 71 30 60 29 77 50 64 10 84 16 14 81 67 14 94 10 16 97 78 18 24 43 27 52 62 62 34 26 95 34 37 81 68 83 60 54 46 63 76 29 90 46 69 57 61 74 17 77 93 94 97 62 27 82 94 80 71 14 17 35 21 82 79 60 74 27 50 90 90 65 55 26 70 42 66 72 73 73 96 58 46 18 45 77 47 77 77 39 48 92 47 85 18 73 36 54 28 69 96 43 88 43 30 70 95 48 46 82 23 23 35 46 14 20 39 21 32 15 26 91 27 78 74 95 25 47 31 80
89 80 71 42 20 49 0 26 80 90 87 27 75 96 13 32 74 49 64 96 41 14 55 57 51 84 49 64 19 11 37 57 75 89 66 69 49 71 65 69 96 90 84 99 69 83 43 96 77 24 90 36 22 37 19 72 22 67 32 81 13 79 74 64 12 74 15 83 58 68 23 70 18 56 36 33 66 42 61 11 95 36 20 60 90 40 28 80 22 65 22 97 81 89 19 37 77 74 13 54 57 36 40 40 67 46 64 39 61 25 62 70 17 98 81 74 35 61 13 10 32 17 68 24 76 62 89 29 95 53 74 80 70 77 22 95 63 11 95 58
58 43 97 32 83 46 26 0 40 87 84 50 51 45 99 33 79 94 54 53 43 52 65 10 97 43 86 59 97 12 47 14 82 30 89 68 17 75 34 55 11 46 28 72 33 27 24 56 21 66 82 70 26 17 71 19 59 72 40 67 97 21 59 89 18 83 20 69 24 40 84 38 30 94 49 13 83 94 74 71 91 93 71 50 71 98 57 10 60 84 89 69 22 27 90 82 57 82 40 82 53 22 97 30 83 42 19 97 97 36 90 37 82 13 23 93 26 16 61 40 51 81 76 50 78 13 59 25 44 19 94 33 34 50 65 56 42 25 21 98
99 74 84 10 99 17 80 40 0 90 69 54 40 58 47 67 57 61 93 92 83 95 38 74 66 93 13 78 46 86 75 69 87 24 61 65 26 21 78 49 97 97 54 40 13 21 23 72 60 32 18 48 76 98 29 93 44 84 60 46 29 15 64 83 89 86 22 77 59 85 12 29 81 79 47 17 62 60 64 59 85 45 33 61 55 19 63 81 77 85 80 36 64 47 17 99 68 69 83 29 56 90 24 64 72 59 30 88 78 72 86 67 67 70 12 95 66 45 49 38 49 50 74 45 32 96 78 95 21 39 53 57 73 84 53 34 74 36 79 78
38 20 37 25 96 41 90 87 90 0 92 11 68 50 55 23 43 50 26 78 67 30 54 90 17 72 97 70 39 10 14 30 97 77 63 73 28 99 55 51 74 32 41 72 17 12 86 79 12 63 74 53 64 11 31 89 29 93 83 32 28 78 45 94 43 22 12 15 93 22 59 26 35 24 11 36 52 83 42 44 88 94 57 74 91 35 96 15 99 66 75 70 74 79 65 21 11 50 52 66 77 97 23 35 82 61 84 79 46 13 64 64 93 27 52 63 56 24 59 51 37 82 37 30 25 31 79 47 24 75 83 23 90 74 71 35 16 67 97 72
13 59 81 50 36 51 87 84 69 92 0 90 53 66 29 57 99 31 93 56 70 14 16 77 92 64 65 79 77 66 29 77 10 44 68 39 19 53 18 84 58 18 56 34 10 25 86 33 15 86 11 89 74 12 47 52 69 60 84 15 47 60 75 15 38 12 53 13 23 44 28 49 43 76 77 85 37 99 59 42 10 67 29 38 58 22 57 95 86 92 82 63 66 84 85 62 19 49 19 17 78 97 88 58 13 93 73 14 79 62 50 18 77 47 82 55 50 17 30 70 37 11 56 62 84 43 98 10 95 81 83 41 84 68 71 50 33 96 93 67
43 41 60 43 39 81 27 50 54 11 90 0 63 64 44 87 51 71 57 27 59 81 95 45 93 46 21 62 68 82 76 83 90 21 81 75 11 24 47 66 76 88 41 85 58 82 98 40 72 97 57 99 35 88 51 44 95 40 19 52 44 13 83 16 58 53 63 84 86 17 95 68 22 83 87 82 33 26 37 26 33 77 35 24 28 22 12 99 88 86 39 48 30 81 48 86 43 89 38 56 79 99 95 47 21 26 99 79 34 53 48 66 67 70 47 61 87 32 33 41 46 40 62 88 24 99 16 84 19 51 94 41 62 67 36 81 50 50 47 18
14 53 30 22 51 71 75 51 40 68 53 63 0 74 94 70 80 82 82 18 99 70 51 68 91 97 96 11 80 44 49 78 13 93 57 32 41 31 28 40 21 46 47 86 38 48 45 88 11 38 78 56 74 54 20 12 88 67 65 99 77 35 77 56 88 99 63 94 93 10 87 15 75 66 13 46 96 16 27 54 12 67 45 84 99 42 76 96 61 25 59 29 58 51 29 17 28 77 25 37 33 66 19 48 56 94 81 30 65 14 86 47 90 22 71 79 44 61 12 70 74 67 96 91 38 15 93 26 71 72 78 63 89 22 88 38 32 74 77 74
62 50 93 46 41 30 96 45 58 50 66 64 74 0 85 66 45 21 13 61 22 92 58 46 98 22 59 25 84 55 10 75 77 30 79 82 40 65 32 67 33 76 63 59 97 26 25 13 63 19 94 72 58 67 51 87 98 13 22 16 48 92 17 65 32 76 74 49 31 49 36 57 26 94 92 77 82 79 11 57 14 43 79 28 32 81 75 35 78 95 57 90 23 58 23 59 21 27 87 86 55 41 11 63 18 33 29 50 42 41 55 70 91 83 84 48 77 65 15 41 13 55 73 36 92 96 79 16 20 72 25 12 63 32 68 17 95 70 64 57
87 99 40 22 29 60 13 99 47 55 29 44 94 85 0 40 47 61 49 61 11 16 95 80 14 77 30 67 32 10 31 64 69 73 20 57 18 69 59 37 78 92 14 38 22 34 95 92 80 80 22 81 70 67 44 68 64 43 99 85 97 90 99 95 38 52 23 86 70 76 16 89 51 20 74 43 66 95 28 37 85 12 10 81 76 83 92 49 42 39 82 48 68 77 25 97 74 17 97 23 16 91 19 54 26 61 20 16 96 94 75 50 95 69 62 36 79 85 28 24 73 14 93 71 55 83 39 51 28 80 16 59 90 78 90 96 46 10 51 66
55 67 47 98 67 29 32 33 67 23 57 87 70 66 40 0 75 96 54 29 95 87 27 17 29 55 59 65 64 51 68 72 47 30 83 93 40 25 95 19 93 93 38 64 20 48 54 60 69 91 78 76 45 31 64 84 61 96 15 77 13 13 17 60 31 44 52 54 43 60 80 43 46 37 70 72 14 27 65 71 32 83 78 54 61 82 51 15 34 49 33 99 99 49 90 88 40 58 56 60 34 75 78 95 85 52 98 87 23 73 90 55 47 82 27 85 72 53 56 65 95 13 90 14 88 17 58 15 11 67 15 93 16 86 88 18 45 71 91 72
92 35 75 12 66 77 74 79 57 43 99 51 80 45 47 75 0 37 32 70 53 89 39 16 48 72 98 22 82 40 49 99 51 38 96 62 64 55 72 21 55 17 97 91 47 23 48 91 71 79 44 78 54 17 25 89 43 23 10 97 94 61 15 26 67 66 15 67 46 66 34 30 66 28 92 72 64 94 79 51 74 21 34 49 89 29 51 55 66 12 96 46 42 71 82 87 82 46 91 52 65 38 89 20 66 69 98 47 19 63 15 53 68 46 72 40 68 14 46 56 24 22 97 81 73 50 27 91 60 88 44 13 62 12 78 76 59 13 25 90
74 94 54 72 70 50 49 94 61 50 31 71 82 21 61 96 37 0 25 49 87 13 84 60 47 37 28 86 73 82 67 69 26 37 44 85 46 58 18 89 38 75 47 80 32 36 26 36 17 76 34 19 23 76 37 11 72 99 98 79 15 11 97 55 20 12 95 16 13 85 54 14 83 55 47 99 46 52 76 89 10 63 47 43 86 66 77 93 43 49 42 16 33 11 87 63 98 43 19 19 94 99 63 41 58 13 11 84 85 58 24 77 47 61 17 40 64 34 38 57 13 57 10 11 91 93 12 18 40 78 10 22 80 81 78 79 78 79 90 70
94 72 37 18 90 64 64 54 93 26 93 57 82 13 49 54 32 25 0 72 35 61 23 27 97 35 69 51 73 57 21 95 62 55 23 55 82 96 56 27 11 86 20 81 68 10 48 67 31 36 94 46 95 95 93 19 56 87 12 88 20 52 90 45 29 61 70 25 97 48 36 63 51 51 74 44 87 10 71 28 64 39 35 66 18 15 13 10 27 81 86 56 73 31 19 42 97 32 47 98 68 81 39 75 37 89 32 30 28 64 16 86 36 72 94 91 16 19 45 95 31 94 69 73 94 21 62 71 79 45 71 60 75 14 39 96 26 90 27 40
28 93 37 85 49 10 96 53 92 78 56 27 18 61 61 29 70 49 72 0 27 21 52 92 55 80 19 25 62 85 94 82 14 56 42 93 74 56 21 55 22 60 34 96 43 21 12 48 20 91 39 33 70 27 54 31 14 50 12 18 96 89 73 43 25 94 45 56 25 76 56 42 32 34 75 72 92 48 62 41 41 43 34 12 56 29 17 58 51 86 14 89 81 90 73 30 69 63 16 63 99 67 30 51 27 31 47 64 42 61 48 72 35 12 29 20 63 91 84 16 12 99 92 13 38 94 18 23 71 40 64 93 47 87 77 73 75 38 97 79
52 43 16 82 22 84 41 43 83 67 70 59 99 22 11 95 53 87 35 27 0 24 55 98 97 61 45 55 48 11 71 36 51 58 48 93 22 65 37 86 51 75 29 71 26 39 76 74 90 30 90 97 84 29 93 26 36 24 38 30 58 32 44 42 85 95 35 35 24 33 89 86 10 53 91 50 54 86 31 11 33 70 81 61 65 18 90 18 42 34 60 64 16 22 53 86 46 60 79 34 25 73 50 52 65 91 78 55 82 34 77 56 65 90 50 77 38 42 28 47 59 97 15 85 15 20 22 65 17 28 98 42 31 45 26 35 66 18 45 71
48 19 73 31 23 16 14 52 95 30 14 81 70 92 16 87 89 13 61 21 24 0 91 48 82 85 48 11 55 41 53 95 94 11 15 60 36 17 54 75 55 37 70 66 97 94 54 79 42 45 82 12 91 12 12 27 99 87 88 92 66 44 95 66 86 37 31 43 94 39 67 94 48 34 33 41 46 29 30 49 89 67 87 87 76 67 36 46 29 12 32 45 41 80 43 24 21 97 58 32 37 85 31 59 58 57 60 43 65 33 28 93 41 25 69 99 98 64 88 16 32 66 73 35 51 75 39 51 64 49 64 95 35 20 84 62 92 46 60 50
64 48 83 70 98 14 55 65 38 54 16 95 51 58 95 27 39 84 23 52 55 91 0 91 92 88 21 93 85 47 40 17 81 68 97 17 32 33 78 43 95 35 16 30 70 92 58 29 16 13 90 57 99 22 21 10 28 28 68 34 72 40 70 54 85 91 28 64 54 97 62 41 47 97 48 72 12 91 41 26 24 16 59 59 16 50 27 18 14 48 39 83 28 97 51 35 20 64 46 65 66 86 90 37 32 49 72 26 78 12 25 60 76 19 86 39 35 68 94 46 34 23 15 56 20 64 30 24 48 15 73 47 72 34 35 10 18 78 82 16
87 33 27 85 82 81 57 10 74 90 77 45 68 46 80 17 16 60 27 92 98 48 91 0 79 23 36 77 88 16 56 44 22 83 66 90 28 68 99 94 78 13 71 65 79 23 79 19 20 21 14 34 80 50 35 88 31 53 43 99 90 98 60 17 34 11 72 95 55 46 75 53 55 33 53 73 42 36 13 82 12 31 77 22 14 58 73 76 38 58 67 68 87 40 28 84 98 90 35 35 13 72 95 32 58 93 85 76 38 86 80 94 30 78 45 72 38 51 20 37 92 37 38 17 42 70 92 85 98 89 14 57 31 71 41 52 69 87 23 87
42 97 80 70 24 67 51 97 66 17 92 93 91 98 14 29 48 47 97 55 97 82 92 79 0 70 98 95 25 85 81 44 12 49 94 42 54 63 68 51 49 24 22 60 10 69 59 17 59 19 61 37 35 20 12 18 58 93 29 40 27 67 56 65 10 56 79 47 39 43 19 58 79 32 69 19 17 94 13 12 30 92 89 22 41 80 69 65 18 87 31 71 13 95 36 51 82 37 35 98 22 61 57 39 74 39 44 58 12 97 31 84 96 37 25 73 37 34 15 98 80 52 42 80 68 62 23 97 62 77 66 56 44 93 94 11 73 60 40 14
61 81 16 61 97 14 84 43 93 72 64 46 97 22 77 55 72 37 35 80 61 85 88 23 70 0 54 18 28 79 50 13 51 45 84 44 59 46 61 87 13 23 49 40 53 12 17 96 62 87 26 57 71 94 74 83 20 42 21 17 40 17 44 99 27 33 33 86 88 90 30 65 18 96 10 98 58 57 78 67 82 45 86 14 71 72 94 31 70 40 45 91 59 73 54 65 64 38 57 78 78 50 38 18 63 23 11 83 66 68 71 26 71 33 86 65 43 71 40 67 38 31 52 22 54 14 65 70 31 73 59 90 11 67 30 42 17 73 87 61
50 85 98 65 78 94 49 86 13 97 65 21 96 59 30 59 98 28 69 19 45 48 21 36 98 54 0 36 60 14 75 10 29 34 73 69 14 41 47 91 47 99 22 42 14 63 75 34 79 21 27 41 42 86 41 37 45 73 58 61 62 90 95 87 63 89 73 17 13 41 94 26 71 38 66 69 37 48 18 95 63 57 40 80 36 93 99 71 59 98 60 76 80 61 33 47 48 73 51 98 70 87 24 34 51 23 74 43 60 32 83 59 34 33 26 15 92 81 15 90 96 79 81 93 45 70 99 69 54 84 55 24 78 33 48 57 78 48 15 97
56 15 83 24 73 10 64 59 78 70 79 62 11 25 67 65 22 86 51 25 55 11 93 77 95 18 36 0 77 76 73 93 52 32 21 37 41 38 12 96 18 10 14 60 94 47 33 54 95 85 56 57 67 20 84 21 57 44 95 27 89 68 99 75 76 24 50 99 18 16 50 40 88 97 43 43 57 46 20 98 45 60 47 54 56 83 68 83 54 83 93 24 42 18 44 16 12 61 95 42 97 83 54 58 35 49 63 96 84 62 46 54 31 20 91 53 70 50 34 11 70 20 58 86 53 86 15 89 32 78 94 43 94 80 33 96 68 32 69 62
18 33 92 12 29 16 19 97 46 39 77 68 80 84 32 64 82 73 73 62 48 55 85 88 25 28 60 77 0 61 65 55 88 45 54 41 53 58 61 25 89 73 76 18 46 48 39 17 16 31 45 24 63 86 74 30 55 63 56 51 76 48 61 41 33 77 73 82 28 18 84 11 38 64 82 36 69 18 61 82 54 44 66 46 83 53 62 78 65 56 96 97 29 44 90 23 14 55 61 33 28 96 86 51 56 70 58 58 27 54 72 56 20 21 49 42 50 24 50 31 31 41 32 17 74 16 62 54 54 26 82 80 36 61 50 64 95 34 41 57
30 11 55 86 90 97 11 12 86 10 66 82 44 55 10 51 40 82 57 85 11 41 47 16 85 79 14 76 61 0 66 55 47 91 29 56 15 94 12 54 70 20 95 35 52 96 27 65 31 47 82 93 34 95 89 41 38 26 26 37 19 30 16 50 93 11 91 81 50 97 56 50 91 38 13 37 83 17 90 87 92 65 93 74 37 29 65 19 59 44 62 83 64 39 32 96 24 29 73 74 62 28 34 84 30 38 51 60 21 96 66 40 31 56 86 14 51 70 19 56 35 50 20 67 74 22 13 13 21 56 15 25 61 65 62 26 55 54 13 29
12 19 34 43 32 78 37 47 75 14 29 76 49 10 31 68 49 67 21 94 71 53 40 56 81 50 75 73 65 66 0 98 46 83 77 85 43 94 40 93 38 62 38 55 47 53 64 73 43 27 75 64 72 74 70 49 41 59 84 62 51 79 32 24 84 17 22 50 75 65 56 45 54 41 23 65 91 91 81 48 60 83 76 43 76 48 87 69 86 68 27 95 19 48 32 89 94 10 16 69 17 12 28 50 68 39 91 54 72 15 24 15 52 10 90 12 93 39 56 40 90 58 97 39 65 10 40 52 34 22 51 96 55 20 66 74 70 82 94 38
81 13 48 60 76 18 57 14 69 30 77 83 78 75 64 72 99 69 95 82 36 95 17 44 44 13 10 93 55 55 98 0 93 53 52 35 50 27 54 47 70 33 57 30 57 13 29 39 21 94 14 65 12 50 28 20 13 57 27 69 92 95 66 53 86 51 93 39 40 49 72 45 54 34 14 94 58 82 77 53 72 68 50 97 54 81 41 91 70 55 74 50 24 34 21 45 81 25 66 33 81 18 80 64 51 90 99 76 62 82 30 84 85 34 44 39 26 86 93 61 19 40 49 31 79 14 69 11 87 48 57 47 17 59 76 36 45 38 26 13
69 92 29 61 53 24 75 82 87 97 10 90 13 77 69 47 51 26 62 14 51 94 81 22 12 51 29 52 88 47 46 93 0 67 86 26 19 19 88 57 50 69 69 15 63 50 31 28 92 53 76 87 37 93 54 48 42 57 58 11 90 77 22 31 18 25 21 64 64 67 24 30 12 32 78 68 94 56 56 91 91 81 84 30 15 44 83 69 65 69 16 66 65 85 51 24 54 84 62 36 10 80 51 17 97 83 27 53 73 15 83 51 47 25 96 29 26 30 55 75 70 36 51 15 86 63 44 95 65 72 97 92 12 30 88 65 45 87 42 30
65 53 25 39 67 43 89 30 24 77 44 21 93 30 73 30 38 37 55 56 58 11 68 83 49 45 34 32 45 91 83 53 67 0 68 38 72 91 11 10 53 47 43 92 38 33 70 98 33 65 57 81 47 99 50 94 61 42 54 59 87 91 29 85 43 41 29 97 70 78 74 92 75 72 23 13 17 46 10 67 19 13 15 97 25 94 91 28 90 90 34 32 84 52 11 89 64 45 73 40 71 39 29 39 16 38 48 16 66 85 65 49 51 36 49 96 82 19 29 29 82 44 19 20 80 78 29 13 55 32 80 82 90 19 53 27 96 74 20 48
54 41 70 91 90 27 66 89 61 63 68 81 57 79 20 83 96 44 23 42 48 15 97 66 94 84 73 21 54 29 77 52 86 68 0 41 19 80 68 56 34 15 64 19 10 18 78 60 63 29 56 87 89 96 80 38 71 16 11 30 19 78 55 35 19 65 90 20 95 39 53 74 29 38 83 92 86 24 98 95 10 44 45 62 29 40 49 50 11 90 44 22 82 83 75 85 83 17 58 31 21 12 40 17 55 88 53 44 26 13 10 94 51 21 42 74 50 84 49 36 47 52 41 47 40 91 16 86 34 87 53 37 76 81 14 23 23 82 57 72
58 52 48 87 43 52 69 68 65 73 39 75 32 82 57 93 62 85 55 93 93 60 17 90 42 44 69 37 41 56 85 35 26 38 41 0 32 22 30 37 87 90 62 17 73 39 99 35 59 65 70 45 89 30 33 81 60 38 19 70 10 17 79 75 42 83 49 51 82 19 52 20 58 90 82 49 28 74 90 45 13 65 69 52 87 33 12 78 44 61 64 42 26 25 18 20 25 79 43 11 43 26 57 71 30 40 81 24 15 12 82 12 89 40 12 49 68 81 69 17 40 10 43 23 29 59 89 15 93 52 65 78 50 90 55 27 12 46 95 99
76 42 96 51 65 62 49 17 26 28 19 11 41 40 18 40 64 46 82 74 22 36 32 28 54 59 14 41 53 15 43 50 19 72 19 32 0 33 73 79 23 96 79 42 32 15 75 33 40 75 45 16 36 93 54 88 14 10 98 70 13 81 60 46 27 14 38 58 68 88 82 97 26 84 90 78 90 34 74 49 60 84 22 89 95 79 34 86 46 67 63 89 78 54 99 49 87 96 58 83 24 17 98 98 75 40 11 41 73 26 27 72 43 38 25 76 16 42 17 31 83 45 27 34 95 50 86 43 65 96 31 50 62 75 25 95 78 11 72 46
36 38 88 73 16 62 71 75 21 99 53 24 31 65 69 25 55 58 96 56 65 17 33 68 63 46 41 38 58 94 94 27 19 91 80 22 33 0 43 78 86 68 68 41 62 21 21 39 75 52 60 38 23 84 43 22 92 51 37 15 60 34 33 29 48 54 18 36 30 14 64 42 28 57 12 55 62 29 41 74 28 68 93 21 53 34 67 70 90 42 34 39 87 95 95 10 65 71 39 89 45 67 94 40 45 44 64 96 22 55 30 19 12 20 48 88 97 87 68 32 11 53 69 72 90 81 98 59 53 88 58 81 67 64 13 72 42 50 23 25
10 59 81 69 76 34 65 34 78 55 18 47 28 32 59 95 72 18 56 21 37 54 78 99 68 61 47 12 61 12 40 54 88 11 68 30 73 43 0 36 98 41 10 85 48 47 17 99 65 66 41 65 36 32 29 15 47 41 42 39 13 50 90 20 60 61 27 52 63 31 63 69 86 20 62 80 94 41 59 19 55 74 99 98 49 30 54 51 10 21 58 65 66 60 84 18 52 23 98 68 58 63 88 25 49 90 72 54 17 11 86 53 34 80 53 81 42 30 99 18 35 99 59 38 91 10 69 80 22 59 99 17 64 30 57 86 38 16 40 46
84 59 52 27 57 26 69 55 49 51 84 66 40 67 37 19 21 89 27 55 86 75 43 94 51 87 91 96 25 54 93 47 57 10 56 37 79 78 36 0 36 70 88 29 77 72 80 97 80 60 96 47 72 22 58 96 89 11 87 65 38 56 80 69 43 32 44 27 72 88 86 30 55 29 22 26 90 92 67 49 45 58 57 87 57 51 96 91 55 72 42 34 12 68 70 46 74 31 84 36 91 66 56 59 93 69 35 54 76 94 52 47 79 23 80 64 25 54 55 14 34 10 45 21 80 96 28 99 88 14 17 83 56 35 32 73 88 82 37 87
94 54 19 12 61 95 96 11 97 74 58 76 21 33 78 93 55 38 11 22 51 55 95 78 49 13 47 18 89 70 38 70 50 53 34 87 23 86 98 36 0 21 60 89 62 83 75 92 11 87 41 66 29 83 98 70 68 80 67 15 83 29 50 94 89 27 43 76 12 21 45 20 58 23 99 40 66 58 50 84 28 56 94 82 44 20 77 47 39 88 10 80 40 25 86 25 84 48 74 54 64 30 63 48 88 94 48 71 59 99 98 65 38 24 93 79 68 28 39 21 93 76 31 96 68 27 34 52 62 77 92 22 86 61 21 18 25 56 17 90
21 98 56 53 13 34 90 46 97 32 18 88 46 76 92 93 17 75 86 60 75 37 35 13 24 23 99 10 73 20 62 33 69 47 15 90 96 68 41 70 21 0 30 19 17 35 85 23 82 67 94 40 25 63 65 31 28 59 37 60 98 24 89 36 11 45 85 39 29 58 63 27 50 55 72 65 83 75 30 85 26 86 81 45 53 99 24 16 86 36 55 46 85 35 81 38 26 81 67 79 21 38 14 31 71 81 13 74 65 57 76 49 28 67 12 92 78 88 22 68 41 31 10 99 84 41 41 16 20 86 47 37 38 82 51 51 26 69 22 38
56 39 94 78 11 37 84 28 54 41 56 41 47 63 14 38 97 47 20 34 29 70 16 71 22 49 22 14 76 95 38 57 69 43 64 62 79 68 10 88 60 30 0 63 28 56 46 50 54 13 94 14 96 27 26 21 52 74 91 67 41 56 30 59 89 26 21 22 74 51 91 20 78 30 95 20 34 70 48 19 19 45 35 61 22 64 54 77 46 17 79 22 77 37 91 16 28 38 97 41 82 65 90 39 85 31 56 80 40 21 58 60 77 53 34 51 24 34 96 15 31 42 13 17 78 53 13 22 37 14 87 17 14 41 64 40 19 77 59 27
65 99 98 48 93 81 99 72 40 72 34 85 86 59 38 64 91 80 81 96 71 66 30 65 60 40 42 60 18 35 55 30 15 92 19 17 42 41 85 29 89 19 63 0 11 25 32 40 64 16 45 16 49 19 74 67 31 28 78 39 45 80 31 20 77 46 44 24 56 11 79 36 13 71 21 43 20 28 63 38 50 80 70 21 25 32 15 73 29 46 50 94 79 45 27 48 44 58 64 91 27 50 35 58 55 77 66 47 58 19 47 69 42 76 98 97 31 34 36 40 91 86 48 69 12 54 87 49 27 33 62 25 43 88 34 43 62 60 66 78
65 48 36 20 92 68 69 33 13 17 10 58 38 97 22 20 47 32 68 43 26 97 70 79 10 53 14 94 46 52 47 57 63 38 10 73 32 62 48 77 62 17 28 11 0 52 45 70 72 17 45 52 23 11 50 48 88 32 30 69 97 64 39 80 33 19 45 29 79 50 77 20 67 27 59 46 71 35 27 59 93 60 41 92 24 78 17 47 54 19 87 25 82 80 25 83 27 79 97 16 16 99 77 66 19 78 76 47 68 60 62 66 83 92 86 91 63 64 10 54 85 40 64 10 69 24 25 80 44 56 26 55 45 56 41 81 44 16 69 27
76 71 77 57 86 83 83 27 21 12 25 82 48 26 34 48 23 36 10 21 39 94 92 23 69 12 63 47 48 96 53 13 50 33 18 39 15 21 47 72 83 35 56 25 52 0 71 25 35 37 76 42 97 39 67 52 50 81 59 31 80 24 12 96 38 29 98 15 53 28 96 22 96 17 50 42 26 98 41 60 40 29 41 82 65 94 34 32 82 98 78 52 18 74 53 33 65 63 84 49 12 24 42 40 14 17 34 24 89 89 24 76 46 52 40 78 86 56 46 72 67 77 53 61 20 67 61 79 66 37 56 44 42 14 46 92 83 94 11 89
90 42 29 99 93 60 43 24 23 86 86 98 45 25 95 54 48 26 48 12 76 54 58 79 59 17 75 33 39 27 64 29 31 70 78 99 75 21 17 80 75 85 46 32 45 71 0 59 47 25 85 79 90 71 36 51 53 37 35 68 86 83 31 31 27 42 35 61 68 51 93 76 90 94 88 47 19 34 79 21 53 99 15 57 58 58 60 64 59 81 25 43 60 20 22 73 40 57 70 31 63 26 95 95 39 97 31 61 86 81 41 43 17 23 47 17 38 41 22 78 84 54 46 82 42 52 47 23 99 40 70 72 78 45 39 81 19 91 85 90
74 24 69 51 75 54 96 56 72 79 33 40 88 13 92 60 91 36 67 48 74 79 29 19 17 96 34 54 17 65 73 39 28 98 60 35 33 39 99 97 92 23 50 40 70 25 59 0 60 90 15 88 63 43 60 34 92 81 80 41 52 88 80 91 43 55 46 21 12 59 56 62 83 58 93 59 45 48 29 67 38 64 77 45 44 30 20 37 58 53 87 47 52 74 43 83 31 11 31 63 97 13 66 46 50 88 63 44 54 98 53 84 57 88 89 52 90 38 53 15 92 36 56 14 83 39 81 41 66 83 45 30 60 38 37 45 27 65 49 22
14 92 60 61 46 46 77 21 60 12 15 72 11 63 80 69 71 17 31 20 90 42 16 20 59 62 79 95 16 31 43 21 92 33 63 59 40 75 65 80 11 82 54 64 72 35 47 60 0 21 42 23 54 78 59 31 76 18 56 96 75 81 95 93 74 35 42 71 87 89 25 49 44 29 55 41 77 38 12 57 88 31 16 73 42 99 32 98 14 42 32 43 52 85 66 55 66 26 59 17 66 11 57 50 14 34 29 69 61 12 71 10 54 12 53 17 88 59 71 36 45 94 19 21 75 75 96 45 59 79 35 81 46 96 40 91 26 70 20 39
95 87 22 36 52 63 24 66 32 63 86 97 38 19 80 91 79 76 36 91 30 45 13 21 19 87 21 85 31 47 27 94 53 65 29 65 75 52 66 60 87 67 13 16 17 37 25 90 21 0 60 48 27 27 66 28 75 57 13 30 95 51 55 62 75 49 65 35 11 27 76 40 70 39 72 16 15 55 92 30 13 83 72 74 25 71 38 10 66 47 89 73 62 64 49 83 71 84 77 58 44 62 84 25 59 52 98 51 97 31 57 71 63 26 63 47 64 60 21 86 94 91 90 53 37 70 68 54 26 57 33 25 54 91 99 70 98 13 36 92
99 95 98 39 61 76 90 82 18 74 11 57 78 94 22 78 44 34 94 39 90 82 90 14 61 26 27 56 45 82 75 14 76 57 56 70 45 60 41 96 41 94 94 45 45 76 85 15 42 60 0 60 48 66 60 55 14 35 87 62 48 80 84 28 99 90 86 86 72 35 16 98 40 25 77 40 16 89 80 32 95 33 76 59 92 56 39 10 27 25 11 15 64 52 75 60 87 87 81 59 40 80 84 57 26 30 43 45 78 25 35 75 21 60 19 59 85 93 46 93 93 19 61 26 29 21 76 90 27 78 35 52 63 94 93 38 57 39 10 90
41 55 44 71 63 29 36 70 48 53 89 99 56 72 81 76 78 19 46 33 97 12 57 34 37 57 41 57 24 93 64 65 87 81 87 45 16 38 65 47 66 40 14 16 52 42 79 88 23 48 60 0 74 42 31 29 21 94 87 85 26 98 10 75 62 76 71 91 41 51 90 23 74 29 88 77 17 42 63 13 35 15 78 92 28 91 95 32 87 15 25 27 26 60 26 86 56 74 99 63 31 68 72 27 66 56 18 94 63 78 85 60 83 67 79 98 57 66 55 59 52 41 38 73 90 14 97 28 44 93 24 81 95 64 86 25 28 83 45 74
10 36 92 36 45 90 22 26 76 64 74 35 74 58 70 45 54 23 95 70 84 91 99 80 35 71 42 67 63 34 72 12 37 47 89 89 36 23 36 72 29 25 96 49 23 97 90 63 54 27 48 74 0 39 49 46 31 29 17 48 17 76 12 13 84 59 83 42 83 81 17 56 11 78 69 75 99 30 15 85 42 65 60 50 41 51 95 37 47 23 72 86 85 90 70 76 66 43 54 12 62 96 17 83 14 52 99 98 71 95 12 32 31 32 50 12 23 79 20 40 46 38 93 83 27 61 14 66 91 98 45 83 14 18 99 23 44 58 35 40
74 40 30 78 34 46 37 17 98 11 12 88 54 67 67 31 17 76 95 27 29 12 22 50 20 94 86 20 86 95 74 50 93 99 96 30 93 84 32 22 83 63 27 19 11 39 71 43 78 27 66 42 39 0 64 41 64 40 24 25 51 45 14 30 43 65 92 59 34 82 32 75 73 45 82 46 51 61 74 79 41 25 64 16 26 82 37 47 76 89 21 84 55 75 33 21 31 72 35 50 37 10 54 43 21 58 41 80 66 45 41 50 76 66 65 41 68 65 37 94 42 72 12 19 63 79 54 80 54 29 76 20 99 38 56 97 28 93 43 48
46 65 13 87 15 69 19 71 29 31 47 51 20 51 44 64 25 37 93 54 93 12 21 35 12 74 41 84 74 89 70 28 54 50 80 33 54 43 29 58 98 65 26 74 50 67 36 60 59 66 60 31 49 64 0 14 34 44 53 94 16 23 30 11 25 59 48 56 51 64 10 95 21 56 27 23 81 54 40 97 91 14 23 17 95 59 48 99 79 13 30 10 56 71 46 63 97 99 89 40 79 17 82 62 39 24 33 64 59 71 93 41 77 34 91 81 83 75 83 65 34 36 88 46 76 54 68 10 17 10 25 21 22 18 33 67 33 68 86 58
29 49 10 50 57 57 72 19 93 89 52 44 12 87 68 84 89 11 19 31 26 27 10 88 18 83 37 21 30 41 49 20 48 94 38 81 88 22 15 96 70 31 21 67 48 52 51 34 31 28 55 29 46 41 14 0 44 98 91 12 53 55 42 19 54 48 34 11 13 84 68 12 68 56 64 38 32 65 42 61 69 54 27 63 94 24 70 63 44 99 64 11 27 82 13 21 60 77 83 57 78 75 27 35 97 82 35 15 82 77 25 25 67 65 46 64 15 71 99 10 96 29 31 90 97 69 52 41 16 85 82 53 25 61 71 87 10 99 82 73
72 75 69 15 11 61 22 59 44 29 69 95 88 98 64 61 43 72 56 14 36 99 28 31 58 20 45 57 55 38 41 13 42 61 71 60 14 92 47 89 68 28 52 31 88 50 53 92 76 75 14 21 31 64 34 44 0 37 37 99 70 78 68 78 80 45 65 77 33 67 98 88 40 36 20 97 56 86 74 72 55 98 23 25 80 91 56 92 80 92 18 83 48 98 27 39 64 46 77 72 78 16 28 59 22 97 15 71 49 81 14 71 27 69 40 70 58 35 58 18 88 81 79 39 94 39 64 40 35 48 27 17 44 25 78 46 99 73 38 91
47 62 73 24 41 74 67 72 84 93 60 40 67 13 43 96 23 99 87 50 24 87 28 53 93 42 73 44 63 26 59 57 57 42 16 38 10 51 41 11 80 59 74 28 32 81 37 81 18 57 35 94 29 40 44 98 37 0 52 94 15 77 32 86 90 23 22 98 22 53 62 78 66 99 84 23 79 84 14 86 51 92 12 54 23 45 31 28 48 69 42 49 19 86 50 81 87 88 90 12 48 48 45 53 65 45 70 15 10 99 81 28 69 36 45 12 83 85 49 42 75 15 83 52 54 44 76 74 36 15 57 79 46 24 67 71 83 53 35 93
70 12 19 75 49 17 32 40 60 83 84 19 65 22 99 15 10 98 12 12 38 88 68 43 29 21 58 95 56 26 84 27 58 54 11 19 98 37 42 87 67 37 91 78 30 59 35 80 56 13 87 87 17 24 53 91 37 52 0 70 90 86 15 18 24 99 92 31 61 91 13 54 31 51 73 27 77 61 29 37 65 46 90 97 23 49 83 80 42 29 29 70 50 12 97 80 85 18 98 59 46 79 59 13 13 50 99 19 88 66 87 76 30 58 54 37 37 42 55 57 86 91 97 14 89 68 54 70 19 65 77 75 52 76 46 39 74 41 51 64
61 82 19 69 78 77 81 67 46 32 15 52 99 16 85 77 97 79 88 18 30 92 34 99 40 17 61 27 51 37 62 69 11 59 30 70 70 15 39 65 15 60 67 39 69 31 68 41 96 30 62 85 48 25 94 12 99 94 70 0 55 37 11 66 82 58 54 13 26 24 40 40 61 72 29 94 83 59 13 45 11 75 76 11 56 34 30 26 56 33 60 30 23 66 25 43 46 76 48 15 85 33 85 18 12 17 52 58 43 36 12 78 42 91 26 87 14 57 12 32 85 18 79 92 76 23 18 32 98 32 33 54 49 47 44 28 38 59 98 21
58 78 36 80 19 93 13 97 29 28 47 44 77 48 97 13 94 15 20 96 58 66 72 90 27 40 62 89 76 19 51 92 90 87 19 10 13 60 13 38 83 98 41 45 97 80 86 52 75 95 48 26 17 51 16 53 70 15 90 55 0 80 68 69 44 89 34 96 32 69 31 12 78 98 30 91 11 99 46 84 59 43 22 68 61 65 49 76 64 92 61 53 84 86 52 70 33 52 83 92 71 82 23 41 14 92 79 97 85 91 83 95 79 55 42 62 20 52 54 77 92 38 69 82 92 85 90 92 18 41 42 83 53 18 52 40 25 63 28 28
81 94 89 72 28 94 79 21 15 78 60 13 35 92 90 13 61 11 52 89 32 44 40 98 67 17 90 68 48 30 79 95 77 91 78 17 81 34 50 56 29 24 56 80 64 24 83 88 81 51 80 98 76 45 23 55 78 77 86 37 80 0 36 14 16 55 77 76 94 98 61 89 37 95 30 80 48 88 30 63 50 15 99 99 93 65 68 88 98 75 27 82 66 23 16 45 37 45 24 21 69 96 42 17 39 15 32 87 77 19 63 86 94 44 79 23 39 73 93 67 83 32 21 13 67 27 51 50 45 53 86 62 58 89 64 25 65 68 16 97
37 33 92 81 53 97 74 59 64 45 75 83 77 17 99 17 15 97 90 73 44 95 70 60 56 44 95 99 61 16 32 66 22 29 55 79 60 33 90 80 50 89 30 31 39 12 31 80 95 55 84 10 12 14 30 42 68 32 15 11 68 36 0 45 81 77 59 87 60 75 52 53 38 32 42 25 36 34 72 97 62 11 47 34 46 61 95 74 26 55 95 57 47 99 27 26 48 47 62 14 54 10 72 39 19 74 51 36 15 58 45 71 61 14 99 93 34 40 60 32 93 81 55 88 24 19 96 11 56 52 53 13 15 51 10 62 29 40 71 53
76 82 55 35 35 62 64 89 83 94 15 16 56 65 95 60 26 55 45 43 42 66 54 17 65 99 87 75 41 50 24 53 31 85 35 75 46 29 20 69 94 36 59 20 80 96 31 91 93 62 28 75 13 30 11 19 78 86 18 66 69 14 45 0 37 76 52 47 10 15 59 34 61 60 25 56 46 71 95 91 10 61 38 38 17 86 80 71 74 25 57 75 56 13 28 67 61 63 67 74 72 74 77 93 21 56 46 49 12 16 62 28 37 56 35 16 88 68 90 97 30 73 51 86 17 20 76 75 33 96 46 55 10 15 95 37 91 79 67 27
45 10 72 54 60 27 12 18 89 43 38 58 88 32 38 31 67 20 29 25 85 86 85 34 10 27 63 76 33 93 84 86 18 43 19 42 27 48 60 43 89 11 89 77 33 38 27 43 74 75 99 62 84 43 25 54 80 90 24 82 44 16 81 37 0 90 82 96 66 38 86 11 59 87 88 86 62 97 15 16 43 18 79 96 32 19 12 93 12 52 52 41 33 94 11 55 94 95 82 88 51 51 42 94 29 80 48 96 44 46 53 13 25 65 33 36 58 71 24 13 62 80 81 90 21 90 70 29 86 62 27 94 84 61 41 41 76 57 43 28
26 89 41 18 37 82 74 83 86 22 12 53 99 76 52 44 66 12 61 94 95 37 91 11 56 33 89 24 77 11 17 51 25 41 65 83 14 54 61 32 27 45 26 46 19 29 42 55 35 49 90 76 59 65 59 48 45 23 99 58 89 55 77 76 90 0 74 23 86 11 32 17 37 58 20 51 87 52 61 87 96 90 70 35 44 88 25 40 80 18 20 52 61 80 35 56 79 93 11 79 49 82 66 82 43 95 31 45 75 67 33 88 77 75 40 24 93 97 13 52 91 13 36 66 82 39 31 62 73 92 35 58 83 88 43 75 27 96 58 85
74 60 47 58 39 94 15 20 22 12 53 63 63 74 23 52 15 95 70 45 35 31 28 72 79 33 73 50 73 91 22 93 21 29 90 49 38 18 27 44 43 85 21 44 45 98 35 46 42 65 86 71 83 92 48 34 65 22 92 54 34 77 59 52 82 74 0 73 47 47 99 58 67 91 98 21 34 53 24 48 97 33 61 31 68 79 66 71 75 37 64 75 52 38 44 14 99 70 41 30 79 50 26 60 84 98 54 65 92 23 64 59 73 55 90 65 32 80 60 93 41 55 29 19 43 41 17 85 38 35 13 56 34 69 73 73 26 36 59 31
28 45 28 17 90 80 83 69 77 15 13 84 94 49 86 54 67 16 25 56 35 43 64 95 47 86 17 99 82 81 50 39 64 97 20 51 58 36 52 27 76 39 22 24 29 15 61 21 71 35 86 91 42 59 56 11 77 98 31 13 96 76 87 47 96 23 73 0 72 81 37 87 40 72 48 16 10 38 74 10 33 45 47 96 50 32 47 77 35 59 15 90 71 18 11 27 62 89 99 58 21 91 39 25 60 27 56 57 89 31 60 66 20 76 90 47 45 63 37 28 93 71 53 97 36 55 36 59 30 45 72 96 57 75 99 18 31 64 15 21
11 55 73 17 25 71 58 24 59 93 23 86 93 31 70 43 46 13 97 25 24 94 54 55 39 88 13 18 28 50 75 40 64 70 95 82 68 30 63 72 12 29 74 56 79 53 68 12 87 11 72 41 83 34 51 13 33 22 61 26 32 94 60 10 66 86 47 72 0 16 68 43 48 37 58 75 23 50 27 43 13 77 23 73 42 28 50 56 31 37 41 52 77 52 82 11 56 64 72 67 51 34 88 94 80 35 15 91 31 23 78 40 36 63 86 37 30 79 97 96 77 86 84 41 67 27 17 78 62 11 27 30 53 43 95 30 27 33 57 88
66 23 74 87 10 14 68 40 85 22 44 17 10 49 76 60 66 85 48 76 33 39 97 46 43 90 41 16 18 97 65 49 67 78 39 19 88 14 31 88 21 58 51 11 50 28 51 59 89 27 35 51 81 82 64 84 67 53 91 24 69 98 75 15 38 11 47 81 16 0 78 74 15 50 92 78 79 53 53 89 24 12 74 38 47 28 88 54 92 65 28 61 19 83 56 29 95 95 43 66 45 71 59 96 54 94 91 26 77 83 62 49 31 13 37 18 94 99 28 80 40 19 51 51 26 39 41 83 95 31 59 88 69 67 76 19 91 13 29 28
14 73 33 98 16 17 23 84 12 59 28 95 87 36 16 80 34 54 36 56 89 67 62 75 19 30 94 50 84 56 56 72 24 74 53 52 82 64 63 86 45 63 91 79 77 96 93 56 25 76 16 90 17 32 10 68 98 62 13 40 31 61 52 59 86 32 99 37 68 78 0 66 45 91 25 80 46 84 10 47 33 80 14 12 53 99 33 58 69 67 22 64 96 50 74 24 53 49 87 67 53 33 51 67 14 99 70 66 34 62 95 15 24 78 61 71 39 65 38 59 52 47 41 69 51 21 70 84 35 63 58 73 96 73 26 15 77 51 42 69
71 43 91 91 56 35 70 38 29 26 49 68 15 57 89 43 30 14 63 42 86 94 41 53 58 65 26 40 11 50 45 45 30 92 74 20 97 42 69 30 20 27 20 36 20 22 76 62 49 40 98 23 56 75 95 12 88 78 54 40 12 89 53 34 11 17 58 87 43 74 66 0 41 12 26 30 98 68 40 51 83 44 60 73 76 54 98 23 17 43 75 69 84 55 56 20 48 61 90 72 72 21 35 54 39 22 38 70 70 42 38 15 76 55 59 46 18 93 54 47 34 52 99 67 70 94 74 55 17 27 28 11 51 63 43 50 75 61 12 75
11 37 52 29 45 21 18 30 81 35 43 22 75 26 51 46 66 83 51 32 10 48 47 55 79 18 71 88 38 91 54 54 12 75 29 58 26 28 86 55 58 50 78 13 67 96 90 83 44 70 40 74 11 73 21 68 40 66 31 61 78 37 38 61 59 37 67 40 48 15 45 41 0 72 60 74 64 54 99 20 62 42 59 51 50 15 73 13 39 20 18 51 19 79 48 12 14 58 93 12 50 27 64 90 92 19 77 55 17 53 51 88 11 73 14 72 64 32 51 70 63 54 49 92 32 57 10 73 95 32 87 64 28 16 79 91 96 46 72 23
74 15 97 61 51 82 56 94 79 24 76 83 66 94 20 37 28 55 51 34 53 34 97 33 32 96 38 97 64 38 41 34 32 72 38 90 84 57 20 29 23 55 30 71 27 17 94 58 29 39 25 29 78 45 56 56 36 99 51 72 98 95 32 60 87 58 91 72 37 50 91 12 72 0 32 80 50 37 33 39 65 16 26 20 68 23 40 82 74 84 51 87 89 63 60 65 31 52 51 12 72 95 40 15 92 19 96 75 55 14 73 81 72 84 79 46 82 86 48 56 39 45 56 96 20 61 44 99 38 26 36 39 54 62 28 24 94 96 23 59
39 59 47 44 75 79 36 49 47 11 77 87 13 92 74 70 92 47 74 75 91 33 48 53 69 10 66 43 82 13 23 14 78 23 83 82 90 12 62 22 99 72 95 21 59 50 88 93 55 72 77 88 69 82 27 64 20 84 73 29 30 30 42 25 88 20 98 48 58 92 25 26 60 32 0 51 81 46 93 25 71 37 17 51 52 53 70 61 76 66 73 64 49 54 43 48 57 14 78 50 70 69 21 39 32 73 90 44 80 76 80 57 99 93 14 16 97 32 14 10 21 55 43 43 76 95 51 76 52 48 68 65 81 37 65 70 69 56 64 65
23 65 20 42 88 60 33 13 17 36 85 82 46 77 43 72 72 99 44 72 50 41 72 73 19 98 69 43 36 37 65 94 68 13 92 49 78 55 80 26 40 65 20 43 46 42 47 59 41 16 40 77 75 46 23 38 97 23 27 94 91 80 25 56 86 51 21 16 75 78 80 30 74 80 51 0 93 10 18 88 45 77 82 83 30 14 70 43 27 41 34 67 74 69 74 60 19 50 78 28 96 39 16 60 16 53 90 54 34 59 55 48 58 16 78 27 22 97 71 12 18 84 31 24 63 90 20 82 12 22 81 57 54 56 82 75 64 51 25 48
31 36 45 46 19 74 66 83 62 52 37 33 96 82 66 14 64 46 87 92 54 46 12 42 17 58 37 57 69 83 91 58 94 17 86 28 90 62 94 90 66 83 34 20 71 26 19 45 77 15 16 17 99 51 81 32 56 79 77 83 11 48 36 46 62 87 34 10 23 79 46 98 64 50 81 93 0 44 29 48 17 59 73 32 85 81 87 43 88 75 32 96 22 10 46 73 43 22 18 55 92 81 24 69 26 23 63 40 94 34 14 74 34 36 58 24 72 73 14 72 72 83 28 99 81 83 11 92 71 17 18 56 14 91 58 91 17 58 93 47
58 66 30 78 32 27 42 94 60 83 99 26 16 79 95 27 94 52 10 48 86 29 91 36 94 57 48 46 18 17 91 82 56 46 24 74 34 29 41 92 58 75 70 28 35 98 34 48 38 55 89 42 30 61 54 65 86 84 61 59 99 88 34 71 97 52 53 38 50 53 84 68 54 37 46 10 44 0 77 85 94 34 33 49 99 96 74 17 32 84 61 98 54 29 57 76 12 89 57 25 82 11 25 77 55 92 52 37 47 53 34 71 83 94 29 95 18 48 94 11 92 67 96 52 17 45 39 77 82 43 57 82 76 37 32 38 52 33 43 25
44 51 27 73 19 50 61 74 64 42 59 37 27 11 28 65 79 76 71 62 31 30 41 13 13 78 18 20 61 90 81 77 56 10 98 90 74 41 59 67 50 30 48 63 27 41 79 29 12 92 80 63 15 74 40 42 74 14 29 13 46 30 72 95 15 61 24 74 27 53 10 40 99 33 93 18 29 77 0 11 75 40 37 38 69 90 56 95 58 18 22 17 60 78 60 28 16 85 49 22 16 80 37 91 60 91 25 58 28 97 70 24 74 32 99 62 17 26 87 89 50 59 23 89 39 63 35 47 64 20 61 77 48 79 48 78 14 89 62 45
65 29 59 64 11 90 11 71 59 44 42 26 54 57 37 71 51 89 28 41 11 49 26 82 12 67 95 98 82 87 48 53 91 67 95 45 49 74 19 49 84 85 19 38 59 60 21 67 57 30 32 13 85 79 97 61 72 86 37 45 84 63 97 91 16 87 48 10 43 89 47 51 20 39 25 88 48 85 11 0 85 13 47 37 98 27 16 29 85 94 25 32 10 56 16 21 64 10 51 50 69 95 61 30 32 14 84 21 61 11 22 96 50 43 30 28 20 26 33 35 19 75 98 32 34 35 15 82 61 29 30 43 41 81 92 93 50 31 69 16
53 35 21 37 38 90 95 91 85 88 10 33 12 14 85 32 74 10 64 41 33 89 24 12 30 82 63 45 54 92 60 72 91 19 10 13 60 28 55 45 28 26 19 50 93 40 53 38 88 13 95 35 42 41 91 69 55 51 65 11 59 50 62 10 43 96 97 33 13 24 33 83 62 65 71 45 17 94 75 85 0 48 77 31 86 53 39 55 62 70 67 83 21 66 53 92 75 12 79 17 59 18 57 10 53 67 35 98 84 84 79 73 56 12 36 38 42 54 37 64 27 46 95 31 75 53 85 39 15 51 94 39 94 71 53 99 88 13 39 83
31 15 56 41 24 65 36 93 45 94 67 77 67 43 12 83 21 63 39 43 70 67 16 31 92 45 57 60 44 65 83 68 81 13 44 65 84 68 74 58 56 86 45 80 60 29 99 64 31 83 33 15 65 25 14 54 98 92 46 75 43 15 11 61 18 90 33 45 77 12 80 44 42 16 37 77 59 34 40 13 48 0 90 25 14 86 24 10 62 83 69 44 15 14 95 22 83 35 50 41 91 95 49 39 91 32 81 31 50 65 12 15 55 42 25 62 30 88 77 48 32 62 78 94 82 38 50 22 19 72 56 80 54 30 16 20 52 88 46 49
81 28 70 57 21 55 20 71 33 57 29 35 45 79 10 78 34 47 35 34 81 87 59 77 89 86 40 47 66 93 76 50 84 15 45 69 22 93 99 57 94 81 35 70 41 41 15 77 16 72 76 78 60 64 23 27 23 12 90 76 22 99 47 38 79 70 61 47 23 74 14 60 59 26 17 82 73 33 37 47 77 90 0 41 37 66 25 33 54 89 20 63 93 66 93 90 72 83 96 77 84 82 81 71 94 42 90 56 36 32 79 67 30 82 58 56 46 24 87 54 34 94 63 26 50 67 41 63 73 84 81 52 53 40 98 39 37 85 16 67
67 47 16 15 92 26 60 50 61 74 38 24 84 28 81 54 49 43 66 12 61 87 59 22 22 14 80 54 46 74 43 97 30 97 62 52 89 21 98 87 82 45 61 21 92 82 57 45 73 74 59 92 50 16 17 63 25 54 97 11 68 99 34 38 96 35 31 96 73 38 12 73 51 20 51 83 32 49 38 37 31 25 41 0 53 17 58 75 17 45 45 45 15 32 81 37 34 62 52 88 78 15 78 42 15 49 47 10 75 50 48 64 17 83 42 19 54 35 21 29 62 57 24 13 95 51 68 40 95 25 46 15 22 75 34 45 25 80 96 89
15 73 73 47 74 70 90 71 55 91 58 28 99 32 76 61 89 86 18 56 65 76 16 14 41 71 36 56 83 37 76 54 15 25 29 87 95 53 49 57 44 53 22 25 24 65 58 44 42 25 92 28 41 26 95 94 80 23 23 56 61 93 46 17 32 44 68 50 42 47 53 76 50 68 52 30 85 99 69 98 86 14 37 53 0 72 89 75 23 72 41 59 23 17 51 77 93 47 61 47 62 68 64 45 92 76 59 58 29 85 44 86 17 17 33 89 50 75 28 36 66 27 71 56 56 67 38 82 97 10 50 73 23 69 66 20 74 58 48 56
60 60 73 91 78 42 40 98 19 35 22 22 42 81 83 82 29 66 15 29 18 67 50 58 80 72 93 83 53 29 48 81 44 94 40 33 79 34 30 51 20 99 64 32 78 94 58 30 99 71 56 91 51 82 59 24 91 45 49 34 65 65 61 86 19 88 79 32 28 28 99 54 15 23 53 14 81 96 90 27 53 86 66 17 72 0 34 16 72 26 14 80 39 68 57 85 20 84 48 46 97 94 41 83 60 65 24 49 88 45 26 39 99 92 14 81 51 60 75 64 48 26 20 90 85 26 89 54 18 92 85 43 25 12 51 83 50 50 36 95
69 37 57 67 53 66 28 57 63 96 57 12 76 75 92 51 51 77 13 17 90 36 27 73 69 94 99 68 62 65 87 41 83 91 49 12 34 67 54 96 77 24 54 15 17 34 60 20 32 38 39 95 95 37 48 70 56 31 83 30 49 68 95 80 12 25 66 47 50 88 33 98 73 40 70 70 87 74 56 16 39 24 25 58 89 34 0 73 13 58 60 29 93 69 54 89 77 55 79 94 33 69 32 36 19 30 31 42 29 68 77 81 11 91 94 54 33 30 33 41 81 79 90 74 99 73 29 17 29 45 95 25 96 42 36 17 68 50 45 17
85 39 86 39 71 72 80 10 81 15 95 99 96 35 49 15 55 93 10 58 18 46 18 76 65 31 71 83 78 19 69 91 69 28 50 78 86 70 51 91 47 16 77 73 47 32 64 37 98 10 10 32 37 47 99 63 92 28 80 26 76 88 74 71 93 40 71 77 56 54 58 23 13 82 61 43 43 17 95 29 55 10 33 75 75 16 73 0 15 84 73 97 32 61 46 48 76 84 23 54 30 68 78 12 17 73 42 18 58 13 99 69 19 79 27 61 58 55 38 77 96 88 13 84 51 63 74 84 22 45 83 20 80 40 63 14 90 30 46 84
86 80 20 66 89 73 22 60 77 99 86 88 61 78 42 34 66 43 27 51 42 29 14 38 18 70 59 54 65 59 86 70 65 90 11 44 46 90 10 55 39 86 46 29 54 82 59 58 14 66 27 87 47 76 79 44 80 48 42 56 64 98 26 74 12 80 75 35 31 92 69 17 39 74 76 27 88 32 58 85 62 62 54 17 23 72 13 15 0 55 40 91 70 66 95 92 11 33 44 74 81 12 60 28 48 12 98 83 88 67 93 81 38 53 61 11 96 14 56 69 95 68 59 65 25 24 51 47 90 94 33 64 57 68 38 63 22 77 63 42
23 27 62 82 27 73 65 84 85 66 92 86 25 95 39 49 12 49 81 86 34 12 48 58 87 40 98 83 56 44 68 55 69 90 90 61 67 42 21 72 88 36 17 46 19 98 81 53 42 47 25 15 23 89 13 99 92 69 29 33 92 75 55 25 52 18 37 59 37 65 67 43 20 84 66 41 75 84 18 94 70 83 89 45 72 26 58 84 55 0 74 79 95 91 85 47 87 50 11 74 12 54 74 75 61 51 16 11 85 17 99 62 82 29 73 21 93 61 29 91 97 19 14 49 49 54 84 67 54 35 10 65 64 49 34 56 63 37 99 76
61 23 41 88 48 96 22 89 80 75 82 39 59 57 82 33 96 42 86 14 60 32 39 67 31 45 60 93 96 62 27 74 16 34 44 64 63 34 58 42 10 55 79 50 87 78 25 87 32 89 11 25 72 21 30 64 18 42 29 60 61 27 95 57 52 20 64 15 41 28 22 75 18 51 73 34 32 61 22 25 67 69 20 45 41 14 60 73 40 74 0 69 48 77 18 51 35 53 83 51 69 99 40 68 75 25 17 24 26 80 33 18 90 53 70 38 28 33 95 16 44 90 57 97 26 97 26 40 60 29 72 48 26 32 62 64 59 82 63 46
27 54 49 54 71 58 97 69 36 70 63 48 29 90 48 99 46 16 56 89 64 45 83 68 71 91 76 24 97 83 95 50 66 32 22 42 89 39 65 34 80 46 22 94 25 52 43 47 43 73 15 27 86 84 10 11 83 49 70 30 53 82 57 75 41 52 75 90 52 61 64 69 51 87 64 67 96 98 17 32 83 44 63 45 59 80 29 97 91 79 69 0 78 31 55 16 43 68 18 67 75 60 24 30 25 18 88 31 80 20 49 16 43 21 62 89 53 68 59 59 70 96 28 73 86 92 24 87 45 43 95 77 26 58 63 37 56 58 30 27
71 18 49 36 64 46 81 22 64 74 66 30 58 23 68 99 42 33 73 81 16 41 28 87 13 59 80 42 29 64 19 24 65 84 82 26 78 87 66 12 40 85 77 79 82 18 60 52 52 62 64 26 85 55 56 27 48 19 50 23 84 66 47 56 33 61 52 71 77 19 96 84 19 89 49 74 22 54 60 10 21 15 93 15 23 39 93 32 70 95 48 78 0 50 41 87 29 65 62 31 55 17 32 45 76 76 46 35 70 85 94 12 66 87 42 98 21 48 63 90 79 11 84 41 41 79 33 75 65 63 80 10 99 51 93 28 24 26 88 75
29 88 27 13 67 18 89 27 47 79 84 81 51 58 77 49 71 11 31 90 22 80 97 40 95 73 61 18 44 39 48 34 85 52 83 25 54 95 60 68 25 35 37 45 80 74 20 74 85 64 52 60 90 75 71 82 98 86 12 66 86 23 99 13 94 80 38 18 52 83 50 55 79 63 54 69 10 29 78 56 66 14 66 32 17 68 69 61 66 91 77 31 50 0 62 73 65 19 72 22 68 78 58 52 20 16 53 53 13 44 12 12 38 89 97 68 21 90 37 75 65 29 48 54 76 42 86 80 27 82 53 56 79 51 86 12 79 42 60 25
96 21 81 94 83 45 19 90 17 65 85 48 29 23 25 90 82 87 19 73 53 43 51 28 36 54 33 44 90 32 32 21 51 11 75 18 99 95 84 70 86 81 91 27 25 53 22 43 66 49 75 26 70 33 46 13 27 50 97 25 52 16 27 28 11 35 44 11 82 56 74 56 48 60 43 74 46 57 60 16 53 95 93 81 51 57 54 46 95 85 18 55 41 62 0 47 60 74 76 82 99 15 30 98 38 34 95 99 96 37 98 57 71 15 52 86 96 95 66 63 74 99 51 69 39 72 71 88 52 69 51 33 74 66 66 17 25 23 49 15
31 58 93 36 23 77 37 82 99 21 62 86 17 59 97 88 87 63 42 30 86 24 35 84 51 65 47 16 23 96 89 45 24 89 85 20 49 10 18 46 25 38 16 48 83 33 73 83 55 83 60 86 76 21 63 21 39 81 80 43 70 45 26 67 55 56 14 27 11 29 24 20 12 65 48 60 73 76 28 21 92 22 90 37 77 85 89 48 92 47 51 16 87 73 47 0 40 27 67 19 90 14 47 92 35 89 27 15 56 42 29 75 12 65 26 62 75 23 16 43 34 33 40 84 87 87 88 29 22 57 85 65 31 38 84 36 61 81 91 12
41 71 25 62 36 47 77 57 68 11 19 43 28 21 74 40 82 98 97 69 46 21 20 98 82 64 48 12 14 24 94 81 54 64 83 25 87 65 52 74 84 26 28 44 27 65 40 31 66 71 87 56 66 31 97 60 64 87 85 46 33 37 48 61 94 79 99 62 56 95 53 48 14 31 57 19 43 12 16 64 75 83 72 34 93 20 77 76 11 87 35 43 29 65 60 40 0 16 57 92 10 99 44 48 21 21 71 44 83 47 11 52 29 42 47 13 20 11 17 63 67 19 54 62 55 25 65 55 34 65 95 72 41 98 12 48 19 42 12 11
29 39 53 37 10 77 74 82 69 50 49 89 77 27 17 58 46 43 32 63 60 97 64 90 37 38 73 61 55 29 10 25 84 45 17 79 96 71 23 31 48 81 38 58 79 63 57 11 26 84 87 74 43 72 99 77 46 88 18 76 52 45 47 63 95 93 70 89 64 95 49 61 58 52 14 50 22 89 85 10 12 35 83 62 47 84 55 84 33 50 53 68 65 19 74 27 16 0 34 60 17 53 36 69 46 62 41 41 31 95 26 58 63 70 66 78 68 13 63 46 97 35 55 16 90 81 14 21 49 79 84 66 47 41 90 18 51 82 44 92
87 51 94 20 11 77 13 40 83 52 19 38 25 87 97 56 91 19 47 16 79 58 46 35 35 57 51 95 61 73 16 66 62 73 58 43 58 39 98 84 74 67 97 64 97 84 70 31 59 77 81 99 54 35 89 83 77 90 98 48 83 24 62 67 82 11 41 99 72 43 87 90 93 51 78 78 18 57 49 51 79 50 96 52 61 48 79 23 44 11 83 18 62 72 76 67 57 34 0 42 55 41 77 94 50 65 85 54 99 97 70 72 91 83 61 10 84 69 84 64 36 40 83 45 66 72 50 34 77 17 79 16 31 22 68 53 42 92 22 38
94 23 13 79 50 39 54 82 29 66 17 56 37 86 23 60 52 19 98 63 34 32 65 35 98 78 98 42 33 74 69 33 36 40 31 11 83 89 68 36 54 79 41 91 16 49 31 63 17 58 59 63 12 50 40 57 72 12 59 15 92 21 14 74 88 79 30 58 67 66 67 72 12 12 50 28 55 25 22 50 17 41 77 88 47 46 94 54 74 74 51 67 31 22 82 19 92 60 42 0 17 55 10 25 90 34 88 99 19 35 66 98 42 10 15 49 28 38 93 29 74 65 23 20 20 49 71 83 97 65 72 38 86 87 12 41 87 93 45 70
55 57 24 89 45 48 57 53 56 77 78 79 33 55 16 34 65 94 68 99 25 37 66 13 22 78 70 97 28 62 17 81 10 71 21 43 24 45 58 91 64 21 82 27 16 12 63 97 66 44 40 31 62 37 79 78 78 48 46 85 71 69 54 72 51 49 79 21 51 45 53 72 50 72 70 96 92 82 16 69 59 91 84 78 62 97 33 30 81 12 69 75 55 68 99 90 10 17 55 17 0 92 20 37 72 81 87 12 28 83 10 73 73 96 42 83 93 33 36 22 77 71 27 98 94 14 18 15 95 30 98 97 76 46 12 17 96 74 67 59
76 18 44 74 20 92 36 22 90 97 97 99 66 41 91 75 38 99 81 67 73 85 86 72 61 50 87 83 96 28 12 18 80 39 12 26 17 67 63 66 30 38 65 50 99 24 26 13 11 62 80 68 96 10 17 75 16 48 79 33 82 96 10 74 51 82 50 91 34 71 33 21 27 95 69 39 81 11 80 95 18 95 82 15 68 94 69 68 12 54 99 60 17 78 15 14 99 53 41 55 92 0 54 36 34 89 87 34 73 51 75 71 51 51 78 89 11 44 33 35 27 26 12 30 35 60 69 81 11 74 96 68 79 27 35 67 59 51 78 75
90 77 94 24 69 47 40 97 24 23 88 95 19 11 19 78 89 63 39 30 50 31 90 95 57 38 24 54 86 34 28 80 51 29 40 57 98 94 88 56 63 14 90 35 77 42 95 66 57 84 84 72 17 54 82 27 28 45 59 85 23 42 72 77 42 66 26 39 88 59 51 35 64 40 21 16 24 25 37 61 57 49 81 78 64 41 32 78 60 74 40 24 32 58 30 47 44 36 77 10 20 54 0 48 81 51 77 35 69 36 34 69 28 28 37 97 35 47 61 53 85 25 53 69 83 12 15 78 48 41 79 61 72 27 84 74 48 55 13 87
51 40 33 78 89 85 40 30 64 35 58 47 48 63 54 95 20 41 75 51 52 59 37 32 39 18 34 58 51 84 50 64 17 39 17 71 98 40 25 59 48 31 39 58 66 40 95 46 50 25 57 27 83 43 62 35 59 53 13 18 41 17 39 93 94 82 60 25 94 96 67 54 90 15 39 60 69 77 91 30 10 39 71 42 45 83 36 12 28 75 68 30 45 52 98 92 48 69 94 25 37 36 48 0 78 80 43 47 76 12 86 12 38 31 19 24 99 78 85 90 27 41 76 61 63 35 57 18 47 69 99 13 95 35 78 48 69 89 37 31
91 36 34 23 12 18 67 83 72 82 13 21 56 18 26 85 66 58 37 27 65 58 32 58 74 63 51 35 56 30 68 51 97 16 55 30 75 45 49 93 88 71 85 55 19 14 39 50 14 59 26 66 14 21 39 97 22 65 13 12 14 39 19 21 29 43 84 60 80 54 14 39 92 92 32 16 26 55 60 32 53 91 94 15 92 60 19 17 48 61 75 25 76 20 38 35 21 46 50 90 72 34 81 78 0 83 78 57 65 13 60 68 39 59 67 25 68 36 12 32 79 60 61 36 32 58 72 13 68 46 71 45 11 64 26 91 81 10 69 65
91 63 10 88 87 73 46 42 59 61 93 26 94 33 61 52 69 13 89 31 91 57 49 93 39 23 23 49 70 38 39 90 83 38 88 40 40 44 90 69 94 81 31 77 78 17 97 88 34 52 30 56 52 58 24 82 97 45 50 17 92 15 74 56 80 95 98 27 35 94 99 22 19 19 73 53 23 92 91 14 67 32 42 49 76 65 30 73 12 51 25 18 76 16 34 89 21 62 65 34 81 89 51 80 83 0 47 29 15 88 34 58 16 86 81 88 63 58 14 59 80 87 81 71 80 10 77 63 54 32 65 43 50 28 34 41 53 83 77 31
39 49 66 49 80 36 64 19 30 84 73 99 81 29 20 98 98 11 32 47 78 60 72 85 44 11 74 63 58 51 91 99 27 48 53 81 11 64 72 35 48 13 56 66 76 34 31 63 29 98 43 18 99 41 33 35 15 70 99 52 79 32 51 46 48 31 54 56 15 91 70 38 77 96 90 90 63 52 25 84 35 81 90 47 59 24 31 42 98 16 17 88 46 53 95 27 71 41 85 88 87 87 77 43 78 47 0 39 86 23 50 42 51 44 79 46 54 73 23 73 64 82 43 59 11 29 90 95 13 40 74 54 46 35 83 74 69 64 52 77
58 20 89 36 20 54 39 97 88 79 14 79 30 50 16 87 47 84 30 64 55 43 26 76 58 83 43 96 58 60 54 76 53 16 44 24 41 96 54 54 71 74 80 47 47 24 61 44 69 51 45 94 98 80 64 15 71 15 19 58 97 87 36 49 96 45 65 57 91 26 66 70 55 75 44 54 40 37 58 21 98 31 56 10 58 49 42 18 83 11 24 31 35 53 99 15 44 41 54 99 12 34 35 47 57 29 39 0 75 40 84 41 37 20 73 32 82 33 79 39 69 78 32 91 25 84 58 39 56 66 64 17 72 50 62 19 19 87 29 51
70 57 28 52 76 28 61 97 78 46 79 34 65 42 96 23 19 85 28 42 82 65 78 38 12 66 60 84 27 21 72 62 73 66 26 15 73 22 17 76 59 65 40 58 68 89 86 54 61 97 78 63 71 66 59 82 49 10 88 43 85 77 15 12 44 75 92 89 31 77 34 70 17 55 80 34 94 47 28 61 84 50 36 75 29 88 29 58 88 85 26 80 70 13 96 56 83 31 99 19 28 73 69 76 65 15 86 75 0 57 57 66 57 61 46 99 24 12 20 10 48 64 95 22 87 53 21 95 72 44 57 18 85 54 53 28 19 48 61 34
83 74 19 23 26 69 25 36 72 13 62 53 14 41 94 73 63 58 64 61 34 33 12 86 97 68 32 62 54 96 15 82 15 85 13 12 26 55 11 94 99 57 21 19 60 89 81 98 12 31 25 78 95 45 71 77 81 99 66 36 91 19 58 16 46 67 23 31 23 83 62 42 53 14 76 59 34 53 97 11 84 65 32 50 85 45 68 13 67 17 80 20 85 44 37 42 47 95 97 35 83 51 36 12 13 88 23 40 57 0 46 68 51 70 41 20 62 12 81 28 68 49 10 97 28 63 10 17 93 92 78 17 61 87 85 26 57 22 72 36
10 12 97 14 96 96 62 90 86 64 50 48 86 55 75 90 15 24 16 48 77 28 25 80 31 71 83 46 72 66 24 30 83 65 10 82 27 30 86 52 98 76 58 47 62 24 41 53 71 57 35 85 12 41 93 25 14 81 87 12 83 63 45 62 53 33 64 60 78 62 95 38 51 73 80 55 14 34 70 22 79 12 79 48 44 26 77 99 93 99 33 49 94 12 98 29 11 26 70 66 10 75 34 86 60 34 50 84 57 46 0 78 31 80 87 29 76 85 80 73 28 75 49 76 56 17 53 52 10 28 89 87 97 27 11 96 31 62 30 27
82 42 37 88 19 43 70 37 67 64 18 66 47 70 50 55 53 77 86 72 56 93 60 94 84 26 59 54 56 40 15 84 51 49 94 12 72 19 53 47 65 49 60 69 66 76 43 84 10 71 75 60 32 50 41 25 71 28 76 78 95 86 71 28 13 88 59 66 40 49 15 15 88 81 57 48 74 71 24 96 73 15 67 64 86 39 81 69 81 62 18 16 12 12 57 75 52 58 72 98 73 71 69 12 68 58 42 41 66 68 78 0 67 87 56 14 97 53 29 66 22 15 86 33 12 76 81 62 59 46 90 35 90 96 57 50 31 78 82 56
87 26 25 65 18 88 17 82 67 93 77 67 90 91 95 47 68 47 36 35 65 41 76 30 96 71 34 31 20 31 52 85 47 51 51 89 43 12 34 79 38 28 77 42 83 46 17 57 54 63 21 83 31 76 77 67 27 69 30 42 79 94 61 37 25 77 73 20 36 31 24 76 11 72 99 58 34 83 74 50 56 55 30 17 17 99 11 19 38 82 90 43 66 38 71 12 29 63 91 42 73 51 28 38 39 16 51 37 57 51 31 67 0 59 40 75 22 75 61 89 63 75 95 92 96 49 58 54 30 96 82 94 92 93 76 30 53 57 14 38
71 46 58 51 79 43 98 13 70 27 47 70 22 83 69 82 46 61 72 12 90 25 19 78 37 33 33 20 21 56 10 34 25 36 21 40 38 20 80 23 24 67 53 76 92 52 23 88 12 26 60 67 32 66 34 65 69 36 58 91 55 44 14 56 65 75 55 76 63 13 78 55 73 84 93 16 36 94 32 43 12 42 82 83 17 92 91 79 53 29 53 21 87 89 15 65 42 70 83 10 96 51 28 31 59 86 44 20 61 70 80 87 59 0 64 38 82 77 22 83 24 26 43 33 45 92 10 26 93 76 36 98 85 88 20 41 11 11 86 15
57 18 22 34 40 30 81 23 12 52 82 47 71 84 62 27 72 17 94 29 50 69 86 45 25 86 26 91 49 86 90 44 96 49 42 12 25 48 53 80 93 12 34 98 86 40 47 89 53 63 19 79 50 65 91 46 40 45 54 26 42 79 99 35 33 40 90 90 86 37 61 59 14 79 14 78 58 29 99 30 36 25 58 42 33 14 94 27 61 73 70 62 42 97 52 26 47 66 61 15 42 78 37 19 67 81 79 73 46 41 87 56 40 64 0 89 40 25 64 64 24 43 38 84 17 99 40 54 74 14 51 20 89 25 96 64 53 18 38 63
32 10 21 27 35 70 74 93 95 63 55 61 79 48 36 85 40 40 91 20 77 99 39 72 73 65 15 53 42 14 12 39 29 96 74 49 76 88 81 64 79 92 51 97 91 78 17 52 17 47 59 98 12 41 81 64 70 12 37 87 62 23 93 16 36 24 65 47 37 18 71 46 72 46 16 27 24 95 62 28 38 62 56 19 89 81 54 61 11 21 38 89 98 68 86 62 13 78 10 49 83 89 97 24 25 88 46 32 99 20 29 14 75 38 89 0 68 76 70 64 63 49 27 63 32 24 20 35 19 81 76 91 70 84 35 34 78 70 97 73
86 13 50 76 53 95 35 26 66 56 50 87 44 77 79 72 68 64 16 63 38 98 35 38 37 43 92 70 50 51 93 26 26 82 50 68 16 97 42 25 68 78 24 31 63 86 38 90 88 64 85 57 23 68 83 15 58 83 37 14 20 39 34 88 58 93 32 45 30 94 39 18 64 82 97 22 72 18 17 20 42 30 46 54 50 51 33 58 96 93 28 53 21 21 96 75 20 68 84 28 93 11 35 99 68 63 54 82 24 62 76 97 22 82 40 68 0 40 26 52 56 99 21 84 72 37 94 13 89 26 80 46 94 18 97 81 23 26 31 48
44 59 83 68 68 48 61 16 45 24 17 32 61 65 85 53 14 34 19 91 42 64 68 51 34 71 81 50 24 70 39 86 30 19 84 81 42 87 30 54 28 88 34 34 64 56 41 38 59 60 93 66 79 65 75 71 35 85 42 57 52 73 40 68 71 97 80 63 79 99 65 93 32 86 32 97 73 48 26 26 54 88 24 35 75 60 30 55 14 61 33 68 48 90 95 23 11 13 69 38 33 44 47 78 36 58 73 33 12 12 85 53 75 77 25 76 40 0 66 64 35 65 52 85 11 60 31 30 86 35 55 69 95 40 83 93 58 73 49 45
84 37 93 80 59 46 13 61 49 59 30 33 12 15 28 56 46 38 45 84 28 88 94 20 15 40 15 34 50 19 56 93 55 29 49 69 17 68 99 55 39 22 96 36 10 46 22 53 71 21 46 55 20 37 83 99 58 49 55 12 54 93 60 90 24 13 60 37 97 28 38 54 51 48 14 71 14 94 87 33 37 77 87 21 28 75 33 38 56 29 95 59 63 37 66 16 17 63 84 93 36 33 61 85 12 14 23 79 20 81 80 29 61 22 64 70 26 66 0 15 44 89 70 55 45 77 29 37 84 44 76 69 55 35 71 90 65 58 39 14
79 34 85 27 36 82 10 40 38 51 70 41 70 41 24 65 56 57 95 16 47 16 46 37 98 67 90 11 31 56 40 61 75 29 36 17 31 32 18 14 21 68 15 40 54 72 78 15 36 86 93 59 40 94 65 10 18 42 57 32 77 67 32 97 13 52 93 28 96 80 59 47 70 56 10 12 72 11 89 35 64 48 54 29 36 64 41 77 69 91 16 59 90 75 63 43 63 46 64 29 22 35 53 90 32 59 73 39 10 28 73 66 89 83 64 64 52 64 15 0 89 68 15 65 62 28 62 14 89 35 94 42 21 36 14 31 45 46 77 81
72 53 41 49 73 23 32 51 49 37 37 46 74 13 73 95 24 13 31 12 59 32 34 92 80 38 96 70 31 35 90 19 70 82 47 40 83 11 35 34 93 41 31 91 85 67 84 92 45 94 93 52 46 42 34 96 88 75 86 85 92 83 93 30 62 91 41 93 77 40 52 34 63 39 21 18 72 92 50 19 27 32 34 62 66 48 81 96 95 97 44 70 79 65 74 34 67 97 36 74 77 27 85 27 79 80 64 69 48 68 28 22 63 24 24 63 56 35 44 89 0 18 46 63 58 23 37 18 68 59 82 86 47 13 18 88 80 34 93 35
80 24 31 78 88 23 17 81 50 82 11 40 67 55 14 13 22 57 94 99 97 66 23 37 52 31 79 20 41 50 58 40 36 44 52 10 45 53 99 10 76 31 42 86 40 77 54 36 94 91 19 41 38 72 36 29 81 15 91 18 38 32 81 73 80 13 55 71 86 19 47 52 54 45 55 84 83 67 59 75 46 62 94 57 27 26 79 88 68 19 90 96 11 29 99 33 19 35 40 65 71 26 25 41 60 87 82 78 64 49 75 15 75 26 43 49 99 65 89 68 18 0 30 71 14 85 63 29 87 47 57 84 69 16 80 99 52 55 63 74
43 94 59 59 12 35 68 76 74 37 56 62 96 73 93 90 97 10 69 92 15 73 15 38 42 52 81 58 32 20 97 49 51 19 41 43 27 69 59 45 31 10 13 48 64 53 46 56 19 90 61 38 93 12 88 31 79 83 97 79 69 21 55 51 81 36 29 53 84 51 41 99 49 56 43 31 28 96 23 98 95 78 63 24 71 20 90 13 59 14 57 28 84 48 51 40 54 55 83 23 27 12 53 76 61 81 43 32 95 10 49 86 95 43 38 27 21 52 70 15 46 30 0 51 18 83 59 51 86 84 66 80 31 24 58 97 80 64 51 31
94 88 28 82 30 46 24 50 45 30 62 88 91 36 71 14 81 11 73 13 85 35 56 17 80 22 93 86 17 67 39 31 15 20 47 23 34 72 38 21 96 99 17 69 10 61 82 14 21 53 26 73 83 19 46 90 39 52 14 92 82 13 88 86 90 66 19 97 41 51 69 67 92 96 43 24 99 52 89 32 31 94 26 13 56 90 74 84 65 49 97 73 41 54 69 84 62 16 45 20 98 30 69 61 36 71 59 91 22 97 76 33 92 33 84 63 84 85 55 65 63 71 51 0 89 77 72 28 90 15 47 87 41 94 31 74 23 15 66 76
13 53 93 14 78 14 76 78 32 25 84 24 38 92 55 88 73 91 94 38 15 51 20 42 68 54 45 53 74 74 65 79 86 80 40 29 95 90 91 80 68 84 78 12 69 20 42 83 75 37 29 90 27 63 76 97 94 54 89 76 92 67 24 17 21 82 43 36 67 26 51 70 32 20 76 63 81 17 39 34 75 82 50 95 56 85 99 51 25 49 26 86 41 76 39 87 55 90 66 20 94 35 83 63 32 80 11 25 87 28 56 12 96 45 17 32 72 11 45 62 58 14 18 89 0 80 90 12 12 63 52 15 80 69 95 78 91 44 17 64
10 71 40 32 85 20 62 13 96 31 43 99 15 96 83 17 50 93 21 94 20 75 64 70 62 14 70 86 16 22 10 14 63 78 91 59 50 81 10 96 27 41 53 54 24 67 52 39 75 70 21 14 61 79 54 69 39 44 68 23 85 27 19 20 90 39 41 55 27 39 21 94 57 61 95 90 83 45 63 35 53 38 67 51 67 26 73 63 24 54 97 92 79 42 72 87 25 81 72 49 14 60 12 35 58 10 29 84 53 63 17 76 49 92 99 24 37 60 77 28 23 85 83 77 80 0 56 98 31 14 69 25 84 76 74 88 43 50 73 22
65 61 94 50 26 39 89 59 78 79 98 16 93 79 39 58 27 12 62 18 22 39 30 92 23 65 99 15 62 13 40 69 44 29 16 89 86 98 69 28 34 41 13 87 25 61 47 81 96 68 76 97 14 54 68 52 64 76 54 18 90 51 96 76 70 31 17 36 17 41 70 74 10 44 51 20 11 39 35 15 85 50 41 68 38 89 29 74 51 84 26 24 33 86 71 88 65 14 50 71 18 69 15 57 72 77 90 58 21 10 53 81 58 10 40 20 94 31 29 62 37 63 59 72 90 56 0 48 94 45 35 94 25 71 26 90 76 92 34 29
95 56 93 16 89 21 29 25 95 47 10 84 26 16 51 15 91 18 71 23 65 51 24 85 97 70 69 89 54 13 52 11 95 13 86 15 43 59 80 99 52 16 22 49 80 79 23 41 45 54 90 28 66 80 10 41 40 74 70 32 92 50 11 75 29 62 85 59 78 83 84 55 73 99 76 82 92 77 47 82 39 22 63 40 82 54 17 84 47 67 40 87 75 80 88 29 55 21 34 83 15 81 78 18 13 63 95 39 95 17 52 62 54 26 54 35 13 30 37 14 18 29 51 28 12 98 48 0 98 17 64 68 12 77 34 10 33 33 42 76
70 71 81 32 10 32 95 44 21 24 95 19 71 20 28 11 60 40 79 71 17 64 48 98 62 31 54 32 54 21 34 87 65 55 34 93 65 53 22 88 62 20 37 27 44 66 99 66 59 26 27 44 91 54 17 16 35 36 19 98 18 45 56 33 86 73 38 30 62 95 35 17 95 38 52 12 71 82 64 61 15 19 73 95 97 18 29 22 90 54 60 45 65 27 52 22 34 49 77 97 95 11 48 47 68 54 13 56 72 93 10 59 30 93 74 19 89 86 84 89 68 87 86 90 12 31 94 98 0 27 72 23 38 31 41 39 50 57 16 91
24 24 64 53 21 15 53 19 39 75 81 51 72 72 80 67 88 78 45 40 28 49 15 89 77 73 84 78 26 56 22 48 72 32 87 52 96 88 59 14 77 86 14 33 56 37 40 83 79 57 78 93 98 29 10 85 48 15 65 32 41 53 52 96 62 92 35 45 11 31 63 27 32 26 48 22 17 43 20 29 51 72 84 25 10 92 45 45 94 35 29 43 63 82 69 57 65 79 17 65 30 74 41 69 46 32 40 66 44 92 28 46 96 76 14 81 26 35 44 35 59 47 84 15 63 14 45 17 27 0 29 24 61 43 23 48 89 83 79 43
24 50 34 16 55 26 74 94 53 83 83 94 78 25 16 15 44 10 71 64 98 64 73 14 66 59 55 94 82 15 51 57 97 80 53 65 31 58 99 17 92 47 87 62 26 56 70 45 35 33 35 24 45 76 25 82 27 57 77 33 42 86 53 46 27 35 13 72 27 59 58 28 87 36 68 81 18 57 61 30 94 56 81 46 50 85 95 83 33 10 72 95 80 53 51 85 95 84 79 72 98 96 79 99 71 65 74 64 57 78 89 90 82 36 51 76 80 55 76 94 82 57 66 47 52 69 35 64 72 29 0 38 60 29 32 13 63 92 68 65
15 42 74 58 53 91 80 33 57 23 41 41 63 12 59 93 13 22 60 93 42 95 47 57 56 90 24 43 80 25 96 47 92 82 37 78 50 81 17 83 22 37 17 25 55 44 72 30 81 25 52 81 83 20 21 53 17 79 75 54 83 62 13 55 94 58 56 96 30 88 73 11 64 39 65 57 56 82 77 43 39 80 52 15 73 43 25 20 64 65 48 77 10 56 33 65 72 66 16 38 97 68 61 13 45 43 54 17 18 17 87 35 94 98 20 91 46 69 69 42 86 84 80 87 15 25 94 68 23 24 38 0 69 61 46 42 56 38 36 24
69 38 96 90 60 27 70 34 73 90 84 62 89 63 90 16 62 80 75 47 31 35 72 31 44 11 78 94 36 61 55 17 12 90 76 50 62 67 64 56 86 38 14 43 45 42 78 60 46 54 63 95 14 99 22 25 44 46 52 49 53 58 15 10 84 83 34 57 53 69 96 51 28 54 81 54 14 76 48 41 94 54 53 22 23 25 96 80 57 64 26 26 99 79 74 31 41 47 31 86 76 79 72 95 11 50 46 72 85 61 97 90 92 85 89 70 94 95 55 21 47 69 31 41 80 84 25 12 38 61 60 69 0 43 43 81 65 69 82 14
75 18 12 73 28 78 77 50 84 74 68 67 22 32 78 86 12 81 14 87 45 20 34 71 93 67 33 80 61 65 20 59 30 19 81 90 75 64 30 35 61 82 41 88 56 14 45 38 96 91 94 64 18 38 18 61 25 24 76 47 18 89 51 15 61 88 69 75 43 67 73 63 16 62 37 56 91 37 79 81 71 30 40 75 69 12 42 40 68 49 32 58 51 51 66 38 98 41 22 87 46 27 27 35 64 28 35 50 54 87 27 96 93 88 25 84 18 40 35 36 13 16 24 94 69 76 71 77 31 43 29 61 43 0 77 62 55 74 41 79
98 63 20 41 23 74 22 65 53 71 71 36 88 68 90 88 78 78 39 77 26 84 35 41 94 30 48 33 50 62 66 76 88 53 14 55 25 13 57 32 21 51 64 34 41 46 39 37 40 99 93 86 99 56 33 71 78 67 46 44 52 64 10 95 41 43 73 99 95 76 26 43 79 28 65 82 58 32 48 92 53 16 98 34 66 51 36 63 38 34 62 63 93 86 66 84 12 90 68 12 12 35 84 78 26 34 83 62 53 85 11 57 76 20 96 35 97 83 71 14 18 80 58 31 95 74 26 34 41 23 32 46 43 77 0 40 76 89 58 20
29 81 97 80 64 95 95 56 34 35 50 81 38 17 96 18 76 79 96 73 35 62 10 52 11 42 57 96 64 26 74 36 65 27 23 27 95 72 86 73 18 51 40 43 81 92 81 45 91 70 38 25 23 97 67 87 46 71 39 28 40 25 62 37 41 75 73 18 30 19 15 50 91 24 70 75 91 38 78 93 99 20 39 45 20 83 17 14 63 56 64 37 28 12 17 36 48 18 53 41 17 67 74 48 91 41 74 19 28 26 96 50 30 41 64 34 81 93 90 31 88 99 97 74 78 88 90 10 39 48 13 42 81 62 40 0 42 11 56 88
17 75 48 75 33 25 63 42 74 16 33 50 32 95 46 45 59 78 26 75 66 92 18 69 73 17 78 68 95 55 70 45 45 96 23 12 78 42 38 88 25 26 19 62 44 83 19 27 26 98 57 28 44 28 33 10 99 83 74 38 25 65 29 91 76 27 26 31 27 91 77 75 96 94 69 64 17 52 14 50 88 52 37 25 74 50 68 90 22 63 59 56 24 79 25 61 19 51 42 87 96 59 48 69 81 53 69 19 19 57 31 31 53 11 53 78 23 58 65 45 80 52 80 23 91 43 76 33 50 89 63 56 65 55 76 42 0 95 69 79
35 60 32 98 47 47 11 25 36 67 96 50 74 70 10 71 13 79 90 38 18 46 78 87 60 73 48 32 34 54 82 38 87 74 82 46 11 50 16 82 56 69 77 60 16 94 91 65 70 13 39 83 58 93 68 99 73 53 41 59 63 68 40 79 57 96 36 64 33 13 51 61 46 96 56 51 58 33 89 31 13 88 85 80 58 50 50 30 77 37 82 58 26 42 23 81 42 82 92 93 74 51 55 89 10 83 64 87 48 22 62 78 57 11 18 70 26 73 58 46 34 55 64 15 44 50 92 33 57 83 92 38 69 74 89 11 95 0 56 49
91 85 40 54 14 31 95 21 79 97 93 47 77 64 51 91 25 90 27 97 45 60 82 23 40 87 15 69 41 13 94 26 42 20 57 95 72 23 40 37 17 22 59 66 69 11 85 49 20 36 10 45 35 43 86 82 38 35 51 98 28 16 71 67 43 58 59 15 57 29 42 12 72 23 64 25 93 43 62 69 39 46 16 96 48 36 45 46 63 99 63 30 88 60 49 91 12 44 22 45 67 78 13 37 69 77 52 29 61 72 30 82 14 86 38 97 31 49 39 77 93 63 51 66 17 73 34 42 16 79 68 36 82 41 58 56 69 56 0 43
37 73 91 20 20 80 58 98 78 72 67 18 74 57 66 72 90 70 40 79 71 50 16 87 14 61 97 62 57 29 38 13 30 48 72 99 46 25 46 87 90 38 27 78 27 89 90 22 39 92 90 74 40 48 58 73 91 93 64 21 28 97 53 27 28 85 31 21 88 28 69 75 23 59 65 48 47 25 45 16 83 49 67 89 56 95 17 84 42 76 46 27 75 25 15 12 11 92 38 70 59 75 87 31 65 31 77 51 34 36 27 56 38 15 63 73 48 45 14 81 35 74 31 76 64 22 29 76 91 43 65 24 14 79 20 88 79 49 43 0