145
0 50 48 85 88 80 84 74 85 33 46 33 51 41 58 93 78 86 30 57 24 48 86 10 13 90 14 50 60 34 71 61 98 36 34 33 77 13 43 65 78 30 90 76 49 27 67 48 32 53 32 85 67 99 52 45 53 25 26 81 28 19 61 40 10 85 73 54 49 92 48 94 79 80 77 43 47 49 29 35 45 48 12 99 34 88 21 45 73 80 64 81 10 99 98 69 26 51 39 95 68 63 60 15 46 20 57 33 86 18 10 22 87 53 18 95 12 50 75 44 97 80 76 69 67 78 93 53 83 72 60 22 77 69 41 52 95 59 89 91 64 54 41 21 78
50 0 45 99 22 51 76 61 40 13 31 69 47 60 71 68 58 61 81 84 16 23 74 89 90 36 11 88 38 72 46 18 23 70 95 71 22 12 97 65 83 98 61 69 31 44 95 17 13 71 84 66 35 65 54 14 77 51 29 57 36 32 66 68 20 16 47 27 54 59 66 13 18 22 94 24 56 43 79 66 36 61 17 71 90 18 59 68 72 47 35 81 48 61 94 65 25 24 49 67 62 10 86 67 14 14 99 65 98 55 34 22 50 16 74 11 52 44 50 57 93 27 98 83 18 85 40 64 49 46 32 47 59 83 94 31 17 61 45 62 88 59 23 79 13
48 45 0 42 19 10 79 65 72 36 19 72 57 61 89 91 73 53 18 91 51 31 21 47 83 27 98 43 92 79 73 94 59 22 88 42 17 56 65 24 97 60 89 80 78 14 57 88 49 82 83 71 11 73 60 66 61 90 49 10 88 14 79 15 36 24 32 34 45 90 61 35 62 10 32 48 18 52 13 21 79 93 89 83 79 91 75 87 89 21 85 31 84 57 11 89 67 49 45 12 83 85 96 74 32 67 11 98 53 69 13 21 98 56 18 71 34 48 77 15 62 80 79 18 80 63 15 24 23 70 78 73 39 90 21 90 82 53 89 39 75 61 61 64 10
85 99 42 0 62 67 13 29 92 41 75 72 41 30 64 25 39 36 39 94 25 24 81 53 73 47 10 96 20 54 27 63 77 73 31 56 68 19 23 84 51 80 67 37 86 62 91 54 51 67 53 10 29 44 54 69 89 39 97 40 41 27 14 83 50 84 76 22 37 63 23 94 26 79 61 69 17 32 74 86 79 52 83 42 55 60 45 83 73 22 63 71 68 38 84 53 70 63 84 25 28 38 93 27 38 71 48 48 62 49 21 55 64 11 40 33 49 84 78 68 60 20 42 12 37 27 96 99 72 54 86 68 39 71 42 10 66 41 73 72 88 21 37 85 78
88 22 19 62 0 15 31 81 39 49 78 48 49 98 61 14 67 39 84 10 45 67 57 46 17 41 31 23 63 23 66 15 74 35 93 55 45 75 17 18 11 21 20 22 86 50 32 28 18 21 80 86 75 55 64 69 15 98 76 24 89 36 48 46 31 74 82 76 37 82 64 77 41 97 62 82 33 27 21 40 52 36 70 64 76 43 95 24 69 78 96 22 74 14 96 83 31 18 36 87 32 84 14 56 16 76 65 32 70 67 25 56 30 71 21 71 95 28 84 59 71 21 36 20 85 53 91 18 63 36 27 79 47 59 38 15 50 24 73 48 91 12 36 83 84
80 51 10 67 15 0 64 49 83 43 79 14 48 64 92 53 44 37 50 75 72 69 67 56 83 66 78 68 37 44 56 96 65 54 39 14 30 84 90 62 67 16 50 51 47 67 14 17 67 56 82 90 76 27 23 79 10 29 37 52 97 41 67 15 43 98 61 38 41 15 68 86 64 98 42 65 97 49 66 94 74 15 53 76 67 50 27 75 89 79 66 74 96 29 70 96 71 39 18 16 60 22 70 18 79 66 43 34 87 31 23 16 92 97 50 96 38 64 10 85 80 72 43 21 61 72 55 91 60 43 16 17 15 42 13 88 28 13 69 97 12 68 58 93 30
84 76 79 13 31 64 0 44 65 66 73 84 62 92 65 72 19 64 15 65 78 73 83 31 24 98 18 92 74 70 87 63 33 34 36 64 31 31 25 61 86 56 66 73 57 24 13 59 80 18 45 63 79 75 52 97 35 53 22 73 91 16 35 56 60 81 13 82 28 63 83 23 79 34 28 46 62 41 17 63 75 63 58 94 76 53 82 22 17 81 76 20 39 88 58 32 46 21 76 68 82 37 79 87 69 94 32 93 40 76 81 81 66 89 49 32 20 91 42 68 20 92 22 25 95 42 50 63 68 44 95 85 88 45 40 61 81 87 76 41 20 18 31 59 85
74 61 65 29 81 49 44 0 43 44 59 41 88 32 70 10 94 16 16 82 67 74 91 64 11 28 98 10 83 74 38 29 30 91 30 26 19 26 58 43 14 90 27 54 96 30 55 76 60 22 63 77 44 69 42 73 25 65 15 45 41 79 42 47 45 36 27 33 64 56 15 22 82 64 54 24 11 49 64 70 38 31 46 58 34 53 16 48 32 35 93 19 69 87 76 38 29 43 49 49 68 96 99 20 61 13 35 59 56 26 80 14 55 57 46 76 25 16 92 52 36 71 47 59 26 31 31 12 36 45 26 18 17 76 25 10 34 70 40 74 13 45 38 30 98
85 40 72 92 39 83 65 43 0 12 54 58 22 63 93 78 15 96 73 76 89 26 14 88 20 50 19 33 89 13 34 74 52 84 40 19 43 27 78 81 85 68 16 81 23 16 88 76 44 50 40 49 28 98 22 24 20 82 99 72 98 61 55 19 25 44 36 41 93 93 24 51 44 72 50 56 96 92 55 72 90 24 63 82 45 68 64 42 14 92 51 78 71 44 56 78 62 21 70 67 11 57 18 54 74 60 67 17 40 67 64 53 44 97 15 63 50 51 79 83 62 83 20 60 17 25 96 13 15 40 92 47 13 99 63 60 51 59 88 27 89 54 44 25 42
33 13 36 41 49 43 66 44 12 0 72 13 70 35 88 34 41 40 73 83 46 52 79 45 55 16 95 65 36 52 34 81 22 87 69 59 27 48 80 48 55 24 37 28 43 40 67 48 41 30 88 83 84 23 24 89 53 50 25 47 86 79 12 14 58 28 22 83 73 72 51 26 99 54 15 20 54 12 69 25 92 45 70 61 32 14 83 85 32 15 18 23 53 28 87 20 49 50 45 56 27 20 54 67 23 10 40 19 62 28 35 61 11 27 63 71 46 67 93 25 72 45 74 41 98 78 62 14 80 97 10 64 14 91 90 21 97 29 92 32 81 38 60 87 37
46 31 19 75 78 79 73 59 54 72 0 99 69 83 95 13 17 59 12 56 41 80 84 73 33 66 23 83 63 89 22 48 75 98 48 77 80 37 37 71 99 95 97 96 12 60 28 34 92 83 71 24 32 62 28 64 74 95 41 85 62 26 59 28 31 17 60 19 30 15 22 64 53 71 56 16 85 34 62 59 65 79 48 79 41 37 94 36 71 18 63 84 46 21 81 13 54 25 87 98 68 87 69 88 27 53 36 67 25 50 47 48 21 64 16 43 28 58 52 31 34 82 51 67 44 36 39 30 66 71 66 97 57 29 20 90 51 76 38 77 44 28 22 41 48
33 69 72 72 48 14 84 41 58 13 99 0 64 35 86 85 55 12 83 75 76 95 41 42 96 91 66 91 56 37 22 94 16 21 45 58 15 40 18 47 67 85 43 70 16 24 55 39 40 22 79 91 12 38 77 89 45 92 99 10 40 25 67 55 47 89 50 49 26 31 23 38 91 90 55 31 50 38 42 88 23 29 70 85 25 88 15 95 58 84 90 82 80 39 18 26 50 81 74 21 76 79 28 83 51 91 87 68 22 15 17 59 40 80 68 44 49 16 86 24 59 45 83 93 42 26 48 63 24 55 84 52 11 65 53 69 59 55 53 78 97 13 51 75 32
51 47 57 41 49 48 62 88 22 70 69 64 0 80 21 37 91 12 76 15 86 98 94 39 75 96 88 98 25 48 10 10 69 16 42 46 27 38 80 26 76 56 49 56 89 30 56 92 65 13 20 77 10 94 91 37 18 98 93 19 20 50 50 44 73 83 81 37 48 81 32 85 98 74 72 85 40 71 83 87 19 93 62 43 47 41 69 19 76 25 76 20 44 26 65 13 20 33 64 60 85 96 48 38 99 91 45 51 46 36 37 14 57 78 70 66 40 93 48 32 51 45 55 16 57 31 77 49 80 96 78 50 99 52 45 62 58 43 45 21 90 74 33 86 57
41 60 61 30 98 64 92 32 63 35 83 35 80 0 25 43 25 38 93 31 12 23 68 23 17 89 40 47 36 69 86 75 44 47 96 32 12 38 59 69 25 27 89 41 53 59 49 10 57 34 26 99 79 69 86 92 90 54 43 86 44 28 28 80 77 25 36 78 73 78 59 16 87 99 77 24 10 77 17 91 35 17 52 97 12 32 12 66 85 30 11 82 78 12 79 40 29 96 63 34 12 25 51 64 15 23 39 29 16 75 55 45 26 28 59 59 44 99 33 72 38 97 91 83 25 56 76 20 89 18 69 51 32 88 97 37 76 92 69 72 13 43 99 28 10
58 71 89 64 61 92 65 70 93 88 95 86 21 25 0 99 92 34 64 34 44 48 38 90 87 85 20 77 82 68 59 32 19 53 13 49 64 24 54 26 27 62 78 84 24 64 15 30 61 67 74 50 59 24 11 47 65 11 49 97 15 94 53 58 97 96 43 53 52 64 80 61 37 24 59 27 32 63 55 52 33 76 30 86 38 55 47 17 96 33 66 62 66 46 88 11 97 86 54 46 80 94 15 41 96 64 31 14 30 46 29 87 25 49 16 62 19 13 78 80 45 51 46 65 50 20 65 61 10 48 53 39 89 73 10 18 92 60 54 89 88 62 66 58 71
93 68 91 25 14 53 72 10 78 34 13 85 37 43 99 0 86 84 14 18 67 55 40 15 10 28 21 56 15 25 72 89 97 88 47 76 21 53 67 53 77 40 86 79 94 12 13 38 97 76 20 93 69 33 61 44 68 44 52 87 80 25 11 55 48 80 57 69 24 96 75 19 71 15 98 11 72 88 18 35 58 93 91 35 76 31 24 24 68 21 17 72 93 64 79 37 76 43 95 43 51 23 70 82 70 97 19 45 91 61 30 71 54 88 43 70 20 98 17 63 63 45 11 65 14 91 37 39 40 19 24 55 39 76 64 90 91 11 77 22 98 36 28 53 74
78 58 73 39 67 44 19 94 15 41 17 55 91 25 92 86 0 65 46 39 71 23 33 62 87 96 37 21 69 80 28 11 81 84 63 87 39 44 37 76 31 39 50 29 96 52 87 65 31 20 33 34 42 87 44 59 11 66 61 90 29 86 96 27 87 23 61 92 90 47 98 96 64 50 50 64 86 19 50 84 25 80 28 73 13 54 11 41 28 84 28 78 60 79 55 28 59 83 18 11 96 11 94 22 23 38 21 45 63 53 58 57 74 20 75 34 84 13 13 81 56 74 30 20 67 52 93 36 99 33 92 42 83 32 13 18 71 98 26 11 30 98 10 45 36
86 61 53 36 39 37 64 16 96 40 59 12 12 38 34 84 65 0 62 33 12 29 63 20 42 73 61 86 77 53 85 70 65 53 40 21 39 50 42 71 35 86 37 74 77 53 99 27 30 77 43 68 41 16 66 95 20 32 23 62 76 67 88 17 96 35 41 10 11 41 48 89 27 25 16 42 59 16 87 54 17 74 31 99 34 19 67 12 28 38 89 25 67 52 86 36 36 95 79 35 63 20 20 72 34 93 46 60 17 70 56 28 71 22 50 80 40 27 59 44 16 64 17 79 76 86 41 59 23 59 56 25 99 46 45 44 37 72 60 90 11 58 85 10 33
30 81 18 39 84 50 15 16 73 73 12 83 76 93 64 14 46 62 0 81 77 17 22 65 83 58 30 82 25 66 41 58 65 75 54 47 47 43 97 57 65 40 22 44 98 64 84 37 77 66 35 69 44 96 37 49 62 61 83 92 22 84 56 96 20 68 60 92 88 56 49 57 37 77 16 61 63 93 84 10 91 79 34 41 38 42 45 33 76 33 31 80 72 30 73 17 36 47 66 71 89 54 92 30 23 70 24 78 23 85 20 36 89 83 70 50 52 62 69 41 77 30 57 38 94 86 33 51 39 71 72 58 58 19 52 48 14 73 38 87 65 84 86 90 91
57 84 91 94 10 75 65 82 76 83 56 75 15 31 34 18 39 33 81 0 22 19 24 42 59 83 46 57 90 49 88 44 67 56 55 22 40 76 90 33 55 29 10 61 84 71 49 29 44 92 71 91 40 42 25 60 78 85 53 20 97 34 22 30 71 19 50 22 20 41 49 27 56 54 38 60 76 70 74 18 65 20 69 97 14 20 11 78 19 14 40 29 26 24 10 22 58 55 91 30 95 42 56 67 79 59 39 84 90 91 42 72 82 89 85 14 69 39 52 41 98 69 75 23 32 73 39 52 46 41 15 73 52 28 76 46 54 90 74 89 25 22 12 92 44
24 16 51 25 45 72 78 67 89 46 41 76 86 12 44 67 71 12 77 22 0 52 26 89 51 90 68 25 41 82 11 38 19 73 94 34 86 39 32 44 62 52 91 69 44 19 72 86 81 42 53 40 93 61 96 71 93 92 89 31 64 71 81 52 61 32 13 90 53 76 21 70 32 40 97 58 13 62 60 24 44 71 22 51 80 37 74 94 48 69 27 66 28 80 52 46 11 88 15 97 41 22 56 33 27 37 76 59 34 10 19 88 48 39 77 78 29 73 47 65 13 17 51 36 36 92 31 67 42 73 58 37 85 28 35 37 60 16 94 60 11 94 96 91 20
48 23 31 24 67 69 73 74 26 52 80 95 98 23 48 55 23 29 17 19 52 0 49 79 25 13 24 99 71 84 42 36 48 84 45 22 36 57 39 41 68 52 76 16 76 76 87 72 25 19 23 72 18 13 83 36 12 69 49 47 63 49 68 95 56 67 33 99 46 97 32 99 67 99 88 55 17 56 31 98 79 45 37 62 14 51 31 72 79 80 64 18 26 31 62 54 67 27 58 79 16 80 37 19 29 60 59 59 37 48 99 55 27 97 61 63 16 43 52 91 98 15 91 27 76 80 71 90 88 37 69 15 10 28 18 12 38 90 85 75 79 64 98 22 54
86 74 21 81 57 67 83 91 14 79 84 41 94 68 38 40 33 63 22 24 26 49 0 44 20 19 78 69 68 69 72 10 16 20 86 68 66 75 30 16 30 71 78 80 17 97 58 13 36 80 51 97 41 44 13 99 80 37 49 10 74 40 48 31 24 50 72 45 45 33 38 29 85 92 87 11 75 96 55 25 75 53 34 27 80 13 87 72 53 37 14 58 51 66 31 11 65 90 22 68 15 10 65 66 49 26 45 67 39 42 49 24 84 83 64 13 82 26 84 32 22 96 31 48 16 32 72 56 10 19 14 97 12 59 26 34 35 56 82 90 15 11 95 94 50
10 89 47 53 46 56 31 64 88 45 73 42 39 23 90 15 62 20 65 42 89 79 44 0 65 57 42 34 96 44 36 77 42 28 19 63 39 50 39 57 89 83 63 49 81 45 88 71 24 60 56 42 79 90 67 20 24 52 27 20 82 87 67 88 47 28 52 18 36 30 26 37 73 80 21 71 40 71 86 54 94 13 52 18 31 39 26 87 68 69 26 71 11 12 12 13 61 59 90 63 60 97 95 10 64 93 92 66 95 86 39 35 27 96 54 35 92 97 13 22 44 62 90 88 65 65 42 48 16 21 77 67 59 60 40 77 54 46 42 29 63 90 53 25 10
13 90 83 73 17 83 24 11 20 55 33 96 75 17 87 10 87 42 83 59 51 25 20 65 0 34 26 89 40 20 75 94 58 93 68 87 36 66 47 49 73 16 30 81 24 65 74 33 64 81 41 87 85 37 35 29 34 99 85 47 70 60 97 13 77 99 74 81 25 41 51 93 29 90 10 67 85 29 96 91 82 70 99 98 11 30 24 91 48 31 78 30 22 90 71 74 58 25 21 53 58 23 31 95 87 89 86 42 47 34 25 54 43 28 66 91 87 28 22 58 34 54 71 97 67 10 63 46 63 91 24 23 24 13 63 89 22 57 60 21 50 17 20 44 37
90 36 27 47 41 66 98 28 50 16 66 91 96 89 85 28 96 73 58 83 90 13 19 57 34 0 12 52 91 91 73 37 77 52 74 96 58 23 69 59 63 75 37 11 71 40 13 44 30 31 48 53 61 54 16 79 51 65 13 56 30 72 24 84 92 61 55 98 60 71 26 28 72 82 66 98 65 63 41 38 27 42 85 93 29 63 20 21 47 81 87 37 86 65 33 76 71 90 54 51 60 38 24 27 84 56 69 26 41 33 83 53 48 81 12 32 50 72 60 46 60 80 93 41 99 41 16 87 76 53 54 33 44 24 32 19 63 78 33 32 59 46 64 34 64
14 11 98 10 31 78 18 98 19 95 23 66 88 40 20 21 37 61 30 46 68 24 78 42 26 12 0 74 54 93 45 39 27 16 39 47 31 44 72 10 22 10 74 49 93 14 47 21 51 59 64 50 26 32 31 79 70 38 99 91 53 48 27 12 99 75 98 38 50 12 31 67 70 66 78 11 29 87 53 99 68 89 96 52 55 73 97 50 76 44 47 90 65 94 29 32 85 37 34 12 98 76 39 90 52 64 63 99 20 41 42 80 15 55 97 39 67 14 74 94 72 61 41 78 91 59 92 80 39 10 63 22 52 39 42 40 88 96 30 90 17 16 24 92 23
50 88 43 96 23 68 92 10 33 65 83 91 98 47 77 56 21 86 82 57 25 99 69 34 89 52 74 0 80 70 32 27 76 91 95 94 12 78 56 77 14 95 13 32 86 15 49 88 91 94 72 22 15 40 93 39 98 29 28 78 88 91 38 69 60 88 85 80 77 27 33 87 37 32 10 97 77 35 66 30 52 83 86 53 61 82 71 31 94 38 19 85 11 39 72 55 33 86 55 37 42 80 84 61 60 42 95 65 98 24 82 54 37 30 98 43 27 55 23 53 37 96 59 57 88 60 82 90 89 52 64 37 38 54 57 85 12 68 42 58 13 52 30 49 20
60 38 92 20 63 37 74 83 89 36 63 56 25 36 82 15 69 77 25 90 41 71 68 96 40 91 54 80 0 26 84 64 70 29 35 35 26 67 22 23 19 69 25 90 90 24 78 80 67 33 93 86 97 73 51 53 93 47 90 78 25 92 40 14 74 67 74 65 76 77 83 92 77 26 23 93 80 21 68 77 77 45 80 40 96 95 66 48 34 96 97 51 29 27 58 35 71 78 18 66 78 39 97 96 13 43 79 40 61 11 24 68 64 98 76 10 46 94 49 73 76 78 64 38 49 22 65 22 95 41 24 85 25 51 16 43 52 30 75 67 87 66 64 75 24
34 72 79 54 23 44 70 74 13 52 89 37 48 69 68 25 80 53 66 49 82 84 69 44 20 91 93 70 26 0 57 13 91 95 25 62 12 69 23 62 64 23 70 71 63 62 65 65 23 75 59 14 45 72 21 10 48 90 21 58 26 46 15 72 35 90 94 49 76 94 28 34 35 47 79 77 13 58 63 11 41 16 15 54 97 84 24 40 72 25 55 94 65 47 64 84 93 31 79 76 93 27 17 13 45 61 61 24 14 49 86 50 32 19 36 40 55 33 34 60 30 64 41 72 34 19 45 69 19 67 38 19 33 36 28 93 95 66 68 36 79 86 13 28 96
71 46 73 27 66 56 87 38 34 34 22 22 10 86 59 72 28 85 41 88 11 42 72 36 75 73 45 32 84 57 0 81 38 99 90 25 77 68 40 96 74 21 43 19 28 20 78 32 58 87 91 40 48 14 67 67 82 43 66 26 87 75 15 45 90 27 64 68 55 36 35 13 50 51 17 31 69 89 94 13 63 27 65 50 45 91 59 81 85 87 67 43 10 39 32 38 82 28 34 39 95 45 37 99 54 65 47 13 39 12 70 41 89 97 59 69 54 70 45 55 22 11 86 45 51 15 96 57 12 23 82 53 57 10 47 88 89 61 93 36 96 74 35 82 66
61 18 94 63 15 96 63 29 74 81 48 94 10 75 32 89 11 70 58 44 38 36 10 77 94 37 39 27 64 13 81 0 60 93 88 45 11 46 99 65 41 44 63 71 64 56 63 58 89 85 63 68 96 77 23 60 37 71 30 66 42 84 62 40 99 68 48 91 57 44 72 78 93 58 29 28 63 77 67 50 19 30 83 96 69 73 75 94 41 30 92 34 54 39 31 68 48 53 90 80 29 14 78 73 72 55 14 63 89 51 32 31 61 15 75 85 53 71 40 48 69 24 76 73 71 67 69 28 53 86 86 58 63 63 69 79 47 26 94 45 10 53 78 64 60
98 23 59 77 74 65 33 30 52 22 75 16 69 44 19 97 81 65 65 67 19 48 16 42 58 77 27 76 70 91 38 60 0 74 56 47 24 32 47 24 47 52 84 43 25 22 72 78 74 39 48 41 75 92 94 38 88 20 43 40 82 38 36 75 13 18 41 30 57 45 83 42 98 31 77 25 43 61 68 85 56 40 90 55 26 81 57 30 61 25 59 23 85 56 61 56 10 92 75 69 37 60 65 30 55 24 97 34 56 19 99 88 80 48 55 14 73 96 23 34 23 24 58 96 56 93 48 27 95 48 34 22 51 83 37 73 77 37 88 82 46 11 67 93 63
36 70 22 73 35 54 34 91 84 87 98 21 16 47 53 88 84 53 75 56 73 84 20 28 93 52 16 91 29 95 99 93 74 0 21 11 55 70 64 99 31 48 83 16 70 49 49 24 57 29 67 56 52 54 70 65 23 15 19 22 41 68 29 22 65 57 98 22 33 97 16 89 71 95 23 61 43 52 87 43 98 96 42 94 10 45 64 78 47 18 77 81 79 27 50 92 83 24 66 36 34 11 19 35 25 86 58 92 38 54 47 41 64 48 26 72 96 99 65 45 19 30 97 60 35 13 31 66 62 18 72 15 76 89 56 79 41 25 49 93 52 72 79 78 61
34 95 88 31 93 39 36 30 40 69 48 45 42 96 13 47 63 40 54 55 94 45 86 19 68 74 39 95 35 25 90 88 56 21 0 25 40 11 77 11 92 18 58 44 81 86 49 69 29 30 30 12 55 42 98 87 32 85 34 31 61 99 84 12 72 96 10 14 67 41 78 17 21 96 10 25 76 69 17 21 77 42 13 21 45 99 67 87 77 32 72 45 75 90 69 34 66 67 68 41 21 87 30 63 16 81 67 90 21 77 16 86 46 95 75 96 29 42 85 95 46 30 63 95 29 33 75 61 39 96 12 20 76 94 96 52 79 39 96 84 29 36 23 56 37
33 71 42 56 55 14 64 26 19 59 77 58 46 32 49 76 87 21 47 22 34 22 68 63 87 96 47 94 35 62 25 45 47 11 25 0 31 38 96 22 18 42 97 84 80 12 85 65 85 46 20 61 54 80 35 75 55 56 99 19 35 19 60 98 53 75 66 46 70 63 17 29 95 20 62 38 54 99 81 11 30 19 36 67 46 57 70 37 28 92 40 96 96 92 16 25 29 87 40 36 46 84 62 93 10 89 42 87 34 79 60 96 92 93 40 73 61 57 12 58 85 71 66 76 32 44 49 50 93 43 88 23 31 79 60 75 61 31 17 46 94 50 10 68 14
77 22 17 68 45 30 31 19 43 27 80 15 27 12 64 21 39 39 47 40 86 36 66 39 36 58 31 12 26 12 77 11 24 55 40 31 0 82 94 98 56 85 65 32 41 76 97 10 73 50 39 10 13 21 91 11 42 51 36 56 12 25 82 62 53 38 32 89 51 39 68 48 89 22 59 26 59 13 46 57 41 83 78 72 24 58 27 31 98 26 53 30 41 32 19 76 41 87 30 92 94 31 51 34 67 14 53 98 97 42 67 75 22 80 16 33 20 78 19 11 52 56 66 15 51 88 85 27 14 75 90 79 16 76 30 19 13 13 97 26 51 16 65 95 36
13 12 56 19 75 84 31 26 27 48 37 40 38 38 24 53 44 50 43 76 39 57 75 50 66 23 44 78 67 69 68 46 32 70 11 38 82 0 94 27 56 36 91 64 67 52 34 21 75 93 81 41 91 61 29 50 98 17 52 38 49 18 14 33 85 18 20 59 58 26 76 47 96 93 22 64 24 45 39 67 83 28 14 92 14 46 18 55 15 89 68 85 25 71 96 45 29 80 35 92 67 75 94 64 99 67 67 79 10 13 45 64 13 63 47 38 81 58 13 33 26 66 74 54 85 58 45 40 16 11 21 55 17 53 92 91 70 76 68 39 87 33 35 78 82
43 97 65 23 17 90 25 58 78 80 37 18 80 59 54 67 37 42 97 90 32 39 30 39 47 69 72 56 22 23 40 99 47 64 77 96 94 94 0 66 71 35 31 54 73 93 55 26 99 24 72 96 32 71 48 94 89 41 55 84 45 70 33 17 47 73 84 91 95 76 15 15 49 72 74 41 68 72 27 32 69 13 57 75 57 70 22 40 51 48 34 41 46 77 43 93 98 59 26 32 13 55 14 69 91 44 20 65 96 34 12 49 82 98 96 10 82 75 74 11 47 90 26 12 13 82 88 94 23 89 95 17 33 12 56 25 39 57 91 45 50 98 67 74 96
65 65 24 84 18 62 61 43 81 48 71 47 26 69 26 53 76 71 57 33 44 41 16 57 49 59 10 77 23 62 96 65 24 99 11 22 98 27 66 0 66 12 84 87 93 24 83 37 17 72 63 77 62 49 50 55 12 94 39 83 75 90 41 94 23 48 14 98 52 41 70 54 49 14 68 36 14 33 41 52 98 64 97 83 31 38 43 91 39 38 46 38 56 22 86 78 34 34 20 58 88 26 15 68 76 37 22 50 52 27 35 36 74 28 10 24 95 21 51 96 33 33 63 87 32 15 37 86 14 30 91 25 99 39 57 50 70 60 39 76 27 45 85 70 29
78 83 97 51 11 67 86 14 85 55 99 67 76 25 27 77 31 35 65 55 62 68 30 89 73 63 22 14 19 64 74 41 47 31 92 18 56 56 71 66 0 32 51 53 46 96 13 12 46 90 70 83 95 51 39 30 95 15 20 39 28 43 89 81 45 59 14 94 57 13 99 74 85 90 40 40 62 19 26 17 55 14 94 76 41 12 76 66 36 13 68 37 42 53 48 77 75 24 46 69 84 51 54 48 71 54 21 64 99 73 54 70 77 42 32 26 41 35 98 79 11 31 74 21 41 80 60 88 48 64 13 84 61 52 18 37 47 95 65 62 45 77 26 18 13
30 98 60 80 21 16 56 90 68 24 95 85 56 27 62 40 39 86 40 29 52 52 71 83 16 75 10 95 69 23 21 44 52 48 18 42 85 36 35 12 32 0 96 45 78 83 44 32 20 46 52 94 48 93 62 16 97 60 38 74 21 33 38 34 83 45 58 37 87 35 45 74 81 66 43 12 87 47 48 47 43 72 74 83 12 40 39 92 98 47 11 89 24 68 19 73 23 70 37 95 78 55 38 95 41 92 35 49 58 44 78 44 73 26 97 66 19 45 97 93 86 46 80 99 84 28 68 18 66 50 72 31 96 66 11 55 69 68 47 73 47 51 77 26 80
90 61 89 67 20 50 66 27 16 37 97 43 49 89 78 86 50 37 22 10 91 76 78 63 30 37 74 13 25 70 43 63 84 83 58 97 65 91 31 84 51 96 0 44 75 40 44 22 41 84 74 88 38 60 12 93 97 67 95 46 83 98 92 71 24 84 40 85 26 73 55 13 81 84 53 12 42 81 58 87 71 84 98 85 68 36 51 66 41 66 42 54 79 91 31 97 12 17 36 87 84 46 98 66 13 35 52 77 57 19 74 80 37 98 22 70 98 72 17 69 45 14 27 42 17 54 58 87 13 94 14 10 66 59 63 29 37 84 84 97 31 89 80 97 93
76 69 80 37 22 51 73 54 81 28 96 70 56 41 84 79 29 74 44 61 69 16 80 49 81 11 49 32 90 71 19 71 43 16 44 84 32 64 54 87 53 45 44 0 41 96 11 23 68 69 22 94 22 84 58 90 54 71 46 85 98 89 21 88 36 93 42 49 51 23 59 12 85 33 64 48 83 21 91 98 52 70 24 32 29 18 41 13 15 68 21 96 56 14 35 44 47 49 26 87 77 28 34 81 63 63 62 65 28 95 60 85 95 89 72 52 15 77 53 34 59 17 56 22 29 20 60 91 36 92 72 28 12 13 74 87 60 55 65 20 85 66 62 55 16
49 31 78 86 86 47 57 96 23 43 12 16 89 53 24 94 96 77 98 84 44 76 17 81 24 71 93 86 90 63 28 64 25 70 81 80 41 67 73 93 46 78 75 41 0 79 85 14 65 78 26 81 91 74 90 45 95 70 54 83 59 68 85 55 76 43 55 72 51 94 83 17 99 16 24 74 62 84 12 29 30 88 39 19 52 38 11 41 96 10 97 62 80 29 98 70 54 71 17 98 43 33 19 20 97 37 40 12 15 48 12 22 57 16 68 64 34 57 47 23 95 71 16 45 22 39 94 10 94 48 34 56 61 61 92 51 59 74 38 54 68 80 66 60 14
27 44 14 62 50 67 24 30 16 40 60 24 30 59 64 12 52 53 64 71 19 76 97 45 65 40 14 15 24 62 20 56 22 49 86 12 76 52 93 24 96 83 40 96 79 0 35 31 61 28 53 48 50 59 60 90 34 71 81 64 16 46 54 49 58 84 73 94 93 22 56 65 46 61 99 73 95 28 19 51 36 67 57 65 78 26 79 86 88 33 88 25 71 17 50 52 32 73 71 10 94 76 65 24 28 10 60 57 38 81 35 94 97 35 10 23 59 38 72 94 88 99 11 56 12 67 16 48 44 41 12 45 38 18 43 23 27 23 19 47 17 57 31 40 69
67 95 57 91 32 14 13 55 88 67 28 55 56 49 15 13 87 99 84 49 72 87 58 88 74 13 47 49 78 65 78 63 72 49 49 85 97 34 55 83 13 44 44 11 85 35 0 79 32 23 22 36 42 81 99 12 48 96 64 21 75 70 45 89 33 30 51 98 46 38 99 76 58 51 61 62 28 10 70 21 71 88 95 54 47 81 75 34 28 97 68 82 63 10 63 86 82 21 59 68 70 54 60 56 13 53 62 79 80 82 57 84 18 13 65 45 66 12 45 40 27 73 18 95 58 74 55 15 56 53 42 25 99 14 79 19 45 33 91 15 72 40 32 78 30
48 17 88 54 28 17 59 76 76 48 34 39 92 10 30 38 65 27 37 29 86 72 13 71 33 44 21 88 80 65 32 58 78 24 69 65 10 21 26 37 12 32 22 23 14 31 79 0 57 70 18 65 26 66 72 88 96 88 38 87 59 47 73 30 72 57 13 92 47 78 31 85 27 97 89 15 60 58 93 75 46 92 33 23 98 83 26 84 73 83 48 46 26 47 81 91 33 87 75 27 52 24 10 78 21 60 76 40 18 97 22 89 16 97 48 77 82 13 86 62 83 59 44 97 20 89 73 64 26 83 34 17 94 91 20 20 91 55 22 91 64 97 43 28 76
32 13 49 51 18 67 80 60 44 41 92 40 65 57 61 97 31 30 77 44 81 25 36 24 64 30 51 91 67 23 58 89 74 57 29 85 73 75 99 17 46 20 41 68 65 61 32 57 0 27 38 31 55 78 23 25 40 52 39 49 17 80 74 53 98 56 73 87 71 58 40 87 18 55 77 97 40 45 63 84 45 32 53 21 40 41 22 72 48 26 41 65 38 10 96 18 73 30 26 97 14 69 23 50 89 13 94 18 85 67 95 39 41 82 47 86 78 31 38 65 49 19 34 80 17 18 16 95 70 54 56 50 68 29 54 56 68 67 99 31 56 59 82 73 90
53 71 82 67 21 56 18 22 50 30 83 22 13 34 67 76 20 77 66 92 42 19 80 60 81 31 59 94 33 75 87 85 39 29 30 46 50 93 24 72 90 46 84 69 78 28 23 70 27 0 49 72 28 91 73 29 83 59 43 89 86 80 87 85 67 67 43 73 16 13 57 49 93 57 46 29 98 73 31 57 50 75 77 30 44 72 32 91 39 79 29 94 86 84 29 73 62 13 49 80 28 96 13 67 92 87 94 30 21 74 76 84 94 16 29 70 54 64 56 28 53 60 98 32 97 24 21 14 55 94 14 56 26 82 78 30 42 10 29 54 65 30 47 95 80
32 84 83 53 80 82 45 63 40 88 71 79 20 26 74 20 33 43 35 71 53 23 51 56 41 48 64 72 93 59 91 63 48 67 30 20 39 81 72 63 70 52 74 22 26 53 22 18 38 49 0 53 85 20 64 48 17 13 82 56 85 34 54 43 67 55 51 52 86 57 13 86 18 85 40 26 35 23 52 12 37 63 52 95 50 77 62 48 21 74 70 69 50 24 84 84 92 85 64 82 96 18 15 66 60 92 50 89 18 67 45 43 11 91 53 62 86 20 22 63 84 32 94 62 17 21 63 75 71 28 44 40 78 33 29 10 78 69 89 67 56 20 62 11 89
85 66 71 10 86 90 63 77 49 83 24 91 77 99 50 93 34 68 69 91 40 72 97 42 87 53 50 22 86 14 40 68 41 56 12 61 10 41 96 77 83 94 88 94 81 48 36 65 31 72 53 0 11 92 58 38 55 58 13 66 63 95 33 70 87 60 45 17 54 69 60 42 75 33 26 11 55 64 11 52 55 50 20 22 32 41 69 57 15 21 16 14 43 64 23 70 39 66 37 95 58 25 22 64 63 85 48 30 98 19 15 66 85 51 47 31 66 16 92 56 56 78 24 54 24 45 51 60 57 70 56 44 85 43 20 50 31 62 40 60 75 78 80 87 30
67 35 11 29 75 76 79 44 28 84 32 12 10 79 59 69 42 41 44 40 93 18 41 79 85 61 26 15 97 45 48 96 75 52 55 54 13 91 32 62 95 48 38 22 91 50 42 26 55 28 85 11 0 81 48 33 46 81 80 14 78 42 37 46 21 72 94 77 93 87 20 42 96 79 86 12 76 47 22 86 40 32 61 76 36 55 23 31 89 64 89 53 21 22 15 53 96 19 13 74 65 22 43 37 90 22 53 23 23 69 81 64 79 73 15 40 81 78 40 89 71 49 74 99 79 36 43 52 85 49 77 25 47 20 52 58 26 21 33 28 90 58 52 18 27
99 65 73 44 55 27 75 69 98 23 62 38 94 69 24 33 87 16 96 42 61 13 44 90 37 54 32 40 73 72 14 77 92 54 42 80 21 61 71 49 51 93 60 84 74 59 81 66 78 91 20 92 81 0 48 45 31 15 19 99 17 67 98 42 42 66 20 12 16 42 57 86 13 31 92 76 77 84 28 29 50 12 14 65 31 41 19 26 33 27 49 29 39 27 18 90 21 55 32 10 10 96 24 29 83 36 72 64 47 40 60 99 30 74 46 29 12 82 84 52 27 59 63 40 87 24 54 76 70 66 91 49 71 70 91 68 37 39 91 61 35 62 53 20 95
52 54 60 54 64 23 52 42 22 24 28 77 91 86 11 61 44 66 37 25 96 83 13 67 35 16 31 93 51 21 67 23 94 70 98 35 91 29 48 50 39 62 12 58 90 60 99 72 23 73 64 58 48 48 0 73 18 20 78 53 63 16 26 94 95 76 26 90 66 98 94 22 92 49 30 50 72 10 46 93 96 60 88 95 76 40 58 69 10 23 29 71 84 24 66 42 81 78 89 51 71 74 63 51 74 79 16 34 68 60 24 79 54 91 69 21 46 97 64 80 14 79 92 95 75 22 36 25 30 83 51 97 31 45 54 62 10 31 16 37 11 31 31 59 77
45 14 66 69 69 79 97 73 24 89 64 89 37 92 47 44 59 95 49 60 71 36 99 20 29 79 79 39 53 10 67 60 38 65 87 75 11 50 94 55 30 16 93 90 45 90 12 88 25 29 48 38 33 45 73 0 87 44 28 13 47 60 90 57 16 14 21 16 87 13 83 65 72 57 55 70 45 79 54 57 19 10 59 33 11 44 46 15 18 22 34 69 13 90 83 66 40 85 90 49 94 14 30 49 28 51 86 56 50 21 38 59 75 92 80 30 94 49 15 53 68 75 66 92 17 14 20 51 84 96 51 84 64 29 60 91 94 12 74 66 47 64 58 22 54
53 77 61 89 15 10 35 25 20 53 74 45 18 90 65 68 11 20 62 78 93 12 80 24 34 51 70 98 93 48 82 37 88 23 32 55 42 98 89 12 95 97 97 54 95 34 48 96 40 83 17 55 46 31 18 87 0 53 19 12 34 14 79 28 98 67 87 66 11 37 35 85 57 67 52 39 73 15 10 86 69 41 50 89 66 93 10 48 93 90 81 60 92 59 81 28 70 72 47 54 19 79 74 51 64 94 29 78 77 40 34 50 94 49 13 47 91 19 68 43 92 81 55 71 15 65 61 60 78 26 88 57 93 24 45 34 95 91 34 10 22 51 50 19 68
25 51 90 39 98 29 53 65 82 50 95 92 98 54 11 44 66 32 61 85 92 69 37 52 99 65 38 29 47 90 43 71 20 15 85 56 51 17 41 94 15 60 67 71 70 71 96 88 52 59 13 58 81 15 20 44 53 0 34 88 71 39 82 39 62 94 72 73 21 28 35 36 79 41 71 18 94 10 25 51 41 29 13 61 96 68 23 97 23 55 40 97 40 52 71 65 26 11 38 17 72 50 26 48 49 68 59 40 16 12 62 89 22 40 19 22 35 53 49 54 24 92 51 45 59 37 29 39 58 74 78 93 27 52 11 33 44 52 33 85 26 24 79 27 76
26 29 49 97 76 37 22 15 99 25 41 99 93 43 49 52 61 23 83 53 89 49 49 27 85 13 99 28 90 21 66 30 43 19 34 99 36 52 55 39 20 38 95 46 54 81 64 38 39 43 82 13 80 19 78 28 19 34 0 76 72 76 98 49 15 13 18 60 98 77 78 78 85 95 76 63 69 72 66 91 41 77 35 26 71 30 52 60 90 64 89 51 76 30 63 30 53 65 88 79 97 22 83 17 14 42 89 41 34 55 51 69 36 59 95 18 27 58 73 91 31 30 48 38 75 53 12 63 25 31 56 78 54 26 92 17 62 57 67 72 30 40 43 44 56
81 57 10 40 24 52 73 45 72 47 85 10 19 86 97 87 90 62 92 20 31 47 10 20 47 56 91 78 78 58 26 66 40 22 31 19 56 38 84 83 39 74 46 85 83 64 21 87 49 89 56 66 14 99 53 13 12 88 76 0 44 27 61 34 83 41 48 68 90 69 79 64 23 65 98 33 51 80 98 98 29 99 66 42 64 52 30 10 60 77 44 14 77 81 97 90 80 79 78 17 87 79 67 86 72 64 92 96 18 79 92 31 10 13 92 13 35 85 23 20 80 18 85 90 28 82 46 78 21 26 21 27 27 19 64 55 40 73 72 22 93 99 78 43 55
28 36 88 41 89 97 91 41 98 86 62 40 20 44 15 80 29 76 22 97 64 63 74 82 70 30 53 88 25 26 87 42 82 41 61 35 12 49 45 75 28 21 83 98 59 16 75 59 17 86 85 63 78 17 63 47 34 71 72 44 0 77 97 33 75 82 91 45 71 29 82 31 39 71 47 33 87 49 70 53 52 24 40 68 34 79 41 25 67 91 92 86 81 91 46 84 40 16 42 83 85 13 30 35 97 46 13 14 46 53 38 75 21 32 44 49 72 88 31 70 49 91 18 78 25 22 99 20 74 87 22 24 53 76 94 42 62 68 12 33 93 88 98 84 58
19 32 14 27 36 41 16 79 61 79 26 25 50 28 94 25 86 67 84 34 71 49 40 87 60 72 48 91 92 46 75 84 38 68 99 19 25 18 70 90 43 33 98 89 68 46 70 47 80 80 34 95 42 67 16 60 14 39 76 27 77 0 48 13 17 87 71 67 24 60 98 35 96 96 63 12 94 42 54 83 34 97 91 50 39 80 45 43 31 38 38 33 77 80 81 17 24 30 79 67 82 34 52 60 88 67 15 61 91 94 48 84 14 40 81 33 26 43 36 56 23 47 60 58 83 90 63 26 77 97 53 58 59 73 62 99 42 51 13 32 22 21 48 88 15
61 66 79 14 48 67 35 42 55 12 59 67 50 28 53 11 96 88 56 22 81 68 48 67 97 24 27 38 40 15 15 62 36 29 84 60 82 14 33 41 89 38 92 21 85 54 45 73 74 87 54 33 37 98 26 90 79 82 98 61 97 48 0 47 31 93 28 21 63 55 48 69 17 40 33 10 94 47 75 93 49 11 43 88 70 16 49 16 51 20 81 93 11 95 31 37 54 98 10 88 98 11 88 98 66 52 63 38 63 83 82 61 56 65 29 15 20 80 22 88 64 12 99 47 87 47 45 32 19 71 33 69 94 56 14 92 21 70 44 58 20 53 15 11 87
40 68 15 83 46 15 56 47 19 14 28 55 44 80 58 55 27 17 96 30 52 95 31 88 13 84 12 69 14 72 45 40 75 22 12 98 62 33 17 94 81 34 71 88 55 49 89 30 53 85 43 70 46 42 94 57 28 39 49 34 33 13 47 0 13 21 66 65 18 85 96 34 44 33 59 34 27 59 98 76 12 88 68 96 57 44 75 83 17 70 62 52 49 45 23 67 85 75 20 45 18 45 33 26 97 46 21 15 29 22 62 34 94 63 67 82 13 18 42 30 15 18 29 45 33 42 98 28 18 92 49 28 58 46 85 92 86 65 47 23 13 79 25 10 18
10 20 36 50 31 43 60 45 25 58 31 47 73 77 97 48 87 96 20 71 61 56 24 47 77 92 99 60 74 35 90 99 13 65 72 53 53 85 47 23 45 83 24 36 76 58 33 72 98 67 67 87 21 42 95 16 98 62 15 83 75 17 31 13 0 58 81 68 18 76 86 68 54 88 46 65 39 85 28 91 69 82 97 93 42 79 37 58 95 40 62 80 58 62 10 50 98 58 88 57 61 77 54 75 60 67 41 14 38 62 23 61 78 63 58 69 25 84 41 25 15 49 81 37 25 41 73 85 43 31 10 36 93 55 42 71 69 42 79 72 87 40 22 76 41
85 16 24 84 74 98 81 36 44 28 17 89 83 25 96 80 23 35 68 19 32 67 50 28 99 61 75 88 67 90 27 68 18 57 96 75 38 18 73 48 59 45 84 93 43 84 30 57 56 67 55 60 72 66 76 14 67 94 13 41 82 87 93 21 58 0 98 37 52 71 68 67 94 87 37 22 48 61 78 11 76 52 40 11 46 97 44 48 27 19 84 44 94 97 95 76 98 88 61 13 19 35 55 98 96 57 22 83 93 53 17 86 65 32 38 99 61 62 47 51 59 36 65 97 18 86 87 26 81 86 81 68 20 55 64 26 46 66 29 25 28 63 89 54 67
73 47 32 76 82 61 13 27 36 22 60 50 81 36 43 57 61 41 60 50 13 33 72 52 74 55 98 85 74 94 64 48 41 98 10 66 32 20 84 14 14 58 40 42 55 73 51 13 73 43 51 45 94 20 26 21 87 72 18 48 91 71 28 66 81 98 0 36 64 34 67 12 84 85 58 52 42 11 72 23 84 75 28 96 35 29 71 63 59 19 10 56 80 93 54 16 46 75 52 45 22 26 92 82 97 63 32 11 15 67 86 79 86 22 52 36 54 97 62 35 14 36 61 90 57 75 13 53 13 86 84 74 87 53 49 74 69 20 30 66 82 24 35 87 51
54 27 34 22 76 38 82 33 41 83 19 49 37 78 53 69 92 10 92 22 90 99 45 18 81 98 38 80 65 49 68 91 30 22 14 46 89 59 91 98 94 37 85 49 72 94 98 92 87 73 52 17 77 12 90 16 66 73 60 68 45 67 21 65 68 37 36 0 93 39 64 82 11 50 29 32 53 27 85 35 93 15 38 71 58 95 35 72 22 94 46 45 48 73 24 35 44 40 60 88 74 12 99 61 59 93 35 83 42 26 27 96 18 35 33 67 30 63 57 32 46 19 35 67 82 35 20 65 52 62 90 15 74 86 42 40 45 37 57 67 82 14 71 23 33
49 54 45 37 37 41 28 64 93 73 30 26 48 73 52 24 90 11 88 20 53 46 45 36 25 60 50 77 76 76 55 57 57 33 67 70 51 58 95 52 57 87 26 51 51 93 46 47 71 16 86 54 93 16 66 87 11 21 98 90 71 24 63 18 18 52 64 93 0 67 74 78 18 24 23 73 16 64 34 69 85 83 48 60 19 86 55 56 10 25 71 49 25 39 18 14 85 57 96 14 43 89 39 53 75 14 70 95 81 67 70 43 36 65 39 61 34 83 27 32 95 89 28 77 14 84 79 45 61 63 66 31 99 57 45 30 42 99 75 57 16 82 31 51 65
92 59 90 63 82 15 63 56 93 72 15 31 81 78 64 96 47 41 56 41 76 97 33 30 41 71 12 27 77 94 36 44 45 97 41 63 39 26 76 41 13 35 73 23 94 22 38 78 58 13 57 69 87 42 98 13 37 28 77 69 29 60 55 85 76 71 34 39 67 0 72 11 63 30 51 94 98 35 48 39 17 77 36 94 67 65 42 69 55 46 86 16 95 62 96 12 52 71 71 43 33 20 48 74 48 12 77 71 37 68 93 99 34 22 93 14 60 48 66 53 73 74 58 15 89 15 33 11 41 54 85 97 37 17 41 78 89 45 65 43 37 49 35 14 23
48 66 61 23 64 68 83 15 24 51 22 23 32 59 80 75 98 48 49 49 21 32 38 26 51 26 31 33 83 28 35 72 83 16 78 17 68 76 15 70 99 45 55 59 83 56 99 31 40 57 13 60 20 57 94 83 35 35 78 79 82 98 48 96 86 68 67 64 74 72 0 29 93 39 40 44 35 40 27 23 62 33 87 23 73 40 89 86 73 28 30 72 16 40 45 17 76 50 41 21 83 71 94 90 97 30 63 78 30 47 70 45 91 74 96 36 71 48 28 91 36 82 41 10 89 78 41 86 44 66 57 10 68 99 85 78 69 93 99 50 67 66 15 88 82
94 13 35 94 77 86 23 22 51 26 64 38 85 16 61 19 96 89 57 27 70 99 29 37 93 28 67 87 92 34 13 78 42 89 17 29 48 47 15 54 74 74 13 12 17 65 76 85 87 49 86 42 42 86 22 65 85 36 78 64 31 35 69 34 68 67 12 82 78 11 29 0 45 27 65 16 93 44 24 41 18 33 80 77 77 98 64 48 60 91 36 34 87 60 59 57 68 68 57 13 20 83 35 33 31 35 86 54 28 24 50 28 12 77 10 82 71 68 83 54 51 87 28 72 22 66 93 67 46 57 83 95 64 43 48 97 73 69 54 38 56 49 91 89 15
79 18 62 26 41 64 79 82 44 99 53 91 98 87 37 71 64 27 37 56 32 67 85 73 29 72 70 37 77 35 50 93 98 71 21 95 89 96 49 49 85 81 81 85 99 46 58 27 18 93 18 75 96 13 92 72 57 79 85 23 39 96 17 44 54 94 84 11 18 63 93 45 0 41 96 97 37 18 72 66 53 26 79 18 16 30 46 12 58 62 39 34 83 18 72 54 84 12 65 33 88 65 22 54 79 37 68 85 84 39 30 28 37 28 53 41 74 31 55 56 51 98 99 38 45 39 99 69 93 86 45 87 40 39 32 23 55 35 42 50 28 28 17 89 97
80 22 10 79 97 98 34 64 72 54 71 90 74 99 24 15 50 25 77 54 40 99 92 80 90 82 66 32 26 47 51 58 31 95 96 20 22 93 72 14 90 66 84 33 16 61 51 97 55 57 85 33 79 31 49 57 67 41 95 65 71 96 40 33 88 87 85 50 24 30 39 27 41 0 73 80 31 20 88 29 29 97 40 58 54 76 98 48 89 62 26 37 80 12 47 21 84 89 33 79 68 94 11 72 59 33 18 68 98 55 83 80 73 32 45 17 21 69 15 74 47 89 58 95 89 95 85 33 81 90 56 61 57 20 89 32 49 91 88 48 60 13 60 38 91
77 94 32 61 62 42 28 54 50 15 56 55 72 77 59 98 50 16 16 38 97 88 87 21 10 66 78 10 23 79 17 29 77 23 10 62 59 22 74 68 40 43 53 64 24 99 61 89 77 46 40 26 86 92 30 55 52 71 76 98 47 63 33 59 46 37 58 29 23 51 40 65 96 73 0 62 74 41 83 13 94 67 31 50 63 58 49 73 35 13 38 87 94 26 45 56 95 93 70 78 73 91 28 35 80 15 59 67 81 19 71 30 17 71 61 45 79 19 36 89 93 86 40 74 45 53 16 67 38 15 93 65 23 92 47 64 50 93 14 27 37 99 20 70 70
43 24 48 69 82 65 46 24 56 20 16 31 85 24 27 11 64 42 61 60 58 55 11 71 67 98 11 97 93 77 31 28 25 61 25 38 26 64 41 36 40 12 12 48 74 73 62 15 97 29 26 11 12 76 50 70 39 18 63 33 33 12 10 34 65 22 52 32 73 94 44 16 97 80 62 0 23 36 45 54 95 73 28 15 96 46 15 85 16 95 60 63 62 36 60 13 64 28 47 98 78 32 87 72 70 89 27 71 29 32 39 96 82 11 17 14 91 88 24 96 96 88 46 51 91 72 30 13 99 40 55 63 33 58 38 81 43 28 84 79 38 23 85 80 59
47 56 18 17 33 97 62 11 96 54 85 50 40 10 32 72 86 59 63 76 13 17 75 40 85 65 29 77 80 13 69 63 43 43 76 54 59 24 68 14 62 87 42 83 62 95 28 60 40 98 35 55 76 77 72 45 73 94 69 51 87 94 94 27 39 48 42 53 16 98 35 93 37 31 74 23 0 96 45 84 20 25 28 17 58 92 80 43 12 25 88 66 18 72 32 62 29 44 57 18 78 61 10 78 92 29 49 27 84 83 57 36 81 66 48 77 32 25 85 45 96 64 50 28 16 93 23 65 23 90 58 47 87 44 84 93 16 86 55 67 40 31 85 93 42
49 43 52 32 27 49 41 49 92 12 34 38 71 77 63 88 19 16 93 70 62 56 96 71 29 63 87 35 21 58 89 77 61 52 69 99 13 45 72 33 19 47 81 21 84 28 10 58 45 73 23 64 47 84 10 79 15 10 72 80 49 42 47 59 85 61 11 27 64 35 40 44 18 20 41 36 96 0 88 90 12 45 66 22 72 50 40 36 89 10 82 39 84 53 44 36 95 80 56 58 55 76 32 82 91 52 17 10 86 63 71 43 12 37 47 24 23 35 53 58 75 52 78 46 70 66 58 31 17 26 35 77 38 25 53 56 45 92 90 69 82 77 40 54 29
29 79 13 74 21 66 17 64 55 69 62 42 83 17 55 18 50 87 84 74 60 31 55 86 96 41 53 66 68 63 94 67 68 87 17 81 46 39 27 41 26 48 58 91 12 19 70 93 63 31 52 11 22 28 46 54 10 25 66 98 70 54 75 98 28 78 72 85 34 48 27 24 72 88 83 45 45 88 0 88 51 73 43 31 97 14 40 56 93 70 24 34 35 65 23 56 92 36 27 54 83 56 87 63 74 77 97 50 82 44 82 45 86 72 81 73 18 92 14 35 38 20 26 24 84 81 19 94 84 73 45 32 19 71 70 35 47 29 23 22 86 23 99 77 94
35 66 21 86 40 94 63 70 72 25 59 88 87 91 52 35 84 54 10 18 24 98 25 54 91 38 99 30 77 11 13 50 85 43 21 11 57 67 32 52 17 47 87 98 29 51 21 75 84 57 12 52 86 29 93 57 86 51 91 98 53 83 93 76 91 11 23 35 69 39 23 41 66 29 13 54 84 90 88 0 67 90 43 45 41 94 95 32 18 83 94 82 99 84 20 55 52 85 75 62 93 54 99 64 25 42 92 54 46 11 82 49 61 66 46 85 16 43 13 88 72 59 60 70 59 61 62 75 81 60 77 74 14 12 16 65 10 25 15 81 88 17 50 83 79
45 36 79 79 52 74 75 38 90 92 65 23 19 35 33 58 25 17 91 65 44 79 75 94 82 27 68 52 77 41 63 19 56 98 77 30 41 83 69 98 55 43 71 52 30 36 71 46 45 50 37 55 40 50 96 19 69 41 41 29 52 34 49 12 69 76 84 93 85 17 62 18 53 29 94 95 20 12 51 67 0 54 19 42 56 30 34 17 22 81 21 71 75 97 14 83 61 97 26 77 69 54 32 94 52 57 97 44 21 63 64 92 93 62 40 67 38 69 20 46 72 68 14 17 14 34 64 27 12 25 99 63 66 68 22 35 23 40 53 94 76 43 89 59 24
48 61 93 52 36 15 63 31 24 45 79 29 93 17 76 93 80 74 79 20 71 45 53 13 70 42 89 83 45 16 27 30 40 96 42 19 83 28 13 64 14 72 84 70 88 67 88 92 32 75 63 50 32 12 60 10 41 29 77 99 24 97 11 88 82 52 75 15 83 77 33 33 26 97 67 73 25 45 73 90 54 0 17 26 88 84 86 76 32 35 89 34 53 24 97 78 39 52 91 52 49 73 12 79 76 61 36 76 15 79 82 85 28 43 73 95 55 95 11 40 48 98 93 87 19 46 73 62 90 56 35 83 31 58 57 24 60 45 69 74 23 66 89 56 12
12 17 89 83 70 53 58 46 63 70 48 70 62 52 30 91 28 31 34 69 22 37 34 52 99 85 96 86 80 15 65 83 90 42 13 36 78 14 57 97 94 74 98 24 39 57 95 33 53 77 52 20 61 14 88 59 50 13 35 66 40 91 43 68 97 40 28 38 48 36 87 80 79 40 31 28 28 66 43 43 19 17 0 94 69 88 21 90 17 71 45 20 88 60 25 40 61 68 34 12 88 50 19 32 34 93 86 31 12 87 73 45 45 78 80 30 17 85 20 61 52 26 88 83 48 54 18 99 67 78 52 85 14 77 19 62 68 91 79 43 97 14 54 16 11
99 71 83 42 64 76 94 58 82 61 79 85 43 97 86 35 73 99 41 97 51 62 27 18 98 93 52 53 40 54 50 96 55 94 21 67 72 92 75 83 76 83 85 32 19 65 54 23 21 30 95 22 76 65 95 33 89 61 26 42 68 50 88 96 93 11 96 71 60 94 23 77 18 58 50 15 17 22 31 45 42 26 94 0 40 89 72 55 79 44 71 55 65 74 38 55 24 55 73 23 49 60 32 13 37 30 21 65 69 61 70 52 40 56 63 32 28 74 57 89 38 72 19 18 19 90 14 14 19 11 83 26 96 85 74 91 28 85 39 36 37 80 70 94 60
34 90 79 55 76 67 76 34 45 32 41 25 47 12 38 76 13 34 38 14 80 14 80 31 11 29 55 61 96 97 45 69 26 10 45 46 24 14 57 31 41 12 68 29 52 78 47 98 40 44 50 32 36 31 76 11 66 96 71 64 34 39 70 57 42 46 35 58 19 67 73 77 16 54 63 96 58 72 97 41 56 88 69 40 0 11 90 76 80 58 94 97 50 84 29 44 59 51 65 31 69 84 71 35 40 48 92 13 21 52 82 22 99 54 32 21 15 11 61 40 65 74 79 96 57 22 12 49 38 58 18 28 10 95 22 97 96 24 26 70 71 68 51 85 71
88 18 91 60 43 50 53 53 68 14 37 88 41 32 55 31 54 19 42 20 37 51 13 39 30 63 73 82 95 84 91 73 81 45 99 57 58 46 70 38 12 40 36 18 38 26 81 83 41 72 77 41 55 41 40 44 93 68 30 52 79 80 16 44 79 97 29 95 86 65 40 98 30 76 58 46 92 50 14 94 30 84 88 89 11 0 14 97 34 17 31 59 16 55 59 41 91 80 21 87 84 24 37 65 33 33 15 84 88 98 74 39 91 53 41 79 77 26 55 48 63 43 32 33 42 80 33 60 77 81 52 34 49 93 90 80 11 92 17 60 93 81 18 44 81
21 59 75 45 95 27 82 16 64 83 94 15 69 12 47 24 11 67 45 11 74 31 87 26 24 20 97 71 66 24 59 75 57 64 67 70 27 18 22 43 76 39 51 41 11 79 75 26 22 32 62 69 23 19 58 46 10 23 52 30 41 45 49 75 37 44 71 35 55 42 89 64 46 98 49 15 80 40 40 95 34 86 21 72 90 14 0 91 64 61 68 69 97 89 93 88 26 86 43 59 68 15 48 52 59 79 79 34 17 71 63 70 74 97 39 11 72 75 85 21 18 55 74 56 96 39 37 88 38 74 61 65 40 78 76 53 82 31 86 93 46 58 80 26 50
45 68 87 83 24 75 22 48 42 85 36 95 19 66 17 24 41 12 33 78 94 72 72 87 91 21 50 31 48 40 81 94 30 78 87 37 31 55 40 91 66 92 66 13 41 86 34 84 72 91 48 57 31 26 69 15 48 97 60 10 25 43 16 83 58 48 63 72 56 69 86 48 12 48 73 85 43 36 56 32 17 76 90 55 76 97 91 0 14 33 81 81 36 54 41 38 14 58 78 10 52 72 43 44 55 96 41 98 15 48 70 38 74 92 88 43 73 28 28 64 70 81 51 43 22 18 34 47 11 32 44 99 62 77 17 40 22 96 28 18 98 36 26 21 79
73 72 89 73 69 89 17 32 14 32 71 58 76 85 96 68 28 28 76 19 48 79 53 68 48 47 76 94 34 72 85 41 61 47 77 28 98 15 51 39 36 98 41 15 96 88 28 73 48 39 21 15 89 33 10 18 93 23 90 60 67 31 51 17 95 27 59 22 10 55 73 60 58 89 35 16 12 89 93 18 22 32 17 79 80 34 64 14 0 32 37 64 19 10 56 69 37 39 65 44 90 17 48 47 10 23 85 45 80 91 36 99 56 90 52 25 43 47 71 57 50 87 40 54 10 45 29 67 79 84 22 78 48 43 42 49 38 87 56 62 97 90 33 29 29
80 47 21 22 78 79 81 35 92 15 18 84 25 30 33 21 84 38 33 14 69 80 37 69 31 81 44 38 96 25 87 30 25 18 32 92 26 89 48 38 13 47 66 68 10 33 97 83 26 79 74 21 64 27 23 22 90 55 64 77 91 38 20 70 40 19 19 94 25 46 28 91 62 62 13 95 25 10 70 83 81 35 71 44 58 17 61 33 32 0 44 86 37 47 48 80 76 69 70 80 47 27 15 28 60 35 84 40 99 57 81 33 92 88 33 53 43 40 99 10 21 66 63 94 21 86 95 73 18 86 36 16 55 89 66 49 70 98 80 40 10 36 85 70 57
64 35 85 63 96 66 76 93 51 18 63 90 76 11 66 17 28 89 31 40 27 64 14 26 78 87 47 19 97 55 67 92 59 77 72 40 53 68 34 46 68 11 42 21 97 88 68 48 41 29 70 16 89 49 29 34 81 40 89 44 92 38 81 62 62 84 10 46 71 86 30 36 39 26 38 60 88 82 24 94 21 89 45 71 94 31 68 81 37 44 0 14 27 15 32 37 57 98 54 90 76 79 63 68 56 87 90 62 79 49 11 23 19 80 13 96 21 10 46 69 10 71 48 77 26 68 84 51 98 40 11 75 13 57 54 35 84 55 84 29 32 34 47 80 84
81 81 31 71 22 74 20 19 78 23 84 82 20 82 62 72 78 25 80 29 66 18 58 71 30 37 90 85 51 94 43 34 23 81 45 96 30 85 41 38 37 89 54 96 62 25 82 46 65 94 69 14 53 29 71 69 60 97 51 14 86 33 93 52 80 44 56 45 49 16 72 34 34 37 87 63 66 39 34 82 71 34 20 55 97 59 69 81 64 86 14 0 50 10 78 63 68 40 36 66 75 68 61 23 21 14 54 24 99 52 23 52 23 29 82 61 38 81 14 63 46 33 87 64 13 67 95 88 61 88 58 50 88 31 50 54 38 85 35 69 73 29 24 46 14
10 48 84 68 74 96 39 69 71 53 46 80 44 78 66 93 60 67 72 26 28 26 51 11 22 86 65 11 29 65 10 54 85 79 75 96 41 25 46 56 42 24 79 56 80 71 63 26 38 86 50 43 21 39 84 13 92 40 76 77 81 77 11 49 58 94 80 48 25 95 16 87 83 80 94 62 18 84 35 99 75 53 88 65 50 16 97 36 19 37 27 50 0 20 61 58 62 64 55 53 93 65 47 50 88 43 58 52 97 97 22 11 93 55 73 25 27 23 61 20 69 10 94 57 31 21 69 57 89 53 49 47 37 49 96 11 95 87 63 35 28 91 90 18 65
99 61 57 38 14 29 88 87 44 28 21 39 26 12 46 64 79 52 30 24 80 31 66 12 90 65 94 39 27 47 39 39 56 27 90 92 32 71 77 22 53 68 91 14 29 17 10 47 10 84 24 64 22 27 24 90 59 52 30 81 91 80 95 45 62 97 93 73 39 62 40 60 18 12 26 36 72 53 65 84 97 24 60 74 84 55 89 54 10 47 15 10 20 0 86 44 50 69 58 77 72 46 18 92 48 42 19 20 88 80 99 13 22 36 14 20 46 15 15 98 52 28 73 40 68 22 54 27 87 60 80 85 77 86 92 89 38 13 90 94 18 65 23 54 13
98 94 11 84 96 70 58 76 56 87 81 18 65 79 88 79 55 86 73 10 52 62 31 12 71 33 29 72 58 64 32 31 61 50 69 16 19 96 43 86 48 19 31 35 98 50 63 81 96 29 84 23 15 18 66 83 81 71 63 97 46 81 31 23 10 95 54 24 18 96 45 59 72 47 45 60 32 44 23 20 14 97 25 38 29 59 93 41 56 48 32 78 61 86 0 44 82 48 92 46 55 21 11 19 58 88 67 42 67 39 73 99 56 28 68 99 77 93 80 56 36 50 48 65 63 25 31 75 53 47 75 19 33 99 20 85 72 19 28 13 59 30 95 11 16
69 65 89 53 83 96 32 38 78 20 13 26 13 40 11 37 28 36 17 22 46 54 11 13 74 76 32 55 35 84 38 68 56 92 34 25 76 45 93 78 77 73 97 44 70 52 86 91 18 73 84 70 53 90 42 66 28 65 30 90 84 17 37 67 50 76 16 35 14 12 17 57 54 21 56 13 62 36 56 55 83 78 40 55 44 41 88 38 69 80 37 63 58 44 44 0 35 40 26 75 17 30 20 21 64 67 56 49 81 34 87 82 54 26 64 68 50 52 76 65 73 40 78 58 61 16 57 76 84 12 70 36 53 65 78 38 49 23 51 50 18 18 71 82 79
26 25 67 70 31 71 46 29 62 49 54 50 20 29 97 76 59 36 36 58 11 67 65 61 58 71 85 33 71 93 82 48 10 83 66 29 41 29 98 34 75 23 12 47 54 32 82 33 73 62 92 39 96 21 81 40 70 26 53 80 40 24 54 85 98 98 46 44 85 52 76 68 84 84 95 64 29 95 92 52 61 39 61 24 59 91 26 14 37 76 57 68 62 50 82 35 0 22 99 26 17 76 45 62 58 84 82 33 52 53 12 77 79 27 87 11 25 82 71 35 65 71 53 94 44 97 43 86 26 58 57 67 89 57 67 18 70 63 39 43 77 67 69 91 28
51 24 49 63 18 39 21 43 21 50 25 81 33 96 86 43 83 95 47 55 88 27 90 59 25 90 37 86 78 31 28 53 92 24 67 87 87 80 59 34 24 70 17 49 71 73 21 87 30 13 85 66 19 55 78 85 72 11 65 79 16 30 98 75 58 88 75 40 57 71 50 68 12 89 93 28 44 80 36 85 97 52 68 55 51 80 86 58 39 69 98 40 64 69 48 40 22 0 37 55 18 11 79 40 16 75 25 46 62 59 12 55 53 17 37 69 29 14 21 58 43 38 26 37 84 47 56 29 43 75 62 48 46 83 73 71 45 80 45 27 25 39 49 81 86
39 49 45 84 36 18 76 49 70 45 87 74 64 63 54 95 18 79 66 91 15 58 22 90 21 54 34 55 18 79 34 90 75 66 68 40 30 35 26 20 46 37 36 26 17 71 59 75 26 49 64 37 13 32 89 90 47 38 88 78 42 79 10 20 88 61 52 60 96 71 41 57 65 33 70 47 57 56 27 75 26 91 34 73 65 21 43 78 65 70 54 36 55 58 92 26 99 37 0 88 42 58 29 15 66 46 57 44 74 40 36 46 91 66 24 36 82 99 31 65 43 88 43 67 83 46 27 45 72 18 95 23 17 86 62 41 56 99 48 71 16 66 48 17 60
95 67 12 25 87 16 68 49 67 56 98 21 60 34 46 43 11 35 71 30 97 79 68 63 53 51 12 37 66 76 39 80 69 36 41 36 92 92 32 58 69 95 87 87 98 10 68 27 97 80 82 95 74 10 51 49 54 17 79 17 83 67 88 45 57 13 45 88 14 43 21 13 33 79 78 98 18 58 54 62 77 52 12 23 31 87 59 10 44 80 90 66 53 77 46 75 26 55 88 0 71 63 89 36 93 47 59 94 99 88 65 29 42 50 38 68 45 42 76 44 87 66 22 69 70 99 59 79 51 14 93 81 91 84 77 69 10 47 91 41 36 21 57 63 91
68 62 83 28 32 60 82 68 11 27 68 76 85 12 80 51 96 63 89 95 41 16 15 60 58 60 98 42 78 93 95 29 37 34 21 46 94 67 13 88 84 78 84 77 43 94 70 52 14 28 96 58 65 10 71 94 19 72 97 87 85 82 98 18 61 19 22 74 43 33 83 20 88 68 73 78 78 55 83 93 69 49 88 49 69 84 68 52 90 47 76 75 93 72 55 17 17 18 42 71 0 38 26 55 55 79 56 65 98 38 74 83 13 65 32 68 93 34 15 37 51 76 70 20 95 21 21 61 15 15 73 82 92 25 77 43 14 64 95 18 26 24 83 10 74
63 10 85 38 84 22 37 96 57 20 87 79 96 25 94 23 11 20 54 42 22 80 10 97 23 38 76 80 39 27 45 14 60 11 87 84 31 75 55 26 51 55 46 28 33 76 54 24 69 96 18 25 22 96 74 14 79 50 22 79 13 34 11 45 77 35 26 12 89 20 71 83 65 94 91 32 61 76 56 54 54 73 50 60 84 24 15 72 17 27 79 68 65 46 21 30 76 11 58 63 38 0 90 47 21 57 28 29 32 88 55 99 73 33 78 28 38 36 21 85 41 47 50 27 59 21 18 85 11 26 10 39 38 44 87 34 97 85 49 76 14 29 34 95 71
60 86 96 93 14 70 79 99 18 54 69 28 48 51 15 70 94 20 92 56 56 37 65 95 31 24 39 84 97 17 37 78 65 19 30 62 51 94 14 15 54 38 98 34 19 65 60 10 23 13 15 22 43 24 63 30 74 26 83 67 30 52 88 33 54 55 92 99 39 48 94 35 22 11 28 87 10 32 87 99 32 12 19 32 71 37 48 43 48 15 63 61 47 18 11 20 45 79 29 89 26 90 0 23 93 61 54 24 41 84 97 92 63 94 93 52 42 15 43 65 70 64 55 17 17 48 80 87 65 70 97 80 83 26 29 76 52 34 58 89 39 36 44 10 40
15 67 74 27 56 18 87 20 54 67 88 83 38 64 41 82 22 72 30 67 33 19 66 10 95 27 90 61 96 13 99 73 30 35 63 93 34 64 69 68 48 95 66 81 20 24 56 78 50 67 66 64 37 29 51 49 51 48 17 86 35 60 98 26 75 98 82 61 53 74 90 33 54 72 35 72 78 82 63 64 94 79 32 13 35 65 52 44 47 28 68 23 50 92 19 21 62 40 15 36 55 47 23 0 58 90 59 11 26 13 68 48 57 75 56 79 82 90 31 16 94 65 17 91 82 59 56 83 11 48 93 14 65 32 35 47 55 59 39 10 98 46 53 52 72
46 14 32 38 16 79 69 61 74 23 27 51 99 15 96 70 23 34 23 79 27 29 49 64 87 84 52 60 13 45 54 72 55 25 16 10 67 99 91 76 71 41 13 63 97 28 13 21 89 92 60 63 90 83 74 28 64 49 14 72 97 88 66 97 60 96 97 59 75 48 97 31 79 59 80 70 92 91 74 25 52 76 34 37 40 33 59 55 10 60 56 21 88 48 58 64 58 16 66 93 55 21 93 58 0 16 99 57 68 24 20 65 35 69 19 69 26 84 14 59 28 41 91 13 69 24 14 14 29 22 21 39 48 80 39 12 54 22 10 40 21 84 66 50 35
20 14 67 71 76 66 94 13 60 10 53 91 91 23 64 97 38 93 70 59 37 60 26 93 89 56 64 42 43 61 65 55 24 86 81 89 14 67 44 37 54 92 35 63 37 10 53 60 13 87 92 85 22 36 79 51 94 68 42 64 46 67 52 46 67 57 63 93 14 12 30 35 37 33 15 89 29 52 77 42 57 61 93 30 48 33 79 96 23 35 87 14 43 42 88 67 84 75 46 47 79 57 61 90 16 0 34 55 17 98 63 26 94 31 46 31 78 32 64 65 45 74 76 90 99 81 46 91 78 35 22 40 93 71 54 12 92 66 91 91 95 91 84 99 85
57 99 11 48 65 43 32 35 67 40 36 87 45 39 31 19 21 46 24 39 76 59 45 92 86 69 63 95 79 61 47 14 97 58 67 42 53 67 20 22 21 35 52 62 40 60 62 76 94 94 50 48 53 72 16 86 29 59 89 92 13 15 63 21 41 22 32 35 70 77 63 86 68 18 59 27 49 17 97 92 97 36 86 21 92 15 79 41 85 84 90 54 58 19 67 56 82 25 57 59 56 28 54 59 99 34 0 81 86 66 74 13 75 67 31 11 31 72 18 71 90 91 99 82 82 92 89 99 28 68 20 64 30 14 76 34 17 48 62 24 71 38 70 49 82
33 65 98 48 32 34 93 59 17 19 67 68 51 29 14 45 45 60 78 84 59 59 67 66 42 26 99 65 40 24 13 63 34 92 90 87 98 79 65 50 64 49 77 65 12 57 79 40 18 30 89 30 23 64 34 56 78 40 41 96 14 61 38 15 14 83 11 83 95 71 78 54 85 68 67 71 27 10 50 54 44 76 31 65 13 84 34 98 45 40 62 24 52 20 42 49 33 46 44 94 65 29 24 11 57 55 81 0 92 66 23 54 78 34 27 54 39 84 33 74 31 13 25 78 84 36 52 74 76 72 26 96 85 75 49 19 94 67 58 71 50 45 89 63 37
86 98 53 62 70 87 40 56 40 62 25 22 46 16 30 91 63 17 23 90 34 37 39 95 47 41 20 98 61 14 39 89 56 38 21 34 97 10 96 52 99 58 57 28 15 38 80 18 85 21 18 98 23 47 68 50 77 16 34 18 46 91 63 29 38 93 15 42 81 37 30 28 84 98 81 29 84 86 82 46 21 15 12 69 21 88 17 15 80 99 79 99 97 88 67 81 52 62 74 99 98 32 41 26 68 17 86 92 0 34 71 87 43 68 99 36 76 74 23 16 53 75 83 84 39 66 41 95 24 58 60 48 81 80 32 35 40 10 67 71 66 68 50 53 69
18 55 69 49 67 31 76 26 67 28 50 15 36 75 46 61 53 70 85 91 10 48 42 86 34 33 41 24 11 49 12 51 19 54 77 79 42 13 34 27 73 44 19 95 48 81 82 97 67 74 67 19 69 40 60 21 40 12 55 79 53 94 83 22 62 53 67 26 67 68 47 24 39 55 19 32 83 63 44 11 63 79 87 61 52 98 71 48 91 57 49 52 97 80 39 34 53 59 40 88 38 88 84 13 24 98 66 66 34 0 43 65 70 77 39 55 59 97 69 43 53 10 85 62 53 81 55 72 37 58 20 81 41 65 55 32 40 58 93 31 54 25 95 50 94
10 34 13 21 25 23 81 80 64 35 47 17 37 55 29 30 58 56 20 42 19 99 49 39 25 83 42 82 24 86 70 32 99 47 16 60 67 45 12 35 54 78 74 60 12 35 57 22 95 76 45 15 81 60 24 38 34 62 51 92 38 48 82 62 23 17 86 27 70 93 70 50 30 83 71 39 57 71 82 82 64 82 73 70 82 74 63 70 36 81 11 23 22 99 73 87 12 12 36 65 74 55 97 68 20 63 74 23 71 43 0 68 95 62 10 58 76 17 91 71 74 69 30 58 69 90 35 28 90 48 87 78 97 43 86 37 94 69 26 80 93 32 85 93 71
22 22 21 55 56 16 81 14 53 61 48 59 14 45 87 71 57 28 36 72 88 55 24 35 54 53 80 54 68 50 41 31 88 41 86 96 75 64 49 36 70 44 80 85 22 94 84 89 39 84 43 66 64 99 79 59 50 89 69 31 75 84 61 34 61 86 79 96 43 99 45 28 28 80 30 96 36 43 45 49 92 85 45 52 22 39 70 38 99 33 23 52 11 13 99 82 77 55 46 29 83 99 92 48 65 26 13 54 87 65 68 0 61 35 10 17 68 79 40 98 75 25 93 79 84 74 74 90 81 99 71 44 74 85 16 32 66 76 37 69 87 10 51 70 40
87 50 98 64 30 92 66 55 44 11 21 40 57 26 25 54 74 71 89 82 48 27 84 27 43 48 15 37 64 32 89 61 80 64 46 92 22 13 82 74 77 73 37 95 57 97 18 16 41 94 11 85 79 30 54 75 94 22 36 10 21 14 56 94 78 65 86 18 36 34 91 12 37 73 17 82 81 12 86 61 93 28 45 40 99 91 74 74 56 92 19 23 93 22 56 54 79 53 91 42 13 73 63 57 35 94 75 78 43 70 95 61 0 33 10 45 84 90 60 45 82 46 82 50 41 33 19 26 12 23 81 70 89 42 21 11 61 22 78 88 95 82 68 37 30
53 16 56 11 71 97 89 57 97 27 64 80 78 28 49 88 20 22 83 89 39 97 83 96 28 81 55 30 98 19 97 15 48 48 95 93 80 63 98 28 42 26 98 89 16 35 13 97 82 16 91 51 73 74 91 92 49 40 59 13 32 40 65 63 63 32 22 35 65 22 74 77 28 32 71 11 66 37 72 66 62 43 78 56 54 53 97 92 90 88 80 29 55 36 28 26 27 17 66 50 65 33 94 75 69 31 67 34 68 77 62 35 33 0 53 12 35 15 98 24 92 90 77 72 59 34 23 94 17 12 13 55 23 85 95 23 61 64 15 93 38 89 75 63 86
18 74 18 40 21 50 49 46 15 63 16 68 70 59 16 43 75 50 70 85 77 61 64 54 66 12 97 98 76 36 59 75 55 26 75 40 16 47 96 10 32 97 22 72 68 10 65 48 47 29 53 47 15 46 69 80 13 19 95 92 44 81 29 67 58 38 52 33 39 93 96 10 53 45 61 17 48 47 81 46 40 73 80 63 32 41 39 88 52 33 13 82 73 14 68 64 87 37 24 38 32 78 93 56 19 46 31 27 99 39 10 10 10 53 0 23 67 45 46 20 64 26 57 69 98 92 13 56 34 38 42 97 39 87 36 32 66 52 83 17 82 34 53 83 66
95 11 71 33 71 96 32 76 63 71 43 44 66 59 62 70 34 80 50 14 78 63 13 35 91 32 39 43 10 40 69 85 14 72 96 73 33 38 10 24 26 66 70 52 64 23 45 77 86 70 62 31 40 29 21 30 47 22 18 13 49 33 15 82 69 99 36 67 61 14 36 82 41 17 45 14 77 24 73 85 67 95 30 32 21 79 11 43 25 53 96 61 25 20 99 68 11 69 36 68 68 28 52 79 69 31 11 54 36 55 58 17 45 12 23 0 87 37 80 95 27 38 55 66 69 33 42 46 82 25 13 10 66 96 91 85 31 39 83 46 12 36 15 63 69
12 52 34 49 95 38 20 25 50 46 28 49 40 44 19 20 84 40 52 69 29 16 82 92 87 50 67 27 46 55 54 53 73 96 29 61 20 81 82 95 41 19 98 15 34 59 66 82 78 54 86 66 81 12 46 94 91 35 27 35 72 26 20 13 25 61 54 30 34 60 71 71 74 21 79 91 32 23 18 16 38 55 17 28 15 77 72 73 43 43 21 38 27 46 77 50 25 29 82 45 93 38 42 82 26 78 31 39 76 59 76 68 84 35 67 87 0 46 91 12 44 62 32 89 89 40 89 93 54 79 35 43 28 99 37 18 89 86 33 97 94 15 49 31 19
50 44 48 84 28 64 91 16 51 67 58 16 93 99 13 98 13 27 62 39 73 43 26 97 28 72 14 55 94 33 70 71 96 99 42 57 78 58 75 21 35 45 72 77 57 38 12 13 31 64 20 16 78 82 97 49 19 53 58 85 88 43 80 18 84 62 97 63 83 48 48 68 31 69 19 88 25 35 92 43 69 95 85 74 11 26 75 28 47 40 10 81 23 15 93 52 82 14 99 42 34 36 15 90 84 32 72 84 74 97 17 79 90 15 45 37 46 0 89 20 68 32 83 77 24 13 22 68 27 76 64 88 92 25 20 65 75 23 28 64 71 61 84 58 18
75 50 77 78 84 10 42 92 79 93 52 86 48 33 78 17 13 59 69 52 47 52 84 13 22 60 74 23 49 34 45 40 23 65 85 12 19 13 74 51 98 97 17 53 47 72 45 86 38 56 22 92 40 84 64 15 68 49 73 23 31 36 22 42 41 47 62 57 27 66 28 83 55 15 36 24 85 53 14 13 20 11 20 57 61 55 85 28 71 99 46 14 61 15 80 76 71 21 31 76 15 21 43 31 14 64 18 33 23 69 91 40 60 98 46 80 91 89 0 51 71 12 46 50 38 21 61 39 24 59 15 96 41 85 92 19 78 51 46 42 69 99 52 34 59
44 57 15 68 59 85 68 52 83 25 31 24 32 72 80 63 81 44 41 41 65 91 32 22 58 46 94 53 73 60 55 48 34 45 95 58 11 33 11 96 79 93 69 34 23 94 40 62 65 28 63 56 89 52 80 53 43 54 91 20 70 56 88 30 25 51 35 32 32 53 91 54 56 74 89 96 45 58 35 88 46 40 61 89 40 48 21 64 57 10 69 63 20 98 56 65 35 58 65 44 37 85 65 16 59 65 71 74 16 43 71 98 45 24 20 95 12 20 51 0 71 79 94 67 22 68 50 22 17 26 32 19 23 87 32 95 89 46 44 79 49 99 50 75 77
97 93 62 60 71 80 20 36 62 72 34 59 51 38 45 63 56 16 77 98 13 98 22 44 34 60 72 37 76 30 22 69 23 19 46 85 52 26 47 33 11 86 45 59 95 88 27 83 49 53 84 56 71 27 14 68 92 24 31 80 49 23 64 15 15 59 14 46 95 73 36 51 51 47 93 96 96 75 38 72 72 48 52 38 65 63 18 70 50 21 10 46 69 52 36 73 65 43 43 87 51 41 70 94 28 45 90 31 53 53 74 75 82 92 64 27 44 68 71 71 0 56 37 17 24 18 92 14 38 43 25 94 68 22 46 30 56 14 57 82 77 35 69 47 60
80 27 80 20 21 72 92 71 83 45 82 45 45 97 51 45 74 64 30 69 17 15 96 62 54 80 61 96 78 64 11 24 24 30 30 71 56 66 90 33 31 46 14 17 71 99 73 59 19 60 32 78 49 59 79 75 81 92 30 18 91 47 12 18 49 36 36 19 89 74 82 87 98 89 86 88 64 52 20 59 68 98 26 72 74 43 55 81 87 66 71 33 10 28 50 40 71 38 88 66 76 47 64 65 41 74 91 13 75 10 69 25 46 90 26 38 62 32 12 79 56 0 23 71 48 85 90 41 23 83 56 83 45 58 46 45 33 75 30 18 64 66 10 96 75
76 98 79 42 36 43 22 47 20 74 51 83 55 91 46 11 30 17 57 75 51 91 31 90 71 93 41 59 64 41 86 76 58 97 63 66 66 74 26 63 74 80 27 56 16 11 18 44 34 98 94 24 74 63 92 66 55 51 48 85 18 60 99 29 81 65 61 35 28 58 41 28 99 58 40 46 50 78 26 60 14 93 88 19 79 32 74 51 40 63 48 87 94 73 48 78 53 26 43 22 70 50 55 17 91 76 99 25 83 85 30 93 82 77 57 55 32 83 46 94 37 23 0 89 41 67 46 85 56 24 48 94 83 45 35 38 58 67 35 20 49 90 89 65 59
69 83 18 12 20 21 25 59 60 41 67 93 16 83 65 65 20 79 38 23 36 27 48 88 97 41 78 57 38 72 45 73 96 60 95 76 15 54 12 87 21 99 42 22 45 56 95 97 80 32 62 54 99 40 95 92 71 45 38 90 78 58 47 45 37 97 90 67 77 15 10 72 38 95 74 51 28 46 24 70 17 87 83 18 96 33 56 43 54 94 77 64 57 40 65 58 94 37 67 69 20 27 17 91 13 90 82 78 84 62 58 79 50 72 69 66 89 77 50 67 17 71 89 0 71 21 66 34 89 31 77 73 50 34 16 20 41 39 83 12 91 37 78 37 59
67 18 80 37 85 61 95 26 17 98 44 42 57 25 50 14 67 76 94 32 36 76 16 65 67 99 91 88 49 34 51 71 56 35 29 32 51 85 13 32 41 84 17 29 22 12 58 20 17 97 17 24 79 87 75 17 15 59 75 28 25 83 87 33 25 18 57 82 14 89 89 22 45 89 45 91 16 70 84 59 14 19 48 19 57 42 96 22 10 21 26 13 31 68 63 61 44 84 83 70 95 59 17 82 69 99 82 84 39 53 69 84 41 59 98 69 89 24 38 22 24 48 41 71 0 31 30 93 81 74 44 40 68 10 70 71 64 60 87 41 26 49 50 79 12
78 85 63 27 53 72 42 31 25 78 36 26 31 56 20 91 52 86 86 73 92 80 32 65 10 41 59 60 22 19 15 67 93 13 33 44 88 58 82 15 80 28 54 20 39 67 74 89 18 24 21 45 36 24 22 14 65 37 53 82 22 90 47 42 41 86 75 35 84 15 78 66 39 95 53 72 93 66 81 61 34 46 54 90 22 80 39 18 45 86 68 67 21 22 25 16 97 47 46 99 21 21 48 59 24 81 92 36 66 81 90 74 33 34 92 33 40 13 21 68 18 85 67 21 31 0 38 96 17 63 29 68 93 63 73 51 22 23 63 31 10 14 34 74 30
93 40 15 96 91 55 50 31 96 62 39 48 77 76 65 37 93 41 33 39 31 71 72 42 63 16 92 82 65 45 96 69 48 31 75 49 85 45 88 37 60 68 58 60 94 16 55 73 16 21 63 51 43 54 36 20 61 29 12 46 99 63 45 98 73 87 13 20 79 33 41 93 99 85 16 30 23 58 19 62 64 73 18 14 12 33 37 34 29 95 84 95 69 54 31 57 43 56 27 59 21 18 80 56 14 46 89 52 41 55 35 74 19 23 13 42 89 22 61 50 92 90 46 66 30 38 0 13 26 80 89 98 53 54 19 56 37 32 12 57 61 72 59 50 89
53 64 24 99 18 91 63 12 13 14 30 63 49 20 61 39 36 59 51 52 67 90 56 48 46 87 80 90 22 69 57 28 27 66 61 50 27 40 94 86 88 18 87 91 10 48 15 64 95 14 75 60 52 76 25 51 60 39 63 78 20 26 32 28 85 26 53 65 45 11 86 67 69 33 67 13 65 31 94 75 27 62 99 14 49 60 88 47 67 73 51 88 57 27 75 76 86 29 45 79 61 85 87 83 14 91 99 74 95 72 28 90 26 94 56 46 93 68 39 22 14 41 85 34 93 96 13 0 38 99 58 58 59 34 98 51 53 52 33 88 26 72 28 86 66
83 49 23 72 63 60 68 36 15 80 66 24 80 89 10 40 99 23 39 46 42 88 10 16 63 76 39 89 95 19 12 53 95 62 39 93 14 16 23 14 48 66 13 36 94 44 56 26 70 55 71 57 85 70 30 84 78 58 25 21 74 77 19 18 43 81 13 52 61 41 44 46 93 81 38 99 23 17 84 81 12 90 67 19 38 77 38 11 79 18 98 61 89 87 53 84 26 43 72 51 15 11 65 11 29 78 28 76 24 37 90 81 12 17 34 82 54 27 24 17 38 23 56 89 81 17 26 38 0 31 10 59 28 66 16 54 54 71 67 43 55 70 92 17 99
72 46 70 54 36 43 44 45 40 97 71 55 96 18 48 19 33 59 71 41 73 37 19 21 91 53 10 52 41 67 23 86 48 18 96 43 75 11 89 30 64 50 94 92 48 41 53 83 54 94 28 70 49 66 83 96 26 74 31 26 87 97 71 92 31 86 86 62 63 54 66 57 86 90 15 40 90 26 73 60 25 56 78 11 58 81 74 32 84 86 40 88 53 60 47 12 58 75 18 14 15 26 70 48 22 35 68 72 58 58 48 99 23 12 38 25 79 76 59 26 43 83 24 31 74 63 80 99 31 0 81 64 64 51 87 49 19 67 38 22 43 95 28 75 46
60 32 78 86 27 16 95 26 92 10 66 84 78 69 53 24 92 56 72 15 58 69 14 77 24 54 63 64 24 38 82 86 34 72 12 88 90 21 95 91 13 72 14 72 34 12 42 34 56 14 44 56 77 91 51 51 88 78 56 21 22 53 33 49 10 81 84 90 66 85 57 83 45 56 93 55 58 35 45 77 99 35 52 83 18 52 61 44 22 36 11 58 49 80 75 70 57 62 95 93 73 10 97 93 21 22 20 26 60 20 87 71 81 13 42 13 35 64 15 32 25 56 48 77 44 29 89 58 10 81 0 57 97 18 61 37 89 96 35 54 79 20 27 91 96
22 47 73 68 79 17 85 18 47 64 97 52 50 51 39 55 42 25 58 73 37 15 97 67 23 33 22 37 85 19 53 58 22 15 20 23 79 55 17 25 84 31 10 28 56 45 25 17 50 56 40 44 25 49 97 84 57 93 78 27 24 58 69 28 36 68 74 15 31 97 10 95 87 61 65 63 47 77 32 74 63 83 85 26 28 34 65 99 78 16 75 50 47 85 19 36 67 48 23 81 82 39 80 14 39 40 64 96 48 81 78 44 70 55 97 10 43 88 96 19 94 83 94 73 40 68 98 58 59 64 57 0 33 70 21 69 75 38 97 61 75 94 95 26 46
77 59 39 39 47 15 88 17 13 14 57 11 99 32 89 39 83 99 58 52 85 10 12 59 24 44 52 38 25 33 57 63 51 76 76 31 16 17 33 99 61 96 66 12 61 38 99 94 68 26 78 85 47 71 31 64 93 27 54 27 53 59 94 58 93 20 87 74 99 37 68 64 40 57 23 33 87 38 19 14 66 31 14 96 10 49 40 62 48 55 13 88 37 77 33 53 89 46 17 91 92 38 83 65 48 93 30 85 81 41 97 74 89 23 39 66 28 92 41 23 68 45 83 50 68 93 53 59 28 64 97 33 0 70 91 23 76 35 28 44 51 42 99 10 75
69 83 90 71 59 42 45 76 99 91 29 65 52 88 73 76 32 46 19 28 28 28 59 60 13 24 39 54 51 36 10 63 83 89 94 79 76 53 12 39 52 66 59 13 61 18 14 91 29 82 33 43 20 70 45 29 24 52 26 19 76 73 56 46 55 55 53 86 57 17 99 43 39 20 92 58 44 25 71 12 68 58 77 85 95 93 78 77 43 89 57 31 49 86 99 65 57 83 86 84 25 44 26 32 80 71 14 75 80 65 43 85 42 85 87 96 99 25 85 87 22 58 45 34 10 63 54 34 66 51 18 70 70 0 71 61 26 39 57 44 39 20 21 64 17
41 94 21 42 38 13 40 25 63 90 20 53 45 97 10 64 13 45 52 76 35 18 26 40 63 32 42 57 16 28 47 69 37 56 96 60 30 92 56 57 18 11 63 74 92 43 79 20 54 78 29 20 52 91 54 60 45 11 92 64 94 62 14 85 42 64 49 42 45 41 85 48 32 89 47 38 84 53 70 16 22 57 19 74 22 90 76 17 42 66 54 50 96 92 20 78 67 73 62 77 77 87 29 35 39 54 76 49 32 55 86 16 21 95 36 91 37 20 92 32 46 46 35 16 70 73 19 98 16 87 61 21 91 71 0 84 77 90 76 20 82 11 92 49 17
52 31 90 10 15 88 61 10 60 21 90 69 62 37 18 90 18 44 48 46 37 12 34 77 89 19 40 85 43 93 88 79 73 79 52 75 19 91 25 50 37 55 29 87 51 23 19 20 56 30 10 50 58 68 62 91 34 33 17 55 42 99 92 92 71 26 74 40 30 78 78 97 23 32 64 81 93 56 35 65 35 24 62 91 97 80 53 40 49 49 35 54 11 89 85 38 18 71 41 69 43 34 76 47 12 12 34 19 35 32 37 32 11 23 32 85 18 65 19 95 30 45 38 20 71 51 56 51 54 49 37 69 23 61 84 0 23 90 68 84 73 70 82 22 98
95 17 82 66 50 28 81 34 51 97 51 59 58 76 92 91 71 37 14 54 60 38 35 54 22 63 88 12 52 95 89 47 77 41 79 61 13 70 39 70 47 69 37 60 59 27 45 91 68 42 78 31 26 37 10 94 95 44 62 40 62 42 21 86 69 46 69 45 42 89 69 73 55 49 50 43 16 45 47 10 23 60 68 28 96 11 82 22 38 70 84 38 95 38 72 49 70 45 56 10 14 97 52 55 54 92 17 94 40 40 94 66 61 61 66 31 89 75 78 89 56 33 58 41 64 22 37 53 54 19 89 75 76 26 77 23 0 55 71 98 36 29 68 35 59
59 61 53 41 24 13 87 70 59 29 76 55 43 92 60 11 98 72 73 90 16 90 56 46 57 78 96 68 30 66 61 26 37 25 39 31 13 76 57 60 95 68 84 55 74 23 33 55 67 10 69 62 21 39 31 12 91 52 57 73 68 51 70 65 42 66 20 37 99 45 93 69 35 91 93 28 86 92 29 25 40 45 91 85 24 92 31 96 87 98 55 85 87 13 19 23 63 80 99 47 64 85 34 59 22 66 48 67 10 58 69 76 22 64 52 39 86 23 51 46 14 75 67 39 60 23 32 52 71 67 96 38 35 39 90 90 55 0 33 22 39 16 24 64 34
89 45 89 73 73 69 76 40 88 92 38 53 45 69 54 77 26 60 38 74 94 85 82 42 60 33 30 42 75 68 93 94 88 49 96 17 97 68 91 39 65 47 84 65 38 19 91 22 99 29 89 40 33 91 16 74 34 33 67 72 12 13 44 47 79 29 30 57 75 65 99 54 42 88 14 84 55 90 23 15 53 69 79 39 26 17 86 28 56 80 84 35 63 90 28 51 39 45 48 91 95 49 58 39 10 91 62 58 67 93 26 37 78 15 83 83 33 28 46 44 57 30 35 83 87 63 12 33 67 38 35 97 28 57 76 68 71 33 0 84 22 48 92 61 88
91 62 39 72 48 97 41 74 27 32 77 78 21 72 89 22 11 90 87 89 60 75 90 29 21 32 90 58 67 36 36 45 82 93 84 46 26 39 45 76 62 73 97 20 54 47 15 91 31 54 67 60 28 61 37 66 10 85 72 22 33 32 58 23 72 25 66 67 57 43 50 38 50 48 27 79 67 69 22 81 94 74 43 36 70 60 93 18 62 40 29 69 35 94 13 50 43 27 71 41 18 76 89 10 40 91 24 71 71 31 80 69 88 93 17 46 97 64 42 79 82 18 20 12 41 31 57 88 43 22 54 61 44 44 20 84 98 22 84 0 54 21 63 25 59
64 88 75 88 91 12 20 13 89 81 44 97 90 13 88 98 30 11 65 25 11 79 15 63 50 59 17 13 87 79 96 10 46 52 29 94 51 87 50 27 45 47 31 85 68 17 72 64 56 65 56 75 90 35 11 47 22 26 30 93 93 22 20 13 87 28 82 82 16 37 67 56 28 60 37 38 40 82 86 88 76 23 97 37 71 93 46 98 97 10 32 73 28 18 59 18 77 25 16 36 26 14 39 98 21 95 71 50 66 54 93 87 95 38 82 12 94 71 69 49 77 64 49 91 26 10 61 26 55 43 79 75 51 39 82 73 36 39 22 54 0 54 26 88 45
54 59 61 21 12 68 18 45 54 38 28 13 74 43 62 36 98 58 84 22 94 64 11 90 17 46 16 52 66 86 74 53 11 72 36 50 16 33 98 45 77 51 89 66 80 57 40 97 59 30 20 78 58 62 31 64 51 24 40 99 88 21 53 79 40 63 24 14 82 49 66 49 28 13 99 23 31 77 23 17 43 66 14 80 68 81 58 36 90 36 34 29 91 65 30 18 67 39 66 21 24 29 36 46 84 91 38 45 68 25 32 10 82 89 34 36 15 61 99 99 35 66 90 37 49 14 72 72 70 95 20 94 42 20 11 70 29 16 48 21 54 0 82 43 73
41 23 61 37 36 58 31 38 44 60 22 51 33 99 66 28 10 85 86 12 96 98 95 53 20 64 24 30 64 13 35 78 67 79 23 10 65 35 67 85 26 77 80 62 66 31 32 43 82 47 62 80 52 53 31 58 50 79 43 78 98 48 15 25 22 89 35 71 31 35 15 91 17 60 20 85 85 40 99 50 89 89 54 70 51 18 80 26 33 85 47 24 90 23 95 71 69 49 48 57 83 34 44 53 66 84 70 89 50 95 85 51 68 75 53 15 49 84 52 50 69 10 89 78 50 34 59 28 92 28 27 95 99 21 92 82 68 24 92 63 26 82 0 99 88
21 79 64 85 83 93 59 30 25 87 41 75 86 28 58 53 45 10 90 92 91 22 94 25 44 34 92 49 75 28 82 64 93 78 56 68 95 78 74 70 18 26 97 55 60 40 78 28 73 95 11 87 18 20 59 22 19 27 44 43 84 88 11 10 76 54 87 23 51 14 88 89 89 38 70 80 93 54 77 83 59 56 16 94 85 44 26 21 29 70 80 46 18 54 11 82 91 81 17 63 10 95 10 52 50 99 49 63 53 50 93 70 37 63 83 63 31 58 34 75 47 96 65 37 79 74 50 86 17 75 91 26 10 64 49 22 35 64 61 25 88 43 99 0 90
78 13 10 78 84 30 85 98 42 37 48 32 57 10 71 74 36 33 91 44 20 54 50 10 37 64 23 20 24 96 66 60 63 61 37 14 36 82 96 29 13 80 93 16 14 69 30 76 90 80 89 30 27 95 77 54 68 76 56 55 58 15 87 18 41 67 51 33 65 23 82 15 97 91 70 59 42 29 94 79 24 12 11 60 71 81 50 79 29 57 84 14 65 13 16 79 28 86 60 91 74 71 40 72 35 85 82 37 69 94 71 40 30 86 66 69 19 18 59 77 60 75 59 59 12 30 89 66 99 46 96 46 75 17 17 98 59 34 88 59 45 73 88 90 0