35
0 99 18 28 45 62 55 96 61 70 74 98 59 88 60 54 39 19 35 19 78 70 58 26 14 40 62 22 68 94 16 31 87 36 98
99 0 42 79 49 31 82 40 38 85 16 78 84 80 31 89 15 42 90 27 24 17 83 15 81 77 41 40 63 59 45 39 64 11 28
18 42 0 35 34 41 70 46 94 13 82 18 94 42 82 97 47 22 45 53 69 30 44 57 81 78 89 65 23 50 16 11 89 51 26
28 79 35 0 76 92 12 80 91 51 25 21 93 56 37 85 29 54 75 26 48 23 32 34 59 95 55 64 75 62 99 12 10 99 93
45 49 34 76 0 77 18 69 15 86 97 42 98 63 80 15 29 39 77 10 20 98 45 35 53 17 16 18 40 63 59 63 63 36 22
62 31 41 92 77 0 73 43 80 74 94 51 26 14 52 61 42 99 20 49 42 58 52 17 26 78 46 83 26 60 96 12 86 88 55
55 82 70 12 18 73 0 15 11 73 64 61 28 36 84 34 62 46 19 64 85 79 16 76 44 32 80 52 10 24 78 86 59 38 10
96 40 46 80 69 43 15 0 19 95 22 79 55 45 93 39 97 67 77 77 77 38 97 48 81 85 15 69 14 37 26 65 17 38 98
61 38 94 91 15 80 11 19 0 10 61 41 40 37 74 97 79 26 87 22 84 39 89 60 66 60 11 71 26 55 79 43 13 74 80
70 85 13 51 86 74 73 95 10 0 64 66 83 75 72 30 16 84 83 64 14 62 99 72 45 91 82 36 13 44 17 78 28 27 46
74 16 82 25 97 94 64 22 61 64 0 21 62 68 24 44 51 82 48 80 75 44 49 89 51 89 46 40 88 50 63 98 65 55 16
98 78 18 21 42 51 61 79 41 66 21 0 94 29 36 38 82 20 82 48 57 68 72 24 56 66 86 50 43 23 79 53 57 78 19
59 84 94 93 98 26 28 55 40 83 62 94 0 73 44 52 35 53 36 91 85 47 26 76 71 41 81 45 32 28 83 99 11 88 64
88 80 42 56 63 14 36 45 37 75 68 29 73 0 41 88 54 71 61 35 87 76 24 10 73 91 86 74 83 41 75 97 76 29 20
60 31 82 37 80 52 84 93 74 72 24 36 44 41 0 18 56 84 28 19 12 50 26 88 15 15 40 46 79 92 69 71 43 19 20
54 89 97 85 15 61 34 39 97 30 44 38 52 88 18 0 67 26 68 19 20 19 99 70 18 26 11 62 50 94 58 17 57 85 18
39 15 47 29 29 42 62 97 79 16 51 82 35 54 56 67 0 60 67 93 62 12 51 41 12 45 58 56 10 17 21 77 90 78 80
19 42 22 54 39 99 46 67 26 84 82 20 53 71 84 26 60 0 85 19 62 94 28 36 96 29 20 53 33 53 13 59 82 37 42
35 90 45 75 77 20 19 77 87 83 48 82 36 61 28 68 67 85 0 93 66 62 73 28 89 75 18 67 20 28 87 38 71 22 72
19 27 53 26 10 49 64 77 22 64 80 48 91 35 19 19 93 19 93 0 39 57 99 45 30 90 40 68 23 47 82 90 76 16 33
78 24 69 48 20 42 85 77 84 14 75 57 85 87 12 20 62 62 66 39 0 90 61 70 48 37 22 64 63 56 83 53 83 36 71
70 17 30 23 98 58 79 38 39 62 44 68 47 76 50 19 12 94 62 57 90 0 38 11 92 12 46 38 45 34 20 88 12 93 67
58 83 44 32 45 52 16 97 89 99 49 72 26 24 26 99 51 28 73 99 61 38 0 70 35 37 40 66 95 74 30 42 94 17 10
26 15 57 34 35 17 76 48 60 72 89 24 76 10 88 70 41 36 28 45 70 11 70 0 10 12 16 49 69 97 43 12 58 94 78
14 81 81 59 53 26 44 81 66 45 51 56 71 73 15 18 12 96 89 30 48 92 35 10 0 25 65 55 25 50 28 34 10 25 75
40 77 78 95 17 78 32 85 60 91 89 66 41 91 15 26 45 29 75 90 37 12 37 12 25 0 28 81 62 18 63 26 65 64 54
62 41 89 55 16 46 80 15 11 82 46 86 81 86 40 11 58 20 18 40 22 46 40 16 65 28 0 99 97 92 72 94 84 51 82
22 40 65 64 18 83 52 69 71 36 40 50 45 74 46 62 56 53 67 68 64 38 66 49 55 81 99 0 72 44 83 73 33 61 94
68 63 23 75 40 26 10 14 26 13 88 43 32 83 79 50 10 33 20 23 63 45 95 69 25 62 97 72 0 46 33 60 75 69 15
94 59 50 62 63 60 24 37 55 44 50 23 28 41 92 94 17 53 28 47 56 34 74 97 50 18 92 44 46 0 54 75 14 90 89
16 45 16 99 59 96 78 26 79 17 63 79 83 75 69 58 21 13 87 82 83 20 30 43 28 63 72 83 33 54 0 84 64 34 68
31 39 11 12 63 12 86 65 43 78 98 53 99 97 71 17 77 59 38 90 53 88 42 12 34 26 94 73 60 75 84 0 98 52 34
87 64 89 10 63 86 59 17 13 28 65 57 11 76 43 57 90 82 71 76 83 12 94 58 10 65 84 33 75 14 64 98 0 97 74
36 11 51 99 36 88 38 38 74 27 55 78 88 29 19 85 78 37 22 16 36 93 17 94 25 64 51 61 69 90 34 52 97 0 36
98 28 26 93 22 55 10 98 80 46 16 19 64 20 20 18 80 42 72 33 71 67 10 78 75 54 82 94 15 89 68 34 74 36 0