40
0 40 47 24 18 72 12 59 91 93 44 87 98 85 34 93 30 50 79 91 68 56 87 45 10 87 29 78 19 51 27 81 23 65 41 84 74 21 49 99 
54 0 54 77 14 21 31 77 18 86 96 71 83 80 81 96 63 42 96 62 76 21 38 51 54 10 95 62 52 66 36 28 70 96 51 57 98 29 74 85 
42 98 0 71 55 64 22 25 77 66 75 76 24 25 80 91 45 28 56 99 48 25 52 43 43 24 30 53 31 68 50 74 24 97 75 30 43 81 52 56 
85 71 78 0 23 76 89 59 23 96 27 86 87 78 65 86 97 74 99 90 29 96 14 31 64 31 26 13 42 95 64 88 84 13 16 19 34 35 31 83 
81 34 99 43 0 72 50 99 22 29 65 45 69 84 37 15 96 12 88 82 26 37 24 76 94 72 58 74 91 73 48 25 55 39 38 39 74 77 88 93 
81 58 63 76 54 0 46 60 46 74 41 12 33 41 40 91 20 66 89 52 60 86 88 13 96 18 74 71 72 97 37 75 39 33 23 39 34 12 18 53 
13 10 53 95 77 29 0 51 82 93 70 90 11 37 29 21 71 48 85 89 35 17 77 50 55 36 61 90 24 28 50 50 78 44 85 65 76 64 34 94 
58 17 98 20 96 15 32 0 87 24 72 22 88 17 69 78 99 62 72 26 32 85 38 19 88 22 80 81 17 29 33 16 40 71 32 93 96 25 52 45 
64 98 29 86 22 32 18 50 0 34 52 95 38 27 12 12 89 13 66 33 16 56 48 45 40 22 38 16 26 50 11 49 85 52 71 42 34 60 36 20 
84 36 67 39 82 26 34 10 79 0 32 72 98 14 61 89 30 32 11 88 47 17 17 10 96 41 40 19 66 86 76 32 10 34 65 98 66 14 20 71 
19 91 88 84 20 53 24 39 79 79 0 81 47 68 33 77 55 23 14 47 22 74 57 23 33 71 77 71 65 33 91 90 52 29 49 31 82 24 77 38 
48 73 62 29 96 88 55 31 32 97 81 0 23 97 31 76 82 81 76 38 79 94 52 18 51 10 12 18 18 83 18 73 96 39 97 40 76 43 30 93 
28 75 58 99 42 73 90 27 60 84 18 82 0 15 59 45 43 81 91 72 89 14 59 49 83 85 77 94 27 71 77 57 91 45 86 41 26 86 65 74 
18 37 59 91 45 16 83 73 50 81 69 43 37 0 26 88 98 90 16 75 31 74 51 37 38 55 64 51 37 42 88 95 18 54 80 17 34 62 15 87 
64 54 75 78 27 59 67 15 37 59 84 32 70 24 0 80 83 68 78 13 80 95 95 71 54 37 42 88 52 27 37 81 80 55 20 27 61 10 71 97 
94 83 14 57 97 53 58 85 66 39 25 54 52 13 55 0 26 94 52 26 32 29 85 84 25 46 66 53 47 81 46 99 23 78 71 96 54 36 29 68 
40 55 83 28 63 33 22 96 61 73 40 31 42 22 57 23 0 94 40 35 10 52 82 55 27 55 82 21 34 91 77 30 39 85 37 79 88 93 29 13 
80 96 60 67 40 38 34 61 52 38 26 13 29 56 20 63 56 0 36 26 66 79 96 54 28 35 42 59 22 81 43 13 46 34 87 77 87 21 59 89 
64 53 25 78 62 41 25 54 56 15 62 21 29 78 57 52 66 52 0 75 14 88 48 59 40 92 89 55 53 72 74 86 68 51 69 56 38 57 31 41 
17 85 81 57 72 94 90 91 58 12 25 39 54 89 15 37 92 59 64 0 18 97 24 33 80 10 84 55 46 61 30 41 36 98 20 34 30 44 47 66 
65 10 95 38 16 80 28 33 50 37 98 33 43 43 92 42 89 97 28 84 0 52 95 96 62 53 30 52 96 27 70 37 31 91 21 38 78 58 14 72 
95 64 77 46 67 98 88 95 47 89 30 46 93 43 14 15 18 56 39 21 22 0 26 63 62 58 83 20 46 69 51 87 80 27 22 80 16 89 72 80 
85 75 91 54 44 45 15 42 77 95 35 84 80 55 19 33 54 85 52 84 58 68 0 76 55 51 12 67 78 63 37 32 84 41 67 74 57 41 15 12 
61 72 63 78 87 43 36 51 88 19 28 44 10 71 68 81 53 36 72 29 19 72 79 0 39 23 55 42 93 91 46 27 98 23 91 29 70 84 19 70 
38 82 48 93 26 48 16 84 49 95 46 79 52 20 77 43 59 48 34 56 62 68 89 37 0 26 87 41 37 51 44 15 84 77 90 26 44 37 23 96 
84 49 26 71 86 10 82 41 79 18 53 70 40 86 93 66 55 68 14 83 22 34 56 93 69 0 16 94 48 82 88 83 25 37 75 68 22 89 33 22 
24 29 23 22 64 71 11 44 62 98 54 80 29 93 43 91 21 39 68 77 41 55 72 34 70 71 0 86 59 21 48 44 53 53 15 92 58 25 80 28 
38 84 34 64 91 19 71 19 68 92 23 93 58 17 54 69 74 85 86 12 68 79 28 16 66 83 97 0 54 23 43 40 43 38 65 26 65 30 69 55 
85 71 72 16 32 63 99 75 40 66 94 32 87 11 65 72 69 57 41 51 94 22 32 59 78 78 70 87 0 10 64 14 31 19 33 47 45 16 82 12 
15 75 49 82 92 60 85 41 71 95 48 98 11 78 93 94 73 88 14 49 34 35 26 23 30 16 70 70 62 0 29 79 48 72 39 72 93 42 76 64 
22 87 46 31 96 81 40 88 33 15 24 97 29 80 85 65 55 51 99 33 30 96 49 17 95 32 25 74 20 57 0 28 54 41 36 96 87 57 96 69 
57 79 85 43 49 64 96 32 53 95 38 84 98 67 55 38 64 70 13 35 79 70 37 68 69 60 67 72 61 32 86 0 91 16 70 63 90 92 81 61 
35 86 93 43 16 99 48 18 73 82 99 43 57 20 31 74 25 73 87 54 24 89 30 33 23 65 77 48 64 14 38 90 0 99 20 27 12 17 85 35 
47 93 90 41 24 36 58 12 44 49 23 68 33 66 61 75 82 55 58 85 97 53 88 67 88 79 30 32 13 20 78 55 23 0 51 36 60 98 63 98 
59 85 73 11 16 99 89 40 26 12 99 82 23 48 48 91 61 92 40 10 41 13 77 29 51 29 59 99 49 43 46 28 81 73 0 15 59 76 91 24 
62 94 13 91 92 80 67 62 60 21 86 49 46 59 77 98 46 55 26 88 99 45 87 67 59 63 16 43 24 88 42 63 26 40 46 0 28 19 17 47 
10 72 39 92 56 71 90 25 83 36 59 79 22 75 98 38 23 63 36 88 62 78 66 91 16 95 40 95 39 99 40 21 13 56 14 75 0 75 50 27 
77 55 45 32 77 14 23 31 67 18 84 50 77 90 96 19 48 10 31 84 29 65 24 18 73 86 99 83 32 11 42 45 73 45 90 32 51 0 63 12 
20 51 46 41 30 56 16 19 87 25 53 66 54 94 65 23 54 13 13 69 82 59 32 76 22 39 50 62 74 28 87 10 98 16 74 11 91 10 0 89 
47 74 21 69 22 94 21 25 94 14 49 30 58 60 52 13 44 22 33 28 66 33 79 64 16 10 13 88 78 43 24 47 11 37 82 83 30 84 35 0 