60
0 47 14 72 36 57 77 29 76 19 76 84 23 62 60 46 71 56 88 87 76 88 75 18 98 28 47 18 81 46 99 37 80 50 94 26 25 95 29 60 51 76 37 36 34 22 95 99 81 42 27 36 52 98 22 13 29 94 87 57
47 0 27 85 59 82 41 53 76 49 87 29 17 79 90 97 41 47 21 76 74 33 94 50 28 33 78 89 12 69 72 25 67 87 40 24 19 20 11 61 35 26 20 15 89 26 28 50 98 26 43 71 74 64 44 26 57 46 83 24
14 27 0 39 36 50 29 70 16 34 93 89 14 12 26 28 56 54 48 76 72 58 22 10 84 28 39 17 70 46 12 66 12 45 55 97 35 56 90 87 45 61 10 97 68 20 52 63 79 12 89 57 73 52 71 20 51 53 85 97
72 85 39 0 52 22 59 83 64 36 98 26 39 36 71 53 35 27 48 18 11 90 17 98 91 87 95 46 18 55 91 26 72 75 55 20 97 53 66 24 83 29 21 39 73 11 34 21 30 50 63 63 17 99 73 98 91 76 21 68
36 59 36 52 0 61 73 81 62 99 79 24 52 44 75 13 68 29 11 77 97 27 77 69 40 67 54 48 40 82 86 85 58 19 34 48 46 49 49 88 37 40 93 87 90 74 20 91 78 91 79 75 69 26 90 54 96 20 48 66
57 82 50 22 61 0 90 80 58 66 56 71 79 33 82 19 30 67 11 11 13 52 81 94 57 34 86 56 41 97 57 87 80 62 25 35 45 90 70 50 88 23 33 56 14 20 66 27 73 34 62 16 62 33 81 29 63 25 51 10
77 41 29 59 73 90 0 73 26 46 34 17 37 19 22 50 57 66 13 93 11 91 85 59 44 66 39 12 93 51 54 15 56 19 41 74 54 50 57 78 47 33 78 62 34 74 65 35 37 18 48 65 82 29 65 46 41 87 53 28
29 53 70 83 81 80 73 0 89 54 47 85 80 50 17 51 28 39 10 77 81 10 16 32 27 78 54 67 36 61 10 67 75 25 57 43 92 70 54 71 16 11 61 98 64 66 82 87 83 73 98 46 91 81 90 91 22 19 90 14
76 76 16 64 62 58 26 89 0 20 61 16 10 68 36 37 89 90 86 61 80 59 16 95 73 82 49 70 28 52 86 89 57 74 11 56 13 47 66 80 72 65 56 61 16 35 16 72 53 20 65 76 55 30 73 13 78 35 98 90
19 49 34 36 99 66 46 54 20 0 33 96 29 19 25 50 68 73 74 81 74 72 74 11 28 65 65 22 93 48 66 51 14 97 70 25 16 75 17 21 22 50 10 14 44 20 74 31 40 75 76 79 78 60 22 66 67 54 69 40
76 87 93 98 79 56 34 47 61 33 0 88 34 27 67 17 37 42 15 18 46 48 84 54 23 42 58 67 52 57 43 34 22 97 90 16 72 54 43 40 91 99 30 44 28 40 99 34 28 64 53 88 31 25 60 16 19 73 54 10
84 29 89 26 24 71 17 85 16 96 88 0 46 43 55 86 60 56 65 37 53 74 92 51 52 42 68 20 27 54 74 81 53 75 14 27 95 78 95 78 93 11 81 85 64 47 14 54 28 18 16 94 19 57 30 99 16 91 56 16
23 17 14 39 52 79 37 80 10 29 34 46 0 24 71 14 86 63 40 67 21 67 16 82 38 38 95 56 48 16 19 14 35 17 87 19 75 96 27 34 10 27 80 38 92 23 81 67 59 23 15 54 43 21 22 48 61 24 75 31
62 79 12 36 44 33 19 50 68 19 27 43 24 0 91 69 86 30 11 94 97 66 64 70 20 56 91 17 97 40 85 24 97 90 44 52 44 59 26 97 81 16 28 87 96 10 21 31 66 70 13 97 64 38 93 77 17 59 62 64
60 90 26 71 75 82 22 17 36 25 67 55 71 91 0 21 39 83 89 67 26 66 88 30 31 12 49 66 50 94 79 80 18 13 87 98 28 12 95 46 93 79 15 66 93 62 33 69 93 13 94 13 15 10 63 27 84 14 54 56
46 97 28 53 13 19 50 51 37 50 17 86 14 69 21 0 78 75 94 27 10 77 62 26 42 10 10 51 80 41 98 85 52 36 57 98 77 27 82 43 31 71 50 42 45 89 60 10 25 34 99 36 45 15 26 25 36 79 34 92
71 41 56 35 68 30 57 28 89 68 37 60 86 86 39 78 0 45 86 51 33 47 75 41 20 75 16 49 30 57 85 79 21 55 87 68 35 26 67 40 53 14 26 24 52 42 31 36 76 41 15 46 16 26 93 81 97 98 65 61
56 47 54 27 29 67 66 39 90 73 42 56 63 30 83 75 45 0 33 33 18 26 48 52 78 57 35 92 58 16 66 94 31 82 27 22 42 21 46 76 67 53 78 77 71 98 45 71 64 20 28 89 94 59 89 87 41 23 60 86
88 21 48 48 11 11 13 10 86 74 15 65 40 11 89 94 86 33 0 22 99 35 37 29 70 58 92 42 84 82 74 85 47 24 94 49 38 40 15 15 19 86 12 48 88 52 97 48 61 92 71 43 44 16 12 94 53 46 73 86
87 76 76 18 77 11 93 77 61 81 18 37 67 94 67 27 51 33 22 0 11 96 17 57 79 98 79 84 51 94 83 42 12 34 81 33 45 99 13 35 23 15 69 37 66 26 47 97 15 89 77 41 83 46 41 95 51 75 24 66
76 74 72 11 97 13 11 81 80 74 46 53 21 97 26 10 33 18 99 11 0 61 25 74 49 61 31 16 21 49 52 80 14 16 18 46 50 30 56 59 58 15 73 65 50 63 32 18 80 71 22 58 37 60 63 71 25 69 99 47
88 33 58 90 27 52 91 10 59 72 48 74 67 66 66 77 47 26 35 96 61 0 90 74 44 51 12 80 25 20 23 78 93 70 10 83 97 46 88 15 55 29 73 93 86 30 97 42 58 44 46 88 41 58 19 43 90 69 20 43
75 94 22 17 77 81 85 16 16 74 84 92 16 64 88 62 75 48 37 17 25 90 0 20 32 16 83 89 50 40 59 95 81 32 51 87 78 55 23 61 30 88 20 79 65 96 14 28 91 40 67 68 15 65 22 42 62 61 61 58
18 50 10 98 69 94 59 32 95 11 54 51 82 70 30 26 41 52 29 57 74 74 20 0 75 93 75 22 86 42 55 15 22 37 55 34 44 21 57 87 42 85 45 63 93 38 11 98 95 56 85 63 51 41 32 55 57 68 67 15
98 28 84 91 40 57 44 27 73 28 23 52 38 20 31 42 20 78 70 79 49 44 32 75 0 53 62 49 25 28 16 66 89 74 99 50 39 43 18 32 53 54 18 43 65 90 53 10 88 24 91 74 19 27 56 29 40 77 49 49
28 33 28 87 67 34 66 78 82 65 42 42 38 56 12 10 75 57 58 98 61 51 16 93 53 0 35 65 81 49 20 13 89 92 75 27 87 23 76 13 89 91 78 22 19 29 71 30 91 27 37 18 79 48 17 26 71 57 13 62
47 78 39 95 54 86 39 54 49 65 58 68 95 91 49 10 16 35 92 79 31 12 83 75 62 35 0 86 79 50 23 67 53 89 83 19 55 41 82 44 20 24 72 68 67 41 31 42 89 18 19 93 24 99 82 24 81 25 99 56
18 89 17 46 48 56 12 67 70 22 67 20 56 17 66 51 49 92 42 84 16 80 89 22 49 65 86 0 40 34 63 55 91 78 15 69 18 53 19 85 92 52 88 53 33 49 40 30 84 84 83 46 14 26 33 90 77 67 12 91
81 12 70 18 40 41 93 36 28 93 52 27 48 97 50 80 30 58 84 51 21 25 50 86 25 81 79 40 0 35 29 41 87 49 89 43 98 37 81 44 91 20 79 60 62 97 99 93 81 83 38 22 75 59 13 11 96 11 46 96
46 69 46 55 82 97 51 61 52 48 57 54 16 40 94 41 57 16 82 94 49 20 40 42 28 49 50 34 35 0 57 32 51 80 77 89 92 75 58 31 39 38 59 74 41 64 29 83 88 47 13 53 47 14 29 24 26 87 70 58
99 72 12 91 86 57 54 10 86 66 43 74 19 85 79 98 85 66 74 83 52 23 59 55 16 20 23 63 29 57 0 98 45 97 77 22 69 11 78 68 22 53 33 12 33 87 71 10 97 41 46 10 82 39 10 52 62 21 74 45
37 25 66 26 85 87 15 67 89 51 34 81 14 24 80 85 79 94 85 42 80 78 95 15 66 13 67 55 41 32 98 0 67 78 83 59 63 24 82 99 43 48 72 73 11 32 68 42 22 40 85 64 62 90 61 48 27 30 71 21
80 67 12 72 58 80 56 75 57 14 22 53 35 97 18 52 21 31 47 12 14 93 81 22 89 89 53 91 87 51 45 67 0 34 93 23 12 58 90 71 40 34 16 35 53 67 88 62 98 22 60 92 87 79 93 78 96 93 54 81
50 87 45 75 19 62 19 25 74 97 97 75 17 90 13 36 55 82 24 34 16 70 32 37 74 92 89 78 49 80 97 78 34 0 27 18 58 67 21 30 30 23 72 21 33 28 80 11 17 86 60 64 80 50 79 77 90 25 82 97
94 40 55 55 34 25 41 57 11 70 90 14 87 44 87 57 87 27 94 81 18 10 51 55 99 75 83 15 89 77 77 83 93 27 0 23 78 14 56 22 75 19 41 93 42 75 66 70 35 17 34 38 69 19 25 29 43 66 40 36
26 24 97 20 48 35 74 43 56 25 16 27 19 52 98 98 68 22 49 33 46 83 87 34 50 27 19 69 43 89 22 59 23 18 23 0 45 71 10 18 15 70 11 55 83 77 70 36 41 57 20 89 81 16 91 86 62 93 29 69
25 19 35 97 46 45 54 92 13 16 72 95 75 44 28 77 35 42 38 45 50 97 78 44 39 87 55 18 98 92 69 63 12 58 78 45 0 15 98 50 99 63 46 57 53 77 44 87 40 61 15 20 70 95 16 29 14 87 30 25
95 20 56 53 49 90 50 70 47 75 54 78 96 59 12 27 26 21 40 99 30 46 55 21 43 23 41 53 37 75 11 24 58 67 14 71 15 0 72 66 15 93 55 43 10 46 15 95 43 80 10 62 89 94 77 39 31 84 77 13
29 11 90 66 49 70 57 54 66 17 43 95 27 26 95 82 67 46 15 13 56 88 23 57 18 76 82 19 81 58 78 82 90 21 56 10 98 72 0 89 63 49 83 87 77 90 86 21 35 78 11 99 98 53 62 45 73 55 39 60
60 61 87 24 88 50 78 71 80 21 40 78 34 97 46 43 40 76 15 35 59 15 61 87 32 13 44 85 44 31 68 99 71 30 22 18 50 66 89 0 45 11 37 28 18 27 87 50 88 70 50 86 25 52 77 41 84 13 11 84
51 35 45 83 37 88 47 16 72 22 91 93 10 81 93 31 53 67 19 23 58 55 30 42 53 89 20 92 91 39 22 43 40 30 75 15 99 15 63 45 0 18 70 54 24 97 83 75 47 17 18 53 25 21 46 21 85 37 49 90
76 26 61 29 40 23 33 11 65 50 99 11 27 16 79 71 14 53 86 15 15 29 88 85 54 91 24 52 20 38 53 48 34 23 19 70 63 93 49 11 18 0 88 94 15 66 67 24 61 44 15 44 71 16 21 35 36 83 79 31
37 20 10 21 93 33 78 61 56 10 30 81 80 28 15 50 26 78 12 69 73 73 20 45 18 78 72 88 79 59 33 72 16 72 41 11 46 55 83 37 70 88 0 31 65 89 37 70 43 44 75 13 60 83 67 24 53 19 60 31
36 15 97 39 87 56 62 98 61 14 44 85 38 87 66 42 24 77 48 37 65 93 79 63 43 22 68 53 60 74 12 73 35 21 93 55 57 43 87 28 54 94 31 0 15 93 14 16 98 38 62 38 61 16 30 35 62 54 57 92
34 89 68 73 90 14 34 64 16 44 28 64 92 96 93 45 52 71 88 66 50 86 65 93 65 19 67 33 62 41 33 11 53 33 42 83 53 10 77 18 24 15 65 15 0 16 37 85 80 63 86 71 14 38 33 26 99 95 25 29
22 26 20 11 74 20 74 66 35 20 40 47 23 10 62 89 42 98 52 26 63 30 96 38 90 29 41 49 97 64 87 32 67 28 75 77 77 46 90 27 97 66 89 93 16 0 68 24 67 17 87 98 57 84 43 25 43 64 23 54
95 28 52 34 20 66 65 82 16 74 99 14 81 21 33 60 31 45 97 47 32 97 14 11 53 71 31 40 99 29 71 68 88 80 66 70 44 15 86 87 83 67 37 14 37 68 0 65 75 54 58 57 63 18 40 69 46 20 48 10
99 50 63 21 91 27 35 87 72 31 34 54 67 31 69 10 36 71 48 97 18 42 28 98 10 30 42 30 93 83 10 42 62 11 70 36 87 95 21 50 75 24 70 16 85 24 65 0 77 86 75 96 52 77 14 19 62 70 16 14
81 98 79 30 78 73 37 83 53 40 28 28 59 66 93 25 76 64 61 15 80 58 91 95 88 91 89 84 81 88 97 22 98 17 35 41 40 43 35 88 47 61 43 98 80 67 75 77 0 68 29 96 97 63 24 44 10 59 29 61
42 26 12 50 91 34 18 73 20 75 64 18 23 70 13 34 41 20 92 89 71 44 40 56 24 27 18 84 83 47 41 40 22 86 17 57 61 80 78 70 17 44 44 38 63 17 54 86 68 0 14 16 13 88 33 99 10 35 75 72
27 43 89 63 79 62 48 98 65 76 53 16 15 13 94 99 15 28 71 77 22 46 67 85 91 37 19 83 38 13 46 85 60 60 34 20 15 10 11 50 18 15 75 62 86 87 58 75 29 14 0 48 35 55 10 51 21 78 14 45
36 71 57 63 75 16 65 46 76 79 88 94 54 97 13 36 46 89 43 41 58 88 68 63 74 18 93 46 22 53 10 64 92 64 38 89 20 62 99 86 53 44 13 38 71 98 57 96 96 16 48 0 68 58 18 93 69 97 67 86
52 74 73 17 69 62 82 91 55 78 31 19 43 64 15 45 16 94 44 83 37 41 15 51 19 79 24 14 75 47 82 62 87 80 69 81 70 89 98 25 25 71 60 61 14 57 63 52 97 13 35 68 0 37 85 62 49 64 26 92
98 64 52 99 26 33 29 81 30 60 25 57 21 38 10 15 26 59 16 46 60 58 65 41 27 48 99 26 59 14 39 90 79 50 19 16 95 94 53 52 21 16 83 16 38 84 18 77 63 88 55 58 37 0 86 30 67 63 94 32
22 44 71 73 90 81 65 90 73 22 60 30 22 93 63 26 93 89 12 41 63 19 22 32 56 17 82 33 13 29 10 61 93 79 25 91 16 77 62 77 46 21 67 30 33 43 40 14 24 33 10 18 85 86 0 72 69 37 84 29
13 26 20 98 54 29 46 91 13 66 16 99 48 77 27 25 81 87 94 95 71 43 42 55 29 26 24 90 11 24 52 48 78 77 29 86 29 39 45 41 21 35 24 35 26 25 69 19 44 99 51 93 62 30 72 0 41 50 45 40
29 57 51 91 96 63 41 22 78 67 19 16 61 17 84 36 97 41 53 51 25 90 62 57 40 71 81 77 96 26 62 27 96 90 43 62 14 31 73 84 85 36 53 62 99 43 46 62 10 10 21 69 49 67 69 41 0 19 94 18
94 46 53 76 20 25 87 19 35 54 73 91 24 59 14 79 98 23 46 75 69 69 61 68 77 57 25 67 11 87 21 30 93 25 66 93 87 84 55 13 37 83 19 54 95 64 20 70 59 35 78 97 64 63 37 50 19 0 25 68
87 83 85 21 48 51 53 90 98 69 54 56 75 62 54 34 65 60 73 24 99 20 61 67 49 13 99 12 46 70 74 71 54 82 40 29 30 77 39 11 49 79 60 57 25 23 48 16 29 75 14 67 26 94 84 45 94 25 0 56
57 24 97 68 66 10 28 14 90 40 10 16 31 64 56 92 61 86 86 66 47 43 58 15 49 62 56 91 96 58 45 21 81 97 36 69 25 13 60 84 90 31 31 92 29 54 10 14 61 72 45 86 92 32 29 40 18 68 56 0