115
0 34 18 11 62 55 14 67 86 36 70 26 60 82 30 59 62 22 27 17 98 37 19 32 46 76 12 81 65 65 38 18 83 70 16 75 76 22 38 91 22 13 73 15 72 91 48 47 69 90 52 47 71 93 34 93 42 46 62 84 74 42 49 15 93 74 16 25 72 55 30 90 51 32 99 89 62 34 92 77 28 95 51 13 90 81 83 67 30 91 25 75 70 34 12 50 44 80 47 61 56 83 88 83 30 49 30 17 92 55 70 79 12 31 88
34 0 96 31 56 25 87 37 20 88 51 34 20 53 94 74 31 38 75 17 60 87 47 95 74 73 70 97 88 57 84 27 32 57 26 94 51 63 40 10 96 48 79 95 36 11 45 89 66 92 72 12 54 85 53 64 67 17 26 85 57 52 15 35 37 46 69 80 70 68 24 29 73 75 67 56 92 47 35 60 66 79 27 98 47 74 83 76 28 84 98 18 68 47 39 53 49 42 17 10 67 49 22 18 44 78 42 72 84 39 35 87 83 72 15
18 96 0 29 19 90 80 92 45 26 57 15 62 34 98 12 11 83 96 22 44 82 54 75 96 91 84 11 19 26 51 25 83 94 42 48 62 79 23 67 37 58 66 79 96 38 74 40 62 38 75 83 16 68 21 85 26 61 17 10 85 59 14 60 84 74 98 65 12 24 50 15 43 87 74 90 65 99 33 52 34 72 31 11 87 29 30 10 63 90 93 30 30 35 83 55 27 26 80 58 33 19 10 47 88 59 16 17 67 53 80 45 90 78 73
11 31 29 0 18 83 78 73 61 49 17 45 94 10 64 35 29 35 60 13 66 93 60 36 63 69 71 47 90 85 57 31 68 83 91 99 10 16 70 48 23 58 44 57 12 58 85 80 68 85 89 81 25 90 17 44 54 81 81 13 11 75 55 75 33 56 52 30 99 34 91 32 89 15 20 47 31 57 64 36 19 28 12 32 13 41 54 35 82 91 42 27 76 38 53 26 19 31 32 40 43 85 11 68 20 53 83 49 57 50 14 27 35 21 47
62 56 19 18 0 57 66 19 73 88 51 63 89 59 23 52 46 51 98 91 61 63 78 56 57 87 83 73 26 98 95 82 12 19 69 13 88 23 44 81 38 21 38 41 44 34 23 76 10 78 17 88 51 15 84 36 39 35 10 82 98 32 81 32 40 61 86 49 13 27 80 35 26 43 61 38 14 84 82 40 98 12 36 43 45 21 25 29 63 14 51 16 36 72 64 27 92 66 16 73 14 54 88 95 19 73 37 40 77 24 48 56 32 29 31
55 25 90 83 57 0 50 43 65 81 15 68 98 91 74 54 26 87 75 23 91 51 36 25 60 82 84 87 68 24 48 99 14 91 72 87 23 71 99 78 68 37 43 13 10 44 42 23 78 72 25 49 64 72 51 33 41 83 58 20 73 89 73 10 44 66 85 87 95 34 16 32 29 71 52 34 14 82 53 15 77 89 77 69 85 22 50 69 40 91 82 87 49 27 85 80 84 11 30 46 80 41 21 48 73 93 20 40 84 96 34 55 53 81 44
14 87 80 78 66 50 0 54 69 64 52 32 87 22 34 73 65 77 29 22 17 97 73 79 93 11 69 80 98 94 67 63 25 94 63 33 99 16 51 95 34 12 14 60 14 47 84 32 41 42 37 29 55 56 95 95 96 56 96 36 64 65 17 29 85 86 91 47 99 31 18 48 55 80 49 86 19 68 43 95 89 69 23 41 77 39 13 89 54 67 12 99 57 92 73 72 10 56 86 38 41 66 31 88 89 99 77 86 75 77 85 40 87 73 54
67 37 92 73 19 43 54 0 69 16 96 71 92 23 91 91 17 36 87 45 58 41 26 53 79 55 84 32 46 87 21 94 57 77 57 48 60 65 57 54 82 18 48 64 58 62 88 63 31 76 14 29 28 21 21 55 83 82 32 95 65 58 26 39 46 55 41 17 22 17 26 70 25 53 20 23 95 83 57 74 66 96 48 61 24 87 37 46 37 11 66 95 20 71 48 86 66 77 31 38 20 96 70 48 14 88 55 40 46 50 78 72 22 93 59
86 20 45 61 73 65 69 69 0 69 98 16 92 54 72 35 65 57 30 46 46 20 96 26 32 60 12 84 75 76 97 63 11 77 13 54 69 89 44 32 42 26 97 76 77 25 70 57 28 43 13 73 98 51 66 29 82 31 78 84 71 79 69 84 50 96 60 23 97 15 10 16 14 48 29 57 46 74 83 35 65 77 47 75 61 43 41 50 62 89 14 70 49 18 85 44 58 41 44 70 44 22 13 43 23 89 70 63 11 53 93 74 32 61 33
36 88 26 49 88 81 64 16 69 0 72 62 66 31 69 76 77 64 27 11 19 25 18 95 94 42 82 61 24 22 25 69 74 20 58 16 17 59 68 88 67 97 53 57 63 98 26 28 12 42 27 91 44 75 12 36 94 30 49 50 47 27 21 29 11 89 69 79 50 17 59 70 86 23 41 27 30 96 97 38 69 58 42 92 11 30 48 18 38 34 39 20 57 41 21 65 74 90 78 92 68 80 84 32 35 91 84 68 51 58 37 80 98 33 99
70 51 57 17 51 15 52 96 98 72 0 16 99 93 78 59 50 15 35 38 91 88 30 46 95 48 90 95 72 87 92 48 29 25 46 14 49 69 96 22 45 40 49 85 76 95 83 97 46 38 78 44 96 73 45 78 82 91 33 91 47 89 20 86 75 89 15 73 21 98 73 96 61 56 82 86 59 71 84 99 67 23 46 66 63 40 66 22 68 72 30 34 71 61 69 33 68 75 30 29 82 65 49 58 57 91 36 17 59 14 97 58 41 90 70
26 34 15 45 63 68 32 71 16 62 16 0 40 53 56 56 63 23 74 29 99 99 55 55 96 21 14 11 93 74 65 38 61 29 67 73 71 52 90 34 51 14 43 15 83 37 29 33 51 27 35 44 34 91 40 57 98 89 53 82 98 75 90 14 61 31 13 75 87 39 76 13 10 83 61 14 12 96 70 22 46 85 39 22 99 60 89 28 88 97 95 25 50 36 88 31 94 27 68 19 44 52 20 82 67 43 65 77 34 90 70 95 62 41 30
60 20 62 94 89 98 87 92 92 66 99 40 0 85 45 28 43 19 30 47 84 55 71 30 50 55 37 44 80 95 14 88 37 60 78 10 78 46 86 31 28 78 78 87 40 42 40 43 55 54 90 19 47 19 47 97 82 55 15 79 49 69 25 50 53 58 59 78 63 22 34 71 72 57 67 24 86 34 25 43 40 45 99 55 25 51 28 20 15 19 15 29 41 66 76 88 25 96 74 30 22 83 48 33 72 31 36 65 64 41 87 75 34 59 18
82 53 34 10 59 91 22 23 54 31 93 53 85 0 28 81 22 47 71 86 30 29 12 77 48 66 42 14 17 48 79 61 60 51 29 26 78 66 34 18 18 20 98 13 22 74 70 25 88 26 67 36 77 69 50 84 99 95 74 50 60 98 79 57 59 65 70 90 89 56 93 51 78 30 96 12 60 87 77 42 11 86 38 96 56 94 99 52 16 29 67 78 30 67 79 93 48 47 37 18 33 72 61 62 40 28 22 35 87 55 28 50 18 24 72
30 94 98 64 23 74 34 91 72 69 78 56 45 28 0 75 31 27 18 60 83 29 96 79 90 85 84 56 63 98 58 44 46 44 96 55 21 61 91 96 42 94 34 89 57 11 53 64 16 80 54 95 42 34 60 43 91 19 79 77 15 36 77 78 34 69 50 77 81 83 51 69 80 73 87 49 74 47 60 89 34 26 67 71 28 80 16 12 33 41 78 61 80 21 32 31 65 51 94 16 69 68 25 32 48 37 90 10 49 64 23 18 28 18 45
59 74 12 35 52 54 73 91 35 76 59 56 28 81 75 0 64 92 68 26 24 75 92 53 98 77 84 32 12 65 62 62 14 71 38 48 61 67 18 88 80 48 36 25 14 33 58 37 77 98 56 21 84 38 30 49 43 46 99 21 87 87 15 52 42 26 18 88 85 48 87 85 24 53 19 50 60 29 90 27 99 46 40 75 70 27 35 97 53 51 62 48 94 45 61 82 31 54 24 90 63 35 16 47 74 63 45 10 12 17 55 23 68 96 70
62 31 11 29 46 26 65 17 65 77 50 63 43 22 31 64 0 80 52 26 88 29 81 27 42 19 33 41 57 90 54 57 40 93 67 49 41 40 13 37 99 81 16 21 12 40 83 21 80 57 46 56 52 30 65 37 97 25 48 21 45 99 31 19 73 80 56 55 24 58 10 57 42 60 19 30 60 26 51 88 12 73 36 63 81 80 26 87 94 59 57 21 59 48 99 97 18 69 40 15 62 97 70 97 87 49 51 88 11 21 40 98 95 57 15
22 38 83 35 51 87 77 36 57 64 15 23 19 47 27 92 80 0 77 57 70 77 21 53 11 22 33 67 57 81 73 53 85 35 15 10 43 89 89 80 30 97 78 97 35 48 94 37 11 54 58 51 39 63 30 87 95 30 26 11 91 66 71 76 13 54 81 79 63 80 94 37 33 72 92 92 24 61 13 34 86 58 36 27 49 33 63 72 44 85 57 70 61 34 98 65 89 11 50 95 10 33 85 24 57 34 13 24 94 10 38 20 91 24 33
27 75 96 60 98 75 29 87 30 27 35 74 30 71 18 68 52 77 0 81 44 94 70 85 75 82 92 55 79 45 13 98 33 60 76 39 45 23 26 80 66 58 40 93 26 56 42 55 42 42 18 44 40 11 17 40 24 55 60 46 83 22 84 99 78 96 44 44 81 79 37 13 65 33 79 79 13 87 96 54 96 95 88 76 51 38 34 97 74 80 22 99 22 34 20 73 94 87 45 22 93 88 95 62 58 41 64 71 55 89 42 39 53 38 65
17 17 22 13 91 23 22 45 46 11 38 29 47 86 60 26 26 57 81 0 78 95 26 52 93 53 14 80 93 40 47 44 94 84 49 39 85 48 55 86 33 67 31 28 27 28 37 86 97 39 67 66 89 63 67 34 12 71 65 27 90 92 82 77 83 72 10 34 65 98 94 76 93 68 51 38 21 63 52 42 56 61 52 98 18 16 88 49 36 91 67 97 78 92 11 57 28 28 46 58 97 17 60 52 17 34 54 21 59 49 79 67 25 14 86
98 60 44 66 61 91 17 58 46 19 91 99 84 30 83 24 88 70 44 78 0 65 27 63 37 14 70 17 20 42 66 22 51 37 34 52 36 83 44 27 50 92 94 70 52 26 59 84 90 11 84 82 59 83 59 27 37 27 61 30 62 33 37 45 98 54 76 97 11 66 58 14 36 75 79 99 72 42 14 72 78 96 86 81 47 60 90 93 48 80 49 41 22 59 24 30 29 62 73 47 24 79 56 30 74 49 28 47 43 21 98 69 88 23 74
37 87 82 93 63 51 97 41 20 25 88 99 55 29 29 75 29 77 94 95 65 0 43 69 84 34 58 52 91 38 18 23 10 90 41 94 53 47 74 41 85 20 32 48 28 94 79 72 98 35 68 84 58 74 49 49 74 34 55 85 12 88 66 58 28 27 37 24 51 60 58 54 85 43 95 47 19 42 82 60 61 61 19 48 78 72 56 73 26 92 86 66 51 80 50 81 38 59 18 72 59 42 13 37 97 45 30 51 16 40 31 99 29 84 97
19 47 54 60 78 36 73 26 96 18 30 55 71 12 96 92 81 21 70 26 27 43 0 70 38 31 65 30 53 54 34 31 33 90 93 58 77 36 97 60 19 82 72 20 56 91 80 63 40 48 45 38 72 47 82 66 55 37 16 24 96 85 83 39 75 40 37 88 95 66 46 81 58 51 34 45 43 52 90 91 41 60 61 54 20 38 75 17 55 80 99 40 67 63 97 93 42 72 83 76 75 87 65 90 99 34 37 78 83 76 13 19 64 16 29
32 95 75 36 56 25 79 53 26 95 46 55 30 77 79 53 27 53 85 52 63 69 70 0 41 59 32 33 99 65 92 40 36 16 37 58 44 35 92 64 95 88 77 48 96 40 68 11 77 81 75 34 82 79 27 83 29 40 11 67 52 48 72 21 70 24 81 39 24 82 58 13 64 32 45 55 53 70 49 46 42 30 89 58 21 96 27 42 98 19 97 65 65 56 34 14 44 65 91 93 81 23 91 92 81 43 47 57 25 15 15 17 41 45 88
46 74 96 63 57 60 93 79 32 94 95 96 50 48 90 98 42 11 75 93 37 84 38 41 0 54 56 36 63 99 97 34 78 21 15 59 99 98 93 15 36 57 70 82 41 16 11 70 39 63 73 70 22 21 98 23 73 46 33 60 63 64 61 20 77 94 42 71 95 78 11 14 41 71 46 43 92 35 41 39 57 82 72 33 32 67 90 17 42 56 84 59 23 82 18 70 76 11 23 55 39 89 19 46 79 24 56 71 91 99 36 76 14 61 70
76 73 91 69 87 82 11 55 60 42 48 21 55 66 85 77 19 22 82 53 14 34 31 59 54 0 83 33 51 95 81 29 18 12 87 71 44 97 84 25 48 93 93 73 20 18 85 34 98 48 46 16 63 83 17 73 85 17 80 76 12 40 10 45 62 16 85 55 19 13 14 32 24 19 32 34 17 28 39 27 38 41 90 47 45 92 29 17 11 25 51 74 73 72 18 99 28 90 99 46 30 74 67 34 44 38 82 22 99 33 74 22 91 28 72
12 70 84 71 83 84 69 84 12 82 90 14 37 42 84 84 33 33 92 14 70 58 65 32 56 83 0 14 52 80 73 53 10 43 58 69 32 60 75 73 76 59 45 43 47 45 37 83 77 81 65 12 98 69 59 34 78 37 77 23 93 61 99 24 36 73 71 22 73 61 25 52 83 82 22 39 25 55 86 46 57 76 41 73 89 79 83 27 50 33 23 16 19 87 17 37 83 54 44 17 24 34 27 58 59 65 32 85 25 63 58 85 98 18 27
81 97 11 47 73 87 80 32 84 61 95 11 44 14 56 32 41 67 55 80 17 52 30 33 36 33 14 0 96 17 51 28 44 85 63 73 44 91 34 87 30 33 67 32 46 51 64 88 41 22 10 32 89 63 86 10 15 37 70 87 87 53 18 56 39 29 70 74 69 48 29 74 48 42 42 10 38 35 95 21 28 82 13 66 42 30 77 72 59 57 81 68 84 29 67 52 71 39 51 16 18 25 23 30 87 39 81 39 42 44 11 21 85 77 15
65 88 19 90 26 68 98 46 75 24 72 93 80 17 63 12 57 57 79 93 20 91 53 99 63 51 52 96 0 96 29 88 38 73 39 95 46 39 37 73 29 56 71 29 47 91 38 56 17 91 54 51 20 54 79 78 35 56 66 73 24 25 34 66 27 70 45 58 93 69 59 71 25 66 53 49 98 70 99 12 41 65 47 35 54 53 76 40 41 91 44 18 68 49 53 73 69 69 43 79 80 98 92 96 33 80 28 47 55 95 18 47 93 19 68
65 57 26 85 98 24 94 87 76 22 87 74 95 48 98 65 90 81 45 40 42 38 54 65 99 95 80 17 96 0 93 12 44 61 57 74 57 16 17 78 77 14 74 78 23 65 28 88 14 81 73 98 47 86 95 95 24 75 64 65 20 66 71 36 74 66 59 23 69 56 46 47 99 68 73 56 53 58 87 38 36 52 31 12 66 98 79 99 98 84 47 36 92 39 12 94 94 77 91 20 72 70 63 29 28 70 44 41 49 71 27 43 49 59 47
38 84 51 57 95 48 67 21 97 25 92 65 14 79 58 62 54 73 13 47 66 18 34 92 97 81 73 51 29 93 0 34 20 57 62 36 51 76 10 50 47 90 65 72 18 33 56 52 45 25 66 13 71 75 74 44 71 77 36 72 81 30 44 73 32 41 42 35 59 65 29 77 55 73 18 75 70 34 70 27 17 39 12 30 79 12 41 68 36 90 35 35 89 46 88 73 19 12 17 48 33 91 64 36 68 57 51 42 90 82 44 75 25 20 74
18 27 25 31 82 99 63 94 63 69 48 38 88 61 44 62 57 53 98 44 22 23 31 40 34 29 53 28 88 12 34 0 69 87 74 49 98 23 69 25 41 39 73 92 40 70 94 22 58 95 83 98 56 61 37 82 80 95 42 95 69 38 93 31 36 69 26 76 36 70 26 64 12 25 23 88 80 14 52 61 56 80 39 80 25 91 91 33 32 53 69 68 92 93 11 23 13 67 40 85 76 22 85 30 91 64 84 80 12 85 10 87 58 93 37
83 32 83 68 12 14 25 57 11 74 29 61 37 60 46 14 40 85 33 94 51 10 33 36 78 18 10 44 38 44 20 69 0 44 10 60 31 21 71 29 46 49 47 83 33 20 59 22 74 52 63 93 36 50 24 95 97 20 89 74 49 67 31 10 50 19 85 80 10 23 16 94 49 39 80 58 75 99 88 44 20 18 30 59 55 23 19 95 75 47 82 97 94 78 80 11 89 92 13 91 89 32 90 25 97 74 76 28 15 62 17 51 77 73 24
70 57 94 83 19 91 94 77 77 20 25 29 60 51 44 71 93 35 60 84 37 90 90 16 21 12 43 85 73 61 57 87 44 0 19 84 28 41 95 57 31 76 32 58 78 27 73 24 79 54 69 87 86 48 78 18 86 58 67 19 73 28 13 13 21 59 19 28 14 82 65 72 67 16 61 41 71 91 27 24 33 67 48 10 28 36 65 40 67 76 35 39 77 81 18 56 95 83 37 31 99 86 77 46 72 76 45 62 84 94 15 89 99 10 73
16 26 42 91 69 72 63 57 13 58 46 67 78 29 96 38 67 15 76 49 34 41 93 37 15 87 58 63 39 57 62 74 10 19 0 64 65 33 54 70 94 69 32 47 67 43 19 94 75 61 92 68 51 30 40 76 95 20 29 56 40 15 18 63 52 85 61 83 56 49 12 59 31 44 77 63 91 94 67 88 70 44 73 45 56 34 83 62 44 28 39 98 35 30 53 87 28 29 31 82 45 10 49 41 25 16 13 94 19 73 47 28 31 99 31
75 94 48 99 13 87 33 48 54 16 14 73 10 26 55 48 49 10 39 39 52 94 58 58 59 71 69 73 95 74 36 49 60 84 64 0 27 64 11 32 85 75 94 89 31 49 16 49 30 69 54 94 87 65 94 41 45 85 50 64 63 66 25 12 94 68 92 19 52 82 67 98 41 86 71 77 84 64 44 42 70 34 41 57 71 73 84 81 42 67 93 88 72 72 17 77 11 70 38 50 43 31 63 25 67 77 90 47 92 46 50 68 17 24 46
76 51 62 10 88 23 99 60 69 17 49 71 78 78 21 61 41 43 45 85 36 53 77 44 99 44 32 44 46 57 51 98 31 28 65 27 0 71 76 65 25 55 22 62 87 42 15 29 50 82 20 81 95 21 98 98 35 72 61 64 95 75 55 53 10 40 17 71 72 36 46 40 74 68 73 76 47 90 50 91 51 23 79 33 27 86 13 22 13 51 92 14 32 21 32 74 76 92 29 90 36 70 20 85 61 59 46 41 68 31 72 77 48 96 63
22 63 79 16 23 71 16 65 89 59 69 52 46 66 61 67 40 89 23 48 83 47 36 35 98 97 60 91 39 16 76 23 21 41 33 64 71 0 12 99 53 14 55 62 71 94 45 90 93 25 24 52 45 26 72 15 25 58 57 44 47 47 66 98 56 76 64 82 65 31 91 72 62 17 38 70 26 42 97 89 85 42 44 10 31 10 23 18 87 36 13 78 25 96 35 38 34 85 39 55 21 47 46 88 40 40 96 80 87 12 38 87 65 55 51
38 40 23 70 44 99 51 57 44 68 96 90 86 34 91 18 13 89 26 55 44 74 97 92 93 84 75 34 37 17 10 69 71 95 54 11 76 12 0 44 95 17 76 90 69 79 15 11 83 56 14 45 65 18 90 15 30 14 75 90 58 28 63 18 56 31 38 70 92 77 31 64 15 10 80 97 33 20 99 82 15 26 47 21 12 21 31 65 75 78 27 19 79 51 25 80 20 24 96 57 31 75 56 32 50 70 58 42 56 53 57 92 61 98 41
91 10 67 48 81 78 95 54 32 88 22 34 31 18 96 88 37 80 80 86 27 41 60 64 15 25 73 87 73 78 50 25 29 57 70 32 65 99 44 0 38 86 90 23 58 80 89 50 61 65 96 56 22 90 50 86 48 51 58 29 22 21 95 10 43 40 41 99 52 67 77 64 23 21 66 32 23 38 66 87 95 64 38 57 63 75 32 97 40 95 21 13 20 70 25 15 92 39 77 24 58 45 67 18 81 51 81 69 15 82 76 69 76 36 63
22 96 37 23 38 68 34 82 42 67 45 51 28 18 42 80 99 30 66 33 50 85 19 95 36 48 76 30 29 77 47 41 46 31 94 85 25 53 95 38 0 79 81 42 48 12 23 93 57 94 13 55 86 30 11 42 83 18 86 41 94 35 87 87 41 29 91 40 87 85 99 70 77 32 95 59 14 17 43 37 89 90 72 69 73 10 36 28 67 18 17 73 11 83 63 39 68 73 26 85 31 18 75 96 26 13 66 12 40 94 91 80 63 97 23
13 48 58 58 21 37 12 18 26 97 40 14 78 20 94 48 81 97 58 67 92 20 82 88 57 93 59 33 56 14 90 39 49 76 69 75 55 14 17 86 79 0 65 79 67 35 32 26 63 28 91 91 41 34 72 12 55 94 34 36 18 55 96 29 90 19 50 92 52 54 81 34 54 17 37 15 10 95 13 14 81 55 73 59 81 29 93 97 44 35 61 71 83 82 96 25 88 16 14 16 80 62 46 51 21 36 79 75 79 99 85 43 87 45 89
73 79 66 44 38 43 14 48 97 53 49 43 78 98 34 36 16 78 40 31 94 32 72 77 70 93 45 67 71 74 65 73 47 32 32 94 22 55 76 90 81 65 0 92 20 42 45 15 14 13 50 46 75 33 36 68 93 80 56 98 67 14 62 50 61 96 48 85 15 82 46 80 50 98 29 86 84 69 38 69 17 22 37 68 18 90 62 34 90 89 17 80 86 30 32 19 92 42 25 65 74 68 40 78 10 86 77 42 12 98 23 82 99 83 75
15 95 79 57 41 13 60 64 76 57 85 15 87 13 89 25 21 97 93 28 70 48 20 48 82 73 43 32 29 78 72 92 83 58 47 89 62 62 90 23 42 79 92 0 41 99 10 78 23 22 57 33 58 75 28 25 41 42 99 53 61 39 64 70 22 60 16 65 43 16 60 49 90 24 88 77 26 79 97 91 69 13 30 50 27 57 34 70 92 57 59 81 12 88 62 27 42 83 76 14 93 86 84 29 43 58 17 91 42 20 34 27 41 98 86
72 36 96 12 44 10 14 58 77 63 76 83 40 22 57 14 12 35 26 27 52 28 56 96 41 20 47 46 47 23 18 40 33 78 67 31 87 71 69 58 48 67 20 41 0 47 62 45 54 26 57 20 73 14 59 85 50 37 91 99 53 12 82 43 32 52 16 28 56 90 28 94 17 56 33 86 75 88 79 70 77 87 87 65 17 18 32 52 58 64 10 58 40 86 47 54 37 25 21 34 54 95 40 43 60 36 68 68 67 14 21 78 81 52 24
91 11 38 58 34 44 47 62 25 98 95 37 42 74 11 33 40 48 56 28 26 94 91 40 16 18 45 51 91 65 33 70 20 27 43 49 42 94 79 80 12 35 42 99 47 0 23 11 33 66 55 31 34 39 70 74 67 37 21 76 94 81 58 14 72 52 24 89 84 31 25 87 35 42 88 15 12 19 35 78 10 81 32 48 95 32 49 91 32 90 64 18 15 95 33 16 39 53 91 15 97 89 62 32 65 44 37 49 82 17 67 46 51 33 50
48 45 74 85 23 42 84 88 70 26 83 29 40 70 53 58 83 94 42 37 59 79 80 68 11 85 37 64 38 28 56 94 59 73 19 16 15 45 15 89 23 32 45 10 62 23 0 80 80 28 33 53 91 45 10 85 42 89 29 16 86 67 50 36 24 85 34 19 44 39 97 39 13 19 13 61 58 56 98 14 77 41 55 29 17 38 25 23 91 21 44 10 28 80 99 79 28 99 37 54 52 24 68 14 16 78 13 84 13 56 49 28 61 58 69
47 89 40 80 76 23 32 63 57 28 97 33 43 25 64 37 21 37 55 86 84 72 63 11 70 34 83 88 56 88 52 22 22 24 94 49 29 90 11 50 93 26 15 78 45 11 80 0 18 86 98 19 89 13 12 15 19 74 27 41 61 53 12 99 81 44 86 34 55 79 37 34 68 96 29 24 67 10 87 25 81 13 26 48 77 54 47 79 96 68 66 16 45 53 67 23 59 43 75 15 96 72 80 94 58 23 83 47 82 69 52 35 46 86 57
69 66 62 68 10 78 41 31 28 12 46 51 55 88 16 77 80 11 42 97 90 98 40 77 39 98 77 41 17 14 45 58 74 79 75 30 50 93 83 61 57 63 14 23 54 33 80 18 0 46 94 26 85 95 67 68 18 62 50 21 26 56 86 27 38 47 40 11 66 16 60 81 26 44 28 13 44 11 62 65 59 72 17 70 34 96 55 18 53 83 21 84 60 59 84 41 33 18 66 98 38 78 95 43 20 42 91 61 42 42 35 72 92 24 36
90 92 38 85 78 72 42 76 43 42 38 27 54 26 80 98 57 54 42 39 11 35 48 81 63 48 81 22 91 81 25 95 52 54 61 69 82 25 56 65 94 28 13 22 26 66 28 86 46 0 42 59 84 37 70 24 78 87 20 68 35 94 61 43 21 83 51 93 17 69 53 13 57 84 91 21 42 43 76 28 72 39 42 83 35 85 93 23 34 55 60 57 58 53 97 85 58 63 51 33 43 15 66 27 61 77 66 76 90 35 36 42 39 57 16
52 72 75 89 17 25 37 14 13 27 78 35 90 67 54 56 46 58 18 67 84 68 45 75 73 46 65 10 54 73 66 83 63 69 92 54 20 24 14 96 13 91 50 57 57 55 33 98 94 42 0 52 10 23 34 49 53 44 56 65 11 55 76 72 37 73 76 86 21 55 87 55 22 62 75 27 60 52 91 67 43 49 81 99 36 64 51 83 88 97 30 92 47 10 42 33 60 98 29 87 66 73 15 73 86 14 67 62 40 61 89 43 47 25 55
47 12 83 81 88 49 29 29 73 91 44 44 19 36 95 21 56 51 44 66 82 84 38 34 70 16 12 32 51 98 13 98 93 87 68 94 81 52 45 56 55 91 46 33 20 31 53 19 26 59 52 0 48 70 28 77 14 13 55 21 16 23 94 27 84 31 24 97 46 16 23 34 12 13 24 10 53 16 38 38 51 55 13 39 17 62 33 56 57 31 74 24 86 58 25 62 39 73 87 53 56 39 51 38 49 17 74 41 18 45 72 48 62 66 86
71 54 16 25 51 64 55 28 98 44 96 34 47 77 42 84 52 39 40 89 59 58 72 82 22 63 98 89 20 47 71 56 36 86 51 87 95 45 65 22 86 41 75 58 73 34 91 89 85 84 10 48 0 73 60 92 82 20 66 29 32 74 70 72 83 43 92 15 44 76 61 47 85 63 47 27 75 18 46 37 41 52 33 84 49 97 77 28 91 47 32 30 79 18 26 95 32 39 25 74 47 62 59 94 37 53 43 22 63 51 30 33 28 90 78
93 85 68 90 15 72 56 21 51 75 73 91 19 69 34 38 30 63 11 63 83 74 47 79 21 83 69 63 54 86 75 61 50 48 30 65 21 26 18 90 30 34 33 75 14 39 45 13 95 37 23 70 73 0 67 65 81 71 97 95 67 92 72 24 84 70 66 14 13 78 84 91 48 22 67 82 81 80 80 21 41 90 20 72 99 68 59 33 82 42 97 45 19 34 47 61 67 16 26 31 50 68 68 21 33 79 55 26 14 75 19 14 36 22 40
34 53 21 17 84 51 95 21 66 12 45 40 47 50 60 30 65 30 17 67 59 49 82 27 98 17 59 86 79 95 74 37 24 78 40 94 98 72 90 50 11 72 36 28 59 70 10 12 67 70 34 28 60 67 0 44 26 37 80 64 61 84 48 55 95 39 32 67 68 65 45 69 77 20 71 34 52 47 17 86 61 28 23 68 98 21 99 87 78 88 41 80 42 76 33 87 86 90 88 51 71 36 71 84 65 26 81 74 63 56 84 70 37 73 91
93 64 85 44 36 33 95 55 29 36 78 57 97 84 43 49 37 87 40 34 27 49 66 83 23 73 34 10 78 95 44 82 95 18 76 41 98 15 15 86 42 12 68 25 85 74 85 15 68 24 49 77 92 65 44 0 13 55 48 48 88 83 28 71 93 12 52 63 91 40 68 49 93 57 44 25 17 92 63 23 40 66 44 69 65 71 61 31 76 60 20 94 42 47 78 48 52 83 83 67 37 97 34 93 93 53 67 41 33 17 35 11 18 98 56
42 67 26 54 39 41 96 83 82 94 82 98 82 99 91 43 97 95 24 12 37 74 55 29 73 85 78 15 35 24 71 80 97 86 95 45 35 25 30 48 83 55 93 41 50 67 42 19 18 78 53 14 82 81 26 13 0 36 35 60 89 81 99 93 24 26 20 73 96 64 44 82 67 51 94 55 87 54 66 74 45 10 23 98 96 85 22 11 93 52 32 30 32 19 95 48 98 89 99 66 33 30 76 25 81 87 79 84 98 78 15 72 39 54 24
46 17 61 81 35 83 56 82 31 30 91 89 55 95 19 46 25 30 55 71 27 34 37 40 46 17 37 37 56 75 77 95 20 58 20 85 72 58 14 51 18 94 80 42 37 37 89 74 62 87 44 13 20 71 37 55 36 0 98 86 33 46 19 10 66 91 22 20 82 59 10 74 10 24 69 76 23 79 65 10 36 39 74 43 32 48 53 50 68 28 58 31 27 53 77 59 90 37 59 64 27 88 10 66 60 38 99 13 53 17 78 27 31 37 87
62 26 17 81 10 58 96 32 78 49 33 53 15 74 79 99 48 26 60 65 61 55 16 11 33 80 77 70 66 64 36 42 89 67 29 50 61 57 75 58 86 34 56 99 91 21 29 27 50 20 56 55 66 97 80 48 35 98 0 74 97 97 56 59 84 40 60 56 28 33 46 90 20 74 25 83 51 76 59 12 29 74 69 41 30 27 64 15 19 47 61 18 13 17 84 27 17 40 53 26 23 57 80 68 76 42 91 39 35 44 63 14 21 52 19
84 85 10 13 82 20 36 95 84 50 91 82 79 50 77 21 21 11 46 27 30 85 24 67 60 76 23 87 73 65 72 95 74 19 56 64 64 44 90 29 41 36 98 53 99 76 16 41 21 68 65 21 29 95 64 48 60 86 74 0 40 44 93 26 25 19 17 44 56 59 32 46 48 71 72 99 45 58 96 19 54 72 84 69 62 48 25 84 47 32 66 70 65 44 19 73 16 79 38 53 90 11 80 48 55 15 23 77 30 79 91 80 51 45 59
74 57 85 11 98 73 64 65 71 47 47 98 49 60 15 87 45 91 83 90 62 12 96 52 63 12 93 87 24 20 81 69 49 73 40 63 95 47 58 22 94 18 67 61 53 94 86 61 26 35 11 16 32 67 61 88 89 33 97 40 0 50 67 36 51 20 46 64 56 47 35 61 53 33 30 14 37 96 36 64 66 54 55 39 47 86 26 68 71 70 13 30 68 84 93 52 69 61 34 48 38 66 86 22 17 35 29 82 61 52 38 57 82 48 39
42 52 59 75 32 89 65 58 79 27 89 75 69 98 36 87 99 66 22 92 33 88 85 48 64 40 61 53 25 66 30 38 67 28 15 66 75 47 28 21 35 55 14 39 12 81 67 53 56 94 55 23 74 92 84 83 81 46 97 44 50 0 40 59 59 32 84 60 53 51 68 70 12 57 71 76 23 21 63 84 94 61 94 45 48 18 42 18 27 26 52 48 43 76 28 16 14 88 97 14 54 39 13 81 94 97 45 55 84 68 76 86 37 30 48
49 15 14 55 81 73 17 26 69 21 20 90 25 79 77 15 31 71 84 82 37 66 83 72 61 10 99 18 34 71 44 93 31 13 18 25 55 66 63 95 87 96 62 64 82 58 50 12 86 61 76 94 70 72 48 28 99 19 56 93 67 40 0 76 72 79 12 51 48 13 35 21 44 11 78 33 97 87 50 23 40 24 67 98 86 41 98 81 58 77 16 95 72 82 41 25 90 90 51 47 72 32 15 74 70 32 40 44 21 94 32 53 34 95 74
15 35 60 75 32 10 29 39 84 29 86 14 50 57 78 52 19 76 99 77 45 58 39 21 20 45 24 56 66 36 73 31 10 13 63 12 53 98 18 10 87 29 50 70 43 14 36 99 27 43 72 27 72 24 55 71 93 10 59 26 36 59 76 0 35 69 19 10 52 43 13 40 78 97 57 10 30 39 44 57 40 14 18 23 48 52 53 86 87 69 18 12 77 55 92 45 83 16 46 21 18 20 54 88 33 92 10 88 52 31 64 86 32 19 77
93 37 84 33 40 44 85 46 50 11 75 61 53 59 34 42 73 13 78 83 98 28 75 70 77 62 36 39 27 74 32 36 50 21 52 94 10 56 56 43 41 90 61 22 32 72 24 81 38 21 37 84 83 84 95 93 24 66 84 25 51 59 72 35 0 99 40 61 61 72 25 11 10 39 51 75 15 59 62 14 69 35 49 83 15 86 52 78 59 22 41 95 18 24 59 13 14 39 64 20 32 39 91 78 67 30 98 40 44 16 70 64 86 16 64
74 46 74 56 61 66 86 55 96 89 89 31 58 65 69 26 80 54 96 72 54 27 40 24 94 16 73 29 70 66 41 69 19 59 85 68 40 76 31 40 29 19 96 60 52 52 85 44 47 83 73 31 43 70 39 12 26 91 40 19 20 32 79 69 99 0 51 73 44 58 77 16 35 70 91 90 79 64 49 81 53 68 32 80 84 62 85 24 42 81 26 55 28 32 99 12 83 48 88 57 74 23 88 28 41 51 67 65 62 15 91 70 65 41 44
16 69 98 52 86 85 91 41 60 69 15 13 59 70 50 18 56 81 44 10 76 37 37 81 42 85 71 70 45 59 42 26 85 19 61 92 17 64 38 41 91 50 48 16 16 24 34 86 40 51 76 24 92 66 32 52 20 22 60 17 46 84 12 19 40 51 0 76 80 22 38 44 59 30 72 67 75 58 38 34 45 52 99 62 63 22 59 81 58 84 69 65 89 95 43 64 68 22 48 42 81 82 37 20 51 91 57 70 35 80 92 19 65 91 67
25 80 65 30 49 87 47 17 23 79 73 75 78 90 77 88 55 79 44 34 97 24 88 39 71 55 22 74 58 23 35 76 80 28 83 19 71 82 70 99 40 92 85 65 28 89 19 34 11 93 86 97 15 14 67 63 73 20 56 44 64 60 51 10 61 73 76 0 58 31 88 52 38 73 52 48 70 64 72 31 73 10 85 32 94 44 71 55 24 69 68 12 97 66 18 37 14 36 32 43 78 68 54 25 23 14 14 58 75 32 34 23 11 35 85
72 70 12 99 13 95 99 22 97 50 21 87 63 89 81 85 24 63 81 65 11 51 95 24 95 19 73 69 93 69 59 36 10 14 56 52 72 65 92 52 87 52 15 43 56 84 44 55 66 17 21 46 44 13 68 91 96 82 28 56 56 53 48 52 61 44 80 58 0 53 61 38 23 63 42 94 80 90 25 83 42 48 37 13 92 25 46 19 26 56 32 46 30 85 18 29 69 87 52 91 84 93 56 54 27 73 54 64 11 85 63 11 70 37 48
55 68 24 34 27 34 31 17 15 17 98 39 22 56 83 48 58 80 79 98 66 60 66 82 78 13 61 48 69 56 65 70 23 82 49 82 36 31 77 67 85 54 82 16 90 31 39 79 16 69 55 16 76 78 65 40 64 59 33 59 47 51 13 43 72 58 22 31 53 0 79 63 81 79 59 62 51 26 39 70 68 11 47 58 90 73 41 53 87 15 15 49 13 14 99 63 10 57 14 49 40 48 67 31 42 26 59 79 51 72 86 80 20 89 12
30 24 50 91 80 16 18 26 10 59 73 76 34 93 51 87 10 94 37 94 58 58 46 58 11 14 25 29 59 46 29 26 16 65 12 67 46 91 31 77 99 81 46 60 28 25 97 37 60 53 87 23 61 84 45 68 44 10 46 32 35 68 35 13 25 77 38 88 61 79 0 24 99 44 72 74 75 75 64 74 59 83 69 96 65 88 72 39 88 41 95 64 96 32 91 72 11 36 98 43 25 41 58 43 95 69 43 40 37 25 23 90 32 22 53
90 29 15 32 35 32 48 70 16 70 96 13 71 51 69 85 57 37 13 76 14 54 81 13 14 32 52 74 71 47 77 64 94 72 59 98 40 72 64 64 70 34 80 49 94 87 39 34 81 13 55 34 47 91 69 49 82 74 90 46 61 70 21 40 11 16 44 52 38 63 24 0 82 38 78 11 44 28 16 36 14 59 35 86 52 69 55 86 37 74 10 10 41 27 79 72 88 16 15 28 62 26 30 70 36 57 38 79 87 21 97 73 25 44 59
51 73 43 89 26 29 55 25 14 86 61 10 72 78 80 24 42 33 65 93 36 85 58 64 41 24 83 48 25 99 55 12 49 67 31 41 74 62 15 23 77 54 50 90 17 35 13 68 26 57 22 12 85 48 77 93 67 10 20 48 53 12 44 78 10 35 59 38 23 81 99 82 0 18 79 18 95 72 57 71 32 52 70 13 36 44 93 62 28 39 72 99 36 92 22 14 80 45 95 12 26 61 54 18 27 42 63 58 96 46 56 45 38 90 56
32 75 87 15 43 71 80 53 48 23 56 83 57 30 73 53 60 72 33 68 75 43 51 32 71 19 82 42 66 68 73 25 39 16 44 86 68 17 10 21 32 17 98 24 56 42 19 96 44 84 62 13 63 22 20 57 51 24 74 71 33 57 11 97 39 70 30 73 63 79 44 38 18 0 67 10 91 36 78 42 27 48 47 13 10 49 93 41 39 63 52 91 66 95 48 91 52 27 15 31 23 33 36 24 77 96 33 55 59 16 37 85 68 31 74
99 67 74 20 61 52 49 20 29 41 82 61 67 96 87 19 19 92 79 51 79 95 34 45 46 32 22 42 53 73 18 23 80 61 77 71 73 38 80 66 95 37 29 88 33 88 13 29 28 91 75 24 47 67 71 44 94 69 25 72 30 71 78 57 51 91 72 52 42 59 72 78 79 67 0 75 39 25 49 95 43 60 28 20 84 16 61 82 24 90 26 68 15 27 38 29 20 92 82 59 97 81 90 74 27 76 97 97 75 77 90 39 97 54 47
89 56 90 47 38 34 86 23 57 27 86 14 24 12 49 50 30 92 79 38 99 47 45 55 43 34 39 10 49 56 75 88 58 41 63 77 76 70 97 32 59 15 86 77 86 15 61 24 13 21 27 10 27 82 34 25 55 76 83 99 14 76 33 10 75 90 67 48 94 62 74 11 18 10 75 0 41 65 88 23 95 30 38 86 19 63 85 20 40 20 19 62 24 78 92 39 49 99 22 12 42 99 27 33 31 49 54 76 37 80 92 69 76 98 99
62 92 65 31 14 14 19 95 46 30 59 12 86 60 74 60 60 24 13 21 72 19 43 53 92 17 25 38 98 53 70 80 75 71 91 84 47 26 33 23 14 10 84 26 75 12 58 67 44 42 60 53 75 81 52 17 87 23 51 45 37 23 97 30 15 79 75 70 80 51 75 44 95 91 39 41 0 42 60 46 90 62 84 56 50 34 22 97 73 23 69 56 62 57 15 34 47 82 34 60 53 79 28 98 36 31 10 17 48 82 39 49 61 94 44
34 47 99 57 84 82 68 83 74 96 71 96 34 87 47 29 26 61 87 63 42 42 52 70 35 28 55 35 70 58 34 14 99 91 94 64 90 42 20 38 17 95 69 79 88 19 56 10 11 43 52 16 18 80 47 92 54 79 76 58 96 21 87 39 59 64 58 64 90 26 75 28 72 36 25 65 42 0 11 16 99 28 47 79 49 23 81 86 38 41 77 79 38 84 81 23 64 92 95 26 63 91 47 61 98 98 92 71 88 57 82 75 87 48 20
92 35 33 64 82 53 43 57 83 97 84 70 25 77 60 90 51 13 96 52 14 82 90 49 41 39 86 95 99 87 70 52 88 27 67 44 50 97 99 66 43 13 38 97 79 35 98 87 62 76 91 38 46 80 17 63 66 65 59 96 36 63 50 44 62 49 38 72 25 39 64 16 57 78 49 88 60 11 0 52 97 63 42 74 65 69 21 33 60 72 42 15 19 49 19 20 31 38 91 56 53 76 61 36 79 85 83 66 29 34 83 74 83 24 19
77 60 52 36 40 15 95 74 35 38 99 22 43 42 89 27 88 34 54 42 72 60 91 46 39 27 46 21 12 38 27 61 44 24 88 42 91 89 82 87 37 14 69 91 70 78 14 25 65 28 67 38 37 21 86 23 74 10 12 19 64 84 23 57 14 81 34 31 83 70 74 36 71 42 95 23 46 16 52 0 60 48 14 89 66 86 21 27 80 94 18 89 26 45 67 61 35 59 44 35 75 92 57 60 93 14 11 17 44 97 74 25 17 65 78
28 66 34 19 98 77 89 66 65 69 67 46 40 11 34 99 12 86 96 56 78 61 41 42 57 38 57 28 41 36 17 56 20 33 70 70 51 85 15 95 89 81 17 69 77 10 77 81 59 72 43 51 41 41 61 40 45 36 29 54 66 94 40 40 69 53 45 73 42 68 59 14 32 27 43 95 90 99 97 60 0 87 72 86 81 69 17 15 49 73 62 43 76 31 44 28 95 45 81 76 88 72 32 84 43 37 27 41 69 79 60 85 78 77 58
95 79 72 28 12 89 69 96 77 58 23 85 45 86 26 46 73 58 95 61 96 61 60 30 82 41 76 82 65 52 39 80 18 67 44 34 23 42 26 64 90 55 22 13 87 81 41 13 72 39 49 55 52 90 28 66 10 39 74 72 54 61 24 14 35 68 52 10 48 11 83 59 52 48 60 30 62 28 63 48 87 0 44 55 54 27 18 22 61 66 69 79 37 73 80 12 50 57 97 70 81 28 55 40 51 37 11 81 68 33 94 89 51 14 49
51 27 31 12 36 77 23 48 47 42 46 39 99 38 67 40 36 36 88 52 86 19 61 89 72 90 41 13 47 31 12 39 30 48 73 41 79 44 47 38 72 73 37 30 87 32 55 26 17 42 81 13 33 20 23 44 23 74 69 84 55 94 67 18 49 32 99 85 37 47 69 35 70 47 28 38 84 47 42 14 72 44 0 79 84 64 34 48 84 35 31 50 58 19 88 77 72 33 19 98 68 52 20 56 32 80 80 48 24 65 97 74 48 41 40
13 98 11 32 43 69 41 61 75 92 66 22 55 96 71 75 63 27 76 98 81 48 54 58 33 47 73 66 35 12 30 80 59 10 45 57 33 10 21 57 69 59 68 50 65 48 29 48 70 83 99 39 84 72 68 69 98 43 41 69 39 45 98 23 83 80 62 32 13 58 96 86 13 13 20 86 56 79 74 89 86 55 79 0 73 70 20 68 92 25 99 69 47 11 33 45 91 63 44 91 46 10 55 89 43 62 98 10 56 39 74 24 33 25 35
90 47 87 13 45 85 77 24 61 11 63 99 25 56 28 70 81 49 51 18 47 78 20 21 32 45 89 42 54 66 79 25 55 28 56 71 27 31 12 63 73 81 18 27 17 95 17 77 34 35 36 17 49 99 98 65 96 32 30 62 47 48 86 48 15 84 63 94 92 90 65 52 36 10 84 19 50 49 65 66 81 54 84 73 0 13 17 39 26 49 94 64 57 21 90 86 20 42 88 81 33 66 20 46 84 54 88 58 12 83 10 35 53 82 81
81 74 29 41 21 22 39 87 43 30 40 60 51 94 80 27 80 33 38 16 60 72 38 96 67 92 79 30 53 98 12 91 23 36 34 73 86 10 21 75 10 29 90 57 18 32 38 54 96 85 64 62 97 68 21 71 85 48 27 48 86 18 41 52 86 62 22 44 25 73 88 69 44 49 16 63 34 23 69 86 69 27 64 70 13 0 12 14 19 22 35 30 34 71 74 54 93 25 75 75 39 70 32 58 49 15 59 62 88 78 87 44 59 21 25
83 83 30 54 25 50 13 37 41 48 66 89 28 99 16 35 26 63 34 88 90 56 75 27 90 29 83 77 76 79 41 91 19 65 83 84 13 23 31 32 36 93 62 34 32 49 25 47 55 93 51 33 77 59 99 61 22 53 64 25 26 42 98 53 52 85 59 71 46 41 72 55 93 93 61 85 22 81 21 21 17 18 34 20 17 12 0 61 98 67 34 60 90 45 69 72 37 77 20 99 94 51 70 26 85 54 79 53 50 59 82 13 35 47 90
67 76 10 35 29 69 89 46 50 18 22 28 20 52 12 97 87 72 97 49 93 73 17 42 17 17 27 72 40 99 68 33 95 40 62 81 22 18 65 97 28 97 34 70 52 91 23 79 18 23 83 56 28 33 87 31 11 50 15 84 68 18 81 86 78 24 81 55 19 53 39 86 62 41 82 20 97 86 33 27 15 22 48 68 39 14 61 0 80 51 96 52 84 49 36 88 61 55 31 34 99 51 93 15 92 52 33 56 23 45 48 48 93 75 97
30 28 63 82 63 40 54 37 62 38 68 88 15 16 33 53 94 44 74 36 48 26 55 98 42 11 50 59 41 98 36 32 75 67 44 42 13 87 75 40 67 44 90 92 58 32 91 96 53 34 88 57 91 82 78 76 93 68 19 47 71 27 58 87 59 42 58 24 26 87 88 37 28 39 24 40 73 38 60 80 49 61 84 92 26 19 98 80 0 21 84 70 29 17 75 91 41 52 74 58 61 97 20 90 12 11 41 42 63 72 99 82 65 82 61
91 84 90 91 14 91 67 11 89 34 72 97 19 29 41 51 59 85 80 91 80 92 80 19 56 25 33 57 91 84 90 53 47 76 28 67 51 36 78 95 18 35 89 57 64 90 21 68 83 55 97 31 47 42 88 60 52 28 47 32 70 26 77 69 22 81 84 69 56 15 41 74 39 63 90 20 23 41 72 94 73 66 35 25 49 22 67 51 21 0 75 93 15 55 84 44 93 63 22 38 64 95 67 90 65 25 23 72 22 46 46 32 43 90 20
25 98 93 42 51 82 12 66 14 39 30 95 15 67 78 62 57 57 22 67 49 86 99 97 84 51 23 81 44 47 35 69 82 35 39 93 92 13 27 21 17 61 17 59 10 64 44 66 21 60 30 74 32 97 41 20 32 58 61 66 13 52 16 18 41 26 69 68 32 15 95 10 72 52 26 19 69 77 42 18 62 69 31 99 94 35 34 96 84 75 0 46 99 54 51 55 63 35 12 59 64 79 63 38 64 58 36 61 72 30 55 26 55 93 14
75 18 30 27 16 87 99 95 70 20 34 25 29 78 61 48 21 70 99 97 41 66 40 65 59 74 16 68 18 36 35 68 97 39 98 88 14 78 19 13 73 71 80 81 58 18 10 16 84 57 92 24 30 45 80 94 30 31 18 70 30 48 95 12 95 55 65 12 46 49 64 10 99 91 68 62 56 79 15 89 43 79 50 69 64 30 60 52 70 93 46 0 25 49 38 94 57 37 55 37 85 16 55 10 75 51 14 65 94 44 22 11 79 32 26
70 68 30 76 36 49 57 20 49 57 71 50 41 30 80 94 59 61 22 78 22 51 67 65 23 73 19 84 68 92 89 92 94 77 35 72 32 25 79 20 11 83 86 12 40 15 28 45 60 58 47 86 79 19 42 42 32 27 13 65 68 43 72 77 18 28 89 97 30 13 96 41 36 66 15 24 62 38 19 26 76 37 58 47 57 34 90 84 29 15 99 25 0 90 24 32 73 40 87 69 48 94 55 92 83 68 15 26 31 76 60 76 90 29 97
34 47 35 38 72 27 92 71 18 41 61 36 66 67 21 45 48 34 34 92 59 80 63 56 82 72 87 29 49 39 46 93 78 81 30 72 21 96 51 70 83 82 30 88 86 95 80 53 59 53 10 58 18 34 76 47 19 53 17 44 84 76 82 55 24 32 95 66 85 14 32 27 92 95 27 78 57 84 49 45 31 73 19 11 21 71 45 49 17 55 54 49 90 0 13 62 45 28 29 14 60 73 93 37 17 73 64 53 10 30 81 83 93 59 53
12 39 83 53 64 85 73 48 85 21 69 88 76 79 32 61 99 98 20 11 24 50 97 34 18 18 17 67 53 12 88 11 80 18 53 17 32 35 25 25 63 96 32 62 47 33 99 67 84 97 42 25 26 47 33 78 95 77 84 19 93 28 41 92 59 99 43 18 18 99 91 79 22 48 38 92 15 81 19 67 44 80 88 33 90 74 69 36 75 84 51 38 24 13 0 29 76 23 41 97 27 98 16 15 99 86 67 64 95 89 17 87 67 94 38
50 53 55 26 27 80 72 86 44 65 33 31 88 93 31 82 97 65 73 57 30 81 93 14 70 99 37 52 73 94 73 23 11 56 87 77 74 38 80 15 39 25 19 27 54 16 79 23 41 85 33 62 95 61 87 48 48 59 27 73 52 16 25 45 13 12 64 37 29 63 72 72 14 91 29 39 34 23 20 61 28 12 77 45 86 54 72 88 91 44 55 94 32 62 29 0 19 87 71 88 41 66 23 93 66 31 14 66 58 75 31 12 91 44 87
44 49 27 19 92 84 10 66 58 74 68 94 25 48 65 31 18 89 94 28 29 38 42 44 76 28 83 71 69 94 19 13 89 95 28 11 76 34 20 92 68 88 92 42 37 39 28 59 33 58 60 39 32 67 86 52 98 90 17 16 69 14 90 83 14 83 68 14 69 10 11 88 80 52 20 49 47 64 31 35 95 50 72 91 20 93 37 61 41 93 63 57 73 45 76 19 0 34 28 54 51 18 54 84 45 67 47 67 40 69 93 25 22 43 23
80 42 26 31 66 11 56 77 41 90 75 27 96 47 51 54 69 11 87 28 62 59 72 65 11 90 54 39 69 77 12 67 92 83 29 70 92 85 24 39 73 16 42 83 25 53 99 43 18 63 98 73 39 16 90 83 89 37 40 79 61 88 90 16 39 48 22 36 87 57 36 16 45 27 92 99 82 92 38 59 45 57 33 63 42 25 77 55 52 63 35 37 40 28 23 87 34 0 50 65 13 65 42 53 72 68 29 82 59 25 97 94 37 62 41
47 17 80 32 16 30 86 31 44 78 30 68 74 37 94 24 40 50 45 46 73 18 83 91 23 99 44 51 43 91 17 40 13 37 31 38 29 39 96 77 26 14 25 76 21 91 37 75 66 51 29 87 25 26 88 83 99 59 53 38 34 97 51 46 64 88 48 32 52 14 98 15 95 15 82 22 34 95 91 44 81 97 19 44 88 75 20 31 74 22 12 55 87 29 41 71 28 50 0 48 11 72 25 16 54 93 51 52 58 50 92 71 40 17 48
61 10 58 40 73 46 38 38 70 92 29 19 30 18 16 90 15 95 22 58 47 72 76 93 55 46 17 16 79 20 48 85 91 31 82 50 90 55 57 24 85 16 65 14 34 15 54 15 98 33 87 53 74 31 51 67 66 64 26 53 48 14 47 21 20 57 42 43 91 49 43 28 12 31 59 12 60 26 56 35 76 70 98 91 81 75 99 34 58 38 59 37 69 14 97 88 54 65 48 0 17 26 71 30 96 10 77 88 29 64 65 94 61 10 31
56 67 33 43 14 80 41 20 44 68 82 44 22 33 69 63 62 10 93 97 24 59 75 81 39 30 24 18 80 72 33 76 89 99 45 43 36 21 31 58 31 80 74 93 54 97 52 96 38 43 66 56 47 50 71 37 33 27 23 90 38 54 72 18 32 74 81 78 84 40 25 62 26 23 97 42 53 63 53 75 88 81 68 46 33 39 94 99 61 64 64 85 48 60 27 41 51 13 11 17 0 42 18 43 62 46 32 48 57 61 52 16 21 56 37
83 49 19 85 54 41 66 96 22 80 65 52 83 72 68 35 97 33 88 17 79 42 87 23 89 74 34 25 98 70 91 22 32 86 10 31 70 47 75 45 18 62 68 86 95 89 24 72 78 15 73 39 62 68 36 97 30 88 57 11 66 39 32 20 39 23 82 68 93 48 41 26 61 33 81 99 79 91 76 92 72 28 52 10 66 70 51 51 97 95 79 16 94 73 98 66 18 65 72 26 42 0 97 89 81 69 65 22 88 19 47 99 36 60 51
88 22 10 11 88 21 31 70 13 84 49 20 48 61 25 16 70 85 95 60 56 13 65 91 19 67 27 23 92 63 64 85 90 77 49 63 20 46 56 67 75 46 40 84 40 62 68 80 95 66 15 51 59 68 71 34 76 10 80 80 86 13 15 54 91 88 37 54 56 67 58 30 54 36 90 27 28 47 61 57 32 55 20 55 20 32 70 93 20 67 63 55 55 93 16 23 54 42 25 71 18 97 0 33 53 45 38 60 42 23 91 34 49 42 60
83 18 47 68 95 48 88 48 43 32 58 82 33 62 32 47 97 24 62 52 30 37 90 92 46 34 58 30 96 29 36 30 25 46 41 25 85 88 32 18 96 51 78 29 43 32 14 94 43 27 73 38 94 21 84 93 25 66 68 48 22 81 74 88 78 28 20 25 54 31 43 70 18 24 74 33 98 61 36 60 84 40 56 89 46 58 26 15 90 90 38 10 92 37 15 93 84 53 16 30 43 89 33 0 33 20 53 17 80 93 45 85 50 76 42
30 44 88 20 19 73 89 14 23 35 57 67 72 40 48 74 87 57 58 17 74 97 99 81 79 44 59 87 33 28 68 91 97 72 25 67 61 40 50 81 26 21 10 43 60 65 16 58 20 61 86 49 37 33 65 93 81 60 76 55 17 94 70 33 67 41 51 23 27 42 95 36 27 77 27 31 36 98 79 93 43 51 32 43 84 49 85 92 12 65 64 75 83 17 99 66 45 72 54 96 62 81 53 33 0 83 91 60 91 24 64 50 85 51 24
49 78 59 53 73 93 99 88 89 91 91 43 31 28 37 63 49 34 41 34 49 45 34 43 24 38 65 39 80 70 57 64 74 76 16 77 59 40 70 51 13 36 86 58 36 44 78 23 42 77 14 17 53 79 26 53 87 38 42 15 35 97 32 92 30 51 91 14 73 26 69 57 42 96 76 49 31 98 85 14 37 37 80 62 54 15 54 52 11 25 58 51 68 73 86 31 67 68 93 10 46 69 45 20 83 0 86 43 48 81 69 94 13 71 98
30 42 16 83 37 20 77 55 70 84 36 65 36 22 90 45 51 13 64 54 28 30 37 47 56 82 32 81 28 44 51 84 76 45 13 90 46 96 58 81 66 79 77 17 68 37 13 83 91 66 67 74 43 55 81 67 79 99 91 23 29 45 40 10 98 67 57 14 54 59 43 38 63 33 97 54 10 92 83 11 27 11 80 98 88 59 79 33 41 23 36 14 15 64 67 14 47 29 51 77 32 65 38 53 91 86 0 79 99 79 21 28 66 92 18
17 72 17 49 40 40 86 40 63 68 17 77 65 35 10 10 88 24 71 21 47 51 78 57 71 22 85 39 47 41 42 80 28 62 94 47 41 80 42 69 12 75 42 91 68 49 84 47 61 76 62 41 22 26 74 41 84 13 39 77 82 55 44 88 40 65 70 58 64 79 40 79 58 55 97 76 17 71 66 17 41 81 48 10 58 62 53 56 42 72 61 65 26 53 64 66 67 82 52 88 48 22 60 17 60 43 79 0 29 80 14 36 65 43 83
92 84 67 57 77 84 75 46 11 51 59 34 64 87 49 12 11 94 55 59 43 16 83 25 91 99 25 42 55 49 90 12 15 84 19 92 68 87 56 15 40 79 12 42 67 82 13 82 42 90 40 18 63 14 63 33 98 53 35 30 61 84 21 52 44 62 35 75 11 51 37 87 96 59 75 37 48 88 29 44 69 68 24 56 12 88 50 23 63 22 72 94 31 10 95 58 40 59 58 29 57 88 42 80 91 48 99 29 0 13 71 48 64 27 20
55 39 53 50 24 96 77 50 53 58 14 90 41 55 64 17 21 10 89 49 21 40 76 15 99 33 63 44 95 71 82 85 62 94 73 46 31 12 53 82 94 99 98 20 14 17 56 69 42 35 61 45 51 75 56 17 78 17 44 79 52 68 94 31 16 15 80 32 85 72 25 21 46 16 77 80 82 57 34 97 79 33 65 39 83 78 59 45 72 46 30 44 76 30 89 75 69 25 50 64 61 19 23 93 24 81 79 80 13 0 41 55 52 69 55
70 35 80 14 48 34 85 78 93 37 97 70 87 28 23 55 40 38 42 79 98 31 13 15 36 74 58 11 18 27 44 10 17 15 47 50 72 38 57 76 91 85 23 34 21 67 49 52 35 36 89 72 30 19 84 35 15 78 63 91 38 76 32 64 70 91 92 34 63 86 23 97 56 37 90 92 39 82 83 74 60 94 97 74 10 87 82 48 99 46 55 22 60 81 17 31 93 97 92 65 52 47 91 45 64 69 21 14 71 41 0 51 70 16 67
79 87 45 27 56 55 40 72 74 80 58 95 75 50 18 23 98 20 39 67 69 99 19 17 76 22 85 21 47 43 75 87 51 89 28 68 77 87 92 69 80 43 82 27 78 46 28 35 72 42 43 48 33 14 70 11 72 27 14 80 57 86 53 86 64 70 19 23 11 80 90 73 45 85 39 69 49 75 74 25 85 89 74 24 35 44 13 48 82 32 26 11 76 83 87 12 25 94 71 94 16 99 34 85 50 94 28 36 48 55 51 0 47 63 81
12 83 90 35 32 53 87 22 32 98 41 62 34 18 28 68 95 91 53 25 88 29 64 41 14 91 98 85 93 49 25 58 77 99 31 17 48 65 61 76 63 87 99 41 81 51 61 46 92 39 47 62 28 36 37 18 39 31 21 51 82 37 34 32 86 65 65 11 70 20 32 25 38 68 97 76 61 87 83 17 78 51 48 33 53 59 35 93 65 43 55 79 90 93 67 91 22 37 40 61 21 36 49 50 85 13 66 65 64 52 70 47 0 83 26
31 72 78 21 29 81 73 93 61 33 90 41 59 24 18 96 57 24 38 14 23 84 16 45 61 28 18 77 19 59 20 93 73 10 99 24 96 55 98 36 97 45 83 98 52 33 58 86 24 57 25 66 90 22 73 98 54 37 52 45 48 30 95 19 16 41 91 35 37 89 22 44 90 31 54 98 94 48 24 65 77 14 41 25 82 21 47 75 82 90 93 32 29 59 94 44 43 62 17 10 56 60 42 76 51 71 92 43 27 69 16 63 83 0 76
88 15 73 47 31 44 54 59 33 99 70 30 18 72 45 70 15 33 65 86 74 97 29 88 70 72 27 15 68 47 74 37 24 73 31 46 63 51 41 63 23 89 75 86 24 50 69 57 36 16 55 86 78 40 91 56 24 87 19 59 39 48 74 77 64 44 67 85 48 12 53 59 56 74 47 99 44 20 19 78 58 49 40 35 81 25 90 97 61 20 14 26 97 53 38 87 23 41 48 31 37 51 60 42 24 98 18 83 20 55 67 81 26 76 0