145
0 77 62 30 60 12 82 51 76 39 37 78 36 80 98 13 54 43 54 31 37 17 82 10 43 52 36 43 11 89 28 30 13 65 92 30 69 25 40 36 46 51 59 69 31 84 46 24 23 39 73 82 75 93 42 21 40 68 84 24 15 58 61 70 21 99 63 27 60 89 93 41 43 99 22 51 58 29 67 69 80 29 99 55 27 71 24 40 52 30 54 52 22 87 68 33 64 49 44 26 63 63 64 47 18 29 12 13 32 61 11 79 90 42 29 76 18 53 78 46 58 35 83 64 51 14 36 61 60 23 61 10 53 12 17 36 63 85 91 43 36 20 64 79 43
77 0 57 38 37 79 85 29 42 49 19 73 77 23 31 94 28 69 15 15 84 36 66 44 59 23 94 63 70 32 29 94 74 12 10 13 42 56 95 80 56 19 45 34 58 81 17 76 28 69 71 48 83 81 59 60 95 95 37 20 94 18 75 13 61 91 28 90 95 42 83 43 41 13 93 25 44 55 59 31 57 11 53 40 70 74 69 55 98 31 93 66 80 31 82 46 69 89 66 64 85 41 18 35 35 96 99 63 16 54 26 62 70 23 57 35 96 54 91 38 79 39 90 15 45 59 64 12 77 68 69 44 29 52 51 82 48 10 23 71 64 13 74 85 45
62 57 0 28 38 55 97 27 33 52 61 54 87 94 76 82 36 91 83 30 61 34 56 24 52 89 24 11 35 77 63 67 46 77 51 26 95 15 91 56 75 15 22 45 99 40 86 87 49 38 85 32 19 22 91 95 77 16 17 76 92 93 40 14 76 25 15 97 23 29 20 92 51 15 48 77 90 75 36 32 56 88 50 80 85 24 19 25 64 71 89 49 49 92 39 64 73 53 60 29 96 41 47 63 27 36 98 40 58 10 22 45 49 25 67 27 19 94 22 97 32 99 84 40 96 17 37 19 37 27 42 49 82 15 97 93 84 54 44 97 21 96 64 40 78
30 38 28 0 33 93 19 86 82 49 40 60 98 42 88 70 90 61 43 30 63 75 73 45 65 21 55 37 51 13 90 59 28 42 72 39 84 78 95 84 39 66 20 53 45 83 56 51 47 78 54 69 24 79 63 59 33 60 73 24 19 32 76 53 80 88 37 69 65 67 10 39 10 83 10 74 45 23 25 65 65 57 17 93 87 68 81 39 58 66 17 57 78 12 93 75 63 72 15 84 32 44 99 87 80 66 89 90 83 39 18 58 32 21 88 74 60 46 25 78 80 91 12 50 90 40 41 73 33 33 76 97 99 43 66 12 72 46 46 94 80 39 98 90 32
60 37 38 33 0 22 93 51 23 99 59 54 29 27 69 49 80 46 33 74 68 54 62 72 74 47 38 77 95 35 59 63 85 15 54 34 99 62 29 75 57 26 45 89 37 14 41 65 19 65 70 22 47 83 90 52 88 86 29 68 68 77 26 98 72 92 69 88 99 41 23 36 92 92 49 83 99 56 53 45 64 91 56 17 88 75 94 86 41 59 17 35 72 11 96 72 94 76 63 75 35 98 66 13 94 86 97 22 47 82 45 24 78 36 52 89 66 21 97 15 36 81 90 32 26 23 93 48 45 30 59 62 30 34 41 75 20 39 77 60 52 61 71 17 69
12 79 55 93 22 0 51 35 91 28 15 10 19 36 90 30 10 57 12 78 54 91 35 72 56 97 32 84 17 98 43 18 49 65 81 29 31 62 37 55 83 12 74 73 87 93 11 96 37 53 74 99 43 71 82 32 79 74 13 40 26 58 13 94 16 46 57 44 96 68 69 72 66 64 23 61 27 92 35 58 59 86 38 98 74 92 57 20 69 68 10 47 78 59 25 69 81 26 95 65 83 48 10 15 53 16 10 43 76 43 52 44 54 19 60 93 76 32 37 93 80 82 81 58 92 77 83 18 80 26 97 16 54 74 73 98 60 64 13 82 26 66 56 76 71
82 85 97 19 93 51 0 88 27 31 31 82 13 69 17 56 71 83 96 67 42 66 40 71 53 23 94 44 26 21 74 93 45 71 25 82 62 37 10 65 93 47 62 63 61 98 59 79 84 14 66 37 39 29 89 45 29 92 46 72 16 36 36 18 33 60 78 17 24 69 75 96 10 69 86 72 98 89 88 30 42 10 93 34 78 62 40 77 96 93 71 44 57 50 66 49 16 24 74 78 12 12 25 47 48 85 72 60 37 15 74 46 56 32 47 43 70 90 15 86 59 17 42 76 20 90 66 18 74 36 47 10 92 72 85 15 76 44 65 24 29 38 91 16 80
51 29 27 86 51 35 88 0 61 80 29 70 36 95 90 48 53 33 68 34 48 24 69 16 20 52 62 58 23 99 63 65 51 59 65 12 51 82 20 19 12 97 94 87 37 86 77 30 95 83 12 37 34 80 67 25 10 71 79 72 68 49 40 54 21 12 17 88 71 29 62 14 23 26 71 96 97 85 96 17 84 71 39 72 62 57 37 24 64 62 60 63 70 11 94 16 22 23 18 65 19 32 39 12 55 36 83 30 83 76 29 30 99 51 92 49 98 34 53 70 58 72 73 94 57 49 40 26 94 25 17 26 78 36 88 88 86 26 38 24 18 56 58 33 31
76 42 33 82 23 91 27 61 0 24 76 20 26 37 64 26 65 34 90 80 56 34 77 67 56 58 20 78 41 79 56 77 35 65 37 83 75 14 60 11 91 35 50 88 86 61 93 72 22 47 85 77 43 21 71 63 99 91 76 22 25 31 66 84 69 60 57 72 31 64 76 29 36 77 76 12 64 15 93 61 33 71 63 12 45 93 18 25 90 16 74 59 79 13 16 82 24 32 94 61 71 50 67 62 97 78 52 45 43 66 55 72 66 96 21 84 71 83 88 23 34 39 85 68 19 94 33 69 85 71 93 58 93 63 21 80 80 76 94 10 97 73 31 30 46
39 49 52 49 99 28 31 80 24 0 51 18 36 38 51 79 14 22 14 81 24 32 39 63 15 24 84 83 51 81 55 92 27 46 48 77 32 70 47 76 73 56 27 99 13 43 87 57 24 93 71 47 26 14 33 80 78 15 43 84 95 19 43 87 15 95 16 92 66 68 86 23 93 14 30 61 64 37 92 13 59 24 67 26 92 24 10 67 87 18 58 39 73 81 44 65 50 36 53 34 68 42 15 43 78 54 58 78 94 86 35 38 58 77 18 39 50 13 84 97 95 51 43 34 32 34 16 52 66 60 77 59 75 46 12 68 32 76 74 83 58 20 51 81 97
37 19 61 40 59 15 31 29 76 51 0 44 93 15 67 11 47 94 23 84 82 46 89 64 31 68 95 16 73 16 76 14 20 50 31 44 63 60 72 74 38 10 65 30 31 34 18 30 43 91 86 69 30 57 84 86 21 75 44 34 71 71 64 83 45 19 72 29 75 14 15 53 14 37 35 44 44 58 42 10 91 51 64 21 89 19 97 50 79 25 29 80 65 26 46 13 66 75 15 26 31 47 90 94 85 31 54 32 25 20 41 80 18 81 17 81 54 16 48 45 50 96 21 18 24 53 88 23 97 14 95 29 74 16 52 52 87 79 13 15 82 19 85 63 27
78 73 54 60 54 10 82 70 20 18 44 0 26 41 29 86 20 24 93 12 24 72 97 17 13 23 95 52 42 54 90 99 34 31 43 15 63 91 69 52 36 35 94 22 46 11 89 13 42 78 13 67 19 25 97 91 83 32 59 63 41 28 71 18 30 75 12 11 50 26 15 14 98 23 75 35 71 28 36 55 72 26 86 22 35 45 84 76 98 67 67 60 86 99 20 83 77 68 96 76 41 21 15 27 29 16 71 36 73 70 81 35 34 69 91 14 14 63 66 55 77 19 77 78 92 78 82 86 36 68 16 27 37 11 67 59 97 68 97 87 31 65 71 20 42
36 77 87 98 29 19 13 36 26 36 93 26 0 52 60 77 13 41 37 13 78 93 93 27 26 99 83 54 29 61 10 51 15 70 79 28 76 48 65 23 46 91 38 13 12 41 83 74 16 11 98 68 24 76 20 70 94 94 85 65 55 65 25 69 58 72 83 52 71 20 40 80 62 46 88 18 66 52 63 24 13 15 68 98 41 55 59 64 58 44 69 72 57 20 30 32 17 59 24 55 40 20 22 38 27 45 39 76 78 92 79 31 45 18 47 81 70 62 90 52 52 95 95 69 38 60 47 99 75 94 22 16 28 50 21 50 96 53 24 83 76 71 74 84 66
80 23 94 42 27 36 69 95 37 38 15 41 52 0 50 12 65 66 17 18 96 68 72 45 26 90 73 83 66 58 24 47 54 98 41 15 45 65 65 34 38 81 44 14 11 96 17 78 79 27 44 84 50 28 21 18 20 88 19 62 41 83 96 24 71 70 33 12 85 37 19 59 98 36 51 56 10 25 10 99 72 27 80 35 11 95 28 90 50 49 63 49 77 26 23 82 99 68 45 65 45 99 44 82 31 71 16 54 72 68 27 50 34 29 82 99 45 97 96 63 44 12 97 66 58 15 61 65 79 62 11 51 40 33 17 28 26 32 73 70 17 85 92 44 96
98 31 76 88 69 90 17 90 64 51 67 29 60 50 0 73 51 17 94 97 71 98 55 19 69 78 52 16 53 83 19 48 68 34 92 61 11 39 76 64 99 82 97 63 83 35 32 96 26 70 14 70 29 60 34 89 50 47 60 68 55 65 51 88 93 49 25 16 72 31 70 81 17 73 36 34 51 75 32 57 36 85 29 99 19 54 92 65 96 32 96 67 50 16 28 50 42 67 84 34 97 89 36 52 23 75 14 91 98 32 65 14 82 21 50 95 53 53 71 66 10 27 48 17 13 86 92 46 33 94 90 65 34 33 65 79 79 93 64 21 66 13 21 38 10
13 94 82 70 49 30 56 48 26 79 11 86 77 12 73 0 35 45 65 98 63 69 82 25 67 56 45 32 91 88 58 99 86 16 58 53 68 44 49 85 43 20 76 27 33 84 10 93 82 79 13 70 20 52 19 52 90 81 71 80 96 26 54 29 95 77 21 68 22 31 29 70 36 48 95 70 91 19 41 11 35 56 57 92 43 49 20 85 99 85 75 71 16 86 79 70 58 46 54 35 11 98 58 77 12 52 65 43 70 23 61 34 41 99 16 94 42 27 91 22 20 34 19 66 88 57 68 31 94 86 65 36 52 15 13 96 58 49 73 75 32 35 66 97 46
54 28 36 90 80 10 71 53 65 14 47 20 13 65 51 35 0 61 82 73 23 19 43 69 11 97 29 99 44 48 32 65 54 34 69 56 15 75 89 79 53 56 46 10 23 25 73 99 89 35 48 42 19 96 37 98 12 50 29 38 83 71 78 30 72 26 71 32 51 67 76 37 84 70 54 89 55 90 41 32 38 72 75 14 31 78 73 49 98 22 93 78 74 63 15 46 71 66 93 22 62 24 32 57 15 56 38 69 16 31 39 39 48 53 27 86 27 21 39 39 27 48 66 20 59 10 28 15 90 70 23 35 10 84 47 96 53 88 53 82 55 49 24 36 34
43 69 91 61 46 57 83 33 34 22 94 24 41 66 17 45 61 0 40 63 56 69 44 87 69 18 15 97 72 42 61 68 42 68 18 11 18 35 81 72 58 15 19 16 73 46 31 91 33 22 38 30 19 45 43 25 49 84 20 38 59 83 95 37 47 77 49 46 31 63 84 37 79 43 24 31 33 74 29 10 75 90 34 46 68 39 78 83 22 49 25 56 52 36 87 73 67 60 64 68 68 31 77 30 91 75 95 27 53 41 20 27 14 47 78 72 82 38 82 22 90 71 23 25 60 15 12 56 99 88 70 79 71 55 32 47 47 11 65 28 30 62 20 80 12
54 15 83 43 33 12 96 68 90 14 23 93 37 17 94 65 82 40 0 84 49 93 50 12 65 22 26 35 40 28 41 27 27 44 30 83 25 26 16 72 10 64 39 10 86 11 50 19 90 86 21 58 12 65 26 17 49 23 48 82 94 16 43 54 50 62 85 55 76 16 75 93 52 61 95 61 62 27 11 11 54 80 50 60 21 73 69 47 55 26 68 49 58 67 55 63 97 41 26 44 77 63 65 55 44 84 56 84 49 87 63 33 53 83 77 21 27 88 73 62 50 67 75 91 85 71 28 95 29 34 38 43 84 29 35 48 79 19 63 53 55 80 86 74 42
31 15 30 30 74 78 67 34 80 81 84 12 13 18 97 98 73 63 84 0 56 80 14 34 26 11 87 96 21 43 26 54 93 91 39 59 81 12 26 24 99 85 77 42 57 35 23 76 36 95 90 45 55 58 95 55 21 75 58 14 45 71 75 60 88 20 97 87 39 43 66 48 72 48 16 27 14 17 30 80 49 60 96 95 65 26 52 19 94 55 51 38 16 97 84 47 88 87 87 80 98 67 75 13 70 15 88 23 47 42 20 42 65 37 35 99 49 66 60 62 67 76 94 12 85 35 27 34 91 10 87 27 83 54 30 22 65 76 29 39 70 17 12 49 49
37 84 61 63 68 54 42 48 56 24 82 24 78 96 71 63 23 56 49 56 0 86 43 57 55 70 44 22 37 13 52 75 12 54 14 26 10 58 34 36 88 70 31 43 54 93 97 90 57 16 75 61 53 76 89 47 19 66 73 29 72 15 29 98 25 58 92 60 87 79 26 93 94 56 61 26 49 68 23 92 65 66 70 73 31 63 29 77 70 70 49 92 86 70 89 86 66 51 59 60 82 88 41 98 23 56 18 18 91 21 28 27 86 42 76 21 41 82 29 86 82 48 77 25 11 19 11 62 42 26 24 57 86 24 65 33 74 79 35 81 12 97 70 51 55
17 36 34 75 54 91 66 24 34 32 46 72 93 68 98 69 19 69 93 80 86 0 25 81 91 36 49 19 55 69 19 86 63 69 81 15 45 33 42 42 86 87 14 59 59 67 67 52 62 74 86 50 93 16 49 13 73 26 65 90 66 18 37 67 53 19 78 79 72 55 34 50 42 64 96 92 16 38 63 77 43 25 70 66 73 78 31 34 65 89 84 50 43 73 24 14 14 83 63 35 93 76 43 87 52 76 46 95 91 91 39 80 29 84 58 94 83 25 66 55 77 43 19 73 13 70 33 53 39 55 64 50 76 14 40 84 10 73 47 18 28 26 69 99 17
82 66 56 73 62 35 40 69 77 39 89 97 93 72 55 82 43 44 50 14 43 25 0 15 68 98 90 32 60 58 48 83 55 12 50 82 74 28 64 34 74 33 98 50 23 35 18 15 76 87 67 80 62 14 48 44 84 92 19 77 64 86 52 56 33 47 35 18 52 55 98 24 22 65 99 69 31 31 96 38 53 31 62 10 91 38 28 50 70 99 41 53 64 55 19 88 89 39 79 22 76 31 33 83 57 78 67 31 17 82 29 13 49 96 41 42 96 68 29 29 52 32 57 66 49 39 20 27 67 54 97 57 16 72 95 61 82 97 65 97 22 76 77 73 23
10 44 24 45 72 72 71 16 67 63 64 17 27 45 19 25 69 87 12 34 57 81 15 0 48 83 41 34 66 27 63 27 51 27 59 52 39 67 93 19 93 78 35 83 53 31 87 33 67 67 88 68 76 81 31 45 61 71 85 51 76 64 28 25 52 19 24 97 19 42 84 62 49 85 53 41 16 94 14 79 27 63 24 82 62 41 89 67 40 27 20 11 68 51 29 50 88 95 72 86 26 40 75 21 62 20 54 48 39 66 37 75 97 10 32 10 64 71 28 13 28 64 14 59 73 55 71 44 64 16 77 60 62 41 62 10 42 17 11 29 82 72 93 39 40
43 59 52 65 74 56 53 20 56 15 31 13 26 26 69 67 11 69 65 26 55 91 68 48 0 35 40 18 48 91 44 30 24 68 45 60 42 88 98 22 50 42 91 96 22 36 84 75 82 44 54 62 26 89 68 47 21 17 32 21 57 22 49 51 11 29 30 90 96 81 68 92 62 69 45 31 99 37 33 96 57 84 19 90 97 95 48 65 73 27 61 39 39 99 64 64 76 69 40 98 18 96 14 35 72 85 50 39 43 20 19 18 49 12 97 43 13 75 62 32 98 87 15 93 57 28 27 62 96 30 51 63 98 88 55 55 17 74 98 11 66 30 17 22 24
52 23 89 21 47 97 23 52 58 24 68 23 99 90 78 56 97 18 22 11 70 36 98 83 35 0 57 71 74 79 75 44 89 25 41 77 60 71 90 97 29 78 57 65 87 86 40 52 27 91 76 43 52 60 86 81 45 83 47 42 36 29 30 90 32 91 43 82 79 13 92 47 13 74 26 98 23 73 40 66 71 80 33 68 47 73 39 36 68 75 66 18 61 21 97 48 23 65 65 57 45 96 53 22 82 17 73 97 87 17 12 36 49 71 21 19 82 50 42 69 93 88 21 91 75 72 50 62 89 51 54 88 32 27 63 50 19 54 43 29 98 24 34 73 17
36 94 24 55 38 32 94 62 20 84 95 95 83 73 52 45 29 15 26 87 44 49 90 41 40 57 0 86 85 73 68 94 88 80 11 53 25 61 97 93 41 97 51 73 76 23 40 30 65 98 38 70 28 50 47 61 72 75 95 82 55 82 95 22 71 81 29 90 22 56 73 52 55 29 90 47 93 59 42 26 17 23 99 78 43 42 22 22 59 50 39 64 72 48 34 44 33 23 50 73 80 87 90 10 82 26 61 46 75 55 85 41 96 25 87 74 87 95 46 84 47 60 26 69 35 54 62 72 30 94 87 17 62 83 12 88 36 46 62 74 45 31 19 69 29
43 63 11 37 77 84 44 58 78 83 16 52 54 83 16 32 99 97 35 96 22 19 32 34 18 71 86 0 33 99 26 32 90 85 33 14 70 79 43 57 89 84 75 24 17 55 79 67 34 60 42 90 11 94 72 57 20 61 95 62 74 77 13 28 79 96 52 51 53 43 65 74 53 43 75 45 46 29 28 93 15 82 96 72 32 97 96 33 51 89 53 62 53 23 69 24 28 94 27 82 75 75 90 37 18 15 57 54 53 89 53 54 21 39 78 81 28 19 59 45 90 14 69 54 46 14 72 88 94 37 61 15 82 97 78 45 97 78 30 72 26 23 54 51 43
11 70 35 51 95 17 26 23 41 51 73 42 29 66 53 91 44 72 40 21 37 55 60 66 48 74 85 33 0 24 37 72 22 94 89 25 67 34 33 75 66 73 98 48 85 68 98 58 44 48 51 70 98 26 66 68 67 92 71 99 86 94 84 64 55 87 43 31 27 99 51 43 55 54 14 89 14 58 37 43 13 95 29 84 86 28 61 23 69 81 93 56 67 26 76 88 67 79 13 29 64 70 28 49 48 95 72 75 35 90 79 88 35 95 96 66 39 68 20 18 42 40 62 83 32 61 64 64 64 37 47 35 73 47 49 16 97 15 68 57 28 99 20 12 80
89 32 77 13 35 98 21 99 79 81 16 54 61 58 83 88 48 42 28 43 13 69 58 27 91 79 73 99 24 0 30 26 47 37 75 66 20 14 10 39 43 34 64 11 70 21 94 57 79 56 19 42 37 32 50 54 40 16 71 75 91 18 74 46 62 87 31 66 51 11 35 13 39 56 57 57 86 56 19 65 62 97 61 92 16 34 12 73 52 42 76 68 67 93 30 43 58 41 20 80 82 91 15 54 54 17 42 32 94 83 85 42 52 91 85 87 50 81 51 78 89 69 52 91 70 59 50 37 60 30 56 46 85 25 53 63 18 22 36 83 51 47 85 70 11
28 29 63 90 59 43 74 63 56 55 76 90 10 24 19 58 32 61 41 26 52 19 48 63 44 75 68 26 37 30 0 50 92 81 85 47 44 30 33 81 66 23 74 23 27 33 51 68 87 62 14 90 25 87 90 21 69 31 31 77 69 15 88 87 78 83 25 98 34 51 79 23 98 52 42 55 34 33 10 55 57 82 90 30 23 68 76 28 90 88 30 50 11 38 23 68 52 93 69 24 25 37 42 47 57 19 81 14 27 62 96 54 74 36 98 77 35 19 42 30 55 75 71 49 86 31 63 81 89 17 24 66 35 20 57 81 72 23 74 57 49 34 59 29 89
30 94 67 59 63 18 93 65 77 92 14 99 51 47 48 99 65 68 27 54 75 86 83 27 30 44 94 32 72 26 50 0 94 30 91 49 37 92 24 76 53 43 58 72 95 23 47 22 79 67 31 56 34 34 62 83 50 51 95 27 60 76 80 22 52 88 92 49 19 64 57 42 75 61 12 50 75 24 28 34 77 56 92 14 60 19 87 87 20 25 78 38 61 75 70 38 16 42 74 65 94 70 64 56 59 98 88 99 38 79 63 45 99 99 14 60 87 35 38 76 62 53 72 91 63 98 60 61 22 44 31 18 73 97 43 90 45 20 19 98 85 65 25 93 90
13 74 46 28 85 49 45 51 35 27 20 34 15 54 68 86 54 42 27 93 12 63 55 51 24 89 88 90 22 47 92 94 0 93 20 44 48 34 96 93 68 94 84 56 77 31 34 41 54 80 31 53 73 40 66 13 76 56 33 65 60 29 32 55 93 13 28 51 52 84 65 25 90 85 26 13 51 99 27 90 47 15 11 27 25 61 86 23 24 38 51 61 52 73 88 77 61 78 71 41 52 17 48 74 52 62 82 69 30 32 16 98 20 32 16 90 92 34 35 42 71 53 64 37 53 86 28 48 98 18 46 11 25 10 53 77 83 61 87 44 23 41 45 39 44
65 12 77 42 15 65 71 59 65 46 50 31 70 98 34 16 34 68 44 91 54 69 12 27 68 25 80 85 94 37 81 30 93 0 21 80 59 42 22 33 79 15 10 97 29 49 56 16 24 86 46 31 58 21 15 65 91 72 50 57 56 35 80 54 36 60 98 80 60 39 91 89 33 68 74 58 89 24 82 61 97 93 27 34 21 66 11 80 85 96 35 76 53 52 49 78 31 77 13 56 99 83 20 75 82 51 35 56 29 72 87 10 48 55 80 25 37 87 72 86 88 64 94 55 36 61 76 16 80 44 63 95 63 16 44 21 41 93 46 59 68 40 26 90 32
92 10 51 72 54 81 25 65 37 48 31 43 79 41 92 58 69 18 30 39 14 81 50 59 45 41 11 33 89 75 85 91 20 21 0 19 36 67 71 56 49 91 25 14 33 29 85 38 65 46 70 69 23 29 68 47 92 31 24 14 95 56 28 90 83 99 24 15 63 77 87 35 28 85 79 66 43 80 28 33 76 92 82 15 10 98 20 93 64 51 82 73 84 91 77 51 58 30 97 12 35 85 26 47 36 47 61 31 55 23 20 30 85 68 24 42 62 49 52 67 99 74 94 61 16 42 23 43 70 46 93 14 76 33 66 56 54 96 78 69 32 97 77 99 92
30 13 26 39 34 29 82 12 83 77 44 15 28 15 61 53 56 11 83 59 26 15 82 52 60 77 53 14 25 66 47 49 44 80 19 0 57 49 55 95 82 38 91 31 89 68 17 42 68 25 80 79 44 38 16 47 80 78 66 39 35 85 68 29 50 46 58 19 45 37 17 35 54 22 59 58 17 92 74 33 37 73 22 26 71 30 37 71 41 25 92 27 62 72 15 96 66 46 32 26 76 34 38 66 72 28 43 14 30 79 91 61 46 60 69 96 18 89 88 53 13 59 16 60 63 78 45 95 97 29 68 61 28 52 19 93 44 14 67 58 13 78 26 66 83
69 42 95 84 99 31 62 51 75 32 63 63 76 45 11 68 15 18 25 81 10 45 74 39 42 60 25 70 67 20 44 37 48 59 36 57 0 73 34 40 29 65 57 53 46 34 25 96 92 74 93 93 27 45 72 13 21 46 65 74 12 46 13 89 20 22 45 88 64 32 62 70 52 58 17 53 68 93 32 63 98 49 95 11 14 89 40 59 15 29 50 18 99 16 68 44 88 95 27 32 77 27 14 78 56 40 25 66 31 80 59 87 79 66 14 60 37 91 90 97 57 36 33 63 46 14 10 56 34 64 81 10 34 30 13 38 17 65 30 90 18 93 68 86 94
25 56 15 78 62 62 37 82 14 70 60 91 48 65 39 44 75 35 26 12 58 33 28 67 88 71 61 79 34 14 30 92 34 42 67 49 73 0 93 88 77 93 96 69 97 19 62 76 39 57 66 25 67 40 40 95 58 84 31 20 73 75 17 81 91 40 88 10 50 16 79 97 48 95 24 14 51 91 86 93 12 88 46 99 49 31 67 58 99 25 50 46 14 81 98 14 64 11 52 55 75 32 94 29 61 35 34 45 88 12 33 78 27 86 18 90 18 19 43 97 27 27 66 61 79 99 48 45 91 30 82 96 34 90 83 66 33 79 13 92 20 53 89 57 32
40 95 91 95 29 37 10 20 60 47 72 69 65 65 76 49 89 81 16 26 34 42 64 93 98 90 97 43 33 10 33 24 96 22 71 55 34 93 0 56 85 69 52 17 45 83 74 41 21 26 49 36 22 11 84 56 51 37 52 91 50 86 23 90 82 94 38 33 84 54 58 87 44 10 21 54 55 66 64 49 21 60 16 98 90 29 18 78 76 33 77 83 94 44 56 97 42 77 27 28 66 80 77 65 20 92 12 16 15 30 76 66 22 86 47 39 47 87 32 86 68 53 89 50 62 75 77 72 14 94 76 18 51 33 92 76 35 49 59 82 82 39 67 62 44
36 80 56 84 75 55 65 19 11 76 74 52 23 34 64 85 79 72 72 24 36 42 34 19 22 97 93 57 75 39 81 76 93 33 56 95 40 88 56 0 74 43 15 12 71 76 10 55 49 89 50 43 51 45 63 38 39 19 55 33 51 28 29 80 43 34 91 97 33 21 73 48 75 13 76 13 76 49 97 15 53 70 92 20 29 67 82 70 12 78 53 24 24 86 97 39 87 15 28 67 47 89 34 89 56 19 31 15 44 85 59 76 36 24 83 90 90 60 66 75 84 44 64 39 35 21 10 20 17 34 71 90 74 43 53 77 50 52 98 82 75 25 55 20 93
46 56 75 39 57 83 93 12 91 73 38 36 46 38 99 43 53 58 10 99 88 86 74 93 50 29 41 89 66 43 66 53 68 79 49 82 29 77 85 74 0 22 73 20 78 77 91 68 55 44 45 33 17 75 65 71 72 84 35 11 55 31 38 57 96 48 10 35 55 14 28 47 47 35 85 89 75 62 18 24 51 75 46 50 11 31 81 30 27 31 27 62 71 91 31 82 25 31 26 43 87 25 95 38 55 94 75 22 25 21 87 75 26 98 32 48 93 59 34 65 34 54 37 20 18 85 13 58 54 17 22 17 21 83 16 35 40 68 80 65 46 82 86 74 89
51 19 15 66 26 12 47 97 35 56 10 35 91 81 82 20 56 15 64 85 70 87 33 78 42 78 97 84 73 34 23 43 94 15 91 38 65 93 69 43 22 0 19 79 35 93 17 48 73 49 90 36 37 96 17 96 23 37 98 73 42 28 22 65 93 47 39 34 66 81 85 54 85 86 94 18 85 89 79 29 19 31 75 50 20 32 86 40 15 73 16 30 18 22 23 66 99 85 74 73 90 36 83 93 90 88 59 54 77 22 11 90 91 35 15 13 97 76 21 86 56 66 89 13 88 66 49 78 48 59 81 99 97 21 27 86 22 66 49 42 19 60 26 68 31
59 45 22 20 45 74 62 94 50 27 65 94 38 44 97 76 46 19 39 77 31 14 98 35 91 57 51 75 98 64 74 58 84 10 25 91 57 96 52 15 73 19 0 95 61 96 90 28 24 77 39 38 50 55 80 23 16 63 64 41 84 68 97 59 96 50 91 74 76 98 89 25 96 73 76 59 10 33 53 50 92 95 22 41 99 80 14 81 82 75 71 76 76 85 86 31 83 59 80 95 85 99 75 31 71 70 40 70 14 10 80 69 23 57 90 95 99 44 22 23 43 47 78 44 69 68 45 50 61 55 66 13 26 53 25 94 30 72 92 66 29 31 71 92 31
69 34 45 53 89 73 63 87 88 99 30 22 13 14 63 27 10 16 10 42 43 59 50 83 96 65 73 24 48 11 23 72 56 97 14 31 53 69 17 12 20 79 95 0 71 37 92 58 48 41 78 55 20 35 55 89 90 46 53 29 34 66 18 89 30 41 34 47 88 12 41 95 12 44 53 23 53 88 90 35 67 83 22 25 40 56 79 75 45 67 25 79 50 27 84 46 62 64 59 84 83 60 46 40 78 31 83 77 12 93 96 66 79 73 75 36 41 57 40 91 22 63 55 50 37 96 88 49 38 73 90 82 48 79 83 78 62 31 64 73 37 13 86 89 82
31 58 99 45 37 87 61 37 86 13 31 46 12 11 83 33 23 73 86 57 54 59 23 53 22 87 76 17 85 70 27 95 77 29 33 89 46 97 45 71 78 35 61 71 0 79 32 73 99 97 68 20 78 36 97 13 60 66 10 86 49 44 90 55 88 12 74 28 22 23 43 27 59 16 61 52 35 96 57 91 82 56 10 45 45 77 98 84 22 41 14 38 52 53 65 92 14 86 58 11 69 42 53 74 53 22 51 77 46 10 32 86 14 12 49 92 11 93 94 46 10 85 55 96 38 37 41 25 32 54 35 82 32 46 82 70 93 23 72 99 86 12 32 75 71
84 81 40 83 14 93 98 86 61 43 34 11 41 96 35 84 25 46 11 35 93 67 35 31 36 86 23 55 68 21 33 23 31 49 29 68 34 19 83 76 77 93 96 37 79 0 81 90 92 67 82 98 19 32 11 76 21 27 58 71 66 10 28 54 96 32 56 44 94 10 20 12 25 23 45 32 51 16 51 12 85 89 36 30 75 40 21 11 23 13 84 88 54 72 42 93 75 50 47 33 75 24 38 88 81 96 99 38 90 12 97 28 33 52 88 38 95 34 10 17 41 73 59 11 73 13 64 36 47 78 36 22 25 54 31 52 90 45 17 64 64 68 77 27 66
46 17 86 56 41 11 59 77 93 87 18 89 83 17 32 10 73 31 50 23 97 67 18 87 84 40 40 79 98 94 51 47 34 56 85 17 25 62 74 10 91 17 90 92 32 81 0 85 62 56 52 94 62 59 34 62 70 10 99 12 22 39 93 89 54 49 53 51 60 13 89 79 93 91 52 91 27 95 81 27 54 91 85 67 11 95 30 35 30 29 99 59 60 30 69 51 52 22 30 45 94 69 30 44 34 47 35 68 35 91 62 17 74 33 19 56 68 48 15 63 45 38 60 99 60 81 27 12 62 26 29 66 27 52 84 27 54 47 57 79 31 43 19 52 99
24 76 87 51 65 96 79 30 72 57 30 13 74 78 96 93 99 91 19 76 90 52 15 33 75 52 30 67 58 57 68 22 41 16 38 42 96 76 41 55 68 48 28 58 73 90 85 0 31 29 32 79 15 87 82 60 80 36 14 90 53 23 94 45 66 71 87 19 12 24 97 81 34 44 50 86 34 49 82 43 71 70 20 74 85 77 41 13 91 15 65 45 71 89 75 39 46 37 86 12 54 53 76 29 44 80 71 63 14 31 46 38 11 62 72 72 39 50 36 55 87 78 39 34 95 59 45 56 31 86 75 34 35 66 49 67 90 62 29 21 36 75 95 55 14
23 28 49 47 19 37 84 95 22 24 43 42 16 79 26 82 89 33 90 36 57 62 76 67 82 27 65 34 44 79 87 79 54 24 65 68 92 39 21 49 55 73 24 48 99 92 62 31 0 15 30 38 36 84 74 94 21 84 23 95 23 24 83 79 86 30 48 42 54 68 99 94 24 41 45 22 33 54 45 32 67 64 45 40 13 31 32 37 16 65 55 75 30 53 66 76 14 19 22 14 62 88 99 29 85 47 53 37 86 27 88 74 61 54 55 11 82 40 73 74 34 37 14 49 11 82 34 51 16 14 33 15 87 59 14 89 70 66 76 58 41 28 93 37 83
39 69 38 78 65 53 14 83 47 93 91 78 11 27 70 79 35 22 86 95 16 74 87 67 44 91 98 60 48 56 62 67 80 86 46 25 74 57 26 89 44 49 77 41 97 67 56 29 15 0 19 10 67 68 84 71 29 37 42 44 25 33 45 83 87 85 92 44 92 98 19 69 43 23 61 62 87 78 32 92 11 10 51 81 23 45 31 89 95 27 36 81 19 51 47 71 37 22 29 89 90 35 94 57 26 85 57 85 56 81 80 60 85 85 70 96 71 31 41 47 59 55 95 38 54 48 68 22 67 91 39 84 80 50 39 90 65 99 74 78 17 19 25 87 80
73 71 85 54 70 74 66 12 85 71 86 13 98 44 14 13 48 38 21 90 75 86 67 88 54 76 38 42 51 19 14 31 31 46 70 80 93 66 49 50 45 90 39 78 68 82 52 32 30 19 0 76 53 94 13 57 72 35 71 84 21 54 50 17 71 11 26 94 99 91 64 37 87 25 58 73 90 82 25 70 36 23 68 49 84 41 53 31 11 11 83 17 95 38 74 82 97 32 14 93 95 44 13 45 71 11 17 97 23 47 43 91 37 45 89 13 87 86 38 99 64 84 32 29 63 12 53 70 12 92 93 81 77 18 36 32 74 88 63 27 56 77 40 36 16
82 48 32 69 22 99 37 37 77 47 69 67 68 84 70 70 42 30 58 45 61 50 80 68 62 43 70 90 70 42 90 56 53 31 69 79 93 25 36 43 33 36 38 55 20 98 94 79 38 10 76 0 18 58 33 48 22 77 50 83 98 99 25 17 56 60 42 69 26 76 98 77 47 45 17 87 76 86 85 52 11 87 93 20 90 21 79 18 98 22 30 26 50 93 59 46 17 17 76 54 19 99 96 19 86 16 86 78 98 55 50 81 65 65 19 89 97 99 90 17 45 63 84 51 90 70 53 40 85 29 87 46 12 38 84 82 11 14 64 57 30 78 66 97 56
75 83 19 24 47 43 39 34 43 26 30 19 24 50 29 20 19 19 12 55 53 93 62 76 26 52 28 11 98 37 25 34 73 58 23 44 27 67 22 51 17 37 50 20 78 19 62 15 36 67 53 18 0 64 27 44 59 12 56 50 81 32 82 59 43 16 49 36 34 31 26 92 86 70 59 93 46 60 32 85 65 16 98 52 46 33 62 67 32 24 57 93 26 84 35 93 48 60 46 85 79 78 67 10 65 87 25 66 59 68 66 41 77 53 20 24 68 99 16 27 17 82 98 20 17 84 96 60 39 85 84 61 28 17 77 13 48 29 36 31 32 92 37 97 64
93 81 22 79 83 71 29 80 21 14 57 25 76 28 60 52 96 45 65 58 76 16 14 81 89 60 50 94 26 32 87 34 40 21 29 38 45 40 11 45 75 96 55 35 36 32 59 87 84 68 94 58 64 0 57 10 90 69 88 22 72 89 37 36 91 35 80 37 21 39 23 27 39 72 39 96 20 80 30 10 21 89 61 10 22 92 80 56 95 58 92 35 92 37 13 18 12 47 71 96 51 67 33 17 51 43 49 85 83 33 72 31 32 14 67 54 97 86 45 52 95 15 75 70 77 95 63 17 89 71 46 91 76 33 38 52 84 88 95 91 53 72 66 51 17
42 59 91 63 90 82 89 67 71 33 84 97 20 21 34 19 37 43 26 95 89 49 48 31 68 86 47 72 66 50 90 62 66 15 68 16 72 40 84 63 65 17 80 55 97 11 34 82 74 84 13 33 27 57 0 42 23 99 48 23 74 75 45 27 97 37 49 76 32 83 87 45 37 80 66 39 51 21 54 67 47 70 46 18 76 95 85 32 33 93 41 17 13 71 84 19 87 11 18 43 17 50 58 99 56 94 55 81 65 20 21 95 34 65 14 51 68 35 59 17 53 40 95 75 98 55 13 15 34 43 35 54 62 26 87 78 42 65 92 43 30 97 33 75 96
21 60 95 59 52 32 45 25 63 80 86 91 70 18 89 52 98 25 17 55 47 13 44 45 47 81 61 57 68 54 21 83 13 65 47 47 13 95 56 38 71 96 23 89 13 76 62 60 94 71 57 48 44 10 42 0 58 59 55 50 85 85 22 69 71 40 81 29 43 37 15 66 16 52 87 38 46 58 92 97 71 42 29 70 24 36 47 42 13 70 37 73 38 73 37 87 69 31 11 49 53 71 17 80 12 51 54 45 88 30 85 27 60 24 60 52 41 25 37 99 23 83 87 82 80 75 83 60 77 73 80 29 65 81 97 58 93 27 13 29 80 41 78 42 40
40 95 77 33 88 79 29 10 99 78 21 83 94 20 50 90 12 49 49 21 19 73 84 61 21 45 72 20 67 40 69 50 76 91 92 80 21 58 51 39 72 23 16 90 60 21 70 80 21 29 72 22 59 90 23 58 0 47 54 57 96 99 69 20 64 64 61 31 11 94 21 95 89 16 48 90 19 54 43 49 97 96 30 10 49 37 33 56 26 53 28 45 19 62 19 30 43 46 93 43 20 10 58 69 66 77 72 57 83 58 62 16 95 76 16 68 65 23 23 61 71 46 99 38 85 91 40 19 17 52 52 16 28 95 16 71 14 72 47 76 53 70 50 73 54
68 95 16 60 86 74 92 71 91 15 75 32 94 88 47 81 50 84 23 75 66 26 92 71 17 83 75 61 92 16 31 51 56 72 31 78 46 84 37 19 84 37 63 46 66 27 10 36 84 37 35 77 12 69 99 59 47 0 15 89 51 88 95 88 98 78 16 79 41 85 32 91 47 83 11 77 80 91 67 70 28 65 48 35 71 39 69 39 46 66 52 94 93 46 85 55 51 28 34 97 23 52 27 27 94 67 34 21 97 61 81 64 84 34 29 21 15 11 46 45 48 42 76 46 21 51 52 68 34 10 35 86 56 92 27 65 29 47 57 90 99 50 10 95 73
84 37 17 73 29 13 46 79 76 43 44 59 85 19 60 71 29 20 48 58 73 65 19 85 32 47 95 95 71 71 31 95 33 50 24 66 65 31 52 55 35 98 64 53 10 58 99 14 23 42 71 50 56 88 48 55 54 15 0 35 31 52 44 16 93 35 62 85 35 10 15 99 64 81 60 14 56 30 60 62 13 68 20 62 38 56 29 31 14 78 86 14 58 53 87 29 89 81 17 11 28 78 99 62 11 73 71 99 47 94 57 37 98 24 67 72 58 26 56 85 65 25 56 80 29 79 18 84 33 87 36 90 79 40 31 73 27 51 20 86 71 81 66 50 80
24 20 76 24 68 40 72 72 22 84 34 63 65 62 68 80 38 38 82 14 29 90 77 51 21 42 82 62 99 75 77 27 65 57 14 39 74 20 91 33 11 73 41 29 86 71 12 90 95 44 84 83 50 22 23 50 57 89 35 0 63 31 86 70 32 38 32 57 54 80 54 78 85 86 75 35 58 12 48 66 71 27 44 24 18 63 93 38 74 47 75 34 63 89 57 28 65 96 87 85 23 40 83 12 82 10 45 88 40 29 31 11 75 94 86 56 45 72 34 29 59 66 36 90 85 82 43 29 30 82 71 56 71 54 71 21 29 72 66 13 15 46 14 13 51
15 94 92 19 68 26 16 68 25 95 71 41 55 41 55 96 83 59 94 45 72 66 64 76 57 36 55 74 86 91 69 60 60 56 95 35 12 73 50 51 55 42 84 34 49 66 22 53 23 25 21 98 81 72 74 85 96 51 31 63 0 78 47 30 52 51 25 29 65 24 40 96 86 75 74 35 55 86 57 75 85 26 84 57 92 37 42 98 58 76 94 69 68 13 10 75 73 54 89 95 10 70 87 74 37 60 32 38 38 17 94 18 73 72 28 48 14 74 35 18 26 70 76 28 47 94 90 76 79 13 39 10 12 14 47 34 99 70 67 18 78 60 27 13 72
58 18 93 32 77 58 36 49 31 19 71 28 65 83 65 26 71 83 16 71 15 18 86 64 22 29 82 77 94 18 15 76 29 35 56 85 46 75 86 28 31 28 68 66 44 10 39 23 24 33 54 99 32 89 75 85 99 88 52 31 78 0 42 90 46 96 80 84 98 57 77 77 24 59 96 67 55 71 56 56 50 56 28 34 31 47 16 43 88 91 61 11 41 81 72 90 76 84 15 62 34 72 73 85 75 65 81 67 65 96 23 17 53 96 50 41 15 78 27 58 50 63 26 23 72 72 26 72 73 51 18 98 79 23 55 80 49 61 97 18 57 90 73 40 20
61 75 40 76 26 13 36 40 66 43 64 71 25 96 51 54 78 95 43 75 29 37 52 28 49 30 95 13 84 74 88 80 32 80 28 68 13 17 23 29 38 22 97 18 90 28 93 94 83 45 50 25 82 37 45 22 69 95 44 86 47 42 0 88 28 54 49 74 83 83 44 35 95 93 63 85 82 32 92 59 74 53 31 36 23 59 39 41 40 33 33 13 15 11 10 33 49 67 18 69 13 15 98 95 58 63 93 17 32 36 92 90 14 57 85 95 92 87 60 47 13 41 17 13 17 27 68 23 65 43 15 29 39 12 49 57 60 11 65 13 18 89 61 58 12
70 13 14 53 98 94 18 54 84 87 83 18 69 24 88 29 30 37 54 60 98 67 56 25 51 90 22 28 64 46 87 22 55 54 90 29 89 81 90 80 57 65 59 89 55 54 89 45 79 83 17 17 59 36 27 69 20 88 16 70 30 90 88 0 67 83 29 92 72 94 75 11 34 81 68 88 33 54 59 48 82 49 39 70 58 51 67 83 85 55 73 33 14 81 94 37 78 16 48 19 86 25 20 58 45 22 36 28 44 46 84 74 91 97 32 80 94 42 17 48 22 16 76 78 47 86 12 91 48 28 35 12 30 25 23 17 49 20 53 22 76 79 89 85 45
21 61 76 80 72 16 33 21 69 15 45 30 58 71 93 95 72 47 50 88 25 53 33 52 11 32 71 79 55 62 78 52 93 36 83 50 20 91 82 43 96 93 96 30 88 96 54 66 86 87 71 56 43 91 97 71 64 98 93 32 52 46 28 67 0 53 19 11 81 22 36 91 17 95 31 50 74 17 70 93 26 10 33 19 42 67 42 40 48 88 86 48 33 50 78 26 10 64 50 75 56 19 43 91 40 57 18 43 54 72 22 88 42 49 49 96 19 15 64 65 69 64 84 64 99 16 12 28 18 58 48 42 48 92 87 31 17 79 10 98 56 64 12 16 58
99 91 25 88 92 46 60 12 60 95 19 75 72 70 49 77 26 77 62 20 58 19 47 19 29 91 81 96 87 87 83 88 13 60 99 46 22 40 94 34 48 47 50 41 12 32 49 71 30 85 11 60 16 35 37 40 64 78 35 38 51 96 54 83 53 0 60 19 82 41 99 13 89 74 74 20 26 26 53 30 22 18 54 85 68 66 90 67 44 23 83 97 70 37 72 45 80 61 73 59 26 86 43 69 98 82 84 27 19 82 89 58 26 75 36 40 59 45 70 47 48 53 35 85 17 69 28 59 32 64 96 67 26 23 48 66 26 20 56 23 42 69 66 66 40
63 28 15 37 69 57 78 17 57 16 72 12 83 33 25 21 71 49 85 97 92 78 35 24 30 43 29 52 43 31 25 92 28 98 24 58 45 88 38 91 10 39 91 34 74 56 53 87 48 92 26 42 49 80 49 81 61 16 62 32 25 80 49 29 19 60 0 96 42 15 91 82 59 44 37 34 17 15 72 75 23 29 23 41 62 82 32 37 17 21 87 43 47 85 13 98 32 74 56 41 59 45 56 55 90 22 18 96 35 40 16 42 83 88 67 76 12 37 33 56 89 43 70 53 18 78 49 65 89 30 57 12 60 81 35 61 27 48 25 85 62 72 36 40 11
27 90 97 69 88 44 17 88 72 92 29 11 52 12 16 68 32 46 55 87 60 79 18 97 90 82 90 51 31 66 98 49 51 80 15 19 88 10 33 97 35 34 74 47 28 44 51 19 42 44 94 69 36 37 76 29 31 79 85 57 29 84 74 92 11 19 96 0 79 96 13 83 10 60 30 98 71 20 35 49 97 87 95 88 19 41 63 19 90 38 87 47 30 31 35 17 29 90 55 31 55 84 47 96 31 37 75 73 92 74 35 36 50 94 46 18 52 37 85 74 34 93 60 76 67 30 83 89 26 36 51 19 73 12 17 40 63 42 73 44 66 26 42 42 85
60 95 23 65 99 96 24 71 31 66 75 50 71 85 72 22 51 31 76 39 87 72 52 19 96 79 22 53 27 51 34 19 52 60 63 45 64 50 84 33 55 66 76 88 22 94 60 12 54 92 99 26 34 21 32 43 11 41 35 54 65 98 83 72 81 82 42 79 0 54 59 74 76 80 77 43 54 92 25 83 19 94 39 48 87 96 88 80 45 22 38 94 46 54 89 34 84 99 47 33 11 25 74 15 37 59 93 32 44 51 19 61 30 33 33 36 22 61 77 58 64 50 44 33 87 22 42 30 80 29 46 97 73 81 23 35 38 99 80 91 24 42 77 79 45
89 42 29 67 41 68 69 29 64 68 14 26 20 37 31 31 67 63 16 43 79 55 55 42 81 13 56 43 99 11 51 64 84 39 77 37 32 16 54 21 14 81 98 12 23 10 13 24 68 98 91 76 31 39 83 37 94 85 10 80 24 57 83 94 22 41 15 96 54 0 91 26 80 41 13 28 88 15 67 78 98 35 60 51 85 13 48 96 58 92 64 13 99 84 87 71 90 94 78 12 39 18 47 38 23 40 20 38 70 97 44 42 54 80 36 24 91 47 74 42 16 87 22 76 27 33 85 46 93 78 61 46 47 30 85 32 34 53 19 59 15 16 94 49 91
93 83 20 10 23 69 75 62 76 86 15 15 40 19 70 29 76 84 75 66 26 34 98 84 68 92 73 65 51 35 79 57 65 91 87 17 62 79 58 73 28 85 89 41 43 20 89 97 99 19 64 98 26 23 87 15 21 32 15 54 40 77 44 75 36 99 91 13 59 91 0 26 12 89 49 34 71 56 20 65 87 71 70 39 49 24 54 11 97 52 50 36 81 73 20 25 20 33 95 17 90 40 40 40 81 76 89 26 30 82 51 48 79 21 12 83 86 80 55 54 15 65 21 18 43 41 40 87 35 48 78 89 48 84 76 43 40 26 66 60 36 92 90 16 55
41 43 92 39 36 72 96 14 29 23 53 14 80 59 81 70 37 37 93 48 93 50 24 62 92 47 52 74 43 13 23 42 25 89 35 35 70 97 87 48 47 54 25 95 27 12 79 81 94 69 37 77 92 27 45 66 95 91 99 78 96 77 35 11 91 13 82 83 74 26 26 0 28 78 35 65 72 72 16 27 19 25 34 88 93 33 49 65 41 72 14 79 91 28 47 87 40 16 14 11 35 70 22 42 22 36 49 94 64 19 68 92 29 85 80 61 43 85 39 93 28 72 97 38 52 81 81 30 17 39 92 52 87 79 76 75 14 69 94 42 56 46 59 18 25
43 41 51 10 92 66 10 23 36 93 14 98 62 98 17 36 84 79 52 72 94 42 22 49 62 13 55 53 55 39 98 75 90 33 28 54 52 48 44 75 47 85 96 12 59 25 93 34 24 43 87 47 86 39 37 16 89 47 64 85 86 24 95 34 17 89 59 10 76 80 12 28 0 65 54 15 60 31 27 29 96 25 77 74 24 10 82 38 31 93 50 60 84 93 68 89 99 24 43 91 77 22 50 52 22 50 88 11 23 54 16 97 87 12 48 83 86 28 84 39 71 63 74 81 94 13 33 97 74 71 27 50 68 13 36 71 92 20 23 22 14 20 44 81 92
99 13 15 83 92 64 69 26 77 14 37 23 46 36 73 48 70 43 61 48 56 64 65 85 69 74 29 43 54 56 52 61 85 68 85 22 58 95 10 13 35 86 73 44 16 23 91 44 41 23 25 45 70 72 80 52 16 83 81 86 75 59 93 81 95 74 44 60 80 41 89 78 65 0 96 64 20 42 63 25 74 56 49 76 10 77 74 92 37 97 13 14 45 37 54 81 73 33 31 27 31 26 14 63 47 86 43 93 17 93 26 95 37 38 94 77 17 23 11 49 70 97 83 23 25 99 93 73 63 12 21 29 83 99 38 45 33 75 53 55 60 34 91 67 83
22 93 48 10 49 23 86 71 76 30 35 75 88 51 36 95 54 24 95 16 61 96 99 53 45 26 90 75 14 57 42 12 26 74 79 59 17 24 21 76 85 94 76 53 61 45 52 50 45 61 58 17 59 39 66 87 48 11 60 75 74 96 63 68 31 74 37 30 77 13 49 35 54 96 0 54 71 57 63 72 45 93 61 48 63 49 75 76 96 57 99 41 74 40 18 12 87 39 46 92 34 35 94 26 30 48 71 27 16 51 47 53 43 94 83 90 69 17 82 88 15 90 39 55 59 13 76 28 19 61 90 55 46 87 65 78 31 69 38 40 57 79 82 30 71
51 25 77 74 83 61 72 96 12 61 44 35 18 56 34 70 89 31 61 27 26 92 69 41 31 98 47 45 89 57 55 50 13 58 66 58 53 14 54 13 89 18 59 23 52 32 91 86 22 62 73 87 93 96 39 38 90 77 14 35 35 67 85 88 50 20 34 98 43 28 34 65 15 64 54 0 29 28 75 17 65 94 59 22 30 23 85 27 78 61 82 34 20 20 50 41 38 98 22 36 96 15 34 12 49 30 16 24 29 62 67 12 33 10 16 94 47 16 80 21 70 57 38 41 63 73 38 16 73 87 48 44 67 53 55 93 20 65 56 54 77 52 29 36 25
58 44 90 45 99 27 98 97 64 64 44 71 66 10 51 91 55 33 62 14 49 16 31 16 99 23 93 46 14 86 34 75 51 89 43 17 68 51 55 76 75 85 10 53 35 51 27 34 33 87 90 76 46 20 51 46 19 80 56 58 55 55 82 33 74 26 17 71 54 88 71 72 60 20 71 29 0 78 79 99 22 41 32 20 96 18 18 92 43 37 77 35 92 22 43 48 66 16 90 65 84 39 92 98 76 80 14 15 65 89 25 85 81 63 63 69 75 52 67 40 82 41 96 57 52 98 17 36 23 34 28 69 70 55 71 93 49 38 61 92 73 21 23 76 30
29 55 75 23 56 92 89 85 15 37 58 28 52 25 75 19 90 74 27 17 68 38 31 94 37 73 59 29 58 56 33 24 99 24 80 92 93 91 66 49 62 89 33 88 96 16 95 49 54 78 82 86 60 80 21 58 54 91 30 12 86 71 32 54 17 26 15 20 92 15 56 72 31 42 57 28 78 0 91 27 44 94 64 40 45 23 30 92 60 53 92 18 18 80 66 49 85 38 92 59 54 43 25 76 84 28 56 10 62 43 34 94 63 33 87 49 98 96 27 65 72 95 75 65 35 74 21 11 19 59 65 14 44 72 19 57 56 21 11 82 79 92 73 42 92
67 59 36 25 53 35 88 96 93 92 42 36 63 10 32 41 41 29 11 30 23 63 96 14 33 40 42 28 37 19 10 28 27 82 28 74 32 86 64 97 18 79 53 90 57 51 81 82 45 32 25 85 32 30 54 92 43 67 60 48 57 56 92 59 70 53 72 35 25 67 20 16 27 63 63 75 79 91 0 78 49 39 98 64 73 40 81 83 36 72 78 61 13 45 77 72 98 66 78 13 32 21 73 81 30 36 39 20 48 25 87 61 82 49 14 22 98 20 37 60 14 77 96 90 80 19 49 25 12 97 45 82 30 42 60 46 28 67 25 51 36 27 53 53 78
69 31 32 65 45 58 30 17 61 13 10 55 24 99 57 11 32 10 11 80 92 77 38 79 96 66 26 93 43 65 55 34 90 61 33 33 63 93 49 15 24 29 50 35 91 12 27 43 32 92 70 52 85 10 67 97 49 70 62 66 75 56 59 48 93 30 75 49 83 78 65 27 29 25 72 17 99 27 78 0 80 41 77 74 30 85 52 87 65 63 71 83 50 10 70 98 67 92 96 29 48 36 18 66 34 11 69 70 37 65 74 20 94 11 31 56 73 25 26 83 84 66 47 32 20 91 10 92 10 31 11 16 45 88 68 46 19 75 34 83 38 21 95 51 60
80 57 56 65 64 59 42 84 33 59 91 72 13 72 36 35 38 75 54 49 65 43 53 27 57 71 17 15 13 62 57 77 47 97 76 37 98 12 21 53 51 19 92 67 82 85 54 71 67 11 36 11 65 21 47 71 97 28 13 71 85 50 74 82 26 22 23 97 19 98 87 19 96 74 45 65 22 44 49 80 0 94 18 49 85 83 38 97 98 88 25 89 80 92 87 99 86 67 63 19 11 74 92 31 19 54 13 81 62 58 51 46 36 99 76 15 25 89 69 81 78 74 73 91 70 15 98 13 50 17 35 11 18 24 32 80 52 50 86 10 95 76 19 41 12
29 11 88 57 91 86 10 71 71 24 51 26 15 27 85 56 72 90 80 60 66 25 31 63 84 80 23 82 95 97 82 56 15 93 92 73 49 88 60 70 75 31 95 83 56 89 91 70 64 10 23 87 16 89 70 42 96 65 68 27 26 56 53 49 10 18 29 87 94 35 71 25 25 56 93 94 41 94 39 41 94 0 44 86 86 33 93 23 37 43 42 87 86 63 46 23 74 23 51 43 52 59 50 31 46 43 58 96 45 46 98 21 48 97 66 30 58 12 91 12 48 14 88 35 72 13 26 76 25 54 57 47 86 71 19 14 88 84 92 43 13 44 71 27 78
99 53 50 17 56 38 93 39 63 67 64 86 68 80 29 57 75 34 50 96 70 70 62 24 19 33 99 96 29 61 90 92 11 27 82 22 95 46 16 92 46 75 22 22 10 36 85 20 45 51 68 93 98 61 46 29 30 48 20 44 84 28 31 39 33 54 23 95 39 60 70 34 77 49 61 59 32 64 98 77 18 44 0 14 45 29 46 47 75 86 75 63 74 40 55 45 50 49 63 54 91 63 17 80 52 50 95 83 63 84 46 94 45 29 37 56 76 46 90 55 25 62 14 65 14 80 36 88 84 62 99 94 62 97 59 98 54 62 71 53 26 69 83 62 27
55 40 80 93 17 98 34 72 12 26 21 22 98 35 99 92 14 46 60 95 73 66 10 82 90 68 78 72 84 92 30 14 27 34 15 26 11 99 98 20 50 50 41 25 45 30 67 74 40 81 49 20 52 10 18 70 10 35 62 24 57 34 36 70 19 85 41 88 48 51 39 88 74 76 48 22 20 40 64 74 49 86 14 0 49 72 88 13 33 84 16 85 61 80 55 53 88 64 90 33 71 33 53 32 79 82 86 45 89 29 26 50 69 47 35 21 46 76 48 83 65 73 34 30 14 94 73 22 87 64 85 94 17 63 10 17 73 83 93 70 97 10 80 97 20
27 70 85 87 88 74 78 62 45 92 89 35 41 11 19 43 31 68 21 65 31 73 91 62 97 47 43 32 86 16 23 60 25 21 10 71 14 49 90 29 11 20 99 40 45 75 11 85 13 23 84 90 46 22 76 24 49 71 38 18 92 31 23 58 42 68 62 19 87 85 49 93 24 10 63 30 96 45 73 30 85 86 45 49 0 38 97 91 86 85 19 44 20 37 45 99 51 16 76 95 38 49 59 20 41 81 16 84 11 17 92 88 13 69 57 75 29 10 50 42 34 17 59 65 87 51 67 46 39 62 18 32 32 71 15 86 20 79 24 48 96 39 90 36 92
71 74 24 68 75 92 62 57 93 24 19 45 55 95 54 49 78 39 73 26 63 78 38 41 95 73 42 97 28 34 68 19 61 66 98 30 89 31 29 67 31 32 80 56 77 40 95 77 31 45 41 21 33 92 95 36 37 39 56 63 37 47 59 51 67 66 82 41 96 13 24 33 10 77 49 23 18 23 40 85 83 33 29 72 38 0 50 12 96 29 14 69 27 36 26 66 23 69 20 92 52 79 32 31 29 79 63 15 10 10 32 70 68 25 44 81 75 27 25 95 35 13 83 11 57 61 46 29 68 93 11 22 91 40 12 85 35 13 45 52 81 23 89 82 18
24 69 19 81 94 57 40 37 18 10 97 84 59 28 92 20 73 78 69 52 29 31 28 89 48 39 22 96 61 12 76 87 86 11 20 37 40 67 18 82 81 86 14 79 98 21 30 41 32 31 53 79 62 80 85 47 33 69 29 93 42 16 39 67 42 90 32 63 88 48 54 49 82 74 75 85 18 30 81 52 38 93 46 88 97 50 0 36 72 54 44 34 78 24 93 72 74 44 85 88 16 86 85 76 51 57 49 31 99 41 65 43 76 25 82 35 80 91 66 57 16 68 48 51 33 61 10 27 87 42 45 63 44 76 69 12 68 35 56 28 19 18 47 42 52
40 55 25 39 86 20 77 24 25 67 50 76 64 90 65 85 49 83 47 19 77 34 50 67 65 36 22 33 23 73 28 87 23 80 93 71 59 58 78 70 30 40 81 75 84 11 35 13 37 89 31 18 67 56 32 42 56 39 31 38 98 43 41 83 40 67 37 19 80 96 11 65 38 92 76 27 92 92 83 87 97 23 47 13 91 12 36 0 91 88 97 74 63 95 85 33 96 56 13 32 86 75 14 10 81 10 84 78 50 73 34 79 90 98 83 84 48 74 25 55 90 35 26 57 27 65 36 32 33 70 88 96 77 25 77 38 49 94 93 95 46 68 45 74 78
52 98 64 58 41 69 96 64 90 87 79 98 58 50 96 99 98 22 55 94 70 65 70 40 73 68 59 51 69 52 90 20 24 85 64 41 15 99 76 12 27 15 82 45 22 23 30 91 16 95 11 98 32 95 33 13 26 46 14 74 58 88 40 85 48 44 17 90 45 58 97 41 31 37 96 78 43 60 36 65 98 37 75 33 86 96 72 91 0 75 80 51 25 81 45 21 91 40 71 25 74 36 75 22 94 30 69 64 21 74 65 97 25 39 33 38 91 91 66 21 33 14 41 37 39 29 68 82 68 16 13 34 77 31 16 30 17 83 52 38 45 27 66 76 37
30 31 71 66 59 68 93 62 16 18 25 67 44 49 32 85 22 49 26 55 70 89 99 27 27 75 50 89 81 42 88 25 38 96 51 25 29 25 33 78 31 73 75 67 41 13 29 15 65 27 11 22 24 58 93 70 53 66 78 47 76 91 33 55 88 23 21 38 22 92 52 72 93 97 57 61 37 53 72 63 88 43 86 84 85 29 54 88 75 0 33 74 82 27 83 80 23 74 77 47 11 22 83 60 21 40 96 77 52 17 53 49 46 82 92 59 70 53 39 37 62 57 21 48 89 67 39 27 85 95 70 24 46 23 68 95 80 55 62 53 44 18 37 85 96
54 93 89 17 17 10 71 60 74 58 29 67 69 63 96 75 93 25 68 51 49 84 41 20 61 66 39 53 93 76 30 78 51 35 82 92 50 50 77 53 27 16 71 25 14 84 99 65 55 36 83 30 57 92 41 37 28 52 86 75 94 61 33 73 86 83 87 87 38 64 50 14 50 13 99 82 77 92 78 71 25 42 75 16 19 14 44 97 80 33 0 84 99 71 76 47 49 85 37 43 19 52 73 95 38 98 37 73 87 75 69 56 20 70 96 20 50 70 57 55 97 93 16 77 48 27 21 34 48 85 46 39 17 11 81 45 52 22 28 77 96 58 14 27 86
52 66 49 57 35 47 44 63 59 39 80 60 72 49 67 71 78 56 49 38 92 50 53 11 39 18 64 62 56 68 50 38 61 76 73 27 18 46 83 24 62 30 76 79 38 88 59 45 75 81 17 26 93 35 17 73 45 94 14 34 69 11 13 33 48 97 43 47 94 13 36 79 60 14 41 34 35 18 61 83 89 87 63 85 44 69 34 74 51 74 84 0 44 99 92 61 33 89 42 45 61 77 70 18 50 65 41 64 20 87 30 57 59 20 72 58 15 73 85 14 94 91 91 48 87 31 33 54 77 84 45 78 13 64 23 31 35 84 74 57 80 38 52 47 90
22 80 49 78 72 78 57 70 79 73 65 86 57 77 50 16 74 52 58 16 86 43 64 68 39 61 72 53 67 67 11 61 52 53 84 62 99 14 94 24 71 18 76 50 52 54 60 71 30 19 95 50 26 92 13 38 19 93 58 63 68 41 15 14 33 70 47 30 46 99 81 91 84 45 74 20 92 18 13 50 80 86 74 61 20 27 78 63 25 82 99 44 0 38 32 47 68 47 40 18 66 57 16 74 16 76 36 71 74 18 67 10 71 26 19 34 31 69 39 65 81 48 67 66 73 64 85 50 38 45 71 52 77 88 28 42 40 37 54 53 55 40 47 41 17
87 31 92 12 11 59 50 11 13 81 26 99 20 26 16 86 63 36 67 97 70 73 55 51 99 21 48 23 26 93 38 75 73 52 91 72 16 81 44 86 91 22 85 27 53 72 30 89 53 51 38 93 84 37 71 73 62 46 53 89 13 81 11 81 50 37 85 31 54 84 73 28 93 37 40 20 22 80 45 10 92 63 40 80 37 36 24 95 81 27 71 99 38 0 27 22 61 78 28 25 25 26 57 10 67 92 11 10 52 32 49 93 32 20 42 17 16 70 91 29 27 14 35 34 24 37 12 98 62 52 60 63 51 68 54 68 25 43 49 87 69 75 69 44 18
68 82 39 93 96 25 66 94 16 44 46 20 30 23 28 79 15 87 55 84 89 24 19 29 64 97 34 69 76 30 23 70 88 49 77 15 68 98 56 97 31 23 86 84 65 42 69 75 66 47 74 59 35 13 84 37 19 85 87 57 10 72 10 94 78 72 13 35 89 87 20 47 68 54 18 50 43 66 77 70 87 46 55 55 45 26 93 85 45 83 76 92 32 27 0 13 74 66 88 96 30 47 75 44 30 33 41 37 51 42 60 96 39 50 75 12 95 91 65 89 57 11 23 25 53 68 35 30 29 33 65 90 69 56 32 20 65 72 21 16 54 93 43 33 43
33 46 64 75 72 69 49 16 82 65 13 83 32 82 50 70 46 73 63 47 86 14 88 50 64 48 44 24 88 43 68 38 77 78 51 96 44 14 97 39 82 66 31 46 92 93 51 39 76 71 82 46 93 18 19 87 30 55 29 28 75 90 33 37 26 45 98 17 34 71 25 87 89 81 12 41 48 49 72 98 99 23 45 53 99 66 72 33 21 80 47 61 47 22 13 0 11 28 87 57 89 72 51 37 37 80 68 51 77 68 97 11 81 25 58 11 99 26 10 46 58 17 33 85 12 71 92 45 52 92 59 95 44 58 16 32 33 59 57 15 30 79 33 95 75
64 69 73 63 94 81 16 22 24 50 66 77 17 99 42 58 71 67 97 88 66 14 89 88 76 23 33 28 67 58 52 16 61 31 58 66 88 64 42 87 25 99 83 62 14 75 52 46 14 37 97 17 48 12 87 69 43 51 89 65 73 76 49 78 10 80 32 29 84 90 20 40 99 73 87 38 66 85 98 67 86 74 50 88 51 23 74 96 91 23 49 33 68 61 74 11 0 93 88 99 71 80 62 81 94 28 49 38 94 78 45 66 84 32 40 21 17 54 12 77 84 73 31 62 39 41 91 23 60 44 66 27 61 93 41 94 82 10 53 97 97 19 54 30 44
49 89 53 72 76 26 24 23 32 36 75 68 59 68 67 46 66 60 41 87 51 83 39 95 69 65 23 94 79 41 93 42 78 77 30 46 95 11 77 15 31 85 59 64 86 50 22 37 19 22 32 17 60 47 11 31 46 28 81 96 54 84 67 16 64 61 74 90 99 94 33 16 24 33 39 98 16 38 66 92 67 23 49 64 16 69 44 56 40 74 85 89 47 78 66 28 93 0 41 95 25 94 29 71 30 48 36 71 90 60 99 65 48 23 72 46 95 18 91 50 62 15 37 69 74 27 68 76 40 43 51 97 71 78 45 40 15 86 34 43 78 22 36 15 29
44 66 60 15 63 95 74 18 94 53 15 96 24 45 84 54 93 64 26 87 59 63 79 72 40 65 50 27 13 20 69 74 71 13 97 32 27 52 27 28 26 74 80 59 58 47 30 86 22 29 14 76 46 71 18 11 93 34 17 87 89 15 18 48 50 73 56 55 47 78 95 14 43 31 46 22 90 92 78 96 63 51 63 90 76 20 85 13 71 77 37 42 40 28 88 87 88 41 0 84 68 32 12 73 15 25 83 87 19 62 53 74 74 14 72 45 68 73 54 10 41 93 23 33 82 89 51 15 78 74 31 73 52 49 81 41 49 39 52 98 79 75 64 49 57
26 64 29 84 75 65 78 65 61 34 26 76 55 65 34 35 22 68 44 80 60 35 22 86 98 57 73 82 29 80 24 65 41 56 12 26 32 55 28 67 43 73 95 84 11 33 45 12 14 89 93 54 85 96 43 49 43 97 11 85 95 62 69 19 75 59 41 31 33 12 17 11 91 27 92 36 65 59 13 29 19 43 54 33 95 92 88 32 25 47 43 45 18 25 96 57 99 95 84 0 78 97 24 81 21 25 30 78 88 80 20 34 13 91 74 36 78 14 74 69 32 35 35 12 45 27 34 20 15 58 42 78 69 82 49 66 57 88 88 50 73 13 44 61 61
63 85 96 32 35 83 12 19 71 68 31 41 40 45 97 11 62 68 77 98 82 93 76 26 18 45 80 75 64 82 25 94 52 99 35 76 77 75 66 47 87 90 85 83 69 75 94 54 62 90 95 19 79 51 17 53 20 23 28 23 10 34 13 86 56 26 59 55 11 39 90 35 77 31 34 96 84 54 32 48 11 52 91 71 38 52 16 86 74 11 19 61 66 25 30 89 71 25 68 78 0 41 75 28 90 53 75 23 74 74 33 73 30 87 99 79 24 38 44 45 75 23 78 35 14 19 10 22 26 53 91 55 36 19 47 84 87 29 71 55 66 26 41 89 11
63 41 41 44 98 48 12 32 50 42 47 21 20 99 89 98 24 31 63 67 88 76 31 40 96 96 87 75 70 91 37 70 17 83 85 34 27 32 80 89 25 36 99 60 42 24 69 53 88 35 44 99 78 67 50 71 10 52 78 40 70 72 15 25 19 86 45 84 25 18 40 70 22 26 35 15 39 43 21 36 74 59 63 33 49 79 86 75 36 22 52 77 57 26 47 72 80 94 32 97 41 0 40 57 79 18 99 82 76 53 45 43 94 92 66 57 57 21 30 79 72 25 55 25 29 52 46 66 76 88 19 57 64 65 70 48 54 75 60 22 94 54 46 61 18
64 18 47 99 66 10 25 39 67 15 90 15 22 44 36 58 32 77 65 75 41 43 33 75 14 53 90 90 28 15 42 64 48 20 26 38 14 94 77 34 95 83 75 46 53 38 30 76 99 94 13 96 67 33 58 17 58 27 99 83 87 73 98 20 43 43 56 47 74 47 40 22 50 14 94 34 92 25 73 18 92 50 17 53 59 32 85 14 75 83 73 70 16 57 75 51 62 29 12 24 75 40 0 80 50 69 14 67 20 55 21 52 21 68 14 49 71 32 72 37 34 49 32 39 51 57 59 23 20 54 58 35 31 46 57 54 80 55 90 10 20 93 80 28 69
47 35 63 87 13 15 47 12 62 43 94 27 38 82 52 77 57 30 55 13 98 87 83 21 35 22 10 37 49 54 47 56 74 75 47 66 78 29 65 89 38 93 31 40 74 88 44 29 29 57 45 19 10 17 99 80 69 27 62 12 74 85 95 58 91 69 55 96 15 38 40 42 52 63 26 12 98 76 81 66 31 31 80 32 20 31 76 10 22 60 95 18 74 10 44 37 81 71 73 81 28 57 80 0 40 92 68 43 89 34 29 32 94 81 23 23 55 11 59 48 82 10 45 90 80 19 84 25 38 67 41 33 23 23 90 25 38 15 25 84 60 55 17 18 67
18 35 27 80 94 53 48 55 97 78 85 29 27 31 23 12 15 91 44 70 23 52 57 62 72 82 82 18 48 54 57 59 52 82 36 72 56 61 20 56 55 90 71 78 53 81 34 44 85 26 71 86 65 51 56 12 66 94 11 82 37 75 58 45 40 98 90 31 37 23 81 22 22 47 30 49 76 84 30 34 19 46 52 79 41 29 51 81 94 21 38 50 16 67 30 37 94 30 15 21 90 79 50 40 0 41 14 52 91 13 86 87 42 75 22 43 96 14 98 78 63 65 31 32 51 50 11 90 57 17 13 52 36 57 71 21 67 60 87 95 44 61 85 80 73
29 96 36 66 86 16 85 36 78 54 31 16 45 71 75 52 56 75 84 15 56 76 78 20 85 17 26 15 95 17 19 98 62 51 47 28 40 35 92 19 94 88 70 31 22 96 47 80 47 85 11 16 87 43 94 51 77 67 73 10 60 65 63 22 57 82 22 37 59 40 76 36 50 86 48 30 80 28 36 11 54 43 50 82 81 79 57 10 30 40 98 65 76 92 33 80 28 48 25 25 53 18 69 92 41 0 32 29 60 70 72 64 22 85 24 28 97 57 31 55 38 63 88 15 54 76 80 92 88 44 43 34 81 10 99 46 33 22 46 34 15 60 26 98 97
12 99 98 89 97 10 72 83 52 58 54 71 39 16 14 65 38 95 56 88 18 46 67 54 50 73 61 57 72 42 81 88 82 35 61 43 25 34 12 31 75 59 40 83 51 99 35 71 53 57 17 86 25 49 55 54 72 34 71 45 32 81 93 36 18 84 18 75 93 20 89 49 88 43 71 16 14 56 39 69 13 58 95 86 16 63 49 84 69 96 37 41 36 11 41 68 49 36 83 30 75 99 14 68 14 32 0 67 31 87 22 10 42 84 26 39 77 34 16 34 26 15 40 88 25 71 16 67 71 59 44 91 85 47 62 21 29 25 24 73 60 14 39 54 34
13 63 40 90 22 43 60 30 45 78 32 36 76 54 91 43 69 27 84 23 18 95 31 48 39 97 46 54 75 32 14 99 69 56 31 14 66 45 16 15 22 54 70 77 77 38 68 63 37 85 97 78 66 85 81 45 57 21 99 88 38 67 17 28 43 27 96 73 32 38 26 94 11 93 27 24 15 10 20 70 81 96 83 45 84 15 31 78 64 77 73 64 71 10 37 51 38 71 87 78 23 82 67 43 52 29 67 0 92 15 41 39 55 90 30 29 74 72 67 20 28 27 75 63 58 51 44 92 48 66 64 21 64 32 99 43 62 98 36 26 98 64 88 22 25
32 16 58 83 47 76 37 83 43 94 25 73 78 72 98 70 16 53 49 47 91 91 17 39 43 87 75 53 35 94 27 38 30 29 55 30 31 88 15 44 25 77 14 12 46 90 35 14 86 56 23 98 59 83 65 88 83 97 47 40 38 65 32 44 54 19 35 92 44 70 30 64 23 17 16 29 65 62 48 37 62 45 63 89 11 10 99 50 21 52 87 20 74 52 51 77 94 90 19 88 74 76 20 89 91 60 31 92 0 73 30 76 57 33 96 37 21 64 31 96 31 46 54 53 53 24 14 65 59 25 60 11 69 94 50 66 56 82 14 75 75 48 90 66 67
61 54 10 39 82 43 15 76 66 86 20 70 92 68 32 23 31 41 87 42 21 91 82 66 20 17 55 89 90 83 62 79 32 72 23 79 80 12 30 85 21 22 10 93 10 12 91 31 27 81 47 55 68 33 20 30 58 61 94 29 17 96 36 46 72 82 40 74 51 97 82 19 54 93 51 62 89 43 25 65 58 46 84 29 17 10 41 73 74 17 75 87 18 32 42 68 78 60 62 80 74 53 55 34 13 70 87 15 73 0 87 44 39 46 22 49 24 13 27 95 32 69 33 74 63 54 12 34 70 88 40 89 43 38 46 27 51 95 46 89 28 20 42 18 10
11 26 22 18 45 52 74 29 55 35 41 81 79 27 65 61 39 20 63 20 28 39 29 37 19 12 85 53 79 85 96 63 16 87 20 91 59 33 76 59 87 11 80 96 32 97 62 46 88 80 43 50 66 72 21 85 62 81 57 31 94 23 92 84 22 89 16 35 19 44 51 68 16 26 47 67 25 34 87 74 51 98 46 26 92 32 65 34 65 53 69 30 67 49 60 97 45 99 53 20 33 45 21 29 86 72 22 41 30 87 0 17 85 52 63 82 96 37 93 29 17 37 55 37 77 10 52 37 63 33 70 16 36 14 33 98 10 32 92 42 10 62 33 30 54
79 62 45 58 24 44 46 30 72 38 80 35 31 50 14 34 39 27 33 42 27 80 13 75 18 36 41 54 88 42 54 45 98 10 30 61 87 78 66 76 75 90 69 66 86 28 17 38 74 60 91 81 41 31 95 27 16 64 37 11 18 17 90 74 88 58 42 36 61 42 48 92 97 95 53 12 85 94 61 20 46 21 94 50 88 70 43 79 97 49 56 57 10 93 96 11 66 65 74 34 73 43 52 32 87 64 10 39 76 44 17 0 74 16 82 81 11 30 88 63 57 11 54 93 40 38 61 85 90 52 70 67 29 96 13 63 40 76 24 34 85 47 83 96 51
90 70 49 32 78 54 56 99 66 58 18 34 45 34 82 41 48 14 53 65 86 29 49 97 49 49 96 21 35 52 74 99 20 48 85 46 79 27 22 36 26 91 23 79 14 33 74 11 61 85 37 65 77 32 34 60 95 84 98 75 73 53 14 91 42 26 83 50 30 54 79 29 87 37 43 33 81 63 82 94 36 48 45 69 13 68 76 90 25 46 20 59 71 32 39 81 84 48 74 13 30 94 21 94 42 22 42 55 57 39 85 74 0 20 37 31 78 25 84 83 58 92 26 13 94 11 49 97 67 81 90 72 64 66 35 22 60 11 16 26 48 63 12 83 72
42 23 25 21 36 19 32 51 96 77 81 69 18 29 21 99 53 47 83 37 42 84 96 10 12 71 25 39 95 91 36 99 32 55 68 60 66 86 86 24 98 35 57 73 12 52 33 62 54 85 45 65 53 14 65 24 76 34 24 94 72 96 57 97 49 75 88 94 33 80 21 85 12 38 94 10 63 33 49 11 99 97 29 47 69 25 25 98 39 82 70 20 26 20 50 25 32 23 14 91 87 92 68 81 75 85 84 90 33 46 52 16 20 0 35 29 24 16 92 59 76 72 95 16 92 26 36 76 20 40 15 81 20 82 48 55 20 70 52 68 73 10 32 32 34
29 57 67 88 52 60 47 92 21 18 17 91 47 82 50 16 27 78 77 35 76 58 41 32 97 21 87 78 96 85 98 14 16 80 24 69 14 18 47 83 32 15 90 75 49 88 19 72 55 70 89 19 20 67 14 60 16 29 67 86 28 50 85 32 49 36 67 46 33 36 12 80 48 94 83 16 63 87 14 31 76 66 37 35 57 44 82 83 33 92 96 72 19 42 75 58 40 72 72 74 99 66 14 23 22 24 26 30 96 22 63 82 37 35 0 66 47 72 48 45 67 32 57 61 27 33 22 21 50 38 37 71 50 70 31 38 68 32 72 89 29 63 67 38 74
76 35 27 74 89 93 43 49 84 39 81 14 81 99 95 94 86 72 21 99 21 94 42 10 43 19 74 81 66 87 77 60 90 25 42 96 60 90 39 90 48 13 95 36 92 38 56 72 11 96 13 89 24 54 51 52 68 21 72 56 48 41 95 80 96 40 76 18 36 24 83 61 83 77 90 94 69 49 22 56 15 30 56 21 75 81 35 84 38 59 20 58 34 17 12 11 21 46 45 36 79 57 49 23 43 28 39 29 37 49 82 81 31 29 66 0 21 97 90 82 50 18 95 75 23 77 44 18 30 50 87 37 99 81 52 75 29 88 38 26 35 88 60 75 36
18 96 19 60 66 76 70 98 71 50 54 14 70 45 53 42 27 82 27 49 41 83 96 64 13 82 87 28 39 50 35 87 92 37 62 18 37 18 47 90 93 97 99 41 11 95 68 39 82 71 87 97 68 97 68 41 65 15 58 45 14 15 92 94 19 59 12 52 22 91 86 43 86 17 69 47 75 98 98 73 25 58 76 46 29 75 80 48 91 70 50 15 31 16 95 99 17 95 68 78 24 57 71 55 96 97 77 74 21 24 96 11 78 24 47 21 0 60 31 63 21 18 58 51 20 41 68 45 59 94 55 43 49 45 47 64 48 84 64 47 85 60 55 50 88
53 54 94 46 21 32 90 34 83 13 16 63 62 97 53 27 21 38 88 66 82 25 68 71 75 50 95 19 68 81 19 35 34 87 49 89 91 19 87 60 59 76 44 57 93 34 48 50 40 31 86 99 99 86 35 25 23 11 26 72 74 78 87 42 15 45 37 37 61 47 80 85 28 23 17 16 52 96 20 25 89 12 46 76 10 27 91 74 91 53 70 73 69 70 91 26 54 18 73 14 38 21 32 11 14 57 34 72 64 13 37 30 25 16 72 97 60 0 99 59 50 36 64 85 32 43 78 70 62 24 71 54 12 88 41 72 45 80 50 38 88 19 67 33 50
78 91 22 25 97 37 15 53 88 84 48 66 90 96 71 91 39 82 73 60 29 66 29 28 62 42 46 59 20 51 42 38 35 72 52 88 90 43 32 66 34 21 22 40 94 10 15 36 73 41 38 90 16 45 59 37 23 46 56 34 35 27 60 17 64 70 33 85 77 74 55 39 84 11 82 80 67 27 37 26 69 91 90 48 50 25 66 25 66 39 57 85 39 91 65 10 12 91 54 74 44 30 72 59 98 31 16 67 31 27 93 88 84 92 48 90 31 99 0 30 91 36 84 46 99 54 13 80 12 64 30 12 48 32 17 68 70 84 26 71 51 97 78 44 53
46 38 97 78 15 93 86 70 23 97 45 55 52 63 66 22 39 22 62 62 86 55 29 13 32 69 84 45 18 78 30 76 42 86 67 53 97 97 86 75 65 86 23 91 46 17 63 55 74 47 99 17 27 52 17 99 61 45 85 29 18 58 47 48 65 47 56 74 58 42 54 93 39 49 88 21 40 65 60 83 81 12 55 83 42 95 57 55 21 37 55 14 65 29 89 46 77 50 10 69 45 79 37 48 78 55 34 20 96 95 29 63 83 59 45 82 63 59 30 0 17 31 59 50 97 70 83 25 90 96 42 20 82 46 38 28 63 98 34 19 36 65 81 17 16
58 79 32 80 36 80 59 58 34 95 50 77 52 44 10 20 27 90 50 67 82 77 52 28 98 93 47 90 42 89 55 62 71 88 99 13 57 27 68 84 34 56 43 22 10 41 45 87 34 59 64 45 17 95 53 23 71 48 65 59 26 50 13 22 69 48 89 34 64 16 15 28 71 70 15 70 82 72 14 84 78 48 25 65 34 35 16 90 33 62 97 94 81 27 57 58 84 62 41 32 75 72 34 82 63 38 26 28 31 32 17 57 58 76 67 50 21 50 91 17 0 72 32 22 14 62 34 48 68 83 77 39 99 60 38 68 48 74 90 62 67 65 92 96 63
35 39 99 91 81 82 17 72 39 51 96 19 95 12 27 34 48 71 67 76 48 43 32 64 87 88 60 14 40 69 75 53 53 64 74 59 36 27 53 44 54 66 47 63 85 73 38 78 37 55 84 63 82 15 40 83 46 42 25 66 70 63 41 16 64 53 43 93 50 87 65 72 63 97 90 57 41 95 77 66 74 14 62 73 17 13 68 35 14 57 93 91 48 14 11 17 73 15 93 35 23 25 49 10 65 63 15 27 46 69 37 11 92 72 32 18 18 36 36 31 72 0 96 58 12 77 89 28 46 68 71 66 49 64 11 34 19 49 78 45 27 98 65 35 19
83 90 84 12 90 81 42 73 85 43 21 77 95 97 48 19 66 23 75 94 77 19 57 14 15 21 26 69 62 52 71 72 64 94 94 16 33 66 89 64 37 89 78 55 55 59 60 39 14 95 32 84 98 75 95 87 99 76 56 36 76 26 17 76 84 35 70 60 44 22 21 97 74 83 39 38 96 75 96 47 73 88 14 34 59 83 48 26 41 21 16 91 67 35 23 33 31 37 23 35 78 55 32 45 31 88 40 75 54 33 55 54 26 95 57 95 58 64 84 59 32 96 0 91 68 46 31 26 81 68 70 90 43 28 63 28 86 87 80 26 40 58 92 11 76
64 15 40 50 32 58 76 94 68 34 18 78 69 66 17 66 20 25 91 12 25 73 66 59 93 91 69 54 83 91 49 91 37 55 61 60 63 61 50 39 20 13 44 50 96 11 99 34 49 38 29 51 20 70 75 82 38 46 80 90 28 23 13 78 64 85 53 76 33 76 18 38 81 23 55 41 57 65 90 32 91 35 65 30 65 11 51 57 37 48 77 48 66 34 25 85 62 69 33 12 35 25 39 90 32 15 88 63 53 74 37 93 13 16 61 75 51 85 46 50 22 58 91 0 85 92 37 93 59 47 88 67 60 61 77 25 77 71 59 50 77 12 18 96 15
51 45 96 90 26 92 20 57 19 32 24 92 38 58 13 88 59 60 85 85 11 13 49 73 57 75 35 46 32 70 86 63 53 36 16 63 46 79 62 35 18 88 69 37 38 73 60 95 11 54 63 90 17 77 98 80 85 21 29 85 47 72 17 47 99 17 18 67 87 27 43 52 94 25 59 63 52 35 80 20 70 72 14 14 87 57 33 27 39 89 48 87 73 24 53 12 39 74 82 45 14 29 51 80 51 54 25 58 53 63 77 40 94 92 27 23 20 32 99 97 14 12 68 85 0 94 42 45 83 78 52 30 24 67 75 99 32 34 91 46 76 99 47 30 48
14 59 17 40 23 77 90 49 94 34 53 78 60 15 86 57 10 15 71 35 19 70 39 55 28 72 54 14 61 59 31 98 86 61 42 78 14 99 75 21 85 66 68 96 37 13 81 59 82 48 12 70 84 95 55 75 91 51 79 82 94 72 27 86 16 69 78 30 22 33 41 81 13 99 13 73 98 74 19 91 15 13 80 94 51 61 61 65 29 67 27 31 64 37 68 71 41 27 89 27 19 52 57 19 50 76 71 51 24 54 10 38 11 26 33 77 41 43 54 70 62 77 46 92 94 0 57 39 44 76 17 40 88 66 97 40 73 64 23 42 68 95 20 93 92
36 64 37 41 93 83 66 40 33 16 88 82 47 61 92 68 28 12 28 27 11 33 20 71 27 50 62 72 64 50 63 60 28 76 23 45 10 48 77 10 13 49 45 88 41 64 27 45 34 68 53 53 96 63 13 83 40 52 18 43 90 26 68 12 12 28 49 83 42 85 40 81 33 93 76 38 17 21 49 10 98 26 36 73 67 46 10 36 68 39 21 33 85 12 35 92 91 68 51 34 10 46 59 84 11 80 16 44 14 12 52 61 49 36 22 44 68 78 13 83 34 89 31 37 42 57 0 39 47 69 45 26 84 91 90 27 46 53 89 97 78 33 89 28 64
61 12 19 73 48 18 18 26 69 52 23 86 99 65 46 31 15 56 95 34 62 53 27 44 62 62 72 88 64 37 81 61 48 16 43 95 56 45 72 20 58 78 50 49 25 36 12 56 51 22 70 40 60 17 15 60 19 68 84 29 76 72 23 91 28 59 65 89 30 46 87 30 97 73 28 16 36 11 25 92 13 76 88 22 46 29 27 32 82 27 34 54 50 98 30 45 23 76 15 20 22 66 23 25 90 92 67 92 65 34 37 85 97 76 21 18 45 70 80 25 48 28 26 93 45 39 39 0 22 98 72 38 11 28 85 32 80 42 25 37 48 36 11 49 20
60 77 37 33 45 80 74 94 85 66 97 36 75 79 33 94 90 99 29 91 42 39 67 64 96 89 30 94 64 60 89 22 98 80 70 97 34 91 14 17 54 48 61 38 32 47 62 31 16 67 12 85 39 89 34 77 17 34 33 30 79 73 65 48 18 32 89 26 80 93 35 17 74 63 19 73 23 19 12 10 50 25 84 87 39 68 87 33 68 85 48 77 38 62 29 52 60 40 78 15 26 76 20 38 57 88 71 48 59 70 63 90 67 20 50 30 59 62 12 90 68 46 81 59 83 44 47 22 0 18 24 10 11 24 26 67 55 52 69 90 42 25 39 82 39
23 68 27 33 30 26 36 25 71 60 14 68 94 62 94 86 70 88 34 10 26 55 54 16 30 51 94 37 37 30 17 44 18 44 46 29 64 30 94 34 17 59 55 73 54 78 26 86 14 91 92 29 85 71 43 73 52 10 87 82 13 51 43 28 58 64 30 36 29 78 48 39 71 12 61 87 34 59 97 31 17 54 62 64 62 93 42 70 16 95 85 84 45 52 33 92 44 43 74 58 53 88 54 67 17 44 59 66 25 88 33 52 81 40 38 50 94 24 64 96 83 68 68 47 78 76 69 98 18 0 80 24 76 95 78 47 98 72 68 52 59 73 55 57 88
61 69 42 76 59 97 47 17 93 77 95 16 22 11 90 65 23 70 38 87 24 64 97 77 51 54 87 61 47 56 24 31 46 63 93 68 81 82 76 71 22 81 66 90 35 36 29 75 33 39 93 87 84 46 35 80 52 35 36 71 39 18 15 35 48 96 57 51 46 61 78 92 27 21 90 48 28 65 45 11 35 57 99 85 18 11 45 88 13 70 46 45 71 60 65 59 66 51 31 42 91 19 58 41 13 43 44 64 60 40 70 70 90 15 37 87 55 71 30 42 77 71 70 88 52 17 45 72 24 80 0 54 49 34 93 49 36 88 67 66 26 62 38 31 86
10 44 49 97 62 16 10 26 58 59 29 27 16 51 65 36 35 79 43 27 57 50 57 60 63 88 17 15 35 46 66 18 11 95 14 61 10 96 18 90 17 99 13 82 82 22 66 34 15 84 81 46 61 91 54 29 16 86 90 56 10 98 29 12 42 67 12 19 97 46 89 52 50 29 55 44 69 14 82 16 11 47 94 94 32 22 63 96 34 24 39 78 52 63 90 95 27 97 73 78 55 57 35 33 52 34 91 21 11 89 16 67 72 81 71 37 43 54 12 20 39 66 90 67 30 40 26 38 10 24 54 0 24 22 74 84 17 58 21 88 15 30 96 35 45
53 29 82 99 30 54 92 78 93 75 74 37 28 40 34 52 10 71 84 83 86 76 16 62 98 32 62 82 73 85 35 73 25 63 76 28 34 34 51 74 21 97 26 48 32 25 27 35 87 80 77 12 28 76 62 65 28 56 79 71 12 79 39 30 48 26 60 73 73 47 48 87 68 83 46 67 70 44 30 45 18 86 62 17 32 91 44 77 77 46 17 13 77 51 69 44 61 71 52 69 36 64 31 23 36 81 85 64 69 43 36 29 64 20 50 99 49 12 48 82 99 49 43 60 24 88 84 11 11 76 49 24 0 20 61 50 53 35 10 94 38 97 68 47 70
12 52 15 43 34 74 72 36 63 46 16 11 50 33 33 15 84 55 29 54 24 14 72 41 88 27 83 97 47 25 20 97 10 16 33 52 30 90 33 43 83 21 53 79 46 54 52 66 59 50 18 38 17 33 26 81 95 92 40 54 14 23 12 25 92 23 81 12 81 30 84 79 13 99 87 53 55 72 42 88 24 71 97 63 71 40 76 25 31 23 11 64 88 68 56 58 93 78 49 82 19 65 46 23 57 10 47 32 94 38 14 96 66 82 70 81 45 88 32 46 60 64 28 61 67 66 91 28 24 95 34 22 20 0 75 96 84 72 35 16 13 33 21 57 15
17 51 97 66 41 73 85 88 21 12 52 67 21 17 65 13 47 32 35 30 65 40 95 62 55 63 12 78 49 53 57 43 53 44 66 19 13 83 92 53 16 27 25 83 82 31 84 49 14 39 36 84 77 38 87 97 16 27 31 71 47 55 49 23 87 48 35 17 23 85 76 76 36 38 65 55 71 19 60 68 32 19 59 10 15 12 69 77 16 68 81 23 28 54 32 16 41 45 81 49 47 70 57 90 71 99 62 99 50 46 33 13 35 48 31 52 47 41 17 38 38 11 63 77 75 97 90 85 26 78 93 74 61 75 0 98 22 20 25 73 41 29 91 48 94
36 82 93 12 75 98 15 88 80 68 52 59 50 28 79 96 96 47 48 22 33 84 61 10 55 50 88 45 16 63 81 90 77 21 56 93 38 66 76 77 35 86 94 78 70 52 27 67 89 90 32 82 13 52 78 58 71 65 73 21 34 80 57 17 31 66 61 40 35 32 43 75 71 45 78 93 93 57 46 46 80 14 98 17 86 85 12 38 30 95 45 31 42 68 20 32 94 40 41 66 84 48 54 25 21 46 21 43 66 27 98 63 22 55 38 75 64 72 68 28 68 34 28 25 99 40 27 32 67 47 49 84 50 96 98 0 96 76 11 99 47 93 59 40 13
63 48 84 72 20 60 76 86 80 32 87 97 96 26 79 58 53 47 79 65 74 10 82 42 17 19 36 97 97 18 72 45 83 41 54 44 17 33 35 50 40 22 30 62 93 90 54 90 70 65 74 11 48 84 42 93 14 29 27 29 99 49 60 49 17 26 27 63 38 34 40 14 92 33 31 20 49 56 28 19 52 88 54 73 20 35 68 49 17 80 52 35 40 25 65 33 82 15 49 57 87 54 80 38 67 33 29 62 56 51 10 40 60 20 68 29 48 45 70 63 48 19 86 77 32 73 46 80 55 98 36 17 53 84 22 96 0 96 79 20 44 89 85 63 93
85 10 54 46 39 64 44 26 76 76 79 68 53 32 93 49 88 11 19 76 79 73 97 17 74 54 46 78 15 22 23 20 61 93 96 14 65 79 49 52 68 66 72 31 23 45 47 62 66 99 88 14 29 88 65 27 72 47 51 72 70 61 11 20 79 20 48 42 99 53 26 69 20 75 69 65 38 21 67 75 50 84 62 83 79 13 35 94 83 55 22 84 37 43 72 59 10 86 39 88 29 75 55 15 60 22 25 98 82 95 32 76 11 70 32 88 84 80 84 98 74 49 87 71 34 64 53 42 52 72 88 58 35 72 20 76 96 0 84 25 99 22 23 24 53
91 23 44 46 77 13 65 38 94 74 13 97 24 73 64 73 53 65 63 29 35 47 65 11 98 43 62 30 68 36 74 19 87 46 78 67 30 13 59 98 80 49 92 64 72 17 57 29 76 74 63 64 36 95 92 13 47 57 20 66 67 97 65 53 10 56 25 73 80 19 66 94 23 53 38 56 61 11 25 34 86 92 71 93 24 45 56 93 52 62 28 74 54 49 21 57 53 34 52 88 71 60 90 25 87 46 24 36 14 46 92 24 16 52 72 38 64 50 26 34 90 78 80 59 91 23 89 25 69 68 67 21 10 35 25 11 79 84 0 95 85 64 59 68 34
43 71 97 94 60 82 24 24 10 83 15 87 83 70 21 75 82 28 53 39 81 18 97 29 11 29 74 72 57 83 57 98 44 59 69 58 90 92 82 82 65 42 66 73 99 64 79 21 58 78 27 57 31 91 43 29 76 90 86 13 18 18 13 22 98 23 85 44 91 59 60 42 22 55 40 54 92 82 51 83 10 43 53 70 48 52 28 95 38 53 77 57 53 87 16 15 97 43 98 50 55 22 10 84 95 34 73 26 75 89 42 34 26 68 89 26 47 38 71 19 62 45 26 50 46 42 97 37 90 52 66 88 94 16 73 99 20 25 95 0 57 60 73 62 66
36 64 21 80 52 26 29 18 97 58 82 31 76 17 66 32 55 30 55 70 12 28 22 82 66 98 45 26 28 51 49 85 23 68 32 13 18 20 82 75 46 19 29 37 86 64 31 36 41 17 56 30 32 53 30 80 53 99 71 15 78 57 18 76 56 42 62 66 24 15 36 56 14 60 57 77 73 79 36 38 95 13 26 97 96 81 19 46 45 44 96 80 55 69 54 30 97 78 79 73 66 94 20 60 44 15 60 98 75 28 10 85 48 73 29 35 85 88 51 36 67 27 40 77 76 68 78 48 42 59 26 15 38 13 41 47 44 99 85 57 0 46 25 53 76
20 13 96 39 61 66 38 56 73 20 19 65 71 85 13 35 49 62 80 17 97 26 76 72 30 24 31 23 99 47 34 65 41 40 97 78 93 53 39 25 82 60 31 13 12 68 43 75 28 19 77 78 92 72 97 41 70 50 81 46 60 90 89 79 64 69 72 26 42 16 92 46 20 34 79 52 21 92 27 21 76 44 69 10 39 23 18 68 27 18 58 38 40 75 93 79 19 22 75 13 26 54 93 55 61 60 14 64 48 20 62 47 63 10 63 88 60 19 97 65 65 98 58 12 99 95 33 36 25 73 62 30 97 33 29 93 89 22 64 60 46 0 80 16 61
64 74 64 98 71 56 91 58 31 51 85 71 74 92 21 66 24 20 86 12 70 69 77 93 17 34 19 54 20 85 59 25 45 26 77 26 68 89 67 55 86 26 71 86 32 77 19 95 93 25 40 66 37 66 33 78 50 10 66 14 27 73 61 89 12 66 36 42 77 94 90 59 44 91 82 29 23 73 53 95 19 71 83 80 90 89 47 45 66 37 14 52 47 69 43 33 54 36 64 44 41 46 80 17 85 26 39 88 90 42 33 83 12 32 67 60 55 67 78 81 92 65 92 18 47 20 89 11 39 55 38 96 68 21 91 59 85 23 59 73 25 80 0 18 46
79 85 40 90 17 76 16 33 30 81 63 20 84 44 38 97 36 80 74 49 51 99 73 39 22 73 69 51 12 70 29 93 39 90 99 66 86 57 62 20 74 68 92 89 75 27 52 55 37 87 36 97 97 51 75 42 73 95 50 13 13 40 58 85 16 66 40 42 79 49 16 18 81 67 30 36 76 42 53 51 41 27 62 97 36 82 42 74 76 85 27 47 41 44 33 95 30 15 49 61 89 61 28 18 80 98 54 22 66 18 30 96 83 32 38 75 50 33 44 17 96 35 11 96 30 93 28 49 82 57 31 35 47 57 48 40 63 24 68 62 53 16 18 0 65
43 45 78 32 69 71 80 31 46 97 27 42 66 96 10 46 34 12 42 49 55 17 23 40 24 17 29 43 80 11 89 90 44 32 92 83 94 32 44 93 89 31 31 82 71 66 99 14 83 80 16 56 64 17 96 40 54 73 80 51 72 20 12 45 58 40 11 85 45 91 55 25 92 83 71 25 30 92 78 60 12 78 27 20 92 18 52 78 37 96 86 90 17 18 43 75 44 29 57 61 11 18 69 67 73 97 34 25 67 10 54 51 72 34 74 36 88 50 53 16 63 19 76 15 48 92 64 20 39 88 86 45 70 15 94 13 93 53 34 66 76 61 46 65 0