35
0 42 42 71 17 78 68 25 62 65 14 76 22 42 45 21 64 81 61 81 43 62 90 71 88 16 58 53 41 88 47 12 53 21 19
42 0 93 32 32 15 95 42 84 51 60 10 97 52 33 43 67 60 45 88 70 49 73 32 24 28 66 91 39 23 92 67 74 92 47
42 93 0 50 16 48 21 49 90 30 83 20 22 40 34 76 44 99 38 10 78 80 61 20 38 30 94 50 64 35 28 34 14 19 16
71 32 50 0 61 52 81 36 66 87 90 35 56 82 36 68 74 93 56 80 77 99 89 98 49 63 85 36 48 16 10 35 86 32 83
17 32 16 61 0 99 16 53 76 21 90 40 27 59 10 73 43 68 77 24 95 59 22 67 84 34 52 62 65 80 17 63 26 48 49
78 15 48 52 99 0 77 97 93 12 50 85 33 66 53 33 57 35 22 25 28 56 46 44 22 21 51 81 86 33 24 23 66 89 42
68 95 21 81 16 77 0 71 82 67 69 65 53 23 48 61 25 30 13 11 35 53 32 63 73 16 75 32 98 93 92 60 59 61 47
25 42 49 36 53 97 71 0 25 79 44 80 71 84 18 28 79 36 35 78 86 97 76 63 19 46 94 71 10 65 77 15 71 61 55
62 84 90 66 76 93 82 25 0 83 26 70 15 71 29 30 38 75 88 87 34 43 82 18 40 42 38 63 32 42 50 15 29 71 30
65 51 30 87 21 12 67 79 83 0 56 35 93 71 87 42 85 97 29 90 77 35 28 39 33 83 37 66 55 14 29 64 84 89 69
14 60 83 90 90 50 69 44 26 56 0 33 65 16 60 80 39 13 95 36 86 37 98 63 60 12 89 11 41 52 83 78 95 86 57
76 10 20 35 40 85 65 80 70 35 33 0 46 57 55 80 86 96 96 46 15 95 41 12 44 63 39 40 31 86 23 23 94 62 23
22 97 22 56 27 33 53 71 15 93 65 46 0 26 65 71 18 76 54 16 35 47 22 20 25 96 33 15 98 87 63 47 21 72 77
42 52 40 82 59 66 23 84 71 71 16 57 26 0 67 77 93 56 94 19 80 91 63 24 47 88 22 20 47 25 19 19 98 17 18
45 33 34 36 10 53 48 18 29 87 60 55 65 67 0 35 47 33 49 81 77 48 31 85 66 69 87 90 58 96 13 81 94 44 89
21 43 76 68 73 33 61 28 30 42 80 80 71 77 35 0 72 91 94 34 18 90 54 81 96 55 72 83 24 38 35 26 46 32 45
64 67 44 74 43 57 25 79 38 85 39 86 18 93 47 72 0 98 42 96 68 69 69 97 82 79 33 83 60 96 43 82 42 64 47
81 60 99 93 68 35 30 36 75 97 13 96 76 56 33 91 98 0 26 19 15 42 53 60 76 15 88 39 15 93 47 48 59 73 87
61 45 38 56 77 22 13 35 88 29 95 96 54 94 49 94 42 26 0 87 16 80 59 25 50 34 48 45 69 73 62 35 25 35 18
81 88 10 80 24 25 11 78 87 90 36 46 16 19 81 34 96 19 87 0 89 58 34 63 87 40 90 54 75 61 72 20 68 75 67
43 70 78 77 95 28 35 86 34 77 86 15 35 80 77 18 68 15 16 89 0 10 95 10 60 70 40 55 12 25 91 28 95 80 84
62 49 80 99 59 56 53 97 43 35 37 95 47 91 48 90 69 42 80 58 10 0 64 58 57 86 14 82 30 30 77 99 36 37 69
90 73 61 89 22 46 32 76 82 28 98 41 22 63 31 54 69 53 59 34 95 64 0 39 15 57 13 37 81 24 62 22 99 75 72
71 32 20 98 67 44 63 63 18 39 63 12 20 24 85 81 97 60 25 63 10 58 39 0 23 14 81 20 18 60 68 73 73 52 92
88 24 38 49 84 22 73 19 40 33 60 44 25 47 66 96 82 76 50 87 60 57 15 23 0 58 60 51 10 80 36 95 12 96 94
16 28 30 63 34 21 16 46 42 83 12 63 96 88 69 55 79 15 34 40 70 86 57 14 58 0 50 97 46 93 57 60 78 56 57
58 66 94 85 52 51 75 94 38 37 89 39 33 22 87 72 33 88 48 90 40 14 13 81 60 50 0 52 72 13 85 38 23 67 75
53 91 50 36 62 81 32 71 63 66 11 40 15 20 90 83 83 39 45 54 55 82 37 20 51 97 52 0 80 18 99 48 33 15 27
41 39 64 48 65 86 98 10 32 55 41 31 98 47 58 24 60 15 69 75 12 30 81 18 10 46 72 80 0 93 79 92 29 46 52
88 23 35 16 80 33 93 65 42 14 52 86 87 25 96 38 96 93 73 61 25 30 24 60 80 93 13 18 93 0 88 27 58 79 54
47 92 28 10 17 24 92 77 50 29 83 23 63 19 13 35 43 47 62 72 91 77 62 68 36 57 85 99 79 88 0 70 82 88 59
12 67 34 35 63 23 60 15 15 64 78 23 47 19 81 26 82 48 35 20 28 99 22 73 95 60 38 48 92 27 70 0 37 14 37
53 74 14 86 26 66 59 71 29 84 95 94 21 98 94 46 42 59 25 68 95 36 99 73 12 78 23 33 29 58 82 37 0 67 24
21 92 19 32 48 89 61 61 71 89 86 62 72 17 44 32 64 73 35 75 80 37 75 52 96 56 67 15 46 79 88 14 67 0 95
19 47 16 83 49 42 47 55 30 69 57 23 77 18 89 45 47 87 18 67 84 69 72 92 94 57 75 27 52 54 59 37 24 95 0