105
0 17 45 25 90 86 97 52 77 24 15 54 75 75 41 23 89 21 10 91 46 90 17 10 42 11 90 24 90 21 90 95 49 97 15 79 52 79 10 75 53 91 74 24 29 71 26 80 93 55 98 55 70 45 90 28 60 34 35 36 97 25 81 37 20 93 60 38 93 96 56 78 22 66 89 95 29 84 79 20 43 78 74 53 14 13 12 73 53 38 13 16 40 79 97 68 62 61 12 28 27 75 13 50 78
17 0 89 73 53 22 19 94 77 42 90 27 51 94 38 84 20 24 10 33 88 52 31 94 46 36 51 16 56 64 16 92 92 82 83 82 45 13 61 21 22 31 26 50 94 96 11 14 70 12 70 26 84 71 46 69 40 38 41 60 57 14 14 89 55 29 70 23 14 17 79 18 93 60 85 12 56 97 43 65 80 22 14 16 61 28 25 30 60 21 17 86 27 30 40 85 58 25 32 16 51 64 13 57 90
45 89 0 90 62 60 28 66 26 75 79 19 65 67 91 72 82 79 52 67 76 58 20 21 57 26 10 95 87 43 13 60 83 58 89 68 97 47 90 16 49 42 90 48 48 76 43 55 15 36 53 36 14 66 21 94 12 63 51 70 71 58 28 90 99 69 66 85 22 88 58 41 37 57 34 89 48 64 35 64 88 97 17 30 96 73 29 78 22 59 45 48 68 19 77 48 82 82 72 98 17 32 64 57 48
25 73 90 0 94 42 90 91 66 36 93 89 65 51 43 46 72 92 66 86 56 66 15 57 55 13 77 84 59 68 34 33 69 14 87 83 72 90 23 98 27 57 47 76 79 47 44 64 91 10 54 59 46 31 93 77 86 39 58 23 81 78 82 79 51 98 89 10 61 70 27 95 74 70 70 77 97 36 17 50 85 33 45 39 17 61 65 98 83 73 91 65 78 91 21 51 27 67 35 68 63 13 85 52 19
90 53 62 94 0 14 98 89 80 30 49 95 49 87 52 78 84 95 75 47 81 87 89 37 36 63 99 60 77 46 95 52 35 73 67 46 37 88 85 70 46 78 34 74 13 15 27 41 71 27 39 57 22 96 30 50 43 20 55 57 32 97 62 37 82 66 45 32 67 90 66 68 62 73 48 75 54 82 29 95 10 93 68 55 24 58 12 99 24 27 22 81 45 49 70 98 99 30 22 70 92 15 26 84 63
86 22 60 42 14 0 44 70 68 35 29 35 25 40 88 19 59 92 57 10 44 84 22 60 61 93 76 65 98 26 59 18 51 28 68 34 82 65 83 71 99 80 90 92 65 83 62 30 65 11 20 73 95 68 43 25 20 33 17 97 35 77 88 97 19 10 85 89 57 77 55 84 51 24 16 76 47 23 76 74 55 64 30 94 21 82 61 12 82 73 51 40 14 77 14 78 27 22 28 50 11 90 80 85 82
97 19 28 90 98 44 0 99 75 82 26 13 47 61 93 74 23 43 81 39 19 84 19 69 63 98 59 38 75 70 60 17 37 86 75 24 92 87 34 82 50 17 60 24 36 85 66 38 26 66 75 13 27 14 88 91 52 49 38 49 87 37 30 25 17 26 38 36 12 37 83 85 89 49 54 67 30 43 24 45 70 71 41 70 25 26 19 97 55 36 50 16 66 60 56 57 20 46 75 65 46 50 12 88 29
52 94 66 91 89 70 99 0 53 80 91 74 16 82 97 34 39 14 23 12 74 15 15 72 16 53 91 31 99 14 45 10 72 43 52 56 14 62 36 88 73 99 39 78 99 20 73 88 24 20 43 78 16 97 61 26 59 98 69 65 56 30 31 20 76 47 84 76 37 18 46 89 82 87 53 79 10 30 57 69 47 35 75 82 36 96 84 76 97 63 61 15 89 77 56 16 48 25 53 76 64 80 47 44 94
77 77 26 66 80 68 75 53 0 35 50 48 98 52 21 75 42 68 83 35 23 63 21 21 37 50 82 26 14 24 35 85 17 28 27 61 43 80 16 92 45 98 18 58 89 82 76 53 98 53 61 22 41 84 76 12 83 19 43 18 51 27 61 88 12 56 62 61 93 98 98 11 93 94 55 65 36 22 38 95 10 16 38 30 23 15 86 30 39 43 98 26 35 73 77 29 60 12 13 25 50 29 43 64 64
24 42 75 36 30 35 82 80 35 0 54 78 99 26 33 12 84 55 76 95 93 20 75 28 84 40 71 55 39 57 43 47 97 39 58 44 66 51 75 26 75 38 41 78 26 81 11 77 57 60 27 37 54 63 69 43 58 37 77 57 97 50 71 38 59 62 24 42 28 62 74 27 91 71 86 89 10 54 94 98 32 12 64 21 61 48 66 72 91 15 51 66 80 80 80 11 50 24 22 94 83 30 42 51 64
15 90 79 93 49 29 26 91 50 54 0 85 23 52 25 19 57 51 66 38 28 41 72 49 90 13 64 67 39 56 98 69 81 60 17 14 35 46 43 20 85 42 56 40 40 46 45 41 88 22 39 99 20 41 58 35 51 76 55 27 53 14 34 97 42 12 31 55 81 94 20 82 71 80 91 88 41 26 69 68 68 89 38 19 72 72 43 15 14 23 65 81 26 80 24 12 32 74 39 93 61 44 72 25 15
54 27 19 89 95 35 13 74 48 78 85 0 89 84 32 56 71 29 28 32 93 93 66 67 45 27 96 35 61 16 98 90 78 65 15 74 28 54 86 79 78 48 90 55 85 46 58 29 25 33 61 55 89 28 91 98 59 76 98 90 27 56 28 66 25 61 28 37 82 60 93 77 26 43 32 92 52 85 49 36 28 61 36 92 14 83 44 92 42 23 47 14 73 61 58 97 91 46 91 34 69 82 28 41 26
75 51 65 65 49 25 47 16 98 99 23 89 0 71 76 21 88 16 37 13 39 99 78 96 66 97 92 41 95 69 79 70 57 21 60 86 25 82 96 65 91 48 86 24 32 50 15 27 18 71 60 35 36 91 61 87 76 13 63 88 78 44 96 92 51 93 76 57 89 66 37 49 92 39 10 14 31 78 60 39 73 97 83 34 35 46 56 25 36 90 10 68 60 18 47 84 23 55 35 47 73 20 20 99 73
75 94 67 51 87 40 61 82 52 26 52 84 71 0 35 93 74 35 97 61 97 41 29 19 13 53 28 23 23 17 84 33 81 59 84 64 31 74 80 84 23 59 68 51 27 65 82 18 88 62 22 16 73 18 84 18 42 22 98 24 91 52 19 21 69 95 45 73 29 35 40 14 60 50 57 61 54 51 41 31 10 66 49 14 37 64 84 98 34 74 40 65 53 13 16 34 51 73 74 84 25 22 18 21 89
41 38 91 43 52 88 93 97 21 33 25 32 76 35 0 66 65 26 45 92 54 90 87 69 28 60 54 65 18 92 81 17 26 88 88 71 43 36 77 63 82 26 17 47 10 67 80 95 80 37 53 92 86 23 28 98 57 97 10 79 62 39 65 45 86 87 96 86 86 66 18 82 18 49 51 34 12 91 91 93 81 57 94 84 84 82 98 36 17 86 11 17 67 82 93 70 68 81 43 10 58 60 24 79 11
23 84 72 46 78 19 74 34 75 12 19 56 21 93 66 0 25 77 22 39 32 43 52 91 57 38 95 63 48 16 42 32 76 93 44 11 99 50 70 59 93 88 32 53 54 18 59 66 68 22 20 83 70 59 16 55 35 69 45 43 98 91 99 80 32 36 19 31 48 45 42 90 63 81 80 10 10 96 60 24 86 70 14 63 44 79 54 65 24 32 17 74 60 25 98 85 50 77 94 74 85 64 79 80 16
89 20 82 72 84 59 23 39 42 84 57 71 88 74 65 25 0 40 33 57 42 20 32 42 32 81 67 38 89 43 26 56 63 28 49 99 73 40 40 70 77 38 45 78 87 88 34 82 38 55 73 71 90 25 66 48 30 97 26 13 94 53 90 12 65 88 90 78 99 68 59 24 21 58 44 34 72 44 57 53 59 21 35 58 24 71 60 42 66 14 95 53 97 72 42 28 51 49 26 24 80 64 48 47 95
21 24 79 92 95 92 43 14 68 55 51 29 16 35 26 77 40 0 76 34 18 77 72 46 37 88 89 65 48 19 58 24 13 71 24 70 59 36 42 56 15 13 52 67 85 17 10 37 36 83 60 29 35 77 91 10 26 87 58 43 72 31 79 29 37 76 45 48 39 94 29 83 16 91 90 78 52 93 12 31 78 23 53 21 52 88 25 83 96 65 59 14 64 67 14 40 51 71 54 60 18 49 79 53 22
10 10 52 66 75 57 81 23 83 76 66 28 37 97 45 22 33 76 0 46 13 58 94 88 68 17 45 82 92 59 77 85 37 77 47 55 70 73 40 27 53 52 25 87 16 97 99 56 96 87 33 17 54 93 30 32 39 87 65 38 20 15 95 67 98 59 93 15 37 96 66 11 44 73 20 92 16 10 14 46 16 94 50 26 15 89 21 56 86 32 24 49 89 91 30 54 21 53 40 88 24 88 68 21 17
91 33 67 86 47 10 39 12 35 95 38 32 13 61 92 39 57 34 46 0 92 30 72 10 78 89 57 21 13 33 72 65 77 52 34 34 59 10 67 62 87 15 54 81 89 46 35 75 41 64 29 39 45 46 74 93 50 84 43 50 82 82 90 69 63 46 16 86 38 72 88 44 74 44 29 31 53 94 68 20 48 14 84 38 97 41 53 26 39 27 33 65 84 91 24 30 88 63 40 81 41 93 46 64 24
46 88 76 56 81 44 19 74 23 93 28 93 39 97 54 32 42 18 13 92 0 50 98 65 27 36 86 60 64 83 97 48 63 20 58 48 17 80 35 33 50 96 36 45 84 92 46 81 40 13 74 30 70 96 75 79 39 89 31 56 49 96 14 18 28 24 64 36 20 27 12 29 26 35 62 40 56 48 35 54 26 62 10 39 34 37 39 64 84 23 88 92 38 90 32 92 80 29 84 84 69 27 42 46 34
90 52 58 66 87 84 84 15 63 20 41 93 99 41 90 43 20 77 58 30 50 0 24 23 64 77 12 91 26 83 63 52 15 19 91 43 13 32 72 21 74 56 54 60 46 92 36 27 72 29 25 27 99 22 19 20 35 71 69 67 78 24 79 83 27 48 75 52 34 48 15 43 44 15 95 73 37 24 88 54 22 64 14 90 71 43 75 18 22 31 73 62 97 36 67 38 53 86 51 20 87 54 53 91 21
17 31 20 15 89 22 19 15 21 75 72 66 78 29 87 52 32 72 94 72 98 24 0 37 42 77 15 72 84 56 33 82 73 48 62 60 36 35 32 39 50 84 63 48 73 73 82 13 69 18 89 88 53 58 52 42 44 13 60 77 92 94 63 44 73 92 39 49 13 84 51 75 96 40 91 10 16 23 81 81 83 64 23 36 56 64 34 76 35 91 97 84 54 87 26 99 86 86 82 23 64 43 71 39 56
10 94 21 57 37 60 69 72 21 28 49 67 96 19 69 91 42 46 88 10 65 23 37 0 51 12 67 43 12 57 83 87 18 90 70 13 65 22 49 82 42 71 17 98 95 32 85 74 49 72 93 62 25 83 17 39 74 50 93 32 60 42 10 15 66 22 99 40 58 56 73 40 10 59 11 88 46 94 38 85 58 95 18 62 32 21 18 30 51 77 96 76 90 28 15 19 53 92 90 41 92 62 95 38 76
42 46 57 55 36 61 63 16 37 84 90 45 66 13 28 57 32 37 68 78 27 64 42 51 0 42 68 63 63 65 30 87 86 62 55 60 93 14 78 94 24 29 37 44 58 61 11 22 93 25 92 39 95 38 24 86 27 55 91 82 80 23 68 47 98 50 41 46 11 25 84 59 19 36 32 42 70 52 14 56 47 49 78 69 74 92 53 56 71 18 42 78 27 30 60 20 78 53 58 48 27 14 96 59 66
11 36 26 13 63 93 98 53 50 40 13 27 97 53 60 38 81 88 17 89 36 77 77 12 42 0 65 34 42 30 61 30 17 25 67 28 51 48 84 72 26 32 50 66 13 78 51 65 61 92 76 33 75 62 76 65 31 16 61 74 63 42 95 46 52 35 94 93 73 75 55 66 35 42 26 61 87 22 67 80 51 58 61 95 92 85 65 67 37 85 71 82 53 96 95 98 32 30 86 14 29 61 29 38 96
90 51 10 77 99 76 59 91 82 71 64 96 92 28 54 95 67 89 45 57 86 12 15 67 68 65 0 52 26 31 64 70 26 56 32 32 86 71 18 50 89 10 77 72 24 84 52 94 89 29 89 99 67 43 69 29 49 61 57 64 72 92 36 34 11 18 99 69 95 32 88 23 79 23 80 92 33 20 47 23 90 19 74 67 35 22 33 44 80 31 98 27 37 70 91 83 25 48 36 98 95 53 65 40 71
24 16 95 84 60 65 38 31 26 55 67 35 41 23 65 63 38 65 82 21 60 91 72 43 63 34 52 0 82 58 52 58 41 72 76 11 61 43 79 24 97 45 44 21 81 18 86 86 36 10 20 27 57 34 18 65 68 56 73 56 42 47 33 48 64 76 32 51 77 27 38 29 81 80 72 12 12 32 69 72 57 33 62 90 23 72 87 24 83 24 56 51 54 26 18 31 17 31 30 87 22 37 87 11 49
90 56 87 59 77 98 75 99 14 39 39 61 95 23 18 48 89 48 92 13 64 26 84 12 63 42 26 82 0 51 24 30 93 64 23 98 82 48 51 26 21 22 72 88 15 81 40 20 93 78 79 18 19 36 83 89 72 73 43 77 64 97 66 66 78 88 69 16 24 23 66 64 39 89 84 56 38 76 10 67 74 79 25 67 83 29 28 54 29 21 54 64 89 61 94 32 68 69 40 85 59 31 21 90 85
21 64 43 68 46 26 70 14 24 57 56 16 69 17 92 16 43 19 59 33 83 83 56 57 65 30 31 58 51 0 25 56 54 41 46 98 24 36 59 52 44 40 56 28 21 84 29 46 13 97 57 68 33 69 56 78 42 89 76 23 77 77 70 82 51 81 82 61 48 90 76 15 28 53 16 62 97 28 30 28 32 44 43 12 82 68 37 37 61 47 80 30 46 95 51 42 24 92 65 84 19 38 54 11 80
90 16 13 34 95 59 60 45 35 43 98 98 79 84 81 42 26 58 77 72 97 63 33 83 30 61 64 52 24 25 0 38 11 87 24 44 89 94 39 80 90 29 17 11 43 43 23 26 79 93 12 96 72 82 29 80 37 21 70 84 73 47 81 67 10 69 77 23 65 47 15 88 21 50 43 42 53 83 93 32 64 29 10 62 83 22 59 50 79 71 53 55 97 46 68 60 45 71 62 79 53 47 61 98 70
95 92 60 33 52 18 17 10 85 47 69 90 70 33 17 32 56 24 85 65 48 52 82 87 87 30 70 58 30 56 38 0 74 44 63 17 93 74 53 59 19 97 74 28 25 51 44 84 35 53 15 39 26 29 39 27 94 77 21 53 26 32 62 22 90 42 98 61 66 38 48 15 90 25 73 34 73 77 96 49 54 77 18 19 53 59 38 16 94 54 54 70 53 29 91 76 21 30 28 62 75 83 80 60 50
49 92 83 69 35 51 37 72 17 97 81 78 57 81 26 76 63 13 37 77 63 15 73 18 86 17 26 41 93 54 11 74 0 59 56 37 64 17 19 36 31 97 38 83 96 14 77 88 17 23 35 23 86 52 93 54 68 56 40 96 25 34 56 57 49 53 41 73 80 22 47 92 86 53 11 89 45 13 31 56 80 82 45 77 16 66 98 13 15 71 24 39 60 43 67 15 69 41 26 80 40 64 40 52 61
97 82 58 14 73 28 86 43 28 39 60 65 21 59 88 93 28 71 77 52 20 19 48 90 62 25 56 72 64 41 87 44 59 0 90 16 55 76 26 16 74 72 74 63 10 22 38 52 50 30 59 71 51 14 21 71 87 92 68 71 20 92 49 90 59 68 35 63 56 39 29 88 62 56 42 12 88 75 38 37 96 35 59 56 54 10 16 41 61 49 59 38 26 82 55 52 19 16 23 24 55 50 71 64 36
15 83 89 87 67 68 75 52 27 58 17 15 60 84 88 44 49 24 47 34 58 91 62 70 55 67 32 76 23 46 24 63 56 90 0 65 40 98 86 87 74 53 31 32 55 49 75 10 85 74 67 13 51 35 77 81 11 74 17 59 41 28 61 48 94 10 19 61 64 26 83 48 65 60 78 30 59 16 89 23 26 24 90 77 54 57 23 61 94 75 82 18 25 36 90 19 45 78 18 57 95 24 37 83 86
79 82 68 83 46 34 24 56 61 44 14 74 86 64 71 11 99 70 55 34 48 43 60 13 60 28 32 11 98 98 44 17 37 16 65 0 19 43 83 52 55 47 24 20 63 88 13 76 38 39 69 35 21 20 90 83 17 82 30 68 97 83 57 74 55 81 58 58 26 45 87 78 18 89 46 96 14 35 56 17 58 51 17 13 55 79 65 96 69 55 37 86 46 55 17 62 43 26 16 44 69 88 15 56 87
52 45 97 72 37 82 92 14 43 66 35 28 25 31 43 99 73 59 70 59 17 13 36 65 93 51 86 61 82 24 89 93 64 55 40 19 0 67 24 47 14 50 81 64 75 50 42 93 76 59 17 23 33 93 72 63 38 51 11 59 80 62 18 92 32 49 59 85 71 53 81 15 67 73 85 93 12 80 48 93 82 18 37 96 30 60 10 99 39 17 15 53 43 41 37 43 96 70 36 72 39 44 42 46 71
79 13 47 90 88 65 87 62 80 51 46 54 82 74 36 50 40 36 73 10 80 32 35 22 14 48 71 43 48 36 94 74 17 76 98 43 67 0 29 72 10 21 97 22 28 30 28 49 23 72 56 83 13 81 27 50 65 83 81 52 17 75 35 51 59 55 78 20 61 50 65 72 87 49 40 30 73 68 22 17 49 12 38 21 86 61 76 51 43 91 99 29 74 89 56 28 16 17 63 45 59 12 49 95 10
10 61 90 23 85 83 34 36 16 75 43 86 96 80 77 70 40 42 40 67 35 72 32 49 78 84 18 79 51 59 39 53 19 26 86 83 24 29 0 98 20 30 34 12 20 86 20 74 82 28 68 49 45 34 45 99 80 82 70 31 69 26 85 94 64 28 76 21 93 73 61 62 48 71 32 59 75 25 62 84 75 62 93 70 31 43 27 93 97 73 62 33 73 46 22 66 16 84 32 25 58 44 50 57 40
75 21 16 98 70 71 82 88 92 26 20 79 65 84 63 59 70 56 27 62 33 21 39 82 94 72 50 24 26 52 80 59 36 16 87 52 47 72 98 0 12 36 62 24 20 43 30 61 61 75 94 57 39 98 56 89 53 77 60 67 94 87 16 64 21 42 59 45 93 60 32 44 65 69 28 19 88 88 19 74 19 11 26 98 48 49 59 45 97 37 90 53 46 60 12 86 83 36 50 41 90 56 21 95 23
53 22 49 27 46 99 50 73 45 75 85 78 91 23 82 93 77 15 53 87 50 74 50 42 24 26 89 97 21 44 90 19 31 74 74 55 14 10 20 12 0 83 62 24 82 42 15 29 80 35 10 25 14 32 12 36 26 27 31 36 97 80 81 69 47 47 73 80 94 52 76 78 12 10 87 28 49 40 41 37 99 26 89 22 48 55 14 90 93 88 97 56 73 34 94 92 56 76 41 59 38 35 37 26 83
91 31 42 57 78 80 17 99 98 38 42 48 48 59 26 88 38 13 52 15 96 56 84 71 29 32 10 45 22 40 29 97 97 72 53 47 50 21 30 36 83 0 65 56 88 59 43 14 64 67 92 70 27 82 14 61 40 26 74 93 38 53 34 71 20 95 60 56 23 62 24 20 31 92 43 22 49 48 20 94 40 90 11 68 80 50 67 39 28 44 69 69 39 85 77 21 78 75 64 83 70 78 88 37 44
74 26 90 47 34 90 60 39 18 41 56 90 86 68 17 32 45 52 25 54 36 54 63 17 37 50 77 44 72 56 17 74 38 74 31 24 81 97 34 62 62 65 0 91 80 49 88 33 82 11 21 81 20 59 35 32 24 58 44 78 74 50 93 68 96 41 54 53 57 90 62 82 23 95 28 12 59 69 68 71 91 32 58 82 64 19 82 92 69 86 86 45 37 76 84 17 51 72 63 73 71 69 60 22 14
24 50 48 76 74 92 24 78 58 78 40 55 24 51 47 53 78 67 87 81 45 60 48 98 44 66 72 21 88 28 11 28 83 63 32 20 64 22 12 24 24 56 91 0 59 99 64 11 44 81 17 20 69 82 89 24 16 76 86 67 42 97 57 32 36 55 43 97 80 60 23 66 82 30 19 47 72 47 58 13 57 71 64 75 73 98 45 41 61 85 30 37 43 65 54 14 66 64 57 31 64 95 28 70 77
29 94 48 79 13 65 36 99 89 26 40 85 32 27 10 54 87 85 16 89 84 46 73 95 58 13 24 81 15 21 43 25 96 10 55 63 75 28 20 20 82 88 80 59 0 19 16 16 25 52 44 40 49 78 57 60 61 15 54 15 47 36 79 99 77 35 70 41 93 63 51 68 80 77 18 14 52 43 50 56 54 89 68 77 58 98 71 29 32 49 54 56 98 50 37 74 21 39 98 50 66 14 41 58 81
71 96 76 47 15 83 85 20 82 81 46 46 50 65 67 18 88 17 97 46 92 92 73 32 61 78 84 18 81 84 43 51 14 22 49 88 50 30 86 43 42 59 49 99 19 0 32 35 23 41 63 17 14 46 84 31 38 97 74 32 36 26 86 69 37 16 26 55 49 89 37 18 39 58 11 69 75 86 23 18 87 85 98 94 58 73 21 47 46 92 39 57 86 72 79 47 33 41 62 73 24 68 29 39 17
26 11 43 44 27 62 66 73 76 11 45 58 15 82 80 59 34 10 99 35 46 36 82 85 11 51 52 86 40 29 23 44 77 38 75 13 42 28 20 30 15 43 88 64 16 32 0 61 38 74 48 84 84 48 58 33 72 65 32 40 54 56 45 52 54 99 68 35 40 25 27 62 73 81 86 69 38 81 54 27 23 43 50 10 72 97 59 49 51 26 89 75 10 40 66 74 89 15 62 61 37 52 55 69 86
80 14 55 64 41 30 38 88 53 77 41 29 27 18 95 66 82 37 56 75 81 27 13 74 22 65 94 86 20 46 26 84 88 52 10 76 93 49 74 61 29 14 33 11 16 35 61 0 37 66 45 28 15 64 57 35 65 87 39 23 74 49 38 56 32 46 67 51 60 95 71 93 66 31 77 51 33 29 82 57 44 92 91 64 60 21 11 62 66 95 50 86 72 18 48 33 90 62 75 79 23 56 99 84 64
93 70 15 91 71 65 26 24 98 57 88 25 18 88 80 68 38 36 96 41 40 72 69 49 93 61 89 36 93 13 79 35 17 50 85 38 76 23 82 61 80 64 82 44 25 23 38 37 0 50 68 73 75 23 23 92 65 27 97 55 45 61 97 15 77 30 60 15 63 32 86 73 78 51 73 11 77 87 14 45 86 70 10 38 68 25 31 14 14 93 19 32 14 41 51 23 81 90 26 78 44 36 18 31 62
55 12 36 10 27 11 66 20 53 60 22 33 71 62 37 22 55 83 87 64 13 29 18 72 25 92 29 10 78 97 93 53 23 30 74 39 59 72 28 75 35 67 11 81 52 41 74 66 50 0 79 95 22 23 51 33 50 73 39 96 39 30 12 50 43 66 34 36 91 33 51 27 55 97 62 77 82 99 11 67 73 25 87 28 23 57 52 63 77 87 86 41 24 42 85 39 89 32 57 71 85 41 83 85 42
98 70 53 54 39 20 75 43 61 27 39 61 60 22 53 20 73 60 33 29 74 25 89 93 92 76 89 20 79 57 12 15 35 59 67 69 17 56 68 94 10 92 21 17 44 63 48 45 68 79 0 79 55 44 33 86 21 66 28 27 51 21 91 24 15 99 44 32 22 28 25 46 49 74 10 92 82 50 95 25 11 15 14 16 47 54 16 55 52 31 68 53 22 75 99 57 31 52 10 88 89 28 92 42 31
55 26 36 59 57 73 13 78 22 37 99 55 35 16 92 83 71 29 17 39 30 27 88 62 39 33 99 27 18 68 96 39 23 71 13 35 23 83 49 57 25 70 81 20 40 17 84 28 73 95 79 0 54 79 42 96 51 69 96 72 32 22 98 80 80 64 37 25 97 79 77 77 67 13 29 38 70 50 70 57 67 56 90 57 20 79 73 81 46 81 30 32 21 16 67 56 14 48 54 49 51 59 13 49 25
70 84 14 46 22 95 27 16 41 54 20 89 36 73 86 70 90 35 54 45 70 99 53 25 95 75 67 57 19 33 72 26 86 51 51 21 33 13 45 39 14 27 20 69 49 14 84 15 75 22 55 54 0 36 54 57 56 91 29 55 66 11 63 73 32 91 88 23 61 12 23 39 44 37 96 62 75 26 94 73 29 39 17 43 59 60 63 17 37 35 26 36 78 31 89 31 22 65 10 32 51 69 94 79 47
45 71 66 31 96 68 14 97 84 63 41 28 91 18 23 59 25 77 93 46 96 22 58 83 38 62 43 34 36 69 82 29 52 14 35 20 93 81 34 98 32 82 59 82 78 46 48 64 23 23 44 79 36 0 76 66 16 98 92 45 22 13 84 76 42 26 58 17 97 82 44 31 20 57 47 72 94 43 71 78 87 25 94 54 88 31 64 10 23 40 99 68 31 87 63 81 40 52 88 30 61 92 23 38 72
90 46 21 93 30 43 88 61 76 69 58 91 61 84 28 16 66 91 30 74 75 19 52 17 24 76 69 18 83 56 29 39 93 21 77 90 72 27 45 56 12 14 35 89 57 84 58 57 23 51 33 42 54 76 0 55 17 30 31 89 91 93 75 32 10 74 64 95 54 40 53 21 85 57 53 43 56 18 75 23 55 67 37 12 23 90 36 58 80 17 45 97 52 89 47 43 62 56 56 23 85 23 93 77 38
28 69 94 77 50 25 91 26 12 43 35 98 87 18 98 55 48 10 32 93 79 20 42 39 86 65 29 65 89 78 80 27 54 71 81 83 63 50 99 89 36 61 32 24 60 31 33 35 92 33 86 96 57 66 55 0 70 85 94 93 26 30 67 34 75 71 99 36 16 15 93 17 44 13 24 67 45 16 50 15 13 12 90 73 99 34 16 78 94 22 49 94 75 36 11 84 42 63 47 43 23 96 96 41 14
60 40 12 86 43 20 52 59 83 58 51 59 76 42 57 35 30 26 39 50 39 35 44 74 27 31 49 68 72 42 37 94 68 87 11 17 38 65 80 53 26 40 24 16 61 38 72 65 65 50 21 51 56 16 17 70 0 15 80 29 46 67 86 94 47 39 18 37 61 82 19 18 63 92 64 32 55 70 55 99 71 26 23 28 88 42 91 22 59 48 83 55 71 61 35 79 45 61 30 54 25 62 88 64 39
34 38 63 39 20 33 49 98 19 37 76 76 13 22 97 69 97 87 87 84 89 71 13 50 55 16 61 56 73 89 21 77 56 92 74 82 51 83 82 77 27 26 58 76 15 97 65 87 27 73 66 69 91 98 30 85 15 0 29 75 19 17 69 23 34 24 28 67 28 88 19 19 44 27 33 79 18 54 89 31 84 68 28 90 12 71 90 36 40 30 70 14 14 81 65 80 49 28 19 90 46 35 14 79 55
35 41 51 58 55 17 38 69 43 77 55 98 63 98 10 45 26 58 65 43 31 69 60 93 91 61 57 73 43 76 70 21 40 68 17 30 11 81 70 60 31 74 44 86 54 74 32 39 97 39 28 96 29 92 31 94 80 29 0 78 54 73 80 19 33 35 79 45 21 18 58 24 25 27 42 90 96 95 38 72 30 16 34 49 44 23 34 93 27 36 28 32 86 83 97 29 13 31 68 88 46 94 25 86 49
36 60 70 23 57 97 49 65 18 57 27 90 88 24 79 43 13 43 38 50 56 67 77 32 82 74 64 56 77 23 84 53 96 71 59 68 59 52 31 67 36 93 78 67 15 32 40 23 55 96 27 72 55 45 89 93 29 75 78 0 74 81 99 72 19 71 30 98 49 54 34 63 40 76 65 40 41 76 41 26 38 84 91 78 25 47 94 24 78 46 72 85 73 89 94 42 70 22 16 17 85 26 34 32 92
97 57 71 81 32 35 87 56 51 97 53 27 78 91 62 98 94 72 20 82 49 78 92 60 80 63 72 42 64 77 73 26 25 20 41 97 80 17 69 94 97 38 74 42 47 36 54 74 45 39 51 32 66 22 91 26 46 19 54 74 0 97 61 14 59 75 45 86 95 68 35 97 90 82 64 89 69 59 68 30 23 10 66 45 35 47 25 20 21 84 39 46 77 14 56 42 68 40 48 78 84 37 72 56 25
25 14 58 78 97 77 37 30 27 50 14 56 44 52 39 91 53 31 15 82 96 24 94 42 23 42 92 47 97 77 47 32 34 92 28 83 62 75 26 87 80 53 50 97 36 26 56 49 61 30 21 22 11 13 93 30 67 17 73 81 97 0 23 34 71 73 81 53 59 81 78 11 97 46 10 43 89 74 78 31 13 56 34 17 24 83 85 72 75 42 23 89 72 65 25 40 57 79 18 92 65 68 46 28 23
81 14 28 82 62 88 30 31 61 71 34 28 96 19 65 99 90 79 95 90 14 79 63 10 68 95 36 33 66 70 81 62 56 49 61 57 18 35 85 16 81 34 93 57 79 86 45 38 97 12 91 98 63 84 75 67 86 69 80 99 61 23 0 89 59 56 52 98 19 77 52 21 27 93 53 91 31 66 79 39 89 19 50 73 19 87 42 81 68 73 51 44 30 16 27 61 55 30 36 61 55 89 61 45 69
37 89 90 79 37 97 25 20 88 38 97 66 92 21 45 80 12 29 67 69 18 83 44 15 47 46 34 48 66 82 67 22 57 90 48 74 92 51 94 64 69 71 68 32 99 69 52 56 15 50 24 80 73 76 32 34 94 23 19 72 14 34 89 0 75 36 67 71 81 96 91 96 42 19 74 33 38 11 71 85 93 59 46 86 17 85 87 81 39 30 90 54 86 29 80 45 56 58 95 76 33 86 99 63 37
20 55 99 51 82 19 17 76 12 59 42 25 51 69 86 32 65 37 98 63 28 27 73 66 98 52 11 64 78 51 10 90 49 59 94 55 32 59 64 21 47 20 96 36 77 37 54 32 77 43 15 80 32 42 10 75 47 34 33 19 59 71 59 75 0 14 51 92 80 74 20 15 33 98 60 54 45 40 28 39 56 75 39 72 36 13 50 24 13 56 23 85 62 31 29 34 11 84 55 77 15 76 84 87 89
93 29 69 98 66 10 26 47 56 62 12 61 93 95 87 36 88 76 59 46 24 48 92 22 50 35 18 76 88 81 69 42 53 68 10 81 49 55 28 42 47 95 41 55 35 16 99 46 30 66 99 64 91 26 74 71 39 24 35 71 75 73 56 36 14 0 36 28 81 95 67 20 76 43 46 29 54 21 12 51 67 68 70 23 93 49 34 37 14 78 47 48 18 10 29 84 23 90 81 14 65 38 35 22 16
60 70 66 89 45 85 38 84 62 24 31 28 76 45 96 19 90 45 93 16 64 75 39 99 41 94 99 32 69 82 77 98 41 35 19 58 59 78 76 59 73 60 54 43 70 26 68 67 60 34 44 37 88 58 64 99 18 28 79 30 45 81 52 67 51 36 0 74 17 85 55 31 30 18 48 86 87 31 60 36 18 38 26 46 39 60 51 42 84 31 37 37 99 33 43 43 46 68 98 19 37 39 39 98 33
38 23 85 10 32 89 36 76 61 42 55 37 57 73 86 31 78 48 15 86 36 52 49 40 46 93 69 51 16 61 23 61 73 63 61 58 85 20 21 45 80 56 53 97 41 55 35 51 15 36 32 25 23 17 95 36 37 67 45 98 86 53 98 71 92 28 74 0 91 52 55 88 61 33 94 38 33 72 82 60 58 55 80 94 77 31 21 61 15 84 81 29 37 39 46 22 86 10 74 28 12 43 54 21 75
93 14 22 61 67 57 12 37 93 28 81 82 89 29 86 48 99 39 37 38 20 34 13 58 11 73 95 77 24 48 65 66 80 56 64 26 71 61 93 93 94 23 57 80 93 49 40 60 63 91 22 97 61 97 54 16 61 28 21 49 95 59 19 81 80 81 17 91 0 33 74 80 91 36 54 98 75 97 44 92 67 92 20 88 98 98 97 67 21 40 85 97 80 79 73 17 96 11 29 60 29 19 90 65 65
96 17 88 70 90 77 37 18 98 62 94 60 66 35 66 45 68 94 96 72 27 48 84 56 25 75 32 27 23 90 47 38 22 39 26 45 53 50 73 60 52 62 90 60 63 89 25 95 32 33 28 79 12 82 40 15 82 88 18 54 68 81 77 96 74 95 85 52 33 0 34 84 33 94 85 56 74 51 94 30 42 98 92 74 46 53 51 22 19 10 93 80 46 25 50 94 62 45 10 92 93 26 69 82 30
56 79 58 27 66 55 83 46 98 74 20 93 37 40 18 42 59 29 66 88 12 15 51 73 84 55 88 38 66 76 15 48 47 29 83 87 81 65 61 32 76 24 62 23 51 37 27 71 86 51 25 77 23 44 53 93 19 19 58 34 35 78 52 91 20 67 55 55 74 34 0 92 36 75 60 95 90 43 22 20 84 40 84 65 18 42 59 11 18 60 70 37 82 35 38 47 97 30 10 40 69 76 81 92 19
78 18 41 95 68 84 85 89 11 27 82 77 49 14 82 90 24 83 11 44 29 43 75 40 59 66 23 29 64 15 88 15 92 88 48 78 15 72 62 44 78 20 82 66 68 18 62 93 73 27 46 77 39 31 21 17 18 19 24 63 97 11 21 96 15 20 31 88 80 84 92 0 35 24 56 21 26 69 73 12 80 36 41 36 79 21 56 13 74 92 94 78 46 34 62 79 18 78 92 84 71 72 52 16 15
22 93 37 74 62 51 89 82 93 91 71 26 92 60 18 63 21 16 44 74 26 44 96 10 19 35 79 81 39 28 21 90 86 62 65 18 67 87 48 65 12 31 23 82 80 39 73 66 78 55 49 67 44 20 85 44 63 44 25 40 90 97 27 42 33 76 30 61 91 33 36 35 0 94 41 38 14 37 45 31 78 29 21 59 55 80 14 19 21 46 99 80 29 87 44 11 22 57 81 50 91 42 90 90 56
66 60 57 70 73 24 49 87 94 71 80 43 39 50 49 81 58 91 73 44 35 15 40 59 36 42 23 80 89 53 50 25 53 56 60 89 73 49 71 69 10 92 95 30 77 58 81 31 51 97 74 13 37 57 57 13 92 27 27 76 82 46 93 19 98 43 18 33 36 94 75 24 94 0 85 90 83 25 93 97 69 83 79 17 62 97 96 25 52 72 63 22 39 51 17 44 52 79 15 27 42 10 20 78 64
89 85 34 70 48 16 54 53 55 86 91 32 10 57 51 80 44 90 20 29 62 95 91 11 32 26 80 72 84 16 43 73 11 42 78 46 85 40 32 28 87 43 28 19 18 11 86 77 73 62 10 29 96 47 53 24 64 33 42 65 64 10 53 74 60 46 48 94 54 85 60 56 41 85 0 86 22 54 29 17 26 77 30 97 11 34 67 23 22 16 84 99 62 52 23 38 60 34 56 11 71 45 95 30 48
95 12 89 77 75 76 67 79 65 89 88 92 14 61 34 10 34 78 92 31 40 73 10 88 42 61 92 12 56 62 42 34 89 12 30 96 93 30 59 19 28 22 12 47 14 69 69 51 11 77 92 38 62 72 43 67 32 79 90 40 89 43 91 33 54 29 86 38 98 56 95 21 38 90 86 0 28 68 84 17 51 83 75 12 34 45 93 90 78 81 75 43 42 35 96 79 90 34 57 45 25 24 74 45 54
29 56 48 97 54 47 30 10 36 10 41 52 31 54 12 10 72 52 16 53 56 37 16 46 70 87 33 12 38 97 53 73 45 88 59 14 12 73 75 88 49 49 59 72 52 75 38 33 77 82 82 70 75 94 56 45 55 18 96 41 69 89 31 38 45 54 87 33 75 74 90 26 14 83 22 28 0 44 90 25 76 48 17 76 30 34 12 75 66 11 39 16 85 94 68 66 93 29 89 81 57 80 29 17 31
84 97 64 36 82 23 43 30 22 54 26 85 78 51 91 96 44 93 10 94 48 24 23 94 52 22 20 32 76 28 83 77 13 75 16 35 80 68 25 88 40 48 69 47 43 86 81 29 87 99 50 50 26 43 18 16 70 54 95 76 59 74 66 11 40 21 31 72 97 51 43 69 37 25 54 68 44 0 34 61 95 29 49 93 42 31 92 94 60 64 85 70 92 46 47 65 35 31 69 89 52 44 48 98 49
79 43 35 17 29 76 24 57 38 94 69 49 60 41 91 60 57 12 14 68 35 88 81 38 14 67 47 69 10 30 93 96 31 38 89 56 48 22 62 19 41 20 68 58 50 23 54 82 14 11 95 70 94 71 75 50 55 89 38 41 68 78 79 71 28 12 60 82 44 94 22 73 45 93 29 84 90 34 0 68 30 88 65 49 12 74 29 99 92 97 14 65 42 47 35 28 44 64 84 78 38 11 53 10 51
20 65 64 50 95 74 45 69 95 98 68 36 39 31 93 24 53 31 46 20 54 54 81 85 56 80 23 72 67 28 32 49 56 37 23 17 93 17 84 74 37 94 71 13 56 18 27 57 45 67 25 57 73 78 23 15 99 31 72 26 30 31 39 85 39 51 36 60 92 30 20 12 31 97 17 17 25 61 68 0 85 52 64 67 92 57 70 93 42 87 78 82 17 43 54 26 70 52 67 45 18 48 73 20 34
43 80 88 85 10 55 70 47 10 32 68 28 73 10 81 86 59 78 16 48 26 22 83 58 47 51 90 57 74 32 64 54 80 96 26 58 82 49 75 19 99 40 91 57 54 87 23 44 86 73 11 67 29 87 55 13 71 84 30 38 23 13 89 93 56 67 18 58 67 42 84 80 78 69 26 51 76 95 30 85 0 24 36 10 73 60 26 87 18 73 56 13 32 99 94 49 79 57 60 82 88 97 30 65 39
78 22 97 33 93 64 71 35 16 12 89 61 97 66 57 70 21 23 94 14 62 64 64 95 49 58 19 33 79 44 29 77 82 35 24 51 18 12 62 11 26 90 32 71 89 85 43 92 70 25 15 56 39 25 67 12 26 68 16 84 10 56 19 59 75 68 38 55 92 98 40 36 29 83 77 83 48 29 88 52 24 0 58 48 30 48 68 34 62 74 18 83 87 70 66 31 34 94 58 21 66 79 41 86 99
74 14 17 45 68 30 41 75 38 64 38 36 83 49 94 14 35 53 50 84 10 14 23 18 78 61 74 62 25 43 10 18 45 59 90 17 37 38 93 26 89 11 58 64 68 98 50 91 10 87 14 90 17 94 37 90 23 28 34 91 66 34 50 46 39 70 26 80 20 92 84 41 21 79 30 75 17 49 65 64 36 58 0 85 47 53 71 45 20 86 99 28 35 58 41 29 77 99 92 63 83 68 87 21 64
53 16 30 39 55 94 70 82 30 21 19 92 34 14 84 63 58 21 26 38 39 90 36 62 69 95 67 90 67 12 62 19 77 56 77 13 96 21 70 98 22 68 82 75 77 94 10 64 38 28 16 57 43 54 12 73 28 90 49 78 45 17 73 86 72 23 46 94 88 74 65 36 59 17 97 12 76 93 49 67 10 48 85 0 64 59 33 16 79 15 37 77 31 57 36 97 17 29 67 51 29 46 74 17 92
14 61 96 17 24 21 25 36 23 61 72 14 35 37 84 44 24 52 15 97 34 71 56 32 74 92 35 23 83 82 83 53 16 54 54 55 30 86 31 48 48 80 64 73 58 58 72 60 68 23 47 20 59 88 23 99 88 12 44 25 35 24 19 17 36 93 39 77 98 46 18 79 55 62 11 34 30 42 12 92 73 30 47 64 0 58 43 82 54 62 47 87 46 42 29 99 78 64 64 10 32 78 91 83 71
13 28 73 61 58 82 26 96 15 48 72 83 46 64 82 79 71 88 89 41 37 43 64 21 92 85 22 72 29 68 22 59 66 10 57 79 60 61 43 49 55 50 19 98 98 73 97 21 25 57 54 79 60 31 90 34 42 71 23 47 47 83 87 85 13 49 60 31 98 53 42 21 80 97 34 45 34 31 74 57 60 48 53 59 58 0 72 74 96 35 30 95 80 10 49 62 21 95 91 19 84 57 18 12 25
12 25 29 65 12 61 19 84 86 66 43 44 56 84 98 54 60 25 21 53 39 75 34 18 53 65 33 87 28 37 59 38 98 16 23 65 10 76 27 59 14 67 82 45 71 21 59 11 31 52 16 73 63 64 36 16 91 90 34 94 25 85 42 87 50 34 51 21 97 51 59 56 14 96 67 93 12 92 29 70 26 68 71 33 43 72 0 58 94 40 77 43 27 76 32 32 76 43 70 34 29 27 51 92 55
73 30 78 98 99 12 97 76 30 72 15 92 25 98 36 65 42 83 56 26 64 18 76 30 56 67 44 24 54 37 50 16 13 41 61 96 99 51 93 45 90 39 92 41 29 47 49 62 14 63 55 81 17 10 58 78 22 36 93 24 20 72 81 81 24 37 42 61 67 22 11 13 19 25 23 90 75 94 99 93 87 34 45 16 82 74 58 0 24 34 98 61 32 66 69 32 61 22 38 69 54 81 56 44 91
53 60 22 83 24 82 55 97 39 91 14 42 36 34 17 24 66 96 86 39 84 22 35 51 71 37 80 83 29 61 79 94 15 61 94 69 39 43 97 97 93 28 69 61 32 46 51 66 14 77 52 46 37 23 80 94 59 40 27 78 21 75 68 39 13 14 84 15 21 19 18 74 21 52 22 78 66 60 92 42 18 62 20 79 54 96 94 24 0 95 75 67 88 81 16 46 35 16 70 22 94 47 36 99 57
38 21 59 73 27 73 36 63 43 15 23 23 90 74 86 32 14 65 32 27 23 31 91 77 18 85 31 24 21 47 71 54 71 49 75 55 17 91 73 37 88 44 86 85 49 92 26 95 93 87 31 81 35 40 17 22 48 30 36 46 84 42 73 30 56 78 31 84 40 10 60 92 46 72 16 81 11 64 97 87 73 74 86 15 62 35 40 34 95 0 47 93 16 59 52 23 28 91 46 72 80 95 59 63 53
13 17 45 91 22 51 50 61 98 51 65 47 10 40 11 17 95 59 24 33 88 73 97 96 42 71 98 56 54 80 53 54 24 59 82 37 15 99 62 90 97 69 86 30 54 39 89 50 19 86 68 30 26 99 45 49 83 70 28 72 39 23 51 90 23 47 37 81 85 93 70 94 99 63 84 75 39 85 14 78 56 18 99 37 47 30 77 98 75 47 0 44 73 67 45 33 38 47 69 71 40 56 16 68 13
16 86 48 65 81 40 16 15 26 66 81 14 68 65 17 74 53 14 49 65 92 62 84 76 78 82 27 51 64 30 55 70 39 38 18 86 53 29 33 53 56 69 45 37 56 57 75 86 32 41 53 32 36 68 97 94 55 14 32 85 46 89 44 54 85 48 37 29 97 80 37 78 80 22 99 43 16 70 65 82 13 83 28 77 87 95 43 61 67 93 44 0 66 17 70 89 69 49 41 12 61 72 83 79 46
40 27 68 78 45 14 66 89 35 80 26 73 60 53 67 60 97 64 89 84 38 97 54 90 27 53 37 54 89 46 97 53 60 26 25 46 43 74 73 46 73 39 37 43 98 86 10 72 14 24 22 21 78 31 52 75 71 14 86 73 77 72 30 86 62 18 99 37 80 46 82 46 29 39 62 42 85 92 42 17 32 87 35 31 46 80 27 32 88 16 73 66 0 90 53 19 93 76 38 17 59 81 71 10 21
79 30 19 91 49 77 60 77 73 80 80 61 18 13 82 25 72 67 91 91 90 36 87 28 30 96 70 26 61 95 46 29 43 82 36 55 41 89 46 60 34 85 76 65 50 72 40 18 41 42 75 16 31 87 89 36 61 81 83 89 14 65 16 29 31 10 33 39 79 25 35 34 87 51 52 35 94 46 47 43 99 70 58 57 42 10 76 66 81 59 67 17 90 0 95 79 91 96 83 18 95 20 42 85 57
97 40 77 21 70 14 56 56 77 80 24 58 47 16 93 98 42 14 30 24 32 67 26 15 60 95 91 18 94 51 68 91 67 55 90 17 37 56 22 12 94 77 84 54 37 79 66 48 51 85 99 67 89 63 47 11 35 65 97 94 56 25 27 80 29 29 43 46 73 50 38 62 44 17 23 96 68 47 35 54 94 66 41 36 29 49 32 69 16 52 45 70 53 95 0 82 85 81 36 92 56 48 26 84 40
68 85 48 51 98 78 57 16 29 11 12 97 84 34 70 85 28 40 54 30 92 38 99 19 20 98 83 31 32 42 60 76 15 52 19 62 43 28 66 86 92 21 17 14 74 47 74 33 23 39 57 56 31 81 43 84 79 80 29 42 42 40 61 45 34 84 43 22 17 94 47 79 11 44 38 79 66 65 28 26 49 31 29 97 99 62 32 32 46 23 33 89 19 79 82 0 31 13 46 87 15 78 54 96 45
62 58 82 27 99 27 20 48 60 50 32 91 23 51 68 50 51 51 21 88 80 53 86 53 78 32 25 17 68 24 45 21 69 19 45 43 96 16 16 83 56 78 51 66 21 33 89 90 81 89 31 14 22 40 62 42 45 49 13 70 68 57 55 56 11 23 46 86 96 62 97 18 22 52 60 90 93 35 44 70 79 34 77 17 78 21 76 61 35 28 38 69 93 91 85 31 0 61 83 88 89 46 81 22 77
61 25 82 67 30 22 46 25 12 24 74 46 55 73 81 77 49 71 53 63 29 86 86 92 53 30 48 31 69 92 71 30 41 16 78 26 70 17 84 36 76 75 72 64 39 41 15 62 90 32 52 48 65 52 56 63 61 28 31 22 40 79 30 58 84 90 68 10 11 45 30 78 57 79 34 34 29 31 64 52 57 94 99 29 64 95 43 22 16 91 47 49 76 96 81 13 61 0 25 46 84 47 94 55 61
12 32 72 35 22 28 75 53 13 22 39 91 35 74 43 94 26 54 40 40 84 51 82 90 58 86 36 30 40 65 62 28 26 23 18 16 36 63 32 50 41 64 63 57 98 62 62 75 26 57 10 54 10 88 56 47 30 19 68 16 48 18 36 95 55 81 98 74 29 10 10 92 81 15 56 57 89 69 84 67 60 58 92 67 64 91 70 38 70 46 69 41 38 83 36 46 83 25 0 97 67 87 70 72 29
28 16 98 68 70 50 65 76 25 94 93 34 47 84 10 74 24 60 88 81 84 20 23 41 48 14 98 87 85 84 79 62 80 24 57 44 72 45 25 41 59 83 73 31 50 73 61 79 78 71 88 49 32 30 23 43 54 90 88 17 78 92 61 76 77 14 19 28 60 92 40 84 50 27 11 45 81 89 78 45 82 21 63 51 10 19 34 69 22 72 71 12 17 18 92 87 88 46 97 0 63 73 31 98 87
27 51 17 63 92 11 46 64 50 83 61 69 73 25 58 85 80 18 24 41 69 87 64 92 27 29 95 22 59 19 53 75 40 55 95 69 39 59 58 90 38 70 71 64 66 24 37 23 44 85 89 51 51 61 85 23 25 46 46 85 84 65 55 33 15 65 37 12 29 93 69 71 91 42 71 25 57 52 38 18 88 66 83 29 32 84 29 54 94 80 40 61 59 95 56 15 89 84 67 63 0 85 82 51 36
75 64 32 13 15 90 50 80 29 30 44 82 20 22 60 64 64 49 88 93 27 54 43 62 14 61 53 37 31 38 47 83 64 50 24 88 44 12 44 56 35 78 69 95 14 68 52 56 36 41 28 59 69 92 23 96 62 35 94 26 37 68 89 86 76 38 39 43 19 26 76 72 42 10 45 24 80 44 11 48 97 79 68 46 78 57 27 81 47 95 56 72 81 20 48 78 46 47 87 73 85 0 53 46 75
13 13 64 85 26 80 12 47 43 42 72 28 20 18 24 79 48 79 68 46 42 53 71 95 96 29 65 87 21 54 61 80 40 71 37 15 42 49 50 21 37 88 60 28 41 29 55 99 18 83 92 13 94 23 93 96 88 14 25 34 72 46 61 99 84 35 39 54 90 69 81 52 90 20 95 74 29 48 53 73 30 41 87 74 91 18 51 56 36 59 16 83 71 42 26 54 81 94 70 31 82 53 0 87 26
50 57 57 52 84 85 88 44 64 51 25 41 99 21 79 80 47 53 21 64 46 91 39 38 59 38 40 11 90 11 98 60 52 64 83 56 46 95 57 95 26 37 22 70 58 39 69 84 31 85 42 49 79 38 77 41 64 79 86 32 56 28 45 63 87 22 98 21 65 82 92 16 90 78 30 45 17 98 10 20 65 86 21 17 83 12 92 44 99 63 68 79 10 85 84 96 22 55 72 98 51 46 87 0 92
78 90 48 19 63 82 29 94 64 64 15 26 73 89 11 16 95 22 17 24 34 21 56 76 66 96 71 49 85 80 70 50 61 36 86 87 71 10 40 23 83 44 14 77 81 17 86 64 62 42 31 25 47 72 38 14 39 55 49 92 25 23 69 37 89 16 33 75 65 30 19 15 56 64 48 54 31 49 51 34 39 99 64 92 71 25 55 91 57 53 13 46 21 57 40 45 77 61 29 87 36 75 26 92 0