115
0 67 90 15 39 48 37 91 48 68 36 84 40 10 31 54 83 74 93 29 87 14 20 18 62 86 90 42 39 38 41 94 61 38 10 76 30 73 42 71 15 63 44 10 87 48 68 20 16 33 80 55 46 54 88 61 62 22 63 95 55 93 11 66 14 41 80 16 96 72 82 30 20 20 15 26 16 55 59 17 27 92 51 74 63 92 31 77 55 33 36 90 82 41 86 56 58 74 55 32 71 81 28 56 76 37 82 93 44 86 49 38 18 74 82
67 0 79 49 29 61 12 88 98 18 56 22 47 85 99 38 94 50 84 23 96 16 21 78 38 75 13 61 82 55 91 94 18 41 47 65 62 77 23 62 22 62 90 23 92 41 56 32 51 20 76 76 29 55 39 20 77 62 53 91 17 44 95 65 54 59 99 71 69 11 24 46 77 91 12 71 92 87 59 88 23 81 27 38 66 23 85 14 36 12 25 50 93 94 25 90 72 62 62 73 55 17 82 13 45 40 67 64 66 77 13 43 56 74 31
90 79 0 79 34 37 82 76 87 85 24 48 57 94 29 38 58 11 69 43 58 90 12 58 22 72 75 13 30 79 98 11 88 75 77 69 61 62 20 59 75 10 45 50 61 44 86 23 50 82 84 98 76 95 14 71 98 12 45 50 69 54 49 61 53 76 17 47 20 13 61 71 25 52 40 91 37 79 41 89 11 31 37 36 51 72 68 95 35 87 51 31 72 93 80 13 30 28 48 25 71 52 56 19 95 89 54 95 34 25 31 13 26 19 39
15 49 79 0 97 11 41 57 21 29 85 32 55 72 75 49 55 33 24 32 54 57 15 55 38 22 45 14 96 67 78 58 14 35 42 48 98 47 19 12 13 17 85 99 11 92 63 18 78 27 68 26 48 83 51 20 11 40 99 27 42 54 17 43 33 54 97 97 20 32 26 27 63 33 51 19 14 31 70 70 32 26 19 24 52 63 91 60 39 37 28 85 69 43 79 26 19 97 67 14 56 10 26 91 41 92 75 67 83 19 35 38 70 83 64
39 29 34 97 0 20 85 95 21 79 84 89 35 90 58 28 82 48 10 59 28 93 14 10 27 51 90 28 84 92 30 48 77 53 67 50 61 72 23 80 67 12 76 53 89 39 35 28 96 48 72 80 57 68 75 84 56 29 95 97 35 65 87 21 42 87 23 86 45 30 65 56 70 85 36 45 53 83 54 40 61 82 29 95 70 83 25 51 74 10 56 14 94 34 56 70 67 27 49 11 55 48 85 52 97 36 50 49 64 68 48 96 60 11 59
48 61 37 11 20 0 10 27 20 11 48 15 47 53 21 41 49 55 88 55 66 40 49 65 34 49 89 69 41 68 20 90 74 53 45 72 17 30 46 80 11 25 53 60 44 32 62 47 68 41 34 56 67 34 57 48 69 66 60 39 88 50 64 19 43 80 84 27 17 43 62 63 76 95 41 91 26 58 73 33 97 73 86 10 29 72 85 83 40 81 86 78 19 14 70 47 97 30 47 44 95 90 79 99 46 54 41 99 58 93 24 39 68 44 79
37 12 82 41 85 10 0 99 76 79 19 90 42 58 84 31 78 99 93 41 62 90 60 67 67 75 82 29 83 77 94 69 64 96 15 95 19 62 64 22 71 41 66 87 82 25 83 55 20 11 96 69 63 49 56 16 36 93 95 84 14 74 15 82 19 69 91 36 64 34 50 93 68 76 26 93 86 60 65 15 91 93 72 86 80 53 61 77 85 74 82 13 31 15 98 46 82 76 52 38 12 98 12 22 72 49 38 18 74 68 41 26 38 30 80
91 88 76 57 95 27 99 0 20 99 96 15 46 53 84 15 69 22 91 15 75 46 78 70 18 52 74 96 27 46 50 32 33 88 71 56 64 10 68 73 79 27 76 74 53 91 88 14 81 67 51 53 23 18 18 31 83 43 31 69 24 39 61 39 95 35 20 64 65 32 62 94 13 69 14 53 59 57 71 96 17 52 72 29 56 71 43 78 59 53 28 93 54 19 74 62 69 84 12 59 59 49 12 26 75 64 36 65 69 83 13 25 68 93 52
48 98 87 21 21 20 76 20 0 75 92 26 58 43 93 10 81 91 24 87 69 54 47 93 92 40 98 36 80 13 80 51 13 42 42 28 36 14 26 69 92 71 12 30 11 95 37 25 81 77 74 50 64 22 42 29 36 82 61 57 83 53 31 33 74 81 32 75 56 26 76 21 30 33 55 29 22 70 78 23 52 54 10 41 52 44 68 60 13 58 22 93 84 11 14 54 44 17 85 70 95 25 87 49 26 30 39 61 97 66 10 14 91 66 92
68 18 85 29 79 11 79 99 75 0 58 88 62 35 72 25 61 77 92 60 86 41 27 63 13 31 81 13 75 46 16 44 97 89 36 29 51 87 17 76 50 50 92 23 63 28 74 14 27 91 56 86 96 90 48 17 36 52 12 95 45 59 56 44 69 55 98 18 42 66 72 66 30 46 44 35 47 36 41 28 64 38 89 45 39 74 26 44 31 38 46 73 47 34 46 37 92 63 33 82 61 52 94 64 59 71 70 56 38 56 18 95 32 25 79
36 56 24 85 84 48 19 96 92 58 0 78 84 46 42 57 84 63 42 63 22 95 47 48 49 38 15 27 77 61 75 52 67 20 50 10 42 35 54 91 44 48 49 92 47 53 87 63 99 41 84 45 16 92 26 92 22 26 12 42 82 11 98 19 23 75 91 99 51 74 31 52 52 88 31 32 76 37 51 80 10 86 82 17 77 21 27 99 10 97 80 81 65 29 17 44 91 27 67 71 74 77 36 49 35 90 60 25 95 24 22 26 38 50 52
84 22 48 32 89 15 90 15 26 88 78 0 81 31 17 39 60 50 27 67 51 19 95 57 16 18 76 93 78 66 64 24 75 90 81 59 76 42 49 76 43 17 64 39 40 74 89 70 18 44 33 16 11 13 94 20 96 32 34 95 80 64 60 19 99 66 46 74 35 12 12 28 21 95 83 47 69 97 54 57 26 78 89 54 14 56 29 85 68 82 25 94 61 84 11 10 95 74 97 53 93 95 63 42 13 96 26 88 55 79 42 28 31 15 37
40 47 57 55 35 47 42 46 58 62 84 81 0 60 85 85 84 30 97 47 30 92 57 24 24 14 25 41 10 73 91 64 52 71 61 98 84 33 50 17 59 82 47 97 81 38 18 97 99 59 33 91 15 57 91 60 71 33 47 96 16 56 23 49 11 43 22 62 90 13 99 82 70 97 84 61 39 23 60 95 15 54 55 60 17 50 83 83 62 76 61 75 56 70 44 59 24 16 49 94 27 10 94 42 67 74 81 51 97 98 90 72 21 97 45
10 85 94 72 90 53 58 53 43 35 46 31 60 0 18 34 56 86 34 62 38 41 83 93 89 56 36 18 69 28 61 67 71 25 67 17 24 51 77 85 58 24 33 51 78 16 38 19 74 51 97 39 15 25 47 66 24 29 38 29 61 83 62 73 89 96 54 57 80 86 65 53 30 30 94 33 74 37 47 47 54 76 51 10 18 39 81 34 83 67 56 38 69 44 89 63 43 75 31 56 66 78 90 62 74 81 62 16 20 92 35 52 86 77 38
31 99 29 75 58 21 84 84 93 72 42 17 85 18 0 38 66 76 48 34 75 88 90 41 56 68 74 10 61 37 73 50 73 50 98 54 42 98 67 74 61 17 10 35 96 84 36 40 49 94 60 45 81 29 52 68 98 96 45 58 23 87 64 20 59 87 95 41 49 55 48 67 85 45 68 55 23 38 34 52 55 59 38 80 61 90 97 64 10 33 43 29 23 31 13 79 88 82 62 34 17 51 10 34 64 25 82 21 88 49 84 74 41 71 39
54 38 38 49 28 41 31 15 10 25 57 39 85 34 38 0 28 24 46 15 26 31 47 74 29 82 97 63 25 53 23 44 32 37 56 21 51 36 68 90 49 37 84 82 13 59 74 48 32 79 97 58 37 64 66 72 47 39 26 74 27 54 49 73 25 19 66 16 49 24 55 24 78 80 39 25 61 54 51 48 47 67 66 46 91 97 70 54 63 16 21 73 56 87 97 34 24 80 21 13 34 12 15 95 69 25 79 89 43 91 67 85 34 26 83
83 94 58 55 82 49 78 69 81 61 84 60 84 56 66 28 0 47 64 54 97 60 65 74 29 42 44 43 88 95 51 80 41 63 88 12 15 12 79 95 19 26 11 79 26 68 58 50 74 17 73 44 70 30 11 83 31 47 11 22 36 83 30 74 87 82 73 23 33 59 43 97 20 42 70 44 92 15 16 45 84 79 51 42 87 52 25 12 19 31 77 81 86 59 51 39 12 96 86 28 14 78 75 14 94 46 82 39 14 47 17 25 72 20 31
74 50 11 33 48 55 99 22 91 77 63 50 30 86 76 24 47 0 54 53 95 39 15 77 86 27 19 94 84 61 65 90 79 95 52 17 39 96 15 68 69 32 54 94 70 28 53 25 47 56 23 81 22 85 85 26 18 26 20 22 42 32 39 37 54 55 91 68 11 26 12 21 99 22 77 64 77 19 78 27 36 93 41 29 80 28 52 57 92 97 28 67 71 18 90 96 29 45 72 27 65 80 76 19 53 82 63 39 80 71 20 28 87 34 68
93 84 69 24 10 88 93 91 24 92 42 27 97 34 48 46 64 54 0 14 97 52 51 55 20 52 27 32 80 19 33 20 13 40 93 44 20 46 37 87 78 59 57 58 28 47 26 23 32 41 39 81 23 69 12 80 81 86 60 20 52 89 98 83 82 17 66 16 25 87 20 22 22 49 10 88 12 85 82 48 89 76 83 18 49 73 85 24 30 89 82 64 79 42 77 37 13 88 30 37 54 60 91 43 93 84 49 23 78 86 97 31 13 36 31
29 23 43 32 59 55 41 15 87 60 63 67 47 62 34 15 54 53 14 0 58 57 91 20 20 85 35 66 85 88 58 20 97 86 99 58 46 92 48 52 77 97 24 67 20 23 30 89 86 71 58 24 40 29 74 20 45 13 33 22 72 71 78 15 16 41 91 77 86 60 24 19 65 77 79 55 72 37 79 85 23 63 46 20 72 70 36 20 20 93 43 12 20 32 35 26 42 35 13 41 45 74 50 38 54 28 27 93 10 77 75 74 76 48 52
87 96 58 54 28 66 62 75 69 86 22 51 30 38 75 26 97 95 97 58 0 31 46 78 75 52 75 11 15 72 17 88 32 40 10 68 65 61 21 38 29 17 25 36 32 97 75 94 74 42 32 39 76 58 67 30 39 23 81 27 87 59 31 91 29 65 43 87 30 39 25 55 73 35 39 73 93 45 88 79 15 33 99 54 13 57 67 20 98 15 78 73 56 12 68 92 12 73 51 96 16 59 42 86 44 38 21 43 14 31 65 25 36 85 55
14 16 90 57 93 40 90 46 54 41 95 19 92 41 88 31 60 39 52 57 31 0 40 69 66 26 16 31 46 88 90 52 87 62 58 71 78 99 55 33 75 70 27 20 44 99 40 81 93 23 13 30 16 74 14 79 44 77 74 95 15 94 83 94 30 66 67 44 97 76 32 82 61 36 20 88 92 70 63 95 63 85 76 21 56 90 93 47 20 86 27 27 96 78 50 45 43 64 45 93 23 73 54 82 50 48 78 28 35 56 56 54 73 14 17
20 21 12 15 14 49 60 78 47 27 47 95 57 83 90 47 65 15 51 91 46 40 0 68 59 22 56 70 35 57 61 86 30 48 37 85 54 90 35 99 48 76 21 21 13 20 27 14 52 98 60 84 11 38 60 18 50 92 23 49 98 79 98 44 92 83 73 14 72 56 37 98 30 46 52 35 35 13 73 60 66 90 60 58 79 59 47 27 75 86 60 81 41 19 29 92 11 19 43 54 84 72 42 24 50 58 97 55 52 54 23 71 12 83 95
18 78 58 55 10 65 67 70 93 63 48 57 24 93 41 74 74 77 55 20 78 69 68 0 63 83 98 70 23 85 20 46 13 74 37 57 35 52 60 78 12 59 84 38 41 35 72 35 19 54 53 45 42 44 18 45 93 85 47 65 38 50 48 18 17 21 20 32 48 79 59 88 65 75 91 35 16 92 62 32 55 90 34 92 95 72 52 99 62 10 58 36 63 28 96 99 29 95 58 60 84 38 16 79 78 21 10 27 28 12 22 67 73 79 20
62 38 22 38 27 34 67 18 92 13 49 16 24 89 56 29 29 86 20 20 75 66 59 63 0 92 93 45 42 72 87 77 69 71 18 77 59 30 40 55 57 83 36 97 31 74 64 92 16 35 16 40 28 66 17 66 65 21 84 71 98 52 63 36 47 62 37 38 69 63 44 94 25 18 81 46 76 40 58 15 37 15 43 63 79 82 45 38 25 43 74 20 34 39 35 14 37 29 53 31 84 61 91 83 87 79 34 10 74 38 54 15 63 65 62
86 75 72 22 51 49 75 52 40 31 38 18 14 56 68 82 42 27 52 85 52 26 22 83 92 0 92 53 32 38 18 45 43 49 32 17 81 53 89 51 14 10 39 77 77 83 75 88 88 34 81 64 58 99 46 30 46 41 40 69 78 88 96 35 36 60 29 49 95 17 38 69 48 42 60 35 59 58 70 49 62 88 16 20 85 52 65 25 44 32 90 61 34 50 47 11 69 50 55 57 64 28 50 36 46 73 10 95 30 72 98 54 86 91 23
90 13 75 45 90 89 82 74 98 81 15 76 25 36 74 97 44 19 27 35 75 16 56 98 93 92 0 56 91 33 77 49 21 73 26 85 60 99 77 79 21 33 81 79 16 85 62 12 67 77 70 89 82 92 12 61 96 91 35 93 42 51 51 51 10 63 13 19 90 23 71 92 67 11 42 99 25 86 31 62 59 32 17 38 15 11 90 32 96 75 77 20 39 96 14 97 77 77 64 61 63 22 72 64 33 71 62 65 34 31 22 17 42 82 91
42 61 13 14 28 69 29 96 36 13 27 93 41 18 10 63 43 94 32 66 11 31 70 70 45 53 56 0 36 32 78 49 40 28 43 63 53 35 21 94 94 55 37 70 84 83 20 79 65 88 52 17 61 44 69 25 47 27 33 47 21 48 93 12 63 79 44 68 60 93 37 44 44 51 96 35 98 45 74 42 73 40 56 67 40 58 95 93 32 13 33 85 23 39 11 65 89 54 30 96 14 60 49 93 16 71 12 29 37 41 52 61 22 27 62
39 82 30 96 84 41 83 27 80 75 77 78 10 69 61 25 88 84 80 85 15 46 35 23 42 32 91 36 0 21 76 87 90 11 54 61 59 45 27 53 13 44 19 22 81 63 27 18 88 80 56 43 88 64 89 75 83 34 48 20 53 48 83 73 83 78 68 18 65 18 46 60 39 12 59 41 38 19 53 10 11 31 70 20 52 62 52 75 89 30 66 50 63 92 47 86 31 39 71 20 39 94 27 44 87 20 53 49 61 16 62 13 57 44 79
38 55 79 67 92 68 77 46 13 46 61 66 73 28 37 53 95 61 19 88 72 88 57 85 72 38 33 32 21 0 29 94 66 83 40 93 59 76 58 26 13 42 80 91 45 45 11 66 41 74 22 29 51 45 12 89 35 85 86 40 64 15 62 49 12 86 29 99 54 17 84 29 89 91 85 82 36 77 50 50 89 95 41 72 68 13 41 11 53 52 71 44 88 65 38 19 76 72 92 57 54 21 55 79 91 74 34 88 46 25 68 10 72 38 20
41 91 98 78 30 20 94 50 80 16 75 64 91 61 73 23 51 65 33 58 17 90 61 20 87 18 77 78 76 29 0 99 19 90 40 78 51 90 48 41 56 39 19 20 33 55 23 35 50 64 19 67 47 92 45 36 57 47 15 97 21 83 26 82 34 27 28 60 52 44 39 29 35 30 65 18 64 89 93 61 55 62 23 77 14 68 80 45 42 60 75 76 93 36 21 83 18 25 49 82 67 85 86 91 69 72 83 49 66 36 55 52 76 55 48
94 94 11 58 48 90 69 32 51 44 52 24 64 67 50 44 80 90 20 20 88 52 86 46 77 45 49 49 87 94 99 0 24 78 66 50 51 54 75 45 76 87 92 77 26 55 58 46 63 48 45 76 67 45 24 99 80 66 48 75 23 24 49 40 64 77 95 87 90 55 37 61 86 29 80 94 30 59 79 62 35 25 51 24 24 96 79 40 72 43 39 15 48 40 79 18 35 35 37 22 60 73 50 77 81 35 88 10 89 25 93 25 71 10 63
61 18 88 14 77 74 64 33 13 97 67 75 52 71 73 32 41 79 13 97 32 87 30 13 69 43 21 40 90 66 19 24 0 14 48 86 74 35 74 27 73 38 84 58 48 59 13 12 92 59 34 11 95 77 32 49 36 46 55 14 83 20 89 43 75 59 33 66 52 43 44 81 44 88 45 33 72 91 53 75 35 83 11 41 88 82 50 71 18 92 54 91 85 48 32 40 99 80 46 34 64 43 23 14 16 68 67 71 88 46 96 90 68 76 88
38 41 75 35 53 53 96 88 42 89 20 90 71 25 50 37 63 95 40 86 40 62 48 74 71 49 73 28 11 83 90 78 14 0 24 63 41 19 67 20 82 88 91 33 86 77 47 29 73 50 57 79 20 84 67 92 36 87 14 24 96 66 49 55 50 55 95 18 41 37 10 95 85 53 19 99 91 65 75 32 80 66 12 90 14 75 85 47 46 61 69 97 45 10 90 10 76 50 70 92 31 29 47 26 97 15 36 88 47 59 67 26 63 75 29
10 47 77 42 67 45 15 71 42 36 50 81 61 67 98 56 88 52 93 99 10 58 37 37 18 32 26 43 54 40 40 66 48 24 0 97 88 14 37 99 78 47 41 10 30 61 25 83 69 28 89 14 42 28 39 96 36 84 80 37 95 65 11 47 78 32 81 83 43 16 37 85 95 19 58 83 46 42 62 12 59 60 59 70 16 34 50 24 31 39 94 27 26 84 52 47 76 93 44 35 96 69 50 66 87 90 10 36 85 82 62 57 42 97 90
76 65 69 48 50 72 95 56 28 29 10 59 98 17 54 21 12 17 44 58 68 71 85 57 77 17 85 63 61 93 78 50 86 63 97 0 53 43 11 16 10 76 40 66 24 29 66 38 48 93 44 34 79 53 53 89 50 48 50 75 85 95 76 85 97 92 29 63 39 23 54 18 87 82 20 63 93 71 70 16 70 87 88 89 10 84 99 87 56 97 28 19 89 81 68 22 14 77 93 24 87 10 49 48 77 49 49 43 21 70 56 96 23 54 79
30 62 61 98 61 17 19 64 36 51 42 76 84 24 42 51 15 39 20 46 65 78 54 35 59 81 60 53 59 59 51 51 74 41 88 53 0 97 69 15 37 57 57 83 41 74 30 57 55 73 28 97 84 35 81 75 21 88 13 11 50 13 83 63 64 45 91 68 39 30 93 36 87 88 10 61 12 34 18 84 49 86 91 92 19 47 89 38 27 71 91 58 78 60 60 12 42 69 98 41 70 95 49 73 22 85 89 65 63 99 22 40 56 16 39
73 77 62 47 72 30 62 10 14 87 35 42 33 51 98 36 12 96 46 92 61 99 90 52 30 53 99 35 45 76 90 54 35 19 14 43 97 0 36 75 92 70 42 31 74 52 14 99 67 10 22 58 40 57 35 31 24 21 10 33 85 74 80 91 26 52 65 66 50 81 35 89 30 32 75 18 16 88 43 48 27 48 19 37 18 68 13 66 74 66 96 54 40 72 28 95 75 61 10 92 73 14 58 59 32 13 37 29 93 74 50 57 56 40 52
42 23 20 19 23 46 64 68 26 17 54 49 50 77 67 68 79 15 37 48 21 55 35 60 40 89 77 21 27 58 48 75 74 67 37 11 69 36 0 35 87 28 32 12 63 33 26 31 89 10 35 56 11 20 82 63 11 56 97 58 68 33 19 33 46 71 64 10 62 33 34 41 80 46 13 28 42 92 74 70 82 74 43 21 80 88 38 46 14 86 68 29 67 62 88 20 55 34 81 92 21 17 27 77 58 98 75 11 28 18 56 87 28 46 91
71 62 59 12 80 80 22 73 69 76 91 76 17 85 74 90 95 68 87 52 38 33 99 78 55 51 79 94 53 26 41 45 27 20 99 16 15 75 35 0 24 16 35 81 23 25 13 93 89 64 33 79 93 38 41 58 33 63 36 96 83 60 91 12 94 98 59 22 93 49 81 15 46 41 67 48 46 70 61 18 35 94 41 85 53 91 62 48 16 90 23 11 80 79 16 93 68 46 65 31 67 11 30 32 53 14 41 12 95 90 37 51 40 35 99
15 22 75 13 67 11 71 79 92 50 44 43 59 58 61 49 19 69 78 77 29 75 48 12 57 14 21 94 13 13 56 76 73 82 78 10 37 92 87 24 0 56 25 50 85 69 90 92 21 66 32 92 69 50 74 17 45 58 50 29 87 39 25 65 89 93 44 70 30 90 38 67 53 98 21 18 58 51 78 46 86 43 37 60 70 56 51 63 78 27 51 60 32 77 65 37 29 90 89 57 95 13 66 64 19 29 42 26 37 78 85 96 30 64 41
63 62 10 17 12 25 41 27 71 50 48 17 82 24 17 37 26 32 59 97 17 70 76 59 83 10 33 55 44 42 39 87 38 88 47 76 57 70 28 16 56 0 43 84 10 40 98 39 62 43 94 27 80 51 85 10 28 12 65 12 45 73 36 43 35 85 17 15 30 99 96 49 78 92 54 92 92 15 73 11 26 84 20 41 29 49 69 75 24 75 72 29 63 42 84 27 48 35 55 55 39 60 33 40 57 74 99 90 95 64 34 99 98 53 86
44 90 45 85 76 53 66 76 12 92 49 64 47 33 10 84 11 54 57 24 25 27 21 84 36 39 81 37 19 80 19 92 84 91 41 40 57 42 32 35 25 43 0 10 62 59 83 27 29 82 30 48 91 93 53 21 71 77 55 68 18 27 82 72 66 82 84 42 49 44 45 81 37 55 39 15 31 43 87 72 71 89 77 88 82 88 27 73 14 16 82 40 99 72 91 71 99 88 61 98 70 64 26 17 20 47 71 94 81 98 53 49 76 79 14
10 23 50 99 53 60 87 74 30 23 92 39 97 51 35 82 79 94 58 67 36 20 21 38 97 77 79 70 22 91 20 77 58 33 10 66 83 31 12 81 50 84 10 0 44 95 12 58 30 93 56 84 61 99 13 14 97 33 74 93 22 68 65 51 31 38 60 74 25 67 38 35 12 35 25 25 93 40 45 68 40 76 45 72 68 86 66 29 41 63 50 96 34 40 12 37 50 43 79 72 28 24 26 85 14 97 26 68 36 55 89 48 22 28 26
87 92 61 11 89 44 82 53 11 63 47 40 81 78 96 13 26 70 28 20 32 44 13 41 31 77 16 84 81 45 33 26 48 86 30 24 41 74 63 23 85 10 62 44 0 78 71 18 59 36 53 22 56 79 62 25 73 18 67 23 72 54 31 75 48 45 91 45 11 13 74 46 45 67 44 52 75 75 71 43 67 56 56 34 42 95 78 53 78 64 98 92 13 40 10 11 48 18 81 12 54 63 58 33 40 75 92 42 12 82 47 35 67 97 74
48 41 44 92 39 32 25 91 95 28 53 74 38 16 84 59 68 28 47 23 97 99 20 35 74 83 85 83 63 45 55 55 59 77 61 29 74 52 33 25 69 40 59 95 78 0 51 53 96 91 81 16 97 59 90 20 37 85 74 54 68 86 16 47 88 18 22 79 12 51 52 82 13 71 17 20 57 22 75 16 66 63 59 65 24 80 29 90 98 41 51 40 80 21 61 43 48 99 98 74 58 78 48 56 89 58 23 69 21 29 94 61 52 35 97
68 56 86 63 35 62 83 88 37 74 87 89 18 38 36 74 58 53 26 30 75 40 27 72 64 75 62 20 27 11 23 58 13 47 25 66 30 14 26 13 90 98 83 12 71 51 0 25 39 56 41 84 33 39 98 15 31 74 41 86 51 73 21 77 64 33 70 10 80 43 77 29 94 79 17 96 84 40 90 54 43 67 81 74 84 57 86 64 48 97 28 32 98 95 12 83 18 72 89 66 81 48 94 37 98 61 28 61 35 97 19 76 74 20 61
20 32 23 18 28 47 55 14 25 14 63 70 97 19 40 48 50 25 23 89 94 81 14 35 92 88 12 79 18 66 35 46 12 29 83 38 57 99 31 93 92 39 27 58 18 53 25 0 57 94 70 76 60 52 19 55 88 29 20 95 92 90 58 76 26 26 34 79 66 46 58 58 45 54 95 97 32 25 63 15 22 65 87 27 30 66 12 58 28 33 78 54 17 83 60 61 18 34 28 89 46 10 44 68 46 53 14 58 96 77 12 35 54 56 92
16 51 50 78 96 68 20 81 81 27 99 18 99 74 49 32 74 47 32 86 74 93 52 19 16 88 67 65 88 41 50 63 92 73 69 48 55 67 89 89 21 62 29 30 59 96 39 57 0 80 58 19 34 24 36 60 45 14 38 82 25 13 36 51 93 72 66 42 42 87 13 68 63 54 24 12 60 85 62 58 21 18 91 39 90 77 74 74 26 97 78 70 14 54 26 37 39 28 17 22 95 77 71 50 81 57 34 66 67 43 32 52 31 70 29
33 20 82 27 48 41 11 67 77 91 41 44 59 51 94 79 17 56 41 71 42 23 98 54 35 34 77 88 80 74 64 48 59 50 28 93 73 10 10 64 66 43 82 93 36 91 56 94 80 0 75 44 72 58 14 39 54 57 80 23 44 62 84 86 42 70 17 83 80 79 68 69 19 65 21 23 75 65 33 92 48 26 64 20 92 37 65 32 18 41 91 57 17 21 18 58 68 63 41 15 52 75 55 84 74 52 95 10 20 73 46 66 60 88 78
80 76 84 68 72 34 96 51 74 56 84 33 33 97 60 97 73 23 39 58 32 13 60 53 16 81 70 52 56 22 19 45 34 57 89 44 28 22 35 33 32 94 30 56 53 81 41 70 58 75 0 91 19 78 65 35 11 35 80 43 77 57 82 23 54 14 48 40 48 86 67 80 17 76 67 78 79 80 23 30 67 81 28 89 37 70 86 86 88 99 98 52 39 44 76 37 17 93 18 61 72 27 51 77 94 65 54 40 53 96 65 53 62 78 41
55 76 98 26 80 56 69 53 50 86 45 16 91 39 45 58 44 81 81 24 39 30 84 45 40 64 89 17 43 29 67 76 11 79 14 34 97 58 56 79 92 27 48 84 22 16 84 76 19 44 91 0 82 81 81 70 87 47 39 51 78 31 55 47 83 46 43 79 76 93 50 21 34 42 56 72 68 55 13 65 77 66 37 65 16 15 77 66 52 77 86 14 78 67 22 34 72 16 98 15 93 65 85 88 61 25 69 31 37 84 56 18 55 93 26
46 29 76 48 57 67 63 23 64 96 16 11 15 15 81 37 70 22 23 40 76 16 11 42 28 58 82 61 88 51 47 67 95 20 42 79 84 40 11 93 69 80 91 61 56 97 33 60 34 72 19 82 0 83 71 89 94 75 41 56 65 18 27 64 81 66 37 34 92 21 73 23 69 48 32 31 91 66 89 32 20 45 97 66 14 16 30 93 58 35 76 79 91 72 40 33 43 73 47 55 12 21 91 90 99 69 76 47 55 83 27 20 90 32 77
54 55 95 83 68 34 49 18 22 90 92 13 57 25 29 64 30 85 69 29 58 74 38 44 66 99 92 44 64 45 92 45 77 84 28 53 35 57 20 38 50 51 93 99 79 59 39 52 24 58 78 81 83 0 52 89 19 47 69 63 32 46 64 16 30 94 25 69 68 94 94 88 86 73 85 96 31 28 56 13 21 72 17 54 27 98 10 71 42 28 50 21 47 91 75 72 33 83 92 67 79 24 76 74 50 79 73 26 30 31 41 84 52 21 42
88 39 14 51 75 57 56 18 42 48 26 94 91 47 52 66 11 85 12 74 67 14 60 18 17 46 12 69 89 12 45 24 32 67 39 53 81 35 82 41 74 85 53 13 62 90 98 19 36 14 65 81 71 52 0 70 69 56 79 35 18 78 53 97 44 19 70 21 68 68 79 98 25 97 98 61 86 16 38 63 59 73 72 50 57 52 87 24 41 10 64 60 39 32 87 46 96 44 28 53 18 52 80 69 65 43 74 87 87 81 25 22 17 87 52
61 20 71 20 84 48 16 31 29 17 92 20 60 66 68 72 83 26 80 20 30 79 18 45 66 30 61 25 75 89 36 99 49 92 96 89 75 31 63 58 17 10 21 14 25 20 15 55 60 39 35 70 89 89 70 0 21 60 45 90 14 10 34 54 90 19 53 52 13 34 21 16 87 84 87 86 83 73 36 53 86 35 36 60 99 75 58 31 32 75 41 18 23 93 57 94 41 77 71 63 34 79 42 34 49 32 27 81 28 27 60 64 12 95 88
62 77 98 11 56 69 36 83 36 36 22 96 71 24 98 47 31 18 81 45 39 44 50 93 65 46 96 47 83 35 57 80 36 36 36 50 21 24 11 33 45 28 71 97 73 37 31 88 45 54 11 87 94 19 69 21 0 22 12 62 50 85 39 54 28 92 11 77 21 83 57 13 60 82 69 34 41 19 77 42 77 20 88 68 87 64 95 49 58 26 49 86 36 31 54 60 14 37 78 71 65 36 68 34 70 10 16 50 48 95 46 70 13 50 22
22 62 12 40 29 66 93 43 82 52 26 32 33 29 96 39 47 26 86 13 23 77 92 85 21 41 91 27 34 85 47 66 46 87 84 48 88 21 56 63 58 12 77 33 18 85 74 29 14 57 35 47 75 47 56 60 22 0 96 93 92 44 61 86 98 57 91 87 16 35 73 49 10 52 87 51 40 45 19 51 22 49 25 43 71 81 42 48 38 94 52 84 17 86 89 53 41 11 70 45 38 87 47 90 27 29 24 15 38 13 52 84 20 79 98
63 53 45 99 95 60 95 31 61 12 12 34 47 38 45 26 11 20 60 33 81 74 23 47 84 40 35 33 48 86 15 48 55 14 80 50 13 10 97 36 50 65 55 74 67 74 41 20 38 80 80 39 41 69 79 45 12 96 0 91 19 77 85 26 47 43 61 29 57 44 84 76 17 56 73 10 74 41 28 66 97 24 71 77 65 56 36 35 65 30 77 72 24 58 85 36 56 34 94 81 38 81 66 70 33 92 61 28 98 45 81 61 65 62 41
95 91 50 27 97 39 84 69 57 95 42 95 96 29 58 74 22 22 20 22 27 95 49 65 71 69 93 47 20 40 97 75 14 24 37 75 11 33 58 96 29 12 68 93 23 54 86 95 82 23 43 51 56 63 35 90 62 93 91 0 73 28 26 18 90 42 55 22 10 46 60 21 76 45 78 39 17 84 81 72 28 51 10 34 89 42 69 19 83 51 23 93 42 84 26 38 66 78 56 12 31 49 55 41 27 24 48 80 78 31 11 53 40 42 75
55 17 69 42 35 88 14 24 83 45 82 80 16 61 23 27 36 42 52 72 87 15 98 38 98 78 42 21 53 64 21 23 83 96 95 85 50 85 68 83 87 45 18 22 72 68 51 92 25 44 77 78 65 32 18 14 50 92 19 73 0 12 74 29 96 23 49 34 38 12 29 74 36 61 70 73 89 52 77 73 61 30 66 52 71 71 80 95 59 13 35 22 31 78 39 60 31 62 10 47 53 98 26 19 17 80 60 80 67 12 30 87 99 76 96
93 44 54 54 65 50 74 39 53 59 11 64 56 83 87 54 83 32 89 71 59 94 79 50 52 88 51 48 48 15 83 24 20 66 65 95 13 74 33 60 39 73 27 68 54 86 73 90 13 62 57 31 18 46 78 10 85 44 77 28 12 0 97 18 67 68 69 26 69 28 92 98 10 48 61 68 57 79 29 60 79 67 52 26 94 32 69 75 19 56 43 47 40 77 38 92 39 60 24 20 65 22 57 58 13 96 11 18 51 78 34 65 29 35 18
11 95 49 17 87 64 15 61 31 56 98 60 23 62 64 49 30 39 98 78 31 83 98 48 63 96 51 93 83 62 26 49 89 49 11 76 83 80 19 91 25 36 82 65 31 16 21 58 36 84 82 55 27 64 53 34 39 61 85 26 74 97 0 80 64 13 97 53 31 53 90 37 69 79 58 83 65 23 60 14 77 83 26 76 68 31 78 43 91 56 49 28 90 99 96 38 63 26 26 70 81 50 13 87 64 49 82 74 27 25 64 54 20 93 28
66 65 61 43 21 19 82 39 33 44 19 19 49 73 20 73 74 37 83 15 91 94 44 18 36 35 51 12 73 49 82 40 43 55 47 85 63 91 33 12 65 43 72 51 75 47 77 76 51 86 23 47 64 16 97 54 54 86 26 18 29 18 80 0 71 33 90 61 45 82 58 12 46 97 18 97 27 52 23 71 50 15 63 34 32 81 81 35 29 99 68 77 50 34 14 27 40 73 56 55 64 86 75 13 94 45 10 16 26 72 62 90 27 49 26
14 54 53 33 42 43 19 95 74 69 23 99 11 89 59 25 87 54 82 16 29 30 92 17 47 36 10 63 83 12 34 64 75 50 78 97 64 26 46 94 89 35 66 31 48 88 64 26 93 42 54 83 81 30 44 90 28 98 47 90 96 67 64 71 0 31 34 77 83 35 12 48 95 77 91 99 70 65 98 96 17 57 46 84 60 98 94 74 31 27 36 93 39 19 38 56 47 65 83 31 72 34 54 81 81 11 10 13 50 74 40 68 40 88 32
41 59 76 54 87 80 69 35 81 55 75 66 43 96 87 19 82 55 17 41 65 66 83 21 62 60 63 79 78 86 27 77 59 55 32 92 45 52 71 98 93 85 82 38 45 18 33 26 72 70 14 46 66 94 19 19 92 57 43 42 23 68 13 33 31 0 79 83 63 44 56 22 17 94 84 94 25 46 11 25 30 97 98 82 78 66 41 36 21 49 39 10 72 51 62 35 43 65 46 27 50 31 10 89 82 74 19 83 98 45 38 49 34 86 63
80 99 17 97 23 84 91 20 32 98 91 46 22 54 95 66 73 91 66 91 43 67 73 20 37 29 13 44 68 29 28 95 33 95 81 29 91 65 64 59 44 17 84 60 91 22 70 34 66 17 48 43 37 25 70 53 11 91 61 55 49 69 97 90 34 79 0 42 87 10 80 50 28 67 40 10 84 34 64 55 52 90 30 11 49 20 90 36 33 48 98 60 63 95 98 50 66 92 43 59 74 30 70 68 82 30 39 31 73 72 37 70 63 89 36
16 71 47 97 86 27 36 64 75 18 99 74 62 57 41 16 23 68 16 77 87 44 14 32 38 49 19 68 18 99 60 87 66 18 83 63 68 66 10 22 70 15 42 74 45 79 10 79 42 83 40 79 34 69 21 52 77 87 29 22 34 26 53 61 77 83 42 0 57 64 56 44 39 57 54 85 60 64 66 42 31 83 62 44 10 64 18 81 10 14 27 79 68 57 30 66 45 40 76 34 89 14 49 31 74 35 35 46 13 86 58 43 94 25 22
96 69 20 20 45 17 64 65 56 42 51 35 90 80 49 49 33 11 25 86 30 97 72 48 69 95 90 60 65 54 52 90 52 41 43 39 39 50 62 93 30 30 49 25 11 12 80 66 42 80 48 76 92 68 68 13 21 16 57 10 38 69 31 45 83 63 87 57 0 77 58 32 33 25 96 20 83 79 64 88 93 25 60 42 88 60 16 95 82 64 33 96 73 25 88 23 31 44 68 19 15 88 26 12 91 12 84 86 78 84 33 19 60 69 95
72 11 13 32 30 43 34 32 26 66 74 12 13 86 55 24 59 26 87 60 39 76 56 79 63 17 23 93 18 17 44 55 43 37 16 23 30 81 33 49 90 99 44 67 13 51 43 46 87 79 86 93 21 94 68 34 83 35 44 46 12 28 53 82 35 44 10 64 77 0 52 73 13 88 57 96 69 79 59 33 99 81 49 70 81 40 78 11 82 89 24 31 71 79 46 20 99 33 77 25 57 99 50 37 78 98 45 33 86 62 88 75 40 14 98
82 24 61 26 65 62 50 62 76 72 31 12 99 65 48 55 43 12 20 24 25 32 37 59 44 38 71 37 46 84 39 37 44 10 37 54 93 35 34 81 38 96 45 38 74 52 77 58 13 68 67 50 73 94 79 21 57 73 84 60 29 92 90 58 12 56 80 56 58 52 0 29 45 25 62 26 20 65 26 74 71 78 85 35 62 75 75 56 56 77 98 46 75 98 26 49 16 73 30 39 36 29 38 18 90 21 36 56 53 55 99 76 22 81 73
30 46 71 27 56 63 93 94 21 66 52 28 82 53 67 24 97 21 22 19 55 82 98 88 94 69 92 44 60 29 29 61 81 95 85 18 36 89 41 15 67 49 81 35 46 82 29 58 68 69 80 21 23 88 98 16 13 49 76 21 74 98 37 12 48 22 50 44 32 73 29 0 43 21 21 49 14 71 21 71 68 32 44 46 68 99 66 10 19 63 32 58 39 29 27 34 87 61 67 82 80 32 34 14 95 13 43 68 98 28 26 33 85 76 58
20 77 25 63 70 76 68 13 30 30 52 21 70 30 85 78 20 99 22 65 73 61 30 65 25 48 67 44 39 89 35 86 44 85 95 87 87 30 80 46 53 78 37 12 45 13 94 45 63 19 17 34 69 86 25 87 60 10 17 76 36 10 69 46 95 17 28 39 33 13 45 43 0 69 49 79 86 78 96 34 55 31 33 33 59 29 52 13 55 33 46 19 59 19 69 19 85 33 63 48 21 47 96 80 91 59 58 11 88 50 26 51 98 99 57
20 91 52 33 85 95 76 69 33 46 88 95 97 30 45 80 42 22 49 77 35 36 46 75 18 42 11 51 12 91 30 29 88 53 19 82 88 32 46 41 98 92 55 35 67 71 79 54 54 65 76 42 48 73 97 84 82 52 56 45 61 48 79 97 77 94 67 57 25 88 25 21 69 0 10 46 12 63 44 53 30 89 10 30 45 63 37 27 37 86 49 39 71 62 40 22 97 11 78 85 44 17 69 59 32 16 42 28 10 71 84 19 94 96 31
15 12 40 51 36 41 26 14 55 44 31 83 84 94 68 39 70 77 10 79 39 20 52 91 81 60 42 96 59 85 65 80 45 19 58 20 10 75 13 67 21 54 39 25 44 17 17 95 24 21 67 56 32 85 98 87 69 87 73 78 70 61 58 18 91 84 40 54 96 57 62 21 49 10 0 16 89 96 90 20 41 75 82 66 74 34 31 54 79 83 46 13 24 99 14 88 63 99 92 40 91 96 14 69 55 98 68 84 35 51 51 92 62 35 56
26 71 91 19 45 91 93 53 29 35 32 47 61 33 55 25 44 64 88 55 73 88 35 35 46 35 99 35 41 82 18 94 33 99 83 63 61 18 28 48 18 92 15 25 52 20 96 97 12 23 78 72 31 96 61 86 34 51 10 39 73 68 83 97 99 94 10 85 20 96 26 49 79 46 16 0 93 24 41 33 62 13 25 94 71 59 45 66 34 58 81 30 16 54 12 95 30 30 97 72 31 54 70 94 50 97 21 31 34 61 46 83 12 41 14
16 92 37 14 53 26 86 59 22 47 76 69 39 74 23 61 92 77 12 72 93 92 35 16 76 59 25 98 38 36 64 30 72 91 46 93 12 16 42 46 58 92 31 93 75 57 84 32 60 75 79 68 91 31 86 83 41 40 74 17 89 57 65 27 70 25 84 60 83 69 20 14 86 12 89 93 0 22 47 37 76 25 12 19 92 91 29 63 91 34 11 97 24 48 51 66 64 51 26 62 57 69 97 73 48 57 35 23 48 25 22 90 48 23 93
55 87 79 31 83 58 60 57 70 36 37 97 23 37 38 54 15 19 85 37 45 70 13 92 40 58 86 45 19 77 89 59 91 65 42 71 34 88 92 70 51 15 43 40 75 22 40 25 85 65 80 55 66 28 16 73 19 45 41 84 52 79 23 52 65 46 34 64 79 79 65 71 78 63 96 24 22 0 19 52 83 83 37 17 56 20 80 25 41 16 79 50 75 30 15 69 45 87 61 48 50 54 31 13 37 75 35 62 84 95 16 57 15 14 56
59 59 41 70 54 73 65 71 78 41 51 54 60 47 34 51 16 78 82 79 88 63 73 62 58 70 31 74 53 50 93 79 53 75 62 70 18 43 74 61 78 73 87 45 71 75 90 63 62 33 23 13 89 56 38 36 77 19 28 81 77 29 60 23 98 11 64 66 64 59 26 21 96 44 90 41 47 19 0 10 39 80 11 14 23 55 52 80 71 75 44 10 25 74 12 78 62 47 65 49 73 85 87 80 74 92 54 69 44 53 80 36 69 16 48
17 88 89 70 40 33 15 96 23 28 80 57 95 47 52 48 45 27 48 85 79 95 60 32 15 49 62 42 10 50 61 62 75 32 12 16 84 48 70 18 46 11 72 68 43 16 54 15 58 92 30 65 32 13 63 53 42 51 66 72 73 60 14 71 96 25 55 42 88 33 74 71 34 53 20 33 37 52 10 0 80 84 42 48 20 54 11 95 58 82 84 73 97 17 84 44 87 78 67 18 91 67 22 68 87 43 86 52 50 57 27 25 98 43 70
27 23 11 32 61 97 91 17 52 64 10 26 15 54 55 47 84 36 89 23 15 63 66 55 37 62 59 73 11 89 55 35 35 80 59 70 49 27 82 35 86 26 71 40 67 66 43 22 21 48 67 77 20 21 59 86 77 22 97 28 61 79 77 50 17 30 52 31 93 99 71 68 55 30 41 62 76 83 39 80 0 66 80 62 68 89 81 46 71 58 43 70 78 30 75 43 57 13 56 13 40 79 44 26 86 55 19 96 44 25 24 19 53 60 23
92 81 31 26 82 73 93 52 54 38 86 78 54 76 59 67 79 93 76 63 33 85 90 90 15 88 32 40 31 95 62 25 83 66 60 87 86 48 74 94 43 84 89 76 56 63 67 65 18 26 81 66 45 72 73 35 20 49 24 51 30 67 83 15 57 97 90 83 25 81 78 32 31 89 75 13 25 83 80 84 66 0 94 83 46 13 16 85 68 44 77 62 76 88 14 35 41 44 87 20 71 63 31 21 48 59 56 15 37 55 34 16 46 23 58
51 27 37 19 29 86 72 72 10 89 82 89 55 51 38 66 51 41 83 46 99 76 60 34 43 16 17 56 70 41 23 51 11 12 59 88 91 19 43 41 37 20 77 45 56 59 81 87 91 64 28 37 97 17 72 36 88 25 71 10 66 52 26 63 46 98 30 62 60 49 85 44 33 10 82 25 12 37 11 42 80 94 0 61 88 78 24 40 27 24 49 62 73 74 81 64 20 51 39 34 22 57 58 37 34 68 16 84 24 51 23 75 16 11 11
74 38 36 24 95 10 86 29 41 45 17 54 60 10 80 46 42 29 18 20 54 21 58 92 63 20 38 67 20 72 77 24 41 90 70 89 92 37 21 85 60 41 88 72 34 65 74 27 39 20 89 65 66 54 50 60 68 43 77 34 52 26 76 34 84 82 11 44 42 70 35 46 33 30 66 94 19 17 14 48 62 83 61 0 11 65 74 20 51 11 76 88 31 33 37 41 80 43 72 40 36 90 64 58 93 63 22 58 96 36 69 65 86 80 85
63 66 51 52 70 29 80 56 52 39 77 14 17 18 61 91 87 80 49 72 13 56 79 95 79 85 15 40 52 68 14 24 88 14 16 10 19 18 80 53 70 29 82 68 42 24 84 30 90 92 37 16 14 27 57 99 87 71 65 89 71 94 68 32 60 78 49 10 88 81 62 68 59 45 74 71 92 56 23 20 68 46 88 11 0 39 46 40 54 87 22 21 91 17 61 40 70 31 95 96 51 27 17 34 77 90 97 52 98 84 37 21 12 86 92
92 23 72 63 83 72 53 71 44 74 21 56 50 39 90 97 52 28 73 70 57 90 59 72 82 52 11 58 62 13 68 96 82 75 34 84 47 68 88 91 56 49 88 86 95 80 57 66 77 37 70 15 16 98 52 75 64 81 56 42 71 32 31 81 98 66 20 64 60 40 75 99 29 63 34 59 91 20 55 54 89 13 78 65 39 0 64 84 12 36 25 76 72 59 52 80 58 72 66 92 31 36 49 76 48 19 16 83 51 52 38 72 48 43 10
31 85 68 91 25 85 61 43 68 26 27 29 83 81 97 70 25 52 85 36 67 93 47 52 45 65 90 95 52 41 80 79 50 85 50 99 89 13 38 62 51 69 27 66 78 29 86 12 74 65 86 77 30 10 87 58 95 42 36 69 80 69 78 81 94 41 90 18 16 78 75 66 52 37 31 45 29 80 52 11 81 16 24 74 46 64 0 22 92 53 57 93 81 16 92 17 46 97 79 31 82 63 14 23 19 32 70 11 40 42 33 97 56 31 42
77 14 95 60 51 83 77 78 60 44 99 85 83 34 64 54 12 57 24 20 20 47 27 99 38 25 32 93 75 11 45 40 71 47 24 87 38 66 46 48 63 75 73 29 53 90 64 58 74 32 86 66 93 71 24 31 49 48 35 19 95 75 43 35 74 36 36 81 95 11 56 10 13 27 54 66 63 25 80 95 46 85 40 20 40 84 22 0 40 11 37 31 42 97 75 27 44 30 46 30 66 41 71 98 43 74 45 14 42 36 20 31 95 82 29
55 36 35 39 74 40 85 59 13 31 10 68 62 83 10 63 19 92 30 20 98 20 75 62 25 44 96 32 89 53 42 72 18 46 31 56 27 74 14 16 78 24 14 41 78 98 48 28 26 18 88 52 58 42 41 32 58 38 65 83 59 19 91 29 31 21 33 10 82 82 56 19 55 37 79 34 91 41 71 58 71 68 27 51 54 12 92 40 0 45 73 72 98 36 18 33 64 93 53 51 64 89 23 18 32 53 74 31 11 98 59 58 68 61 54
33 12 87 37 10 81 74 53 58 38 97 82 76 67 33 16 31 97 89 93 15 86 86 10 43 32 75 13 30 52 60 43 92 61 39 97 71 66 86 90 27 75 16 63 64 41 97 33 97 41 99 77 35 28 10 75 26 94 30 51 13 56 56 99 27 49 48 14 64 89 77 63 33 86 83 58 34 16 75 82 58 44 24 11 87 36 53 11 45 0 91 92 11 39 62 56 49 41 87 24 93 91 82 96 40 86 96 23 81 60 85 65 92 18 61
36 25 51 28 56 86 82 28 22 46 80 25 61 56 43 21 77 28 82 43 78 27 60 58 74 90 77 33 66 71 75 39 54 69 94 28 91 96 68 23 51 72 82 50 98 51 28 78 78 91 98 86 76 50 64 41 49 52 77 23 35 43 49 68 36 39 98 27 33 24 98 32 46 49 46 81 11 79 44 84 43 77 49 76 22 25 57 37 73 91 0 10 84 15 39 93 82 61 76 86 69 90 16 52 61 13 32 19 85 92 25 69 83 49 77
90 50 31 85 14 78 13 93 93 73 81 94 75 38 29 73 81 67 64 12 73 27 81 36 20 61 20 85 50 44 76 15 91 97 27 19 58 54 29 11 60 29 40 96 92 40 32 54 70 57 52 14 79 21 60 18 86 84 72 93 22 47 28 77 93 10 60 79 96 31 46 58 19 39 13 30 97 50 10 73 70 62 62 88 21 76 93 31 72 92 10 0 97 77 46 26 83 84 11 11 12 44 91 99 44 17 19 92 33 28 55 20 23 97 45
82 93 72 69 94 19 31 54 84 47 65 61 56 69 23 56 86 71 79 20 56 96 41 63 34 34 39 23 63 88 93 48 85 45 26 89 78 40 67 80 32 63 99 34 13 80 98 17 14 17 39 78 91 47 39 23 36 17 24 42 31 40 90 50 39 72 63 68 73 71 75 39 59 71 24 16 24 75 25 97 78 76 73 31 91 72 81 42 98 11 84 97 0 18 63 14 29 33 76 35 83 45 60 23 42 99 41 11 84 34 82 53 23 22 29
41 94 93 43 34 14 15 19 11 34 29 84 70 44 31 87 59 18 42 32 12 78 19 28 39 50 96 39 92 65 36 40 48 10 84 81 60 72 62 79 77 42 72 40 40 21 95 83 54 21 44 67 72 91 32 93 31 86 58 84 78 77 99 34 19 51 95 57 25 79 98 29 19 62 99 54 48 30 74 17 30 88 74 33 17 59 16 97 36 39 15 77 18 0 51 89 22 59 64 14 74 55 69 53 16 71 30 48 20 24 55 35 74 82 52
86 25 80 79 56 70 98 74 14 46 17 11 44 89 13 97 51 90 77 35 68 50 29 96 35 47 14 11 47 38 21 79 32 90 52 68 60 28 88 16 65 84 91 12 10 61 12 60 26 18 76 22 40 75 87 57 54 89 85 26 39 38 96 14 38 62 98 30 88 46 26 27 69 40 14 12 51 15 12 84 75 14 81 37 61 52 92 75 18 62 39 46 63 51 0 78 53 27 37 72 20 74 46 49 82 15 58 57 57 58 64 83 62 15 87
56 90 13 26 70 47 46 62 54 37 44 10 59 63 79 34 39 96 37 26 92 45 92 99 14 11 97 65 86 19 83 18 40 10 47 22 12 95 20 93 37 27 71 37 11 43 83 61 37 58 37 34 33 72 46 94 60 53 36 38 60 92 38 27 56 35 50 66 23 20 49 34 19 22 88 95 66 69 78 44 43 35 64 41 40 80 17 27 33 56 93 26 14 89 78 0 74 22 50 81 66 65 15 31 35 78 45 84 59 91 69 23 65 42 50
58 72 30 19 67 97 82 69 44 92 91 95 24 43 88 24 12 29 13 42 12 43 11 29 37 69 77 89 31 76 18 35 99 76 76 14 42 75 55 68 29 48 99 50 48 48 18 18 39 68 17 72 43 33 96 41 14 41 56 66 31 39 63 40 47 43 66 45 31 99 16 87 85 97 63 30 64 45 62 87 57 41 20 80 70 58 46 44 64 49 82 83 29 22 53 74 0 11 45 72 34 96 88 66 99 85 39 12 57 20 16 88 80 94 12
74 62 28 97 27 30 76 84 17 63 27 74 16 75 82 80 96 45 88 35 73 64 19 95 29 50 77 54 39 72 25 35 80 50 93 77 69 61 34 46 90 35 88 43 18 99 72 34 28 63 93 16 73 83 44 77 37 11 34 78 62 60 26 73 65 65 92 40 44 33 73 61 33 11 99 30 51 87 47 78 13 44 51 43 31 72 97 30 93 41 61 84 33 59 27 22 11 0 81 81 32 85 41 50 55 60 26 14 10 10 37 80 40 18 28
55 62 48 67 49 47 52 12 85 33 67 97 49 31 62 21 86 72 30 13 51 45 43 58 53 55 64 30 71 92 49 37 46 70 44 93 98 10 81 65 89 55 61 79 81 98 89 28 17 41 18 98 47 92 28 71 78 70 94 56 10 24 26 56 83 46 43 76 68 77 30 67 63 78 92 97 26 61 65 67 56 87 39 72 95 66 79 46 53 87 76 11 76 64 37 50 45 81 0 45 82 59 84 72 72 56 52 70 53 84 78 87 57 80 93
32 73 25 14 11 44 38 59 70 82 71 53 94 56 34 13 28 27 37 41 96 93 54 60 31 57 61 96 20 57 82 22 34 92 35 24 41 92 92 31 57 55 98 72 12 74 66 89 22 15 61 15 55 67 53 63 71 45 81 12 47 20 70 55 31 27 59 34 19 25 39 82 48 85 40 72 62 48 49 18 13 20 34 40 96 92 31 30 51 24 86 11 35 14 72 81 72 81 45 0 91 62 91 30 54 66 42 85 22 31 64 37 82 83 95
71 55 71 56 55 95 12 59 95 61 74 93 27 66 17 34 14 65 54 45 16 23 84 84 84 64 63 14 39 54 67 60 64 31 96 87 70 73 21 67 95 39 70 28 54 58 81 46 95 52 72 93 12 79 18 34 65 38 38 31 53 65 81 64 72 50 74 89 15 57 36 80 21 44 91 31 57 50 73 91 40 71 22 36 51 31 82 66 64 93 69 12 83 74 20 66 34 32 82 91 0 60 83 54 66 55 60 28 88 84 28 90 45 38 43
81 17 52 10 48 90 98 49 25 52 77 95 10 78 51 12 78 80 60 74 59 73 72 38 61 28 22 60 94 21 85 73 43 29 69 10 95 14 17 11 13 60 64 24 63 78 48 10 77 75 27 65 21 24 52 79 36 87 81 49 98 22 50 86 34 31 30 14 88 99 29 32 47 17 96 54 69 54 85 67 79 63 57 90 27 36 63 41 89 91 90 44 45 55 74 65 96 85 59 62 60 0 55 36 80 44 62 35 26 35 61 40 43 38 30
28 82 56 26 85 79 12 12 87 94 36 63 94 90 10 15 75 76 91 50 42 54 42 16 91 50 72 49 27 55 86 50 23 47 50 49 49 58 27 30 66 33 26 26 58 48 94 44 71 55 51 85 91 76 80 42 68 47 66 55 26 57 13 75 54 10 70 49 26 50 38 34 96 69 14 70 97 31 87 22 44 31 58 64 17 49 14 71 23 82 16 91 60 69 46 15 88 41 84 91 83 55 0 88 59 11 90 99 82 81 96 64 26 99 98
56 13 19 91 52 99 22 26 49 64 49 42 42 62 34 95 14 19 43 38 86 82 24 79 83 36 64 93 44 79 91 77 14 26 66 48 73 59 77 32 64 40 17 85 33 56 37 68 50 84 77 88 90 74 69 34 34 90 70 41 19 58 87 13 81 89 68 31 12 37 18 14 80 59 69 94 73 13 80 68 26 21 37 58 34 76 23 98 18 96 52 99 23 53 49 31 66 50 72 30 54 36 88 0 74 85 75 14 40 72 72 85 42 83 25
76 45 95 41 97 46 72 75 26 59 35 13 67 74 64 69 94 53 93 54 44 50 50 78 87 46 33 16 87 91 69 81 16 97 87 77 22 32 58 53 19 57 20 14 40 89 98 46 81 74 94 61 99 50 65 49 70 27 33 27 17 13 64 94 81 82 82 74 91 78 90 95 91 32 55 50 48 37 74 87 86 48 34 93 77 48 19 43 32 40 61 44 42 16 82 35 99 55 72 54 66 80 59 74 0 62 13 80 37 30 38 17 87 57 65
37 40 89 92 36 54 49 64 30 71 90 96 74 81 25 25 46 82 84 28 38 48 58 21 79 73 71 71 20 74 72 35 68 15 90 49 85 13 98 14 29 74 47 97 75 58 61 53 57 52 65 25 69 79 43 32 10 29 92 24 80 96 49 45 11 74 30 35 12 98 21 13 59 16 98 97 57 75 92 43 55 59 68 63 90 19 32 74 53 86 13 17 99 71 15 78 85 60 56 66 55 44 11 85 62 0 52 58 81 36 33 21 14 90 46
82 67 54 75 50 41 38 36 39 70 60 26 81 62 82 79 82 63 49 27 21 78 97 10 34 10 62 12 53 34 83 88 67 36 10 49 89 37 75 41 42 99 71 26 92 23 28 14 34 95 54 69 76 73 74 27 16 24 61 48 60 11 82 10 10 19 39 35 84 45 36 43 58 42 68 21 35 35 54 86 19 56 16 22 97 16 70 45 74 96 32 19 41 30 58 45 39 26 52 42 60 62 90 75 13 52 0 39 55 74 81 28 19 12 34
93 64 95 67 49 99 18 65 61 56 25 88 51 16 21 89 39 39 23 93 43 28 55 27 10 95 65 29 49 88 49 10 71 88 36 43 65 29 11 12 26 90 94 68 42 69 61 58 66 10 40 31 47 26 87 81 50 15 28 80 80 18 74 16 13 83 31 46 86 33 56 68 11 28 84 31 23 62 69 52 96 15 84 58 52 83 11 14 31 23 19 92 11 48 57 84 12 14 70 85 28 35 99 14 80 58 39 0 80 88 65 13 33 71 63
44 66 34 83 64 58 74 69 97 38 95 55 97 20 88 43 14 80 78 10 14 35 52 28 74 30 34 37 61 46 66 89 88 47 85 21 63 93 28 95 37 95 81 36 12 21 35 96 67 20 53 37 55 30 87 28 48 38 98 78 67 51 27 26 50 98 73 13 78 86 53 98 88 10 35 34 48 84 44 50 44 37 24 96 98 51 40 42 11 81 85 33 84 20 57 59 57 10 53 22 88 26 82 40 37 81 55 80 0 47 64 83 37 93 24
86 77 25 19 68 93 68 83 66 56 24 79 98 92 49 91 47 71 86 77 31 56 54 12 38 72 31 41 16 25 36 25 46 59 82 70 99 74 18 90 78 64 98 55 82 29 97 77 43 73 96 84 83 31 81 27 95 13 45 31 12 78 25 72 74 45 72 86 84 62 55 28 50 71 51 61 25 95 53 57 25 55 51 36 84 52 42 36 98 60 92 28 34 24 58 91 20 10 84 31 84 35 81 72 30 36 74 88 47 0 16 64 55 40 41
49 13 31 35 48 24 41 13 10 18 22 42 90 35 84 67 17 20 97 75 65 56 23 22 54 98 22 52 62 68 55 93 96 67 62 56 22 50 56 37 85 34 53 89 47 94 19 12 32 46 65 56 27 41 25 60 46 52 81 11 30 34 64 62 40 38 37 58 33 88 99 26 26 84 51 46 22 16 80 27 24 34 23 69 37 38 33 20 59 85 25 55 82 55 64 69 16 37 78 64 28 61 96 72 38 33 81 65 64 16 0 61 78 48 90
38 43 13 38 96 39 26 25 14 95 26 28 72 52 74 85 25 28 31 74 25 54 71 67 15 54 17 61 13 10 52 25 90 26 57 96 40 57 87 51 96 99 49 48 35 61 76 35 52 66 53 18 20 84 22 64 70 84 61 53 87 65 54 90 68 49 70 43 19 75 76 33 51 19 92 83 90 57 36 25 19 16 75 65 21 72 97 31 58 65 69 20 53 35 83 23 88 80 87 37 90 40 64 85 17 21 28 13 83 64 61 0 86 71 77
18 56 26 70 60 68 38 68 91 32 38 31 21 86 41 34 72 87 13 76 36 73 12 73 63 86 42 22 57 72 76 71 68 63 42 23 56 56 28 40 30 98 76 22 67 52 74 54 31 60 62 55 90 52 17 12 13 20 65 40 99 29 20 27 40 34 63 94 60 40 22 85 98 94 62 12 48 15 69 98 53 46 16 86 12 48 56 95 68 92 83 23 23 74 62 65 80 40 57 82 45 43 26 42 87 14 19 33 37 55 78 86 0 13 27
74 74 19 83 11 44 30 93 66 25 50 15 97 77 71 26 20 34 36 48 85 14 83 79 65 91 82 27 44 38 55 10 76 75 97 54 16 40 46 35 64 53 79 28 97 35 20 56 70 88 78 93 32 21 87 95 50 79 62 42 76 35 93 49 88 86 89 25 69 14 81 76 99 96 35 41 23 14 16 43 60 23 11 80 86 43 31 82 61 18 49 97 22 82 15 42 94 18 80 83 38 38 99 83 57 90 12 71 93 40 48 71 13 0 61
82 31 39 64 59 79 80 52 92 79 52 37 45 38 39 83 31 68 31 52 55 17 95 20 62 23 91 62 79 20 48 63 88 29 90 79 39 52 91 99 41 86 14 26 74 97 61 92 29 78 41 26 77 42 52 88 22 98 41 75 96 18 28 26 32 63 36 22 95 98 73 58 57 31 56 14 93 56 48 70 23 58 11 85 92 10 42 29 54 61 77 45 29 52 87 50 12 28 93 95 43 30 98 25 65 46 34 63 24 41 90 77 27 61 0