95
0 87 65 15 50 72 97 83 65 58 15 23 39 31 67 57 42 65 72 13 16 38 76 33 22 41 48 31 70 90 79 28 52 27 94 76 44 31 13 95 56 10 27 16 73 28 24 63 97 83 95 56 87 58 74 69 52 37 70 41 93 44 89 81 13 82 21 98 77 56 61 98 63 50 72 39 14 49 81 63 76 59 84 68 69 92 36 22 45 82 76 75 41 67 46
87 0 34 36 85 14 96 63 20 13 64 11 26 28 46 27 80 66 75 42 34 42 38 13 18 45 19 87 36 92 36 26 81 71 58 76 56 99 73 34 38 45 13 38 45 29 50 91 30 23 91 84 38 36 80 93 40 15 63 72 88 38 66 15 31 62 61 17 13 21 13 66 26 23 64 74 31 78 47 86 56 62 62 10 66 85 17 99 25 47 61 29 85 27 94
65 34 0 61 23 69 93 47 72 87 82 13 21 95 77 15 39 32 74 25 75 22 30 34 68 81 68 84 39 57 68 86 19 62 81 79 94 23 32 53 80 68 23 59 16 59 96 66 95 46 43 18 62 80 46 90 66 83 49 60 42 41 85 94 34 76 85 18 25 78 71 82 31 89 49 80 97 60 78 29 47 70 66 11 63 12 61 24 46 42 64 63 65 28 69
15 36 61 0 23 18 68 20 51 60 98 94 66 19 85 43 91 43 87 37 66 70 46 63 36 40 25 21 83 20 47 76 11 52 85 87 83 28 33 68 60 81 54 37 86 58 65 89 92 71 18 77 45 59 67 23 88 20 67 35 10 47 21 45 79 15 51 66 83 47 50 16 88 99 32 11 41 34 16 16 70 82 57 93 88 14 60 70 11 38 84 92 13 27 13
50 85 23 23 0 30 30 90 98 49 59 22 58 24 21 58 88 84 88 85 79 85 71 28 99 85 16 80 11 45 37 67 34 82 98 48 87 81 65 50 33 68 71 69 92 17 57 50 60 44 65 16 68 12 98 58 45 40 61 35 63 93 42 54 47 32 48 33 60 96 41 37 57 98 62 25 35 54 94 38 93 16 82 16 81 19 37 24 77 53 99 47 33 11 55
72 14 69 18 30 0 46 39 82 25 30 15 99 80 65 46 10 10 20 89 69 70 53 13 17 46 59 27 78 91 89 16 74 28 90 49 69 30 94 57 29 37 40 41 91 22 77 10 70 84 40 98 12 18 56 80 62 72 24 52 52 49 87 95 10 90 10 20 69 67 39 19 51 61 86 12 70 17 72 99 22 32 71 92 15 31 30 21 14 76 23 70 76 68 24
97 96 93 68 30 46 0 96 78 25 40 45 90 76 73 84 35 60 73 10 12 62 28 38 34 96 28 42 33 74 22 96 64 54 57 10 43 48 41 40 28 87 58 17 25 50 37 69 84 87 64 89 71 86 48 99 49 50 97 16 83 54 89 16 19 55 86 53 13 55 44 37 20 59 79 96 32 56 63 80 74 43 25 37 36 65 36 74 21 64 13 11 98 63 37
83 63 47 20 90 39 96 0 91 92 43 65 27 14 76 29 39 25 32 10 35 89 70 89 77 58 50 79 38 80 96 44 22 42 40 69 79 27 61 54 94 23 63 90 69 51 11 46 87 47 23 70 20 11 62 77 45 70 22 54 33 45 61 79 22 26 57 75 85 24 18 45 39 94 44 69 75 80 69 28 73 63 68 30 38 84 54 99 10 11 21 18 75 67 33
65 20 72 51 98 82 78 91 0 62 22 68 21 48 38 57 49 79 55 22 47 92 54 37 17 27 38 66 87 20 24 71 27 93 22 93 59 43 42 54 80 58 17 99 79 86 30 91 65 85 38 28 63 26 19 75 31 49 70 20 64 79 14 82 91 81 88 35 10 55 19 22 30 85 39 41 70 34 41 98 36 47 31 76 15 33 72 94 74 94 91 88 42 19 75
58 13 87 60 49 25 25 92 62 0 20 50 94 62 15 73 88 58 70 86 73 14 62 15 49 70 95 36 67 49 99 64 54 80 64 14 26 19 67 80 65 61 68 50 47 32 46 60 92 21 43 88 62 67 44 86 57 65 59 78 16 83 18 31 36 24 48 63 74 28 66 65 81 65 57 46 35 41 24 82 47 40 14 65 28 43 13 55 16 72 65 79 57 59 62
15 64 82 98 59 30 40 43 22 20 0 91 74 47 13 46 69 10 85 79 29 26 13 41 76 20 42 22 95 66 67 24 36 68 10 23 12 36 68 91 55 92 20 87 59 62 97 96 83 65 50 78 24 98 90 49 97 36 19 47 87 65 49 54 98 39 46 51 27 65 54 98 54 78 25 54 98 38 22 11 57 31 98 30 87 72 49 58 34 48 43 59 84 76 78
23 11 13 94 22 15 45 65 68 50 91 0 79 88 69 26 99 46 79 50 43 50 62 50 59 59 51 86 27 47 31 81 20 22 73 16 67 37 89 98 81 45 19 82 33 46 41 93 77 85 93 58 21 69 90 11 21 53 55 49 46 58 23 40 25 89 22 32 85 29 39 47 57 41 60 95 24 45 95 85 83 66 53 51 80 38 48 73 21 36 70 47 30 84 29
39 26 21 66 58 99 90 27 21 94 74 79 0 38 32 64 94 17 12 65 33 40 94 79 73 93 80 89 46 41 38 13 14 98 96 64 50 16 10 89 93 42 85 90 32 18 59 24 64 38 72 54 49 55 77 27 38 86 29 36 20 74 53 64 94 39 52 62 42 49 30 87 86 43 11 68 99 77 61 56 47 21 52 76 92 46 81 72 96 81 24 14 17 60 62
31 28 95 19 24 80 76 14 48 62 47 88 38 0 62 71 30 15 72 85 29 28 12 20 36 88 78 93 89 90 45 62 28 78 93 33 12 67 43 22 44 44 91 34 69 99 25 55 39 28 38 25 59 66 90 11 59 83 16 29 42 33 45 64 56 37 23 71 79 11 31 36 65 35 61 71 47 99 82 35 65 65 87 43 33 62 64 30 84 49 71 78 39 77 19
67 46 77 85 21 65 73 76 38 15 13 69 32 62 0 83 83 28 90 12 43 61 51 38 85 11 76 98 33 25 25 94 13 95 19 98 58 20 64 19 38 49 74 75 38 72 77 80 32 82 77 72 68 41 48 53 19 14 99 76 94 10 27 84 98 23 40 68 83 81 72 78 21 44 93 34 86 39 77 99 48 31 81 36 10 49 32 84 19 11 59 30 46 44 44
57 27 15 43 58 46 84 29 57 73 46 26 64 71 83 0 87 76 80 22 99 87 72 82 98 11 77 19 43 31 88 54 10 58 25 26 69 14 47 56 95 15 32 86 62 52 38 53 48 21 85 53 75 14 10 49 16 45 79 18 20 64 53 68 72 76 45 93 64 18 36 34 87 99 89 41 40 28 77 65 99 55 53 82 18 50 88 48 89 61 19 68 69 61 45
42 80 39 91 88 10 35 39 49 88 69 99 94 30 83 87 0 34 78 41 73 77 35 78 33 20 81 20 92 62 15 66 59 52 75 89 70 11 98 23 37 91 89 27 93 82 50 43 98 69 51 46 74 97 17 25 30 48 49 29 26 68 36 11 22 66 93 96 79 51 80 11 50 17 74 54 79 84 15 88 44 46 15 91 15 53 73 78 70 65 83 34 61 16 52
65 66 32 43 84 10 60 25 79 58 10 46 17 15 28 76 34 0 39 47 88 18 48 85 61 94 18 31 20 84 24 22 80 20 58 92 25 56 78 47 52 77 53 91 38 20 58 42 94 79 48 34 43 32 33 85 90 19 90 53 10 96 90 33 50 25 36 31 30 60 90 48 69 97 38 38 70 28 81 76 37 93 38 40 42 29 58 58 64 15 12 95 51 20 86
72 75 74 87 88 20 73 32 55 70 85 79 12 72 90 80 78 39 0 45 99 17 23 32 45 34 95 99 82 78 58 70 10 82 49 78 56 88 79 24 62 10 77 64 19 23 73 11 59 49 99 29 85 21 13 33 10 71 75 43 43 71 71 36 67 43 34 59 16 52 69 36 76 83 76 80 87 92 62 36 19 62 28 12 83 71 89 74 41 48 82 69 58 10 30
13 42 25 37 85 89 10 10 22 86 79 50 65 85 12 22 41 47 45 0 46 77 55 20 59 63 54 75 27 88 78 85 84 13 72 16 28 76 76 93 37 18 62 77 52 73 40 74 68 73 87 64 42 86 82 76 22 23 40 57 65 55 66 38 84 84 52 22 53 53 71 76 63 57 81 77 30 17 52 66 72 90 55 18 78 70 20 89 37 39 64 40 59 80 44
16 34 75 66 79 69 12 35 47 73 29 43 33 29 43 99 73 88 99 46 0 50 43 48 86 25 16 77 41 63 74 53 19 70 79 79 11 38 19 23 88 16 20 30 90 58 66 58 40 39 73 41 81 49 62 96 22 65 16 29 76 18 68 98 72 41 97 39 79 98 27 57 11 17 61 64 12 78 21 56 80 47 43 94 38 41 25 15 74 29 64 61 37 41 54
38 42 22 70 85 70 62 89 92 14 26 50 40 28 61 87 77 18 17 77 50 0 64 27 46 60 71 31 61 19 29 26 88 80 97 92 28 24 57 50 62 39 65 97 97 19 91 18 62 42 52 61 59 55 53 69 73 84 66 43 53 30 40 92 15 74 42 27 29 34 75 63 55 75 37 51 81 44 95 21 72 73 73 44 17 73 15 21 86 39 62 52 26 41 54
76 38 30 46 71 53 28 70 54 62 13 62 94 12 51 72 35 48 23 55 43 64 0 63 19 38 55 89 43 62 20 88 80 18 46 37 83 35 63 29 92 78 39 46 77 36 45 68 82 94 46 98 67 75 38 38 14 72 21 22 57 11 62 38 89 56 19 21 57 83 84 19 57 16 12 11 69 37 68 61 90 76 89 42 84 35 48 14 38 61 77 62 31 21 63
33 13 34 63 28 13 38 89 37 15 41 50 79 20 38 82 78 85 32 20 48 27 63 0 81 76 20 17 15 22 75 15 73 54 41 96 80 16 21 12 72 49 11 48 30 69 16 82 36 44 40 49 45 43 50 51 95 78 73 56 99 44 84 40 53 52 62 20 38 27 24 99 68 50 99 16 65 45 45 56 88 67 35 70 17 57 91 26 86 73 12 49 32 33 49
22 18 68 36 99 17 34 77 17 49 76 59 73 36 85 98 33 61 45 59 86 46 19 81 0 88 25 27 50 16 90 18 88 65 59 73 73 55 87 66 30 91 57 60 44 28 25 59 20 52 91 97 39 93 17 13 74 68 60 40 76 40 90 62 84 57 57 77 73 14 20 35 25 91 75 24 49 67 80 13 17 15 94 47 45 39 83 78 62 92 18 48 81 26 68
41 45 81 40 85 46 96 58 27 70 20 59 93 88 11 11 20 94 34 63 25 60 38 76 88 0 70 42 23 50 54 80 57 81 96 82 66 31 82 97 41 83 24 91 59 99 11 41 91 71 99 89 88 87 79 63 63 71 25 70 96 19 47 37 54 44 29 77 71 26 25 15 31 76 37 48 14 16 68 83 33 66 77 77 18 99 19 70 15 25 38 41 30 38 55
48 19 68 25 16 59 28 50 38 95 42 51 80 78 76 77 81 18 95 54 16 71 55 20 25 70 0 60 12 98 77 64 18 95 11 45 65 73 15 63 89 50 88 56 51 91 32 69 27 77 47 35 70 10 72 40 41 93 61 55 46 23 46 18 66 13 17 30 58 69 92 92 26 71 23 13 83 28 96 92 23 66 36 60 16 87 59 88 71 34 74 58 93 33 19
31 87 84 21 80 27 42 79 66 36 22 86 89 93 98 19 20 31 99 75 77 31 89 17 27 42 60 0 84 28 10 62 65 78 42 80 15 92 64 45 84 84 35 75 95 43 39 81 18 28 42 92 59 32 26 22 62 79 12 26 51 12 31 36 22 98 94 77 75 81 41 27 79 18 15 32 64 11 89 22 44 95 90 93 21 83 78 68 23 86 75 85 60 72 70
70 36 39 83 11 78 33 38 87 67 95 27 46 89 33 43 92 20 82 27 41 61 43 15 50 23 12 84 0 94 91 11 96 16 51 91 37 88 33 47 71 11 26 75 22 65 36 39 52 83 21 10 91 42 45 11 61 88 31 47 17 88 27 65 71 63 71 57 77 47 93 74 54 63 10 77 47 95 16 68 13 60 72 26 28 27 67 17 55 51 95 92 85 28 56
90 92 57 20 45 91 74 80 20 49 66 47 41 90 25 31 62 84 78 88 63 19 62 22 16 50 98 28 94 0 38 57 34 67 85 78 33 30 38 26 83 74 88 73 54 40 62 99 80 45 98 79 92 58 64 83 50 97 43 67 69 76 40 13 74 87 79 63 98 62 21 88 81 69 45 99 77 41 73 63 89 35 53 97 62 67 70 87 61 77 72 81 42 45 33
79 36 68 47 37 89 22 96 24 99 67 31 38 45 25 88 15 24 58 78 74 29 20 75 90 54 77 10 91 38 0 51 54 41 64 40 28 55 24 15 71 70 78 62 75 82 59 69 75 55 72 54 28 81 88 30 47 90 23 95 30 12 28 77 93 63 48 18 86 72 29 12 36 12 69 88 41 85 36 97 70 79 19 36 13 84 62 89 61 96 72 13 26 66 41
28 26 86 76 67 16 96 44 71 64 24 81 13 62 94 54 66 22 70 85 53 26 88 15 18 80 64 62 11 57 51 0 81 85 74 41 38 98 76 59 25 50 52 13 50 50 10 81 66 56 33 48 96 99 75 96 84 60 74 70 55 59 86 71 47 93 66 19 59 69 81 86 64 37 26 16 74 83 37 11 35 29 64 88 28 27 19 87 65 37 14 24 19 42 36
52 81 19 11 34 74 64 22 27 54 36 20 14 28 13 10 59 80 10 84 19 88 80 73 88 57 18 65 96 34 54 81 0 26 74 51 72 96 31 16 17 18 24 27 13 52 67 75 20 22 72 72 85 80 74 63 88 35 16 91 19 43 21 47 13 40 72 51 92 83 51 47 80 46 59 46 97 34 97 55 70 43 18 92 66 99 94 40 45 59 74 10 49 14 54
27 71 62 52 82 28 54 42 93 80 68 22 98 78 95 58 52 20 82 13 70 80 18 54 65 81 95 78 16 67 41 85 26 0 69 94 83 13 39 85 14 28 57 57 16 37 75 72 61 64 18 20 18 16 62 17 95 44 24 38 79 30 11 71 52 96 48 83 13 88 25 76 20 53 44 49 30 96 42 85 49 81 79 40 93 26 96 13 92 44 98 65 81 10 84
94 58 81 85 98 90 57 40 22 64 10 73 96 93 19 25 75 58 49 72 79 97 46 41 59 96 11 42 51 85 64 74 74 69 0 77 77 81 77 14 33 37 34 52 66 79 19 44 28 25 74 36 68 95 33 70 28 99 90 16 63 19 10 95 90 63 39 66 41 59 29 51 81 11 43 11 14 88 69 19 14 11 75 76 76 57 33 27 63 61 32 13 34 73 22
76 76 79 87 48 49 10 69 93 14 23 16 64 33 98 26 89 92 78 16 79 92 37 96 73 82 45 80 91 78 40 41 51 94 77 0 66 99 56 43 80 64 51 10 33 35 84 35 84 25 66 83 62 65 12 99 69 55 27 83 83 15 63 27 31 84 19 28 74 71 27 63 45 45 17 77 66 46 19 62 34 98 48 83 54 40 91 34 90 23 11 78 22 69 10
44 56 94 83 87 69 43 79 59 26 12 67 50 12 58 69 70 25 56 28 11 28 83 80 73 66 65 15 37 33 28 38 72 83 77 66 0 26 27 71 12 16 44 58 31 63 71 45 45 78 25 87 56 44 98 10 40 94 77 83 67 56 77 35 52 35 53 13 18 11 29 92 62 34 49 10 19 26 40 55 37 11 11 19 43 61 83 90 97 29 25 26 85 45 71
31 99 23 28 81 30 48 27 43 19 36 37 16 67 20 14 11 56 88 76 38 24 35 16 55 31 73 92 88 30 55 98 96 13 81 99 26 0 85 33 95 16 82 84 21 76 96 88 93 94 58 70 35 32 46 50 80 12 49 46 18 23 49 83 91 89 71 32 71 57 80 98 78 92 76 67 44 58 18 93 83 59 27 97 91 45 85 33 40 17 43 27 60 52 29
13 73 32 33 65 94 41 61 42 67 68 89 10 43 64 47 98 78 79 76 19 57 63 21 87 82 15 64 33 38 24 76 31 39 77 56 27 85 0 89 48 29 82 57 41 44 15 83 22 91 77 50 94 92 57 49 74 62 47 30 90 43 96 93 69 49 51 37 73 81 58 50 74 57 27 24 86 69 15 85 87 74 47 74 55 53 96 48 74 51 39 91 22 12 58
95 34 53 68 50 57 40 54 54 80 91 98 89 22 19 56 23 47 24 93 23 50 29 12 66 97 63 45 47 26 15 59 16 85 14 43 71 33 89 0 89 47 12 59 49 20 30 60 80 21 32 32 52 63 28 68 58 23 14 55 82 23 87 63 90 96 84 30 68 18 19 67 55 55 51 44 44 81 47 73 43 11 84 59 29 83 99 88 21 58 99 31 69 61 50
56 38 80 60 33 29 28 94 80 65 55 81 93 44 38 95 37 52 62 37 88 62 92 72 30 41 89 84 71 83 71 25 17 14 33 80 12 95 48 89 0 93 44 46 18 43 24 68 35 87 86 51 40 16 99 64 95 57 79 39 29 98 41 91 77 24 43 85 36 28 61 34 84 21 36 72 43 27 80 81 55 49 69 83 91 24 90 21 65 43 78 52 22 71 51
10 45 68 81 68 37 87 23 58 61 92 45 42 44 49 15 91 77 10 18 16 39 78 49 91 83 50 84 11 74 70 50 18 28 37 64 16 16 29 47 93 0 83 37 42 26 85 95 65 28 79 90 54 86 57 36 16 51 70 60 28 48 97 54 63 69 58 24 41 38 47 60 85 18 84 44 82 12 67 67 19 60 89 24 21 84 78 67 37 75 80 23 77 80 15
27 13 23 54 71 40 58 63 17 68 20 19 85 91 74 32 89 53 77 62 20 65 39 11 57 24 88 35 26 88 78 52 24 57 34 51 44 82 82 12 44 83 0 69 73 38 42 82 35 10 58 30 58 52 42 45 53 36 85 91 89 52 79 16 51 16 79 66 19 84 57 69 58 38 33 85 79 28 60 63 47 32 76 45 97 22 66 18 56 15 90 93 80 62 42
16 38 59 37 69 41 17 90 99 50 87 82 90 34 75 86 27 91 64 77 30 97 46 48 60 91 56 75 75 73 62 13 27 57 52 10 58 84 57 59 46 37 69 0 12 36 59 37 12 60 12 38 99 90 43 26 93 79 95 26 16 84 70 85 15 36 57 37 45 99 85 83 94 24 56 42 25 64 73 13 60 58 77 62 84 38 47 70 73 71 94 64 14 31 23
73 45 16 86 92 91 25 69 79 47 59 33 32 69 38 62 93 38 19 52 90 97 77 30 44 59 51 95 22 54 75 50 13 16 66 33 31 21 41 49 18 42 73 12 0 97 22 54 28 88 64 39 71 48 18 88 89 45 92 96 44 59 88 71 51 49 53 84 23 16 13 71 12 23 88 90 80 27 60 39 64 36 24 52 98 39 18 11 50 47 62 84 31 15 37
28 29 59 58 17 22 50 51 86 32 62 46 18 99 72 52 82 20 23 73 58 19 36 69 28 99 91 43 65 40 82 50 52 37 79 35 63 76 44 20 43 26 38 36 97 0 87 21 62 55 92 51 68 42 90 14 76 89 68 41 64 32 92 35 36 94 53 11 35 54 29 94 65 51 94 13 27 60 50 85 68 60 51 34 78 16 66 48 79 21 56 24 80 80 46
24 50 96 65 57 77 37 11 30 46 97 41 59 25 77 38 50 58 73 40 66 91 45 16 25 11 32 39 36 62 59 10 67 75 19 84 71 96 15 30 24 85 42 59 22 87 0 49 24 22 38 84 62 73 61 64 96 96 38 56 82 81 36 15 27 32 11 21 20 26 29 72 33 82 32 19 56 28 38 28 74 53 77 43 54 99 61 57 62 69 21 80 70 68 73
63 91 66 89 50 10 69 46 91 60 96 93 24 55 80 53 43 42 11 74 58 18 68 82 59 41 69 81 39 99 69 81 75 72 44 35 45 88 83 60 68 95 82 37 54 21 49 0 17 53 80 26 68 54 34 30 12 28 20 48 16 62 53 20 79 54 64 93 99 84 78 45 54 44 35 37 63 72 72 23 40 30 39 49 13 32 18 47 57 22 52 13 18 53 59
97 30 95 92 60 70 84 87 65 92 83 77 64 39 32 48 98 94 59 68 40 62 82 36 20 91 27 18 52 80 75 66 20 61 28 84 45 93 22 80 35 65 35 12 28 62 24 17 0 68 99 53 64 52 30 46 74 20 60 41 87 98 17 14 18 59 71 91 69 82 16 58 10 44 19 60 31 96 10 26 56 43 59 54 15 31 67 87 87 36 60 37 73 46 14
83 23 46 71 44 84 87 47 85 21 65 85 38 28 82 21 69 79 49 73 39 42 94 44 52 71 77 28 83 45 55 56 22 64 25 25 78 94 91 21 87 28 10 60 88 55 22 53 68 0 28 54 57 42 56 27 37 63 48 67 50 65 79 55 53 85 57 42 79 82 22 50 92 51 43 38 44 19 33 40 95 78 18 54 12 85 73 98 87 99 94 53 47 74 75
95 91 43 18 65 40 64 23 38 43 50 93 72 38 77 85 51 48 99 87 73 52 46 40 91 99 47 42 21 98 72 33 72 18 74 66 25 58 77 32 86 79 58 12 64 92 38 80 99 28 0 33 26 52 45 92 17 82 33 75 86 84 63 97 99 86 60 76 52 52 77 72 44 61 20 55 28 15 64 10 38 92 63 75 39 29 86 22 11 42 86 56 72 91 30
56 84 18 77 16 98 89 70 28 88 78 58 54 25 72 53 46 34 29 64 41 61 98 49 97 89 35 92 10 79 54 48 72 20 36 83 87 70 50 32 51 90 30 38 39 51 84 26 53 54 33 0 26 98 42 79 56 14 86 61 51 99 86 68 39 13 40 80 34 81 70 16 46 76 15 34 78 41 51 65 50 70 41 18 94 80 80 72 65 31 25 81 41 71 59
87 38 62 45 68 12 71 20 63 62 24 21 49 59 68 75 74 43 85 42 81 59 67 45 39 88 70 59 91 92 28 96 85 18 68 62 56 35 94 52 40 54 58 99 71 68 62 68 64 57 26 26 0 57 85 47 54 92 25 30 52 90 26 99 20 62 77 88 20 12 31 70 48 83 30 47 56 96 75 67 63 54 16 66 63 29 44 20 88 27 13 94 33 47 91
58 36 80 59 12 18 86 11 26 67 98 69 55 66 41 14 97 32 21 86 49 55 75 43 93 87 10 32 42 58 81 99 80 16 95 65 44 32 92 63 16 86 52 90 48 42 73 54 52 42 52 98 57 0 82 54 89 77 69 83 22 81 21 25 63 48 97 88 92 67 41 41 38 74 28 31 27 82 79 79 79 17 38 40 59 80 19 67 18 43 59 93 65 21 26
74 80 46 67 98 56 48 62 19 44 90 90 77 90 48 10 17 33 13 82 62 53 38 50 17 79 72 26 45 64 88 75 74 62 33 12 98 46 57 28 99 57 42 43 18 90 61 34 30 56 45 42 85 82 0 98 52 98 39 81 22 31 11 32 62 25 80 81 44 94 26 60 52 22 43 29 40 54 14 68 16 62 38 66 18 63 53 91 66 15 64 44 14 42 39
69 93 90 23 58 80 99 77 75 86 49 11 27 11 53 49 25 85 33 76 96 69 38 51 13 63 40 22 11 83 30 96 63 17 70 99 10 50 49 68 64 36 45 26 88 14 64 30 46 27 92 79 47 54 98 0 64 40 50 88 87 18 40 69 66 62 23 86 12 86 65 28 27 72 97 35 24 18 59 40 49 75 14 56 11 89 67 97 92 15 65 41 83 66 36
52 40 66 88 45 62 49 45 31 57 97 21 38 59 19 16 30 90 10 22 22 73 14 95 74 63 41 62 61 50 47 84 88 95 28 69 40 80 74 58 95 16 53 93 89 76 96 12 74 37 17 56 54 89 52 64 0 14 46 86 42 83 65 25 63 25 50 42 87 96 93 95 88 78 33 88 28 65 67 96 58 91 69 53 37 49 60 76 87 33 84 24 60 67 27
37 15 83 20 40 72 50 70 49 65 36 53 86 83 14 45 48 19 71 23 65 84 72 78 68 71 93 79 88 97 90 60 35 44 99 55 94 12 62 23 57 51 36 79 45 89 96 28 20 63 82 14 92 77 98 40 14 0 96 66 21 53 33 16 64 46 34 80 32 47 31 12 48 80 35 71 22 49 33 16 54 71 13 10 80 13 85 92 14 39 73 76 21 95 61
70 63 49 67 61 24 97 22 70 59 19 55 29 16 99 79 49 90 75 40 16 66 21 73 60 25 61 12 31 43 23 74 16 24 90 27 77 49 47 14 79 70 85 95 92 68 38 20 60 48 33 86 25 69 39 50 46 96 0 26 23 20 72 79 32 64 21 64 42 41 20 83 99 24 63 90 95 44 50 87 62 52 45 32 58 52 21 98 80 35 96 92 67 80 77
41 72 60 35 35 52 16 54 20 78 47 49 36 29 76 18 29 53 43 57 29 43 22 56 40 70 55 26 47 67 95 70 91 38 16 83 83 46 30 55 39 60 91 26 96 41 56 48 41 67 75 61 30 83 81 88 86 66 26 0 93 56 81 45 19 55 31 58 43 69 77 39 42 54 70 66 79 82 21 61 57 93 35 87 47 79 98 20 97 78 24 26 88 98 92
93 88 42 10 63 52 83 33 64 16 87 46 20 42 94 20 26 10 43 65 76 53 57 99 76 96 46 51 17 69 30 55 19 79 63 83 67 18 90 82 29 28 89 16 44 64 82 16 87 50 86 51 52 22 22 87 42 21 23 93 0 86 64 88 28 21 59 38 32 13 10 65 48 61 62 45 16 19 73 38 80 64 46 94 45 80 22 68 71 96 54 39 37 80 85
44 38 41 47 93 49 54 45 79 83 65 58 74 33 10 64 68 96 71 55 18 30 11 44 40 19 23 12 88 76 12 59 43 30 19 15 56 23 43 23 98 48 52 84 59 32 81 62 98 65 84 99 90 81 31 18 83 53 20 56 86 0 61 28 81 84 31 70 57 31 17 85 38 30 35 17 16 33 73 83 13 84 69 12 81 81 28 18 67 15 48 33 24 90 95
89 66 85 21 42 87 89 61 14 18 49 23 53 45 27 53 36 90 71 66 68 40 62 84 90 47 46 31 27 40 28 86 21 11 10 63 77 49 96 87 41 97 79 70 88 92 36 53 17 79 63 86 26 21 11 40 65 33 72 81 64 61 0 28 78 10 22 78 94 11 56 92 13 77 13 53 99 88 52 53 80 49 16 37 98 47 55 17 78 21 59 74 73 86 74
81 15 94 45 54 95 16 79 82 31 54 40 64 64 84 68 11 33 36 38 98 92 38 40 62 37 18 36 65 13 77 71 47 71 95 27 35 83 93 63 91 54 16 85 71 35 15 20 14 55 97 68 99 25 32 69 25 16 79 45 88 28 28 0 56 28 53 83 20 95 93 61 19 51 24 33 40 56 25 36 43 40 67 45 99 20 92 87 78 51 77 59 59 79 56
13 31 34 79 47 10 19 22 91 36 98 25 94 56 98 72 22 50 67 84 72 15 89 53 84 54 66 22 71 74 93 47 13 52 90 31 52 91 69 90 77 63 51 15 51 36 27 79 18 53 99 39 20 63 62 66 63 64 32 19 28 81 78 56 0 97 40 53 65 78 63 13 66 98 24 11 10 30 85 43 52 29 62 25 46 12 33 90 23 77 68 95 65 78 27
82 62 76 15 32 90 55 26 81 24 39 89 39 37 23 76 66 25 43 84 41 74 56 52 57 44 13 98 63 87 63 93 40 96 63 84 35 89 49 96 24 69 16 36 49 94 32 54 59 85 86 13 62 48 25 62 25 46 64 55 21 84 10 28 97 0 42 44 77 78 69 89 24 14 95 55 77 90 60 99 85 18 72 29 58 33 48 22 94 74 37 17 41 25 40
21 61 85 51 48 10 86 57 88 48 46 22 52 23 40 45 93 36 34 52 97 42 19 62 57 29 17 94 71 79 48 66 72 48 39 19 53 71 51 84 43 58 79 57 53 53 11 64 71 57 60 40 77 97 80 23 50 34 21 31 59 31 22 53 40 42 0 89 90 65 88 16 11 34 59 98 20 27 25 34 78 29 85 49 99 33 27 36 35 99 60 63 72 91 16
98 17 18 66 33 20 53 75 35 63 51 32 62 71 68 93 96 31 59 22 39 27 21 20 77 77 30 77 57 63 18 19 51 83 66 28 13 32 37 30 85 24 66 37 84 11 21 93 91 42 76 80 88 88 81 86 42 80 64 58 38 70 78 83 53 44 89 0 96 96 39 99 28 65 23 42 12 64 88 61 63 37 26 30 58 81 56 50 46 76 56 77 83 83 99
77 13 25 83 60 69 13 85 10 74 27 85 42 79 83 64 79 30 16 53 79 29 57 38 73 71 58 75 77 98 86 59 92 13 41 74 18 71 73 68 36 41 19 45 23 35 20 99 69 79 52 34 20 92 44 12 87 32 42 43 32 57 94 20 65 77 90 96 0 73 83 97 89 99 63 63 63 58 99 47 82 21 78 92 69 40 65 66 59 35 16 38 29 81 59
56 21 78 47 96 67 55 24 55 28 65 29 49 11 81 18 51 60 52 53 98 34 83 27 14 26 69 81 47 62 72 69 83 88 59 71 11 57 81 18 28 38 84 99 16 54 26 84 82 82 52 81 12 67 94 86 96 47 41 69 13 31 11 95 78 78 65 96 73 0 20 20 50 52 60 80 86 21 20 95 18 78 41 51 42 62 48 20 18 76 61 72 55 75 62
61 13 71 50 41 39 44 18 19 66 54 39 30 31 72 36 80 90 69 71 27 75 84 24 20 25 92 41 93 21 29 81 51 25 29 27 29 80 58 19 61 47 57 85 13 29 29 78 16 22 77 70 31 41 26 65 93 31 20 77 10 17 56 93 63 69 88 39 83 20 0 41 54 90 12 44 58 64 68 39 67 65 92 46 45 34 34 69 19 12 52 47 58 59 91
98 66 82 16 37 19 37 45 22 65 98 47 87 36 78 34 11 48 36 76 57 63 19 99 35 15 92 27 74 88 12 86 47 76 51 63 92 98 50 67 34 60 69 83 71 94 72 45 58 50 72 16 70 41 60 28 95 12 83 39 65 85 92 61 13 89 16 99 97 20 41 0 54 99 35 70 39 73 91 62 53 86 73 48 49 12 52 41 36 16 87 84 14 53 37
63 26 31 88 57 51 20 39 30 81 54 57 86 65 21 87 50 69 76 63 11 55 57 68 25 31 26 79 54 81 36 64 80 20 81 45 62 78 74 55 84 85 58 94 12 65 33 54 10 92 44 46 48 38 52 27 88 48 99 42 48 38 13 19 66 24 11 28 89 50 54 54 0 19 53 72 32 82 50 91 72 99 86 22 31 76 75 20 20 21 72 28 16 69 49
50 23 89 99 98 61 59 94 85 65 78 41 43 35 44 99 17 97 83 57 17 75 16 50 91 76 71 18 63 69 12 37 46 53 11 45 34 92 57 55 21 18 38 24 23 51 82 44 44 51 61 76 83 74 22 72 78 80 24 54 61 30 77 51 98 14 34 65 99 52 90 99 19 0 83 96 79 41 77 90 64 41 19 58 61 27 65 82 61 53 45 69 64 95 89
72 64 49 32 62 86 79 44 39 57 25 60 11 61 93 89 74 38 76 81 61 37 12 99 75 37 23 15 10 45 69 26 59 44 43 17 49 76 27 51 36 84 33 56 88 94 32 35 19 43 20 15 30 28 43 97 33 35 63 70 62 35 13 24 24 95 59 23 63 60 12 35 53 83 0 34 44 42 99 55 55 83 54 62 95 96 91 12 59 54 43 24 78 29 62
39 74 80 11 25 12 96 69 41 46 54 95 68 71 34 41 54 38 80 77 64 51 11 16 24 48 13 32 77 99 88 16 46 49 11 77 10 67 24 44 72 44 85 42 90 13 19 37 60 38 55 34 47 31 29 35 88 71 90 66 45 17 53 33 11 55 98 42 63 80 44 70 72 96 34 0 84 61 78 66 48 27 97 40 85 10 11 86 81 51 41 64 26 91 93
14 31 97 41 35 70 32 75 70 35 98 24 99 47 86 40 79 70 87 30 12 81 69 65 49 14 83 64 47 77 41 74 97 30 14 66 19 44 86 44 43 82 79 25 80 27 56 63 31 44 28 78 56 27 40 24 28 22 95 79 16 16 99 40 10 77 20 12 63 86 58 39 32 79 44 84 0 53 27 42 25 49 58 80 30 53 34 55 91 76 86 22 81 77 36
49 78 60 34 54 17 56 80 34 41 38 45 77 99 39 28 84 28 92 17 78 44 37 45 67 16 28 11 95 41 85 83 34 96 88 46 26 58 69 81 27 12 28 64 27 60 28 72 96 19 15 41 96 82 54 18 65 49 44 82 19 33 88 56 30 90 27 64 58 21 64 73 82 41 42 61 53 0 30 58 58 43 87 41 55 12 86 97 23 32 23 64 10 45 30
81 47 78 16 94 72 63 69 41 24 22 95 61 82 77 77 15 81 62 52 21 95 68 45 80 68 96 89 16 73 36 37 97 42 69 19 40 18 15 47 80 67 60 73 60 50 38 72 10 33 64 51 75 79 14 59 67 33 50 21 73 73 52 25 85 60 25 88 99 20 68 91 50 77 99 78 27 30 0 72 25 94 66 35 87 72 47 41 28 64 18 58 96 66 15
63 86 29 16 38 99 80 28 98 82 11 85 56 35 99 65 88 76 36 66 56 21 61 56 13 83 92 22 68 63 97 11 55 85 19 62 55 93 85 73 81 67 63 13 39 85 28 23 26 40 10 65 67 79 68 40 96 16 87 61 38 83 53 36 43 99 34 61 47 95 39 62 91 90 55 66 42 58 72 0 32 96 16 82 71 60 20 35 82 52 74 34 58 61 59
76 56 47 70 93 22 74 73 36 47 57 83 47 65 48 99 44 37 19 72 80 72 90 88 17 33 23 44 13 89 70 35 70 49 14 34 37 83 87 43 55 19 47 60 64 68 74 40 56 95 38 50 63 79 16 49 58 54 62 57 80 13 80 43 52 85 78 63 82 18 67 53 72 64 55 48 25 58 25 32 0 87 21 71 21 21 47 73 26 58 25 87 97 31 65
59 62 70 82 16 32 43 63 47 40 31 66 21 65 31 55 46 93 62 90 47 73 76 67 15 66 66 95 60 35 79 29 43 81 11 98 11 59 74 11 49 60 32 58 36 60 53 30 43 78 92 70 54 17 62 75 91 71 52 93 64 84 49 40 29 18 29 37 21 78 65 86 99 41 83 27 49 43 94 96 87 0 86 34 16 61 18 95 20 15 91 61 18 75 40
84 62 66 57 82 71 25 68 31 14 98 53 52 87 81 53 15 38 28 55 43 73 89 35 94 77 36 90 72 53 19 64 18 79 75 48 11 27 47 84 69 89 76 77 24 51 77 39 59 18 63 41 16 38 38 14 69 13 45 35 46 69 16 67 62 72 85 26 78 41 92 73 86 19 54 97 58 87 66 16 21 86 0 98 75 63 28 97 62 83 14 94 35 33 78
68 10 11 93 16 92 37 30 76 65 30 51 76 43 36 82 91 40 12 18 94 44 42 70 47 77 60 93 26 97 36 88 92 40 76 83 19 97 74 59 83 24 45 62 52 34 43 49 54 54 75 18 66 40 66 56 53 10 32 87 94 12 37 45 25 29 49 30 92 51 46 48 22 58 62 40 80 41 35 82 71 34 98 0 31 69 84 32 21 63 74 53 84 49 68
69 66 63 88 81 15 36 38 15 28 87 80 92 33 10 18 15 42 83 78 38 17 84 17 45 18 16 21 28 62 13 28 66 93 76 54 43 91 55 29 91 21 97 84 98 78 54 13 15 12 39 94 63 59 18 11 37 80 58 47 45 81 98 99 46 58 99 58 69 42 45 49 31 61 95 85 30 55 87 71 21 16 75 31 0 22 17 97 81 16 40 51 57 59 94
92 85 12 14 19 31 65 84 33 43 72 38 46 62 49 50 53 29 71 70 41 73 35 57 39 99 87 83 27 67 84 27 99 26 57 40 61 45 53 83 24 84 22 38 39 16 99 32 31 85 29 80 29 80 63 89 49 13 52 79 80 81 47 20 12 33 33 81 40 62 34 12 76 27 96 10 53 12 72 60 21 61 63 69 22 0 41 56 38 29 91 97 85 36 20
36 17 61 60 37 30 36 54 72 13 49 48 81 64 32 88 73 58 89 20 25 15 48 91 83 19 59 78 67 70 62 19 94 96 33 91 83 85 96 99 90 78 66 47 18 66 61 18 67 73 86 80 44 19 53 67 60 85 21 98 22 28 55 92 33 48 27 56 65 48 34 52 75 65 91 11 34 86 47 20 47 18 28 84 17 41 0 72 36 84 27 10 30 38 73
22 99 24 70 24 21 74 99 94 55 58 73 72 30 84 48 78 58 74 89 15 21 14 26 78 70 88 68 17 87 89 87 40 13 27 34 90 33 48 88 21 67 18 70 11 48 57 47 87 98 22 72 20 67 91 97 76 92 98 20 68 18 17 87 90 22 36 50 66 20 69 41 20 82 12 86 55 97 41 35 73 95 97 32 97 56 72 0 74 47 89 57 47 13 72
45 25 46 11 77 14 21 10 74 16 34 21 96 84 19 89 70 64 41 37 74 86 38 86 62 15 71 23 55 61 61 65 45 92 63 90 97 40 74 21 65 37 56 73 50 79 62 57 87 87 11 65 88 18 66 92 87 14 80 97 71 67 78 78 23 94 35 46 59 18 19 36 20 61 59 81 91 23 28 82 26 20 62 21 81 38 36 74 0 24 68 78 58 37 42
82 47 42 38 53 76 64 11 94 72 48 36 81 49 11 61 65 15 48 39 29 39 61 73 92 25 34 86 51 77 96 37 59 44 61 23 29 17 51 58 43 75 15 71 47 21 69 22 36 99 42 31 27 43 15 15 33 39 35 78 96 15 21 51 77 74 99 76 35 76 12 16 21 53 54 51 76 32 64 52 58 15 83 63 16 29 84 47 24 0 28 31 52 12 60
76 61 64 84 99 23 13 21 91 65 43 70 24 71 59 19 83 12 82 64 64 62 77 12 18 38 74 75 95 72 72 14 74 98 32 11 25 43 39 99 78 80 90 94 62 56 21 52 60 94 86 25 13 59 64 65 84 73 96 24 54 48 59 77 68 37 60 56 16 61 52 87 72 45 43 41 86 23 18 74 25 91 14 74 40 91 27 89 68 28 0 47 65 51 47
75 29 63 92 47 70 11 18 88 79 59 47 14 78 30 68 34 95 69 40 61 52 62 49 48 41 58 85 92 81 13 24 10 65 13 78 26 27 91 31 52 23 93 64 84 24 80 13 37 53 56 81 94 93 44 41 24 76 92 26 39 33 74 59 95 17 63 77 38 72 47 84 28 69 24 64 22 64 58 34 87 61 94 53 51 97 10 57 78 31 47 0 86 41 95
41 85 65 13 33 76 98 75 42 57 84 30 17 39 46 69 61 51 58 59 37 26 31 32 81 30 93 60 85 42 26 19 49 81 34 22 85 60 22 69 22 77 80 14 31 80 70 18 73 47 72 41 33 65 14 83 60 21 67 88 37 24 73 59 65 41 72 83 29 55 58 14 16 64 78 26 81 10 96 58 97 18 35 84 57 85 30 47 58 52 65 86 0 33 92
67 27 28 27 11 68 63 67 19 59 76 84 60 77 44 61 16 20 10 80 41 41 21 33 26 38 33 72 28 45 66 42 14 10 73 69 45 52 12 61 71 80 62 31 15 80 68 53 46 74 91 71 47 21 42 66 67 95 80 98 80 90 86 79 78 25 91 83 81 75 59 53 69 95 29 91 77 45 66 61 31 75 33 49 59 36 38 13 37 12 51 41 33 0 62
46 94 69 13 55 24 37 33 75 62 78 29 62 19 44 45 52 86 30 44 54 54 63 49 68 55 19 70 56 33 41 36 54 84 22 10 71 29 58 50 51 15 42 23 37 46 73 59 14 75 30 59 91 26 39 36 27 61 77 92 85 95 74 56 27 40 16 99 59 62 91 37 49 89 62 93 36 30 15 59 65 40 78 68 94 20 73 72 42 60 47 95 92 62 0