45
0 78 82 29 40 59 49 12 72 93 65 48 33 38 49 52 25 34 65 33 14 22 27 40 55 29 24 11 70 36 78 21 74 77 97 61 83 29 40 91 31 55 80 91 54
78 0 93 43 20 27 46 91 93 62 40 93 74 46 88 38 84 52 43 19 19 80 49 37 71 77 54 29 28 58 23 94 65 68 49 42 28 64 67 81 41 11 58 15 56
82 93 0 43 98 79 74 95 10 63 99 75 12 29 17 25 57 93 49 87 18 11 46 80 54 57 24 36 66 50 88 98 77 79 51 81 40 84 60 80 58 66 55 12 82
29 43 43 0 49 51 31 77 91 71 76 14 73 72 36 64 22 24 32 52 40 26 86 69 32 20 84 65 15 49 57 40 75 94 56 28 37 39 68 56 60 54 37 27 18
40 20 98 49 0 13 34 33 82 89 47 38 97 50 41 87 57 67 86 44 13 99 33 86 37 21 54 69 63 39 30 50 52 57 90 19 86 71 72 28 12 21 70 20 39
59 27 79 51 13 0 12 39 22 27 75 41 81 31 35 70 26 73 57 53 52 92 56 92 76 21 33 80 53 49 99 64 88 31 42 57 85 36 69 99 86 29 32 17 58
49 46 74 31 34 12 0 96 61 87 46 31 29 83 68 21 23 66 61 39 94 10 94 68 10 23 35 92 62 93 46 52 31 40 98 61 28 94 88 34 29 85 17 24 72
12 91 95 77 33 39 96 0 84 77 27 72 96 58 39 65 50 49 73 38 57 11 69 18 37 70 97 82 91 24 45 86 41 29 21 67 22 10 18 83 58 69 40 19 55
72 93 10 91 82 22 61 84 0 71 81 94 87 72 46 52 19 50 91 64 96 72 44 50 80 48 27 96 79 30 91 44 47 76 71 66 15 80 57 65 11 76 39 89 28
93 62 63 71 89 27 87 77 71 0 68 98 41 36 63 88 73 68 90 24 73 93 83 29 58 25 58 60 94 62 21 77 93 11 82 85 96 99 81 53 78 48 78 81 68
65 40 99 76 47 75 46 27 81 68 0 40 45 49 96 93 75 35 63 24 34 75 70 15 86 69 58 48 17 26 47 62 16 48 50 96 49 71 32 92 28 19 99 22 56
48 93 75 14 38 41 31 72 94 98 40 0 44 82 46 38 96 18 29 44 70 11 13 63 66 88 89 93 18 46 89 63 77 73 52 36 71 83 67 62 64 80 18 49 53
33 74 12 73 97 81 29 96 87 41 45 44 0 19 79 82 48 37 63 70 73 76 92 12 83 81 27 44 56 70 24 71 55 29 42 73 45 20 51 34 37 87 77 93 51
38 46 29 72 50 31 83 58 72 36 49 82 19 0 46 26 53 82 15 65 48 90 70 93 69 64 79 90 89 71 81 39 17 10 85 99 88 63 19 69 51 77 93 90 45
49 88 17 36 41 35 68 39 46 63 96 46 79 46 0 95 66 35 83 85 43 11 72 80 15 57 25 83 73 27 90 44 17 61 94 96 27 21 71 95 56 82 57 24 16
52 38 25 64 87 70 21 65 52 88 93 38 82 26 95 0 67 29 79 60 27 19 59 14 58 39 27 69 19 38 60 54 93 10 76 16 80 88 41 32 52 91 44 71 61
25 84 57 22 57 26 23 50 19 73 75 96 48 53 66 67 0 23 98 68 44 84 65 21 82 70 37 52 53 78 63 54 56 86 62 86 67 81 51 59 17 28 84 35 30
34 52 93 24 67 73 66 49 50 68 35 18 37 82 35 29 23 0 19 94 61 69 56 42 83 90 98 74 32 78 83 18 34 78 72 14 11 93 71 25 42 41 37 87 18
65 43 49 32 86 57 61 73 91 90 63 29 63 15 83 79 98 19 0 19 73 87 18 77 71 58 49 46 31 85 27 90 86 49 16 70 33 98 11 74 62 49 30 26 67
33 19 87 52 44 53 39 38 64 24 24 44 70 65 85 60 68 94 19 0 15 64 12 34 71 55 54 56 46 17 78 57 12 72 20 27 84 65 94 50 97 14 65 94 16
14 19 18 40 13 52 94 57 96 73 34 70 73 48 43 27 44 61 73 15 0 45 90 76 84 18 53 18 39 50 30 81 34 40 63 45 14 75 10 57 60 76 38 23 83
22 80 11 26 99 92 10 11 72 93 75 11 76 90 11 19 84 69 87 64 45 0 99 84 28 93 63 79 91 73 16 65 23 98 47 63 59 53 77 15 49 87 73 86 69
27 49 46 86 33 56 94 69 44 83 70 13 92 70 72 59 65 56 18 12 90 99 0 70 55 23 54 78 46 10 38 63 47 42 38 44 24 35 28 14 96 16 81 43 77
40 37 80 69 86 92 68 18 50 29 15 63 12 93 80 14 21 42 77 34 76 84 70 0 52 78 37 84 36 38 15 86 23 71 98 75 19 19 17 82 74 74 21 57 46
55 71 54 32 37 76 10 37 80 58 86 66 83 69 15 58 82 83 71 71 84 28 55 52 0 79 88 31 51 29 43 33 32 77 59 18 28 34 34 14 92 73 77 58 86
29 77 57 20 21 21 23 70 48 25 69 88 81 64 57 39 70 90 58 55 18 93 23 78 79 0 86 95 90 93 42 16 17 87 35 36 35 42 24 80 35 22 77 83 27
24 54 24 84 54 33 35 97 27 58 58 89 27 79 25 27 37 98 49 54 53 63 54 37 88 86 0 32 35 38 75 15 42 85 48 32 16 88 33 12 95 34 86 92 63
11 29 36 65 69 80 92 82 96 60 48 93 44 90 83 69 52 74 46 56 18 79 78 84 31 95 32 0 35 49 28 89 26 58 67 71 24 94 42 45 84 90 13 21 52
70 28 66 15 63 53 62 91 79 94 17 18 56 89 73 19 53 32 31 46 39 91 46 36 51 90 35 35 0 18 38 26 36 25 96 59 23 89 14 46 60 15 87 19 53
36 58 50 49 39 49 93 24 30 62 26 46 70 71 27 38 78 78 85 17 50 73 10 38 29 93 38 49 18 0 89 82 88 51 93 62 89 92 48 16 40 67 35 84 74
78 23 88 57 30 99 46 45 91 21 47 89 24 81 90 60 63 83 27 78 30 16 38 15 43 42 75 28 38 89 0 65 75 76 61 24 50 53 88 25 68 59 12 66 21
21 94 98 40 50 64 52 86 44 77 62 63 71 39 44 54 54 18 90 57 81 65 63 86 33 16 15 89 26 82 65 0 80 79 59 88 30 36 41 45 27 89 74 22 81
74 65 77 75 52 88 31 41 47 93 16 77 55 17 17 93 56 34 86 12 34 23 47 23 32 17 42 26 36 88 75 80 0 72 49 19 47 32 56 90 70 11 88 66 59
77 68 79 94 57 31 40 29 76 11 48 73 29 10 61 10 86 78 49 72 40 98 42 71 77 87 85 58 25 51 76 79 72 0 51 48 75 13 68 20 62 97 89 12 59
97 49 51 56 90 42 98 21 71 82 50 52 42 85 94 76 62 72 16 20 63 47 38 98 59 35 48 67 96 93 61 59 49 51 0 93 64 99 13 63 98 70 12 86 15
61 42 81 28 19 57 61 67 66 85 96 36 73 99 96 16 86 14 70 27 45 63 44 75 18 36 32 71 59 62 24 88 19 48 93 0 47 54 74 74 54 70 51 50 91
83 28 40 37 86 85 28 22 15 96 49 71 45 88 27 80 67 11 33 84 14 59 24 19 28 35 16 24 23 89 50 30 47 75 64 47 0 92 54 76 78 41 60 43 20
29 64 84 39 71 36 94 10 80 99 71 83 20 63 21 88 81 93 98 65 75 53 35 19 34 42 88 94 89 92 53 36 32 13 99 54 92 0 24 43 27 46 31 28 49
40 67 60 68 72 69 88 18 57 81 32 67 51 19 71 41 51 71 11 94 10 77 28 17 34 24 33 42 14 48 88 41 56 68 13 74 54 24 0 71 98 73 97 89 55
91 81 80 56 28 99 34 83 65 53 92 62 34 69 95 32 59 25 74 50 57 15 14 82 14 80 12 45 46 16 25 45 90 20 63 74 76 43 71 0 69 86 81 50 78
31 41 58 60 12 86 29 58 11 78 28 64 37 51 56 52 17 42 62 97 60 49 96 74 92 35 95 84 60 40 68 27 70 62 98 54 78 27 98 69 0 77 46 12 22
55 11 66 54 21 29 85 69 76 48 19 80 87 77 82 91 28 41 49 14 76 87 16 74 73 22 34 90 15 67 59 89 11 97 70 70 41 46 73 86 77 0 26 29 33
80 58 55 37 70 32 17 40 39 78 99 18 77 93 57 44 84 37 30 65 38 73 81 21 77 77 86 13 87 35 12 74 88 89 12 51 60 31 97 81 46 26 0 65 18
91 15 12 27 20 17 24 19 89 81 22 49 93 90 24 71 35 87 26 94 23 86 43 57 58 83 92 21 19 84 66 22 66 12 86 50 43 28 89 50 12 29 65 0 32
54 56 82 18 39 58 72 55 28 68 56 53 51 45 16 61 30 18 67 16 83 69 77 46 86 27 63 52 53 74 21 81 59 59 15 91 20 49 55 78 22 33 18 32 0