85
0 38 10 77 83 77 29 43 64 30 88 76 37 39 78 57 31 47 37 94 63 17 74 14 94 57 43 39 58 76 77 17 89 83 32 38 32 59 72 95 79 49 53 69 60 26 82 23 85 17 18 92 85 39 29 43 91 17 72 39 53 98 18 53 44 96 59 10 75 26 59 68 95 57 65 70 42 74 87 14 52 67 19 17 32
38 0 97 79 37 52 70 56 27 17 35 82 75 12 66 54 42 19 90 97 28 88 50 14 13 32 68 21 88 59 56 53 78 28 63 10 33 50 96 50 43 14 87 16 51 11 49 37 23 43 54 61 69 21 12 66 30 31 68 74 61 10 31 62 86 82 89 42 36 57 31 79 19 30 21 66 66 73 14 82 86 22 87 92 30
10 97 0 97 77 91 71 80 13 62 96 68 43 22 79 95 84 88 11 49 28 81 52 30 41 97 91 21 82 33 70 49 78 83 27 44 18 25 63 53 16 85 21 19 31 74 68 33 54 94 54 38 71 74 81 84 86 68 53 75 13 15 84 99 98 59 82 74 12 43 33 62 37 73 62 59 54 63 39 27 98 32 66 41 46
77 79 97 0 66 42 60 63 43 34 97 47 90 22 54 81 66 94 65 27 31 20 83 33 21 92 29 92 57 66 82 17 35 61 25 58 55 88 51 16 39 54 81 46 72 22 35 63 20 91 43 17 48 71 82 81 33 98 86 87 18 29 89 20 10 98 28 81 70 85 91 10 26 83 74 74 58 51 14 52 36 19 62 61 24
83 37 77 66 0 93 65 16 78 21 43 94 36 17 38 83 70 59 42 13 14 44 34 21 43 97 38 55 66 72 17 93 46 44 50 47 80 94 76 40 15 27 19 30 40 79 16 90 14 51 93 47 77 87 33 35 98 95 91 86 54 96 90 11 75 69 37 66 44 64 16 22 12 96 91 92 40 40 28 61 67 70 75 12 90
77 52 91 42 93 0 49 44 90 68 44 85 21 21 71 25 91 80 14 52 54 79 48 51 50 99 12 37 54 17 33 38 67 37 52 61 18 18 55 10 17 46 20 40 85 38 67 91 36 38 21 27 11 80 43 99 75 81 34 86 96 63 82 86 98 30 83 86 74 24 41 69 84 35 18 77 64 38 47 28 72 59 20 94 28
29 70 71 60 65 49 0 37 32 15 42 33 80 96 74 74 31 19 64 78 34 19 86 72 60 60 48 45 70 93 97 89 28 30 23 31 84 88 46 53 34 67 55 43 59 77 51 78 34 13 87 26 74 28 30 97 23 68 27 63 46 44 11 85 42 41 72 58 60 64 30 18 17 74 93 42 88 94 83 26 82 53 84 70 56
43 56 80 63 16 44 37 0 68 81 12 58 87 80 94 43 74 71 46 16 17 96 24 23 39 41 81 78 81 89 56 13 78 95 18 12 69 45 33 12 12 25 82 70 50 34 15 12 43 21 66 88 39 64 73 25 55 26 45 53 68 36 62 69 15 70 23 40 33 54 19 85 22 58 51 60 48 75 74 80 23 47 31 78 82
64 27 13 43 78 90 32 68 0 36 12 51 37 92 36 22 93 77 46 81 36 40 59 67 68 15 78 67 18 33 70 42 86 65 61 96 13 75 74 12 33 59 70 46 30 98 56 96 71 63 95 20 97 12 62 60 41 99 48 34 95 44 72 23 58 94 56 66 32 92 83 66 83 95 92 58 81 57 36 85 15 80 54 92 37
30 17 62 34 21 68 15 81 36 0 84 43 67 40 40 46 60 23 73 63 87 74 57 28 43 57 41 78 26 45 92 83 34 36 39 33 68 32 91 30 24 89 91 34 70 81 37 87 66 77 19 46 92 61 43 44 15 22 31 19 95 67 33 14 69 98 73 11 77 87 35 79 19 97 72 86 64 69 40 45 48 46 23 61 88
88 35 96 97 43 44 42 12 12 84 0 40 69 82 51 17 23 66 38 90 38 61 12 89 53 93 98 95 31 48 46 36 70 19 37 81 73 64 16 62 28 97 87 90 69 31 36 57 16 98 69 34 35 64 82 28 61 96 80 95 57 53 67 29 11 89 73 81 57 24 50 27 13 65 13 17 20 35 53 74 97 42 25 76 84
76 82 68 47 94 85 33 58 51 43 40 0 82 95 71 36 99 55 28 64 47 45 97 74 37 88 76 57 94 17 39 69 32 12 44 56 94 27 83 99 99 84 30 25 38 33 37 67 92 94 36 52 32 16 61 61 68 86 37 73 26 10 29 55 25 21 95 80 58 68 11 66 66 66 70 78 87 70 59 51 70 95 48 38 54
37 75 43 90 36 21 80 87 37 67 69 82 0 48 84 91 98 97 62 51 67 87 92 32 96 67 54 76 98 96 36 80 51 71 93 94 46 70 73 72 39 30 54 46 71 88 32 13 47 47 97 51 53 66 82 43 15 32 32 11 38 36 11 78 17 95 36 68 73 96 43 58 15 38 54 17 56 35 40 44 13 54 88 33 87
39 12 22 22 17 21 96 80 92 40 82 95 48 0 89 69 23 39 93 90 19 81 42 96 55 36 78 74 59 32 18 24 84 93 91 11 77 11 59 65 23 30 58 27 94 48 50 36 64 66 89 96 63 61 67 92 46 83 18 29 39 45 49 74 32 58 51 81 97 36 90 32 75 57 20 59 27 73 15 66 61 42 53 35 41
78 66 79 54 38 71 74 94 36 40 51 71 84 89 0 79 73 94 57 52 97 55 52 19 20 38 43 45 42 84 41 91 50 51 47 39 52 40 33 34 78 23 71 12 97 67 72 18 17 58 70 48 45 76 47 49 11 19 68 91 40 90 84 79 75 93 93 39 96 77 26 46 98 64 52 47 40 50 45 11 85 49 20 11 73
57 54 95 81 83 25 74 43 22 46 17 36 91 69 79 0 75 36 16 62 22 93 33 48 13 14 12 41 72 13 46 38 96 56 40 38 50 62 66 76 31 89 87 63 40 66 68 20 28 36 86 97 45 39 82 77 95 65 46 90 66 21 81 73 25 68 15 33 82 92 52 37 50 50 59 76 91 26 48 42 53 73 97 30 81
31 42 84 66 70 91 31 74 93 60 23 99 98 23 73 75 0 40 84 41 76 66 57 95 75 23 66 39 87 38 97 70 93 53 85 62 15 65 50 18 63 29 73 96 72 76 57 84 96 85 63 75 39 64 49 99 61 77 83 33 44 76 96 20 82 51 38 91 21 28 97 67 45 96 59 83 85 64 36 80 32 44 85 87 70
47 19 88 94 59 80 19 71 77 23 66 55 97 39 94 36 40 0 56 38 54 85 99 48 97 65 75 42 53 52 65 45 77 70 16 87 24 19 30 31 59 28 91 14 25 27 42 47 15 70 62 65 32 76 13 55 34 63 55 18 30 36 82 59 21 15 66 25 13 16 29 87 48 94 49 66 47 47 10 22 60 67 48 60 65
37 90 11 65 42 14 64 46 46 73 38 28 62 93 57 16 84 56 0 97 45 44 40 76 86 33 88 99 55 97 40 32 39 11 54 28 40 18 20 71 88 78 95 88 25 36 23 96 74 29 55 36 25 96 45 73 25 66 21 81 37 47 22 98 74 36 39 67 43 85 30 81 14 47 38 45 29 87 82 53 26 88 90 30 65
94 97 49 27 13 52 78 16 81 63 90 64 51 90 52 62 41 38 97 0 58 42 90 50 99 18 48 25 34 81 23 81 70 56 34 78 30 11 83 69 34 45 27 21 28 67 20 29 93 67 66 56 76 16 91 72 63 63 39 33 17 65 23 49 92 99 78 44 99 28 47 42 51 76 23 64 77 47 24 10 30 40 44 45 91
63 28 28 31 14 54 34 17 36 87 38 47 67 19 97 22 76 54 45 58 0 57 12 92 83 52 11 19 26 38 55 55 50 37 48 75 14 91 78 49 60 30 61 35 83 71 10 55 62 22 42 34 28 69 89 30 23 86 53 96 50 93 64 19 60 40 40 53 47 34 78 20 80 58 81 36 35 40 33 64 28 38 39 15 46
17 88 81 20 44 79 19 96 40 74 61 45 87 81 55 93 66 85 44 42 57 0 23 96 26 92 37 31 76 64 15 83 77 80 54 29 49 68 73 64 27 21 22 34 52 73 39 14 49 43 65 69 35 70 63 19 70 75 39 10 99 63 38 29 81 53 71 46 47 49 46 14 60 27 90 41 35 71 92 56 21 80 87 19 91
74 50 52 83 34 48 86 24 59 57 12 97 92 42 52 33 57 99 40 90 12 23 0 21 48 14 24 78 78 78 45 40 78 42 16 17 96 31 95 59 24 62 65 43 14 97 11 65 54 59 46 12 56 82 84 42 42 68 40 80 97 23 39 69 64 29 92 63 27 53 42 15 27 15 76 93 63 86 49 13 65 13 93 18 85
14 14 30 33 21 51 72 23 67 28 89 74 32 96 19 48 95 48 76 50 92 96 21 0 35 33 22 32 16 72 69 74 39 31 54 35 16 76 55 57 12 84 37 35 17 25 68 18 96 85 73 56 34 32 75 17 75 75 94 46 18 16 44 92 16 59 43 83 17 31 24 88 29 78 81 30 52 74 88 46 11 76 22 61 22
94 13 41 21 43 50 60 39 68 43 53 37 96 55 20 13 75 97 86 99 83 26 48 35 0 95 98 19 44 99 11 50 38 12 63 99 72 62 75 93 22 21 39 73 88 79 27 26 81 79 80 77 31 40 78 76 73 35 36 85 70 38 63 44 59 41 51 11 19 28 91 23 39 99 27 65 27 17 94 23 86 22 14 24 30
57 32 97 92 97 99 60 41 15 57 93 88 67 36 38 14 23 65 33 18 52 92 14 33 95 0 75 19 22 11 69 21 70 22 75 37 91 89 91 12 97 37 69 35 18 78 17 94 77 90 94 76 83 98 34 26 18 59 96 67 62 29 67 27 84 70 24 89 29 15 64 51 39 92 22 32 11 70 89 28 29 74 78 33 28
43 68 91 29 38 12 48 81 78 41 98 76 54 78 43 12 66 75 88 48 11 37 24 22 98 75 0 76 68 86 99 11 25 60 52 35 65 54 87 78 73 87 90 29 83 74 77 90 62 51 51 54 49 81 47 33 96 92 24 45 25 41 77 87 52 47 62 66 91 63 45 35 39 20 78 77 85 95 64 41 44 28 67 36 81
39 21 21 92 55 37 45 78 67 78 95 57 76 74 45 41 39 42 99 25 19 31 78 32 19 19 76 0 68 55 21 88 36 24 67 45 43 93 46 81 72 36 11 24 99 50 68 80 82 67 75 10 61 95 45 56 69 59 80 95 91 23 22 78 44 24 26 83 78 39 44 75 86 68 46 23 26 85 79 69 45 33 33 59 28
58 88 82 57 66 54 70 81 18 26 31 94 98 59 42 72 87 53 55 34 26 76 78 16 44 22 68 68 0 75 41 50 91 57 52 38 63 65 56 90 90 44 98 47 61 94 15 10 80 29 64 35 84 77 48 86 90 60 98 80 82 16 23 75 32 79 23 19 31 85 14 87 70 21 74 28 10 40 70 94 57 18 91 46 12
76 59 33 66 72 17 93 89 33 45 48 17 96 32 84 13 38 52 97 81 38 64 78 72 99 11 86 55 75 0 10 39 64 82 46 15 70 37 95 11 50 26 31 12 63 31 98 64 53 41 39 53 84 51 90 59 29 74 46 69 98 39 88 84 30 46 84 43 36 39 57 40 30 22 37 68 93 56 93 30 41 79 21 89 93
77 56 70 82 17 33 97 56 70 92 46 39 36 18 41 46 97 65 40 23 55 15 45 69 11 69 99 21 41 10 0 26 71 29 51 84 17 45 51 23 46 53 79 32 16 44 90 91 28 15 89 71 29 60 77 72 57 32 45 41 89 75 33 62 36 29 27 96 16 28 65 34 93 50 33 97 77 81 43 52 55 51 36 92 46
17 53 49 17 93 38 89 13 42 83 36 69 80 24 91 38 70 45 32 81 55 83 40 74 50 21 11 88 50 39 26 0 78 71 82 31 76 13 82 88 25 42 77 10 43 91 20 39 54 46 57 70 96 37 83 66 13 86 53 85 92 89 47 34 52 91 23 13 74 30 31 17 78 81 67 55 16 58 14 86 23 93 19 56 34
89 78 78 35 46 67 28 78 86 34 70 32 51 84 50 96 93 77 39 70 50 77 78 39 38 70 25 36 91 64 71 78 0 86 79 40 65 37 43 93 18 76 52 32 65 27 56 65 49 87 49 19 26 93 82 58 21 85 84 83 95 68 92 30 31 57 83 66 75 70 77 75 25 48 56 85 92 99 35 46 64 78 47 28 43
83 28 83 61 44 37 30 95 65 36 19 12 71 93 51 56 53 70 11 56 37 80 42 31 12 22 60 24 57 82 29 71 86 0 41 94 54 80 18 41 64 28 56 90 21 15 94 68 82 75 28 71 33 22 98 54 67 31 49 56 51 79 26 20 56 18 64 69 33 90 82 89 59 37 53 58 66 39 60 80 12 42 52 91 88
32 63 27 25 50 52 23 18 61 39 37 44 93 91 47 40 85 16 54 34 48 54 16 54 63 75 52 67 52 46 51 82 79 41 0 11 57 10 48 19 84 10 93 27 88 69 64 63 78 17 77 32 53 53 82 47 13 82 63 25 37 13 47 18 75 59 55 98 56 40 70 96 11 39 94 10 26 55 65 39 88 70 93 83 34
38 10 44 58 47 61 31 12 96 33 81 56 94 11 39 38 62 87 28 78 75 29 17 35 99 37 35 45 38 15 84 31 40 94 11 0 95 84 76 80 51 75 47 32 21 91 44 85 40 96 80 85 85 13 55 92 10 43 50 12 55 47 16 70 95 10 18 26 54 94 93 50 17 64 71 27 70 28 67 95 72 59 44 25 70
32 33 18 55 80 18 84 69 13 68 73 94 46 77 52 50 15 24 40 30 14 49 96 16 72 91 65 43 63 70 17 76 65 54 57 95 0 37 47 78 25 28 16 27 27 43 34 41 47 62 64 81 66 33 18 49 15 12 35 59 59 11 10 73 29 61 69 64 81 71 92 55 33 41 98 80 44 91 25 45 79 66 69 51 41
59 50 25 88 94 18 88 45 75 32 64 27 70 11 40 62 65 19 18 11 91 68 31 76 62 89 54 93 65 37 45 13 37 80 10 84 37 0 28 46 31 68 82 28 24 18 26 94 28 71 99 12 53 44 20 33 38 93 31 18 19 71 99 53 28 66 80 20 38 53 25 70 85 82 12 31 24 41 41 57 96 14 24 75 26
72 96 63 51 76 55 46 33 74 91 16 83 73 59 33 66 50 30 20 83 78 73 95 55 75 91 87 46 56 95 51 82 43 18 48 76 47 28 0 77 14 21 35 12 28 44 71 44 16 95 73 96 31 83 21 65 16 53 85 47 77 19 23 22 76 14 36 52 84 72 38 53 66 85 25 17 61 54 48 99 78 95 88 64 87
95 50 53 16 40 10 53 12 12 30 62 99 72 65 34 76 18 31 71 69 49 64 59 57 93 12 78 81 90 11 23 88 93 41 19 80 78 46 77 0 70 51 12 60 17 20 45 62 69 52 72 18 54 85 81 91 35 83 63 21 23 59 27 30 94 83 24 58 15 42 26 89 41 19 32 76 86 57 26 25 63 54 56 23 84
79 43 16 39 15 17 34 12 33 24 28 99 39 23 78 31 63 59 88 34 60 27 24 12 22 97 73 72 90 50 46 25 18 64 84 51 25 31 14 70 0 79 34 86 15 38 81 47 45 39 74 31 32 12 23 10 33 78 17 95 46 78 95 57 84 71 84 78 68 34 32 68 92 51 59 37 58 52 50 21 46 17 56 74 90
49 14 85 54 27 46 67 25 59 89 97 84 30 30 23 89 29 28 78 45 30 21 62 84 21 37 87 36 44 26 53 42 76 28 10 75 28 68 21 51 79 0 39 47 38 94 12 29 67 46 87 41 46 40 37 56 28 54 91 78 50 40 60 52 95 76 86 23 56 15 48 37 86 52 34 57 79 77 85 46 45 80 83 82 69
53 87 21 81 19 20 55 82 70 91 87 30 54 58 71 87 73 91 95 27 61 22 65 37 39 69 90 11 98 31 79 77 52 56 93 47 16 82 35 12 34 39 0 36 99 72 17 30 65 90 12 30 28 89 60 74 24 88 28 33 74 82 77 30 95 65 18 32 29 18 62 50 39 35 54 79 51 80 78 45 44 59 71 11 37
69 16 19 46 30 40 43 70 46 34 90 25 46 27 12 63 96 14 88 21 35 34 43 35 73 35 29 24 47 12 32 10 32 90 27 32 27 28 12 60 86 47 36 0 62 58 75 11 45 36 33 66 21 73 47 46 50 68 49 82 97 76 45 68 73 12 73 85 91 38 17 44 98 29 47 51 19 70 40 51 33 61 28 89 79
60 51 31 72 40 85 59 50 30 70 69 38 71 94 97 40 72 25 25 28 83 52 14 17 88 18 83 99 61 63 16 43 65 21 88 21 27 24 28 17 15 38 99 62 0 56 13 49 85 18 83 11 64 47 17 32 67 10 47 41 56 44 77 82 53 69 73 29 23 90 96 28 57 70 55 77 44 36 55 25 54 63 89 27 79
26 11 74 22 79 38 77 34 98 81 31 33 88 48 67 66 76 27 36 67 71 73 97 25 79 78 74 50 94 31 44 91 27 15 69 91 43 18 44 20 38 94 72 58 56 0 23 90 31 90 12 75 47 99 20 77 11 20 20 54 99 92 65 28 77 66 49 32 33 71 55 83 56 84 30 96 55 72 76 61 10 13 98 64 96
82 49 68 35 16 67 51 15 56 37 36 37 32 50 72 68 57 42 23 20 10 39 11 68 27 17 77 68 15 98 90 20 56 94 64 44 34 26 71 45 81 12 17 75 13 23 0 37 30 40 99 80 90 16 52 32 11 86 53 42 35 26 63 24 88 51 93 33 69 68 15 62 51 23 69 37 52 67 45 26 74 81 94 18 43
23 37 33 63 90 91 78 12 96 87 57 67 13 36 18 20 84 47 96 29 55 14 65 18 26 94 90 80 10 64 91 39 65 68 63 85 41 94 44 62 47 29 30 11 49 90 37 0 64 27 92 63 21 52 80 66 47 78 25 29 94 84 49 70 16 41 76 22 32 58 26 35 12 28 95 45 30 45 21 11 17 53 20 94 75
85 23 54 20 14 36 34 43 71 66 16 92 47 64 17 28 96 15 74 93 62 49 54 96 81 77 62 82 80 53 28 54 49 82 78 40 47 28 16 69 45 67 65 45 85 31 30 64 0 77 47 80 33 26 59 96 28 77 42 92 30 83 78 21 63 87 40 32 51 59 86 18 56 28 61 25 39 73 92 42 59 54 55 92 39
17 43 94 91 51 38 13 21 63 77 98 94 47 66 58 36 85 70 29 67 22 43 59 85 79 90 51 67 29 41 15 46 87 75 17 96 62 71 95 52 39 46 90 36 18 90 40 27 77 0 14 45 48 91 87 71 10 47 61 42 84 76 47 38 15 47 80 71 48 48 30 53 65 14 81 67 45 30 20 96 58 83 63 24 94
18 54 54 43 93 21 87 66 95 19 69 36 97 89 70 86 63 62 55 66 42 65 46 73 80 94 51 75 64 39 89 57 49 28 77 80 64 99 73 72 74 87 12 33 83 12 99 92 47 14 0 61 91 23 40 81 82 37 12 49 28 22 96 56 86 75 34 23 53 44 52 34 88 99 45 56 49 94 22 62 26 88 79 17 25
92 61 38 17 47 27 26 88 20 46 34 52 51 96 48 97 75 65 36 56 34 69 12 56 77 76 54 10 35 53 71 70 19 71 32 85 81 12 96 18 31 41 30 66 11 75 80 63 80 45 61 0 46 86 28 54 44 30 48 16 65 31 79 78 78 80 98 28 42 78 47 89 58 67 28 50 64 37 40 90 87 38 23 72 75
85 69 71 48 77 11 74 39 97 92 35 32 53 63 45 45 39 32 25 76 28 35 56 34 31 83 49 61 84 84 29 96 26 33 53 85 66 53 31 54 32 46 28 21 64 47 90 21 33 48 91 46 0 80 68 64 56 97 30 43 31 35 40 64 63 57 13 28 23 93 32 11 44 97 23 82 81 28 46 66 24 17 65 24 68
39 21 74 71 87 80 28 64 12 61 64 16 66 61 76 39 64 76 96 16 69 70 82 32 40 98 81 95 77 51 60 37 93 22 53 13 33 44 83 85 12 40 89 73 47 99 16 52 26 91 23 86 80 0 49 71 76 72 69 85 50 50 14 75 33 86 10 12 27 24 83 81 16 50 65 85 81 34 19 76 43 96 33 30 32
29 12 81 82 33 43 30 73 62 43 82 61 82 67 47 82 49 13 45 91 89 63 84 75 78 34 47 45 48 90 77 83 82 98 82 55 18 20 21 81 23 37 60 47 17 20 52 80 59 87 40 28 68 49 0 42 48 54 70 25 69 69 41 46 97 26 76 80 18 45 24 17 12 98 99 34 67 84 17 29 16 78 78 81 76
43 66 84 81 35 99 97 25 60 44 28 61 43 92 49 77 99 55 73 72 30 19 42 17 76 26 33 56 86 59 72 66 58 54 47 92 49 33 65 91 10 56 74 46 32 77 32 66 96 71 81 54 64 71 42 0 72 94 65 14 60 43 78 53 12 73 80 91 72 24 56 99 55 37 45 39 23 48 92 62 76 36 77 82 43
91 30 86 33 98 75 23 55 41 15 61 68 15 46 11 95 61 34 25 63 23 70 42 75 73 18 96 69 90 29 57 13 21 67 13 10 15 38 16 35 33 28 24 50 67 11 11 47 28 10 82 44 56 76 48 72 0 77 82 55 35 81 89 62 81 54 91 99 37 58 56 24 60 60 72 77 10 90 40 95 56 20 29 83 10
17 31 68 98 95 81 68 26 99 22 96 86 32 83 19 65 77 63 66 63 86 75 68 75 35 59 92 59 60 74 32 86 85 31 82 43 12 93 53 83 78 54 88 68 10 20 86 78 77 47 37 30 97 72 54 94 77 0 74 60 57 88 74 37 85 76 75 31 59 97 36 10 39 37 99 21 11 17 80 17 69 15 14 42 56
72 68 53 86 91 34 27 45 48 31 80 37 32 18 68 46 83 55 21 39 53 39 40 94 36 96 24 80 98 46 45 53 84 49 63 50 35 31 85 63 17 91 28 49 47 20 53 25 42 61 12 48 30 69 70 65 82 74 0 90 38 40 64 36 48 24 11 27 69 10 70 90 38 76 52 91 23 82 89 31 35 42 93 21 84
39 74 75 87 86 86 63 53 34 19 95 73 11 29 91 90 33 18 81 33 96 10 80 46 85 67 45 95 80 69 41 85 83 56 25 12 59 18 47 21 95 78 33 82 41 54 42 29 92 42 49 16 43 85 25 14 55 60 90 0 13 56 75 77 73 99 19 10 20 66 54 40 90 18 60 67 17 60 13 18 47 94 21 52 68
53 61 13 18 54 96 46 68 95 95 57 26 38 39 40 66 44 30 37 17 50 99 97 18 70 62 25 91 82 98 89 92 95 51 37 55 59 19 77 23 46 50 74 97 56 99 35 94 30 84 28 65 31 50 69 60 35 57 38 13 0 58 49 82 13 47 74 20 85 91 26 68 95 55 10 92 79 20 16 63 73 87 82 10 28
98 10 15 29 96 63 44 36 44 67 53 10 36 45 90 21 76 36 47 65 93 63 23 16 38 29 41 23 16 39 75 89 68 79 13 47 11 71 19 59 78 40 82 76 44 92 26 84 83 76 22 31 35 50 69 43 81 88 40 56 58 0 40 20 64 76 50 37 14 19 53 75 75 51 46 56 13 25 78 84 79 39 69 28 81
18 31 84 89 90 82 11 62 72 33 67 29 11 49 84 81 96 82 22 23 64 38 39 44 63 67 77 22 23 88 33 47 92 26 47 16 10 99 23 27 95 60 77 45 77 65 63 49 78 47 96 79 40 14 41 78 89 74 64 75 49 40 0 67 92 55 44 94 65 55 75 21 98 71 65 63 74 93 65 36 99 47 19 45 59
53 62 99 20 11 86 85 69 23 14 29 55 78 74 79 73 20 59 98 49 19 29 69 92 44 27 87 78 75 84 62 34 30 20 18 70 73 53 22 30 57 52 30 68 82 28 24 70 21 38 56 78 64 75 46 53 62 37 36 77 82 20 67 0 45 87 30 15 38 31 67 70 13 36 99 68 94 83 84 41 12 35 85 78 52
44 86 98 10 75 98 42 15 58 69 11 25 17 32 75 25 82 21 74 92 60 81 64 16 59 84 52 44 32 30 36 52 31 56 75 95 29 28 76 94 84 95 95 73 53 77 88 16 63 15 86 78 63 33 97 12 81 85 48 73 13 64 92 45 0 63 23 51 88 70 39 96 49 43 53 41 10 38 91 25 99 19 42 39 33
96 82 59 98 69 30 41 70 94 98 89 21 95 58 93 68 51 15 36 99 40 53 29 59 41 70 47 24 79 46 29 91 57 18 59 10 61 66 14 83 71 76 65 12 69 66 51 41 87 47 75 80 57 86 26 73 54 76 24 99 47 76 55 87 63 0 88 27 22 23 91 91 61 19 98 54 79 58 52 82 88 87 22 79 22
59 89 82 28 37 83 72 23 56 73 73 95 36 51 93 15 38 66 39 78 40 71 92 43 51 24 62 26 23 84 27 23 83 64 55 18 69 80 36 24 84 86 18 73 73 49 93 76 40 80 34 98 13 10 76 80 91 75 11 19 74 50 44 30 23 88 0 52 64 56 75 21 61 19 41 44 85 91 82 96 23 94 22 33 58
10 42 74 81 66 86 58 40 66 11 81 80 68 81 39 33 91 25 67 44 53 46 63 83 11 89 66 83 19 43 96 13 66 69 98 26 64 20 52 58 78 23 32 85 29 32 33 22 32 71 23 28 28 12 80 91 99 31 27 10 20 37 94 15 51 27 52 0 79 62 29 15 21 82 12 63 87 94 41 48 33 35 42 22 51
75 36 12 70 44 74 60 33 32 77 57 58 73 97 96 82 21 13 43 99 47 47 27 17 19 29 91 78 31 36 16 74 75 33 56 54 81 38 84 15 68 56 29 91 23 33 69 32 51 48 53 42 23 27 18 72 37 59 69 20 85 14 65 38 88 22 64 79 0 46 64 64 83 99 36 85 20 39 99 84 40 88 50 71 33
26 57 43 85 64 24 64 54 92 87 24 68 96 36 77 92 28 16 85 28 34 49 53 31 28 15 63 39 85 39 28 30 70 90 40 94 71 53 72 42 34 15 18 38 90 71 68 58 59 48 44 78 93 24 45 24 58 97 10 66 91 19 55 31 70 23 56 62 46 0 64 77 44 88 88 27 72 88 13 15 21 89 34 76 98
59 31 33 91 16 41 30 19 83 35 50 11 43 90 26 52 97 29 30 47 78 46 42 24 91 64 45 44 14 57 65 31 77 82 70 93 92 25 38 26 32 48 62 17 96 55 15 26 86 30 52 47 32 83 24 56 56 36 70 54 26 53 75 67 39 91 75 29 64 64 0 58 86 42 63 69 12 66 66 98 84 15 40 46 31
68 79 62 10 22 69 18 85 66 79 27 66 58 32 46 37 67 87 81 42 20 14 15 88 23 51 35 75 87 40 34 17 75 89 96 50 55 70 53 89 68 37 50 44 28 83 62 35 18 53 34 89 11 81 17 99 24 10 90 40 68 75 21 70 96 91 21 15 64 77 58 0 35 47 57 18 28 90 75 72 37 67 62 24 37
95 19 37 26 12 84 17 22 83 19 13 66 15 75 98 50 45 48 14 51 80 60 27 29 39 39 39 86 70 30 93 78 25 59 11 17 33 85 66 41 92 86 39 98 57 56 51 12 56 65 88 58 44 16 12 55 60 39 38 90 95 75 98 13 49 61 61 21 83 44 86 35 0 75 33 99 47 65 30 42 11 98 98 60 78
57 30 73 83 96 35 74 58 95 97 65 66 38 57 64 50 96 94 47 76 58 27 15 78 99 92 20 68 21 22 50 81 48 37 39 64 41 82 85 19 51 52 35 29 70 84 23 28 28 14 99 67 97 50 98 37 60 37 76 18 55 51 71 36 43 19 19 82 99 88 42 47 75 0 96 69 99 92 22 98 95 43 58 58 30
65 21 62 74 91 18 93 51 92 72 13 70 54 20 52 59 59 49 38 23 81 90 76 81 27 22 78 46 74 37 33 67 56 53 94 71 98 12 25 32 59 34 54 47 55 30 69 95 61 81 45 28 23 65 99 45 72 99 52 60 10 46 65 99 53 98 41 12 36 88 63 57 33 96 0 96 12 65 59 71 66 24 71 44 11
70 66 59 74 92 77 42 60 58 86 17 78 17 59 47 76 83 66 45 64 36 41 93 30 65 32 77 23 28 68 97 55 85 58 10 27 80 31 17 76 37 57 79 51 77 96 37 45 25 67 56 50 82 85 34 39 77 21 91 67 92 56 63 68 41 54 44 63 85 27 69 18 99 69 96 0 67 95 77 68 68 56 95 95 69
42 66 54 58 40 64 88 48 81 64 20 87 56 27 40 91 85 47 29 77 35 35 63 52 27 11 85 26 10 93 77 16 92 66 26 70 44 24 61 86 58 79 51 19 44 55 52 30 39 45 49 64 81 81 67 23 10 11 23 17 79 13 74 94 10 79 85 87 20 72 12 28 47 99 12 67 0 22 99 98 49 81 11 74 41
74 73 63 51 40 38 94 75 57 69 35 70 35 73 50 26 64 47 87 47 40 71 86 74 17 70 95 85 40 56 81 58 99 39 55 28 91 41 54 57 52 77 80 70 36 72 67 45 73 30 94 37 28 34 84 48 90 17 82 60 20 25 93 83 38 58 91 94 39 88 66 90 65 92 65 95 22 0 19 66 38 64 68 30 26
87 14 39 14 28 47 83 74 36 40 53 59 40 15 45 48 36 10 82 24 33 92 49 88 94 89 64 79 70 93 43 14 35 60 65 67 25 41 48 26 50 85 78 40 55 76 45 21 92 20 22 40 46 19 17 92 40 80 89 13 16 78 65 84 91 52 82 41 99 13 66 75 30 22 59 77 99 19 0 45 79 12 43 77 37
14 82 27 52 61 28 26 80 85 45 74 51 44 66 11 42 80 22 53 10 64 56 13 46 23 28 41 69 94 30 52 86 46 80 39 95 45 57 99 25 21 46 45 51 25 61 26 11 42 96 62 90 66 76 29 62 95 17 31 18 63 84 36 41 25 82 96 48 84 15 98 72 42 98 71 68 98 66 45 0 66 20 96 77 68
52 86 98 36 67 72 82 23 15 48 97 70 13 61 85 53 32 60 26 30 28 21 65 11 86 29 44 45 57 41 55 23 64 12 88 72 79 96 78 63 46 45 44 33 54 10 74 17 59 58 26 87 24 43 16 76 56 69 35 47 73 79 99 12 99 88 23 33 40 21 84 37 11 95 66 68 49 38 79 66 0 86 37 29 10
67 22 32 19 70 59 53 47 80 46 42 95 54 42 49 73 44 67 88 40 38 80 13 76 22 74 28 33 18 79 51 93 78 42 70 59 66 14 95 54 17 80 59 61 63 13 81 53 54 83 88 38 17 96 78 36 20 15 42 94 87 39 47 35 19 87 94 35 88 89 15 67 98 43 24 56 81 64 12 20 86 0 42 46 59
19 87 66 62 75 20 84 31 54 23 25 48 88 53 20 97 85 48 90 44 39 87 93 22 14 78 67 33 91 21 36 19 47 52 93 44 69 24 88 56 56 83 71 28 89 98 94 20 55 63 79 23 65 33 78 77 29 14 93 21 82 69 19 85 42 22 22 42 50 34 40 62 98 58 71 95 11 68 43 96 37 42 0 66 74
17 92 41 61 12 94 70 78 92 61 76 38 33 35 11 30 87 60 30 45 15 19 18 61 24 33 36 59 46 89 92 56 28 91 83 25 51 75 64 23 74 82 11 89 27 64 18 94 92 24 17 72 24 30 81 82 83 42 21 52 10 28 45 78 39 79 33 22 71 76 46 24 60 58 44 95 74 30 77 77 29 46 66 0 84
32 30 46 24 90 28 56 82 37 88 84 54 87 41 73 81 70 65 65 91 46 91 85 22 30 28 81 28 12 93 46 34 43 88 34 70 41 26 87 84 90 69 37 79 79 96 43 75 39 94 25 75 68 32 76 43 10 56 84 68 28 81 59 52 33 22 58 51 33 98 31 37 78 30 11 69 41 26 37 68 10 59 74 84 0