50
0 80 68 66 64 55 44 88 81 51 76 60 59 32 73 22 31 34 77 19 70 72 62 33 38 22 67 64 99 93 16 72 83 15 41 35 95 76 41 25 46 35 20 54 73 86 28 67 85 18
80 0 43 41 28 19 76 62 40 78 43 10 40 73 18 22 84 70 40 62 83 52 33 52 76 58 47 45 28 85 22 98 83 54 31 39 13 47 67 51 76 49 14 56 50 88 14 50 82 38
68 43 0 62 60 88 50 64 24 93 90 23 97 84 75 59 16 16 66 24 12 32 58 83 35 57 31 97 86 11 72 92 90 76 60 13 42 68 37 88 44 81 22 77 14 67 50 60 34 33
66 41 62 0 91 52 48 83 32 15 51 98 64 91 17 62 69 72 65 73 38 41 62 99 71 62 92 24 66 51 99 87 37 66 94 67 34 69 31 39 68 12 86 35 80 96 98 81 73 46
64 28 60 91 0 77 87 41 64 90 49 65 79 54 66 92 17 16 32 89 40 21 17 56 28 72 48 84 40 77 66 54 52 11 33 48 23 29 11 68 11 68 98 19 90 40 91 15 47 79
55 19 88 52 77 0 97 31 99 60 19 60 66 77 91 77 79 44 44 31 48 47 26 59 72 88 37 46 56 96 38 95 50 77 81 75 91 18 99 47 82 37 15 22 67 45 28 95 98 11
44 76 50 48 87 97 0 95 95 95 94 35 91 66 63 22 18 65 47 58 48 50 91 66 59 34 81 45 10 11 67 41 82 55 35 60 68 71 46 10 37 30 53 53 13 47 95 44 44 63
88 62 64 83 41 31 95 0 39 19 41 60 47 44 13 30 54 86 55 26 38 60 80 24 40 86 25 17 52 29 86 26 11 75 24 46 29 36 10 86 25 95 42 60 60 12 39 20 49 93
81 40 24 32 64 99 95 39 0 84 25 49 90 37 51 96 18 20 36 72 91 90 22 37 47 94 62 60 49 62 22 45 60 31 74 72 93 33 90 63 53 68 93 81 35 34 75 24 34 82
51 78 93 15 90 60 95 19 84 0 74 89 61 37 85 71 56 28 75 13 25 86 82 43 67 24 25 66 27 27 42 17 52 29 77 63 62 10 79 34 20 49 22 52 93 25 50 84 51 11
76 43 90 51 49 19 94 41 25 74 0 75 28 74 77 20 34 54 93 56 86 23 58 29 47 96 66 21 56 20 83 42 10 18 30 16 75 95 58 25 79 64 16 74 73 16 77 39 36 34
60 10 23 98 65 60 35 60 49 89 75 0 72 59 64 15 83 99 51 19 26 32 38 62 87 26 51 53 38 10 96 16 96 84 84 19 27 69 66 74 84 16 85 86 73 19 71 26 36 96
59 40 97 64 79 66 91 47 90 61 28 72 0 94 87 47 70 26 24 84 13 26 52 26 39 61 36 77 60 81 78 71 46 15 24 59 60 77 74 33 60 46 41 91 81 48 16 37 44 40
32 73 84 91 54 77 66 44 37 37 74 59 94 0 36 97 51 13 48 10 67 99 51 52 16 55 57 17 47 37 37 13 14 11 44 57 27 24 12 95 38 92 76 26 80 98 48 43 19 94
73 18 75 17 66 91 63 13 51 85 77 64 87 36 0 29 20 84 21 72 92 38 31 15 40 65 67 16 33 86 90 46 57 13 95 57 37 48 46 72 49 21 22 84 24 62 96 47 54 37
22 22 59 62 92 77 22 30 96 71 20 15 47 97 29 0 27 15 59 78 29 78 29 70 33 58 99 78 77 64 55 59 78 37 80 79 46 79 10 67 92 23 55 80 88 34 80 70 55 80
31 84 16 69 17 79 18 54 18 56 34 83 70 51 20 27 0 50 87 55 11 16 58 56 31 45 70 43 11 59 22 85 91 48 52 40 79 85 93 35 13 99 65 97 70 54 60 10 75 61
34 70 16 72 16 44 65 86 20 28 54 99 26 13 84 15 50 0 34 37 58 66 32 82 23 19 77 33 64 59 26 93 98 51 15 17 41 47 49 48 71 65 45 76 13 87 43 78 19 65
77 40 66 65 32 44 47 55 36 75 93 51 24 48 21 59 87 34 0 50 81 31 43 39 21 14 54 77 64 93 84 80 14 14 94 94 59 72 75 51 44 97 78 26 90 58 91 60 36 11
19 62 24 73 89 31 58 26 72 13 56 19 84 10 72 78 55 37 50 0 42 73 87 60 11 30 15 71 79 12 93 17 70 76 48 69 72 64 58 79 14 50 96 41 28 76 22 77 56 37
70 83 12 38 40 48 48 38 91 25 86 26 13 67 92 29 11 58 81 42 0 90 28 21 27 66 91 56 13 99 12 18 83 70 74 49 24 64 30 14 29 94 62 96 13 44 52 69 60 93
72 52 32 41 21 47 50 60 90 86 23 32 26 99 38 78 16 66 31 73 90 0 86 79 47 88 85 13 62 35 42 97 18 17 24 59 96 42 77 26 10 50 98 51 82 89 58 57 35 98
62 33 58 62 17 26 91 80 22 82 58 38 52 51 31 29 58 32 43 87 28 86 0 99 16 92 11 29 45 76 98 99 19 26 25 30 94 36 77 63 17 57 61 19 14 72 25 71 44 94
33 52 83 99 56 59 66 24 37 43 29 62 26 52 15 70 56 82 39 60 21 79 99 0 79 20 75 98 93 39 64 72 97 13 97 60 35 17 60 87 58 61 66 85 36 10 46 97 35 98
38 76 35 71 28 72 59 40 47 67 47 87 39 16 40 33 31 23 21 11 27 47 16 79 0 46 83 69 98 90 70 59 85 70 52 12 81 79 88 61 74 23 50 10 85 92 18 51 72 54
22 58 57 62 72 88 34 86 94 24 96 26 61 55 65 58 45 19 14 30 66 88 92 20 46 0 35 68 51 38 60 30 12 63 50 76 43 61 45 64 89 78 65 22 91 66 17 28 62 36
67 47 31 92 48 37 81 25 62 25 66 51 36 57 67 99 70 77 54 15 91 85 11 75 83 35 0 27 85 91 85 97 80 11 18 65 38 62 30 95 24 68 79 65 69 85 54 85 74 95
64 45 97 24 84 46 45 17 60 66 21 53 77 17 16 78 43 33 77 71 56 13 29 98 69 68 27 0 69 66 30 97 29 11 82 95 88 86 95 11 57 85 19 89 66 49 10 15 75 80
99 28 86 66 40 56 10 52 49 27 56 38 60 47 33 77 11 64 64 79 13 62 45 93 98 51 85 69 0 78 72 18 62 28 66 24 65 93 23 86 25 34 77 93 28 68 24 78 25 78
93 85 11 51 77 96 11 29 62 27 20 10 81 37 86 64 59 59 93 12 99 35 76 39 90 38 91 66 78 0 60 90 21 67 28 44 26 87 80 12 27 58 83 89 23 41 37 84 16 26
16 22 72 99 66 38 67 86 22 42 83 96 78 37 90 55 22 26 84 93 12 42 98 64 70 60 85 30 72 60 0 23 65 59 82 45 77 60 45 97 53 77 18 26 67 31 10 75 94 95
72 98 92 87 54 95 41 26 45 17 42 16 71 13 46 59 85 93 80 17 18 97 99 72 59 30 97 97 18 90 23 0 34 76 85 96 97 72 99 37 97 79 96 85 57 58 49 36 59 85
83 83 90 37 52 50 82 11 60 52 10 96 46 14 57 78 91 98 14 70 83 18 19 97 85 12 80 29 62 21 65 34 0 50 42 39 66 52 40 84 38 16 32 22 96 20 19 71 44 56
15 54 76 66 11 77 55 75 31 29 18 84 15 11 13 37 48 51 14 76 70 17 26 13 70 63 11 11 28 67 59 76 50 0 24 45 12 43 14 75 39 53 70 83 22 65 43 48 61 56
41 31 60 94 33 81 35 24 74 77 30 84 24 44 95 80 52 15 94 48 74 24 25 97 52 50 18 82 66 28 82 85 42 24 0 57 45 54 72 48 60 71 62 39 78 72 91 26 34 48
35 39 13 67 48 75 60 46 72 63 16 19 59 57 57 79 40 17 94 69 49 59 30 60 12 76 65 95 24 44 45 96 39 45 57 0 74 37 98 88 59 38 82 70 95 46 49 54 51 93
95 13 42 34 23 91 68 29 93 62 75 27 60 27 37 46 79 41 59 72 24 96 94 35 81 43 38 88 65 26 77 97 66 12 45 74 0 57 87 27 39 20 56 32 62 57 95 88 93 22
76 47 68 69 29 18 71 36 33 10 95 69 77 24 48 79 85 47 72 64 64 42 36 17 79 61 62 86 93 87 60 72 52 43 54 37 57 0 67 28 85 29 97 43 17 91 23 19 45 52
41 67 37 31 11 99 46 10 90 79 58 66 74 12 46 10 93 49 75 58 30 77 77 60 88 45 30 95 23 80 45 99 40 14 72 98 87 67 0 92 88 28 36 65 27 32 42 83 24 91
25 51 88 39 68 47 10 86 63 34 25 74 33 95 72 67 35 48 51 79 14 26 63 87 61 64 95 11 86 12 97 37 84 75 48 88 27 28 92 0 80 80 62 27 39 56 79 89 41 73
46 76 44 68 11 82 37 25 53 20 79 84 60 38 49 92 13 71 44 14 29 10 17 58 74 89 24 57 25 27 53 97 38 39 60 59 39 85 88 80 0 12 99 94 96 70 54 70 39 63
35 49 81 12 68 37 30 95 68 49 64 16 46 92 21 23 99 65 97 50 94 50 57 61 23 78 68 85 34 58 77 79 16 53 71 38 20 29 28 80 12 0 39 60 30 29 94 82 63 58
20 14 22 86 98 15 53 42 93 22 16 85 41 76 22 55 65 45 78 96 62 98 61 66 50 65 79 19 77 83 18 96 32 70 62 82 56 97 36 62 99 39 0 53 39 95 71 43 29 30
54 56 77 35 19 22 53 60 81 52 74 86 91 26 84 80 97 76 26 41 96 51 19 85 10 22 65 89 93 89 26 85 22 83 39 70 32 43 65 27 94 60 53 0 84 46 88 66 89 13
73 50 14 80 90 67 13 60 35 93 73 73 81 80 24 88 70 13 90 28 13 82 14 36 85 91 69 66 28 23 67 57 96 22 78 95 62 17 27 39 96 30 39 84 0 86 44 96 10 65
86 88 67 96 40 45 47 12 34 25 16 19 48 98 62 34 54 87 58 76 44 89 72 10 92 66 85 49 68 41 31 58 20 65 72 46 57 91 32 56 70 29 95 46 86 0 94 34 69 46
28 14 50 98 91 28 95 39 75 50 77 71 16 48 96 80 60 43 91 22 52 58 25 46 18 17 54 10 24 37 10 49 19 43 91 49 95 23 42 79 54 94 71 88 44 94 0 51 15 44
67 50 60 81 15 95 44 20 24 84 39 26 37 43 47 70 10 78 60 77 69 57 71 97 51 28 85 15 78 84 75 36 71 48 26 54 88 19 83 89 70 82 43 66 96 34 51 0 96 56
85 82 34 73 47 98 44 49 34 51 36 36 44 19 54 55 75 19 36 56 60 35 44 35 72 62 74 75 25 16 94 59 44 61 34 51 93 45 24 41 39 63 29 89 10 69 15 96 0 61
18 38 33 46 79 11 63 93 82 11 34 96 40 94 37 80 61 65 11 37 93 98 94 98 54 36 95 80 78 26 95 85 56 56 48 93 22 52 91 73 63 58 30 13 65 46 44 56 61 0