105
0 15 21 74 41 47 50 13 45 16 47 88 94 98 72 89 27 92 79 76 14 59 70 10 87 67 16 27 13 62 61 77 16 11 97 28 95 46 51 70 61 54 15 63 28 45 26 16 37 22 37 98 59 47 25 17 17 66 97 63 17 27 40 79 55 15 58 66 71 84 97 60 72 80 10 58 63 89 62 60 95 71 60 22 24 70 21 63 66 51 84 80 35 77 30 27 28 47 43 58 83 11 60 78 51
15 0 58 85 12 73 44 72 82 42 69 94 17 63 92 35 99 56 26 56 62 46 70 40 78 74 73 91 62 72 68 39 61 81 18 68 79 20 93 39 94 73 54 40 96 92 80 91 64 36 44 54 35 14 26 92 48 52 63 31 67 60 99 43 99 85 55 64 16 13 69 80 98 39 30 37 67 73 55 46 27 60 17 43 97 36 79 40 46 27 77 88 38 21 78 26 42 19 84 24 88 12 39 88 72
21 58 0 72 87 55 96 13 20 20 54 66 38 12 68 28 31 71 27 95 40 25 53 65 29 38 41 59 80 69 45 62 11 45 86 39 14 84 81 46 50 49 92 29 85 83 60 39 47 32 15 28 96 10 48 54 78 50 73 23 32 15 56 93 29 54 40 64 27 60 74 83 20 55 30 99 58 41 46 60 99 36 19 16 80 66 62 76 56 29 83 86 55 87 66 87 10 75 38 24 70 17 43 68 54
74 85 72 0 33 37 31 45 83 14 14 97 45 69 70 44 94 31 16 38 51 26 85 33 22 99 40 75 46 41 54 75 26 23 96 14 77 13 93 60 31 21 82 36 61 14 38 20 83 31 14 52 90 22 91 55 26 27 65 51 91 57 45 77 24 61 45 11 87 60 48 70 83 73 19 84 13 73 34 73 93 95 34 12 73 51 70 58 14 81 32 78 30 95 33 27 34 57 54 64 33 50 72 40 54
41 12 87 33 0 77 78 99 22 25 11 13 57 64 30 58 97 91 46 14 31 57 12 22 55 89 62 54 77 25 37 58 17 80 11 99 97 15 66 20 43 55 91 79 30 37 20 65 63 98 36 78 58 89 59 58 22 15 97 32 36 25 62 51 74 50 65 95 13 91 74 30 91 55 33 90 89 99 96 38 78 32 94 82 89 43 16 93 76 15 34 87 47 62 98 21 29 86 24 30 73 85 40 72 63
47 73 55 37 77 0 58 27 80 31 52 18 59 67 39 38 47 73 86 12 18 51 15 20 85 57 21 75 87 13 77 80 50 87 16 18 28 86 78 98 16 43 23 93 98 10 87 23 49 30 89 39 55 48 46 50 79 67 20 73 25 39 21 66 17 97 24 94 33 88 37 26 30 55 54 65 28 62 71 53 57 60 85 29 64 12 78 79 74 18 63 64 88 70 14 32 20 66 21 36 15 78 91 32 60
50 44 96 31 78 58 0 59 85 59 26 25 21 28 13 46 82 36 48 37 30 12 21 25 79 88 71 40 88 49 60 51 88 66 44 43 65 62 27 33 59 47 85 73 95 82 21 36 52 69 89 21 28 90 51 73 32 63 67 66 92 85 93 59 80 73 68 11 77 69 15 36 96 30 18 86 97 13 64 96 54 14 65 33 53 19 40 47 24 74 68 95 14 35 41 25 80 12 99 26 73 71 10 39 14
13 72 13 45 99 27 59 0 56 63 10 17 94 13 91 71 65 56 66 29 21 92 52 64 33 74 28 28 77 13 98 84 36 54 71 60 28 96 58 34 84 70 46 74 22 20 46 77 67 31 99 73 50 82 68 71 29 19 37 41 94 78 36 71 18 11 53 40 53 87 21 53 47 70 25 44 35 93 27 96 10 26 61 89 92 57 40 37 32 88 67 23 63 48 18 53 13 52 95 70 56 49 62 37 32
45 82 20 83 22 80 85 56 0 34 43 44 16 80 96 48 44 87 36 94 52 84 70 21 27 46 61 71 23 36 31 56 60 78 38 57 17 35 85 71 34 41 86 71 59 73 60 18 33 63 78 67 71 79 32 82 60 15 13 59 68 44 77 13 84 25 73 53 96 15 99 52 97 22 10 30 11 59 98 17 55 36 78 83 37 61 80 33 70 95 54 68 90 31 55 35 98 78 45 33 22 50 98 93 28
16 42 20 14 25 31 59 63 34 0 51 66 93 75 55 16 63 38 11 24 83 29 44 91 53 84 58 58 49 39 69 38 90 41 88 43 84 97 90 19 20 48 52 81 91 55 61 72 47 91 55 46 27 39 33 73 81 41 15 80 69 32 80 13 85 20 88 81 20 85 28 86 41 29 70 61 45 34 94 88 11 63 51 69 62 74 38 45 48 61 39 23 89 81 58 34 56 38 64 20 15 16 76 49 63
47 69 54 14 11 52 26 10 43 51 0 21 85 76 96 16 37 28 14 24 50 73 78 91 68 45 39 61 77 96 23 92 20 85 81 33 22 20 52 94 17 70 63 13 10 98 94 12 37 58 71 68 68 47 38 96 59 70 62 90 82 75 56 41 91 63 10 89 50 84 95 84 98 80 65 93 42 54 47 12 54 19 76 94 66 51 32 79 95 56 69 33 92 84 82 81 34 21 31 98 95 55 32 65 32
88 94 66 97 13 18 25 17 44 66 21 0 44 56 33 31 36 29 26 67 52 75 59 63 83 86 83 44 93 68 61 71 55 50 35 90 54 21 74 48 27 77 38 80 34 74 49 80 31 39 84 54 30 77 91 18 52 54 13 53 50 48 67 11 52 40 61 32 82 63 76 18 74 13 70 58 79 78 87 97 12 62 31 49 42 59 50 16 23 52 91 45 13 13 96 16 65 34 42 97 65 86 31 24 43
94 17 38 45 57 59 21 94 16 93 85 44 0 19 74 70 66 64 14 21 33 68 67 80 12 22 68 20 88 98 28 75 21 62 59 95 81 90 70 16 79 68 99 57 86 48 84 96 72 80 81 54 76 86 10 35 24 38 61 99 67 56 90 24 31 35 20 41 87 39 70 68 39 57 48 44 93 40 53 20 29 97 49 98 91 34 78 89 21 60 56 29 21 15 40 98 81 74 75 68 97 87 75 54 96
98 63 12 69 64 67 28 13 80 75 76 56 19 0 86 52 29 54 83 74 83 46 55 95 46 30 48 93 62 69 69 39 77 51 68 68 90 11 64 35 24 82 97 39 25 65 76 72 20 19 13 68 85 98 18 33 79 27 77 20 29 71 53 62 40 61 83 82 19 79 31 26 16 55 92 84 57 56 54 25 95 30 55 55 14 10 84 48 52 25 88 67 94 42 24 58 45 84 24 61 11 49 64 57 27
72 92 68 70 30 39 13 91 96 55 96 33 74 86 0 59 79 81 32 84 92 90 62 55 58 94 32 47 99 23 19 19 79 92 51 42 83 29 16 97 64 52 29 73 10 27 86 70 33 68 26 91 65 58 82 45 83 97 63 63 17 39 65 36 63 20 59 43 42 72 35 21 26 35 38 37 71 38 32 28 23 32 20 91 80 38 98 94 34 84 36 16 86 10 70 60 76 31 52 75 28 90 62 62 78
89 35 28 44 58 38 46 71 48 16 16 31 70 52 59 0 83 43 87 49 52 34 51 52 84 79 21 76 84 90 48 97 50 39 27 66 78 71 74 37 80 98 36 34 92 88 23 18 16 53 90 58 17 65 63 63 88 17 45 68 52 93 88 89 38 29 84 66 84 26 35 73 56 49 46 75 60 83 97 58 86 49 35 26 10 93 14 73 60 12 16 69 81 44 50 86 75 19 20 15 74 42 51 39 53
27 99 31 94 97 47 82 65 44 63 37 36 66 29 79 83 0 47 90 75 68 44 51 70 58 60 21 92 59 13 59 76 77 61 55 76 10 53 16 11 25 69 65 16 71 25 33 65 23 48 34 88 37 69 16 66 16 41 47 31 87 11 32 26 63 92 32 70 28 44 97 47 25 36 10 24 99 10 48 76 78 55 80 22 48 67 27 56 63 74 88 19 68 98 51 23 73 19 46 42 86 25 83 17 23
92 56 71 31 91 73 36 56 87 38 28 29 64 54 81 43 47 0 76 88 85 69 35 84 83 41 63 78 37 61 99 95 45 79 51 33 40 66 45 47 79 92 26 78 41 73 58 50 99 41 12 20 74 65 39 38 99 29 45 21 27 94 71 89 96 52 85 69 51 86 35 39 47 24 12 66 38 81 77 73 34 97 17 27 32 22 37 16 29 20 81 21 63 62 10 67 46 13 99 48 95 53 69 22 81
79 26 27 16 46 86 48 66 36 11 14 26 14 83 32 87 90 76 0 55 58 41 90 16 92 35 93 56 65 75 13 28 58 89 76 78 32 99 90 13 79 35 26 31 68 10 22 61 37 31 58 74 30 11 53 83 70 57 50 71 68 81 73 98 92 10 26 35 34 88 26 66 93 15 47 58 14 78 46 76 48 22 64 39 43 18 69 64 15 68 39 62 84 61 21 74 57 84 54 27 62 14 20 35 63
76 56 95 38 14 12 37 29 94 24 24 67 21 74 84 49 75 88 55 0 12 27 25 48 26 47 46 76 33 14 90 11 72 41 10 71 11 50 73 94 60 85 66 76 80 66 74 17 86 69 58 38 64 37 84 18 74 25 89 69 66 14 15 61 95 91 86 56 38 48 96 12 51 79 65 90 30 24 30 98 61 54 47 74 93 24 64 39 11 93 62 10 89 76 49 87 97 60 16 22 97 34 58 20 37
14 62 40 51 31 18 30 21 52 83 50 52 33 83 92 52 68 85 58 12 0 84 18 52 57 30 16 55 97 17 17 25 49 66 49 35 38 50 55 60 54 33 51 99 32 73 56 52 13 98 41 95 87 61 13 85 75 99 82 49 10 69 65 16 16 60 77 86 93 56 86 78 39 88 35 98 55 71 61 75 81 26 65 44 96 57 24 14 75 26 28 76 76 83 67 16 11 53 81 41 21 10 18 66 81
59 46 25 26 57 51 12 92 84 29 73 75 68 46 90 34 44 69 41 27 84 0 54 42 79 84 60 99 36 45 23 96 95 64 83 14 70 56 56 55 77 94 28 91 68 35 12 75 67 23 90 72 24 59 99 29 17 27 63 74 38 22 35 79 98 66 21 97 57 51 30 39 54 72 82 77 47 58 44 25 98 71 91 95 90 55 45 86 61 47 21 76 58 95 20 57 58 91 92 33 48 77 27 56 36
70 70 53 85 12 15 21 52 70 44 78 59 67 55 62 51 51 35 90 25 18 54 0 73 16 76 97 13 13 39 47 12 59 49 24 85 22 93 22 93 33 63 78 58 83 41 35 31 31 87 20 71 64 88 84 13 56 78 64 23 16 41 44 56 35 97 42 45 72 35 48 60 97 48 46 87 87 33 70 70 73 13 55 28 63 63 44 86 74 70 10 80 59 57 24 12 34 26 88 79 34 71 29 98 64
10 40 65 33 22 20 25 64 21 91 91 63 80 95 55 52 70 84 16 48 52 42 73 0 41 71 37 43 12 71 97 84 37 33 82 36 25 71 11 94 99 71 91 56 72 79 43 94 82 74 44 35 24 62 79 81 56 91 90 13 90 77 85 22 55 72 47 29 91 50 39 73 47 23 44 45 75 86 30 55 52 31 84 93 63 14 48 86 73 42 26 26 80 86 73 41 53 74 21 81 60 40 50 85 98
87 78 29 22 55 85 79 33 27 53 68 83 12 46 58 84 58 83 92 26 57 79 16 41 0 73 85 57 30 70 35 22 84 63 20 70 11 96 58 80 70 23 36 30 64 63 55 57 57 31 64 12 10 70 36 68 18 26 72 46 70 57 14 48 68 54 77 99 46 37 84 65 66 18 29 77 26 65 45 19 13 98 89 13 88 77 48 44 64 92 79 57 80 92 67 13 45 67 99 74 32 86 96 70 66
67 74 38 99 89 57 88 74 46 84 45 86 22 30 94 79 60 41 35 47 30 84 76 71 73 0 44 59 12 34 86 21 93 55 56 40 92 99 66 82 63 26 95 74 33 41 98 76 41 11 28 16 97 84 89 45 39 47 39 62 35 67 19 69 58 91 87 15 52 95 61 61 59 40 44 19 67 75 13 13 95 62 52 81 42 97 13 80 39 12 17 49 49 82 18 93 48 88 55 31 59 89 57 55 34
16 73 41 40 62 21 71 28 61 58 39 83 68 48 32 21 21 63 93 46 16 60 97 37 85 44 0 58 31 68 61 19 22 53 31 73 47 72 57 28 61 74 72 87 59 60 42 69 53 55 57 17 68 75 37 55 72 86 10 17 35 85 12 22 71 72 87 41 18 34 64 68 97 73 91 63 17 28 79 80 98 84 56 49 47 80 82 56 96 94 72 81 19 43 67 41 62 96 66 61 89 42 66 92 61
27 91 59 75 54 75 40 28 71 58 61 44 20 93 47 76 92 78 56 76 55 99 13 43 57 59 58 0 47 74 60 85 26 42 89 42 14 67 31 54 78 69 80 46 96 84 77 87 42 30 58 58 82 97 19 61 35 34 77 30 96 93 87 61 46 97 29 35 30 76 27 92 79 11 44 34 82 86 94 91 55 64 90 21 70 18 78 92 26 30 97 83 52 12 67 41 24 54 47 92 69 87 33 28 37
13 62 80 46 77 87 88 77 23 49 77 93 88 62 99 84 59 37 65 33 97 36 13 12 30 12 31 47 0 10 85 67 64 81 87 62 40 69 60 39 68 26 85 66 75 81 93 92 86 47 82 12 87 31 36 69 59 68 62 45 20 65 74 80 66 80 34 34 74 19 57 48 13 99 15 90 57 66 39 74 80 10 73 50 14 55 14 37 57 71 17 11 77 39 18 62 68 15 96 50 69 73 10 64 77
62 72 69 41 25 13 49 13 36 39 96 68 98 69 23 90 13 61 75 14 17 45 39 71 70 34 68 74 10 0 24 57 83 72 94 91 19 34 91 59 53 58 55 73 88 36 42 54 97 16 98 88 81 98 34 13 84 72 13 30 77 52 88 38 54 45 86 10 34 54 75 36 86 73 14 96 92 87 24 34 72 71 68 22 76 38 75 98 23 28 60 35 73 70 19 83 18 54 96 29 59 71 93 20 84
61 68 45 54 37 77 60 98 31 69 23 61 28 69 19 48 59 99 13 90 17 23 47 97 35 86 61 60 85 24 0 70 71 70 70 56 69 41 76 56 72 12 65 42 84 69 64 89 68 68 49 38 59 81 27 70 99 46 43 18 90 49 56 26 89 27 42 95 34 94 17 48 77 83 67 96 67 86 79 78 48 44 59 46 75 18 38 85 37 33 67 81 22 82 52 47 92 14 88 83 12 29 45 96 83
77 39 62 75 58 80 51 84 56 38 92 71 75 39 19 97 76 95 28 11 25 96 12 84 22 21 19 85 67 57 70 0 69 73 96 46 27 20 31 76 43 58 19 20 73 56 61 45 72 13 62 55 21 95 13 69 69 72 98 47 69 55 70 39 66 67 23 28 81 15 92 44 82 18 36 15 37 98 33 50 48 52 75 20 49 34 83 68 95 39 50 21 12 85 37 18 92 94 20 69 11 54 47 49 27
16 61 11 26 17 50 88 36 60 90 20 55 21 77 79 50 77 45 58 72 49 95 59 37 84 93 22 26 64 83 71 69 0 81 57 63 54 13 86 77 30 57 70 87 73 53 85 63 86 59 41 82 24 98 47 45 19 22 54 54 80 32 79 28 99 99 50 64 74 12 32 46 48 93 85 40 50 71 49 32 10 61 31 85 46 49 59 89 32 69 79 90 43 75 49 56 78 30 17 52 90 49 30 66 26
11 81 45 23 80 87 66 54 78 41 85 50 62 51 92 39 61 79 89 41 66 64 49 33 63 55 53 42 81 72 70 73 81 0 18 33 19 35 65 36 32 44 23 60 13 72 81 44 72 57 69 57 93 88 54 98 88 15 67 90 81 88 33 14 20 54 97 67 25 81 91 90 85 97 97 36 16 14 14 64 45 23 15 41 63 92 29 37 74 90 84 47 89 63 90 37 34 18 89 29 98 99 42 71 71
97 18 86 96 11 16 44 71 38 88 81 35 59 68 51 27 55 51 76 10 49 83 24 82 20 56 31 89 87 94 70 96 57 18 0 82 72 35 98 23 51 41 84 89 74 95 85 76 38 60 16 27 64 13 40 49 42 79 28 88 28 66 87 88 21 74 30 33 94 41 98 49 92 97 12 21 83 42 94 95 39 24 66 41 31 62 62 86 12 41 83 22 93 65 39 25 29 47 47 21 76 76 48 69 62
28 68 39 14 99 18 43 60 57 43 33 90 95 68 42 66 76 33 78 71 35 14 85 36 70 40 73 42 62 91 56 46 63 33 82 0 45 62 78 40 77 13 60 41 17 82 74 54 88 49 87 38 95 20 80 39 19 96 76 71 48 60 93 43 38 12 65 95 13 21 58 45 78 29 14 96 37 64 44 73 28 17 23 32 51 62 14 99 68 14 38 51 84 55 38 20 42 10 29 58 28 86 57 41 59
95 79 14 77 97 28 65 28 17 84 22 54 81 90 83 78 10 40 32 11 38 70 22 25 11 92 47 14 40 19 69 27 54 19 72 45 0 31 56 45 64 54 41 73 35 29 69 96 57 73 12 95 47 94 69 15 31 88 78 69 96 96 28 44 21 43 50 83 31 15 51 58 91 43 39 56 56 50 76 92 89 86 87 23 57 20 80 44 57 60 68 79 32 84 29 92 63 11 64 27 88 27 93 85 51
46 20 84 13 15 86 62 96 35 97 20 21 90 11 29 71 53 66 99 50 50 56 93 71 96 99 72 67 69 34 41 20 13 35 35 62 31 0 65 57 12 35 47 76 42 38 75 62 26 70 42 32 75 16 58 58 42 33 66 35 32 57 63 67 67 62 99 10 46 29 82 89 99 66 95 63 35 79 23 30 36 77 99 76 72 87 47 87 54 72 36 98 72 56 57 96 31 88 32 39 52 46 45 80 26
51 93 81 93 66 78 27 58 85 90 52 74 70 64 16 74 16 45 90 73 55 56 22 11 58 66 57 31 60 91 76 31 86 65 98 78 56 65 0 99 92 39 22 31 68 74 70 24 37 29 22 40 57 87 47 34 59 86 40 68 21 91 84 67 92 56 80 93 76 13 44 21 52 54 29 50 83 65 82 65 70 80 51 26 77 42 46 85 99 53 89 41 27 22 25 80 36 52 12 62 52 70 60 32 39
70 39 46 60 20 98 33 34 71 19 94 48 16 35 97 37 11 47 13 94 60 55 93 94 80 82 28 54 39 59 56 76 77 36 23 40 45 57 99 0 24 27 65 17 26 86 74 19 34 64 88 97 59 76 72 69 56 86 90 58 48 65 39 88 18 77 48 97 38 66 35 81 68 51 58 60 81 21 25 37 16 51 14 25 98 39 87 99 28 74 91 75 51 69 27 13 83 23 62 40 58 74 99 89 13
61 94 50 31 43 16 59 84 34 20 17 27 79 24 64 80 25 79 79 60 54 77 33 99 70 63 61 78 68 53 72 43 30 32 51 77 64 12 92 24 0 70 47 52 76 24 11 31 24 89 43 95 71 45 47 12 18 13 92 65 16 38 58 66 37 43 94 85 95 77 42 58 41 76 36 50 66 21 68 79 19 85 97 19 87 89 98 46 50 59 79 86 29 99 43 52 27 58 65 56 31 92 35 70 11
54 73 49 21 55 43 47 70 41 48 70 77 68 82 52 98 69 92 35 85 33 94 63 71 23 26 74 69 26 58 12 58 57 44 41 13 54 35 39 27 70 0 84 26 69 91 25 99 61 50 64 84 73 52 23 38 84 52 35 68 74 37 17 93 36 35 69 24 83 58 63 76 34 48 67 56 45 89 54 46 19 21 63 53 77 48 49 74 61 10 87 20 55 42 48 56 24 56 58 79 84 72 63 40 44
15 54 92 82 91 23 85 46 86 52 63 38 99 97 29 36 65 26 26 66 51 28 78 91 36 95 72 80 85 55 65 19 70 23 84 60 41 47 22 65 47 84 0 39 70 51 86 76 40 38 44 97 81 86 94 33 42 99 41 83 79 59 28 39 21 60 34 40 29 58 25 73 52 35 40 79 52 51 36 33 41 87 85 28 79 39 45 87 63 33 47 52 92 34 79 45 39 75 48 64 55 56 95 92 91
63 40 29 36 79 93 73 74 71 81 13 80 57 39 73 34 16 78 31 76 99 91 58 56 30 74 87 46 66 73 42 20 87 60 89 41 73 76 31 17 52 26 39 0 16 78 43 25 23 58 48 72 90 87 20 40 36 93 36 78 87 96 65 44 44 99 85 42 40 85 43 13 21 37 18 73 52 48 89 62 29 30 66 26 91 78 63 54 14 33 41 71 33 66 73 42 37 21 72 89 15 97 30 69 17
28 96 85 61 30 98 95 22 59 91 10 34 86 25 10 92 71 41 68 80 32 68 83 72 64 33 59 96 75 88 84 73 73 13 74 17 35 42 68 26 76 69 70 16 0 64 71 51 15 14 17 13 29 16 10 81 45 89 23 33 84 47 23 67 73 57 73 77 83 81 59 18 36 17 32 20 84 65 63 57 79 61 88 98 10 79 67 39 77 93 83 60 48 62 30 33 29 46 19 38 46 49 60 72 69
45 92 83 14 37 10 82 20 73 55 98 74 48 65 27 88 25 73 10 66 73 35 41 79 63 41 60 84 81 36 69 56 53 72 95 82 29 38 74 86 24 91 51 78 64 0 23 10 55 60 89 76 79 92 85 70 58 84 79 81 48 90 42 72 30 77 71 98 45 68 82 89 99 56 18 40 63 28 63 89 40 33 44 48 18 20 85 13 80 81 67 38 67 83 82 35 63 59 66 75 58 21 87 65 93
26 80 60 38 20 87 21 46 60 61 94 49 84 76 86 23 33 58 22 74 56 12 35 43 55 98 42 77 93 42 64 61 85 81 85 74 69 75 70 74 11 25 86 43 71 23 0 73 99 18 53 59 41 35 20 34 17 55 12 81 29 41 44 31 36 52 16 54 78 81 65 97 53 84 69 26 42 42 29 49 24 55 59 59 79 68 23 51 60 51 73 67 15 89 45 48 72 12 68 92 90 27 96 88 59
16 91 39 20 65 23 36 77 18 72 12 80 96 72 70 18 65 50 61 17 52 75 31 94 57 76 69 87 92 54 89 45 63 44 76 54 96 62 24 19 31 99 76 25 51 10 73 0 51 19 81 68 64 54 51 26 25 36 46 78 70 55 52 59 19 39 47 51 35 95 97 30 87 49 41 27 54 47 18 77 19 87 10 10 46 62 65 79 16 50 40 14 67 68 10 40 22 55 93 92 45 51 93 32 78
37 64 47 83 63 49 52 67 33 47 37 31 72 20 33 16 23 99 37 86 13 67 31 82 57 41 53 42 86 97 68 72 86 72 38 88 57 26 37 34 24 61 40 23 15 55 99 51 0 51 52 91 50 42 80 26 42 97 49 98 96 30 83 77 27 61 10 68 63 59 96 14 82 15 99 83 83 50 36 50 93 49 38 77 59 68 98 13 64 97 36 43 81 33 14 95 92 89 73 22 38 73 60 13 43
22 36 32 31 98 30 69 31 63 91 58 39 80 19 68 53 48 41 31 69 98 23 87 74 31 11 55 30 47 16 68 13 59 57 60 49 73 70 29 64 89 50 38 58 14 60 18 19 51 0 25 85 81 76 81 44 97 97 87 28 55 97 87 68 73 31 79 80 10 44 53 15 91 97 65 67 28 62 45 18 48 28 91 43 29 62 99 69 35 69 30 38 24 90 71 24 88 16 68 70 56 47 38 42 28
37 44 15 14 36 89 89 99 78 55 71 84 81 13 26 90 34 12 58 58 41 90 20 44 64 28 57 58 82 98 49 62 41 69 16 87 12 42 22 88 43 64 44 48 17 89 53 81 52 25 0 18 65 16 13 45 18 18 20 34 45 37 99 75 67 76 60 43 20 46 87 89 58 19 15 69 58 74 81 19 85 14 51 19 73 83 76 19 51 26 58 14 66 63 82 45 10 59 26 15 52 94 41 22 59
98 54 28 52 78 39 21 73 67 46 68 54 54 68 91 58 88 20 74 38 95 72 71 35 12 16 17 58 12 88 38 55 82 57 27 38 95 32 40 97 95 84 97 72 13 76 59 68 91 85 18 0 77 23 31 32 13 82 13 40 45 83 10 66 40 87 52 14 54 67 62 11 78 96 33 38 41 51 39 31 99 58 63 78 80 89 16 39 88 20 92 63 38 41 14 83 27 10 17 70 66 41 14 37 49
59 35 96 90 58 55 28 50 71 27 68 30 76 85 65 17 37 74 30 64 87 24 64 24 10 97 68 82 87 81 59 21 24 93 64 95 47 75 57 59 71 73 81 90 29 79 41 64 50 81 65 77 0 49 57 17 96 16 83 60 76 29 17 56 62 15 61 17 79 31 67 53 79 86 66 58 63 82 55 70 46 77 59 18 59 73 97 86 79 85 43 43 15 34 59 67 13 68 69 51 40 25 44 20 58
47 14 10 22 89 48 90 82 79 39 47 77 86 98 58 65 69 65 11 37 61 59 88 62 70 84 75 97 31 98 81 95 98 88 13 20 94 16 87 76 45 52 86 87 16 92 35 54 42 76 16 23 49 0 11 41 10 65 49 77 57 11 68 76 22 70 50 52 66 73 62 57 93 23 95 45 42 61 94 20 26 24 14 15 99 44 45 27 77 38 10 19 12 98 91 91 95 42 30 62 90 12 42 89 22
25 26 48 91 59 46 51 68 32 33 38 91 10 18 82 63 16 39 53 84 13 99 84 79 36 89 37 19 36 34 27 13 47 54 40 80 69 58 47 72 47 23 94 20 10 85 20 51 80 81 13 31 57 11 0 48 72 73 74 11 23 35 57 18 27 53 83 90 49 84 18 46 40 78 15 52 17 10 28 28 66 88 76 41 44 37 90 62 49 52 18 36 77 39 95 33 18 98 72 11 79 69 32 38 97
17 92 54 55 58 50 73 71 82 73 96 18 35 33 45 63 66 38 83 18 85 29 13 81 68 45 55 61 69 13 70 69 45 98 49 39 15 58 34 69 12 38 33 40 81 70 34 26 26 44 45 32 17 41 48 0 58 15 67 61 34 75 89 48 13 12 36 24 83 73 35 93 40 48 75 77 62 58 10 72 91 46 84 17 66 96 54 68 33 78 58 42 76 38 81 67 33 47 58 71 45 28 30 27 95
17 48 78 26 22 79 32 29 60 81 59 52 24 79 83 88 16 99 70 74 75 17 56 56 18 39 72 35 59 84 99 69 19 88 42 19 31 42 59 56 18 84 42 36 45 58 17 25 42 97 18 13 96 10 72 58 0 66 93 49 20 26 90 37 51 66 48 18 18 50 58 72 21 73 19 83 81 98 13 60 57 71 50 73 90 33 62 59 65 63 88 73 32 64 56 42 35 46 15 35 20 30 87 21 14
66 52 50 27 15 67 63 19 15 41 70 54 38 27 97 17 41 29 57 25 99 27 78 91 26 47 86 34 68 72 46 72 22 15 79 96 88 33 86 86 13 52 99 93 89 84 55 36 97 97 18 82 16 65 73 15 66 0 19 27 94 41 90 43 92 25 97 89 47 71 24 21 19 42 40 76 95 93 42 66 17 40 87 43 83 49 63 58 28 81 65 79 19 27 10 92 95 36 45 19 78 49 39 57 87
97 63 73 65 97 20 67 37 13 15 62 13 61 77 63 45 47 45 50 89 82 63 64 90 72 39 10 77 62 13 43 98 54 67 28 76 78 66 40 90 92 35 41 36 23 79 12 46 49 87 20 13 83 49 74 67 93 19 0 64 41 79 67 25 57 16 72 48 74 96 72 84 20 41 71 66 92 50 61 69 33 56 95 42 35 96 15 12 19 24 45 67 33 62 57 43 46 37 16 72 19 95 74 12 12
63 31 23 51 32 73 66 41 59 80 90 53 99 20 63 68 31 21 71 69 49 74 23 13 46 62 17 30 45 30 18 47 54 90 88 71 69 35 68 58 65 68 83 78 33 81 81 78 98 28 34 40 60 77 11 61 49 27 64 0 16 10 71 63 35 17 40 15 91 80 30 47 90 27 84 90 56 19 47 87 39 96 63 77 92 82 53 13 11 42 80 63 47 21 54 43 71 84 87 15 24 39 49 39 45
17 67 32 91 36 25 92 94 68 69 82 50 67 29 17 52 87 27 68 66 10 38 16 90 70 35 35 96 20 77 90 69 80 81 28 48 96 32 21 48 16 74 79 87 84 48 29 70 96 55 45 45 76 57 23 34 20 94 41 16 0 16 19 88 46 11 24 42 20 47 33 58 83 28 59 36 36 59 96 26 64 97 76 77 10 11 52 52 85 71 12 24 51 32 56 41 78 27 74 59 96 51 17 16 27
27 60 15 57 25 39 85 78 44 32 75 48 56 71 39 93 11 94 81 14 69 22 41 77 57 67 85 93 65 52 49 55 32 88 66 60 96 57 91 65 38 37 59 96 47 90 41 55 30 97 37 83 29 11 35 75 26 41 79 10 16 0 68 32 46 56 35 70 86 45 67 73 25 17 42 67 68 88 64 16 11 40 45 88 43 98 14 30 64 37 61 53 84 82 88 43 41 61 41 23 80 49 89 69 12
40 99 56 45 62 21 93 36 77 80 56 67 90 53 65 88 32 71 73 15 65 35 44 85 14 19 12 87 74 88 56 70 79 33 87 93 28 63 84 39 58 17 28 65 23 42 44 52 83 87 99 10 17 68 57 89 90 90 67 71 19 68 0 35 18 29 43 81 66 99 80 58 43 87 95 67 13 27 15 42 50 78 71 76 81 34 99 86 41 60 28 76 60 95 11 83 55 28 75 22 63 71 90 48 86
79 43 93 77 51 66 59 71 13 13 41 11 24 62 36 89 26 89 98 61 16 79 56 22 48 69 22 61 80 38 26 39 28 14 88 43 44 67 67 88 66 93 39 44 67 72 31 59 77 68 75 66 56 76 18 48 37 43 25 63 88 32 35 0 75 10 45 47 20 70 15 94 98 17 97 50 17 47 75 13 39 20 78 65 19 41 79 37 99 69 95 16 77 26 13 80 45 14 42 92 40 21 81 67 77
55 99 29 24 74 17 80 18 84 85 91 52 31 40 63 38 63 96 92 95 16 98 35 55 68 58 71 46 66 54 89 66 99 20 21 38 21 67 92 18 37 36 21 44 73 30 36 19 27 73 67 40 62 22 27 13 51 92 57 35 46 46 18 75 0 66 71 13 44 66 75 61 62 73 31 54 34 38 56 13 91 49 84 58 38 50 99 94 91 40 76 46 76 44 32 42 17 52 74 63 12 15 74 20 87
15 85 54 61 50 97 73 11 25 20 63 40 35 61 20 29 92 52 10 91 60 66 97 72 54 91 72 97 80 45 27 67 99 54 74 12 43 62 56 77 43 35 60 99 57 77 52 39 61 31 76 87 15 70 53 12 66 25 16 17 11 56 29 10 66 0 48 49 73 26 37 93 21 22 64 30 80 84 13 97 60 89 44 38 20 58 28 32 60 15 62 28 34 27 24 24 64 81 34 24 72 77 79 17 72
58 55 40 45 65 24 68 53 73 88 10 61 20 83 59 84 32 85 26 86 77 21 42 47 77 87 87 29 34 86 42 23 50 97 30 65 50 99 80 48 94 69 34 85 73 71 16 47 10 79 60 52 61 50 83 36 48 97 72 40 24 35 43 45 71 48 0 55 11 41 69 97 94 53 77 11 75 44 51 44 41 64 17 41 76 17 56 68 22 77 59 69 81 95 79 12 38 91 90 79 21 61 39 92 42
66 64 64 11 95 94 11 40 53 81 89 32 41 82 43 66 70 69 35 56 86 97 45 29 99 15 41 35 34 10 95 28 64 67 33 95 83 10 93 97 85 24 40 42 77 98 54 51 68 80 43 14 17 52 90 24 18 89 48 15 42 70 81 47 13 49 55 0 13 91 38 40 17 14 74 25 85 29 24 78 63 91 48 24 21 20 25 92 93 59 36 97 57 84 46 96 66 70 82 86 38 69 17 93 77
71 16 27 87 13 33 77 53 96 20 50 82 87 19 42 84 28 51 34 38 93 57 72 91 46 52 18 30 74 34 34 81 74 25 94 13 31 46 76 38 95 83 29 40 83 45 78 35 63 10 20 54 79 66 49 83 18 47 74 91 20 86 66 20 44 73 11 13 0 44 69 87 94 58 19 51 95 72 24 61 15 11 47 81 69 17 59 69 87 45 88 19 28 81 77 76 74 45 24 15 45 30 30 12 25
84 13 60 60 91 88 69 87 15 85 84 63 39 79 72 26 44 86 88 48 56 51 35 50 37 95 34 76 19 54 94 15 12 81 41 21 15 29 13 66 77 58 58 85 81 68 81 95 59 44 46 67 31 73 84 73 50 71 96 80 47 45 99 70 66 26 41 91 44 0 49 77 62 76 11 72 93 96 87 98 98 78 70 71 40 14 37 70 53 97 31 54 13 66 72 63 83 67 41 49 81 95 12 66 49
97 69 74 48 74 37 15 21 99 28 95 76 70 31 35 35 97 35 26 96 86 30 48 39 84 61 64 27 57 75 17 92 32 91 98 58 51 82 44 35 42 63 25 43 59 82 65 97 96 53 87 62 67 62 18 35 58 24 72 30 33 67 80 15 75 37 69 38 69 49 0 64 43 34 19 76 67 17 87 25 82 11 16 92 41 86 68 78 53 48 72 10 76 95 23 69 40 50 94 58 28 80 13 91 51
60 80 83 70 30 26 36 53 52 86 84 18 68 26 21 73 47 39 66 12 78 39 60 73 65 61 68 92 48 36 48 44 46 90 49 45 58 89 21 81 58 76 73 13 18 89 97 30 14 15 89 11 53 57 46 93 72 21 84 47 58 73 58 94 61 93 97 40 87 77 64 0 66 37 37 44 63 58 34 36 44 44 28 17 91 34 83 23 40 52 48 48 44 63 94 50 58 95 53 70 98 26 98 75 17
72 98 20 83 91 30 96 47 97 41 98 74 39 16 26 56 25 47 93 51 39 54 97 47 66 59 97 79 13 86 77 82 48 85 92 78 91 99 52 68 41 34 52 21 36 99 53 87 82 91 58 78 79 93 40 40 21 19 20 90 83 25 43 98 62 21 94 17 94 62 43 66 0 63 85 46 62 54 85 23 28 94 42 12 65 94 76 51 24 19 39 19 93 23 72 78 19 91 31 70 49 88 78 38 33
80 39 55 73 55 55 30 70 22 29 80 13 57 55 35 49 36 24 15 79 88 72 48 23 18 40 73 11 99 73 83 18 93 97 97 29 43 66 54 51 76 48 35 37 17 56 84 49 15 97 19 96 86 23 78 48 73 42 41 27 28 17 87 17 73 22 53 14 58 76 34 37 63 0 57 14 16 78 24 63 90 26 92 97 37 62 41 15 17 85 64 84 69 68 42 46 85 87 18 50 95 13 95 88 94
10 30 30 19 33 54 18 25 10 70 65 70 48 92 38 46 10 12 47 65 35 82 46 44 29 44 91 44 15 14 67 36 85 97 12 14 39 95 29 58 36 67 40 18 32 18 69 41 99 65 15 33 66 95 15 75 19 40 71 84 59 42 95 97 31 64 77 74 19 11 19 37 85 57 0 98 60 33 14 56 19 89 35 91 27 83 19 17 36 77 81 20 86 56 65 27 41 57 87 46 86 67 75 99 80
58 37 99 84 90 65 86 44 30 61 93 58 44 84 37 75 24 66 58 90 98 77 87 45 77 19 63 34 90 96 96 15 40 36 21 96 56 63 50 60 50 56 79 73 20 40 26 27 83 67 69 38 58 45 52 77 83 76 66 90 36 67 67 50 54 30 11 25 51 72 76 44 46 14 98 0 14 79 41 25 31 51 79 60 27 60 77 62 83 70 33 69 74 46 63 97 60 72 24 69 35 69 31 99 46
63 67 58 13 89 28 97 35 11 45 42 79 93 57 71 60 99 38 14 30 55 47 87 75 26 67 17 82 57 92 67 37 50 16 83 37 56 35 83 81 66 45 52 52 84 63 42 54 83 28 58 41 63 42 17 62 81 95 92 56 36 68 13 17 34 80 75 85 95 93 67 63 62 16 60 14 0 81 14 64 30 53 26 11 24 35 17 32 32 65 67 17 46 98 30 69 90 46 31 33 72 44 36 45 97
89 73 41 73 99 62 13 93 59 34 54 78 40 56 38 83 10 81 78 24 71 58 33 86 65 75 28 86 66 87 86 98 71 14 42 64 50 79 65 21 21 89 51 48 65 28 42 47 50 62 74 51 82 61 10 58 98 93 50 19 59 88 27 47 38 84 44 29 72 96 17 58 54 78 33 79 81 0 75 79 38 92 89 37 15 68 47 93 59 37 64 43 78 92 84 61 13 36 18 53 96 60 39 33 80
62 55 46 34 96 71 64 27 98 94 47 87 53 54 32 97 48 77 46 30 61 44 70 30 45 13 79 94 39 24 79 33 49 14 94 44 76 23 82 25 68 54 36 89 63 63 29 18 36 45 81 39 55 94 28 10 13 42 61 47 96 64 15 75 56 13 51 24 24 87 87 34 85 24 14 41 14 75 0 14 78 57 55 85 14 90 61 95 70 39 70 34 82 20 11 19 25 62 63 37 74 48 29 53 87
60 46 60 73 38 53 96 96 17 88 12 97 20 25 28 58 76 73 76 98 75 25 70 55 19 13 80 91 74 34 78 50 32 64 95 73 92 30 65 37 79 46 33 62 57 89 49 77 50 18 19 31 70 20 28 72 60 66 69 87 26 16 42 13 13 97 44 78 61 98 25 36 23 63 56 25 64 79 14 0 66 72 87 54 67 35 91 41 81 75 38 21 37 76 79 65 85 78 78 76 28 59 91 56 74
95 27 99 93 78 57 54 10 55 11 54 12 29 95 23 86 78 34 48 61 81 98 73 52 13 95 98 55 80 72 48 48 10 45 39 28 89 36 70 16 19 19 41 29 79 40 24 19 93 48 85 99 46 26 66 91 57 17 33 39 64 11 50 39 91 60 41 63 15 98 82 44 28 90 19 31 30 38 78 66 0 46 48 89 87 26 91 11 27 21 80 83 68 53 66 13 92 32 19 36 61 74 24 93 25
71 60 36 95 32 60 14 26 36 63 19 62 97 30 32 49 55 97 22 54 26 71 13 31 98 62 84 64 10 71 44 52 61 23 24 17 86 77 80 51 85 21 87 30 61 33 55 87 49 28 14 58 77 24 88 46 71 40 56 96 97 40 78 20 49 89 64 91 11 78 11 44 94 26 89 51 53 92 57 72 46 0 55 86 72 10 88 20 71 19 99 24 28 87 36 76 14 10 46 68 78 52 85 68 72
60 17 19 34 94 85 65 61 78 51 76 31 49 55 20 35 80 17 64 47 65 91 55 84 89 52 56 90 73 68 59 75 31 15 66 23 87 99 51 14 97 63 85 66 88 44 59 10 38 91 51 63 59 14 76 84 50 87 95 63 76 45 71 78 84 44 17 48 47 70 16 28 42 92 35 79 26 89 55 87 48 55 0 26 70 32 63 28 65 48 92 69 86 47 81 99 92 67 73 37 71 79 83 14 45
22 43 16 12 82 29 33 89 83 69 94 49 98 55 91 26 22 27 39 74 44 95 28 93 13 81 49 21 50 22 46 20 85 41 41 32 23 76 26 25 19 53 28 26 98 48 59 10 77 43 19 78 18 15 41 17 73 43 42 77 77 88 76 65 58 38 41 24 81 71 92 17 12 97 91 60 11 37 85 54 89 86 26 0 33 95 98 35 91 23 19 11 85 34 41 15 94 64 61 56 45 29 18 89 45
24 97 80 73 89 64 53 92 37 62 66 42 91 14 80 10 48 32 43 93 96 90 63 63 88 42 47 70 14 76 75 49 46 63 31 51 57 72 77 98 87 77 79 91 10 18 79 46 59 29 73 80 59 99 44 66 90 83 35 92 10 43 81 19 38 20 76 21 69 40 41 91 65 37 27 27 24 15 14 67 87 72 70 33 0 14 62 27 62 34 56 99 87 64 59 74 69 81 34 22 34 87 62 49 51
70 36 66 51 43 12 19 57 61 74 51 59 34 10 38 93 67 22 18 24 57 55 63 14 77 97 80 18 55 38 18 34 49 92 62 62 20 87 42 39 89 48 39 78 79 20 68 62 68 62 83 89 73 44 37 96 33 49 96 82 11 98 34 41 50 58 17 20 17 14 86 34 94 62 83 60 35 68 90 35 26 10 32 95 14 0 80 15 60 98 98 79 67 97 12 28 77 83 31 41 63 37 55 40 53
21 79 62 70 16 78 40 40 80 38 32 50 78 84 98 14 27 37 69 64 24 45 44 48 48 13 82 78 14 75 38 83 59 29 62 14 80 47 46 87 98 49 45 63 67 85 23 65 98 99 76 16 97 45 90 54 62 63 15 53 52 14 99 79 99 28 56 25 59 37 68 83 76 41 19 77 17 47 61 91 91 88 63 98 62 80 0 86 13 23 84 72 58 96 58 25 41 15 15 79 48 88 26 35 86
63 40 76 58 93 79 47 37 33 45 79 16 89 48 94 73 56 16 64 39 14 86 86 86 44 80 56 92 37 98 85 68 89 37 86 99 44 87 85 99 46 74 87 54 39 13 51 79 13 69 19 39 86 27 62 68 59 58 12 13 52 30 86 37 94 32 68 92 69 70 78 23 51 15 17 62 32 93 95 41 11 20 28 35 27 15 86 0 60 98 51 60 21 56 12 92 45 67 76 94 61 18 35 62 10
66 46 56 14 76 74 24 32 70 48 95 23 21 52 34 60 63 29 15 11 75 61 74 73 64 39 96 26 57 23 37 95 32 74 12 68 57 54 99 28 50 61 63 14 77 80 60 16 64 35 51 88 79 77 49 33 65 28 19 11 85 64 41 99 91 60 22 93 87 53 53 40 24 17 36 83 32 59 70 81 27 71 65 91 62 60 13 60 0 62 54 94 70 21 65 11 48 59 68 52 25 62 56 90 46
51 27 29 81 15 18 74 88 95 61 56 52 60 25 84 12 74 20 68 93 26 47 70 42 92 12 94 30 71 28 33 39 69 90 41 14 60 72 53 74 59 10 33 33 93 81 51 50 97 69 26 20 85 38 52 78 63 81 24 42 71 37 60 69 40 15 77 59 45 97 48 52 19 85 77 70 65 37 39 75 21 19 48 23 34 98 23 98 62 0 70 68 71 52 11 94 40 35 97 57 34 55 81 71 75
84 77 83 32 34 63 68 67 54 39 69 91 56 88 36 16 88 81 39 62 28 21 10 26 79 17 72 97 17 60 67 50 79 84 83 38 68 36 89 91 79 87 47 41 83 67 73 40 36 30 58 92 43 10 18 58 88 65 45 80 12 61 28 95 76 62 59 36 88 31 72 48 39 64 81 33 67 64 70 38 80 99 92 19 56 98 84 51 54 70 0 27 78 14 49 73 71 67 94 43 42 47 29 33 94
80 88 86 78 87 64 95 23 68 23 33 45 29 67 16 69 19 21 62 10 76 76 80 26 57 49 81 83 11 35 81 21 90 47 22 51 79 98 41 75 86 20 52 71 60 38 67 14 43 38 14 63 43 19 36 42 73 79 67 63 24 53 76 16 46 28 69 97 19 54 10 48 19 84 20 69 17 43 34 21 83 24 69 11 99 79 72 60 94 68 27 0 70 38 59 17 76 58 73 96 15 28 18 87 46
35 38 55 30 47 88 14 63 90 89 92 13 21 94 86 81 68 63 84 89 76 58 59 80 80 49 19 52 77 73 22 12 43 89 93 84 32 72 27 51 29 55 92 33 48 67 15 67 81 24 66 38 15 12 77 76 32 19 33 47 51 84 60 77 76 34 81 57 28 13 76 44 93 69 86 74 46 78 82 37 68 28 86 85 87 67 58 21 70 71 78 70 0 76 91 13 43 25 24 46 69 58 44 75 83
77 21 87 95 62 70 35 48 31 81 84 13 15 42 10 44 98 62 61 76 83 95 57 86 92 82 43 12 39 70 82 85 75 63 65 55 84 56 22 69 99 42 34 66 62 83 89 68 33 90 63 41 34 98 39 38 64 27 62 21 32 82 95 26 44 27 95 84 81 66 95 63 23 68 56 46 98 92 20 76 53 87 47 34 64 97 96 56 21 52 14 38 76 0 55 45 64 71 38 80 71 63 74 94 11
30 78 66 33 98 14 41 18 55 58 82 96 40 24 70 50 51 10 21 49 67 20 24 73 67 18 67 67 18 19 52 37 49 90 39 38 29 57 25 27 43 48 79 73 30 82 45 10 14 71 82 14 59 91 95 81 56 10 57 54 56 88 11 13 32 24 79 46 77 72 23 94 72 42 65 63 30 84 11 79 66 36 81 41 59 12 58 12 65 11 49 59 91 55 0 38 26 42 32 81 57 50 24 41 27
27 26 87 27 21 32 25 53 35 34 81 16 98 58 60 86 23 67 74 87 16 57 12 41 13 93 41 41 62 83 47 18 56 37 25 20 92 96 80 13 52 56 45 42 33 35 48 40 95 24 45 83 67 91 33 67 42 92 43 43 41 43 83 80 42 24 12 96 76 63 69 50 78 46 27 97 69 61 19 65 13 76 99 15 74 28 25 92 11 94 73 17 13 45 38 0 33 28 54 22 88 86 27 65 28
28 42 10 34 29 20 80 13 98 56 34 65 81 45 76 75 73 46 57 97 11 58 34 53 45 48 62 24 68 18 92 92 78 34 29 42 63 31 36 83 27 24 39 37 29 63 72 22 92 88 10 27 13 95 18 33 35 95 46 71 78 41 55 45 17 64 38 66 74 83 40 58 19 85 41 60 90 13 25 85 92 14 92 94 69 77 41 45 48 40 71 76 43 64 26 33 0 66 60 93 16 55 68 18 38
47 19 75 57 86 66 12 52 78 38 21 34 74 84 31 19 19 13 84 60 53 91 26 74 67 88 96 54 15 54 14 94 30 18 47 10 11 88 52 23 58 56 75 21 46 59 12 55 89 16 59 10 68 42 98 47 46 36 37 84 27 61 28 14 52 81 91 70 45 67 50 95 91 87 57 72 46 36 62 78 32 10 67 64 81 83 15 67 59 35 67 58 25 71 42 28 66 0 56 67 12 63 12 42 29
43 84 38 54 24 21 99 95 45 64 31 42 75 24 52 20 46 99 54 16 81 92 88 21 99 55 66 47 96 96 88 20 17 89 47 29 64 32 12 62 65 58 48 72 19 66 68 93 73 68 26 17 69 30 72 58 15 45 16 87 74 41 75 42 74 34 90 82 24 41 94 53 31 18 87 24 31 18 63 78 19 46 73 61 34 31 15 76 68 97 94 73 24 38 32 54 60 56 0 72 21 16 55 84 34
58 24 24 64 30 36 26 70 33 20 98 97 68 61 75 15 42 48 27 22 41 33 79 81 74 31 61 92 50 29 83 69 52 29 21 58 27 39 62 40 56 79 64 89 38 75 92 92 22 70 15 70 51 62 11 71 35 19 72 15 59 23 22 92 63 24 79 86 15 49 58 70 70 50 46 69 33 53 37 76 36 68 37 56 22 41 79 94 52 57 43 96 46 80 81 22 93 67 72 0 29 41 56 38 31
83 88 70 33 73 15 73 56 22 15 95 65 97 11 28 74 86 95 62 97 21 48 34 60 32 59 89 69 69 59 12 11 90 98 76 28 88 52 52 58 31 84 55 15 46 58 90 45 38 56 52 66 40 90 79 45 20 78 19 24 96 80 63 40 12 72 21 38 45 81 28 98 49 95 86 35 72 96 74 28 61 78 71 45 34 63 48 61 25 34 42 15 69 71 57 88 16 12 21 29 0 30 56 78 11
11 12 17 50 85 78 71 49 50 16 55 86 87 49 90 42 25 53 14 34 10 77 71 40 86 89 42 87 73 71 29 54 49 99 76 86 27 46 70 74 92 72 56 97 49 21 27 51 73 47 94 41 25 12 69 28 30 49 95 39 51 49 71 21 15 77 61 69 30 95 80 26 88 13 67 69 44 60 48 59 74 52 79 29 87 37 88 18 62 55 47 28 58 63 50 86 55 63 16 41 30 0 84 65 99
60 39 43 72 40 91 10 62 98 76 32 31 75 64 62 51 83 69 20 58 18 27 29 50 96 57 66 33 10 93 45 47 30 42 48 57 93 45 60 99 35 63 95 30 60 87 96 93 60 38 41 14 44 42 32 30 87 39 74 49 17 89 90 81 74 79 39 17 30 12 13 98 78 95 75 31 36 39 29 91 24 85 83 18 62 55 26 35 56 81 29 18 44 74 24 27 68 12 55 56 56 84 0 42 55
78 88 68 40 72 32 39 37 93 49 65 24 54 57 62 39 17 22 35 20 66 56 98 85 70 55 92 28 64 20 96 49 66 71 69 41 85 80 32 89 70 40 92 69 72 65 88 32 13 42 22 37 20 89 38 27 21 57 12 39 16 69 48 67 20 17 92 93 12 66 91 75 38 88 99 99 45 33 53 56 93 68 14 89 49 40 35 62 90 71 33 87 75 94 41 65 18 42 84 38 78 65 42 0 29
51 72 54 54 63 60 14 32 28 63 32 43 96 27 78 53 23 81 63 37 81 36 64 98 66 34 61 37 77 84 83 27 26 71 62 59 51 26 39 13 11 44 91 17 69 93 59 78 43 28 59 49 58 22 97 95 14 87 12 45 27 12 86 77 87 72 42 77 25 49 51 17 33 94 80 46 97 80 87 74 25 72 45 45 51 53 86 10 46 75 94 46 83 11 27 28 38 29 34 31 11 99 55 29 0