60
0 14 10 16 99 29 72 62 19 63 16 51 17 54 89 95 56 84 26 83 73 33 92 82 71 13 23 71 40 87 35 66 43 15 44 44 61 26 56 95 43 77 26 22 70 93 55 90 36 60 72 71 25 56 29 67 88 13 50 66
14 0 76 77 61 29 16 17 53 20 64 64 75 60 63 42 45 82 99 70 36 29 68 90 70 20 36 65 55 20 15 36 59 79 89 11 61 16 49 97 91 96 94 96 99 45 19 42 11 22 50 11 30 18 91 30 15 51 10 86
10 76 0 55 87 89 49 33 32 67 29 81 16 39 84 51 47 67 20 49 54 88 18 56 39 45 29 34 74 78 23 13 71 25 18 67 12 12 20 26 88 23 18 12 20 36 11 25 43 67 77 13 53 12 47 84 88 94 22 65
16 77 55 0 99 52 54 32 21 52 47 50 15 91 56 37 89 64 53 48 12 40 12 25 19 78 76 39 17 58 52 53 55 72 79 91 44 93 28 46 89 63 97 34 63 60 88 25 70 76 28 32 85 67 94 98 12 35 42 46
99 61 87 99 0 34 52 59 30 80 33 64 48 57 77 48 70 94 30 36 53 49 85 15 98 47 78 62 30 37 90 59 19 51 39 92 86 74 63 76 70 94 48 78 92 59 53 17 76 80 56 28 95 45 13 94 21 34 52 36
29 29 89 52 34 0 28 51 96 48 71 41 84 57 56 63 41 70 52 57 70 29 48 67 81 17 44 72 19 78 11 56 75 77 82 63 16 15 54 53 26 40 81 72 99 49 69 65 37 38 60 98 78 78 24 83 45 71 77 68
72 16 49 54 52 28 0 39 75 67 88 70 80 65 28 26 52 69 51 58 33 16 37 82 53 22 86 76 40 49 82 69 90 19 25 60 59 89 50 22 23 85 89 15 20 55 85 37 24 98 11 47 87 43 41 52 62 59 53 41
62 17 33 32 59 51 39 0 70 62 51 75 29 90 30 12 71 85 50 47 21 43 53 36 98 61 83 98 48 67 42 75 92 23 62 82 79 99 29 59 44 52 28 58 64 27 35 85 51 41 71 26 65 10 83 31 17 81 21 74
19 53 32 21 30 96 75 70 0 29 40 82 30 43 55 28 31 38 36 82 93 26 26 20 38 17 88 88 59 56 51 42 31 49 20 94 15 76 97 52 43 54 28 34 65 91 83 46 61 19 68 88 61 73 86 66 75 85 62 91
63 20 67 52 80 48 67 62 29 0 66 94 70 43 17 23 53 24 46 88 81 36 76 94 54 98 10 34 48 57 40 28 40 53 93 82 64 18 39 85 97 68 18 49 82 67 16 17 40 42 84 21 72 64 73 81 17 47 68 58
16 64 29 47 33 71 88 51 40 66 0 54 84 43 52 75 82 53 66 57 17 71 56 83 42 34 89 92 10 65 13 90 89 75 15 15 22 31 90 12 79 34 88 88 73 93 36 65 52 99 14 36 43 89 23 30 21 42 23 85
51 64 81 50 64 41 70 75 82 94 54 0 78 63 86 70 20 50 46 19 72 26 63 66 95 36 93 32 16 79 76 63 50 81 96 33 60 73 61 87 57 26 84 59 44 32 57 73 59 70 44 53 74 78 64 42 76 66 70 70
17 75 16 15 48 84 80 29 30 70 84 78 0 15 31 99 46 78 81 51 64 49 62 15 40 61 33 34 85 59 15 54 45 52 32 61 13 75 39 41 51 34 37 58 42 18 35 75 94 26 10 53 94 95 49 37 79 10 29 17
54 60 39 91 57 57 65 90 43 43 43 63 15 0 61 84 82 87 43 34 27 52 67 13 72 95 26 12 85 99 48 69 81 83 45 90 76 27 54 69 60 46 51 38 71 15 89 37 65 89 68 90 61 60 30 18 50 40 71 89
89 63 84 56 77 56 28 30 55 17 52 86 31 61 0 23 10 60 76 13 36 80 69 78 84 21 75 78 50 52 21 29 16 72 60 52 44 14 45 36 54 36 68 48 22 58 78 32 47 54 99 92 25 97 92 90 12 67 42 64
95 42 51 37 48 63 26 12 28 23 75 70 99 84 23 0 50 30 87 96 34 70 21 83 23 94 18 13 45 86 94 60 97 39 93 85 27 85 53 18 18 51 55 14 50 51 33 22 13 87 34 75 65 79 12 59 59 11 33 14
56 45 47 89 70 41 52 71 31 53 82 20 46 82 10 50 0 23 36 69 48 87 58 19 38 46 96 89 64 40 71 84 50 73 15 76 61 94 57 33 19 52 85 83 40 67 23 21 95 17 63 98 28 22 54 32 43 69 99 90
84 82 67 64 94 70 69 85 38 24 53 50 78 87 60 30 23 0 38 58 96 65 34 62 51 69 70 81 48 92 24 12 78 89 37 75 51 54 46 41 15 35 94 50 22 78 58 71 91 38 66 39 22 35 88 61 92 45 43 96
26 99 20 53 30 52 51 50 36 46 66 46 81 43 76 87 36 38 0 53 16 95 85 55 93 59 13 48 38 59 62 64 58 22 41 95 30 72 10 98 39 33 90 89 21 12 76 45 75 14 41 76 50 60 15 33 46 19 93 54
83 70 49 48 36 57 58 47 82 88 57 19 51 34 13 96 69 58 53 0 98 63 81 67 56 91 50 77 33 90 78 68 31 32 58 30 31 83 79 36 49 35 88 89 96 25 74 12 97 53 92 57 71 26 84 81 78 16 53 96
73 36 54 12 53 70 33 21 93 81 17 72 64 27 36 34 48 96 16 98 0 44 88 57 12 62 22 48 27 19 99 42 93 83 98 45 95 27 97 92 33 54 71 86 56 63 47 30 40 84 14 85 75 23 35 49 41 32 65 37
33 29 88 40 49 29 16 43 26 36 71 26 49 52 80 70 87 65 95 63 44 0 48 79 57 60 55 12 32 84 15 68 68 72 69 50 66 56 39 24 41 55 16 22 28 57 99 28 57 10 56 71 17 58 45 65 15 41 81 86
92 68 18 12 85 48 37 53 26 76 56 63 62 67 69 21 58 34 85 81 88 48 0 68 52 56 25 32 50 95 96 87 94 21 37 45 62 80 78 18 60 89 68 46 40 39 78 75 92 99 30 62 53 75 17 49 90 48 99 87
82 90 56 25 15 67 82 36 20 94 83 66 15 13 78 83 19 62 55 67 57 79 68 0 17 49 12 50 47 81 87 89 62 94 36 64 89 38 49 62 17 84 57 80 58 68 87 53 98 85 83 28 76 13 83 50 66 56 24 51
71 70 39 19 98 81 53 98 38 54 42 95 40 72 84 23 38 51 93 56 12 57 52 17 0 75 41 34 77 30 64 38 42 15 83 45 44 99 37 88 81 89 39 90 23 18 30 17 72 11 12 72 27 84 88 49 95 82 30 77
13 20 45 78 47 17 22 61 17 98 34 36 61 95 21 94 46 69 59 91 62 60 56 49 75 0 41 18 17 74 51 36 17 63 18 75 22 62 70 77 55 58 87 50 94 90 15 51 57 13 99 28 48 94 87 47 36 63 13 93
23 36 29 76 78 44 86 83 88 10 89 93 33 26 75 18 96 70 13 50 22 55 25 12 41 41 0 57 99 66 56 79 99 83 24 79 39 26 90 24 98 14 97 52 18 94 95 29 71 97 76 31 98 23 28 92 31 62 83 14
71 65 34 39 62 72 76 98 88 34 92 32 34 12 78 13 89 81 48 77 48 12 32 50 34 18 57 0 87 68 46 73 94 69 86 53 34 89 76 82 83 42 39 77 75 35 22 80 88 95 82 50 13 45 36 23 95 30 45 81
40 55 74 17 30 19 40 48 59 48 10 16 85 85 50 45 64 48 38 33 27 32 50 47 77 17 99 87 0 26 58 37 71 16 21 49 65 66 17 79 41 30 32 32 77 17 92 29 11 39 66 50 46 16 19 57 51 40 46 77
87 20 78 58 37 78 49 67 56 57 65 79 59 99 52 86 40 92 59 90 19 84 95 81 30 74 66 68 26 0 15 77 65 95 45 13 88 81 79 11 55 87 30 90 17 40 23 76 98 29 43 70 61 54 66 22 82 86 78 15
35 15 23 52 90 11 82 42 51 40 13 76 15 48 21 94 71 24 62 78 99 15 96 87 64 51 56 46 58 15 0 64 21 24 38 88 15 71 65 30 51 74 64 37 35 56 64 32 24 16 42 60 47 52 33 34 44 19 22 12
66 36 13 53 59 56 69 75 42 28 90 63 54 69 29 60 84 12 64 68 42 68 87 89 38 36 79 73 37 77 64 0 78 52 45 84 45 28 42 15 76 96 31 94 21 65 21 60 25 60 66 69 92 45 13 29 60 62 87 29
43 59 71 55 19 75 90 92 31 40 89 50 45 81 16 97 50 78 58 31 93 68 94 62 42 17 99 94 71 65 21 78 0 22 22 55 62 33 52 54 92 95 54 94 86 46 79 52 34 47 97 75 21 41 69 10 52 25 20 14
15 79 25 72 51 77 19 23 49 53 75 81 52 83 72 39 73 89 22 32 83 72 21 94 15 63 83 69 16 95 24 52 22 0 16 87 72 47 61 35 30 57 19 41 69 34 75 98 28 43 12 53 30 30 56 67 13 25 82 40
44 89 18 79 39 82 25 62 20 93 15 96 32 45 60 93 15 37 41 58 98 69 37 36 83 18 24 86 21 45 38 45 22 16 0 33 98 18 61 73 22 40 97 99 59 81 60 45 53 26 28 87 38 90 30 30 67 13 63 63
44 11 67 91 92 63 60 82 94 82 15 33 61 90 52 85 76 75 95 30 45 50 45 64 45 75 79 53 49 13 88 84 55 87 33 0 57 50 59 22 35 52 68 85 82 19 42 31 91 12 74 40 80 24 24 23 65 67 46 38
61 61 12 44 86 16 59 79 15 64 22 60 13 76 44 27 61 51 30 31 95 66 62 89 44 22 39 34 65 88 15 45 62 72 98 57 0 34 85 79 59 47 75 76 42 60 51 17 53 24 36 70 92 59 66 95 52 45 90 96
26 16 12 93 74 15 89 99 76 18 31 73 75 27 14 85 94 54 72 83 27 56 80 38 99 62 26 89 66 81 71 28 33 47 18 50 34 0 54 84 85 41 60 70 30 13 87 79 43 64 64 23 55 94 98 45 56 29 20 28
56 49 20 28 63 54 50 29 97 39 90 61 39 54 45 53 57 46 10 79 97 39 78 49 37 70 90 76 17 79 65 42 52 61 61 59 85 54 0 36 81 52 41 39 87 94 36 24 59 40 95 53 31 53 93 78 35 47 39 65
95 97 26 46 76 53 22 59 52 85 12 87 41 69 36 18 33 41 98 36 92 24 18 62 88 77 24 82 79 11 30 15 54 35 73 22 79 84 36 0 67 58 99 55 70 30 43 39 59 82 51 34 79 67 11 89 94 13 93 25
43 91 88 89 70 26 23 44 43 97 79 57 51 60 54 18 19 15 39 49 33 41 60 17 81 55 98 83 41 55 51 76 92 30 22 35 59 85 81 67 0 88 56 93 65 59 53 25 89 84 88 22 19 45 60 12 83 44 98 12
77 96 23 63 94 40 85 52 54 68 34 26 34 46 36 51 52 35 33 35 54 55 89 84 89 58 14 42 30 87 74 96 95 57 40 52 47 41 52 58 88 0 13 14 41 37 12 18 17 20 93 62 78 47 12 46 70 50 59 82
26 94 18 97 48 81 89 28 28 18 88 84 37 51 68 55 85 94 90 88 71 16 68 57 39 87 97 39 32 30 64 31 54 19 97 68 75 60 41 99 56 13 0 59 64 32 69 66 73 10 71 18 32 10 83 10 47 51 45 71
22 96 12 34 78 72 15 58 34 49 88 59 58 38 48 14 83 50 89 89 86 22 46 80 90 50 52 77 32 90 37 94 94 41 99 85 76 70 39 55 93 14 59 0 48 46 66 31 79 69 74 37 33 62 43 64 61 43 79 69
70 99 20 63 92 99 20 64 65 82 73 44 42 71 22 50 40 22 21 96 56 28 40 58 23 94 18 75 77 17 35 21 86 69 59 82 42 30 87 70 65 41 64 48 0 17 19 81 45 13 81 56 54 30 25 92 22 56 55 45
93 45 36 60 59 49 55 27 91 67 93 32 18 15 58 51 67 78 12 25 63 57 39 68 18 90 94 35 17 40 56 65 46 34 81 19 60 13 94 30 59 37 32 46 17 0 33 43 13 43 87 29 85 98 84 75 58 72 60 42
55 19 11 88 53 69 85 35 83 16 36 57 35 89 78 33 23 58 76 74 47 99 78 87 30 15 95 22 92 23 64 21 79 75 60 42 51 87 36 43 53 12 69 66 19 33 0 17 92 34 36 72 56 24 43 94 45 27 31 55
90 42 25 25 17 65 37 85 46 17 65 73 75 37 32 22 21 71 45 12 30 28 75 53 17 51 29 80 29 76 32 60 52 98 45 31 17 79 24 39 25 18 66 31 81 43 17 0 54 71 61 38 53 16 97 40 40 59 27 50
36 11 43 70 76 37 24 51 61 40 52 59 94 65 47 13 95 91 75 97 40 57 92 98 72 57 71 88 11 98 24 25 34 28 53 91 53 43 59 59 89 17 73 79 45 13 92 54 0 19 98 16 67 52 56 77 39 82 97 25
60 22 67 76 80 38 98 41 19 42 99 70 26 89 54 87 17 38 14 53 84 10 99 85 11 13 97 95 39 29 16 60 47 43 26 12 24 64 40 82 84 20 10 69 13 43 34 71 19 0 51 18 19 56 19 56 40 86 71 86
72 50 77 28 56 60 11 71 68 84 14 44 10 68 99 34 63 66 41 92 14 56 30 83 12 99 76 82 66 43 42 66 97 12 28 74 36 64 95 51 88 93 71 74 81 87 36 61 98 51 0 77 33 77 13 42 65 87 19 52
71 11 13 32 28 98 47 26 88 21 36 53 53 90 92 75 98 39 76 57 85 71 62 28 72 28 31 50 50 70 60 69 75 53 87 40 70 23 53 34 22 62 18 37 56 29 72 38 16 18 77 0 11 50 29 70 85 50 60 46
25 30 53 85 95 78 87 65 61 72 43 74 94 61 25 65 28 22 50 71 75 17 53 76 27 48 98 13 46 61 47 92 21 30 38 80 92 55 31 79 19 78 32 33 54 85 56 53 67 19 33 11 0 53 85 96 49 10 89 50
56 18 12 67 45 78 43 10 73 64 89 78 95 60 97 79 22 35 60 26 23 58 75 13 84 94 23 45 16 54 52 45 41 30 90 24 59 94 53 67 45 47 10 62 30 98 24 16 52 56 77 50 53 0 56 77 97 88 78 91
29 91 47 94 13 24 41 83 86 73 23 64 49 30 92 12 54 88 15 84 35 45 17 83 88 87 28 36 19 66 33 13 69 56 30 24 66 98 93 11 60 12 83 43 25 84 43 97 56 19 13 29 85 56 0 28 36 35 14 78
67 30 84 98 94 83 52 31 66 81 30 42 37 18 90 59 32 61 33 81 49 65 49 50 49 47 92 23 57 22 34 29 10 67 30 23 95 45 78 89 12 46 10 64 92 75 94 40 77 56 42 70 96 77 28 0 30 60 37 20
88 15 88 12 21 45 62 17 75 17 21 76 79 50 12 59 43 92 46 78 41 15 90 66 95 36 31 95 51 82 44 60 52 13 67 65 52 56 35 94 83 70 47 61 22 58 45 40 39 40 65 85 49 97 36 30 0 31 55 38
13 51 94 35 34 71 59 81 85 47 42 66 10 40 67 11 69 45 19 16 32 41 48 56 82 63 62 30 40 86 19 62 25 25 13 67 45 29 47 13 44 50 51 43 56 72 27 59 82 86 87 50 10 88 35 60 31 0 64 39
50 10 22 42 52 77 53 21 62 68 23 70 29 71 42 33 99 43 93 53 65 81 99 24 30 13 83 45 46 78 22 87 20 82 63 46 90 20 39 93 98 59 45 79 55 60 31 27 97 71 19 60 89 78 14 37 55 64 0 83
66 86 65 46 36 68 41 74 91 58 85 70 17 89 64 14 90 96 54 96 37 86 87 51 77 93 14 81 77 15 12 29 14 40 63 38 96 28 65 25 12 82 71 69 45 42 55 50 25 86 52 46 50 91 78 20 38 39 83 0