60
0 65 78 87 76 80 11 76 49 23 86 70 96 63 28 45 56 60 82 36 49 15 28 40 16 49 80 95 50 61 62 11 11 43 91 88 56 95 56 63 83 98 50 81 11 73 88 63 35 64 54 22 95 32 34 92 44 14 35 34
65 0 47 47 32 64 43 21 60 14 76 52 74 21 85 46 30 71 54 54 12 88 54 49 30 52 38 45 90 64 97 30 26 28 77 40 28 89 12 16 17 24 23 56 80 43 68 81 32 26 36 39 90 35 84 75 90 39 89 33
78 47 0 89 96 51 82 67 94 63 95 94 61 99 69 28 64 18 28 16 81 38 67 58 88 86 28 29 70 96 13 11 23 99 26 58 48 36 88 64 14 43 45 89 61 99 71 53 15 86 82 59 62 83 29 67 71 44 74 35
87 47 89 0 68 28 88 84 43 99 38 45 89 34 82 11 17 31 22 52 29 92 96 28 27 75 87 62 91 58 43 91 81 91 11 41 93 71 98 14 92 17 16 80 90 13 87 67 55 44 67 52 17 42 73 39 51 71 32 37
76 32 96 68 0 97 55 23 93 85 60 94 65 56 94 74 64 68 11 14 71 60 92 82 98 12 81 48 46 22 87 60 19 94 15 38 85 44 43 18 34 19 47 37 88 98 16 52 59 63 46 72 95 96 53 16 56 61 47 90
80 64 51 28 97 0 59 33 91 46 92 67 29 78 25 36 62 96 70 58 95 73 50 37 32 34 67 80 22 40 51 51 47 68 91 48 30 49 67 54 58 82 24 47 71 96 31 78 99 58 11 68 42 63 96 79 88 18 81 24
11 43 82 88 55 59 0 70 85 46 87 53 50 84 97 13 51 32 80 21 13 22 58 39 94 94 13 63 65 29 55 89 49 26 50 39 23 13 71 18 59 85 96 51 45 48 34 25 11 28 83 59 76 11 41 24 75 50 83 51
76 21 67 84 23 33 70 0 97 46 95 78 95 89 31 26 58 21 48 28 81 64 54 46 53 62 31 23 72 50 30 38 14 99 55 96 73 96 76 47 83 37 80 83 49 61 24 74 15 44 75 79 69 51 13 39 74 12 15 73
49 60 94 43 93 91 85 97 0 73 14 42 18 42 98 40 26 60 74 46 93 47 98 70 51 29 16 20 37 36 29 88 54 94 55 95 10 55 48 93 90 65 24 85 86 84 56 75 76 26 68 30 90 83 48 25 10 36 93 20
23 14 63 99 85 46 46 46 73 0 53 24 86 65 86 97 45 38 84 57 57 99 94 51 25 73 20 77 71 60 96 53 48 94 43 32 20 95 43 63 42 25 73 63 79 72 11 98 13 90 17 60 35 72 99 98 84 99 33 49
86 76 95 38 60 92 87 95 14 53 0 76 73 75 36 31 50 48 58 16 44 20 72 49 39 80 50 94 40 25 46 22 30 12 68 74 72 40 23 36 74 35 33 49 37 63 16 62 27 59 77 49 46 46 47 12 52 73 97 45
70 52 94 45 94 67 53 78 42 24 76 0 99 94 37 29 97 39 10 91 25 52 26 37 90 48 14 84 10 51 37 74 79 16 91 51 56 37 36 61 48 30 92 67 36 47 30 53 56 93 37 64 83 39 55 53 20 36 86 47
96 74 61 89 65 29 50 95 18 86 73 99 0 74 51 28 34 94 53 23 90 83 41 32 89 31 34 14 95 19 30 53 65 16 77 50 46 69 51 61 40 11 76 25 83 19 64 25 61 64 63 97 60 41 91 10 98 33 34 95
63 21 99 34 56 78 84 89 42 65 75 94 74 0 80 19 32 96 92 97 28 95 51 80 48 38 20 51 14 88 55 43 76 46 77 29 88 85 98 40 86 65 30 85 89 37 91 39 31 71 98 98 90 62 50 63 68 58 67 60
28 85 69 82 94 25 97 31 98 86 36 37 51 80 0 77 52 71 29 90 67 75 69 38 84 39 61 58 34 28 85 39 30 52 13 19 15 37 95 39 34 95 55 82 96 35 42 98 44 82 90 75 15 29 27 40 11 92 12 51
45 46 28 11 74 36 13 26 40 97 31 29 28 19 77 0 11 32 95 97 80 87 10 65 27 76 18 79 53 41 10 59 55 11 47 13 60 35 23 12 74 90 28 96 85 88 41 38 57 77 93 18 29 63 94 74 22 45 90 98
56 30 64 17 64 62 51 58 26 45 50 97 34 32 52 11 0 22 25 49 90 30 69 98 62 48 97 70 69 42 77 72 84 27 27 32 25 38 84 24 17 87 44 89 70 18 60 97 16 52 94 93 38 86 25 15 36 33 32 95
60 71 18 31 68 96 32 21 60 38 48 39 94 96 71 32 22 0 85 60 23 17 75 91 85 18 49 16 90 23 57 46 12 70 89 93 16 89 79 61 19 28 46 78 17 36 23 53 57 16 20 43 20 91 39 78 48 95 70 69
82 54 28 22 11 70 80 48 74 84 58 10 53 92 29 95 25 85 0 13 23 13 17 60 78 52 71 84 41 10 57 65 21 35 63 81 36 63 59 29 72 30 29 22 23 47 21 11 43 68 22 25 74 75 56 67 29 69 89 17
36 54 16 52 14 58 21 28 46 57 16 91 23 97 90 97 49 60 13 0 50 34 99 72 45 52 16 20 90 98 98 16 67 69 22 81 29 30 82 81 87 80 33 80 48 11 27 19 39 39 74 30 19 32 35 86 87 72 24 66
49 12 81 29 71 95 13 81 93 57 44 25 90 28 67 80 90 23 23 50 0 61 31 12 62 33 33 32 59 40 94 87 70 64 12 35 76 18 59 99 16 23 44 56 76 35 36 83 35 21 69 27 86 43 91 24 52 95 82 77
15 88 38 92 60 73 22 64 47 99 20 52 83 95 75 87 30 17 13 34 61 0 55 63 14 77 15 47 51 66 43 86 18 49 51 21 39 83 18 14 90 21 23 89 56 64 64 98 72 65 83 85 67 74 56 86 18 33 73 19
28 54 67 96 92 50 58 54 98 94 72 26 41 51 69 10 69 75 17 99 31 55 0 50 57 16 88 80 53 31 48 25 15 73 94 17 62 51 13 32 99 50 98 52 22 56 40 74 98 26 39 82 38 42 53 97 24 98 34 66
40 49 58 28 82 37 39 46 70 51 49 37 32 80 38 65 98 91 60 72 12 63 50 0 91 89 35 30 45 54 23 51 10 20 33 74 66 57 80 38 70 73 13 37 68 19 25 61 20 57 93 99 87 22 91 10 55 22 30 77
16 30 88 27 98 32 94 53 51 25 39 90 89 48 84 27 62 85 78 45 62 14 57 91 0 44 17 81 31 20 10 82 92 72 98 62 51 61 81 95 93 87 54 87 94 11 80 98 64 49 45 62 97 21 29 11 54 11 75 23
49 52 86 75 12 34 94 62 29 73 80 48 31 38 39 76 48 18 52 52 33 77 16 89 44 0 60 30 24 65 60 76 48 15 61 83 62 87 82 73 65 62 54 38 67 75 57 66 19 53 92 26 35 68 79 85 37 56 12 42
80 38 28 87 81 67 13 31 16 20 50 14 34 20 61 18 97 49 71 16 33 15 88 35 17 60 0 41 69 67 32 71 35 67 43 41 52 41 45 69 71 64 75 80 33 32 32 76 22 70 82 29 19 84 37 11 18 17 20 49
95 45 29 62 48 80 63 23 20 77 94 84 14 51 58 79 70 16 84 20 32 47 80 30 81 30 41 0 63 64 66 35 87 28 70 13 30 43 54 70 90 52 97 54 39 43 61 60 27 81 17 39 42 84 51 87 50 51 25 56
50 90 70 91 46 22 65 72 37 71 40 10 95 14 34 53 69 90 41 90 59 51 53 45 31 24 69 63 0 38 49 23 16 26 18 76 12 72 22 92 49 81 36 94 23 60 94 82 91 39 61 63 62 55 97 35 76 64 53 90
61 64 96 58 22 40 29 50 36 60 25 51 19 88 28 41 42 23 10 98 40 66 31 54 20 65 67 64 38 0 14 43 42 27 35 57 53 99 29 61 46 14 11 54 41 59 61 69 61 76 30 23 91 31 27 91 84 93 40 78
62 97 13 43 87 51 55 30 29 96 46 37 30 55 85 10 77 57 57 98 94 43 48 23 10 60 32 66 49 14 0 36 99 41 61 31 71 34 38 49 57 13 98 99 32 34 75 33 45 56 13 61 87 60 88 47 28 34 98 89
11 30 11 91 60 51 89 38 88 53 22 74 53 43 39 59 72 46 65 16 87 86 25 51 82 76 71 35 23 43 36 0 27 66 31 62 23 21 72 59 13 13 54 36 42 25 10 83 22 98 33 49 81 80 76 55 29 10 43 49
11 26 23 81 19 47 49 14 54 48 30 79 65 76 30 55 84 12 21 67 70 18 15 10 92 48 35 87 16 42 99 27 0 31 33 30 34 11 48 42 93 14 14 89 22 72 27 33 11 52 36 96 29 37 74 50 54 66 41 48
43 28 99 91 94 68 26 99 94 94 12 16 16 46 52 11 27 70 35 69 64 49 73 20 72 15 67 28 26 27 41 66 31 0 26 34 42 15 96 12 60 33 46 91 15 88 17 79 11 52 97 42 12 77 67 95 60 15 95 81
91 77 26 11 15 91 50 55 55 43 68 91 77 77 13 47 27 89 63 22 12 51 94 33 98 61 43 70 18 35 61 31 33 26 0 44 73 51 85 77 35 12 72 42 64 10 37 91 54 16 65 66 36 30 80 26 82 78 77 62
88 40 58 41 38 48 39 96 95 32 74 51 50 29 19 13 32 93 81 81 35 21 17 74 62 83 41 13 76 57 31 62 30 34 44 0 28 85 79 16 86 83 22 90 39 76 37 40 84 13 78 68 61 28 10 84 13 14 73 65
56 28 48 93 85 30 23 73 10 20 72 56 46 88 15 60 25 16 36 29 76 39 62 66 51 62 52 30 12 53 71 23 34 42 73 28 0 76 98 52 52 86 20 13 88 40 65 74 83 34 48 56 69 49 17 30 23 13 47 47
95 89 36 71 44 49 13 96 55 95 40 37 69 85 37 35 38 89 63 30 18 83 51 57 61 87 41 43 72 99 34 21 11 15 51 85 76 0 75 17 58 86 70 54 90 69 48 33 58 69 39 42 74 61 52 46 97 78 18 60
56 12 88 98 43 67 71 76 48 43 23 36 51 98 95 23 84 79 59 82 59 18 13 80 81 82 45 54 22 29 38 72 48 96 85 79 98 75 0 95 90 29 15 53 43 24 65 81 35 10 88 10 71 60 65 56 41 27 77 16
63 16 64 14 18 54 18 47 93 63 36 61 61 40 39 12 24 61 29 81 99 14 32 38 95 73 69 70 92 61 49 59 42 12 77 16 52 17 95 0 44 60 36 14 48 65 25 37 24 74 75 51 79 27 69 45 61 27 29 47
83 17 14 92 34 58 59 83 90 42 74 48 40 86 34 74 17 19 72 87 16 90 99 70 93 65 71 90 49 46 57 13 93 60 35 86 52 58 90 44 0 30 96 19 29 11 77 11 35 71 89 13 26 64 14 16 28 99 78 85
98 24 43 17 19 82 85 37 65 25 35 30 11 65 95 90 87 28 30 80 23 21 50 73 87 62 64 52 81 14 13 13 14 33 12 83 86 86 29 60 30 0 33 49 25 46 63 21 19 13 37 31 66 38 62 12 90 28 80 74
50 23 45 16 47 24 96 80 24 73 33 92 76 30 55 28 44 46 29 33 44 23 98 13 54 54 75 97 36 11 98 54 14 46 72 22 20 70 15 36 96 33 0 20 72 36 42 41 13 63 84 22 46 53 79 34 66 45 33 74
81 56 89 80 37 47 51 83 85 63 49 67 25 85 82 96 89 78 22 80 56 89 52 37 87 38 80 54 94 54 99 36 89 91 42 90 13 54 53 14 19 49 20 0 28 88 81 10 68 18 89 67 77 98 27 14 50 76 98 63
11 80 61 90 88 71 45 49 86 79 37 36 83 89 96 85 70 17 23 48 76 56 22 68 94 67 33 39 23 41 32 42 22 15 64 39 88 90 43 48 29 25 72 28 0 26 90 42 12 52 74 37 63 39 31 70 34 33 10 77
73 43 99 13 98 96 48 61 84 72 63 47 19 37 35 88 18 36 47 11 35 64 56 19 11 75 32 43 60 59 34 25 72 88 10 76 40 69 24 65 11 46 36 88 26 0 18 28 76 80 10 82 56 82 57 90 64 61 86 75
88 68 71 87 16 31 34 24 56 11 16 30 64 91 42 41 60 23 21 27 36 64 40 25 80 57 32 61 94 61 75 10 27 17 37 37 65 48 65 25 77 63 42 81 90 18 0 19 85 60 13 29 84 76 15 50 82 19 52 45
63 81 53 67 52 78 25 74 75 98 62 53 25 39 98 38 97 53 11 19 83 98 74 61 98 66 76 60 82 69 33 83 33 79 91 40 74 33 81 37 11 21 41 10 42 28 19 0 20 72 37 96 61 67 91 65 78 14 87 93
35 32 15 55 59 99 11 15 76 13 27 56 61 31 44 57 16 57 43 39 35 72 98 20 64 19 22 27 91 61 45 22 11 11 54 84 83 58 35 24 35 19 13 68 12 76 85 20 0 15 11 36 55 38 23 95 92 43 28 20
64 26 86 44 63 58 28 44 26 90 59 93 64 71 82 77 52 16 68 39 21 65 26 57 49 53 70 81 39 76 56 98 52 52 16 13 34 69 10 74 71 13 63 18 52 80 60 72 15 0 99 17 28 49 21 52 37 29 57 30
54 36 82 67 46 11 83 75 68 17 77 37 63 98 90 93 94 20 22 74 69 83 39 93 45 92 82 17 61 30 13 33 36 97 65 78 48 39 88 75 89 37 84 89 74 10 13 37 11 99 0 66 43 53 11 71 77 14 19 74
22 39 59 52 72 68 59 79 30 60 49 64 97 98 75 18 93 43 25 30 27 85 82 99 62 26 29 39 63 23 61 49 96 42 66 68 56 42 10 51 13 31 22 67 37 82 29 96 36 17 66 0 13 46 92 54 75 17 32 19
95 90 62 17 95 42 76 69 90 35 46 83 60 90 15 29 38 20 74 19 86 67 38 87 97 35 19 42 62 91 87 81 29 12 36 61 69 74 71 79 26 66 46 77 63 56 84 61 55 28 43 13 0 93 70 73 54 71 56 49
32 35 83 42 96 63 11 51 83 72 46 39 41 62 29 63 86 91 75 32 43 74 42 22 21 68 84 84 55 31 60 80 37 77 30 28 49 61 60 27 64 38 53 98 39 82 76 67 38 49 53 46 93 0 45 63 53 41 35 79
34 84 29 73 53 96 41 13 48 99 47 55 91 50 27 94 25 39 56 35 91 56 53 91 29 79 37 51 97 27 88 76 74 67 80 10 17 52 65 69 14 62 79 27 31 57 15 91 23 21 11 92 70 45 0 59 31 18 58 44
92 75 67 39 16 79 24 39 25 98 12 53 10 63 40 74 15 78 67 86 24 86 97 10 11 85 11 87 35 91 47 55 50 95 26 84 30 46 56 45 16 12 34 14 70 90 50 65 95 52 71 54 73 63 59 0 13 96 97 84
44 90 71 51 56 88 75 74 10 84 52 20 98 68 11 22 36 48 29 87 52 18 24 55 54 37 18 50 76 84 28 29 54 60 82 13 23 97 41 61 28 90 66 50 34 64 82 78 92 37 77 75 54 53 31 13 0 72 84 64
14 39 44 71 61 18 50 12 36 99 73 36 33 58 92 45 33 95 69 72 95 33 98 22 11 56 17 51 64 93 34 10 66 15 78 14 13 78 27 27 99 28 45 76 33 61 19 14 43 29 14 17 71 41 18 96 72 0 81 59
35 89 74 32 47 81 83 15 93 33 97 86 34 67 12 90 32 70 89 24 82 73 34 30 75 12 20 25 53 40 98 43 41 95 77 73 47 18 77 29 78 80 33 98 10 86 52 87 28 57 19 32 56 35 58 97 84 81 0 68
34 33 35 37 90 24 51 73 20 49 45 47 95 60 51 98 95 69 17 66 77 19 66 77 23 42 49 56 90 78 89 49 48 81 62 65 47 60 16 47 85 74 74 63 77 75 45 93 20 30 74 19 49 79 44 84 64 59 68 0