35
0 32 73 98 55 84 23 59 17 43 40 30 18 36 25 23 73 60 60 50 65 96 33 31 62 27 76 35 99 64 47 76 30 17 79
32 0 18 66 85 91 29 47 18 88 77 36 95 49 34 93 11 98 16 35 61 56 21 14 89 50 53 23 64 33 78 25 57 64 57
73 18 0 30 34 36 72 91 46 85 16 87 37 24 83 71 62 79 97 76 34 82 12 24 69 48 41 30 84 90 18 92 21 52 37
98 66 30 0 68 82 14 99 77 63 59 56 29 26 68 29 70 66 61 81 76 56 33 15 54 93 58 39 31 57 71 12 51 42 73
55 85 34 68 0 94 61 65 30 51 58 43 82 82 78 30 26 83 91 16 15 80 38 78 67 21 86 98 45 84 48 17 98 15 70
84 91 36 82 94 0 70 28 78 67 35 54 66 17 33 66 73 60 19 78 23 27 72 53 15 59 33 66 32 71 13 23 60 67 67
23 29 72 14 61 70 0 10 36 20 50 63 23 80 42 19 41 55 62 22 95 10 62 11 53 68 80 65 38 92 68 64 83 12 18
59 47 91 99 65 28 10 0 95 34 45 24 47 83 89 28 12 60 97 28 31 46 78 91 34 58 57 52 47 87 97 54 75 71 92
17 18 46 77 30 78 36 95 0 34 30 69 71 30 65 38 75 44 42 99 86 84 26 74 70 76 78 73 87 88 13 20 52 80 38
43 88 85 63 51 67 20 34 34 0 71 95 57 36 54 92 50 72 99 38 89 88 63 29 57 58 40 31 35 94 80 74 16 56 98
40 77 16 59 58 35 50 45 30 71 0 84 34 81 43 99 81 58 11 10 18 43 40 99 37 33 63 44 74 42 63 29 71 48 81
30 36 87 56 43 54 63 24 69 95 84 0 99 28 15 45 41 44 57 51 70 23 40 92 35 95 44 39 70 58 35 76 17 92 49
18 95 37 29 82 66 23 47 71 57 34 99 0 32 29 43 55 69 81 72 35 30 76 22 33 32 93 14 22 34 68 92 35 33 36
36 49 24 26 82 17 80 83 30 36 81 28 32 0 57 99 82 11 63 98 11 74 15 63 46 61 11 87 18 46 61 51 63 86 90
25 34 83 68 78 33 42 89 65 54 43 15 29 57 0 54 50 24 40 79 17 93 73 89 89 11 40 98 85 19 87 35 19 85 98
23 93 71 29 30 66 19 28 38 92 99 45 43 99 54 0 45 45 23 83 64 80 99 58 36 32 23 32 28 47 98 17 15 86 82
73 11 62 70 26 73 41 12 75 50 81 41 55 82 50 45 0 48 42 25 56 12 20 97 66 57 36 98 93 29 41 89 35 42 69
60 98 79 66 83 60 55 60 44 72 58 44 69 11 24 45 48 0 51 48 48 95 12 89 21 28 75 95 12 78 39 60 51 11 12
60 16 97 61 91 19 62 97 42 99 11 57 81 63 40 23 42 51 0 31 27 75 88 90 60 27 85 11 73 35 36 83 10 46 69
50 35 76 81 16 78 22 28 99 38 10 51 72 98 79 83 25 48 31 0 63 86 57 62 17 55 87 44 78 32 97 80 23 44 66
65 61 34 76 15 23 95 31 86 89 18 70 35 11 17 64 56 48 27 63 0 93 84 36 15 43 91 53 93 18 20 26 13 11 16
96 56 82 56 80 27 10 46 84 88 43 23 30 74 93 80 12 95 75 86 93 0 80 18 90 72 42 89 42 56 26 34 25 81 78
33 21 12 33 38 72 62 78 26 63 40 40 76 15 73 99 20 12 88 57 84 80 0 33 97 52 41 25 54 84 47 98 27 20 64
31 14 24 15 78 53 11 91 74 29 99 92 22 63 89 58 97 89 90 62 36 18 33 0 35 43 30 84 46 17 40 12 47 43 95
62 89 69 54 67 15 53 34 70 57 37 35 33 46 89 36 66 21 60 17 15 90 97 35 0 87 69 40 87 27 85 74 20 59 42
27 50 48 93 21 59 68 58 76 58 33 95 32 61 11 32 57 28 27 55 43 72 52 43 87 0 76 87 96 76 75 51 99 89 51
76 53 41 58 86 33 80 57 78 40 63 44 93 11 40 23 36 75 85 87 91 42 41 30 69 76 0 41 18 50 67 58 64 75 29
35 23 30 39 98 66 65 52 73 31 44 39 14 87 98 32 98 95 11 44 53 89 25 84 40 87 41 0 40 13 94 11 47 71 46
99 64 84 31 45 32 38 47 87 35 74 70 22 18 85 28 93 12 73 78 93 42 54 46 87 96 18 40 0 59 65 55 73 63 19
64 33 90 57 84 71 92 87 88 94 42 58 34 46 19 47 29 78 35 32 18 56 84 17 27 76 50 13 59 0 84 51 22 24 40
47 78 18 71 48 13 68 97 13 80 63 35 68 61 87 98 41 39 36 97 20 26 47 40 85 75 67 94 65 84 0 88 86 17 11
76 25 92 12 17 23 64 54 20 74 29 76 92 51 35 17 89 60 83 80 26 34 98 12 74 51 58 11 55 51 88 0 71 21 65
30 57 21 51 98 60 83 75 52 16 71 17 35 63 19 15 35 51 10 23 13 25 27 47 20 99 64 47 73 22 86 71 0 43 96
17 64 52 42 15 67 12 71 80 56 48 92 33 86 85 86 42 11 46 44 11 81 20 43 59 89 75 71 63 24 17 21 43 0 36
79 57 37 73 70 67 18 92 38 98 81 49 36 90 98 82 69 12 69 66 16 78 64 95 42 51 29 46 19 40 11 65 96 36 0