85
0 26 38 97 70 88 61 40 75 54 69 32 50 15 53 29 75 50 93 45 71 26 39 21 21 58 91 28 45 36 16 81 57 84 70 16 97 35 45 79 23 46 40 89 68 81 44 95 34 26 35 99 72 56 53 30 15 46 93 45 80 75 72 72 42 79 48 91 43 87 26 71 69 47 12 89 47 75 41 29 65 83 74 46 58
26 0 61 23 17 98 27 67 44 57 57 20 98 60 12 49 99 84 92 57 79 27 98 48 71 53 71 36 71 90 35 81 70 38 28 11 27 98 36 70 17 33 28 96 21 19 49 66 22 95 84 67 22 90 78 80 18 46 46 50 81 50 95 77 36 95 32 61 55 72 38 73 75 62 33 96 31 81 53 87 60 72 37 29 38
38 61 0 19 66 49 38 10 94 67 45 99 87 97 84 87 84 89 41 19 16 34 62 46 66 22 35 70 76 21 15 28 60 21 18 12 26 58 43 71 61 36 78 97 81 15 12 92 53 51 91 51 46 86 25 24 71 52 84 46 96 96 90 44 92 86 59 97 93 88 26 95 92 62 61 96 29 90 79 90 41 55 91 62 81
97 23 19 0 46 69 76 32 76 63 50 30 80 81 14 44 85 96 50 42 40 20 47 61 91 64 18 45 52 64 23 59 71 46 27 82 92 41 60 70 93 96 80 51 76 69 60 22 82 85 72 55 29 48 52 94 44 60 93 19 38 81 97 85 51 59 27 88 58 31 19 97 13 27 29 21 42 19 79 39 88 89 12 99 54
70 17 66 46 0 34 83 28 86 28 53 95 12 24 36 77 70 17 57 86 46 47 59 68 91 27 34 69 46 44 47 34 52 76 33 62 59 52 45 81 62 59 24 93 94 45 76 94 36 64 48 38 73 27 83 89 52 93 63 96 60 68 60 81 42 30 19 45 68 23 10 92 91 30 51 53 90 83 17 34 56 55 80 99 61
88 98 49 69 34 0 62 63 45 60 78 86 53 91 22 27 36 64 49 92 95 87 74 78 86 74 94 19 74 37 26 61 94 58 59 61 84 83 78 64 76 37 41 64 61 87 93 40 70 47 64 36 53 82 33 63 19 16 60 67 70 68 61 20 50 29 93 36 10 54 30 57 38 17 38 99 51 75 59 48 86 46 82 61 50
61 27 38 76 83 62 0 64 99 61 72 63 94 11 60 44 76 58 95 49 78 81 62 55 98 61 17 27 65 70 36 25 31 23 48 57 29 35 76 98 10 76 83 48 63 50 44 78 73 66 92 80 72 43 17 44 88 99 66 47 46 59 90 44 83 15 97 60 21 53 80 82 38 44 37 95 19 47 29 54 44 72 21 73 48
40 67 10 32 28 63 64 0 30 37 46 91 25 24 30 70 23 18 68 87 97 98 11 60 84 74 82 66 40 24 45 37 24 89 21 21 85 57 41 64 87 63 12 64 63 76 43 53 35 75 27 52 52 42 73 28 30 86 85 48 50 83 65 68 60 15 64 47 18 86 22 64 96 98 91 98 81 48 64 13 98 39 69 99 33
75 44 94 76 86 45 99 30 0 90 19 17 86 28 48 36 79 47 66 22 50 51 65 86 81 85 14 54 52 73 26 56 20 82 18 40 57 40 58 59 13 86 86 58 18 36 76 34 94 99 17 58 43 22 45 52 37 30 71 15 88 44 95 83 24 81 48 74 37 51 38 89 95 43 50 70 27 70 24 77 93 30 89 55 67
54 57 67 63 28 60 61 37 90 0 96 95 69 45 87 67 38 89 68 77 54 70 26 68 86 44 69 55 92 73 15 14 59 84 80 27 90 54 13 56 95 34 49 73 89 96 46 53 55 31 38 27 46 60 21 59 45 61 68 41 16 43 36 99 91 28 62 50 21 16 31 14 86 80 96 47 69 71 87 60 44 89 94 11 48
69 57 45 50 53 78 72 46 19 96 0 33 60 59 27 99 11 87 43 59 99 90 96 78 52 76 44 85 59 72 73 64 35 29 23 28 26 11 24 86 52 35 18 14 27 92 42 91 73 53 80 38 97 68 54 75 66 63 51 24 68 28 73 43 20 89 55 36 72 30 95 99 90 89 83 56 61 99 19 50 37 16 41 40 56
32 20 99 30 95 86 63 91 17 95 33 0 82 74 89 68 14 89 77 62 74 73 58 40 15 54 14 29 41 50 98 96 77 94 56 38 69 90 94 56 17 85 39 24 70 70 57 39 26 53 44 36 25 87 67 68 44 88 53 15 72 44 91 27 65 77 41 13 93 85 91 52 91 18 54 37 66 61 80 22 42 23 28 95 17
50 98 87 80 12 53 94 25 86 69 60 82 0 77 53 59 58 98 90 46 24 35 25 34 33 23 96 70 55 23 40 48 26 79 83 43 53 83 64 60 61 37 77 95 89 33 11 86 99 27 93 10 26 37 17 39 67 22 39 12 86 98 13 82 64 43 59 74 37 94 15 42 16 38 32 78 93 64 51 63 25 51 63 22 75
15 60 97 81 24 91 11 24 28 45 59 74 77 0 75 56 65 29 99 57 89 94 34 17 53 33 36 64 58 88 76 71 20 92 18 50 56 64 85 89 65 65 60 81 20 70 86 75 47 42 88 97 99 17 91 85 60 42 54 17 45 48 78 76 68 94 24 15 19 15 93 62 46 78 52 54 11 39 19 46 29 76 95 48 44
53 12 84 14 36 22 60 30 48 87 27 89 53 75 0 54 55 14 51 56 84 67 28 59 65 26 16 33 20 10 85 30 50 66 75 42 54 46 37 61 99 68 68 94 71 75 89 31 86 59 13 11 56 94 35 13 25 53 21 46 17 36 27 56 32 35 42 67 38 55 98 21 62 60 46 37 56 27 85 94 14 99 75 79 51
29 49 87 44 77 27 44 70 36 67 99 68 59 56 54 0 39 75 91 23 27 22 86 13 83 22 25 53 88 36 14 94 49 18 66 39 89 65 24 11 90 73 72 43 29 82 20 24 58 74 83 47 75 48 31 95 75 16 96 68 91 92 29 90 28 97 58 96 73 70 25 10 17 46 59 65 60 89 38 35 24 46 60 92 34
75 99 84 85 70 36 76 23 79 38 11 14 58 65 55 39 0 52 76 85 74 49 14 12 18 46 26 59 40 13 81 41 38 64 67 49 37 32 43 66 76 53 95 68 43 19 22 21 89 86 44 71 10 36 76 81 17 68 45 66 46 52 27 44 17 46 19 16 39 73 50 78 42 78 74 74 87 61 78 10 78 92 70 75 28
50 84 89 96 17 64 58 18 47 89 87 89 98 29 14 75 52 0 83 32 15 69 52 69 54 92 87 61 84 99 47 43 36 86 84 77 48 32 70 90 48 22 19 96 61 94 67 51 99 33 42 62 77 99 96 98 65 92 72 16 24 87 85 47 32 29 82 85 48 11 64 39 37 94 98 99 72 89 19 59 46 34 42 25 90
93 92 41 50 57 49 95 68 66 68 43 77 90 99 51 91 76 83 0 47 15 98 39 98 25 14 38 36 62 36 72 49 23 48 93 28 95 56 46 57 47 28 36 27 22 66 64 65 93 51 70 59 84 36 37 70 82 51 12 89 32 66 49 83 28 25 46 78 25 23 93 44 98 22 90 25 20 22 24 92 34 57 91 41 19
45 57 19 42 86 92 49 87 22 77 59 62 46 57 56 23 85 32 47 0 80 17 30 35 24 88 29 60 52 45 80 71 30 88 12 84 13 84 60 72 74 88 37 36 42 54 13 93 51 53 92 73 88 33 54 79 50 81 53 43 33 52 37 92 79 28 97 52 23 56 42 28 44 93 65 81 93 11 38 48 34 67 26 50 56
71 79 16 40 46 95 78 97 50 54 99 74 24 89 84 27 74 15 15 80 0 91 30 86 49 63 58 17 40 89 49 14 10 70 16 43 24 57 87 70 32 29 53 40 56 86 36 33 34 30 38 81 97 13 97 53 68 89 43 91 66 48 81 99 42 93 45 34 12 85 52 74 66 72 78 66 46 49 39 50 40 75 74 40 29
26 27 34 20 47 87 81 98 51 70 90 73 35 94 67 22 49 69 98 17 91 0 78 53 49 89 37 39 17 85 83 40 24 91 35 73 22 46 50 79 73 45 85 54 19 71 14 45 38 79 32 20 25 85 43 89 75 94 68 91 65 69 74 67 23 15 76 22 51 71 81 19 27 47 59 79 39 46 82 97 67 22 98 78 67
39 98 62 47 59 74 62 11 65 26 96 58 25 34 28 86 14 52 39 30 30 78 0 17 83 26 76 80 56 22 19 51 76 85 24 85 71 92 26 13 97 34 97 46 60 69 30 82 49 17 79 30 83 67 29 87 75 92 86 76 65 74 59 15 73 60 94 44 63 90 81 14 65 65 54 51 35 68 97 16 17 65 83 89 20
21 48 46 61 68 78 55 60 86 68 78 40 34 17 59 13 12 69 98 35 86 53 17 0 67 77 76 26 42 51 11 48 51 22 21 49 76 56 67 57 85 27 39 55 20 95 64 64 40 11 92 88 79 54 46 10 96 24 29 25 49 91 45 75 68 57 96 54 61 74 57 90 22 95 63 74 80 31 52 36 74 91 88 35 71
21 71 66 91 91 86 98 84 81 86 52 15 33 53 65 83 18 54 25 24 49 49 83 67 0 36 57 48 98 48 85 83 43 57 68 14 69 24 83 33 88 25 49 60 71 21 49 31 93 44 44 59 80 78 28 53 71 56 47 43 38 64 18 87 47 34 52 26 53 64 11 16 50 47 11 98 99 73 32 36 62 21 20 93 37
58 53 22 64 27 74 61 74 85 44 76 54 23 33 26 22 46 92 14 88 63 89 26 77 36 0 86 93 40 44 91 49 73 50 59 76 56 38 17 95 80 24 95 25 35 42 20 75 13 34 69 23 37 63 88 22 53 10 51 74 16 51 25 30 39 65 88 82 82 86 24 36 11 61 35 34 15 54 88 53 25 93 72 10 35
91 71 35 18 34 94 17 82 14 69 44 14 96 36 16 25 26 87 38 29 58 37 76 76 57 86 0 29 48 82 79 30 99 52 83 81 37 34 59 97 72 23 49 97 13 65 42 36 26 21 51 14 14 34 92 25 86 30 37 43 43 97 69 77 61 52 11 26 94 89 63 60 80 71 97 54 19 29 56 40 46 70 38 47 18
28 36 70 45 69 19 27 66 54 55 85 29 70 64 33 53 59 61 36 60 17 39 80 26 48 93 29 0 26 34 40 99 79 91 70 69 67 91 83 14 59 93 34 21 96 64 81 82 56 50 48 85 64 56 90 84 19 66 21 55 38 81 94 53 16 81 62 40 40 60 59 21 67 88 99 35 67 35 10 14 91 21 52 65 73
45 71 76 52 46 74 65 40 52 92 59 41 55 58 20 88 40 84 62 52 40 17 56 42 98 40 48 26 0 26 23 28 41 49 49 17 81 26 62 73 64 49 33 40 99 16 51 91 56 24 92 69 68 68 25 28 54 83 77 92 14 57 60 90 62 38 54 41 51 26 94 39 12 94 18 53 36 93 52 31 56 54 51 58 51
36 90 21 64 44 37 70 24 73 73 72 50 23 88 10 36 13 99 36 45 89 85 22 51 48 44 82 34 26 0 39 67 98 14 39 52 12 81 26 77 45 47 86 66 53 73 59 79 13 12 49 38 53 24 50 28 53 16 22 91 79 91 73 24 13 32 87 61 97 17 61 42 68 18 97 88 19 63 40 76 21 20 81 36 80
16 35 15 23 47 26 36 45 26 15 73 98 40 76 85 14 81 47 72 80 49 83 19 11 85 91 79 40 23 39 0 43 31 28 75 29 50 58 49 48 70 76 80 79 70 44 69 20 80 91 11 45 46 37 92 16 71 61 22 29 26 33 11 83 11 51 16 97 43 60 12 39 78 93 14 15 46 30 94 41 12 23 35 32 53
81 81 28 59 34 61 25 37 56 14 64 96 48 71 30 94 41 43 49 71 14 40 51 48 83 49 30 99 28 67 43 0 46 42 92 61 38 34 66 97 10 43 73 13 18 27 30 82 86 82 18 34 23 87 57 94 79 15 92 27 90 16 21 72 33 26 17 68 41 34 37 83 80 23 49 18 41 16 26 85 81 47 81 96 12
57 70 60 71 52 94 31 24 20 59 35 77 26 20 50 49 38 36 23 30 10 24 76 51 43 73 99 79 41 98 31 46 0 69 77 88 48 41 78 49 72 79 96 68 97 46 22 68 69 39 28 55 48 80 86 95 32 77 46 43 24 15 74 41 40 84 32 76 98 86 86 44 37 30 30 60 12 96 56 87 43 85 84 44 32
84 38 21 46 76 58 23 89 82 84 29 94 79 92 66 18 64 86 48 88 70 91 85 22 57 50 52 91 49 14 28 42 69 0 41 65 56 76 90 62 88 22 19 86 22 97 23 89 68 34 81 12 52 49 33 12 26 80 43 29 39 97 88 61 91 57 38 73 34 11 65 71 36 50 78 47 34 24 90 98 79 72 59 10 83
70 28 18 27 33 59 48 21 18 80 23 56 83 18 75 66 67 84 93 12 16 35 24 21 68 59 83 70 49 39 75 92 77 41 0 23 82 53 71 52 96 87 85 16 77 91 18 76 84 22 27 56 20 34 84 51 54 17 16 51 49 36 92 26 83 64 90 33 58 39 63 47 57 65 78 70 25 93 33 24 51 79 10 23 52
16 11 12 82 62 61 57 21 40 27 28 38 43 50 42 39 49 77 28 84 43 73 85 49 14 76 81 69 17 52 29 61 88 65 23 0 84 71 18 88 37 52 36 56 99 94 42 49 46 57 35 85 61 50 70 18 59 67 61 63 67 55 55 48 59 73 67 72 40 37 50 72 37 88 86 85 64 84 74 90 11 13 88 57 62
97 27 26 92 59 84 29 85 57 90 26 69 53 56 54 89 37 48 95 13 24 22 71 76 69 56 37 67 81 12 50 38 48 56 82 84 0 27 22 26 30 22 15 30 45 36 64 52 40 26 24 13 20 98 46 54 58 86 53 36 81 10 35 53 40 98 49 79 43 41 92 30 71 71 33 46 66 46 86 35 50 46 49 90 38
35 98 58 41 52 83 35 57 40 54 11 90 83 64 46 65 32 32 56 84 57 46 92 56 24 38 34 91 26 81 58 34 41 76 53 71 27 0 66 37 93 89 45 74 91 39 12 40 34 40 91 98 12 95 53 39 63 56 31 59 62 58 10 84 43 88 56 92 94 70 82 94 48 51 95 29 72 93 96 30 37 56 17 66 33
45 36 43 60 45 78 76 41 58 13 24 94 64 85 37 24 43 70 46 60 87 50 26 67 83 17 59 83 62 26 49 66 78 90 71 18 22 66 0 66 45 56 97 40 52 86 85 60 12 41 51 79 71 52 53 64 72 28 62 20 94 38 47 28 23 85 82 24 28 17 71 80 99 90 48 71 11 41 82 89 44 26 25 55 34
79 70 71 70 81 64 98 64 59 56 86 56 60 89 61 11 66 90 57 72 70 79 13 57 33 95 97 14 73 77 48 97 49 62 52 88 26 37 66 0 33 66 51 80 76 96 62 98 77 42 15 10 58 11 28 34 23 15 78 63 19 96 31 72 92 86 75 31 57 39 56 28 56 77 40 86 96 81 36 57 76 61 80 60 91
23 17 61 93 62 76 10 87 13 95 52 17 61 65 99 90 76 48 47 74 32 73 97 85 88 80 72 59 64 45 70 10 72 88 96 37 30 93 45 33 0 38 62 92 76 67 93 30 34 93 58 60 36 30 11 46 87 57 45 68 37 46 53 80 43 47 91 35 93 81 47 20 54 18 15 45 35 59 55 45 14 92 80 43 10
46 33 36 96 59 37 76 63 86 34 35 85 37 65 68 73 53 22 28 88 29 45 34 27 25 24 23 93 49 47 76 43 79 22 87 52 22 89 56 66 38 0 13 27 62 43 54 86 41 27 42 50 80 66 53 15 60 79 94 32 22 13 20 15 67 79 54 37 16 46 14 38 61 84 47 96 67 42 82 66 11 97 48 12 90
40 28 78 80 24 41 83 12 86 49 18 39 77 60 68 72 95 19 36 37 53 85 97 39 49 95 49 34 33 86 80 73 96 19 85 36 15 45 97 51 62 13 0 44 64 84 80 18 45 88 42 69 38 77 80 21 17 19 23 76 72 29 76 52 75 66 97 33 75 56 20 91 48 55 24 47 39 84 86 28 52 91 54 56 66
89 96 97 51 93 64 48 64 58 73 14 24 95 81 94 43 68 96 27 36 40 54 46 55 60 25 97 21 40 66 79 13 68 86 16 56 30 74 40 80 92 27 44 0 33 99 97 43 29 35 94 38 12 78 70 26 10 37 22 22 88 65 22 46 25 91 43 54 17 76 62 20 96 86 60 15 30 57 44 79 94 89 99 14 83
68 21 81 76 94 61 63 63 18 89 27 70 89 20 71 29 43 61 22 42 56 19 60 20 71 35 13 96 99 53 70 18 97 22 77 99 45 91 52 76 76 62 64 33 0 65 73 75 59 19 90 88 53 35 57 62 99 81 94 37 20 91 21 87 37 66 32 41 80 33 25 87 37 32 79 49 72 89 81 41 30 11 85 53 87
81 19 15 69 45 87 50 76 36 96 92 70 33 70 75 82 19 94 66 54 86 71 69 95 21 42 65 64 16 73 44 27 46 97 91 94 36 39 86 96 67 43 84 99 65 0 71 43 92 63 34 30 11 76 68 41 77 76 48 41 83 24 31 94 10 16 31 49 98 20 81 53 12 89 85 53 73 46 34 81 32 12 70 57 12
44 49 12 60 76 93 44 43 76 46 42 57 11 86 89 20 22 67 64 13 36 14 30 64 49 20 42 81 51 59 69 30 22 23 18 42 64 12 85 62 93 54 80 97 73 71 0 79 19 73 30 47 58 59 14 48 96 67 94 27 62 95 66 21 39 28 89 25 90 20 86 66 80 24 99 78 93 12 79 82 20 19 52 47 76
95 66 92 22 94 40 78 53 34 53 91 39 86 75 31 24 21 51 65 93 33 45 82 64 31 75 36 82 91 79 20 82 68 89 76 49 52 40 60 98 30 86 18 43 75 43 79 0 71 25 91 41 34 53 49 84 59 79 15 74 42 61 40 87 27 93 47 65 70 30 75 51 17 50 62 78 44 49 46 49 55 31 21 37 75
34 22 53 82 36 70 73 35 94 55 73 26 99 47 86 58 89 99 93 51 34 38 49 40 93 13 26 56 56 13 80 86 69 68 84 46 40 34 12 77 34 41 45 29 59 92 19 71 0 28 76 35 72 39 94 31 37 22 62 71 26 91 59 33 18 23 56 25 56 62 30 29 16 91 68 10 84 28 19 17 36 25 79 18 52
26 95 51 85 64 47 66 75 99 31 53 53 27 42 59 74 86 33 51 53 30 79 17 11 44 34 21 50 24 12 91 82 39 34 22 57 26 40 41 42 93 27 88 35 19 63 73 25 28 0 10 26 96 14 24 43 52 84 11 52 39 28 34 48 11 96 50 58 92 18 89 60 44 24 19 54 91 34 96 30 19 94 72 50 72
35 84 91 72 48 64 92 27 17 38 80 44 93 88 13 83 44 42 70 92 38 32 79 92 44 69 51 48 92 49 11 18 28 81 27 35 24 91 51 15 58 42 42 94 90 34 30 91 76 10 0 12 88 21 69 63 89 58 54 51 59 69 60 13 60 11 91 15 98 84 78 44 91 91 80 36 21 47 24 98 93 96 59 55 30
99 67 51 55 38 36 80 52 58 27 38 36 10 97 11 47 71 62 59 73 81 20 30 88 59 23 14 85 69 38 45 34 55 12 56 85 13 98 79 10 60 50 69 38 88 30 47 41 35 26 12 0 18 58 61 37 78 10 46 40 95 89 59 66 18 60 14 46 70 66 86 97 91 16 33 70 70 17 32 39 46 62 90 95 59
72 22 46 29 73 53 72 52 43 46 97 25 26 99 56 75 10 77 84 88 97 25 83 79 80 37 14 64 68 53 46 23 48 52 20 61 20 12 71 58 36 80 38 12 53 11 58 34 72 96 88 18 0 23 47 67 29 98 28 46 95 38 45 63 11 51 32 21 99 52 36 17 42 21 40 92 82 22 22 69 76 21 10 85 89
56 90 86 48 27 82 43 42 22 60 68 87 37 17 94 48 36 99 36 33 13 85 67 54 78 63 34 56 68 24 37 87 80 49 34 50 98 95 52 11 30 66 77 78 35 76 59 53 39 14 21 58 23 0 34 70 73 21 49 39 51 89 23 26 51 59 47 39 74 35 69 72 61 33 27 79 28 56 82 53 46 15 93 82 64
53 78 25 52 83 33 17 73 45 21 54 67 17 91 35 31 76 96 37 54 97 43 29 46 28 88 92 90 25 50 92 57 86 33 84 70 46 53 53 28 11 53 80 70 57 68 14 49 94 24 69 61 47 34 0 21 76 52 10 49 42 44 59 11 31 96 85 31 22 39 80 16 79 42 46 81 61 61 35 22 85 68 49 81 73
30 80 24 94 89 63 44 28 52 59 75 68 39 85 13 95 81 98 70 79 53 89 87 10 53 22 25 84 28 28 16 94 95 12 51 18 54 39 64 34 46 15 21 26 62 41 48 84 31 43 63 37 67 70 21 0 50 40 28 32 67 50 22 66 30 84 31 76 66 16 79 72 76 49 22 44 49 52 28 43 80 66 99 60 79
15 18 71 44 52 19 88 30 37 45 66 44 67 60 25 75 17 65 82 50 68 75 75 96 71 53 86 19 54 53 71 79 32 26 54 59 58 63 72 23 87 60 17 10 99 77 96 59 37 52 89 78 29 73 76 50 0 60 60 51 91 42 18 77 24 11 87 38 64 75 70 79 22 43 26 51 86 58 94 92 15 20 84 96 81
46 46 52 60 93 16 99 86 30 61 63 88 22 42 53 16 68 92 51 81 89 94 92 24 56 10 30 66 83 16 61 15 77 80 17 67 86 56 28 15 57 79 19 37 81 76 67 79 22 84 58 10 98 21 52 40 60 0 60 10 60 89 38 38 77 96 57 60 95 54 59 41 23 61 48 41 29 73 30 82 51 32 33 64 44
93 46 84 93 63 60 66 85 71 68 51 53 39 54 21 96 45 72 12 53 43 68 86 29 47 51 37 21 77 22 22 92 46 43 16 61 53 31 62 78 45 94 23 22 94 48 94 15 62 11 54 46 28 49 10 28 60 60 0 51 46 64 12 82 93 73 78 13 75 20 36 17 20 12 22 33 93 15 47 10 78 50 29 92 80
45 50 46 19 96 67 47 48 15 41 24 15 12 17 46 68 66 16 89 43 91 91 76 25 43 74 43 55 92 91 29 27 43 29 51 63 36 59 20 63 68 32 76 22 37 41 27 74 71 52 51 40 46 39 49 32 51 10 51 0 63 25 18 38 20 75 84 56 81 38 75 93 23 23 84 15 36 85 21 68 12 38 24 20 30
80 81 96 38 60 70 46 50 88 16 68 72 86 45 17 91 46 24 32 33 66 65 65 49 38 16 43 38 14 79 26 90 24 39 49 67 81 62 94 19 37 22 72 88 20 83 62 42 26 39 59 95 95 51 42 67 91 60 46 63 0 72 29 58 49 47 36 86 48 11 16 92 24 84 24 14 27 91 78 11 86 35 55 92 50
75 50 96 81 68 68 59 83 44 43 28 44 98 48 36 92 52 87 66 52 48 69 74 91 64 51 97 81 57 91 33 16 15 97 36 55 10 58 38 96 46 13 29 65 91 24 95 61 91 28 69 89 38 89 44 50 42 89 64 25 72 0 94 41 12 83 11 43 96 12 61 63 38 26 12 67 54 31 32 26 29 36 72 83 77
72 95 90 97 60 61 90 65 95 36 73 91 13 78 27 29 27 85 49 37 81 74 59 45 18 25 69 94 60 73 11 21 74 88 92 55 35 10 47 31 53 20 76 22 21 31 66 40 59 34 60 59 45 23 59 22 18 38 12 18 29 94 0 51 12 21 45 55 56 68 43 55 26 82 84 13 22 76 20 63 39 39 24 49 68
72 77 44 85 81 20 44 68 83 99 43 27 82 76 56 90 44 47 83 92 99 67 15 75 87 30 77 53 90 24 83 72 41 61 26 48 53 84 28 72 80 15 52 46 87 94 21 87 33 48 13 66 63 26 11 66 77 38 82 38 58 41 51 0 45 70 15 38 55 56 17 72 32 22 83 71 24 85 32 75 92 53 12 71 86
42 36 92 51 42 50 83 60 24 91 20 65 64 68 32 28 17 32 28 79 42 23 73 68 47 39 61 16 62 13 11 33 40 91 83 59 40 43 23 92 43 67 75 25 37 10 39 27 18 11 60 18 11 51 31 30 24 77 93 20 49 12 12 45 0 57 61 91 43 11 10 76 17 28 21 74 82 13 68 26 56 19 69 62 67
79 95 86 59 30 29 15 15 81 28 89 77 43 94 35 97 46 29 25 28 93 15 60 57 34 65 52 81 38 32 51 26 84 57 64 73 98 88 85 86 47 79 66 91 66 16 28 93 23 96 11 60 51 59 96 84 11 96 73 75 47 83 21 70 57 0 89 45 51 82 91 28 11 29 82 27 37 72 12 10 41 70 30 35 78
48 32 59 27 19 93 97 64 48 62 55 41 59 24 42 58 19 82 46 97 45 76 94 96 52 88 11 62 54 87 16 17 32 38 90 67 49 56 82 75 91 54 97 43 32 31 89 47 56 50 91 14 32 47 85 31 87 57 78 84 36 11 45 15 61 89 0 12 86 70 28 81 67 26 35 11 66 90 55 84 52 86 27 68 59
91 61 97 88 45 36 60 47 74 50 36 13 74 15 67 96 16 85 78 52 34 22 44 54 26 82 26 40 41 61 97 68 76 73 33 72 79 92 24 31 35 37 33 54 41 49 25 65 25 58 15 46 21 39 31 76 38 60 13 56 86 43 55 38 91 45 12 0 33 32 62 61 87 71 75 28 17 17 66 90 81 81 60 29 99
43 55 93 58 68 10 21 18 37 21 72 93 37 19 38 73 39 48 25 23 12 51 63 61 53 82 94 40 51 97 43 41 98 34 58 40 43 94 28 57 93 16 75 17 80 98 90 70 56 92 98 70 99 74 22 66 64 95 75 81 48 96 56 55 43 51 86 33 0 96 31 98 57 22 87 27 19 41 41 55 92 92 61 90 48
87 72 88 31 23 54 53 86 51 16 30 85 94 15 55 70 73 11 23 56 85 71 90 74 64 86 89 60 26 17 60 34 86 11 39 37 41 70 17 39 81 46 56 76 33 20 20 30 62 18 84 66 52 35 39 16 75 54 20 38 11 12 68 56 11 82 70 32 96 0 47 68 52 13 49 20 94 25 91 87 36 32 77 92 20
26 38 26 19 10 30 80 22 38 31 95 91 15 93 98 25 50 64 93 42 52 81 81 57 11 24 63 59 94 61 12 37 86 65 63 50 92 82 71 56 47 14 20 62 25 81 86 75 30 89 78 86 36 69 80 79 70 59 36 75 16 61 43 17 10 91 28 62 31 47 0 16 77 16 83 76 85 39 20 16 93 63 50 86 81
71 73 95 97 92 57 82 64 89 14 99 52 42 62 21 10 78 39 44 28 74 19 14 90 16 36 60 21 39 42 39 83 44 71 47 72 30 94 80 28 20 38 91 20 87 53 66 51 29 60 44 97 17 72 16 72 79 41 17 93 92 63 55 72 76 28 81 61 98 68 16 0 55 52 76 39 44 37 97 50 39 48 95 82 16
69 75 92 13 91 38 38 96 95 86 90 91 16 46 62 17 42 37 98 44 66 27 65 22 50 11 80 67 12 68 78 80 37 36 57 37 71 48 99 56 54 61 48 96 37 12 80 17 16 44 91 91 42 61 79 76 22 23 20 23 24 38 26 32 17 11 67 87 57 52 77 55 0 46 38 70 10 87 95 79 90 81 72 44 97
47 62 62 27 30 17 44 98 43 80 89 18 38 78 60 46 78 94 22 93 72 47 65 95 47 61 71 88 94 18 93 23 30 50 65 88 71 51 90 77 18 84 55 86 32 89 24 50 91 24 91 16 21 33 42 49 43 61 12 23 84 26 82 22 28 29 26 71 22 13 16 52 46 0 17 49 82 81 23 32 19 77 30 70 16
12 33 61 29 51 38 37 91 50 96 83 54 32 52 46 59 74 98 90 65 78 59 54 63 11 35 97 99 18 97 14 49 30 78 78 86 33 95 48 40 15 47 24 60 79 85 99 62 68 19 80 33 40 27 46 22 26 48 22 84 24 12 84 83 21 82 35 75 87 49 83 76 38 17 0 24 64 91 44 72 24 71 61 64 42
89 96 96 21 53 99 95 98 70 47 56 37 78 54 37 65 74 99 25 81 66 79 51 74 98 34 54 35 53 88 15 18 60 47 70 85 46 29 71 86 45 96 47 15 49 53 78 78 10 54 36 70 92 79 81 44 51 41 33 15 14 67 13 71 74 27 11 28 27 20 76 39 70 49 24 0 97 80 50 73 66 63 77 29 96
47 31 29 42 90 51 19 81 27 69 61 66 93 11 56 60 87 72 20 93 46 39 35 80 99 15 19 67 36 19 46 41 12 34 25 64 66 72 11 96 35 67 39 30 72 73 93 44 84 91 21 70 82 28 61 49 86 29 93 36 27 54 22 24 82 37 66 17 19 94 85 44 10 82 64 97 0 63 29 90 56 91 32 92 15
75 81 90 19 83 75 47 48 70 71 99 61 64 39 27 89 61 89 22 11 49 46 68 31 73 54 29 35 93 63 30 16 96 24 93 84 46 93 41 81 59 42 84 57 89 46 12 49 28 34 47 17 22 56 61 52 58 73 15 85 91 31 76 85 13 72 90 17 41 25 39 37 87 81 91 80 63 0 53 88 92 50 46 15 19
41 53 79 79 17 59 29 64 24 87 19 80 51 19 85 38 78 19 24 38 39 82 97 52 32 88 56 10 52 40 94 26 56 90 33 74 86 96 82 36 55 82 86 44 81 34 79 46 19 96 24 32 22 82 35 28 94 30 47 21 78 32 20 32 68 12 55 66 41 91 20 97 95 23 44 50 29 53 0 47 18 47 77 24 56
29 87 90 39 34 48 54 13 77 60 50 22 63 46 94 35 10 59 92 48 50 97 16 36 36 53 40 14 31 76 41 85 87 98 24 90 35 30 89 57 45 66 28 79 41 81 82 49 17 30 98 39 69 53 22 43 92 82 10 68 11 26 63 75 26 10 84 90 55 87 16 50 79 32 72 73 90 88 47 0 79 25 75 83 17
65 60 41 88 56 86 44 98 93 44 37 42 25 29 14 24 78 46 34 34 40 67 17 74 62 25 46 91 56 21 12 81 43 79 51 11 50 37 44 76 14 11 52 94 30 32 20 55 36 19 93 46 76 46 85 80 15 51 78 12 86 29 39 92 56 41 52 81 92 36 93 39 90 19 24 66 56 92 18 79 0 75 23 11 30
83 72 55 89 55 46 72 39 30 89 16 23 51 76 99 46 92 34 57 67 75 22 65 91 21 93 70 21 54 20 23 47 85 72 79 13 46 56 26 61 92 97 91 89 11 12 19 31 25 94 96 62 21 15 68 66 20 32 50 38 35 36 39 53 19 70 86 81 92 32 63 48 81 77 71 63 91 50 47 25 75 0 50 78 92
74 37 91 12 80 82 21 69 89 94 41 28 63 95 75 60 70 42 91 26 74 98 83 88 20 72 38 52 51 81 35 81 84 59 10 88 49 17 25 80 80 48 54 99 85 70 52 21 79 72 59 90 10 93 49 99 84 33 29 24 55 72 24 12 69 30 27 60 61 77 50 95 72 30 61 77 32 46 77 75 23 50 0 20 55
46 29 62 99 99 61 73 99 55 11 40 95 22 48 79 92 75 25 41 50 40 78 89 35 93 10 47 65 58 36 32 96 44 10 23 57 90 66 55 60 43 12 56 14 53 57 47 37 18 50 55 95 85 82 81 60 96 64 92 20 92 83 49 71 62 35 68 29 90 92 86 82 44 70 64 29 92 15 24 83 11 78 20 0 96
58 38 81 54 61 50 48 33 67 48 56 17 75 44 51 34 28 90 19 56 29 67 20 71 37 35 18 73 51 80 53 12 32 83 52 62 38 33 34 91 10 90 66 83 87 12 76 75 52 72 30 59 89 64 73 79 81 44 80 30 50 77 68 86 67 78 59 99 48 20 81 16 97 16 42 96 15 19 56 17 30 92 55 96 0