80
0 50 73 53 76 12 57 27 59 53 95 36 95 34 92 25 84 95 91 27 21 41 59 28 14 94 84 26 65 79 25 35 80 23 76 59 81 42 96 89 11 22 33 29 84 39 10 19 60 25 79 83 19 56 28 60 10 53 20 76 78 99 54 76 85 55 86 80 92 96 22 90 25 94 77 19 68 71 96 37
50 0 16 76 11 33 70 39 40 15 33 43 61 97 98 22 91 15 84 86 49 74 94 84 91 38 25 33 78 55 68 79 98 66 79 66 38 14 42 28 38 48 20 19 22 90 97 97 78 31 10 59 91 35 35 40 38 80 85 30 10 74 18 29 64 40 48 76 99 22 68 68 28 23 72 93 20 54 17 54
73 16 0 36 57 24 19 76 67 49 33 75 85 94 39 22 34 47 48 76 36 53 45 17 77 96 88 29 89 88 58 24 97 53 50 61 15 84 73 20 12 48 30 75 63 12 19 84 54 53 53 31 46 16 34 59 73 62 50 78 51 39 26 88 68 80 26 94 24 64 98 37 40 26 65 22 26 52 71 20
53 76 36 0 92 20 44 38 18 73 54 70 95 64 26 71 89 67 79 24 32 54 51 19 55 46 40 98 40 34 21 72 13 16 85 74 25 94 56 26 84 60 51 42 48 23 72 62 29 65 41 80 46 94 71 62 85 54 51 85 20 19 69 32 44 99 57 96 54 96 95 30 25 63 81 61 97 21 56 21
76 11 57 92 0 75 92 69 59 25 19 84 60 75 52 51 69 14 17 11 77 53 25 65 39 97 38 62 21 90 98 59 23 49 52 24 45 52 75 66 21 72 96 45 87 87 32 93 62 45 55 78 37 28 60 43 33 45 93 72 73 82 24 77 30 78 25 41 50 67 10 68 64 10 47 27 43 37 43 45
12 33 24 20 75 0 24 25 42 79 79 79 27 57 28 33 57 37 68 54 77 57 60 18 38 95 32 66 10 53 85 16 91 62 83 52 97 44 40 68 68 64 65 32 27 11 42 12 67 83 14 64 27 46 29 98 31 51 60 20 62 81 82 40 24 68 96 29 79 13 21 71 11 40 80 47 61 27 55 72
57 70 19 44 92 24 0 69 77 96 92 75 26 44 62 74 59 37 88 10 67 91 93 74 66 65 95 99 28 31 25 99 93 97 33 80 65 23 78 39 52 46 36 77 33 18 32 30 89 91 64 65 85 49 65 43 11 74 41 41 21 99 51 63 43 13 24 96 41 95 50 89 10 47 75 16 80 47 78 33
27 39 76 38 69 25 69 0 26 95 45 40 84 58 25 53 54 93 96 62 28 45 20 89 23 50 34 92 16 29 88 37 63 65 28 29 43 51 39 10 25 58 88 76 84 29 10 82 58 30 17 34 24 11 14 18 34 74 73 47 64 42 19 12 98 24 54 79 24 70 39 93 13 52 31 80 25 77 25 55
59 40 67 18 59 42 77 26 0 16 75 97 44 94 22 47 50 39 60 58 32 96 87 62 14 34 62 49 80 71 78 63 76 34 28 50 29 66 63 39 30 18 51 82 43 77 41 54 48 14 16 21 43 91 82 67 79 78 24 68 99 97 30 95 25 62 46 57 29 34 15 95 63 13 16 73 82 37 32 77
53 15 49 73 25 79 96 95 16 0 57 88 62 30 23 30 89 36 57 73 51 53 13 36 98 73 66 29 51 72 33 95 28 59 37 27 50 53 21 52 47 53 11 36 12 43 31 40 61 46 24 80 19 70 87 52 77 22 68 96 86 21 17 18 69 18 90 15 71 51 10 43 57 48 65 79 72 92 71 61
95 33 33 54 19 79 92 45 75 57 0 42 50 52 11 20 14 84 95 25 46 16 11 48 42 62 44 43 59 94 73 46 15 58 56 41 70 37 61 70 70 72 84 79 36 87 17 71 41 15 48 81 85 70 37 46 10 79 46 81 62 42 31 78 96 51 52 10 64 62 39 91 99 28 69 51 24 81 83 22
36 43 75 70 84 79 75 40 97 88 42 0 63 88 64 84 21 99 56 72 56 65 91 90 24 16 34 12 89 19 70 18 82 39 28 98 68 19 33 24 83 17 81 18 32 86 97 11 18 92 30 51 44 52 22 11 33 19 25 22 93 90 42 33 88 70 82 22 93 85 44 35 41 41 75 44 51 50 62 64
95 61 85 95 60 27 26 84 44 62 50 63 0 54 82 49 70 18 41 39 67 15 62 14 17 61 51 84 49 24 30 90 90 27 13 50 34 87 98 68 36 35 10 88 69 24 60 84 56 22 93 81 20 25 29 21 64 16 56 39 17 18 25 36 89 23 78 48 43 57 34 59 21 39 83 71 99 51 57 18
34 97 94 64 75 57 44 58 94 30 52 88 54 0 57 62 93 77 11 18 12 47 97 70 66 65 43 84 57 43 71 89 48 18 30 40 86 41 72 84 85 22 43 63 23 85 53 12 47 40 63 49 68 90 91 46 79 48 82 10 69 72 76 14 40 14 54 78 17 63 23 46 28 73 73 88 14 36 70 29
92 98 39 26 52 28 62 25 22 23 11 64 82 57 0 94 42 25 15 97 63 72 47 38 10 49 57 62 28 10 57 13 93 61 52 51 50 24 84 69 24 52 36 81 50 24 69 11 62 34 18 41 82 18 53 73 22 71 37 75 19 58 77 49 27 28 70 30 30 89 68 71 34 26 11 95 60 12 94 83
25 22 22 71 51 33 74 53 47 30 20 84 49 62 94 0 22 19 85 59 87 85 11 18 12 84 43 79 96 78 27 78 79 81 72 91 70 91 88 64 14 33 65 42 51 74 27 23 93 54 64 81 99 10 16 60 67 17 52 59 72 36 77 21 62 84 63 36 42 52 88 38 72 55 29 36 69 30 89 73
84 91 34 89 69 57 59 54 50 89 14 21 70 93 42 22 0 41 10 39 26 78 96 27 63 94 69 23 44 27 60 79 85 82 52 99 58 33 72 92 27 97 22 23 79 38 51 81 51 43 80 17 87 43 28 13 11 23 95 28 14 77 14 31 88 28 34 96 91 38 58 14 56 93 38 84 79 54 19 25
95 15 47 67 14 37 37 93 39 36 84 99 18 77 25 19 41 0 57 51 85 20 71 20 75 57 50 96 93 76 13 73 98 28 47 32 57 86 89 98 90 35 10 30 41 96 91 16 41 47 28 17 46 36 52 50 41 16 73 77 47 35 65 57 71 33 21 52 88 77 82 48 26 97 51 22 31 84 69 63
91 84 48 79 17 68 88 96 60 57 95 56 41 11 15 85 10 57 0 40 90 36 13 57 67 20 34 37 33 29 81 71 80 95 58 92 95 68 27 85 30 17 56 33 89 24 51 67 52 71 39 95 21 78 10 13 89 42 38 93 99 34 15 45 83 11 76 86 85 42 72 89 87 56 36 91 56 22 51 15
27 86 76 24 11 54 10 62 58 73 25 72 39 18 97 59 39 51 40 0 25 28 51 95 75 22 20 59 90 88 50 89 65 96 50 51 15 74 71 49 47 50 41 60 65 80 32 49 73 70 67 69 44 24 39 93 17 17 52 26 39 95 65 17 29 59 66 61 72 41 58 85 97 89 53 88 18 17 68 67
21 49 36 32 77 77 67 28 32 51 46 56 67 12 63 87 26 85 90 25 0 19 32 88 31 42 63 16 31 68 47 38 83 49 90 32 75 41 36 83 58 42 10 63 39 57 54 28 77 13 70 29 54 77 16 98 26 74 28 99 31 43 38 50 23 56 80 88 98 73 77 48 24 94 61 95 73 17 61 55
41 74 53 54 53 57 91 45 96 53 16 65 15 47 72 85 78 20 36 28 19 0 13 34 94 37 12 98 35 62 12 89 82 81 37 23 46 46 98 29 13 89 46 79 90 86 41 24 93 64 59 44 31 63 48 68 12 60 11 94 86 76 33 10 54 76 81 33 73 88 89 50 95 77 35 36 17 99 71 89
59 94 45 51 25 60 93 20 87 13 11 91 62 97 47 11 96 71 13 51 32 13 0 14 34 36 59 62 62 70 79 21 66 10 14 22 53 68 24 39 22 11 59 93 95 81 43 19 37 39 49 24 13 45 41 65 14 31 63 34 68 32 89 65 92 63 79 78 41 61 76 44 45 98 88 26 82 83 13 40
28 84 17 19 65 18 74 89 62 36 48 90 14 70 38 18 27 20 57 95 88 34 14 0 88 20 69 13 65 32 37 64 93 66 23 68 97 92 67 90 65 74 94 14 12 51 43 46 56 35 29 25 55 37 98 11 80 88 42 68 86 73 24 25 71 46 68 83 46 69 44 26 42 36 21 48 20 20 36 18
14 91 77 55 39 38 66 23 14 98 42 24 17 66 10 12 63 75 67 75 31 94 34 88 0 66 81 53 46 94 31 85 91 61 85 84 58 30 17 39 21 55 40 66 89 39 97 51 86 71 79 65 45 33 97 52 77 37 37 80 15 37 33 65 43 25 83 91 87 11 40 27 35 90 72 39 82 51 72 53
94 38 96 46 97 95 65 50 34 73 62 16 61 65 49 84 94 57 20 22 42 37 36 20 66 0 11 87 78 96 60 30 14 80 82 87 82 16 10 14 75 49 49 75 71 50 37 89 79 63 76 76 84 59 21 62 53 36 33 52 36 30 49 71 93 66 62 36 20 87 67 55 43 96 37 43 72 60 29 67
84 25 88 40 38 32 95 34 62 66 44 34 51 43 57 43 69 50 34 20 63 12 59 69 81 11 0 92 81 63 86 44 47 98 68 65 60 90 78 91 37 94 96 92 52 86 63 46 20 73 43 26 51 48 39 74 67 13 33 61 50 23 14 34 72 15 36 59 46 51 91 98 79 15 15 82 82 79 99 15
26 33 29 98 62 66 99 92 49 29 43 12 84 84 62 79 23 96 37 59 16 98 62 13 53 87 92 0 54 99 29 36 24 11 23 31 34 48 28 83 69 91 48 65 88 11 90 10 98 25 35 55 42 70 13 31 89 74 16 33 12 74 60 16 31 60 16 18 26 86 78 56 10 95 55 13 82 39 75 32
65 78 89 40 21 10 28 16 80 51 59 89 49 57 28 96 44 93 33 90 31 35 62 65 46 78 81 54 0 80 39 84 47 35 41 57 98 88 52 70 19 55 67 86 40 37 43 31 87 28 28 98 13 75 39 64 35 56 60 60 12 36 18 52 24 43 55 46 20 10 69 54 79 61 75 39 51 80 64 23
79 55 88 34 90 53 31 29 71 72 94 19 24 43 10 78 27 76 29 88 68 62 70 32 94 96 63 99 80 0 57 79 97 50 72 20 68 53 38 35 86 27 14 11 64 97 50 80 85 69 14 20 51 96 26 44 83 27 51 27 92 73 65 60 63 52 70 55 72 83 30 76 75 33 54 94 63 83 89 52
25 68 58 21 98 85 25 88 78 33 73 70 30 71 57 27 60 13 81 50 47 12 79 37 31 60 86 29 39 57 0 99 95 75 67 41 73 80 19 97 38 80 58 35 69 47 95 74 95 29 38 19 24 17 58 57 32 31 13 94 31 90 32 41 81 70 19 44 42 17 28 40 73 11 40 50 13 28 42 55
35 79 24 72 59 16 99 37 63 95 46 18 90 89 13 78 79 73 71 89 38 89 21 64 85 30 44 36 84 79 99 0 65 19 17 55 47 69 83 99 91 59 12 14 29 54 21 89 11 96 48 32 47 60 99 98 80 56 38 52 48 96 68 23 58 61 49 71 17 96 49 26 85 96 81 62 34 91 14 76
80 98 97 13 23 91 93 63 76 28 15 82 90 48 93 79 85 98 80 65 83 82 66 93 91 14 47 24 47 97 95 65 0 29 15 15 45 50 57 45 72 13 30 40 22 51 35 39 67 72 32 23 14 77 13 80 44 80 60 49 76 82 19 67 99 62 62 30 21 14 10 84 89 54 84 72 32 63 48 48
23 66 53 16 49 62 97 65 34 59 58 39 27 18 61 81 82 28 95 96 49 81 10 66 61 80 98 11 35 50 75 19 29 0 67 89 72 83 50 13 22 25 70 26 22 21 49 26 85 82 87 48 72 60 23 81 14 76 75 33 57 36 95 58 67 63 34 95 17 32 47 44 92 50 47 85 63 92 97 90
76 79 50 85 52 83 33 28 28 37 56 28 13 30 52 72 52 47 58 50 90 37 14 23 85 82 68 23 41 72 67 17 15 67 0 71 95 59 97 20 98 98 54 67 98 52 61 41 42 35 54 92 27 35 92 25 36 58 28 36 46 54 14 56 74 52 64 45 59 50 97 85 74 30 97 27 37 42 31 35
59 66 61 74 24 52 80 29 50 27 41 98 50 40 51 91 99 32 92 51 32 23 22 68 84 87 65 31 57 20 41 55 15 89 71 0 77 57 89 88 48 55 28 79 26 37 88 45 81 26 36 30 49 81 55 89 20 44 97 55 61 83 69 99 12 91 12 33 63 64 38 30 24 49 20 54 15 15 83 20
81 38 15 25 45 97 65 43 29 50 70 68 34 86 50 70 58 57 95 15 75 46 53 97 58 82 60 34 98 68 73 47 45 72 95 77 0 75 94 73 89 73 23 44 39 35 28 67 15 92 19 29 81 53 78 37 64 99 24 15 47 95 44 23 20 19 87 37 17 91 15 55 81 27 87 19 95 29 59 97
42 14 84 94 52 44 23 51 66 53 37 19 87 41 24 91 33 86 68 74 41 46 68 92 30 16 90 48 88 53 80 69 50 83 59 57 75 0 17 79 83 40 55 91 58 68 37 42 70 17 30 11 42 60 23 70 34 13 78 23 78 75 29 75 52 25 92 56 96 99 94 81 39 52 74 92 45 31 79 99
96 42 73 56 75 40 78 39 63 21 61 33 98 72 84 88 72 89 27 71 36 98 24 67 17 10 78 28 52 38 19 83 57 50 97 89 94 17 0 28 94 93 47 50 55 26 51 56 57 29 72 39 31 93 72 70 16 79 93 62 74 59 28 47 79 53 67 96 25 64 57 88 44 96 63 78 44 17 91 58
89 28 20 26 66 68 39 10 39 52 70 24 68 84 69 64 92 98 85 49 83 29 39 90 39 14 91 83 70 35 97 99 45 13 20 88 73 79 28 0 98 55 57 85 23 33 24 48 78 74 97 69 12 65 22 24 59 90 35 79 12 63 81 45 63 84 77 90 73 65 81 72 73 40 26 92 38 85 49 54
11 38 12 84 21 68 52 25 30 47 70 83 36 85 24 14 27 90 30 47 58 13 22 65 21 75 37 69 19 86 38 91 72 22 98 48 89 83 94 98 0 91 22 83 41 21 32 68 98 98 20 56 43 43 39 29 80 27 38 47 83 43 97 83 33 44 51 74 98 90 25 18 11 18 89 66 15 97 23 70
22 48 48 60 72 64 46 58 18 53 72 17 35 22 52 33 97 35 17 50 42 89 11 74 55 49 94 91 55 27 80 59 13 25 98 55 73 40 93 55 91 0 46 50 16 94 12 84 88 33 37 58 31 62 11 75 62 49 39 27 33 88 13 13 30 60 53 72 34 99 61 19 97 84 73 28 29 77 82 65
33 20 30 51 96 65 36 88 51 11 84 81 10 43 36 65 22 10 56 41 10 46 59 94 40 49 96 48 67 14 58 12 30 70 54 28 23 55 47 57 22 46 0 15 12 74 37 91 65 46 48 28 11 42 22 57 86 98 17 52 35 34 43 27 13 52 46 67 87 41 66 86 45 72 41 79 24 90 74 25
29 19 75 42 45 32 77 76 82 36 79 18 88 63 81 42 23 30 33 60 63 79 93 14 66 75 92 65 86 11 35 14 40 26 67 79 44 91 50 85 83 50 15 0 21 48 42 17 97 27 71 29 42 35 44 99 38 45 69 53 71 74 88 79 27 40 44 80 79 38 71 86 13 81 48 46 29 19 80 84
84 22 63 48 87 27 33 84 43 12 36 32 69 23 50 51 79 41 89 65 39 90 95 12 89 71 52 88 40 64 69 29 22 22 98 26 39 58 55 23 41 16 12 21 0 21 80 10 90 94 56 81 98 16 10 46 88 45 23 86 11 32 19 66 96 65 20 92 76 65 50 59 77 42 69 68 39 49 37 68
39 90 12 23 87 11 18 29 77 43 87 86 24 85 24 74 38 96 24 80 57 86 81 51 39 50 86 11 37 97 47 54 51 21 52 37 35 68 26 33 21 94 74 48 21 0 35 89 26 43 47 57 99 48 16 95 32 34 52 58 76 61 56 39 70 36 84 47 31 14 16 85 22 12 46 47 35 53 55 44
10 97 19 72 32 42 32 10 41 31 17 97 60 53 69 27 51 91 51 32 54 41 43 43 97 37 63 90 43 50 95 21 35 49 61 88 28 37 51 24 32 12 37 42 80 35 0 71 11 53 97 73 13 43 44 58 88 19 56 85 52 67 97 42 49 70 88 75 40 29 29 70 20 36 93 11 66 17 28 85
19 97 84 62 93 12 30 82 54 40 71 11 84 12 11 23 81 16 67 49 28 24 19 46 51 89 46 10 31 80 74 89 39 26 41 45 67 42 56 48 68 84 91 17 10 89 71 0 48 57 27 58 22 51 36 70 42 77 55 41 35 89 16 44 36 93 15 57 57 10 16 34 56 84 12 94 42 18 82 14
60 78 54 29 62 67 89 58 48 61 41 18 56 47 62 93 51 41 52 73 77 93 37 56 86 79 20 98 87 85 95 11 67 85 42 81 15 70 57 78 98 88 65 97 90 26 11 48 0 56 32 53 91 89 96 31 33 16 69 78 52 98 72 61 15 75 52 13 17 70 54 96 27 85 57 73 96 30 66 90
25 31 53 65 45 83 91 30 14 46 15 92 22 40 34 54 43 47 71 70 13 64 39 35 71 63 73 25 28 69 29 96 72 82 35 26 92 17 29 74 98 33 46 27 94 43 53 57 56 0 91 43 57 40 84 10 76 24 17 21 27 98 72 50 42 56 65 90 18 64 66 95 93 77 32 58 98 55 12 68
79 10 53 41 55 14 64 17 16 24 48 30 93 63 18 64 80 28 39 67 70 59 49 29 79 76 43 35 28 14 38 48 32 87 54 36 19 30 72 97 20 37 48 71 56 47 97 27 32 91 0 99 53 68 24 71 56 23 81 87 64 36 37 28 41 97 36 74 59 51 39 92 85 64 73 87 12 27 44 39
83 59 31 80 78 64 65 34 21 80 81 51 81 49 41 81 17 17 95 69 29 44 24 25 65 76 26 55 98 20 19 32 23 48 92 30 29 11 39 69 56 58 28 29 81 57 73 58 53 43 99 0 97 78 25 68 98 29 80 44 16 77 81 44 48 32 28 60 13 74 38 18 38 74 82 70 23 99 94 43
19 91 46 46 37 27 85 24 43 19 85 44 20 68 82 99 87 46 21 44 54 31 13 55 45 84 51 42 13 51 24 47 14 72 27 49 81 42 31 12 43 31 11 42 98 99 13 22 91 57 53 97 0 13 35 68 46 11 80 34 79 37 37 68 83 97 62 28 57 25 87 25 47 39 26 29 96 69 45 52
56 35 16 94 28 46 49 11 91 70 70 52 25 90 18 10 43 36 78 24 77 63 45 37 33 59 48 70 75 96 17 60 77 60 35 81 53 60 93 65 43 62 42 35 16 48 43 51 89 40 68 78 13 0 66 93 48 44 80 76 18 11 26 47 11 52 79 69 74 48 44 52 58 32 67 25 53 13 49 16
28 35 34 71 60 29 65 14 82 87 37 22 29 91 53 16 28 52 10 39 16 48 41 98 97 21 39 13 39 26 58 99 13 23 92 55 78 23 72 22 39 11 22 44 10 16 44 36 96 84 24 25 35 66 0 24 70 35 63 95 14 56 48 53 89 43 92 61 67 24 72 27 69 98 41 41 90 39 34 82
60 40 59 62 43 98 43 18 67 52 46 11 21 46 73 60 13 50 13 93 98 68 65 11 52 62 74 31 64 44 57 98 80 81 25 89 37 70 70 24 29 75 57 99 46 95 58 70 31 10 71 68 68 93 24 0 98 50 14 59 27 18 97 58 59 79 67 24 68 47 18 16 70 70 18 35 90 68 30 84
10 38 73 85 33 31 11 34 79 77 10 33 64 79 22 67 11 41 89 17 26 12 14 80 77 53 67 89 35 83 32 80 44 14 36 20 64 34 16 59 80 62 86 38 88 32 88 42 33 76 56 98 46 48 70 98 0 19 23 78 61 57 69 28 92 63 33 81 19 38 14 61 90 46 93 41 21 69 80 38
53 80 62 54 45 51 74 74 78 22 79 19 16 48 71 17 23 16 42 17 74 60 31 88 37 36 13 74 56 27 31 56 80 76 58 44 99 13 79 90 27 49 98 45 45 34 19 77 16 24 23 29 11 44 35 50 19 0 65 48 78 18 42 68 17 47 90 66 42 31 79 99 98 80 17 26 31 23 51 27
20 85 50 51 93 60 41 73 24 68 46 25 56 82 37 52 95 73 38 52 28 11 63 42 37 33 33 16 60 51 13 38 60 75 28 97 24 78 93 35 38 39 17 69 23 52 56 55 69 17 81 80 80 80 63 14 23 65 0 33 49 35 56 98 54 84 28 54 87 61 16 86 63 43 15 20 68 48 67 45
76 30 78 85 72 20 41 47 68 96 81 22 39 10 75 59 28 77 93 26 99 94 34 68 80 52 61 33 60 27 94 52 49 33 36 55 15 23 62 79 47 27 52 53 86 58 85 41 78 21 87 44 34 76 95 59 78 48 33 0 82 14 63 59 25 70 47 44 77 55 89 41 62 46 68 68 37 64 25 64
78 10 51 20 73 62 21 64 99 86 62 93 17 69 19 72 14 47 99 39 31 86 68 86 15 36 50 12 12 92 31 48 76 57 46 61 47 78 74 12 83 33 35 71 11 76 52 35 52 27 64 16 79 18 14 27 61 78 49 82 0 34 74 99 18 45 26 87 86 56 43 49 15 70 88 66 41 82 62 49
99 74 39 19 82 81 99 42 97 21 42 90 18 72 58 36 77 35 34 95 43 76 32 73 37 30 23 74 36 73 90 96 82 36 54 83 95 75 59 63 43 88 34 74 32 61 67 89 98 98 36 77 37 11 56 18 57 18 35 14 34 0 80 51 44 43 61 10 36 63 69 23 43 54 79 74 72 58 73 73
54 18 26 69 24 82 51 19 30 17 31 42 25 76 77 77 14 65 15 65 38 33 89 24 33 49 14 60 18 65 32 68 19 95 14 69 44 29 28 81 97 13 43 88 19 56 97 16 72 72 37 81 37 26 48 97 69 42 56 63 74 80 0 64 86 79 74 42 68 51 31 74 30 36 91 68 32 53 14 57
76 29 88 32 77 40 63 12 95 18 78 33 36 14 49 21 31 57 45 17 50 10 65 25 65 71 34 16 52 60 41 23 67 58 56 99 23 75 47 45 83 13 27 79 66 39 42 44 61 50 28 44 68 47 53 58 28 68 98 59 99 51 64 0 33 45 66 35 29 88 73 94 28 96 56 42 11 11 31 87
85 64 68 44 30 24 43 98 25 69 96 88 89 40 27 62 88 71 83 29 23 54 92 71 43 93 72 31 24 63 81 58 99 67 74 12 20 52 79 63 33 30 13 27 96 70 49 36 15 42 41 48 83 11 89 59 92 17 54 25 18 44 86 33 0 85 70 33 65 57 62 16 91 11 34 97 72 38 71 23
55 40 80 99 78 68 13 24 62 18 51 70 23 14 28 84 28 33 11 59 56 76 63 46 25 66 15 60 43 52 70 61 62 63 52 91 19 25 53 84 44 60 52 40 65 36 70 93 75 56 97 32 97 52 43 79 63 47 84 70 45 43 79 45 85 0 86 20 55 54 19 17 79 56 95 91 81 44 31 59
86 48 26 57 25 96 24 54 46 90 52 82 78 54 70 63 34 21 76 66 80 81 79 68 83 62 36 16 55 70 19 49 62 34 64 12 87 92 67 77 51 53 46 44 20 84 88 15 52 65 36 28 62 79 92 67 33 90 28 47 26 61 74 66 70 86 0 89 97 73 44 43 49 20 28 84 67 48 68 91
80 76 94 96 41 29 96 79 57 15 10 22 48 78 30 36 96 52 86 61 88 33 78 83 91 36 59 18 46 55 44 71 30 95 45 33 37 56 96 90 74 72 67 80 92 47 75 57 13 90 74 60 28 69 61 24 81 66 54 44 87 10 42 35 33 20 89 0 73 28 18 37 13 88 45 87 76 10 63 54
92 99 24 54 50 79 41 24 29 71 64 93 43 17 30 42 91 88 85 72 98 73 41 46 87 20 46 26 20 72 42 17 21 17 59 63 17 96 25 73 98 34 87 79 76 31 40 57 17 18 59 13 57 74 67 68 19 42 87 77 86 36 68 29 65 55 97 73 0 51 65 28 74 78 79 70 69 95 87 88
96 22 64 96 67 13 95 70 34 51 62 85 57 63 89 52 38 77 42 41 73 88 61 69 11 87 51 86 10 83 17 96 14 32 50 64 91 99 64 65 90 99 41 38 65 14 29 10 70 64 51 74 25 48 24 47 38 31 61 55 56 63 51 88 57 54 73 28 51 0 95 99 52 27 75 88 75 43 41 88
22 68 98 95 10 21 50 39 15 10 39 44 34 23 68 88 58 82 72 58 77 89 76 44 40 67 91 78 69 30 28 49 10 47 97 38 15 94 57 81 25 61 66 71 50 16 29 16 54 66 39 38 87 44 72 18 14 79 16 89 43 69 31 73 62 19 44 18 65 95 0 85 99 17 71 67 76 91 31 49
90 68 37 30 68 71 89 93 95 43 91 35 59 46 71 38 14 48 89 85 48 50 44 26 27 55 98 56 54 76 40 26 84 44 85 30 55 81 88 72 18 19 86 86 59 85 70 34 96 95 92 18 25 52 27 16 61 99 86 41 49 23 74 94 16 17 43 37 28 99 85 0 62 28 89 72 46 17 14 50
25 28 40 25 64 11 10 13 63 57 99 41 21 28 34 72 56 26 87 97 24 95 45 42 35 43 79 10 79 75 73 85 89 92 74 24 81 39 44 73 11 97 45 13 77 22 20 56 27 93 85 38 47 58 69 70 90 98 63 62 15 43 30 28 91 79 49 13 74 52 99 62 0 18 83 86 43 70 69 35
94 23 26 63 10 40 47 52 13 48 28 41 39 73 26 55 93 97 56 89 94 77 98 36 90 96 15 95 61 33 11 96 54 50 30 49 27 52 96 40 18 84 72 81 42 12 36 84 85 77 64 74 39 32 98 70 46 80 43 46 70 54 36 96 11 56 20 88 78 27 17 28 18 0 53 63 91 20 44 39
77 72 65 81 47 80 75 31 16 65 69 75 83 73 11 29 38 51 36 53 61 35 88 21 72 37 15 55 75 54 40 81 84 47 97 20 87 74 63 26 89 73 41 48 69 46 93 12 57 32 73 82 26 67 41 18 93 17 15 68 88 79 91 56 34 95 28 45 79 75 71 89 83 53 0 78 49 22 90 11
19 93 22 61 27 47 16 80 73 79 51 44 71 88 95 36 84 22 91 88 95 36 26 48 39 43 82 13 39 94 50 62 72 85 27 54 19 92 78 92 66 28 79 46 68 47 11 94 73 58 87 70 29 25 41 35 41 26 20 68 66 74 68 42 97 91 84 87 70 88 67 72 86 63 78 0 18 55 49 73
68 20 26 97 43 61 80 25 82 72 24 51 99 14 60 69 79 31 56 18 73 17 82 20 82 72 82 82 51 63 13 34 32 63 37 15 95 45 44 38 15 29 24 29 39 35 66 42 96 98 12 23 96 53 90 90 21 31 68 37 41 72 32 11 72 81 67 76 69 75 76 46 43 91 49 18 0 62 84 53
71 54 52 21 37 27 47 77 37 92 81 50 51 36 12 30 54 84 22 17 17 99 83 20 51 60 79 39 80 83 28 91 63 92 42 15 29 31 17 85 97 77 90 19 49 53 17 18 30 55 27 99 69 13 39 68 69 23 48 64 82 58 53 11 38 44 48 10 95 43 91 17 70 20 22 55 62 0 10 81
96 17 71 56 43 55 78 25 32 71 83 62 57 70 94 89 19 69 51 68 61 71 13 36 72 29 99 75 64 89 42 14 48 97 31 83 59 79 91 49 23 82 74 80 37 55 28 82 66 12 44 94 45 49 34 30 80 51 67 25 62 73 14 31 71 31 68 63 87 41 31 14 69 44 90 49 84 10 0 89
37 54 20 21 45 72 33 55 77 61 22 64 18 29 83 73 25 63 15 67 55 89 40 18 53 67 15 32 23 52 55 76 48 90 35 20 97 99 58 54 70 65 25 84 68 44 85 14 90 68 39 43 52 16 82 84 38 27 45 64 49 73 57 87 23 59 91 54 88 88 49 50 35 39 11 73 53 81 89 0