35
0 92 51 48 29 66 86 36 71 76 88 36 41 41 36 37 44 97 75 66 24 83 66 56 12 72 86 91 72 77 85 99 33 58 61
92 0 68 95 86 86 33 63 78 50 80 25 70 18 39 37 64 86 44 72 96 93 74 69 19 11 21 52 52 85 50 16 81 78 75
51 68 0 85 63 37 81 70 65 50 97 94 70 48 20 80 29 19 35 56 16 23 75 84 88 61 14 10 95 44 62 18 22 10 47
48 95 85 0 89 90 80 21 57 80 55 73 16 66 94 85 31 17 31 68 70 79 15 70 18 42 52 98 73 18 59 16 47 44 25
29 86 63 89 0 50 41 17 72 10 77 58 46 97 99 88 50 88 72 31 50 86 17 18 37 13 80 86 45 67 89 92 44 89 27
66 86 37 90 50 0 85 68 84 86 59 53 32 12 22 39 36 97 24 65 61 31 23 48 21 14 57 93 87 62 91 20 87 31 57
86 33 81 80 41 85 0 27 83 77 88 84 26 38 74 68 25 63 20 76 19 65 22 81 29 92 79 79 73 80 92 81 75 45 41
36 63 70 21 17 68 27 0 77 10 94 13 40 68 74 51 33 57 44 69 62 89 82 79 28 54 71 31 82 50 53 82 78 23 59
71 78 65 57 72 84 83 77 0 92 94 37 87 53 44 23 88 57 88 24 36 13 80 51 25 96 33 64 80 76 26 11 83 72 74
76 50 50 80 10 86 77 10 92 0 29 76 24 94 36 31 66 31 24 18 17 90 31 33 74 64 27 97 29 37 39 52 84 70 65
88 80 97 55 77 59 88 94 94 29 0 36 37 21 34 24 58 90 70 95 42 44 13 98 33 69 52 72 52 26 99 75 55 94 54
36 25 94 73 58 53 84 13 37 76 36 0 58 12 75 34 61 14 46 58 45 70 90 78 84 30 50 57 82 86 71 33 17 53 35
41 70 70 16 46 32 26 40 87 24 37 58 0 83 12 19 77 87 49 39 66 68 36 61 20 41 96 80 20 53 66 58 33 19 57
41 18 48 66 97 12 38 68 53 94 21 12 83 0 31 48 21 86 43 29 99 36 90 80 77 76 69 29 49 12 16 61 52 41 46
36 39 20 94 99 22 74 74 44 36 34 75 12 31 0 39 58 32 52 38 96 82 58 44 73 42 15 68 61 37 94 96 28 65 38
37 37 80 85 88 39 68 51 23 31 24 34 19 48 39 0 81 84 50 96 22 97 50 82 86 47 27 16 57 67 27 21 10 25 62
44 64 29 31 50 36 25 33 88 66 58 61 77 21 58 81 0 31 28 68 53 45 25 36 99 85 39 92 85 95 75 89 33 61 76
97 86 19 17 88 97 63 57 57 31 90 14 87 86 32 84 31 0 78 13 35 62 45 58 66 26 34 18 65 11 48 40 36 72 62
75 44 35 31 72 24 20 44 88 24 70 46 49 43 52 50 28 78 0 18 92 15 79 13 73 44 46 53 18 30 64 38 95 11 43
66 72 56 68 31 65 76 69 24 18 95 58 39 29 38 96 68 13 18 0 21 26 54 69 77 31 78 30 29 93 23 42 26 69 76
24 96 16 70 50 61 19 62 36 17 42 45 66 99 96 22 53 35 92 21 0 97 92 83 89 49 66 77 20 25 79 11 44 25 26
83 93 23 79 86 31 65 89 13 90 44 70 68 36 82 97 45 62 15 26 97 0 42 70 89 32 44 80 50 22 62 30 98 44 39
66 74 75 15 17 23 22 82 80 31 13 90 36 90 58 50 25 45 79 54 92 42 0 15 68 10 37 48 70 64 12 76 92 31 77
56 69 84 70 18 48 81 79 51 33 98 78 61 80 44 82 36 58 13 69 83 70 15 0 77 91 32 20 84 78 69 66 70 22 95
12 19 88 18 37 21 29 28 25 74 33 84 20 77 73 86 99 66 73 77 89 89 68 77 0 84 35 87 51 99 38 94 31 56 31
72 11 61 42 13 14 92 54 96 64 69 30 41 76 42 47 85 26 44 31 49 32 10 91 84 0 50 25 29 89 91 88 79 26 93
86 21 14 52 80 57 79 71 33 27 52 50 96 69 15 27 39 34 46 78 66 44 37 32 35 50 0 76 39 75 66 91 82 64 57
91 52 10 98 86 93 79 31 64 97 72 57 80 29 68 16 92 18 53 30 77 80 48 20 87 25 76 0 42 87 94 10 85 89 18
72 52 95 73 45 87 73 82 80 29 52 82 20 49 61 57 85 65 18 29 20 50 70 84 51 29 39 42 0 96 88 15 90 32 64
77 85 44 18 67 62 80 50 76 37 26 86 53 12 37 67 95 11 30 93 25 22 64 78 99 89 75 87 96 0 96 43 98 86 36
85 50 62 59 89 91 92 53 26 39 99 71 66 16 94 27 75 48 64 23 79 62 12 69 38 91 66 94 88 96 0 70 22 68 42
99 16 18 16 92 20 81 82 11 52 75 33 58 61 96 21 89 40 38 42 11 30 76 66 94 88 91 10 15 43 70 0 35 48 13
33 81 22 47 44 87 75 78 83 84 55 17 33 52 28 10 33 36 95 26 44 98 92 70 31 79 82 85 90 98 22 35 0 38 41
58 78 10 44 89 31 45 23 72 70 94 53 19 41 65 25 61 72 11 69 25 44 31 22 56 26 64 89 32 86 68 48 38 0 21
61 75 47 25 27 57 41 59 74 65 54 35 57 46 38 62 76 62 43 76 26 39 77 95 31 93 57 18 64 36 42 13 41 21 0