95
0 27 82 48 54 36 40 89 76 72 46 20 93 55 77 34 89 21 76 60 10 68 67 36 34 23 35 90 73 83 42 64 61 39 11 11 52 96 66 50 98 86 58 97 12 24 41 58 45 89 28 84 84 79 58 71 98 24 55 15 47 98 21 63 43 52 58 77 44 53 51 57 94 74 70 35 71 82 15 58 73 88 17 56 23 55 70 74 57 94 40 74 27 21 37
27 0 46 83 60 31 33 92 78 28 76 37 49 27 15 14 47 77 37 68 66 81 81 81 89 71 91 87 64 21 86 23 96 48 25 62 95 30 10 52 85 74 39 98 34 49 25 40 44 20 91 24 50 30 58 80 59 34 50 89 53 17 86 74 72 50 27 99 25 10 69 83 11 27 82 31 47 60 60 35 64 39 39 43 64 30 30 94 70 52 51 77 13 38 60
82 46 0 41 17 74 68 59 89 71 25 80 72 95 82 58 38 23 67 73 42 74 56 43 51 64 87 24 27 86 15 32 91 80 23 41 50 92 33 81 94 10 83 11 19 27 32 14 65 56 64 66 72 95 57 52 32 36 79 37 84 13 86 66 35 53 31 45 43 40 29 21 82 14 27 27 26 94 87 31 15 17 91 16 51 16 49 12 42 71 33 79 14 63 29
48 83 41 0 32 26 42 11 94 46 90 75 33 97 26 76 87 86 46 84 93 77 23 57 86 22 29 25 64 49 42 21 48 62 86 64 92 47 18 28 15 11 42 16 28 88 32 17 23 27 96 69 69 40 34 70 78 98 75 75 20 18 78 43 24 41 94 53 93 64 17 11 41 11 50 25 66 41 35 65 40 52 38 80 14 19 34 46 70 45 18 61 91 63 73
54 60 17 32 0 17 62 23 73 75 76 93 67 71 45 59 51 18 92 27 48 10 55 11 53 61 47 38 23 25 33 16 68 92 87 83 81 33 69 84 69 61 16 11 79 29 11 85 44 52 43 14 38 15 59 65 27 59 99 78 12 44 38 17 18 12 95 38 62 81 43 62 36 55 44 24 56 74 99 26 67 87 81 30 15 37 92 57 17 88 15 15 23 88 52
36 31 74 26 17 0 35 76 21 65 48 38 83 79 85 37 95 46 51 18 13 70 88 51 33 46 85 48 46 39 65 90 73 49 66 59 32 37 61 81 46 71 32 40 29 87 14 22 38 17 69 41 69 35 51 25 61 63 53 55 51 35 49 87 91 55 63 72 77 53 50 23 68 47 31 59 52 15 35 87 42 19 74 47 96 38 12 76 66 17 34 73 57 26 56
40 33 68 42 62 35 0 16 87 90 36 51 18 55 46 19 70 55 12 17 90 80 85 16 18 47 13 47 87 36 14 73 63 23 28 10 11 41 99 25 15 63 56 16 92 23 65 35 84 41 85 69 50 97 51 13 17 86 90 75 44 55 75 93 87 79 90 73 76 13 59 45 51 96 62 68 58 54 66 57 76 54 32 11 63 79 90 89 34 36 52 36 36 47 28
89 92 59 11 23 76 16 0 96 56 14 56 21 89 61 61 49 61 30 69 59 69 62 82 22 59 43 62 46 45 15 21 40 63 58 81 99 52 75 97 91 90 27 71 89 50 24 84 53 83 56 86 18 99 82 64 75 58 32 67 64 52 10 76 10 67 62 88 29 91 48 37 35 26 80 77 97 91 69 61 84 19 61 43 24 73 19 93 90 97 56 36 63 33 84
76 78 89 94 73 21 87 96 0 81 54 93 70 17 98 71 45 13 72 46 55 76 34 56 50 81 69 10 36 78 39 15 79 23 25 28 71 71 43 10 26 71 24 48 64 86 91 78 33 98 47 19 17 57 35 18 16 63 95 86 21 91 36 82 40 44 41 51 53 17 70 69 62 71 24 13 25 82 59 84 36 36 79 77 56 30 39 38 84 94 92 98 27 11 64
72 28 71 46 75 65 90 56 81 0 73 63 50 14 59 24 29 95 39 48 40 86 41 48 40 85 56 47 25 70 37 24 86 86 81 19 73 96 52 28 50 78 50 40 99 38 76 38 39 98 28 42 66 30 41 53 57 10 25 43 10 12 44 27 90 28 48 79 45 62 66 97 94 74 10 93 27 48 45 91 90 31 27 68 34 36 35 84 60 49 21 57 52 60 16
46 76 25 90 76 48 36 14 54 73 0 54 31 18 92 67 72 62 52 56 14 15 26 61 10 33 43 10 68 27 53 92 67 19 39 82 82 76 81 97 56 96 79 38 85 57 46 89 97 27 20 49 67 75 40 52 57 25 36 48 29 78 57 75 30 70 71 74 33 73 75 94 78 16 46 65 70 60 68 76 68 53 93 99 79 99 51 78 73 75 40 56 42 77 37
20 37 80 75 93 38 51 56 93 63 54 0 10 73 61 96 56 42 72 59 72 71 27 32 23 45 62 39 87 78 80 11 96 66 95 54 26 38 57 71 81 16 58 58 49 24 73 83 99 56 55 33 25 37 97 75 72 28 19 64 24 90 48 55 33 78 51 60 73 48 14 38 68 52 33 74 81 88 41 57 78 87 32 99 26 67 46 92 79 56 22 83 72 55 18
93 49 72 33 67 83 18 21 70 50 31 10 0 93 73 98 42 20 55 59 18 27 91 92 48 90 30 61 31 57 15 43 92 65 17 67 75 87 27 25 62 45 25 35 73 56 73 87 62 67 29 81 79 90 50 29 27 38 73 93 17 58 26 38 91 11 91 46 85 17 57 42 14 43 18 24 78 39 31 56 79 65 37 93 92 98 74 32 94 54 81 87 81 70 47
55 27 95 97 71 79 55 89 17 14 18 73 93 0 95 27 54 33 67 91 40 17 75 37 98 15 27 49 18 43 64 66 37 17 95 71 52 80 94 46 72 45 23 68 52 61 93 68 85 21 33 37 40 61 24 20 40 77 49 73 97 90 15 45 67 46 59 35 14 19 25 20 29 84 56 38 52 82 91 43 52 61 41 15 16 82 30 94 40 78 50 83 64 40 27
77 15 82 26 45 85 46 61 98 59 92 61 73 95 0 21 59 45 12 99 16 31 74 77 33 40 87 81 90 78 96 64 50 40 98 66 61 45 47 12 86 25 13 96 32 88 88 35 58 29 17 15 68 37 96 61 62 28 11 37 11 19 30 65 99 45 48 72 47 90 57 44 49 73 12 51 12 85 74 51 90 84 88 57 35 32 67 87 81 86 81 97 20 99 29
34 14 58 76 59 37 19 61 71 24 67 96 98 27 21 0 99 90 15 33 23 63 10 84 68 22 52 63 88 51 72 14 13 44 12 12 69 53 94 54 22 63 55 45 71 62 55 69 99 71 58 76 29 11 67 99 13 15 63 38 57 99 52 12 26 93 74 27 60 33 59 19 65 22 29 28 45 52 28 42 66 98 39 41 99 50 29 41 75 24 58 75 34 36 33
89 47 38 87 51 95 70 49 45 29 72 56 42 54 59 99 0 35 10 21 97 39 53 28 28 39 59 25 91 18 40 71 80 90 69 77 10 94 30 15 87 58 34 96 38 50 75 40 84 92 87 37 23 26 86 69 27 78 18 11 16 56 15 55 28 14 75 98 77 41 41 48 75 40 71 33 94 56 87 34 71 86 33 19 62 83 35 40 96 91 92 28 91 95 32
21 77 23 86 18 46 55 61 13 95 62 42 20 33 45 90 35 0 63 75 72 82 35 58 71 55 14 42 16 24 71 61 39 76 61 88 16 83 91 24 38 16 45 70 20 28 18 77 52 83 14 79 35 67 35 39 70 54 55 53 32 77 94 70 83 11 18 46 56 25 37 37 57 18 93 91 38 83 84 97 63 59 21 58 93 22 13 27 79 41 19 82 91 37 93
76 37 67 46 92 51 12 30 72 39 52 72 55 67 12 15 10 63 0 63 50 20 91 67 82 68 62 37 92 51 48 23 46 12 49 17 60 73 14 38 86 67 92 60 80 57 22 47 28 10 79 41 32 17 56 63 38 28 45 75 90 48 15 47 91 43 55 31 78 95 26 92 11 72 47 60 80 19 36 93 86 39 96 84 41 54 11 10 96 13 57 23 30 75 60
60 68 73 84 27 18 17 69 46 48 56 59 59 91 99 33 21 75 63 0 69 46 54 64 66 38 22 20 88 19 73 88 28 92 53 55 80 98 95 16 17 77 63 73 72 96 57 69 64 10 77 79 15 68 62 23 57 65 48 28 29 33 25 59 69 59 78 27 36 60 45 12 68 44 63 31 41 74 85 58 49 86 98 42 26 88 20 62 39 78 89 44 11 79 37
10 66 42 93 48 13 90 59 55 40 14 72 18 40 16 23 97 72 50 69 0 29 16 77 61 68 16 59 26 69 21 32 41 35 32 84 98 73 97 51 20 89 22 63 54 81 73 24 10 98 81 60 20 89 22 48 90 36 65 29 70 21 20 62 72 58 29 27 61 30 51 42 21 99 64 47 95 87 81 91 91 58 40 75 48 67 18 37 90 42 27 77 69 92 14
68 81 74 77 10 70 80 69 76 86 15 71 27 17 31 63 39 82 20 46 29 0 75 10 96 79 37 49 77 43 12 44 87 44 52 62 98 65 79 92 44 68 57 52 15 61 46 35 47 27 37 81 42 32 44 98 96 57 40 17 86 88 36 77 16 52 21 60 43 46 40 95 98 21 43 33 14 16 34 85 25 34 32 10 80 36 29 16 11 16 45 55 50 30 32
67 81 56 23 55 88 85 62 34 41 26 27 91 75 74 10 53 35 91 54 16 75 0 48 40 90 11 42 48 60 62 14 98 29 74 46 27 36 48 47 28 33 89 90 56 13 69 78 65 84 11 45 60 90 89 86 64 64 73 32 81 90 40 61 16 11 84 19 49 50 16 40 64 46 60 60 56 35 17 32 45 67 60 82 99 83 99 93 61 58 85 42 59 52 47
36 81 43 57 11 51 16 82 56 48 61 32 92 37 77 84 28 58 67 64 77 10 48 0 65 22 94 15 70 54 77 26 53 49 95 92 45 81 13 80 54 41 34 38 25 33 89 50 18 91 32 33 19 45 18 54 70 16 71 39 29 33 30 33 20 90 64 38 30 38 82 80 91 88 67 45 78 56 78 14 21 69 44 83 88 89 94 70 38 74 36 75 74 99 10
34 89 51 86 53 33 18 22 50 40 10 23 48 98 33 68 28 71 82 66 61 96 40 65 0 51 42 97 95 92 72 14 48 15 31 72 41 23 11 81 94 23 49 36 12 48 53 61 61 73 85 12 49 90 62 81 64 82 76 34 73 42 77 63 12 29 35 45 31 68 50 51 30 63 46 38 64 25 42 85 28 97 84 71 88 29 90 46 41 67 79 77 65 38 82
23 71 64 22 61 46 47 59 81 85 33 45 90 15 40 22 39 55 68 38 68 79 90 22 51 0 72 43 75 57 40 78 94 46 44 45 35 98 36 82 92 32 83 63 97 76 27 70 22 85 73 61 44 63 37 22 83 68 16 50 20 25 72 44 59 72 32 76 23 36 24 43 69 40 57 48 53 91 28 75 19 48 96 50 79 61 29 72 37 33 15 33 31 81 24
35 91 87 29 47 85 13 43 69 56 43 62 30 27 87 52 59 14 62 22 16 37 11 94 42 72 0 54 79 74 95 51 52 45 48 51 77 78 70 78 44 84 69 96 10 92 62 43 49 33 90 28 40 38 67 55 78 64 66 15 30 37 28 54 82 80 62 73 94 16 33 44 86 80 28 43 65 49 69 80 56 95 97 47 67 18 59 66 36 70 18 93 64 24 76
90 87 24 25 38 48 47 62 10 47 10 39 61 49 81 63 25 42 37 20 59 49 42 15 97 43 54 0 46 45 58 81 42 93 60 21 42 48 59 92 48 49 82 82 74 22 74 65 87 18 38 68 86 37 27 44 15 63 81 98 43 24 87 67 43 61 44 18 22 91 71 13 79 67 30 39 30 30 44 46 26 81 39 67 44 79 54 33 48 20 68 19 43 43 44
73 64 27 64 23 46 87 46 36 25 68 87 31 18 90 88 91 16 92 88 26 77 48 70 95 75 79 46 0 75 95 87 71 67 98 44 84 83 14 61 75 67 19 31 14 13 46 79 30 53 59 69 50 51 43 16 27 23 24 29 63 73 83 94 94 31 80 78 34 70 90 81 17 65 50 70 53 98 56 94 88 43 83 15 10 33 41 36 80 45 72 38 17 32 73
83 21 86 49 25 39 36 45 78 70 27 78 57 43 78 51 18 24 51 19 69 43 60 54 92 57 74 45 75 0 28 54 31 85 50 90 91 56 14 21 60 53 32 83 98 82 57 31 30 75 95 77 59 57 13 96 69 55 66 54 65 81 28 30 69 59 43 80 93 56 97 73 12 85 95 48 25 39 91 82 24 87 55 99 67 47 49 98 52 74 35 44 98 25 13
42 86 15 42 33 65 14 15 39 37 53 80 15 64 96 72 40 71 48 73 21 12 62 77 72 40 95 58 95 28 0 26 94 90 17 98 22 38 67 83 99 24 24 46 39 10 41 87 49 62 83 22 13 67 87 17 60 34 92 32 22 40 14 11 98 80 60 32 33 29 23 40 73 98 89 40 52 86 23 73 44 22 95 77 43 42 33 13 43 80 23 38 63 36 69
64 23 32 21 16 90 73 21 15 24 92 11 43 66 64 14 71 61 23 88 32 44 14 26 14 78 51 81 87 54 26 0 89 61 50 88 28 24 29 22 28 76 28 25 43 96 79 38 61 63 94 39 11 85 21 90 62 85 40 19 81 78 74 22 31 90 37 56 85 12 92 95 41 20 75 40 78 61 90 33 50 56 40 15 83 17 19 32 71 88 79 68 67 79 91
61 96 91 48 68 73 63 40 79 86 67 96 92 37 50 13 80 39 46 28 41 87 98 53 48 94 52 42 71 31 94 89 0 72 75 28 68 40 41 60 14 40 90 79 97 85 26 50 46 77 98 76 73 17 15 30 29 45 39 12 81 61 80 52 67 39 44 94 63 36 67 33 49 95 45 19 23 18 54 61 48 91 62 18 82 85 17 67 37 64 70 47 43 74 46
39 48 80 62 92 49 23 63 23 86 19 66 65 17 40 44 90 76 12 92 35 44 29 49 15 46 45 93 67 85 90 61 72 0 67 15 80 91 14 94 55 70 44 56 25 44 52 65 23 93 44 10 77 41 57 29 44 38 13 62 73 11 90 77 75 44 35 29 65 10 18 29 42 32 49 47 56 40 35 14 24 48 23 44 52 52 98 38 52 79 52 68 79 31 19
11 25 23 86 87 66 28 58 25 81 39 95 17 95 98 12 69 61 49 53 32 52 74 95 31 44 48 60 98 50 17 50 75 67 0 36 20 83 28 73 72 99 67 76 74 93 57 67 65 15 31 20 22 11 85 13 45 31 98 77 26 73 89 60 45 88 33 42 61 87 45 82 79 46 98 34 58 84 33 33 61 38 57 76 13 79 36 62 67 78 23 19 32 10 56
11 62 41 64 83 59 10 81 28 19 82 54 67 71 66 12 77 88 17 55 84 62 46 92 72 45 51 21 44 90 98 88 28 15 36 0 19 42 47 14 79 18 65 90 83 23 39 79 76 38 45 14 25 93 80 37 51 48 76 56 76 17 74 16 74 65 93 71 24 35 91 38 38 56 27 29 12 34 13 99 88 19 48 60 64 82 80 68 82 70 45 90 47 93 21
52 95 50 92 81 32 11 99 71 73 82 26 75 52 61 69 10 16 60 80 98 98 27 45 41 35 77 42 84 91 22 28 68 80 20 19 0 71 38 80 18 69 64 57 57 26 49 27 54 98 89 59 44 89 97 39 67 40 60 74 44 69 23 92 31 93 63 48 10 22 87 79 75 14 88 35 81 22 40 54 29 87 19 95 26 53 50 86 14 84 86 46 58 36 85
96 30 92 47 33 37 41 52 71 96 76 38 87 80 45 53 94 83 73 98 73 65 36 81 23 98 78 48 83 56 38 24 40 91 83 42 71 0 69 62 75 62 44 79 16 54 63 15 17 95 64 27 66 17 64 41 62 63 74 10 59 82 30 28 67 32 39 78 73 10 24 45 49 75 22 49 79 95 63 90 41 73 20 38 74 70 23 10 74 34 91 38 58 57 77
66 10 33 18 69 61 99 75 43 52 81 57 27 94 47 94 30 91 14 95 97 79 48 13 11 36 70 59 14 14 67 29 41 14 28 47 38 69 0 44 23 35 27 38 58 77 39 26 20 87 72 44 16 49 59 84 29 80 88 95 62 12 35 77 45 77 17 54 78 62 21 16 37 94 77 79 95 53 50 19 21 39 40 62 57 84 78 14 43 36 91 38 38 62 90
50 52 81 28 84 81 25 97 10 28 97 71 25 46 12 54 15 24 38 16 51 92 47 80 81 82 78 92 61 21 83 22 60 94 73 14 80 62 44 0 53 88 55 58 15 38 58 75 77 38 81 35 87 82 76 47 53 36 25 13 15 66 35 52 74 29 52 94 82 68 61 92 45 71 39 55 16 35 40 94 41 52 17 53 78 41 78 10 64 89 53 66 96 74 68
98 85 94 15 69 46 15 91 26 50 56 81 62 72 86 22 87 38 86 17 20 44 28 54 94 92 44 48 75 60 99 28 14 55 72 79 18 75 23 53 0 41 31 19 90 87 35 11 70 60 93 60 27 75 28 70 97 78 85 81 49 24 63 73 40 90 26 14 30 49 34 67 72 59 87 91 37 95 43 88 60 58 50 77 83 81 73 72 83 79 17 44 39 17 74
86 74 10 11 61 71 63 90 71 78 96 16 45 45 25 63 58 16 67 77 89 68 33 41 23 32 84 49 67 53 24 76 40 70 99 18 69 62 35 88 41 0 45 91 29 56 34 85 97 78 94 65 15 53 94 36 62 32 68 46 63 34 41 42 83 68 30 95 10 80 65 89 97 26 66 79 73 76 80 95 33 57 55 32 66 63 29 75 64 64 32 93 44 42 95
58 39 83 42 16 32 56 27 24 50 79 58 25 23 13 55 34 45 92 63 22 57 89 34 49 83 69 82 19 32 24 28 90 44 67 65 64 44 27 55 31 45 0 36 76 12 46 12 55 68 83 53 35 95 52 77 12 99 15 52 22 74 42 86 57 34 26 96 24 86 40 29 11 19 17 88 83 60 78 15 89 73 16 72 13 53 42 56 72 94 71 85 32 10 62
97 98 11 16 11 40 16 71 48 40 38 58 35 68 96 45 96 70 60 73 63 52 90 38 36 63 96 82 31 83 46 25 79 56 76 90 57 79 38 58 19 91 36 0 68 69 11 33 76 22 58 89 79 32 55 82 10 75 32 46 92 77 22 97 85 77 54 89 85 46 17 72 51 62 23 30 48 84 29 54 56 84 40 35 27 76 61 51 60 80 64 41 60 31 26
12 34 19 28 79 29 92 89 64 99 85 49 73 52 32 71 38 20 80 72 54 15 56 25 12 97 10 74 14 98 39 43 97 25 74 83 57 16 58 15 90 29 76 68 0 85 43 98 90 36 23 99 54 89 51 31 97 64 77 86 92 58 29 66 55 46 35 11 24 46 33 83 94 34 52 29 11 86 15 97 62 19 34 44 65 41 44 49 13 54 74 72 53 71 73
24 49 27 88 29 87 23 50 86 38 57 24 56 61 88 62 50 28 57 96 81 61 13 33 48 76 92 22 13 82 10 96 85 44 93 23 26 54 77 38 87 56 12 69 85 0 67 99 85 60 67 63 88 48 31 46 51 98 46 91 99 71 91 35 45 77 20 96 65 44 47 91 98 28 50 86 24 56 37 89 70 55 85 60 86 54 21 94 73 99 58 57 45 12 52
41 25 32 32 11 14 65 24 91 76 46 73 73 93 88 55 75 18 22 57 73 46 69 89 53 27 62 74 46 57 41 79 26 52 57 39 49 63 39 58 35 34 46 11 43 67 0 44 11 90 86 66 75 24 33 47 95 50 81 21 26 34 86 88 53 34 77 24 91 11 75 87 13 38 89 72 76 51 86 17 55 56 10 52 88 96 79 36 44 64 41 55 36 68 91
58 40 14 17 85 22 35 84 78 38 89 83 87 68 35 69 40 77 47 69 24 35 78 50 61 70 43 65 79 31 87 38 50 65 67 79 27 15 26 75 11 85 12 33 98 99 44 0 21 61 36 34 85 44 15 58 11 15 18 39 62 11 39 49 94 76 37 87 90 41 51 62 36 25 27 28 49 11 18 37 37 54 34 99 31 27 45 20 89 77 58 98 12 23 24
45 44 65 23 44 38 84 53 33 39 97 99 62 85 58 99 84 52 28 64 10 47 65 18 61 22 49 87 30 30 49 61 46 23 65 76 54 17 20 77 70 97 55 76 90 85 11 21 0 73 17 20 16 35 80 70 35 41 72 85 30 91 78 82 44 28 20 87 10 79 69 44 10 19 30 42 38 13 74 91 73 71 82 52 32 42 44 36 14 73 38 58 90 28 10
89 20 56 27 52 17 41 83 98 98 27 56 67 21 29 71 92 83 10 10 98 27 84 91 73 85 33 18 53 75 62 63 77 93 15 38 98 95 87 38 60 78 68 22 36 60 90 61 73 0 98 62 96 63 61 60 90 26 98 36 86 28 63 14 28 96 87 59 78 93 55 63 54 63 29 66 85 61 67 79 58 93 51 76 36 37 12 80 23 46 46 41 49 48 18
28 91 64 96 43 69 85 56 47 28 20 55 29 33 17 58 87 14 79 77 81 37 11 32 85 73 90 38 59 95 83 94 98 44 31 45 89 64 72 81 93 94 83 58 23 67 86 36 17 98 0 75 98 45 11 26 67 78 46 38 45 63 81 73 20 71 31 70 31 70 16 98 23 82 27 40 20 11 47 79 84 74 67 63 44 78 54 27 44 40 60 99 23 90 43
84 24 66 69 14 41 69 86 19 42 49 33 81 37 15 76 37 79 41 79 60 81 45 33 12 61 28 68 69 77 22 39 76 10 20 14 59 27 44 35 60 65 53 89 99 63 66 34 20 62 75 0 31 78 99 18 63 62 14 98 12 53 33 83 66 42 72 50 13 97 34 86 81 96 29 22 93 33 49 31 13 11 58 92 11 91 43 77 49 97 78 47 75 77 42
84 50 72 69 38 69 50 18 17 66 67 25 79 40 68 29 23 35 32 15 20 42 60 19 49 44 40 86 50 59 13 11 73 77 22 25 44 66 16 87 27 15 35 79 54 88 75 85 16 96 98 31 0 64 20 58 74 21 72 98 56 23 12 48 94 69 66 21 37 20 47 63 89 89 43 97 51 59 15 44 27 15 13 20 91 95 77 31 18 19 72 24 34 95 21
79 30 95 40 15 35 97 99 57 30 75 37 90 61 37 11 26 67 17 68 89 32 90 45 90 63 38 37 51 57 67 85 17 41 11 93 89 17 49 82 75 53 95 32 89 48 24 44 35 63 45 78 64 0 68 38 97 37 28 95 86 87 85 12 37 37 49 42 61 67 11 48 90 10 24 60 11 90 20 77 74 16 59 20 77 30 33 10 13 51 44 60 38 87 47
58 58 57 34 59 51 51 82 35 41 40 97 50 24 96 67 86 35 56 62 22 44 89 18 62 37 67 27 43 13 87 21 15 57 85 80 97 64 59 76 28 94 52 55 51 31 33 15 80 61 11 99 20 68 0 91 37 86 72 51 93 86 99 60 30 11 46 50 93 57 10 62 82 24 92 41 25 33 81 39 57 92 48 89 35 65 98 75 29 44 25 25 87 28 33
71 80 52 70 65 25 13 64 18 53 52 75 29 20 61 99 69 39 63 23 48 98 86 54 81 22 55 44 16 96 17 90 30 29 13 37 39 41 84 47 70 36 77 82 31 46 47 58 70 60 26 18 58 38 91 0 31 83 84 94 58 43 50 42 84 51 37 80 23 24 61 29 91 49 30 37 66 66 92 44 45 53 57 55 15 69 61 39 65 84 69 46 50 31 57
98 59 32 78 27 61 17 75 16 57 57 72 27 40 62 13 27 70 38 57 90 96 64 70 64 83 78 15 27 69 60 62 29 44 45 51 67 62 29 53 97 62 12 10 97 51 95 11 35 90 67 63 74 97 37 31 0 28 84 30 69 27 24 84 81 25 45 16 46 80 64 62 66 26 83 22 89 22 50 34 52 55 23 32 80 13 98 40 32 75 85 85 29 45 84
24 34 36 98 59 63 86 58 63 10 25 28 38 77 28 15 78 54 28 65 36 57 64 16 82 68 64 63 23 55 34 85 45 38 31 48 40 63 80 36 78 32 99 75 64 98 50 15 41 26 78 62 21 37 86 83 28 0 63 39 22 73 40 41 97 58 22 41 95 76 35 80 14 95 33 12 27 56 43 96 87 40 88 46 46 45 16 86 56 95 13 93 94 75 36
55 50 79 75 99 53 90 32 95 25 36 19 73 49 11 63 18 55 45 48 65 40 73 71 76 16 66 81 24 66 92 40 39 13 98 76 60 74 88 25 85 68 15 32 77 46 81 18 72 98 46 14 72 28 72 84 84 63 0 79 46 37 18 72 22 94 55 19 44 24 73 57 84 39 23 56 75 38 94 60 42 47 49 45 73 83 37 90 89 82 58 22 77 41 93
15 89 37 75 78 55 75 67 86 43 48 64 93 73 37 38 11 53 75 28 29 17 32 39 34 50 15 98 29 54 32 19 12 62 77 56 74 10 95 13 81 46 52 46 86 91 21 39 85 36 38 98 98 95 51 94 30 39 79 0 41 18 33 10 63 50 96 29 11 20 60 54 34 82 39 27 28 19 94 15 61 32 49 97 14 50 91 92 56 23 73 37 61 47 51
47 53 84 20 12 51 44 64 21 10 29 24 17 97 11 57 16 32 90 29 70 86 81 29 73 20 30 43 63 65 22 81 81 73 26 76 44 59 62 15 49 63 22 92 92 99 26 62 30 86 45 12 56 86 93 58 69 22 46 41 0 47 39 54 34 39 95 19 81 90 93 65 42 82 73 97 36 86 43 58 60 84 46 31 71 79 34 25 99 36 94 67 41 72 82
98 17 13 18 44 35 55 52 91 12 78 90 58 90 19 99 56 77 48 33 21 88 90 33 42 25 37 24 73 81 40 78 61 11 73 17 69 82 12 66 24 34 74 77 58 71 34 11 91 28 63 53 23 87 86 43 27 73 37 18 47 0 72 51 50 16 64 79 67 41 29 63 70 11 94 19 33 91 34 74 85 78 94 89 65 86 96 82 57 23 24 28 45 16 29
21 86 86 78 38 49 75 10 36 44 57 48 26 15 30 52 15 94 15 25 20 36 40 30 77 72 28 87 83 28 14 74 80 90 89 74 23 30 35 35 63 41 42 22 29 91 86 39 78 63 81 33 12 85 99 50 24 40 18 33 39 72 0 69 81 94 21 84 72 53 39 99 11 58 56 63 69 19 92 12 30 58 54 60 87 42 82 47 21 32 35 28 62 12 75
63 74 66 43 17 87 93 76 82 27 75 55 38 45 65 12 55 70 47 59 62 77 61 33 63 44 54 67 94 30 11 22 52 77 60 16 92 28 77 52 73 42 86 97 66 35 88 49 82 14 73 83 48 12 60 42 84 41 72 10 54 51 69 0 55 27 75 34 89 43 10 37 62 21 67 25 93 78 92 24 71 99 20 53 71 69 48 34 54 46 43 20 18 60 63
43 72 35 24 18 91 87 10 40 90 30 33 91 67 99 26 28 83 91 69 72 16 16 20 12 59 82 43 94 69 98 31 67 75 45 74 31 67 45 74 40 83 57 85 55 45 53 94 44 28 20 66 94 37 30 84 81 97 22 63 34 50 81 55 0 83 38 84 90 12 83 93 89 25 43 30 90 88 10 27 89 43 92 20 88 34 17 12 64 10 70 39 29 39 97
52 50 53 41 12 55 79 67 44 28 70 78 11 46 45 93 14 11 43 59 58 52 11 90 29 72 80 61 31 59 80 90 39 44 88 65 93 32 77 29 90 68 34 77 46 77 34 76 28 96 71 42 69 37 11 51 25 58 94 50 39 16 94 27 83 0 76 14 83 89 27 96 39 72 41 66 76 75 63 96 37 57 52 16 15 99 71 58 90 87 48 91 73 71 74
58 27 31 94 95 63 90 62 41 48 71 51 91 59 48 74 75 18 55 78 29 21 84 64 35 32 62 44 80 43 60 37 44 35 33 93 63 39 17 52 26 30 26 54 35 20 77 37 20 87 31 72 66 49 46 37 45 22 55 96 95 64 21 75 38 76 0 14 84 60 11 27 22 16 73 99 77 83 50 19 17 31 12 44 17 24 73 88 29 11 91 12 46 93 98
77 99 45 53 38 72 73 88 51 79 74 60 46 35 72 27 98 46 31 27 27 60 19 38 45 76 73 18 78 80 32 56 94 29 42 71 48 78 54 94 14 95 96 89 11 96 24 87 87 59 70 50 21 42 50 80 16 41 19 29 19 79 84 34 84 14 14 0 11 77 55 10 45 45 99 22 58 39 58 68 73 43 50 98 51 49 70 33 46 94 16 59 96 36 84
44 25 43 93 62 77 76 29 53 45 33 73 85 14 47 60 77 56 78 36 61 43 49 30 31 23 94 22 34 93 33 85 63 65 61 24 10 73 78 82 30 10 24 85 24 65 91 90 10 78 31 13 37 61 93 23 46 95 44 11 81 67 72 89 90 83 84 11 0 67 37 20 33 23 43 80 83 62 61 32 52 85 52 17 12 35 48 32 25 15 37 51 50 34 53
53 10 40 64 81 53 13 91 17 62 73 48 17 19 90 33 41 25 95 60 30 46 50 38 68 36 16 91 70 56 29 12 36 10 87 35 22 10 62 68 49 80 86 46 46 44 11 41 79 93 70 97 20 67 57 24 80 76 24 20 90 41 53 43 12 89 60 77 67 0 91 74 85 62 21 37 67 49 70 52 76 99 60 53 68 46 30 38 47 67 58 25 86 69 84
51 69 29 17 43 50 59 48 70 66 75 14 57 25 57 59 41 37 26 45 51 40 16 82 50 24 33 71 90 97 23 92 67 18 45 91 87 24 21 61 34 65 40 17 33 47 75 51 69 55 16 34 47 11 10 61 64 35 73 60 93 29 39 10 83 27 11 55 37 91 0 44 68 20 99 45 75 90 75 46 33 57 70 86 56 54 32 60 78 74 70 62 21 73 33
57 83 21 11 62 23 45 37 69 97 94 38 42 20 44 19 48 37 92 12 42 95 40 80 51 43 44 13 81 73 40 95 33 29 82 38 79 45 16 92 67 89 29 72 83 91 87 62 44 63 98 86 63 48 62 29 62 80 57 54 65 63 99 37 93 96 27 10 20 74 44 0 84 41 65 34 83 19 40 76 93 94 68 25 98 31 54 63 66 16 43 24 26 26 73
94 11 82 41 36 68 51 35 62 94 78 68 14 29 49 65 75 57 11 68 21 98 64 91 30 69 86 79 17 12 73 41 49 42 79 38 75 49 37 45 72 97 11 51 94 98 13 36 10 54 23 81 89 90 82 91 66 14 84 34 42 70 11 62 89 39 22 45 33 85 68 84 0 29 35 41 70 33 52 79 99 78 55 91 33 29 84 52 23 71 91 93 86 13 55
74 27 14 11 55 47 96 26 71 74 16 52 43 84 73 22 40 18 72 44 99 21 46 88 63 40 80 67 65 85 98 20 95 32 46 56 14 75 94 71 59 26 19 62 34 28 38 25 19 63 82 96 89 10 24 49 26 95 39 82 82 11 58 21 25 72 16 45 23 62 20 41 29 0 34 93 18 61 25 85 96 49 74 88 78 61 35 38 74 29 95 35 85 75 30
70 82 27 50 44 31 62 80 24 10 46 33 18 56 12 29 71 93 47 63 64 43 60 67 46 57 28 30 50 95 89 75 45 49 98 27 88 22 77 39 87 66 17 23 52 50 89 27 30 29 27 29 43 24 92 30 83 33 23 39 73 94 56 67 43 41 73 99 43 21 99 65 35 34 0 28 49 88 73 57 98 45 78 10 52 33 94 54 72 38 32 30 93 69 16
35 31 27 25 24 59 68 77 13 93 65 74 24 38 51 28 33 91 60 31 47 33 60 45 38 48 43 39 70 48 40 40 19 47 34 29 35 49 79 55 91 79 88 30 29 86 72 28 42 66 40 22 97 60 41 37 22 12 56 27 97 19 63 25 30 66 99 22 80 37 45 34 41 93 28 0 56 92 58 14 56 43 40 31 79 52 86 53 21 46 96 42 43 50 69
71 47 26 66 56 52 58 97 25 27 70 81 78 52 12 45 94 38 80 41 95 14 56 78 64 53 65 30 53 25 52 78 23 56 58 12 81 79 95 16 37 73 83 48 11 24 76 49 38 85 20 93 51 11 25 66 89 27 75 28 36 33 69 93 90 76 77 58 83 67 75 83 70 18 49 56 0 39 37 81 71 51 62 11 72 87 46 95 65 23 57 95 10 58 60
82 60 94 41 74 15 54 91 82 48 60 88 39 82 85 52 56 83 19 74 87 16 35 56 25 91 49 30 98 39 86 61 18 40 84 34 22 95 53 35 95 76 60 84 86 56 51 11 13 61 11 33 59 90 33 66 22 56 38 19 86 91 19 78 88 75 83 39 62 49 90 19 33 61 88 92 39 0 69 49 86 98 77 95 13 92 85 33 58 57 23 92 41 54 94
15 60 87 35 99 35 66 69 59 45 68 41 31 91 74 28 87 84 36 85 81 34 17 78 42 28 69 44 56 91 23 90 54 35 33 13 40 63 50 40 43 80 78 29 15 37 86 18 74 67 47 49 15 20 81 92 50 43 94 94 43 34 92 92 10 63 50 58 61 70 75 40 52 25 73 58 37 69 0 19 45 46 51 16 10 72 87 30 84 97 26 69 50 80 98
58 35 31 65 26 87 57 61 84 91 76 57 56 43 51 42 34 97 93 58 91 85 32 14 85 75 80 46 94 82 73 33 61 14 33 99 54 90 19 94 88 95 15 54 97 89 17 37 91 79 79 31 44 77 39 44 34 96 60 15 58 74 12 24 27 96 19 68 32 52 46 76 79 85 57 14 81 49 19 0 59 52 63 73 71 56 76 23 13 96 94 78 45 46 75
73 64 15 40 67 42 76 84 36 90 68 78 79 52 90 66 71 63 86 49 91 25 45 21 28 19 56 26 88 24 44 50 48 24 61 88 29 41 21 41 60 33 89 56 62 70 55 37 73 58 84 13 27 74 57 45 52 87 42 61 60 85 30 71 89 37 17 73 52 76 33 93 99 96 98 56 71 86 45 59 0 89 38 32 19 14 34 44 42 72 26 27 22 61 90
88 39 17 52 87 19 54 19 36 31 53 87 65 61 84 98 86 59 39 86 58 34 67 69 97 48 95 81 43 87 22 56 91 48 38 19 87 73 39 52 58 57 73 84 19 55 56 54 71 93 74 11 15 16 92 53 55 40 47 32 84 78 58 99 43 57 31 43 85 99 57 94 78 49 45 43 51 98 46 52 89 0 58 73 74 55 16 47 48 68 85 40 30 27 27
17 39 91 38 81 74 32 61 79 27 93 32 37 41 88 39 33 21 96 98 40 32 60 44 84 96 97 39 83 55 95 40 62 23 57 48 19 20 40 17 50 55 16 40 34 85 10 34 82 51 67 58 13 59 48 57 23 88 49 49 46 94 54 20 92 52 12 50 52 60 70 68 55 74 78 40 62 77 51 63 38 58 0 93 56 80 23 49 14 45 19 44 15 98 36
56 43 16 80 30 47 11 43 77 68 99 99 93 15 57 41 19 58 84 42 75 10 82 83 71 50 47 67 15 99 77 15 18 44 76 60 95 38 62 53 77 32 72 35 44 60 52 99 52 76 63 92 20 20 89 55 32 46 45 97 31 89 60 53 20 16 44 98 17 53 86 25 91 88 10 31 11 95 16 73 32 73 93 0 21 86 82 97 13 90 54 99 92 85 43
23 64 51 14 15 96 63 24 56 34 79 26 92 16 35 99 62 93 41 26 48 80 99 88 88 79 67 44 10 67 43 83 82 52 13 64 26 74 57 78 83 66 13 27 65 86 88 31 32 36 44 11 91 77 35 15 80 46 73 14 71 65 87 71 88 15 17 51 12 68 56 98 33 78 52 79 72 13 10 71 19 74 56 21 0 36 83 66 21 80 25 34 15 70 39
55 30 16 19 37 38 79 73 30 36 99 67 98 82 32 50 83 22 54 88 67 36 83 89 29 61 18 79 33 47 42 17 85 52 79 82 53 70 84 41 81 63 53 76 41 54 96 27 42 37 78 91 95 30 65 69 13 45 83 50 79 86 42 69 34 99 24 49 35 46 54 31 29 61 33 52 87 92 72 56 14 55 80 86 36 0 38 26 34 20 52 42 40 93 60
70 30 49 34 92 12 90 19 39 35 51 46 74 30 67 29 35 13 11 20 18 29 99 94 90 29 59 54 41 49 33 19 17 98 36 80 50 23 78 78 73 29 42 61 44 21 79 45 44 12 54 43 77 33 98 61 98 16 37 91 34 96 82 48 17 71 73 70 48 30 32 54 84 35 94 86 46 85 87 76 34 16 23 82 83 38 0 91 51 78 57 61 66 12 48
74 94 12 46 57 76 89 93 38 84 78 92 32 94 87 41 40 27 10 62 37 16 93 70 46 72 66 33 36 98 13 32 67 38 62 68 86 10 14 10 72 75 56 51 49 94 36 20 36 80 27 77 31 10 75 39 40 86 90 92 25 82 47 34 12 58 88 33 32 38 60 63 52 38 54 53 95 33 30 23 44 47 49 97 66 26 91 0 52 41 16 84 13 81 96
57 70 42 70 17 66 34 90 84 60 73 79 94 40 81 75 96 79 96 39 90 11 61 38 41 37 36 48 80 52 43 71 37 52 67 82 14 74 43 64 83 64 72 60 13 73 44 89 14 23 44 49 18 13 29 65 32 56 89 56 99 57 21 54 64 90 29 46 25 47 78 66 23 74 72 21 65 58 84 13 42 48 14 13 21 34 51 52 0 65 88 90 72 31 21
94 52 71 45 88 17 36 97 94 49 75 56 54 78 86 24 91 41 13 78 42 16 58 74 67 33 70 20 45 74 80 88 64 79 78 70 84 34 36 89 79 64 94 80 54 99 64 77 73 46 40 97 19 51 44 84 75 95 82 23 36 23 32 46 10 87 11 94 15 67 74 16 71 29 38 46 23 57 97 96 72 68 45 90 80 20 78 41 65 0 94 34 93 22 29
40 51 33 18 15 34 52 56 92 21 40 22 81 50 81 58 92 19 57 89 27 45 85 36 79 15 18 68 72 35 23 79 70 52 23 45 86 91 91 53 17 32 71 64 74 58 41 58 38 46 60 78 72 44 25 69 85 13 58 73 94 24 35 43 70 48 91 16 37 58 70 43 91 95 32 96 57 23 26 94 26 85 19 54 25 52 57 16 88 94 0 64 45 65 30
74 77 79 61 15 73 36 36 98 57 56 83 87 83 97 75 28 82 23 44 77 55 42 75 77 33 93 19 38 44 38 68 47 68 19 90 46 38 38 66 44 93 85 41 72 57 55 98 58 41 99 47 24 60 25 46 85 93 22 37 67 28 28 20 39 91 12 59 51 25 62 24 93 35 30 42 95 92 69 78 27 40 44 99 34 42 61 84 90 34 64 0 77 73 41
27 13 14 91 23 57 36 63 27 52 42 72 81 64 20 34 91 91 30 11 69 50 59 74 65 31 64 43 17 98 63 67 43 79 32 47 58 58 38 96 39 44 32 60 53 45 36 12 90 49 23 75 34 38 87 50 29 94 77 61 41 45 62 18 29 73 46 96 50 86 21 26 86 85 93 43 10 41 50 45 22 30 15 92 15 40 66 13 72 93 45 77 0 88 20
21 38 63 63 88 26 47 33 11 60 77 55 70 40 99 36 95 37 75 79 92 30 52 99 38 81 24 43 32 25 36 79 74 31 10 93 36 57 62 74 17 42 10 31 71 12 68 23 28 48 90 77 95 87 28 31 45 75 41 47 72 16 12 60 39 71 93 36 34 69 73 26 13 75 69 50 58 54 80 46 61 27 98 85 70 93 12 81 31 22 65 73 88 0 62
37 60 29 73 52 56 28 84 64 16 37 18 47 27 29 33 32 93 60 37 14 32 47 10 82 24 76 44 73 13 69 91 46 19 56 21 85 77 90 68 74 95 62 26 73 52 91 24 10 18 43 42 21 47 33 57 84 36 93 51 82 29 75 63 97 74 98 84 53 84 33 73 55 30 16 69 60 94 98 75 90 27 36 43 39 60 48 96 21 29 30 41 20 62 0