105
0 44 87 51 92 72 24 49 20 97 43 79 45 88 22 17 60 70 84 47 23 11 70 37 22 61 45 73 57 41 44 51 24 81 61 36 60 50 79 61 24 33 19 78 23 96 50 25 36 14 38 43 63 65 44 85 80 73 94 20 54 13 44 75 84 44 56 69 42 74 52 52 44 73 15 37 80 29 55 54 92 75 82 41 63 73 95 59 19 26 47 71 32 41 67 41 42 64 15 68 82 37 69 93 53
44 0 39 65 37 61 24 64 26 37 58 93 57 46 81 26 63 87 76 36 72 43 23 87 21 65 91 79 78 21 62 27 52 90 50 41 35 80 41 61 80 57 55 43 71 17 93 79 25 21 20 79 57 74 34 43 38 48 45 93 66 25 72 49 37 42 50 26 24 73 76 60 33 94 97 38 61 58 38 35 41 86 87 92 99 26 84 80 79 89 39 30 32 97 69 64 77 35 73 96 57 91 43 59 27
87 39 0 35 25 46 47 49 48 39 12 69 34 48 48 33 41 95 40 17 64 62 35 47 45 48 64 67 49 87 90 77 29 79 62 89 20 64 46 68 85 28 17 82 80 19 11 82 67 17 60 25 97 19 23 50 84 91 68 26 14 21 60 33 31 69 29 55 95 20 79 61 94 15 99 65 20 94 91 93 97 89 87 74 90 69 93 23 34 39 61 33 36 28 32 20 37 95 86 86 74 86 26 23 67
51 65 35 0 40 36 53 82 76 10 87 86 10 80 73 26 23 70 86 40 17 79 78 40 21 98 22 69 18 84 51 83 55 74 61 34 98 82 27 40 45 77 21 16 52 94 69 48 61 71 44 43 20 74 76 66 25 23 79 48 82 31 21 17 47 75 11 63 64 60 87 11 61 46 95 25 19 49 64 63 20 51 26 42 91 82 23 70 42 71 93 29 65 37 55 97 90 94 71 14 11 77 71 59 61
92 37 25 40 0 53 92 86 41 98 44 25 65 87 60 97 91 92 63 46 97 60 24 44 32 62 85 71 44 25 40 55 43 57 21 20 16 40 92 36 80 93 76 19 99 89 52 41 40 74 54 50 31 39 99 85 97 50 81 19 12 61 63 25 48 16 81 22 22 32 14 16 91 68 98 11 73 63 85 99 63 31 13 61 31 82 79 68 21 69 45 74 18 93 52 91 77 75 10 30 96 11 58 67 85
72 61 46 36 53 0 71 65 70 64 47 91 48 74 40 28 79 52 87 32 53 98 78 32 70 99 43 74 88 56 45 16 96 78 98 57 23 97 68 90 74 67 33 12 80 80 15 30 79 92 95 84 65 37 38 32 74 93 87 22 84 58 78 97 18 47 32 84 25 34 22 55 65 25 94 11 89 25 25 45 11 95 60 79 86 39 86 84 83 85 15 19 53 27 23 15 47 12 86 67 69 93 47 38 79
24 24 47 53 92 71 0 93 56 44 92 49 14 13 82 30 34 78 81 10 95 57 68 62 19 20 50 14 43 44 76 97 33 51 24 65 54 75 94 54 98 27 36 21 41 53 99 54 59 19 12 82 17 46 51 97 68 55 93 94 71 69 52 49 83 35 24 25 83 91 15 65 82 60 52 73 96 23 96 73 81 43 92 20 11 20 78 34 85 61 18 46 37 84 12 87 63 21 28 83 29 58 33 21 54
49 64 49 82 86 65 93 0 54 25 34 13 97 13 62 61 86 37 35 82 80 68 11 34 54 79 41 43 87 94 50 29 13 20 40 55 69 88 65 77 49 20 26 48 83 62 71 57 18 17 32 68 50 32 64 55 18 48 58 95 63 65 52 69 12 48 76 71 79 46 68 57 86 76 45 37 79 50 88 62 70 49 60 94 45 55 38 15 37 98 58 49 19 19 60 33 83 27 94 59 40 41 67 14 82
20 26 48 76 41 70 56 54 0 39 56 30 71 71 40 74 11 79 67 67 34 37 75 14 82 11 89 33 13 74 44 38 23 50 99 23 83 15 37 83 99 11 58 77 11 81 61 82 49 17 93 34 91 11 77 33 65 96 65 49 78 51 94 99 32 66 95 37 91 25 35 86 92 86 47 44 37 19 51 95 26 96 24 53 94 98 52 79 68 95 23 55 63 35 66 57 62 67 74 39 47 24 93 45 97
97 37 39 10 98 64 44 25 39 0 37 16 63 59 97 26 38 45 20 27 65 87 87 33 25 87 52 82 27 70 57 69 13 18 37 91 32 27 36 19 52 58 73 92 15 98 68 56 84 54 98 51 84 90 40 53 90 79 82 82 65 45 94 78 53 66 46 55 99 47 50 41 44 32 91 73 99 33 37 67 84 27 98 13 41 94 30 78 21 90 52 68 66 66 51 31 42 24 36 48 37 78 57 69 93
43 58 12 87 44 47 92 34 56 37 0 43 91 81 79 36 88 64 12 27 23 94 97 30 69 33 22 86 90 33 87 20 81 33 16 98 18 33 43 13 34 35 18 51 23 85 37 33 59 29 97 96 83 26 16 61 11 76 64 82 69 35 34 71 46 53 64 43 12 38 19 93 23 56 38 45 18 50 68 24 98 15 34 34 69 58 48 42 53 67 24 92 21 35 80 88 63 20 21 28 45 10 97 99 43
79 93 69 86 25 91 49 13 30 16 43 0 42 95 65 86 26 69 56 56 79 72 21 27 35 67 15 51 67 10 76 13 73 27 53 97 83 16 67 79 86 96 21 60 62 72 81 87 26 48 43 51 33 38 29 76 58 29 47 34 21 98 49 65 57 40 16 48 62 82 68 38 92 55 60 97 97 22 71 55 54 79 50 20 72 78 85 62 77 69 45 87 64 79 68 76 83 95 59 73 66 35 90 76 88
45 57 34 10 65 48 14 97 71 63 91 42 0 20 52 42 33 50 86 93 55 27 35 29 28 96 99 93 13 43 92 84 66 71 11 64 57 74 52 52 87 76 64 88 13 21 34 82 32 29 46 43 81 82 87 16 12 50 83 93 51 18 95 66 45 88 78 47 95 36 46 69 70 66 16 49 67 47 72 72 73 62 19 77 36 89 46 29 81 51 59 79 82 19 33 45 57 63 99 36 21 68 72 50 87
88 46 48 80 87 74 13 13 71 59 81 95 20 0 85 16 96 45 19 37 71 45 76 70 76 15 40 35 76 38 57 27 45 43 47 94 61 63 66 83 45 74 87 52 27 53 31 51 57 71 93 93 45 85 21 79 17 99 89 64 60 86 47 27 41 67 87 84 43 45 12 16 72 39 19 77 25 68 81 53 73 83 22 28 16 24 25 98 63 90 84 55 34 57 95 25 37 80 88 56 73 97 67 66 76
22 81 48 73 60 40 82 62 40 97 79 65 52 85 0 85 45 78 73 45 99 24 74 24 35 33 55 33 96 75 41 70 81 46 38 28 46 94 88 62 81 82 61 37 74 57 62 36 21 88 52 25 25 30 13 32 81 81 76 91 66 67 75 12 35 21 51 85 31 47 57 90 79 65 12 84 27 15 93 80 43 83 95 85 75 59 75 81 72 71 16 63 42 79 78 91 80 75 98 63 74 94 94 29 77
17 26 33 26 97 28 30 61 74 26 36 86 42 16 85 0 97 80 61 68 66 37 68 68 12 95 18 47 40 60 80 99 90 98 29 16 43 35 29 33 18 12 37 49 49 53 18 96 16 51 11 19 41 25 82 91 69 84 51 88 24 10 64 56 37 73 62 56 16 77 53 92 44 91 63 79 88 58 40 29 44 66 71 11 29 57 99 40 30 87 64 62 72 41 63 50 17 72 30 75 71 34 31 40 49
60 63 41 23 91 79 34 86 11 38 88 26 33 96 45 97 0 44 88 84 44 70 95 93 26 78 77 38 29 97 54 71 10 34 26 38 74 14 18 82 60 36 30 38 14 64 33 21 89 48 65 26 44 15 43 84 95 86 99 39 15 63 51 85 72 71 99 46 19 89 40 51 40 11 34 69 99 67 20 25 21 58 82 83 12 45 90 46 55 10 50 43 22 10 13 38 34 29 51 74 24 46 68 90 63
70 87 95 70 92 52 78 37 79 45 64 69 50 45 78 80 44 0 66 89 60 44 43 53 65 42 23 97 31 41 39 97 71 68 15 31 64 72 47 48 57 91 20 47 82 39 68 12 98 55 12 45 79 69 28 47 93 54 77 78 57 33 72 48 49 85 88 45 99 26 44 46 35 85 72 95 24 55 41 76 47 80 11 11 16 67 86 71 57 14 90 49 34 73 92 71 72 61 39 29 21 47 80 64 85
84 76 40 86 63 87 81 35 67 20 12 56 86 19 73 61 88 66 0 24 16 63 61 17 35 42 50 64 91 75 56 68 61 84 92 87 17 72 32 88 40 15 95 68 53 29 51 33 38 33 56 46 43 81 14 58 44 64 33 87 68 97 35 73 23 68 55 77 13 61 19 65 50 13 37 69 12 74 11 88 46 61 69 22 35 45 59 99 11 10 62 24 50 76 82 78 66 78 69 23 26 54 51 24 10
47 36 17 40 46 32 10 82 67 27 27 56 93 37 45 68 84 89 24 0 34 38 50 44 24 69 98 29 19 59 11 67 97 84 50 59 66 15 37 34 92 79 52 95 93 14 96 93 10 74 97 58 52 18 62 83 33 94 68 57 49 35 47 59 90 58 27 38 26 20 35 48 81 68 33 50 14 10 92 30 56 35 19 43 18 79 12 52 64 99 41 46 69 37 11 50 45 82 37 33 16 58 24 65 60
23 72 64 17 97 53 95 80 34 65 23 79 55 71 99 66 44 60 16 34 0 15 43 92 27 96 95 52 18 79 10 45 69 32 81 91 68 57 53 84 60 12 71 67 90 66 90 77 43 15 92 83 78 16 91 78 75 80 56 66 34 48 55 64 67 12 12 73 42 26 45 60 27 70 66 16 89 50 43 54 59 35 39 20 48 69 73 94 85 38 75 16 29 61 33 61 22 92 74 42 35 60 60 54 96
11 43 62 79 60 98 57 68 37 87 94 72 27 45 24 37 70 44 63 38 15 0 69 95 43 70 74 70 69 47 44 80 46 77 10 64 20 63 22 60 23 67 20 61 34 25 67 10 89 43 47 43 58 30 84 64 64 71 98 45 70 93 88 40 10 67 39 66 28 44 56 19 74 37 65 45 75 66 10 60 65 94 57 15 57 39 69 70 54 84 50 34 92 84 26 53 72 43 78 12 24 66 17 44 30
70 23 35 78 24 78 68 11 75 87 97 21 35 76 74 68 95 43 61 50 43 69 0 81 45 49 86 75 86 50 50 62 12 18 80 62 15 94 85 81 38 92 22 15 38 43 12 12 42 15 41 42 42 97 76 25 38 48 19 64 83 90 93 33 86 23 35 73 45 73 58 50 19 15 41 40 80 80 59 25 44 49 78 33 33 86 14 73 36 81 62 82 93 87 18 95 44 11 53 14 53 36 66 69 14
37 87 47 40 44 32 62 34 14 33 30 27 29 70 24 68 93 53 17 44 92 95 81 0 83 33 62 79 95 13 97 67 63 90 91 95 37 90 81 50 53 57 93 90 49 28 48 80 30 75 76 58 53 65 44 10 94 39 69 11 31 72 15 10 77 48 84 70 56 84 51 10 40 66 95 66 23 76 14 29 52 62 14 91 31 39 96 15 80 45 53 76 41 39 45 86 97 14 73 32 31 90 20 50 30
22 21 45 21 32 70 19 54 82 25 69 35 28 76 35 12 26 65 35 24 27 43 45 83 0 38 78 31 18 96 66 17 66 92 12 69 65 28 38 87 27 21 28 35 74 36 25 51 20 75 94 88 58 18 87 52 72 57 66 92 80 97 58 33 15 89 27 92 95 45 36 71 91 35 41 98 82 92 78 16 42 67 90 65 38 53 59 74 37 49 53 71 76 20 80 62 69 60 30 18 83 72 71 51 89
61 65 48 98 62 99 20 79 11 87 33 67 96 15 33 95 78 42 42 69 96 70 49 33 38 0 29 97 18 89 88 33 55 25 69 13 17 99 48 74 42 78 15 88 73 68 60 48 51 95 82 49 57 68 96 97 12 22 71 16 72 85 67 28 34 97 82 58 57 10 14 14 95 42 30 43 28 38 72 31 24 26 85 72 29 31 40 87 72 97 23 56 61 31 68 72 96 41 17 14 32 51 43 15 53
45 91 64 22 85 43 50 41 89 52 22 15 99 40 55 18 77 23 50 98 95 74 86 62 78 29 0 92 98 85 40 88 39 38 78 28 36 29 66 47 54 48 76 16 62 95 25 43 22 38 93 96 39 73 54 73 53 41 50 60 73 37 85 63 59 96 77 65 33 46 54 93 56 30 76 17 31 19 88 80 42 44 23 91 65 52 43 17 27 56 15 99 45 18 10 81 74 58 68 52 53 50 61 40 51
73 79 67 69 71 74 14 43 33 82 86 51 93 35 33 47 38 97 64 29 52 70 75 79 31 97 92 0 39 65 85 29 85 23 10 37 18 63 37 26 46 92 55 71 13 75 30 71 23 28 93 18 60 46 25 12 14 48 30 63 86 41 54 13 91 90 29 92 36 74 25 51 80 10 95 85 10 57 80 81 58 38 93 12 55 77 45 38 94 72 60 42 67 21 60 26 95 13 19 60 11 18 29 34 37
57 78 49 18 44 88 43 87 13 27 90 67 13 76 96 40 29 31 91 19 18 69 86 95 18 18 98 39 0 38 52 70 95 70 60 63 88 62 41 71 98 77 26 56 20 35 86 95 88 65 12 51 41 50 57 42 65 83 98 43 15 19 81 82 52 73 20 70 83 97 67 10 25 20 51 13 91 96 43 21 74 34 74 38 55 43 67 97 52 74 26 78 90 77 95 91 11 13 31 29 40 48 34 88 64
41 21 87 84 25 56 44 94 74 70 33 10 43 38 75 60 97 41 75 59 79 47 50 13 96 89 85 65 38 0 18 69 18 87 12 63 61 36 44 11 76 16 70 43 61 56 80 68 24 52 71 28 40 95 15 69 31 23 49 64 13 43 14 75 24 79 76 41 24 98 87 42 96 40 56 75 74 47 55 16 24 34 99 29 18 60 97 44 74 36 30 27 65 59 83 96 47 79 10 15 79 90 15 26 56
44 62 90 51 40 45 76 50 44 57 87 76 92 57 41 80 54 39 56 11 10 44 50 97 66 88 40 85 52 18 0 26 28 75 30 41 92 93 41 23 65 37 34 69 65 42 46 93 37 82 82 93 38 27 56 81 71 74 41 88 81 73 69 72 92 43 12 85 83 35 19 13 87 97 47 62 38 75 44 85 63 29 72 27 42 56 73 85 92 13 74 46 86 71 58 42 78 22 70 49 51 63 44 38 18
51 27 77 83 55 16 97 29 38 69 20 13 84 27 70 99 71 97 68 67 45 80 62 67 17 33 88 29 70 69 26 0 25 87 12 70 94 55 20 47 36 70 51 90 82 86 63 77 13 91 77 41 34 88 49 19 42 50 14 14 61 93 83 11 41 12 97 58 64 84 68 34 58 72 70 33 63 42 51 43 28 34 40 42 68 28 85 55 76 51 67 50 24 90 94 15 99 97 12 76 60 86 80 68 95
24 52 29 55 43 96 33 13 23 13 81 73 66 45 81 90 10 71 61 97 69 46 12 63 66 55 39 85 95 18 28 25 0 22 66 79 37 89 62 63 59 57 99 41 33 94 59 60 38 37 72 86 37 54 53 51 18 19 43 92 77 84 28 30 38 11 21 61 50 11 52 21 39 43 70 40 55 88 22 43 69 13 71 67 66 63 36 83 13 28 18 56 69 90 43 88 55 69 44 10 73 65 97 66 69
81 90 79 74 57 78 51 20 50 18 33 27 71 43 46 98 34 68 84 84 32 77 18 90 92 25 38 23 70 87 75 87 22 0 24 55 99 28 92 61 94 20 81 51 62 31 60 32 30 57 16 74 75 52 89 70 21 72 28 31 80 66 85 27 75 57 59 36 93 25 36 81 94 94 20 17 61 29 87 39 19 68 82 30 32 43 19 95 51 27 81 43 98 38 73 62 69 52 95 65 20 15 93 65 74
61 50 62 61 21 98 24 40 99 37 16 53 11 47 38 29 26 15 92 50 81 10 80 91 12 69 78 10 60 12 30 12 66 24 0 20 95 56 25 77 33 97 50 46 91 27 74 34 97 83 61 26 77 30 37 51 27 97 53 95 66 11 11 35 39 71 16 30 66 64 67 80 12 44 92 78 84 41 94 47 84 76 88 57 40 28 94 52 12 21 35 83 35 91 45 84 33 35 76 89 33 20 94 82 43
36 41 89 34 20 57 65 55 23 91 98 97 64 94 28 16 38 31 87 59 91 64 62 95 69 13 28 37 63 63 41 70 79 55 20 0 82 52 45 15 63 28 26 34 85 73 55 72 72 75 25 97 27 29 65 14 43 67 62 67 91 97 22 81 59 49 34 43 58 37 72 18 81 55 47 83 91 28 77 41 81 36 56 94 33 74 89 32 57 97 33 98 99 64 57 24 71 38 54 95 54 91 87 95 11
60 35 20 98 16 23 54 69 83 32 18 83 57 61 46 43 74 64 17 66 68 20 15 37 65 17 36 18 88 61 92 94 37 99 95 82 0 15 66 32 36 17 69 66 99 90 80 32 18 88 58 45 81 94 43 28 69 44 30 63 42 86 24 81 10 40 78 47 46 87 57 84 72 94 13 90 32 59 85 97 78 57 15 21 41 29 99 94 39 65 60 91 51 71 68 69 25 45 20 80 49 84 65 87 84
50 80 64 82 40 97 75 88 15 27 33 16 74 63 94 35 14 72 72 15 57 63 94 90 28 99 29 63 62 36 93 55 89 28 56 52 15 0 28 84 62 76 46 90 64 78 75 22 42 47 51 66 15 75 48 70 76 91 58 72 48 41 81 14 95 79 90 58 13 30 14 39 95 25 31 72 60 57 49 84 74 97 65 25 19 18 86 20 20 27 66 26 95 79 20 86 68 30 32 17 56 34 55 88 34
79 41 46 27 92 68 94 65 37 36 43 67 52 66 88 29 18 47 32 37 53 22 85 81 38 48 66 37 41 44 41 20 62 92 25 45 66 28 0 44 34 49 15 12 67 65 22 27 42 33 72 62 57 29 39 16 44 76 43 46 64 32 76 75 98 24 74 40 22 57 88 99 98 28 89 83 97 43 56 48 62 69 36 43 14 85 84 34 42 43 70 18 99 66 75 92 53 96 63 56 34 80 26 80 96
61 61 68 40 36 90 54 77 83 19 13 79 52 83 62 33 82 48 88 34 84 60 81 50 87 74 47 26 71 11 23 47 63 61 77 15 32 84 44 0 51 39 47 67 92 63 98 55 15 52 97 22 89 53 94 80 21 16 59 17 12 15 82 86 44 49 11 59 23 42 15 73 80 95 43 41 54 30 49 59 57 90 46 10 56 60 70 42 44 84 23 46 47 79 43 75 46 85 41 25 67 82 22 81 95
24 80 85 45 80 74 98 49 99 52 34 86 87 45 81 18 60 57 40 92 60 23 38 53 27 42 54 46 98 76 65 36 59 94 33 63 36 62 34 51 0 85 28 10 71 38 44 62 35 89 71 70 50 22 77 78 21 56 94 98 41 42 33 94 66 23 46 29 12 71 47 92 95 68 12 85 70 96 75 56 52 32 45 52 55 11 99 25 35 29 75 72 60 49 49 43 66 91 39 53 39 38 87 36 97
33 57 28 77 93 67 27 20 11 58 35 96 76 74 82 12 36 91 15 79 12 67 92 57 21 78 48 92 77 16 37 70 57 20 97 28 17 76 49 39 85 0 83 80 96 50 22 54 60 31 29 64 49 53 24 41 23 24 56 29 31 58 74 51 47 53 41 72 29 77 80 30 20 24 12 55 23 30 30 13 28 61 61 16 67 46 45 54 36 26 73 26 55 44 73 32 37 90 55 63 16 24 75 90 64
19 55 17 21 76 33 36 26 58 73 18 21 64 87 61 37 30 20 95 52 71 20 22 93 28 15 76 55 26 70 34 51 99 81 50 26 69 46 15 47 28 83 0 80 38 23 59 20 32 64 46 41 83 31 29 67 39 26 76 10 51 97 64 52 34 41 91 61 13 99 59 21 93 49 57 62 80 27 83 68 83 60 35 23 50 81 82 13 60 44 16 24 11 12 23 23 33 57 36 26 16 31 24 96 62
78 43 82 16 19 12 21 48 77 92 51 60 88 52 37 49 38 47 68 95 67 61 15 90 35 88 16 71 56 43 69 90 41 51 46 34 66 90 12 67 10 80 80 0 92 66 65 41 83 88 30 42 99 60 30 87 39 96 54 14 90 56 15 51 36 58 21 18 73 72 40 69 83 19 52 25 10 81 99 81 23 87 33 48 82 87 80 15 97 99 74 97 21 38 53 75 12 52 75 98 61 56 96 70 96
23 71 80 52 99 80 41 83 11 15 23 62 13 27 74 49 14 82 53 93 90 34 38 49 74 73 62 13 20 61 65 82 33 62 91 85 99 64 67 92 71 96 38 92 0 60 60 98 74 58 33 56 89 25 34 27 23 69 77 87 64 47 51 21 56 91 24 90 63 90 75 90 10 19 27 20 33 33 93 52 90 50 78 28 20 88 41 17 12 85 37 98 82 15 35 17 27 53 99 48 26 32 45 72 17
96 17 19 94 89 80 53 62 81 98 85 72 21 53 57 53 64 39 29 14 66 25 43 28 36 68 95 75 35 56 42 86 94 31 27 73 90 78 65 63 38 50 23 66 60 0 32 12 44 57 60 95 79 28 87 68 52 52 82 41 11 22 46 74 39 41 98 79 85 27 44 17 88 28 29 97 63 38 33 39 70 80 33 26 92 41 52 11 78 30 57 65 74 88 39 11 84 81 44 73 38 59 22 68 74
50 93 11 69 52 15 99 71 61 68 37 81 34 31 62 18 33 68 51 96 90 67 12 48 25 60 25 30 86 80 46 63 59 60 74 55 80 75 22 98 44 22 59 65 60 32 0 31 36 39 10 76 90 96 68 77 34 83 20 32 13 90 51 13 41 22 64 10 31 35 66 24 46 79 17 38 80 98 11 62 42 87 39 86 90 77 45 94 92 27 80 95 20 22 45 81 77 72 70 79 31 31 70 21 75
25 79 82 48 41 30 54 57 82 56 33 87 82 51 36 96 21 12 33 93 77 10 12 80 51 48 43 71 95 68 93 77 60 32 34 72 32 22 27 55 62 54 20 41 98 12 31 0 99 92 86 21 35 73 20 83 36 55 97 85 79 34 39 59 49 13 93 93 52 90 45 66 60 82 48 59 65 22 14 43 73 59 71 50 46 23 79 77 65 37 47 41 19 83 69 54 50 43 80 77 70 93 27 24 82
36 25 67 61 40 79 59 18 49 84 59 26 32 57 21 16 89 98 38 10 43 89 42 30 20 51 22 23 88 24 37 13 38 30 97 72 18 42 42 15 35 60 32 83 74 44 36 99 0 11 97 25 92 50 61 13 94 47 76 72 28 28 34 14 22 70 63 84 97 79 69 29 14 66 86 91 32 94 37 81 56 21 92 25 50 39 48 68 97 72 14 46 61 81 36 66 78 56 83 71 27 50 40 30 20
14 21 17 71 74 92 19 17 17 54 29 48 29 71 88 51 48 55 33 74 15 43 15 75 75 95 38 28 65 52 82 91 37 57 83 75 88 47 33 52 89 31 64 88 58 57 39 92 11 0 63 27 53 66 65 55 72 88 79 82 60 97 24 20 77 20 53 95 48 22 52 20 62 68 14 26 52 40 92 56 10 62 39 28 38 53 25 89 80 88 36 16 21 62 35 99 67 60 74 89 57 55 24 22 68
38 20 60 44 54 95 12 32 93 98 97 43 46 93 52 11 65 12 56 97 92 47 41 76 94 82 93 93 12 71 82 77 72 16 61 25 58 51 72 97 71 29 46 30 33 60 10 86 97 63 0 76 18 86 88 82 82 64 34 53 70 44 39 73 36 42 78 70 29 28 56 62 94 82 70 96 27 41 62 33 51 71 48 96 89 94 99 47 73 35 66 12 79 15 77 90 70 28 47 25 43 96 49 82 97
43 79 25 43 50 84 82 68 34 51 96 51 43 93 25 19 26 45 46 58 83 43 42 58 88 49 96 18 51 28 93 41 86 74 26 97 45 66 62 22 70 64 41 42 56 95 76 21 25 27 76 0 75 31 42 85 38 98 56 62 57 48 63 55 86 51 17 86 61 47 77 86 45 65 16 43 20 81 36 58 43 35 53 99 85 48 70 37 47 20 33 65 32 18 53 42 58 85 31 78 17 62 75 59 40
63 57 97 20 31 65 17 50 91 84 83 33 81 45 25 41 44 79 43 52 78 58 42 53 58 57 39 60 41 40 38 34 37 75 77 27 81 15 57 89 50 49 83 99 89 79 90 35 92 53 18 75 0 10 86 50 24 36 26 36 89 12 69 60 27 52 98 99 59 65 48 62 37 41 55 41 84 95 77 86 88 22 41 50 85 87 30 81 75 41 39 70 54 40 76 22 90 11 73 10 80 29 63 46 81
65 74 19 74 39 37 46 32 11 90 26 38 82 85 30 25 15 69 81 18 16 30 97 65 18 68 73 46 50 95 27 88 54 52 30 29 94 75 29 53 22 53 31 60 25 28 96 73 50 66 86 31 10 0 39 78 96 30 69 75 21 19 84 38 88 12 33 60 45 86 70 66 63 10 32 93 54 61 40 98 49 85 89 35 56 79 47 81 23 92 13 65 66 28 95 83 47 47 23 73 22 23 48 84 73
44 34 23 76 99 38 51 64 77 40 16 29 87 21 13 82 43 28 14 62 91 84 76 44 87 96 54 25 57 15 56 49 53 89 37 65 43 48 39 94 77 24 29 30 34 87 68 20 61 65 88 42 86 39 0 75 59 40 97 13 76 55 56 56 33 20 66 55 69 93 14 71 67 85 80 37 21 57 46 34 88 90 30 18 44 30 11 95 25 92 96 84 37 43 24 58 15 21 32 19 57 45 85 81 53
85 43 50 66 85 32 97 55 33 53 61 76 16 79 32 91 84 47 58 83 78 64 25 10 52 97 73 12 42 69 81 19 51 70 51 14 28 70 16 80 78 41 67 87 27 68 77 83 13 55 82 85 50 78 75 0 11 98 99 42 68 54 62 63 99 30 64 80 45 92 76 52 80 85 48 39 72 88 44 62 10 53 60 82 71 17 42 56 63 40 18 43 51 52 36 81 52 62 82 92 59 68 13 44 16
80 38 84 25 97 74 68 18 65 90 11 58 12 17 81 69 95 93 44 33 75 64 38 94 72 12 53 14 65 31 71 42 18 21 27 43 69 76 44 21 21 23 39 39 23 52 34 36 94 72 82 38 24 96 59 11 0 30 46 18 50 16 48 17 65 84 34 99 86 93 69 98 17 86 34 68 78 85 78 91 42 89 25 28 15 52 92 57 66 60 31 84 38 38 19 63 37 43 45 55 66 31 28 25 44
73 48 91 23 50 93 55 48 96 79 76 29 50 99 81 84 86 54 64 94 80 71 48 39 57 22 41 48 83 23 74 50 19 72 97 67 44 91 76 16 56 24 26 96 69 52 83 55 47 88 64 98 36 30 40 98 30 0 40 78 80 61 13 95 81 98 73 27 10 80 76 49 53 91 79 56 46 97 23 45 64 41 98 51 79 55 76 34 28 49 74 68 98 19 88 94 86 73 98 32 42 36 51 17 14
94 45 68 79 81 87 93 58 65 82 64 47 83 89 76 51 99 77 33 68 56 98 19 69 66 71 50 30 98 49 41 14 43 28 53 62 30 58 43 59 94 56 76 54 77 82 20 97 76 79 34 56 26 69 97 99 46 40 0 91 99 30 65 49 10 73 63 84 19 89 84 53 52 10 57 41 50 44 91 24 41 44 55 90 48 26 49 25 71 82 29 67 28 91 75 34 92 72 60 76 90 98 29 25 18
20 93 26 48 19 22 94 95 49 82 82 34 93 64 91 88 39 78 87 57 66 45 64 11 92 16 60 63 43 64 88 14 92 31 95 67 63 72 46 17 98 29 10 14 87 41 32 85 72 82 53 62 36 75 13 42 18 78 91 0 38 61 24 65 17 40 33 15 25 11 84 81 57 32 51 92 26 22 62 58 99 15 47 24 77 37 97 71 90 60 91 52 32 53 90 84 39 86 89 80 66 64 32 91 91
54 66 14 82 12 84 71 63 78 65 69 21 51 60 66 24 15 57 68 49 34 70 83 31 80 72 73 86 15 13 81 61 77 80 66 91 42 48 64 12 41 31 51 90 64 11 13 79 28 60 70 57 89 21 76 68 50 80 99 38 0 86 77 20 43 16 16 92 63 30 27 77 99 27 87 49 96 61 27 22 41 50 25 30 53 43 14 64 64 14 42 74 66 73 24 57 68 69 38 16 16 74 77 61 21
13 25 21 31 61 58 69 65 51 45 35 98 18 86 67 10 63 33 97 35 48 93 90 72 97 85 37 41 19 43 73 93 84 66 11 97 86 41 32 15 42 58 97 56 47 22 90 34 28 97 44 48 12 19 55 54 16 61 30 61 86 0 24 89 89 24 16 86 96 78 12 71 86 72 21 85 92 16 75 12 61 84 52 78 42 52 92 91 84 92 96 60 31 72 41 82 38 77 41 60 37 20 47 90 24
44 72 60 21 63 78 52 52 94 94 34 49 95 47 75 64 51 72 35 47 55 88 93 15 58 67 85 54 81 14 69 83 28 85 11 22 24 81 76 82 33 74 64 15 51 46 51 39 34 24 39 63 69 84 56 62 48 13 65 24 77 24 0 50 59 57 82 77 17 39 24 46 26 18 74 82 61 33 22 25 98 19 21 92 24 57 88 59 49 76 15 24 93 99 30 94 36 18 15 16 81 93 28 98 37
75 49 33 17 25 97 49 69 99 78 71 65 66 27 12 56 85 48 73 59 64 40 33 10 33 28 63 13 82 75 72 11 30 27 35 81 81 14 75 86 94 51 52 51 21 74 13 59 14 20 73 55 60 38 56 63 17 95 49 65 20 89 50 0 77 56 32 70 41 11 87 84 10 22 22 98 28 20 28 24 35 90 13 47 89 70 32 19 92 89 47 21 45 96 67 24 66 81 46 83 58 99 60 84 56
84 37 31 47 48 18 83 12 32 53 46 57 45 41 35 37 72 49 23 90 67 10 86 77 15 34 59 91 52 24 92 41 38 75 39 59 10 95 98 44 66 47 34 36 56 39 41 49 22 77 36 86 27 88 33 99 65 81 10 17 43 89 59 77 0 45 23 25 88 37 65 98 60 35 23 78 86 77 80 15 21 77 94 60 64 95 83 23 52 18 85 68 60 15 82 56 19 97 95 47 67 45 17 28 79
44 42 69 75 16 47 35 48 66 66 53 40 88 67 21 73 71 85 68 58 12 67 23 48 89 97 96 90 73 79 43 12 11 57 71 49 40 79 24 49 23 53 41 58 91 41 22 13 70 20 42 51 52 12 20 30 84 98 73 40 16 24 57 56 45 0 16 41 87 49 30 84 99 66 45 13 84 44 27 68 82 84 23 75 28 58 53 76 37 34 30 33 46 96 67 34 57 50 17 43 93 34 47 26 91
56 50 29 11 81 32 24 76 95 46 64 16 78 87 51 62 99 88 55 27 12 39 35 84 27 82 77 29 20 76 12 97 21 59 16 34 78 90 74 11 46 41 91 21 24 98 64 93 63 53 78 17 98 33 66 64 34 73 63 33 16 16 82 32 23 16 0 58 27 74 33 54 87 60 51 28 97 46 88 35 18 61 93 47 71 37 10 24 58 14 16 82 73 88 85 85 69 95 59 58 78 49 14 17 36
69 26 55 63 22 84 25 71 37 55 43 48 47 84 85 56 46 45 77 38 73 66 73 70 92 58 65 92 70 41 85 58 61 36 30 43 47 58 40 59 29 72 61 18 90 79 10 93 84 95 70 86 99 60 55 80 99 27 84 15 92 86 77 70 25 41 58 0 63 55 25 72 27 86 37 77 85 34 38 54 37 44 63 18 73 42 20 98 89 34 36 61 43 91 19 66 47 39 44 18 16 50 25 87 88
42 24 95 64 22 25 83 79 91 99 12 62 95 43 31 16 19 99 13 26 42 28 45 56 95 57 33 36 83 24 83 64 50 93 66 58 46 13 22 23 12 29 13 73 63 85 31 52 97 48 29 61 59 45 69 45 86 10 19 25 63 96 17 41 88 87 27 63 0 10 35 40 15 98 54 55 61 18 46 19 96 45 52 64 66 50 40 22 82 19 21 80 24 50 34 61 27 82 26 60 33 40 15 46 20
74 73 20 60 32 34 91 46 25 47 38 82 36 45 47 77 89 26 61 20 26 44 73 84 45 10 46 74 97 98 35 84 11 25 64 37 87 30 57 42 71 77 99 72 90 27 35 90 79 22 28 47 65 86 93 92 93 80 89 11 30 78 39 11 37 49 74 55 10 0 70 25 95 35 85 73 35 29 33 38 42 50 42 46 92 17 66 59 20 10 66 32 99 38 61 46 51 78 58 40 92 21 24 41 38
52 76 79 87 14 22 15 68 35 50 19 68 46 12 57 53 40 44 19 35 45 56 58 51 36 14 54 25 67 87 19 68 52 36 67 72 57 14 88 15 47 80 59 40 75 44 66 45 69 52 56 77 48 70 14 76 69 76 84 84 27 12 24 87 65 30 33 25 35 70 0 89 45 71 67 63 89 99 23 86 89 76 30 77 67 36 56 13 26 75 65 27 27 36 69 57 38 96 41 57 26 21 96 27 74
52 60 61 11 16 55 65 57 86 41 93 38 69 16 90 92 51 46 65 48 60 19 50 10 71 14 93 51 10 42 13 34 21 81 80 18 84 39 99 73 92 30 21 69 90 17 24 66 29 20 62 86 62 66 71 52 98 49 53 81 77 71 46 84 98 84 54 72 40 25 89 0 42 98 69 66 77 60 76 57 83 95 60 33 94 82 11 27 80 37 42 96 83 10 75 35 95 76 56 38 50 74 20 65 60
44 33 94 61 91 65 82 86 92 44 23 92 70 72 79 44 40 35 50 81 27 74 19 40 91 95 56 80 25 96 87 58 39 94 12 81 72 95 98 80 95 20 93 83 10 88 46 60 14 62 94 45 37 63 67 80 17 53 52 57 99 86 26 10 60 99 87 27 15 95 45 42 0 32 98 89 65 98 55 79 53 16 83 58 36 10 66 26 87 19 32 59 28 54 72 37 89 13 28 75 72 25 83 23 16
73 94 15 46 68 25 60 76 86 32 56 55 66 39 65 91 11 85 13 68 70 37 15 66 35 42 30 10 20 40 97 72 43 94 44 55 94 25 28 95 68 24 49 19 19 28 79 82 66 68 82 65 41 10 85 85 86 91 10 32 27 72 18 22 35 66 60 86 98 35 71 98 32 0 90 55 22 16 88 30 77 47 31 25 44 52 67 24 13 95 17 41 53 35 35 27 94 15 55 83 85 32 55 21 63
15 97 99 95 98 94 52 45 47 91 38 60 16 19 12 63 34 72 37 33 66 65 41 95 41 30 76 95 51 56 47 70 70 20 92 47 13 31 89 43 12 12 57 52 27 29 17 48 86 14 70 16 55 32 80 48 34 79 57 51 87 21 74 22 23 45 51 37 54 85 67 69 98 90 0 87 78 28 55 27 65 52 64 71 21 87 30 56 91 13 85 27 27 88 55 60 68 99 81 49 98 59 58 50 90
37 38 65 25 11 11 73 37 44 73 45 97 49 77 84 79 69 95 69 50 16 45 40 66 98 43 17 85 13 75 62 33 40 17 78 83 90 72 83 41 85 55 62 25 20 97 38 59 91 26 96 43 41 93 37 39 68 56 41 92 49 85 82 98 78 13 28 77 55 73 63 66 89 55 87 0 56 62 94 47 80 28 46 27 95 12 68 29 48 82 42 59 77 72 41 88 11 31 27 38 75 52 24 73 23
80 61 20 19 73 89 96 79 37 99 18 97 67 25 27 88 99 24 12 14 89 75 80 23 82 28 31 10 91 74 38 63 55 61 84 91 32 60 97 54 70 23 80 10 33 63 80 65 32 52 27 20 84 54 21 72 78 46 50 26 96 92 61 28 86 84 97 85 61 35 89 77 65 22 78 56 0 35 73 24 50 11 16 11 74 59 86 31 75 11 83 72 30 82 43 74 68 69 67 29 32 93 12 15 43
29 58 94 49 63 25 23 50 19 33 50 22 47 68 15 58 67 55 74 10 50 66 80 76 92 38 19 57 96 47 75 42 88 29 41 28 59 57 43 30 96 30 27 81 33 38 98 22 94 40 41 81 95 61 57 88 85 97 44 22 61 16 33 20 77 44 46 34 18 29 99 60 98 16 28 62 35 0 96 64 62 94 28 36 14 50 13 21 89 57 96 52 30 16 16 63 67 42 85 24 25 76 94 36 45
55 38 91 64 85 25 96 88 51 37 68 71 72 81 93 40 20 41 11 92 43 10 59 14 78 72 88 80 43 55 44 51 22 87 94 77 85 49 56 49 75 30 83 99 93 33 11 14 37 92 62 36 77 40 46 44 78 23 91 62 27 75 22 28 80 27 88 38 46 33 23 76 55 88 55 94 73 96 0 42 74 89 72 40 46 47 93 18 93 46 38 60 37 44 85 47 12 86 46 94 93 44 90 31 15
54 35 93 63 99 45 73 62 95 67 24 55 72 53 80 29 25 76 88 30 54 60 25 29 16 31 80 81 21 16 85 43 43 39 47 41 97 84 48 59 56 13 68 81 52 39 62 43 81 56 33 58 86 98 34 62 91 45 24 58 22 12 25 24 15 68 35 54 19 38 86 57 79 30 27 47 24 64 42 0 82 17 66 97 97 49 45 25 11 57 69 70 84 44 42 41 66 63 54 29 71 46 58 75 70
92 41 97 20 63 11 81 70 26 84 98 54 73 73 43 44 21 47 46 56 59 65 44 52 42 24 42 58 74 24 63 28 69 19 84 81 78 74 62 57 52 28 83 23 90 70 42 73 56 10 51 43 88 49 88 10 42 64 41 99 41 61 98 35 21 82 18 37 96 42 89 83 53 77 65 80 50 62 74 82 0 76 85 60 96 94 89 44 97 87 49 70 38 42 10 64 84 51 34 25 10 41 14 73 80
75 86 89 51 31 95 43 49 96 27 15 79 62 83 83 66 58 80 61 35 35 94 49 62 67 26 44 38 34 34 29 34 13 68 76 36 57 97 69 90 32 61 60 87 50 80 87 59 21 62 71 35 22 85 90 53 89 41 44 15 50 84 19 90 77 84 61 44 45 50 76 95 16 47 52 28 11 94 89 17 76 0 10 48 19 21 48 14 71 18 70 47 69 58 89 50 19 22 97 51 68 85 30 62 70
82 87 87 26 13 60 92 60 24 98 34 50 19 22 95 71 82 11 69 19 39 57 78 14 90 85 23 93 74 99 72 40 71 82 88 56 15 65 36 46 45 61 35 33 78 33 39 71 92 39 48 53 41 89 30 60 25 98 55 47 25 52 21 13 94 23 93 63 52 42 30 60 83 31 64 46 16 28 72 66 85 10 0 46 77 29 62 69 47 91 68 16 20 77 86 45 24 90 83 37 32 21 37 30 11
41 92 74 42 61 79 20 94 53 13 34 20 77 28 85 11 83 11 22 43 20 15 33 91 65 72 91 12 38 29 27 42 67 30 57 94 21 25 43 10 52 16 23 48 28 26 86 50 25 28 96 99 50 35 18 82 28 51 90 24 30 78 92 47 60 75 47 18 64 46 77 33 58 25 71 27 11 36 40 97 60 48 46 0 67 66 89 72 34 22 88 64 69 82 93 47 49 70 33 49 14 12 58 29 18
63 99 90 91 31 86 11 45 94 41 69 72 36 16 75 29 12 16 35 18 48 57 33 31 38 29 65 55 55 18 42 68 66 32 40 33 41 19 14 56 55 67 50 82 20 92 90 46 50 38 89 85 85 56 44 71 15 79 48 77 53 42 24 89 64 28 71 73 66 92 67 94 36 44 21 95 74 14 46 97 96 19 77 67 0 31 38 12 35 22 34 52 82 43 60 77 70 58 59 95 73 77 89 30 86
73 26 69 82 82 39 20 55 98 94 58 78 89 24 59 57 45 67 45 79 69 39 86 39 53 31 52 77 43 60 56 28 63 43 28 74 29 18 85 60 11 46 81 87 88 41 77 23 39 53 94 48 87 79 30 17 52 55 26 37 43 52 57 70 95 58 37 42 50 17 36 82 10 52 87 12 59 50 47 49 94 21 29 66 31 0 20 88 86 27 51 33 34 31 68 12 39 87 22 17 87 46 39 88 47
95 84 93 23 79 86 78 38 52 30 48 85 46 25 75 99 90 86 59 12 73 69 14 96 59 40 43 45 67 97 73 85 36 19 94 89 99 86 84 70 99 45 82 80 41 52 45 79 48 25 99 70 30 47 11 42 92 76 49 97 14 92 88 32 83 53 10 20 40 66 56 11 66 67 30 68 86 13 93 45 89 48 62 89 38 20 0 68 45 63 20 77 78 49 63 63 50 16 33 86 89 70 17 84 88
59 80 23 70 68 84 34 15 79 78 42 62 29 98 81 40 46 71 99 52 94 70 73 15 74 87 17 38 97 44 85 55 83 95 52 32 94 20 34 42 25 54 13 15 17 11 94 77 68 89 47 37 81 81 95 56 57 34 25 71 64 91 59 19 23 76 24 98 22 59 13 27 26 24 56 29 31 21 18 25 44 14 69 72 12 88 68 0 20 41 23 94 74 11 66 46 39 62 81 17 41 31 24 66 79
19 79 34 42 21 83 85 37 68 21 53 77 81 63 72 30 55 57 11 64 85 54 36 80 37 72 27 94 52 74 92 76 13 51 12 57 39 20 42 44 35 36 60 97 12 78 92 65 97 80 73 47 75 23 25 63 66 28 71 90 64 84 49 92 52 37 58 89 82 20 26 80 87 13 91 48 75 89 93 11 97 71 47 34 35 86 45 20 0 92 33 29 68 59 93 50 38 82 58 28 23 96 45 73 82
26 89 39 71 69 85 61 98 95 90 67 69 51 90 71 87 10 14 10 99 38 84 81 45 49 97 56 72 74 36 13 51 28 27 21 97 65 27 43 84 29 26 44 99 85 30 27 37 72 88 35 20 41 92 92 40 60 49 82 60 14 92 76 89 18 34 14 34 19 10 75 37 19 95 13 82 11 57 46 57 87 18 91 22 22 27 63 41 92 0 22 24 84 24 25 30 86 43 99 73 91 53 73 84 52
47 39 61 93 45 15 18 58 23 52 24 45 59 84 16 64 50 90 62 41 75 50 62 53 53 23 15 60 26 30 74 67 18 81 35 33 60 66 70 23 75 73 16 74 37 57 80 47 14 36 66 33 39 13 96 18 31 74 29 91 42 96 15 47 85 30 16 36 21 66 65 42 32 17 85 42 83 96 38 69 49 70 68 88 34 51 20 23 33 22 0 60 55 96 42 43 52 65 43 55 24 47 36 78 56
71 30 33 29 74 19 46 49 55 68 92 87 79 55 63 62 43 49 24 46 16 34 82 76 71 56 99 42 78 27 46 50 56 43 83 98 91 26 18 46 72 26 24 97 98 65 95 41 46 16 12 65 70 65 84 43 84 68 67 52 74 60 24 21 68 33 82 61 80 32 27 96 59 41 27 59 72 52 60 70 70 47 16 64 52 33 77 94 29 24 60 0 13 27 26 78 86 62 86 50 11 83 44 99 49
32 32 36 65 18 53 37 19 63 66 21 64 82 34 42 72 22 34 50 69 29 92 93 41 76 61 45 67 90 65 86 24 69 98 35 99 51 95 99 47 60 55 11 21 82 74 20 19 61 21 79 32 54 66 37 51 38 98 28 32 66 31 93 45 60 46 73 43 24 99 27 83 28 53 27 77 30 30 37 84 38 69 20 69 82 34 78 74 68 84 55 13 0 77 53 25 84 18 65 98 79 99 26 92 11
41 97 28 37 93 27 84 19 35 66 35 79 19 57 79 41 10 73 76 37 61 84 87 39 20 31 18 21 77 59 71 90 90 38 91 64 71 79 66 79 49 44 12 38 15 88 22 83 81 62 15 18 40 28 43 52 38 19 91 53 73 72 99 96 15 96 88 91 50 38 36 10 54 35 88 72 82 16 44 44 42 58 77 82 43 31 49 11 59 24 96 27 77 0 37 39 50 20 62 28 70 75 24 73 54
67 69 32 55 52 23 12 60 66 51 80 68 33 95 78 63 13 92 82 11 33 26 18 45 80 68 10 60 95 83 58 94 43 73 45 57 68 20 75 43 49 73 23 53 35 39 45 69 36 35 77 53 76 95 24 36 19 88 75 90 24 41 30 67 82 67 85 19 34 61 69 75 72 35 55 41 43 16 85 42 10 89 86 93 60 68 63 66 93 25 42 26 53 37 0 84 13 53 54 21 26 43 65 55 55
41 64 20 97 91 15 87 33 57 31 88 76 45 25 91 50 38 71 78 50 61 53 95 86 62 72 81 26 91 96 42 15 88 62 84 24 69 86 92 75 43 32 23 75 17 11 81 54 66 99 90 42 22 83 58 81 63 94 34 84 57 82 94 24 56 34 85 66 61 46 57 35 37 27 60 88 74 63 47 41 64 50 45 47 77 12 63 46 50 30 43 78 25 39 84 0 77 85 87 24 12 36 96 70 64
42 77 37 90 77 47 63 83 62 42 63 83 57 37 80 17 34 72 66 45 22 72 44 97 69 96 74 95 11 47 78 99 55 69 33 71 25 68 53 46 66 37 33 12 27 84 77 50 78 67 70 58 90 47 15 52 37 86 92 39 68 38 36 66 19 57 69 47 27 51 38 95 89 94 68 11 68 67 12 66 84 19 24 49 70 39 50 39 38 86 52 86 84 50 13 77 0 67 65 50 24 16 75 49 97
64 35 95 94 75 12 21 27 67 24 20 95 63 80 75 72 29 61 78 82 92 43 11 14 60 41 58 13 13 79 22 97 69 52 35 38 45 30 96 85 91 90 57 52 53 81 72 43 56 60 28 85 11 47 21 62 43 73 72 86 69 77 18 81 97 50 95 39 82 78 96 76 13 15 99 31 69 42 86 63 51 22 90 70 58 87 16 62 82 43 65 62 18 20 53 85 67 0 32 67 51 10 66 94 46
15 73 86 71 10 86 28 94 74 36 21 59 99 88 98 30 51 39 69 37 74 78 53 73 30 17 68 19 31 10 70 12 44 95 76 54 20 32 63 41 39 55 36 75 99 44 70 80 83 74 47 31 73 23 32 82 45 98 60 89 38 41 15 46 95 17 59 44 26 58 41 56 28 55 81 27 67 85 46 54 34 97 83 33 59 22 33 81 58 99 43 86 65 62 54 87 65 32 0 18 88 95 60 21 15
68 96 86 14 30 67 83 59 39 48 28 73 36 56 63 75 74 29 23 33 42 12 14 32 18 14 52 60 29 15 49 76 10 65 89 95 80 17 56 25 53 63 26 98 48 73 79 77 71 89 25 78 10 73 19 92 55 32 76 80 16 60 16 83 47 43 58 18 60 40 57 38 75 83 49 38 29 24 94 29 25 51 37 49 95 17 86 17 28 73 55 50 98 28 21 24 50 67 18 0 57 24 76 87 59
82 57 74 11 96 69 29 40 47 37 45 66 21 73 74 71 24 21 26 16 35 24 53 31 83 32 53 11 40 79 51 60 73 20 33 54 49 56 34 67 39 16 16 61 26 38 31 70 27 57 43 17 80 22 57 59 66 42 90 66 16 37 81 58 67 93 78 16 33 92 26 50 72 85 98 75 32 25 93 71 10 68 32 14 73 87 89 41 23 91 24 11 79 70 26 12 24 51 88 57 0 71 74 46 93
37 91 86 77 11 93 58 41 24 78 10 35 68 97 94 34 46 47 54 58 60 66 36 90 72 51 50 18 48 90 63 86 65 15 20 91 84 34 80 82 38 24 31 56 32 59 31 93 50 55 96 62 29 23 45 68 31 36 98 64 74 20 93 99 45 34 49 50 40 21 21 74 25 32 59 52 93 76 44 46 41 85 21 12 77 46 70 31 96 53 47 83 99 75 43 36 16 10 95 24 71 0 11 44 33
69 43 26 71 58 47 33 67 93 57 97 90 72 67 94 31 68 80 51 24 60 17 66 20 71 43 61 29 34 15 44 80 97 93 94 87 65 55 26 22 87 75 24 96 45 22 70 27 40 24 49 75 63 48 85 13 28 51 29 32 77 47 28 60 17 47 14 25 15 24 96 20 83 55 58 24 12 94 90 58 14 30 37 58 89 39 17 24 45 73 36 44 26 24 65 96 75 66 60 76 74 11 0 12 98
93 59 23 59 67 38 21 14 45 69 99 76 50 66 29 40 90 64 24 65 54 44 69 50 51 15 40 34 88 26 38 68 66 65 82 95 87 88 80 81 36 90 96 70 72 68 21 24 30 22 82 59 46 84 81 44 25 17 25 91 61 90 98 84 28 26 17 87 46 41 27 65 23 21 50 73 15 36 31 75 73 62 30 29 30 88 84 66 73 84 78 99 92 73 55 70 49 94 21 87 46 44 12 0 81
53 27 67 61 85 79 54 82 97 93 43 88 87 76 77 49 63 85 10 60 96 30 14 30 89 53 51 37 64 56 18 95 69 74 43 11 84 34 96 95 97 64 62 96 17 74 75 82 20 68 97 40 81 73 53 16 44 14 18 91 21 24 37 56 79 91 36 88 20 38 74 60 16 63 90 23 43 45 15 70 80 70 11 18 86 47 88 79 82 52 56 49 11 54 55 64 97 46 15 59 93 33 98 81 0