95
0 52 28 53 13 89 99 95 22 93 26 62 64 49 48 41 79 25 50 86 36 64 98 83 27 93 34 52 88 13 43 96 72 64 12 71 49 58 29 10 39 14 64 53 64 68 81 28 61 10 20 39 97 26 69 51 34 80 26 91 74 43 86 44 85 27 55 64 65 73 76 63 15 26 71 12 70 82 38 37 17 90 30 66 69 41 31 26 78 56 31 28 65 45 68
52 0 70 30 47 44 92 15 75 63 19 82 44 81 70 56 41 50 68 79 62 36 14 25 76 77 55 39 78 97 51 97 48 64 82 97 17 55 35 21 72 11 47 31 15 48 54 99 67 10 98 19 35 77 29 84 25 87 34 80 40 79 63 49 58 73 18 28 10 72 17 38 51 40 64 41 37 89 52 10 22 61 33 93 26 63 67 86 19 53 41 59 36 40 11
28 70 0 85 73 56 71 91 19 51 97 37 88 84 54 16 43 42 96 17 75 74 67 82 81 97 65 90 23 95 46 47 63 88 51 42 61 62 85 37 97 51 59 94 31 47 87 25 89 57 97 67 98 66 87 29 28 28 27 71 97 87 76 53 13 56 92 95 65 92 57 66 59 23 19 87 87 70 60 16 36 89 93 86 10 95 72 58 74 81 53 87 99 35 32
53 30 85 0 13 15 42 76 25 64 92 23 84 15 53 51 17 82 74 81 56 52 47 21 33 23 37 48 94 98 26 32 49 88 69 57 82 79 50 10 23 29 18 83 34 11 93 61 24 37 26 11 27 76 66 79 83 56 11 81 63 26 46 38 83 54 48 40 66 74 60 43 45 54 90 43 16 61 13 96 60 82 75 20 94 39 12 75 19 57 44 91 77 44 80
13 47 73 13 0 84 86 65 92 43 29 12 95 25 14 84 71 58 51 64 87 90 46 61 44 60 88 59 49 18 76 55 40 33 81 93 34 25 18 33 43 55 15 83 48 46 84 90 19 25 28 42 34 87 34 87 27 21 45 48 40 50 95 33 45 90 74 94 11 84 29 14 80 92 54 41 18 62 57 26 85 78 70 70 26 69 61 84 27 94 47 25 59 39 30
89 44 56 15 84 0 84 21 43 13 60 86 58 45 75 15 69 56 80 12 16 26 80 10 74 96 74 30 23 19 75 11 30 49 92 77 48 91 79 98 76 63 93 31 79 37 39 84 56 29 12 88 40 88 36 75 99 74 61 40 48 98 85 66 91 23 41 75 67 59 11 77 79 69 97 81 65 54 29 88 37 91 28 50 78 71 45 69 41 17 59 52 98 76 18
99 92 71 42 86 84 0 38 76 69 97 81 62 41 22 38 87 65 23 77 15 50 38 68 64 53 85 38 47 96 82 93 86 41 40 68 60 84 62 34 40 71 39 54 53 88 34 62 49 13 82 85 34 24 59 10 18 46 33 49 51 81 97 76 87 71 74 35 74 53 21 45 90 80 41 90 57 87 40 11 10 86 83 28 10 68 10 92 34 75 94 39 63 10 39
95 15 91 76 65 21 38 0 70 90 65 44 26 57 17 94 42 50 72 37 42 65 14 19 59 52 96 14 38 50 81 91 24 57 84 23 85 16 18 81 48 90 83 84 70 14 45 91 73 62 48 67 50 14 73 53 72 54 86 55 62 71 14 36 47 42 76 13 37 35 86 98 71 13 18 61 87 37 21 32 89 88 86 90 30 72 88 81 63 49 44 78 65 59 77
22 75 19 25 92 43 76 70 0 94 81 90 35 46 52 82 72 63 88 63 43 64 94 26 89 73 14 39 66 17 74 43 29 85 44 95 73 22 64 60 67 94 58 78 22 65 45 45 21 89 67 93 19 65 27 68 96 38 76 97 47 68 57 55 19 41 77 96 44 62 73 29 92 36 66 16 65 28 36 54 29 39 71 13 23 31 24 70 25 20 50 35 20 28 59
93 63 51 64 43 13 69 90 94 0 35 73 73 60 14 64 72 61 46 38 49 94 56 78 81 82 77 62 12 17 57 71 64 36 97 63 33 58 34 35 57 34 61 16 94 79 99 15 14 54 53 41 20 86 93 51 34 73 21 52 46 35 15 24 29 88 78 83 26 67 55 40 12 33 75 41 82 92 87 98 27 62 85 26 39 69 44 69 37 89 80 32 88 14 46
26 19 97 92 29 60 97 65 81 35 0 50 73 57 58 68 73 45 49 69 70 43 44 58 35 91 58 76 58 42 86 28 35 85 47 24 68 31 94 10 99 55 82 15 44 91 70 67 24 95 93 74 31 73 93 24 74 83 22 34 34 52 60 44 37 86 35 64 45 67 85 19 16 11 79 93 91 25 12 11 98 75 46 10 84 82 26 30 41 46 95 84 14 92 73
62 82 37 23 12 86 81 44 90 73 50 0 44 39 22 18 28 10 35 13 58 11 20 85 76 61 37 14 12 30 48 43 59 23 51 32 31 82 94 61 46 44 31 60 49 83 14 20 88 55 70 86 51 73 67 88 89 10 58 70 26 68 12 18 65 65 61 97 76 10 31 16 93 76 22 59 87 48 78 63 50 32 51 10 14 32 66 38 16 63 79 94 22 59 45
64 44 88 84 95 58 62 26 35 73 73 44 0 88 34 69 91 16 45 94 96 72 95 57 80 48 94 86 28 24 69 70 45 38 13 92 77 50 76 67 40 24 95 94 10 87 66 21 33 35 44 65 27 52 34 38 77 55 31 39 23 15 17 35 55 59 84 87 50 52 26 97 38 80 60 46 26 81 63 40 40 61 47 63 92 73 49 58 50 51 52 66 85 82 32
49 81 84 15 25 45 41 57 46 60 57 39 88 0 99 35 41 99 89 60 19 38 21 14 79 80 53 37 32 57 16 90 25 47 83 17 16 17 86 59 48 87 86 63 74 19 85 23 79 77 18 20 22 52 41 55 77 50 47 32 68 27 65 53 82 75 63 37 83 15 15 71 75 41 96 37 22 66 92 63 10 89 24 54 30 50 95 68 25 80 15 37 90 97 69
48 70 54 53 14 75 22 17 52 14 58 22 34 99 0 63 56 99 87 34 80 10 53 72 77 63 83 43 46 20 19 28 32 48 26 57 10 34 13 16 11 37 91 31 44 10 45 33 54 98 91 49 32 81 87 98 55 36 85 60 52 73 10 71 68 91 23 60 93 47 45 11 69 77 22 76 34 85 12 65 22 37 80 32 26 79 59 41 26 65 77 66 92 91 78
41 56 16 51 84 15 38 94 82 64 68 18 69 35 63 0 15 72 16 30 60 31 98 87 80 76 11 75 26 66 31 97 19 98 83 76 31 93 31 22 92 96 22 59 88 52 28 20 14 30 31 89 38 40 10 56 33 95 92 56 44 40 96 45 36 60 25 25 35 64 22 35 70 21 10 90 41 40 48 66 21 12 88 72 73 30 82 39 99 98 30 35 16 89 39
79 41 43 17 71 69 87 42 72 72 73 28 91 41 56 15 0 41 72 54 97 67 32 24 92 16 32 75 20 76 15 41 40 40 19 17 26 56 11 50 79 30 97 37 60 30 90 62 44 48 47 59 39 92 39 13 47 75 50 66 50 31 47 15 17 45 59 52 17 43 33 17 38 39 45 94 61 22 37 12 92 70 93 20 66 44 62 75 45 57 76 94 31 98 21
25 50 42 82 58 56 65 50 63 61 45 10 16 99 99 72 41 0 40 44 89 99 12 68 39 73 54 63 95 13 98 26 75 74 18 14 44 46 99 50 74 50 67 27 22 39 86 77 27 64 65 28 60 78 28 70 14 52 30 16 92 58 89 75 30 24 93 48 32 61 72 26 66 99 78 18 13 85 61 57 76 58 85 65 53 63 82 51 15 12 30 90 89 15 25
50 68 96 74 51 80 23 72 88 46 49 35 45 89 87 16 72 40 0 13 98 77 21 26 35 99 21 45 88 23 59 20 87 26 49 39 40 12 49 73 58 34 52 42 95 74 83 65 38 67 86 80 43 96 77 79 36 94 24 75 21 88 86 73 86 15 78 60 30 78 72 58 68 31 78 40 91 69 42 41 20 77 80 27 15 56 38 88 85 19 93 34 45 99 53
86 79 17 81 64 12 77 37 63 38 69 13 94 60 34 30 54 44 13 0 65 63 85 65 73 75 26 49 93 58 27 61 91 78 47 70 54 66 95 48 40 46 26 11 99 72 16 70 12 46 52 35 24 87 13 52 16 91 67 34 36 59 86 23 82 98 99 83 65 73 92 25 21 42 15 17 68 37 80 57 54 30 99 19 81 29 32 58 79 63 88 60 88 84 89
36 62 75 56 87 16 15 42 43 49 70 58 96 19 80 60 97 89 98 65 0 22 31 64 74 28 94 79 52 73 34 31 95 58 42 87 19 69 69 15 75 50 61 74 68 24 61 99 59 71 57 21 88 36 63 68 83 16 61 48 42 50 29 55 32 58 36 46 36 67 89 29 36 55 43 19 28 67 82 76 10 48 17 82 58 43 57 17 30 54 79 28 83 94 53
64 36 74 52 90 26 50 65 64 94 43 11 72 38 10 31 67 99 77 63 22 0 75 83 71 10 95 58 31 92 41 87 14 14 52 98 56 62 45 54 15 39 40 56 59 85 58 69 16 70 22 64 48 74 15 67 40 73 11 80 89 74 13 57 71 18 12 28 17 63 53 66 80 28 18 30 82 91 25 47 25 31 44 54 33 68 99 55 52 92 90 14 85 11 33
98 14 67 47 46 80 38 14 94 56 44 20 95 21 53 98 32 12 21 85 31 75 0 74 36 74 43 41 67 51 51 41 10 21 66 69 85 30 90 79 22 11 95 16 87 77 48 80 37 24 16 44 89 23 76 26 18 46 54 12 31 38 27 11 21 19 27 37 85 33 85 52 46 31 86 33 22 90 43 89 20 34 61 97 89 36 11 99 67 32 17 26 35 37 40
83 25 82 21 61 10 68 19 26 78 58 85 57 14 72 87 24 68 26 65 64 83 74 0 39 93 98 44 48 59 34 54 89 43 52 15 47 86 56 96 77 62 43 71 96 29 63 91 25 29 20 33 10 58 15 67 69 83 33 22 41 33 69 20 43 98 85 19 80 58 54 66 93 50 98 61 39 77 12 10 54 69 79 82 85 86 26 66 25 67 69 20 90 77 13
27 76 81 33 44 74 64 59 89 81 35 76 80 79 77 80 92 39 35 73 74 71 36 39 0 99 77 26 96 57 19 79 96 54 87 15 79 68 83 59 84 63 63 35 44 41 51 49 12 64 84 48 82 74 62 76 52 57 31 40 73 84 34 68 82 83 34 21 85 47 55 55 78 24 64 35 64 24 19 46 42 89 68 97 28 44 73 64 27 58 38 62 61 24 64
93 77 97 23 60 96 53 52 73 82 91 61 48 80 63 76 16 73 99 75 28 10 74 93 99 0 17 64 56 81 27 17 86 63 70 50 39 25 61 14 23 18 61 63 97 55 54 28 76 95 75 11 43 25 52 94 27 95 66 94 59 37 37 52 45 20 80 72 28 11 81 52 93 67 86 14 24 58 73 74 70 37 89 73 84 71 46 52 88 81 69 92 78 89 11
34 55 65 37 88 74 85 96 14 77 58 37 94 53 83 11 32 54 21 26 94 95 43 98 77 17 0 16 19 19 70 79 64 43 52 92 15 68 10 83 32 89 14 26 60 13 60 29 54 30 86 62 10 99 90 68 48 44 87 14 43 29 55 39 49 16 91 41 29 69 71 78 29 16 66 41 85 58 71 20 59 67 48 82 38 88 46 38 87 18 81 92 66 55 64
52 39 90 48 59 30 38 14 39 62 76 14 86 37 43 75 75 63 45 49 79 58 41 44 26 64 16 0 73 32 58 50 90 40 33 94 83 12 88 32 35 92 77 86 63 25 90 54 74 81 44 22 15 40 71 91 40 86 17 87 63 27 23 83 31 41 49 12 33 12 12 57 35 47 75 78 67 58 65 83 42 39 21 78 12 26 20 43 68 70 43 66 28 10 76
88 78 23 94 49 23 47 38 66 12 58 12 28 32 46 26 20 95 88 93 52 31 67 48 96 56 19 73 0 30 39 25 13 70 12 96 64 87 98 87 59 37 22 87 17 66 79 59 87 79 29 97 43 17 48 60 90 61 46 94 17 71 62 29 32 59 97 45 27 82 80 69 25 26 25 95 62 83 82 85 26 54 49 32 87 54 84 82 34 69 39 33 57 39 67
13 97 95 98 18 19 96 50 17 17 42 30 24 57 20 66 76 13 23 58 73 92 51 59 57 81 19 32 30 0 50 25 95 32 40 90 40 26 34 23 34 95 47 72 51 42 10 13 34 26 72 94 81 56 83 76 73 99 12 29 11 98 61 55 56 52 51 98 55 77 39 57 88 81 96 96 50 30 34 58 58 53 56 71 31 78 13 89 19 94 95 47 51 21 80
43 51 46 26 76 75 82 81 74 57 86 48 69 16 19 31 15 98 59 27 34 41 51 34 19 27 70 58 39 50 0 17 60 15 71 54 58 96 91 94 95 87 30 37 61 29 54 25 12 76 68 10 42 99 73 87 86 87 75 50 23 51 92 22 36 95 18 59 48 59 33 99 94 51 36 14 12 83 75 79 62 28 45 55 48 36 85 37 17 37 28 75 97 44 84
96 97 47 32 55 11 93 91 43 71 28 43 70 90 28 97 41 26 20 61 31 87 41 54 79 17 79 50 25 25 17 0 55 11 79 56 25 61 29 75 32 34 37 27 53 37 27 17 17 29 64 74 87 94 50 71 36 89 90 20 47 69 33 48 21 44 44 28 10 34 39 39 28 98 82 34 14 78 47 43 31 57 77 92 31 44 34 52 83 37 76 23 52 46 99
72 48 63 49 40 30 86 24 29 64 35 59 45 25 32 19 40 75 87 91 95 14 10 89 96 86 64 90 13 95 60 55 0 59 40 78 48 88 50 89 23 60 92 48 18 49 42 91 13 63 18 31 19 61 12 48 36 98 25 97 70 25 91 19 44 50 69 83 75 46 30 24 24 89 83 43 23 62 59 40 66 67 44 36 75 10 84 72 46 82 41 66 26 32 69
64 64 88 88 33 49 41 57 85 36 85 23 38 47 48 98 40 74 26 78 58 14 21 43 54 63 43 40 70 32 15 11 59 0 94 45 14 90 90 30 36 50 91 22 85 47 50 71 83 38 49 17 98 38 56 64 13 98 50 43 42 58 87 39 82 11 28 33 89 12 48 26 45 11 89 75 74 10 76 97 68 40 98 24 28 37 82 74 41 61 75 61 30 59 25
12 82 51 69 81 92 40 84 44 97 47 51 13 83 26 83 19 18 49 47 42 52 66 52 87 70 52 33 12 40 71 79 40 94 0 65 79 63 33 92 23 48 11 43 39 43 18 22 14 46 35 12 44 75 92 77 18 69 74 32 88 20 95 54 92 89 65 36 74 87 78 36 49 43 87 50 24 42 68 44 81 26 34 31 32 48 83 17 45 10 14 34 87 51 91
71 97 42 57 93 77 68 23 95 63 24 32 92 17 57 76 17 14 39 70 87 98 69 15 15 50 92 94 96 90 54 56 78 45 65 0 10 17 38 95 83 65 75 12 77 22 61 62 56 71 42 21 54 67 72 46 84 74 34 60 57 56 63 12 89 68 37 86 24 84 80 47 24 21 94 52 75 33 28 22 20 45 96 42 99 74 48 85 11 45 69 27 93 95 13
49 17 61 82 34 48 60 85 73 33 68 31 77 16 10 31 26 44 40 54 19 56 85 47 79 39 15 83 64 40 58 25 48 14 79 10 0 15 99 17 27 99 72 74 88 72 28 90 56 62 24 65 95 64 32 96 33 11 80 91 17 55 48 25 31 91 94 78 80 89 10 29 82 39 14 81 80 78 20 65 87 87 96 74 91 18 67 91 88 59 96 75 32 44 91
58 55 62 79 25 91 84 16 22 58 31 82 50 17 34 93 56 46 12 66 69 62 30 86 68 25 68 12 87 26 96 61 88 90 63 17 15 0 24 27 72 74 58 61 71 25 63 14 60 41 79 54 24 80 52 27 43 87 35 39 66 51 10 90 32 27 87 36 79 49 69 33 47 98 32 82 35 40 83 47 42 29 18 74 57 11 59 27 29 33 31 96 32 87 82
29 35 85 50 18 79 62 18 64 34 94 94 76 86 13 31 11 99 49 95 69 45 90 56 83 61 10 88 98 34 91 29 50 90 33 38 99 24 0 15 21 40 12 75 91 11 17 12 29 65 87 89 60 12 99 31 89 94 25 94 17 17 55 52 22 24 31 82 89 60 98 71 51 13 69 56 64 53 68 14 20 79 17 44 19 13 74 97 94 62 62 79 51 36 17
10 21 37 10 33 98 34 81 60 35 10 61 67 59 16 22 50 50 73 48 15 54 79 96 59 14 83 32 87 23 94 75 89 30 92 95 17 27 15 0 80 74 53 55 46 70 49 17 30 91 41 73 80 74 85 38 56 79 16 12 51 83 24 75 76 54 69 96 57 97 23 19 50 49 61 70 36 42 41 83 67 88 14 34 28 70 99 70 10 73 37 61 75 30 43
39 72 97 23 43 76 40 48 67 57 99 46 40 48 11 92 79 74 58 40 75 15 22 77 84 23 32 35 59 34 95 32 23 36 23 83 27 72 21 80 0 67 35 93 33 16 91 44 14 30 91 60 33 24 86 64 69 70 88 72 28 96 26 11 28 66 75 47 97 41 36 84 80 96 95 13 80 59 54 91 64 22 24 65 35 67 31 60 87 51 22 16 39 61 69
14 11 51 29 55 63 71 90 94 34 55 44 24 87 37 96 30 50 34 46 50 39 11 62 63 18 89 92 37 95 87 34 60 50 48 65 99 74 40 74 67 0 91 99 38 64 95 18 19 78 48 28 92 89 58 29 96 50 86 30 26 43 76 19 52 13 48 33 38 52 44 55 58 53 65 16 76 62 91 33 96 27 77 54 72 33 67 11 54 95 42 80 20 63 36
64 47 59 18 15 93 39 83 58 61 82 31 95 86 91 22 97 67 52 26 61 40 95 43 63 61 14 77 22 47 30 37 92 91 11 75 72 58 12 53 35 91 0 73 48 71 40 14 78 98 17 82 60 20 18 39 62 12 66 76 21 18 16 93 44 40 86 77 77 77 69 65 68 63 39 32 27 37 85 30 84 14 90 38 22 25 84 33 33 46 33 24 48 32 24
53 31 94 83 83 31 54 84 78 16 15 60 94 63 31 59 37 27 42 11 74 56 16 71 35 63 26 86 87 72 37 27 48 22 43 12 74 61 75 55 93 99 73 0 92 40 98 15 62 10 96 59 15 29 71 16 90 87 44 60 45 70 86 34 27 13 43 45 87 60 33 32 79 60 41 60 15 41 39 54 66 42 40 40 25 61 53 41 92 31 60 29 31 41 27
64 15 31 34 48 79 53 70 22 94 44 49 10 74 44 88 60 22 95 99 68 59 87 96 44 97 60 63 17 51 61 53 18 85 39 77 88 71 91 46 33 38 48 92 0 32 70 99 86 81 25 52 33 76 40 66 98 59 17 31 15 70 58 46 74 81 28 77 16 53 74 55 57 82 19 60 44 44 17 35 89 17 37 81 57 65 98 24 94 45 95 34 39 55 49
68 48 47 11 46 37 88 14 65 79 91 83 87 19 10 52 30 39 74 72 24 85 77 29 41 55 13 25 66 42 29 37 49 47 43 22 72 25 11 70 16 64 71 40 32 0 78 14 34 78 62 27 88 71 75 18 43 69 56 32 58 56 32 60 73 97 93 89 82 66 56 62 23 16 75 38 43 79 60 60 84 16 46 51 14 26 52 68 79 91 37 10 98 20 75
81 54 87 93 84 39 34 45 45 99 70 14 66 85 45 28 90 86 83 16 61 58 48 63 51 54 60 90 79 10 54 27 42 50 18 61 28 63 17 49 91 95 40 98 70 78 0 96 28 16 16 69 87 50 15 61 98 11 88 88 76 67 22 82 96 45 36 14 27 56 78 11 11 67 81 15 80 55 42 68 42 45 40 74 61 19 35 40 50 12 14 20 29 43 19
28 99 25 61 90 84 62 91 45 15 67 20 21 23 33 20 62 77 65 70 99 69 80 91 49 28 29 54 59 13 25 17 91 71 22 62 90 14 12 17 44 18 14 15 99 14 96 0 35 53 17 50 11 33 73 18 77 60 91 49 98 24 91 82 17 97 34 20 80 54 24 85 57 45 40 68 78 29 48 53 58 88 17 23 93 36 34 45 42 55 65 84 99 49 48
61 67 89 24 19 56 49 73 21 14 24 88 33 79 54 14 44 27 38 12 59 16 37 25 12 76 54 74 87 34 12 17 13 83 14 56 56 60 29 30 14 19 78 62 86 34 28 35 0 81 14 69 39 71 21 89 14 87 44 72 57 14 12 71 62 77 33 75 59 52 36 98 48 88 27 22 23 83 86 50 40 91 73 14 78 93 91 74 11 17 53 59 14 22 54
10 10 57 37 25 29 13 62 89 54 95 55 35 77 98 30 48 64 67 46 71 70 24 29 64 95 30 81 79 26 76 29 63 38 46 71 62 41 65 91 30 78 98 10 81 78 16 53 81 0 59 51 57 65 45 75 79 37 21 27 62 35 94 22 84 98 17 83 74 14 61 23 61 29 35 54 22 14 88 34 90 98 44 46 14 68 42 74 19 68 98 47 42 97 89
20 98 97 26 28 12 82 48 67 53 93 70 44 18 91 31 47 65 86 52 57 22 16 20 84 75 86 44 29 72 68 64 18 49 35 42 24 79 87 41 91 48 17 96 25 62 16 17 14 59 0 11 12 61 34 25 96 63 58 33 44 85 67 34 71 30 49 64 15 13 34 75 36 47 51 22 94 69 44 37 89 13 48 52 53 82 89 19 62 73 62 34 74 65 38
39 19 67 11 42 88 85 67 93 41 74 86 65 20 49 89 59 28 80 35 21 64 44 33 48 11 62 22 97 94 10 74 31 17 12 21 65 54 89 73 60 28 82 59 52 27 69 50 69 51 11 0 92 29 51 98 90 76 80 65 65 86 37 91 83 91 83 38 19 62 90 98 81 77 69 55 55 82 34 89 32 52 64 92 82 14 86 84 83 81 22 50 53 74 51
97 35 98 27 34 40 34 50 19 20 31 51 27 22 32 38 39 60 43 24 88 48 89 10 82 43 10 15 43 81 42 87 19 98 44 54 95 24 60 80 33 92 60 15 33 88 87 11 39 57 12 92 0 23 23 72 12 96 83 53 54 52 82 69 24 14 64 89 83 78 73 16 45 57 29 50 64 94 83 64 15 81 23 50 12 57 71 67 10 10 70 82 61 99 14
26 77 66 76 87 88 24 14 65 86 73 73 52 52 81 40 92 78 96 87 36 74 23 58 74 25 99 40 17 56 99 94 61 38 75 67 64 80 12 74 24 89 20 29 76 71 50 33 71 65 61 29 23 0 34 26 51 26 61 52 93 37 23 71 65 25 23 52 80 42 86 68 94 24 94 92 20 77 98 52 29 64 66 17 19 72 78 83 58 35 80 86 98 28 27
69 29 87 66 34 36 59 73 27 93 93 67 34 41 87 10 39 28 77 13 63 15 76 15 62 52 90 71 48 83 73 50 12 56 92 72 32 52 99 85 86 58 18 71 40 75 15 73 21 45 34 51 23 34 0 84 67 59 62 24 27 15 36 55 28 72 69 68 99 67 14 74 94 26 79 17 93 22 30 73 34 83 66 28 78 15 79 89 74 62 97 84 60 33 68
51 84 29 79 87 75 10 53 68 51 24 88 38 55 98 56 13 70 79 52 68 67 26 67 76 94 68 91 60 76 87 71 48 64 77 46 96 27 31 38 64 29 39 16 66 18 61 18 89 75 25 98 72 26 84 0 78 32 17 89 94 10 28 97 55 74 16 30 23 27 44 48 85 83 26 78 91 20 16 71 57 58 23 84 94 69 80 77 75 96 33 22 92 92 20
34 25 28 83 27 99 18 72 96 34 74 89 77 77 55 33 47 14 36 16 83 40 18 69 52 27 48 40 90 73 86 36 36 13 18 84 33 43 89 56 69 96 62 90 98 43 98 77 14 79 96 90 12 51 67 78 0 89 51 26 75 43 88 75 66 60 11 57 70 73 11 15 96 47 77 48 34 47 64 27 36 30 46 37 61 92 92 10 61 33 35 30 80 44 42
80 87 28 56 21 74 46 54 38 73 83 10 55 50 36 95 75 52 94 91 16 73 46 83 57 95 44 86 61 99 87 89 98 98 69 74 11 87 94 79 70 50 12 87 59 69 11 60 87 37 63 76 96 26 59 32 89 0 71 23 80 78 79 92 23 14 53 23 39 62 13 76 35 61 48 64 35 52 85 61 37 17 86 47 18 44 83 91 33 55 52 28 88 35 26
26 34 27 11 45 61 33 86 76 21 22 58 31 47 85 92 50 30 24 67 61 11 54 33 31 66 87 17 46 12 75 90 25 50 74 34 80 35 25 16 88 86 66 44 17 56 88 91 44 21 58 80 83 61 62 17 51 71 0 59 97 79 90 76 41 50 23 48 34 92 41 41 49 13 78 43 50 87 43 54 35 66 96 62 59 77 44 83 87 24 38 25 52 16 76
91 80 71 81 48 40 49 55 97 52 34 70 39 32 60 56 66 16 75 34 48 80 12 22 40 94 14 87 94 29 50 20 97 43 32 60 91 39 94 12 72 30 76 60 31 32 88 49 72 27 33 65 53 52 24 89 26 23 59 0 70 52 20 13 81 24 27 16 32 20 39 42 57 74 40 47 87 45 77 38 28 61 19 22 48 17 11 98 50 97 91 43 67 91 16
74 40 97 63 40 48 51 62 47 46 34 26 23 68 52 44 50 92 21 36 42 89 31 41 73 59 43 63 17 11 23 47 70 42 88 57 17 66 17 51 28 26 21 45 15 58 76 98 57 62 44 65 54 93 27 94 75 80 97 70 0 59 61 33 39 15 34 25 46 90 31 50 79 45 87 57 23 63 70 34 19 82 60 17 88 34 40 72 68 14 23 19 62 93 65
43 79 87 26 50 98 81 71 68 35 52 68 15 27 73 40 31 58 88 59 50 74 38 33 84 37 29 27 71 98 51 69 25 58 20 56 55 51 17 83 96 43 18 70 70 56 67 24 14 35 85 86 52 37 15 10 43 78 79 52 59 0 90 82 32 63 96 61 79 94 70 24 44 18 22 46 66 43 41 64 47 52 54 43 38 24 84 16 40 55 39 78 44 99 98
86 63 76 46 95 85 97 14 57 15 60 12 17 65 10 96 47 89 86 86 29 13 27 69 34 37 55 23 62 61 92 33 91 87 95 63 48 10 55 24 26 76 16 86 58 32 22 91 12 94 67 37 82 23 36 28 88 79 90 20 61 90 0 77 43 37 47 98 97 76 42 23 92 31 38 91 75 93 21 80 23 40 92 82 70 79 78 42 79 47 73 73 86 75 42
44 49 53 38 33 66 76 36 55 24 44 18 35 53 71 45 15 75 73 23 55 57 11 20 68 52 39 83 29 55 22 48 19 39 54 12 25 90 52 75 11 19 93 34 46 60 82 82 71 22 34 91 69 71 55 97 75 92 76 13 33 82 77 0 36 53 42 14 61 21 53 54 57 24 57 53 45 44 84 46 26 43 55 15 72 16 11 42 76 51 67 95 20 44 33
85 58 13 83 45 91 87 47 19 29 37 65 55 82 68 36 17 30 86 82 32 71 21 43 82 45 49 31 32 56 36 21 44 82 92 89 31 32 22 76 28 52 44 27 74 73 96 17 62 84 71 83 24 65 28 55 66 23 41 81 39 32 43 36 0 89 97 78 51 11 37 96 70 45 72 85 49 71 87 24 91 86 89 61 90 75 86 96 65 87 65 86 68 32 18
27 73 56 54 90 23 71 42 41 88 86 65 59 75 91 60 45 24 15 98 58 18 19 98 83 20 16 41 59 52 95 44 50 11 89 68 91 27 24 54 66 13 40 13 81 97 45 97 77 98 30 91 14 25 72 74 60 14 50 24 15 63 37 53 89 0 23 55 26 55 78 26 38 88 72 49 34 83 66 85 17 51 76 56 63 79 64 40 67 12 37 95 57 47 41
55 18 92 48 74 41 74 76 77 78 35 61 84 63 23 25 59 93 78 99 36 12 27 85 34 80 91 49 97 51 18 44 69 28 65 37 94 87 31 69 75 48 86 43 28 93 36 34 33 17 49 83 64 23 69 16 11 53 23 27 34 96 47 42 97 23 0 77 48 90 70 50 21 20 97 17 18 11 96 41 35 19 28 82 51 99 57 37 50 20 98 64 82 46 12
64 28 95 40 94 75 35 13 96 83 64 97 87 37 60 25 52 48 60 83 46 28 37 19 21 72 41 12 45 98 59 28 83 33 36 86 78 36 82 96 47 33 77 45 77 89 14 20 75 83 64 38 89 52 68 30 57 23 48 16 25 61 98 14 78 55 77 0 99 34 33 10 76 73 58 79 79 22 70 35 78 40 98 18 39 56 41 85 69 35 44 85 93 53 88
65 10 65 66 11 67 74 37 44 26 45 76 50 83 93 35 17 32 30 65 36 17 85 80 85 28 29 33 27 55 48 10 75 89 74 24 80 79 89 57 97 38 77 87 16 82 27 80 59 74 15 19 83 80 99 23 70 39 34 32 46 79 97 61 51 26 48 99 0 55 36 59 80 27 68 75 96 69 68 62 92 35 65 22 49 38 75 13 86 58 43 45 15 27 45
73 72 92 74 84 59 53 35 62 67 67 10 52 15 47 64 43 61 78 73 67 63 33 58 47 11 69 12 82 77 59 34 46 12 87 84 89 49 60 97 41 52 77 60 53 66 56 54 52 14 13 62 78 42 67 27 73 62 92 20 90 94 76 21 11 55 90 34 55 0 16 70 49 24 15 84 80 60 75 67 89 59 60 38 61 26 72 87 69 23 11 86 30 17 85
76 17 57 60 29 11 21 86 73 55 85 31 26 15 45 22 33 72 72 92 89 53 85 54 55 81 71 12 80 39 33 39 30 48 78 80 10 69 98 23 36 44 69 33 74 56 78 24 36 61 34 90 73 86 14 44 11 13 41 39 31 70 42 53 37 78 70 33 36 16 0 86 66 81 45 73 71 80 96 94 34 95 99 46 68 41 32 98 26 60 39 17 53 57 71
63 38 66 43 14 77 45 98 29 40 19 16 97 71 11 35 17 26 58 25 29 66 52 66 55 52 78 57 69 57 99 39 24 26 36 47 29 33 71 19 84 55 65 32 55 62 11 85 98 23 75 98 16 68 74 48 15 76 41 42 50 24 23 54 96 26 50 10 59 70 86 0 32 58 63 38 80 59 64 68 70 40 13 66 43 97 60 28 65 23 37 92 36 20 31
15 51 59 45 80 79 90 71 92 12 16 93 38 75 69 70 38 66 68 21 36 80 46 93 78 93 29 35 25 88 94 28 24 45 49 24 82 47 51 50 80 58 68 79 57 23 11 57 48 61 36 81 45 94 94 85 96 35 49 57 79 44 92 57 70 38 21 76 80 49 66 32 0 65 15 71 40 76 58 87 10 64 10 53 99 71 73 61 73 26 73 47 46 46 62
26 40 23 54 92 69 80 13 36 33 11 76 80 41 77 21 39 99 31 42 55 28 31 50 24 67 16 47 26 81 51 98 89 11 43 21 39 98 13 49 96 53 63 60 82 16 67 45 88 29 47 77 57 24 26 83 47 61 13 74 45 18 31 24 45 88 20 73 27 24 81 58 65 0 94 23 56 94 68 76 44 48 37 51 60 40 68 82 32 64 35 22 43 60 40
71 64 19 90 54 97 41 18 66 75 79 22 60 96 22 10 45 78 78 15 43 18 86 98 64 86 66 75 25 96 36 82 83 89 87 94 14 32 69 61 95 65 39 41 19 75 81 40 27 35 51 69 29 94 79 26 77 48 78 40 87 22 38 57 72 72 97 58 68 15 45 63 15 94 0 30 62 37 69 50 40 27 24 15 50 21 59 74 21 62 18 91 14 79 33
12 41 87 43 41 81 90 61 16 41 93 59 46 37 76 90 94 18 40 17 19 30 33 61 35 14 41 78 95 96 14 34 43 75 50 52 81 82 56 70 13 16 32 60 60 38 15 68 22 54 22 55 50 92 17 78 48 64 43 47 57 46 91 53 85 49 17 79 75 84 73 38 71 23 30 0 45 42 90 36 51 12 78 14 12 85 55 20 94 81 61 40 80 59 30
70 37 87 16 18 65 57 87 65 82 91 87 26 22 34 41 61 13 91 68 28 82 22 39 64 24 85 67 62 50 12 14 23 74 24 75 80 35 64 36 80 76 27 15 44 43 80 78 23 22 94 55 64 20 93 91 34 35 50 87 23 66 75 45 49 34 18 79 96 80 71 80 40 56 62 45 0 22 26 75 13 81 93 96 43 66 46 74 23 75 77 76 82 23 88
82 89 70 61 62 54 87 37 28 92 25 48 81 66 85 40 22 85 69 37 67 91 90 77 24 58 58 58 83 30 83 78 62 10 42 33 78 40 53 42 59 62 37 41 44 79 55 29 83 14 69 82 94 77 22 20 47 52 87 45 63 43 93 44 71 83 11 22 69 60 80 59 76 94 37 42 22 0 82 82 10 27 15 57 70 88 25 27 56 37 76 64 34 56 62
38 52 60 13 57 29 40 21 36 87 12 78 63 92 12 48 37 61 42 80 82 25 43 12 19 73 71 65 82 34 75 47 59 76 68 28 20 83 68 41 54 91 85 39 17 60 42 48 86 88 44 34 83 98 30 16 64 85 43 77 70 41 21 84 87 66 96 70 68 75 96 64 58 68 69 90 26 82 0 77 39 56 62 93 83 71 86 39 86 91 79 99 74 91 65
37 10 16 96 26 88 11 32 54 98 11 63 40 63 65 66 12 57 41 57 76 47 89 10 46 74 20 83 85 58 79 43 40 97 44 22 65 47 14 83 91 33 30 54 35 60 68 53 50 34 37 89 64 52 73 71 27 61 54 38 34 64 80 46 24 85 41 35 62 67 94 68 87 76 50 36 75 82 77 0 53 52 46 44 56 72 78 25 62 89 66 47 46 55 81
17 22 36 60 85 37 10 89 29 27 98 50 40 10 22 21 92 76 20 54 10 25 20 54 42 70 59 42 26 58 62 31 66 68 81 20 87 42 20 67 64 96 84 66 89 84 42 58 40 90 89 32 15 29 34 57 36 37 35 28 19 47 23 26 91 17 35 78 92 89 34 70 10 44 40 51 13 10 39 53 0 26 58 43 81 46 87 31 70 32 17 61 33 74 34
90 61 89 82 78 91 86 88 39 62 75 32 61 89 37 12 70 58 77 30 48 31 34 69 89 37 67 39 54 53 28 57 67 40 26 45 87 29 79 88 22 27 14 42 17 16 45 88 91 98 13 52 81 64 83 58 30 17 66 61 82 52 40 43 86 51 19 40 35 59 95 40 64 48 27 12 81 27 56 52 26 0 97 73 69 32 22 21 59 25 47 77 18 71 15
30 33 93 75 70 28 83 86 71 85 46 51 47 24 80 88 93 85 80 99 17 44 61 79 68 89 48 21 49 56 45 77 44 98 34 96 96 18 17 14 24 77 90 40 37 46 40 17 73 44 48 64 23 66 66 23 46 86 96 19 60 54 92 55 89 76 28 98 65 60 99 13 10 37 24 78 93 15 62 46 58 97 0 51 21 66 68 38 86 37 92 43 63 46 63
66 93 86 20 70 50 28 90 13 26 10 10 63 54 32 72 20 65 27 19 82 54 97 82 97 73 82 78 32 71 55 92 36 24 31 42 74 74 44 34 65 54 38 40 81 51 74 23 14 46 52 92 50 17 28 84 37 47 62 22 17 43 82 15 61 56 82 18 22 38 46 66 53 51 15 14 96 57 93 44 43 73 51 0 78 27 68 56 55 57 38 70 48 92 52
69 26 10 94 26 78 10 30 23 39 84 14 92 30 26 73 66 53 15 81 58 33 89 85 28 84 38 12 87 31 48 31 75 28 32 99 91 57 19 28 35 72 22 25 57 14 61 93 78 14 53 82 12 19 78 94 61 18 59 48 88 38 70 72 90 63 51 39 49 61 68 43 99 60 50 12 43 70 83 56 81 69 21 78 0 26 26 41 38 95 25 93 35 85 17
41 63 95 39 69 71 68 72 31 69 82 32 73 50 79 30 44 63 56 29 43 68 36 86 44 71 88 26 54 78 36 44 10 37 48 74 18 11 13 70 67 33 25 61 65 26 19 36 93 68 82 14 57 72 15 69 92 44 77 17 34 24 79 16 75 79 99 56 38 26 41 97 71 40 21 85 66 88 71 72 46 32 66 27 26 0 45 71 89 39 63 48 47 22 92
31 67 72 12 61 45 10 88 24 44 26 66 49 95 59 82 62 82 38 32 57 99 11 26 73 46 46 20 84 13 85 34 84 82 83 48 67 59 74 99 31 67 84 53 98 52 35 34 91 42 89 86 71 78 79 80 92 83 44 11 40 84 78 11 86 64 57 41 75 72 32 60 73 68 59 55 46 25 86 78 87 22 68 68 26 45 0 35 96 66 48 43 87 61 29
26 86 58 75 84 69 92 81 70 69 30 38 58 68 41 39 75 51 88 58 17 55 99 66 64 52 38 43 82 89 37 52 72 74 17 85 91 27 97 70 60 11 33 41 24 68 40 45 74 74 19 84 67 83 89 77 10 91 83 98 72 16 42 42 96 40 37 85 13 87 98 28 61 82 74 20 74 27 39 25 31 21 38 56 41 71 35 0 66 84 88 96 50 69 16
78 19 74 19 27 41 34 63 25 37 41 16 50 25 26 99 45 15 85 79 30 52 67 25 27 88 87 68 34 19 17 83 46 41 45 11 88 29 94 10 87 54 33 92 94 79 50 42 11 19 62 83 10 58 74 75 61 33 87 50 68 40 79 76 65 67 50 69 86 69 26 65 73 32 21 94 23 56 86 62 70 59 86 55 38 89 96 66 0 64 30 28 42 41 59
56 53 81 57 94 17 75 49 20 89 46 63 51 80 65 98 57 12 19 63 54 92 32 67 58 81 18 70 69 94 37 37 82 61 10 45 59 33 62 73 51 95 46 31 45 91 12 55 17 68 73 81 10 35 62 96 33 55 24 97 14 55 47 51 87 12 20 35 58 23 60 23 26 64 62 81 75 37 91 89 32 25 37 57 95 39 66 84 64 0 28 74 77 98 99
31 41 53 44 47 59 94 44 50 80 95 79 52 15 77 30 76 30 93 88 79 90 17 69 38 69 81 43 39 95 28 76 41 75 14 69 96 31 62 37 22 42 33 60 95 37 14 65 53 98 62 22 70 80 97 33 35 52 38 91 23 39 73 67 65 37 98 44 43 11 39 37 73 35 18 61 77 76 79 66 17 47 92 38 25 63 48 88 30 28 0 57 22 52 27
28 59 87 91 25 52 39 78 35 32 84 94 66 37 66 35 94 90 34 60 28 14 26 20 62 92 92 66 33 47 75 23 66 61 34 27 75 96 79 61 16 80 24 29 34 10 20 84 59 47 34 50 82 86 84 22 30 28 25 43 19 78 73 95 86 95 64 85 45 86 17 92 47 22 91 40 76 64 99 47 61 77 43 70 93 48 43 96 28 74 57 0 94 51 90
65 36 99 77 59 98 63 65 20 88 14 22 85 90 92 16 31 89 45 88 83 85 35 90 61 78 66 28 57 51 97 52 26 30 87 93 32 32 51 75 39 20 48 31 39 98 29 99 14 42 74 53 61 98 60 92 80 88 52 67 62 44 86 20 68 57 82 93 15 30 53 36 46 43 14 80 82 34 74 46 33 18 63 48 35 47 87 50 42 77 22 94 0 70 88
45 40 35 44 39 76 10 59 28 14 92 59 82 97 91 89 98 15 99 84 94 11 37 77 24 89 55 10 39 21 44 46 32 59 51 95 44 87 36 30 61 63 32 41 55 20 43 49 22 97 65 74 99 28 33 92 44 35 16 91 93 99 75 44 32 47 46 53 27 17 57 20 46 60 79 59 23 56 91 55 74 71 46 92 85 22 61 69 41 98 52 51 70 0 86
68 11 32 80 30 18 39 77 59 46 73 45 32 69 78 39 21 25 53 89 53 33 40 13 64 11 64 76 67 80 84 99 69 25 91 13 91 82 17 43 69 36 24 27 49 75 19 48 54 89 38 51 14 27 68 20 42 26 76 16 65 98 42 33 18 41 12 88 45 85 71 31 62 40 33 30 88 62 65 81 34 15 63 52 17 92 29 16 59 99 27 90 88 86 0