90
0 28 16 10 65 63 77 65 35 90 76 61 83 65 98 97 46 95 17 55 98 35 80 91 53 68 91 97 14 96 93 79 69 96 22 61 38 14 87 93 89 62 37 91 67 42 20 66 41 76 70 72 24 81 93 75 53 72 47 78 10 29 40 13 50 22 94 43 67 65 43 65 42 89 58 72 63 33 25 53 67 23 20 68 39 57 96 55 22 43
28 0 65 97 71 76 17 97 90 88 25 54 83 89 13 63 84 81 30 90 49 10 41 76 50 93 49 23 66 36 56 38 66 74 79 29 85 95 32 54 57 81 48 32 34 99 18 52 58 91 50 15 95 60 65 64 90 24 25 62 70 76 69 77 27 61 98 97 61 99 70 53 27 79 72 28 18 79 58 21 46 34 10 59 39 43 82 92 19 78
16 65 0 78 20 88 69 95 72 10 69 65 19 62 83 27 36 32 49 98 39 15 31 50 53 80 45 79 12 68 50 56 56 75 20 32 55 30 13 80 81 81 99 36 60 11 65 57 69 40 41 65 43 13 90 19 23 13 34 75 66 25 62 22 67 11 96 96 39 82 14 17 20 90 67 34 81 48 80 22 97 35 54 62 93 17 25 13 21 84
10 97 78 0 74 18 46 79 36 76 14 77 28 77 94 96 29 19 10 23 36 68 43 98 81 65 12 20 48 99 80 89 31 81 31 84 37 53 57 70 47 53 34 19 48 19 67 26 58 55 82 30 41 99 66 23 52 94 43 85 49 82 83 65 25 46 17 51 38 45 59 83 85 58 97 19 76 68 97 28 98 84 30 25 84 35 19 45 20 90
65 71 20 74 0 59 29 40 65 19 86 15 63 41 63 14 21 80 74 70 50 75 28 34 50 94 83 80 35 59 31 32 45 84 11 41 21 14 57 55 96 53 47 17 25 28 85 39 16 11 20 63 64 12 48 87 76 19 51 63 15 56 39 61 16 19 15 13 62 42 38 34 98 72 48 86 93 40 75 69 26 95 52 28 78 49 26 78 53 57
63 76 88 18 59 0 97 91 89 34 85 95 94 25 16 29 99 42 93 46 97 65 40 88 19 16 43 70 54 23 91 61 89 16 12 29 19 62 58 47 44 15 12 13 63 97 80 12 39 87 93 78 77 15 92 33 25 89 13 21 75 59 85 60 57 47 32 75 43 30 33 48 47 28 70 72 67 38 85 97 42 44 36 68 93 48 42 38 99 71
77 17 69 46 29 97 0 57 76 96 86 55 81 98 21 33 20 28 23 24 41 67 71 27 33 52 88 49 93 97 97 38 72 28 43 70 92 67 74 40 49 46 88 79 90 69 88 14 59 58 91 90 66 48 25 23 97 75 10 91 88 40 62 21 54 10 51 26 18 60 98 76 33 73 70 29 59 71 17 76 74 59 51 60 29 46 46 24 59 45
65 97 95 79 40 91 57 0 17 91 49 92 24 34 94 29 12 59 60 57 20 57 26 97 31 70 68 26 79 52 87 29 69 28 32 19 76 59 86 78 23 52 35 82 34 63 37 46 80 12 85 30 64 10 46 52 46 20 74 69 63 96 67 17 91 79 20 55 80 96 16 84 45 37 60 81 85 32 55 60 87 12 44 76 55 78 33 99 70 12
35 90 72 36 65 89 76 17 0 56 23 14 10 73 32 31 44 39 92 77 69 33 16 10 98 84 55 38 42 96 11 36 65 11 81 81 28 44 69 97 24 21 40 56 58 97 61 45 39 30 99 73 41 65 46 66 30 69 49 12 82 20 93 84 84 15 89 60 31 20 11 99 41 21 43 40 55 93 39 30 62 58 46 69 63 96 15 72 53 21
90 88 10 76 19 34 96 91 56 0 11 67 24 66 15 45 14 75 93 90 97 54 61 40 68 60 16 17 34 42 52 64 98 63 86 72 70 99 93 23 86 55 62 57 53 83 21 27 89 43 52 25 72 92 80 69 82 74 13 68 82 31 92 25 37 75 88 58 67 77 15 74 43 18 47 86 54 55 13 41 44 56 52 25 40 64 68 89 78 67
76 25 69 14 86 85 86 49 23 11 0 54 79 17 98 61 17 78 41 52 63 11 60 58 74 91 32 32 22 54 11 95 90 19 27 63 11 28 71 32 87 85 60 99 15 94 46 71 10 26 20 54 99 38 60 75 82 89 73 87 22 79 66 15 18 10 92 17 77 75 55 28 95 77 29 99 50 37 94 39 90 25 15 19 35 71 13 95 55 40
61 54 65 77 15 95 55 92 14 67 54 0 28 79 78 58 71 45 50 74 36 48 95 90 96 71 14 20 61 78 31 43 38 38 66 46 93 79 10 13 85 38 48 66 64 54 98 90 54 64 72 43 74 27 12 54 79 90 39 55 40 78 22 75 20 66 40 39 14 63 49 30 10 74 32 75 15 77 28 63 64 22 62 85 22 42 22 13 74 72
83 83 19 28 63 94 81 24 10 24 79 28 0 97 99 18 53 45 68 50 60 41 58 35 53 98 59 13 57 97 37 32 91 45 82 68 36 10 65 88 20 56 43 72 50 75 89 20 27 63 89 36 73 81 38 12 32 37 91 48 86 23 71 87 72 21 61 95 53 97 29 69 59 25 78 85 88 45 40 28 69 56 23 53 45 60 78 29 31 38
65 89 62 77 41 25 98 34 73 66 17 79 97 0 48 52 91 25 53 95 32 68 70 31 49 11 48 49 35 91 86 48 35 47 83 63 12 85 74 23 20 18 21 78 99 91 28 81 61 51 71 59 38 97 30 61 79 36 88 20 36 53 44 41 72 28 48 95 82 39 34 72 23 68 78 39 58 80 50 18 52 98 58 52 19 12 34 20 66 27
98 13 83 94 63 16 21 94 32 15 98 78 99 48 0 99 33 98 75 96 65 99 59 87 69 52 40 96 90 31 87 12 57 68 87 37 38 95 27 10 87 24 82 29 32 58 19 97 27 76 29 28 40 16 37 60 11 87 31 68 70 36 56 43 61 46 36 14 28 66 68 52 91 82 39 16 93 73 88 10 41 19 32 37 24 58 64 25 17 14
97 63 27 96 14 29 33 29 31 45 61 58 18 52 99 0 92 74 87 59 23 57 22 15 91 15 15 38 81 13 74 90 64 73 97 60 16 22 78 39 20 44 99 85 17 43 70 60 48 26 16 25 55 62 99 65 38 26 40 88 60 37 71 96 92 99 35 91 85 82 27 55 48 98 25 29 26 78 12 85 68 12 74 33 32 69 18 34 93 90
46 84 36 29 21 99 20 12 44 14 17 71 53 91 33 92 0 87 29 86 95 31 34 65 83 71 47 56 79 37 22 30 44 64 81 56 67 15 54 71 27 40 41 15 35 67 37 23 71 71 43 24 97 96 22 90 95 21 13 36 54 89 35 72 28 87 34 72 41 94 58 34 40 13 80 49 76 73 35 25 32 36 32 86 16 52 91 43 71 48
95 81 32 19 80 42 28 59 39 75 78 45 45 25 98 74 87 0 64 96 22 40 38 19 46 68 80 33 55 94 93 18 84 99 13 50 83 91 72 78 93 96 66 65 88 70 29 51 20 76 44 16 18 23 23 89 27 69 72 20 25 43 18 50 70 20 30 81 27 37 61 85 46 56 68 97 27 49 13 21 14 41 90 92 72 57 58 22 59 98
17 30 49 10 74 93 23 60 92 93 41 50 68 53 75 87 29 64 0 74 21 62 90 71 51 20 59 66 83 56 78 96 66 95 72 37 24 88 37 29 67 78 15 30 40 15 89 43 54 92 80 92 67 90 10 50 71 31 25 55 94 48 56 47 19 78 55 41 57 23 48 76 33 91 80 21 11 38 64 41 12 33 86 48 28 55 61 18 53 32
55 90 98 23 70 46 24 57 77 90 52 74 50 95 96 59 86 96 74 0 53 74 49 62 10 20 21 96 59 79 91 40 37 88 69 76 40 91 19 69 49 45 90 87 75 10 84 83 89 63 11 78 68 18 22 76 65 89 92 18 32 75 95 18 70 43 60 87 81 55 77 31 87 93 84 82 63 61 31 53 54 32 16 92 73 34 62 42 86 80
98 49 39 36 50 97 41 20 69 97 63 36 60 32 65 23 95 22 21 53 0 93 79 45 67 38 25 80 50 28 73 42 79 42 35 86 58 64 46 20 81 70 28 62 51 53 12 23 70 51 77 88 97 38 81 18 90 11 78 61 62 37 65 66 13 91 85 78 70 64 36 12 37 48 59 72 94 66 61 38 27 60 69 56 72 41 13 52 95 99
35 10 15 68 75 65 67 57 33 54 11 48 41 68 99 57 31 40 62 74 93 0 85 21 83 20 30 57 17 17 42 20 49 76 86 84 85 30 74 28 26 20 44 19 98 35 30 84 17 55 16 95 84 61 99 45 78 37 62 40 75 67 24 21 69 69 79 80 45 89 61 39 56 29 98 72 67 77 68 43 13 92 16 42 13 28 42 59 95 55
80 41 31 43 28 40 71 26 16 61 60 95 58 70 59 22 34 38 90 49 79 85 0 81 82 78 87 65 69 69 70 56 58 96 90 86 44 17 18 45 36 53 82 24 59 54 81 72 30 76 84 57 90 73 95 35 96 40 77 71 12 53 81 16 14 29 48 71 79 42 33 21 90 45 43 21 92 79 52 55 13 85 96 81 52 45 89 98 54 72
91 76 50 98 34 88 27 97 10 40 58 90 35 31 87 15 65 19 71 62 45 21 81 0 88 89 89 29 53 22 63 76 62 43 99 92 65 35 15 59 38 24 87 47 37 92 30 85 23 35 48 54 42 68 23 92 33 19 84 26 51 33 11 42 22 83 70 65 80 52 53 60 72 38 84 15 87 67 29 39 84 96 27 34 78 67 74 45 17 75
53 50 53 81 50 19 33 31 98 68 74 96 53 49 69 91 83 46 51 10 67 83 82 88 0 22 47 63 89 84 21 95 51 59 50 27 70 38 42 45 14 46 66 31 10 18 53 20 25 49 42 40 56 73 63 44 21 45 81 95 40 96 87 75 50 48 14 89 47 16 67 63 61 36 74 22 76 61 75 57 21 69 68 57 39 52 10 78 65 50
68 93 80 65 94 16 52 70 84 60 91 71 98 11 52 15 71 68 20 20 38 20 78 89 22 0 81 90 59 49 33 85 85 53 10 13 76 26 78 53 29 36 97 21 36 79 96 48 95 60 16 23 66 85 14 60 19 73 69 10 19 31 61 77 29 18 12 77 19 38 95 62 18 65 96 11 57 89 45 95 82 70 73 59 15 55 54 62 46 59
91 49 45 12 83 43 88 68 55 16 32 14 59 48 40 15 47 80 59 21 25 30 87 89 47 81 0 68 95 74 25 88 49 30 92 51 74 83 10 20 67 74 52 79 65 11 68 34 36 81 64 81 47 75 63 52 21 34 38 69 36 65 46 26 53 86 50 86 69 49 12 75 28 97 76 56 14 18 24 73 20 35 57 95 23 48 42 75 23 34
97 23 79 20 80 70 49 26 38 17 32 20 13 49 96 38 56 33 66 96 80 57 65 29 63 90 68 0 54 41 29 63 99 20 97 19 31 31 88 57 53 58 68 89 10 72 64 23 87 17 29 11 48 69 47 56 42 34 90 16 52 41 55 75 77 44 91 86 97 38 33 64 87 33 64 19 93 54 92 75 88 87 95 46 95 53 72 44 68 83
14 66 12 48 35 54 93 79 42 34 22 61 57 35 90 81 79 55 83 59 50 17 69 53 89 59 95 54 0 59 12 54 92 74 90 88 14 24 28 36 51 75 17 60 70 18 84 89 15 94 44 25 48 92 66 56 21 69 93 39 14 82 95 71 71 11 49 75 18 18 65 84 14 91 99 51 92 99 58 47 56 64 59 21 64 57 59 67 46 92
96 36 68 99 59 23 97 52 96 42 54 78 97 91 31 13 37 94 56 79 28 17 69 22 84 49 74 41 59 0 54 30 69 46 57 19 43 61 58 65 77 58 36 96 21 25 35 29 28 12 75 68 77 93 51 89 33 97 91 62 94 21 80 40 94 48 54 26 64 76 28 89 67 47 77 13 16 25 76 81 16 94 23 31 72 60 34 83 37 94
93 56 50 80 31 91 97 87 11 52 11 31 37 86 87 74 22 93 78 91 73 42 70 63 21 33 25 29 12 54 0 82 52 27 98 54 98 55 51 84 38 29 73 47 64 75 93 58 65 43 22 17 45 11 27 61 16 33 67 38 84 82 33 92 93 37 23 30 91 67 10 32 98 38 46 17 27 93 49 24 96 29 74 14 60 55 91 60 21 75
79 38 56 89 32 61 38 29 36 64 95 43 32 48 12 90 30 18 96 40 42 20 56 76 95 85 88 63 54 30 82 0 12 60 27 25 68 94 94 20 87 93 50 31 47 45 92 24 95 99 10 92 49 15 47 40 22 58 56 35 84 92 60 45 93 70 39 13 78 28 28 64 80 94 78 13 60 35 84 41 92 83 90 33 26 47 64 28 98 72
69 66 56 31 45 89 72 69 65 98 90 38 91 35 57 64 44 84 66 37 79 49 58 62 51 85 49 99 92 69 52 12 0 32 72 63 58 49 66 51 78 59 26 72 79 60 27 41 88 73 99 72 81 68 40 15 84 69 81 92 56 92 38 92 47 76 56 51 96 35 54 48 54 53 65 65 31 23 84 76 99 96 23 61 79 40 90 59 94 74
96 74 75 81 84 16 28 28 11 63 19 38 45 47 68 73 64 99 95 88 42 76 96 43 59 53 30 20 74 46 27 60 32 0 44 27 33 28 34 43 38 17 17 60 95 23 24 70 44 80 35 98 41 83 80 69 23 49 87 80 92 63 15 75 78 50 21 50 66 16 88 57 40 84 18 14 22 22 40 89 82 68 39 82 98 71 39 68 71 28
22 79 20 31 11 12 43 32 81 86 27 66 82 83 87 97 81 13 72 69 35 86 90 99 50 10 92 97 90 57 98 27 72 44 0 37 82 23 81 67 93 86 67 63 88 27 41 36 51 91 74 29 47 19 88 48 28 83 19 82 63 96 25 89 66 57 62 40 51 83 53 86 59 52 92 94 87 73 59 31 62 55 83 85 95 88 35 86 34 87
61 29 32 84 41 29 70 19 81 72 63 46 68 63 37 60 56 50 37 76 86 84 86 92 27 13 51 19 88 19 54 25 63 27 37 0 42 31 37 27 11 51 51 94 19 28 22 63 40 87 86 31 50 70 35 65 81 61 44 86 38 47 97 49 37 77 42 40 48 54 74 24 63 35 34 28 84 88 94 42 31 15 35 40 99 17 49 94 19 92
38 85 55 37 21 19 92 76 28 70 11 93 36 12 38 16 67 83 24 40 58 85 44 65 70 76 74 31 14 43 98 68 58 33 82 42 0 34 48 76 44 30 79 96 19 76 31 27 80 67 83 16 55 63 14 14 80 81 57 35 55 52 80 57 18 67 79 29 89 14 91 40 31 45 96 73 25 84 48 11 98 43 32 74 97 55 99 36 53 31
14 95 30 53 14 62 67 59 44 99 28 79 10 85 95 22 15 91 88 91 64 30 17 35 38 26 83 31 24 61 55 94 49 28 23 31 34 0 98 36 63 85 70 85 75 29 63 91 75 27 26 17 22 66 98 85 71 74 53 29 93 41 84 88 96 22 15 78 89 72 78 66 31 12 35 27 87 56 34 12 33 35 42 74 86 14 11 30 15 35
87 32 13 57 57 58 74 86 69 93 71 10 65 74 27 78 54 72 37 19 46 74 18 15 42 78 10 88 28 58 51 94 66 34 81 37 48 98 0 91 80 56 38 59 25 38 92 73 64 77 38 15 95 77 69 49 98 52 29 49 61 88 27 20 27 35 76 11 87 35 10 71 99 37 17 16 63 37 48 76 43 82 27 41 68 20 38 63 76 18
93 54 80 70 55 47 40 78 97 23 32 13 88 23 10 39 71 78 29 69 20 28 45 59 45 53 20 57 36 65 84 20 51 43 67 27 76 36 91 0 31 51 56 23 11 56 56 59 18 93 52 56 87 75 46 19 73 93 26 16 87 15 22 71 54 68 93 72 42 70 50 36 22 69 71 62 19 88 33 41 21 69 79 36 32 42 25 21 42 50
89 57 81 47 96 44 49 23 24 86 87 85 20 20 87 20 27 93 67 49 81 26 36 38 14 29 67 53 51 77 38 87 78 38 93 11 44 63 80 31 0 19 42 75 77 61 12 83 36 24 59 12 95 36 80 20 22 59 24 23 88 43 66 94 67 90 51 61 37 25 97 92 58 70 87 75 93 64 76 67 13 62 94 94 35 16 18 40 36 50
62 81 81 53 53 15 46 52 21 55 85 38 56 18 24 44 40 96 78 45 70 20 53 24 46 36 74 58 75 58 29 93 59 17 86 51 30 85 56 51 19 0 45 19 90 13 93 95 62 86 27 25 12 43 84 41 11 15 74 80 35 74 92 98 57 19 97 36 59 63 79 89 71 59 51 52 87 52 45 53 11 40 93 56 23 10 71 96 89 16
37 48 99 34 47 12 88 35 40 62 60 48 43 21 82 99 41 66 15 90 28 44 82 87 66 97 52 68 17 36 73 50 26 17 67 51 79 70 38 56 42 45 0 73 44 96 64 15 12 62 34 28 24 86 26 96 17 60 20 80 23 35 70 96 53 15 11 92 34 63 64 47 42 43 97 16 57 95 15 61 45 28 94 20 33 77 55 50 28 89
91 32 36 19 17 13 79 82 56 57 99 66 72 78 29 85 15 65 30 87 62 19 24 47 31 21 79 89 60 96 47 31 72 60 63 94 96 85 59 23 75 19 73 0 69 57 62 30 47 85 22 25 84 83 77 21 43 50 35 45 68 33 73 94 90 76 75 50 11 68 33 99 15 95 84 64 53 53 73 79 59 28 48 82 63 34 63 48 57 64
67 34 60 48 25 63 90 34 58 53 15 64 50 99 32 17 35 88 40 75 51 98 59 37 10 36 65 10 70 21 64 47 79 95 88 19 19 75 25 11 77 90 44 69 0 53 55 86 81 18 66 15 41 20 87 11 48 93 20 48 83 50 24 31 13 58 19 89 70 22 76 49 67 18 84 91 81 84 33 32 16 74 56 19 98 92 73 43 11 96
42 99 11 19 28 97 69 63 97 83 94 54 75 91 58 43 67 70 15 10 53 35 54 92 18 79 11 72 18 25 75 45 60 23 27 28 76 29 38 56 61 13 96 57 53 0 44 31 24 56 22 96 99 68 48 45 98 69 63 14 47 63 92 62 84 35 81 67 58 75 21 83 82 93 94 70 99 74 42 80 63 97 26 61 96 60 11 96 58 80
20 18 65 67 85 80 88 37 61 21 46 98 89 28 19 70 37 29 89 84 12 30 81 30 53 96 68 64 84 35 93 92 27 24 41 22 31 63 92 56 12 93 64 62 55 44 0 93 71 18 53 19 83 79 16 81 66 35 16 98 88 20 83 90 90 67 71 65 98 13 47 67 83 80 13 33 33 61 50 29 42 61 24 10 40 55 79 77 36 41
66 52 57 26 39 12 14 46 45 27 71 90 20 81 97 60 23 51 43 83 23 84 72 85 20 48 34 23 89 29 58 24 41 70 36 63 27 91 73 59 83 95 15 30 86 31 93 0 51 77 47 23 93 17 30 72 97 52 55 45 61 23 47 45 27 54 36 49 48 33 46 53 99 36 67 57 47 34 17 92 84 15 68 59 79 35 97 10 31 67
41 58 69 58 16 39 59 80 39 89 10 54 27 61 27 48 71 20 54 89 70 17 30 23 25 95 36 87 15 28 65 95 88 44 51 40 80 75 64 18 36 62 12 47 81 24 71 51 0 26 79 19 92 43 45 23 94 78 69 51 99 54 26 79 33 60 15 19 95 96 45 31 17 76 46 75 47 97 50 87 29 64 46 38 56 52 20 50 35 20
76 91 40 55 11 87 58 12 30 43 26 64 63 51 76 26 71 76 92 63 51 55 76 35 49 60 81 17 94 12 43 99 73 80 91 87 67 27 77 93 24 86 62 85 18 56 18 77 26 0 55 25 95 79 80 69 54 29 31 38 65 90 47 61 74 82 30 98 32 99 59 55 10 50 44 72 69 95 70 24 13 88 56 82 14 77 17 43 61 95
70 50 41 82 20 93 91 85 99 52 20 72 89 71 29 16 43 44 80 11 77 16 84 48 42 16 64 29 44 75 22 10 99 35 74 86 83 26 38 52 59 27 34 22 66 22 53 47 79 55 0 54 60 20 56 50 81 51 72 93 85 94 19 42 74 35 31 52 42 27 68 12 97 82 63 10 83 87 98 78 64 26 46 76 77 75 35 60 92 77
72 15 65 30 63 78 90 30 73 25 54 43 36 59 28 25 24 16 92 78 88 95 57 54 40 23 81 11 25 68 17 92 72 98 29 31 16 17 15 56 12 25 28 25 15 96 19 23 19 25 54 0 57 40 99 16 23 65 17 52 47 37 35 18 63 84 98 75 93 51 54 38 23 68 98 77 37 35 99 11 77 42 42 15 62 14 24 85 39 38
24 95 43 41 64 77 66 64 41 72 99 74 73 38 40 55 97 18 67 68 97 84 90 42 56 66 47 48 48 77 45 49 81 41 47 50 55 22 95 87 95 12 24 84 41 99 83 93 92 95 60 57 0 37 38 26 28 76 79 24 15 28 31 50 77 43 66 41 44 84 79 40 76 45 92 51 38 22 21 71 67 45 32 28 11 53 81 19 19 84
81 60 13 99 12 15 48 10 65 92 38 27 81 97 16 62 96 23 90 18 38 61 73 68 73 85 75 69 92 93 11 15 68 83 19 70 63 66 77 75 36 43 86 83 20 68 79 17 43 79 20 40 37 0 32 14 30 78 76 61 60 84 61 56 59 57 28 40 69 82 56 97 93 72 28 95 41 47 58 18 59 37 78 37 54 98 52 89 97 21
93 65 90 66 48 92 25 46 46 80 60 12 38 30 37 99 22 23 10 22 81 99 95 23 63 14 63 47 66 51 27 47 40 80 88 35 14 98 69 46 80 84 26 77 87 48 16 30 45 80 56 99 38 32 0 49 76 74 69 22 53 99 61 27 51 47 62 63 86 68 75 65 94 51 84 82 55 44 71 22 56 98 85 93 16 44 93 93 58 72
75 64 19 23 87 33 23 52 66 69 75 54 12 61 60 65 90 89 50 76 18 45 35 92 44 60 52 56 56 89 61 40 15 69 48 65 14 85 49 19 20 41 96 21 11 45 81 72 23 69 50 16 26 14 49 0 65 79 23 61 35 52 83 70 61 12 64 51 34 99 85 10 69 93 61 24 53 49 97 43 34 41 87 75 93 49 67 40 64 12
53 90 23 52 76 25 97 46 30 82 82 79 32 79 11 38 95 27 71 65 90 78 96 33 21 19 21 42 21 33 16 22 84 23 28 81 80 71 98 73 22 11 17 43 48 98 66 97 94 54 81 23 28 30 76 65 0 52 32 56 95 17 34 19 43 20 59 59 43 95 39 13 36 22 77 26 67 93 53 18 98 31 53 28 18 66 88 16 79 18
72 24 13 94 19 89 75 20 69 74 89 90 37 36 87 26 21 69 31 89 11 37 40 19 45 73 34 34 69 97 33 58 69 49 83 61 81 74 52 93 59 15 60 50 93 69 35 52 78 29 51 65 76 78 74 79 52 0 58 62 16 47 89 27 22 81 68 43 68 95 93 70 13 66 47 82 77 73 39 79 16 55 80 21 88 77 85 63 19 68
47 25 34 43 51 13 10 74 49 13 73 39 91 88 31 40 13 72 25 92 78 62 77 84 81 69 38 90 93 91 67 56 81 87 19 44 57 53 29 26 24 74 20 35 20 63 16 55 69 31 72 17 79 76 69 23 32 58 0 40 24 49 91 88 56 45 84 79 20 66 78 99 81 42 46 22 44 56 78 98 74 68 51 16 25 96 27 30 39 58
78 62 75 85 63 21 91 69 12 68 87 55 48 20 68 88 36 20 55 18 61 40 71 26 95 10 69 16 39 62 38 35 92 80 82 86 35 29 49 16 23 80 80 45 48 14 98 45 51 38 93 52 24 61 22 61 56 62 40 0 53 42 97 89 48 63 96 98 72 60 70 87 95 73 48 90 68 21 78 54 46 15 94 13 39 92 80 33 53 39
10 70 66 49 15 75 88 63 82 82 22 40 86 36 70 60 54 25 94 32 62 75 12 51 40 19 36 52 14 94 84 84 56 92 63 38 55 93 61 87 88 35 23 68 83 47 88 61 99 65 85 47 15 60 53 35 95 16 24 53 0 25 72 58 81 10 80 23 49 48 49 20 82 58 75 43 45 35 44 22 69 90 28 17 18 76 90 63 19 48
29 76 25 82 56 59 40 96 20 31 79 78 23 53 36 37 89 43 48 75 37 67 53 33 96 31 65 41 82 21 82 92 92 63 96 47 52 41 88 15 43 74 35 33 50 63 20 23 54 90 94 37 28 84 99 52 17 47 49 42 25 0 28 71 21 29 42 29 25 25 33 59 10 75 38 52 48 88 27 41 13 37 48 62 69 30 22 81 41 50
40 69 62 83 39 85 62 67 93 92 66 22 71 44 56 71 35 18 56 95 65 24 81 11 87 61 46 55 95 80 33 60 38 15 25 97 80 84 27 22 66 92 70 73 24 92 83 47 26 47 19 35 31 61 61 83 34 89 91 97 72 28 0 86 67 72 56 39 33 56 90 83 42 33 91 22 47 11 47 67 74 21 65 93 11 98 31 90 69 69
13 77 22 65 61 60 21 17 84 25 15 75 87 41 43 96 72 50 47 18 66 21 16 42 75 77 26 75 71 40 92 45 92 75 89 49 57 88 20 71 94 98 96 94 31 62 90 45 79 61 42 18 50 56 27 70 19 27 88 89 58 71 86 0 79 15 56 61 99 53 61 41 46 61 15 10 26 10 90 71 20 24 77 37 44 58 83 32 23 52
50 27 67 25 16 57 54 91 84 37 18 20 72 72 61 92 28 70 19 70 13 69 14 22 50 29 53 77 71 94 93 93 47 78 66 37 18 96 27 54 67 57 53 90 13 84 90 27 33 74 74 63 77 59 51 61 43 22 56 48 81 21 67 79 0 88 41 91 11 46 76 78 95 58 53 71 96 24 48 38 14 75 86 25 81 30 71 35 86 91
22 61 11 46 19 47 10 79 15 75 10 66 21 28 46 99 87 20 78 43 91 69 29 83 48 18 86 44 11 48 37 70 76 50 57 77 67 22 35 68 90 19 15 76 58 35 67 54 60 82 35 84 43 57 47 12 20 81 45 63 10 29 72 15 88 0 93 88 46 63 67 15 56 11 59 39 40 84 32 40 91 36 93 31 93 74 18 61 92 24
94 98 96 17 15 32 51 20 89 88 92 40 61 48 36 35 34 30 55 60 85 79 48 70 14 12 50 91 49 54 23 39 56 21 62 42 79 15 76 93 51 97 11 75 19 81 71 36 15 30 31 98 66 28 62 64 59 68 84 96 80 42 56 56 41 93 0 26 39 94 60 64 86 73 32 74 58 86 76 84 72 36 21 78 76 53 17 16 12 93
43 97 96 51 13 75 26 55 60 58 17 39 95 95 14 91 72 81 41 87 78 80 71 65 89 77 86 86 75 26 30 13 51 50 40 40 29 78 11 72 61 36 92 50 89 67 65 49 19 98 52 75 41 40 63 51 59 43 79 98 23 29 39 61 91 88 26 0 95 72 97 77 46 64 49 95 60 32 31 10 97 86 66 73 12 44 94 21 24 83
67 61 39 38 62 43 18 80 31 67 77 14 53 82 28 85 41 27 57 81 70 45 79 80 47 19 69 97 18 64 91 78 96 66 51 48 89 89 87 42 37 59 34 11 70 58 98 48 95 32 42 93 44 69 86 34 43 68 20 72 49 25 33 99 11 46 39 95 0 92 34 34 34 84 43 85 94 17 72 10 54 46 32 92 25 56 10 86 92 62
65 99 82 45 42 30 60 96 20 77 75 63 97 39 66 82 94 37 23 55 64 89 42 52 16 38 49 38 18 76 67 28 35 16 83 54 14 72 35 70 25 63 63 68 22 75 13 33 96 99 27 51 84 82 68 99 95 95 66 60 48 25 56 53 46 63 94 72 92 0 85 74 56 96 97 26 16 93 97 87 79 88 94 52 51 24 30 79 86 68
43 70 14 59 38 33 98 16 11 15 55 49 29 34 68 27 58 61 48 77 36 61 33 53 67 95 12 33 65 28 10 28 54 88 53 74 91 78 10 50 97 79 64 33 76 21 47 46 45 59 68 54 79 56 75 85 39 93 78 70 49 33 90 61 76 67 60 97 34 85 0 63 65 82 15 75 51 33 32 83 78 46 44 83 76 89 17 33 84 52
65 53 17 83 34 48 76 84 99 74 28 30 69 72 52 55 34 85 76 31 12 39 21 60 63 62 75 64 84 89 32 64 48 57 86 24 40 66 71 36 92 89 47 99 49 83 67 53 31 55 12 38 40 97 65 10 13 70 99 87 20 59 83 41 78 15 64 77 34 74 63 0 92 15 24 46 65 97 38 98 43 86 43 20 16 50 56 53 24 95
42 27 20 85 98 47 33 45 41 43 95 10 59 23 91 48 40 46 33 87 37 56 90 72 61 18 28 87 14 67 98 80 54 40 59 63 31 31 99 22 58 71 42 15 67 82 83 99 17 10 97 23 76 93 94 69 36 13 81 95 82 10 42 46 95 56 86 46 34 56 65 92 0 92 61 59 41 18 81 89 90 60 40 23 64 44 24 26 21 94
89 79 90 58 72 28 73 37 21 18 77 74 25 68 82 98 13 56 91 93 48 29 45 38 36 65 97 33 91 47 38 94 53 84 52 35 45 12 37 69 70 59 43 95 18 93 80 36 76 50 82 68 45 72 51 93 22 66 42 73 58 75 33 61 58 11 73 64 84 96 82 15 92 0 94 69 77 38 46 66 68 62 42 85 90 84 98 56 84 86
58 72 67 97 48 70 70 60 43 47 29 32 78 78 39 25 80 68 80 84 59 98 43 84 74 96 76 64 99 77 46 78 65 18 92 34 96 35 17 71 87 51 97 84 84 94 13 67 46 44 63 98 92 28 84 61 77 47 46 48 75 38 91 15 53 59 32 49 43 97 15 24 61 94 0 25 45 40 69 14 35 69 99 64 29 86 13 30 99 44
72 28 34 19 86 72 29 81 40 86 99 75 85 39 16 29 49 97 21 82 72 72 21 15 22 11 56 19 51 13 17 13 65 14 94 28 73 27 16 62 75 52 16 64 91 70 33 57 75 72 10 77 51 95 82 24 26 82 22 90 43 52 22 10 71 39 74 95 85 26 75 46 59 69 25 0 29 47 12 64 19 89 41 99 24 57 76 35 95 88
63 18 81 76 93 67 59 85 55 54 50 15 88 58 93 26 76 27 11 63 94 67 92 87 76 57 14 93 92 16 27 60 31 22 87 84 25 87 63 19 93 87 57 53 81 99 33 47 47 69 83 37 38 41 55 53 67 77 44 68 45 48 47 26 96 40 58 60 94 16 51 65 41 77 45 29 0 97 24 75 74 41 13 57 92 71 80 84 39 60
33 79 48 68 40 38 71 32 93 55 37 77 45 80 73 78 73 49 38 61 66 77 79 67 61 89 18 54 99 25 93 35 23 22 73 88 84 56 37 88 64 52 95 53 84 74 61 34 97 95 87 35 22 47 44 49 93 73 56 21 35 88 11 10 24 84 86 32 17 93 33 97 18 38 40 47 97 0 98 57 29 38 94 49 90 24 85 86 63 53
25 58 80 97 75 85 17 55 39 13 94 28 40 50 88 12 35 13 64 31 61 68 52 29 75 45 24 92 58 76 49 84 84 40 59 94 48 34 48 33 76 45 15 73 33 42 50 17 50 70 98 99 21 58 71 97 53 39 78 78 44 27 47 90 48 32 76 31 72 97 32 38 81 46 69 12 24 98 0 73 71 51 70 88 58 82 87 97 38 74
53 21 22 28 69 97 76 60 30 41 39 63 28 18 10 85 25 21 41 53 38 43 55 39 57 95 73 75 47 81 24 41 76 89 31 42 11 12 76 41 67 53 61 79 32 80 29 92 87 24 78 11 71 18 22 43 18 79 98 54 22 41 67 71 38 40 84 10 10 87 83 98 89 66 14 64 75 57 73 0 84 19 73 60 85 32 93 55 89 66
67 46 97 98 26 42 74 87 62 44 90 64 69 52 41 68 32 14 12 54 27 13 13 84 21 82 20 88 56 16 96 92 99 82 62 31 98 33 43 21 13 11 45 59 16 63 42 84 29 13 64 77 67 59 56 34 98 16 74 46 69 13 74 20 14 91 72 97 54 79 78 43 90 68 35 19 74 29 71 84 0 24 56 29 78 20 44 47 31 44
23 34 35 84 95 44 59 12 58 56 25 22 56 98 19 12 36 41 33 32 60 92 85 96 69 70 35 87 64 94 29 83 96 68 55 15 43 35 82 69 62 40 28 28 74 97 61 15 64 88 26 42 45 37 98 41 31 55 68 15 90 37 21 24 75 36 36 86 46 88 46 86 60 62 69 89 41 38 51 19 24 0 14 99 72 63 85 83 81 78
20 10 54 30 52 36 51 44 46 52 15 62 23 58 32 74 32 90 86 16 69 16 96 27 68 73 57 95 59 23 74 90 23 39 83 35 32 42 27 79 94 93 94 48 56 26 24 68 46 56 46 42 32 78 85 87 53 80 51 94 28 48 65 77 86 93 21 66 32 94 44 43 40 42 99 41 13 94 70 73 56 14 0 46 65 17 86 17 95 85
68 59 62 25 28 68 60 76 69 25 19 85 53 52 37 33 86 92 48 92 56 42 81 34 57 59 95 46 21 31 14 33 61 82 85 40 74 74 41 36 94 56 20 82 19 61 10 59 38 82 76 15 28 37 93 75 28 21 16 13 17 62 93 37 25 31 78 73 92 52 83 20 23 85 64 99 57 49 88 60 29 99 46 0 66 26 36 15 69 48
39 39 93 84 78 93 29 55 63 40 35 22 45 19 24 32 16 72 28 73 72 13 52 78 39 15 23 95 64 72 60 26 79 98 95 99 97 86 68 32 35 23 33 63 98 96 40 79 56 14 77 62 11 54 16 93 18 88 25 39 18 69 11 44 81 93 76 12 25 51 76 16 64 90 29 24 92 90 58 85 78 72 65 66 0 90 57 69 81 73
57 43 17 35 49 48 46 78 96 64 71 42 60 12 58 69 52 57 55 34 41 28 45 67 52 55 48 53 57 60 55 47 40 71 88 17 55 14 20 42 16 10 77 34 92 60 55 35 52 77 75 14 53 98 44 49 66 77 96 92 76 30 98 58 30 74 53 44 56 24 89 50 44 84 86 57 71 24 82 32 20 63 17 26 90 0 83 27 32 61
96 82 25 19 26 42 46 33 15 68 13 22 78 34 64 18 91 58 61 62 13 42 89 74 10 54 42 72 59 34 91 64 90 39 35 49 99 11 38 25 18 71 55 63 73 11 79 97 20 17 35 24 81 52 93 67 88 85 27 80 90 22 31 83 71 18 17 94 10 30 17 56 24 98 13 76 80 85 87 93 44 85 86 36 57 83 0 94 79 34
55 92 13 45 78 38 24 99 72 89 95 13 29 20 25 34 43 22 18 42 52 59 98 45 78 62 75 44 67 83 60 28 59 68 86 94 36 30 63 21 40 96 50 48 43 96 77 10 50 43 60 85 19 89 93 40 16 63 30 33 63 81 90 32 35 61 16 21 86 79 33 53 26 56 30 35 84 86 97 55 47 83 17 15 69 27 94 0 41 58
22 19 21 20 53 99 59 70 53 78 55 74 31 66 17 93 71 59 53 86 95 95 54 17 65 46 23 68 46 37 21 98 94 71 34 19 53 15 76 42 36 89 28 57 11 58 36 31 35 61 92 39 19 97 58 64 79 19 39 53 19 41 69 23 86 92 12 24 92 86 84 24 21 84 99 95 39 63 38 89 31 81 95 69 81 32 79 41 0 19
43 78 84 90 57 71 45 12 21 67 40 72 38 27 14 90 48 98 32 80 99 55 72 75 50 59 34 83 92 94 75 72 74 28 87 92 31 35 18 50 50 16 89 64 96 80 41 67 20 95 77 38 84 21 72 12 18 68 58 39 48 50 69 52 91 24 93 83 62 68 52 95 94 86 44 88 60 53 74 66 44 78 85 48 73 61 34 58 19 0