40
0 24 88 67 57 19 13 80 59 99 29 22 61 29 87 34 89 52 38 19 34 39 65 97 93 34 54 94 49 23 87 64 37 28 90 79 55 70 50 54
24 0 18 81 97 48 22 57 51 66 74 85 65 98 66 47 71 49 74 78 60 33 37 38 46 71 98 37 10 57 75 53 56 19 21 62 44 53 63 24
88 18 0 37 63 28 70 34 80 93 87 12 70 85 66 86 12 11 76 87 43 22 45 40 89 61 18 80 28 92 17 59 48 52 86 86 18 89 60 90
67 81 37 0 74 38 99 24 79 25 60 80 42 14 50 41 32 75 19 56 22 92 28 55 23 49 64 46 12 58 64 42 11 94 15 84 81 61 80 65
57 97 63 74 0 62 45 43 45 19 20 89 44 11 79 93 75 12 35 52 49 64 61 71 22 35 28 92 65 32 71 43 13 75 27 14 28 94 80 27
19 48 28 38 62 0 96 95 49 90 15 92 93 28 69 25 69 53 74 97 43 41 59 94 50 65 75 17 11 49 92 16 36 79 68 18 90 79 66 72
13 22 70 99 45 96 0 59 58 67 76 74 30 20 63 62 49 74 95 99 22 54 41 83 90 26 21 21 81 95 93 57 53 85 97 10 55 79 30 47
80 57 34 24 43 95 59 0 29 90 44 81 59 53 75 31 17 28 62 70 17 16 85 59 43 50 73 92 72 51 34 68 61 49 31 33 75 68 70 34
59 51 80 79 45 49 58 29 0 86 46 59 34 95 37 14 53 99 13 40 88 39 50 57 10 37 30 53 44 19 53 25 51 42 11 54 72 12 49 74
99 66 93 25 19 90 67 90 86 0 23 52 51 90 16 93 28 17 75 95 33 63 25 11 51 18 66 40 26 36 38 92 40 98 62 83 14 20 47 95
29 74 87 60 20 15 76 44 46 23 0 56 51 82 72 84 38 14 93 46 40 88 87 46 16 74 88 13 69 10 32 61 79 21 53 79 84 99 95 58
22 85 12 80 89 92 74 81 59 52 56 0 48 17 92 43 13 80 74 22 85 70 47 31 17 48 32 52 13 75 66 11 33 59 70 51 95 91 10 88
61 65 70 42 44 93 30 59 34 51 51 48 0 22 93 67 74 22 15 20 33 59 29 44 95 95 70 67 20 61 40 31 91 92 39 48 41 11 52 80
29 98 85 14 11 28 20 53 95 90 82 17 22 0 54 79 33 98 82 72 22 35 79 54 92 23 79 26 57 18 75 21 33 75 44 43 37 41 40 73
87 66 66 50 79 69 63 75 37 16 72 92 93 54 0 49 87 59 97 92 17 92 75 27 53 93 75 82 64 73 42 88 33 57 86 62 44 68 20 67
34 47 86 41 93 25 62 31 14 93 84 43 67 79 49 0 37 72 73 23 87 61 38 27 41 56 23 13 52 71 16 39 21 12 72 60 24 17 41 21
89 71 12 32 75 69 49 17 53 28 38 13 74 33 87 37 0 96 51 71 74 27 65 33 95 35 98 54 71 77 26 29 35 67 47 94 23 57 38 72
52 49 11 75 12 53 74 28 99 17 14 80 22 98 59 72 96 0 51 69 95 23 46 17 32 56 25 41 87 39 22 15 57 75 98 52 84 62 88 83
38 74 76 19 35 74 95 62 13 75 93 74 15 82 97 73 51 51 0 89 73 87 32 18 55 46 52 45 79 41 22 25 52 97 55 81 59 18 13 64
19 78 87 56 52 97 99 70 40 95 46 22 20 72 92 23 71 69 89 0 27 67 29 67 18 56 90 21 12 13 13 82 80 18 45 81 20 67 70 40
34 60 43 22 49 43 22 17 88 33 40 85 33 22 17 87 74 95 73 27 0 82 94 70 57 62 57 78 13 23 52 64 17 91 78 14 91 42 39 68
39 33 22 92 64 41 54 16 39 63 88 70 59 35 92 61 27 23 87 67 82 0 52 10 50 79 85 54 48 18 95 77 98 53 42 62 33 12 35 19
65 37 45 28 61 59 41 85 50 25 87 47 29 79 75 38 65 46 32 29 94 52 0 22 21 50 67 59 43 56 84 76 27 24 49 97 70 62 88 26
97 38 40 55 71 94 83 59 57 11 46 31 44 54 27 27 33 17 18 67 70 10 22 0 21 24 44 28 97 87 80 72 95 50 51 18 17 14 99 99
93 46 89 23 22 50 90 43 10 51 16 17 95 92 53 41 95 32 55 18 57 50 21 21 0 19 76 94 24 13 47 17 67 46 11 27 38 40 66 15
34 71 61 49 35 65 26 50 37 18 74 48 95 23 93 56 35 56 46 56 62 79 50 24 19 0 29 29 91 77 28 47 96 14 56 53 83 16 78 43
54 98 18 64 28 75 21 73 30 66 88 32 70 79 75 23 98 25 52 90 57 85 67 44 76 29 0 68 26 24 43 84 95 77 51 92 86 39 49 17
94 37 80 46 92 17 21 92 53 40 13 52 67 26 82 13 54 41 45 21 78 54 59 28 94 29 68 0 26 23 39 65 49 81 10 13 51 93 26 18
49 10 28 12 65 11 81 72 44 26 69 13 20 57 64 52 71 87 79 12 13 48 43 97 24 91 26 26 0 76 12 80 31 34 16 19 65 32 36 89
23 57 92 58 32 49 95 51 19 36 10 75 61 18 73 71 77 39 41 13 23 18 56 87 13 77 24 23 76 0 94 41 65 67 56 70 10 34 77 20
87 75 17 64 71 92 93 34 53 38 32 66 40 75 42 16 26 22 22 13 52 95 84 80 47 28 43 39 12 94 0 46 53 72 48 93 99 78 27 22
64 53 59 42 43 16 57 68 25 92 61 11 31 21 88 39 29 15 25 82 64 77 76 72 17 47 84 65 80 41 46 0 24 74 66 46 97 67 67 98
37 56 48 11 13 36 53 61 51 40 79 33 91 33 33 21 35 57 52 80 17 98 27 95 67 96 95 49 31 65 53 24 0 38 44 61 77 60 81 43
28 19 52 94 75 79 85 49 42 98 21 59 92 75 57 12 67 75 97 18 91 53 24 50 46 14 77 81 34 67 72 74 38 0 66 29 34 12 21 64
90 21 86 15 27 68 97 31 11 62 53 70 39 44 86 72 47 98 55 45 78 42 49 51 11 56 51 10 16 56 48 66 44 66 0 28 72 87 62 75
79 62 86 84 14 18 10 33 54 83 79 51 48 43 62 60 94 52 81 81 14 62 97 18 27 53 92 13 19 70 93 46 61 29 28 0 32 73 69 77
55 44 18 81 28 90 55 75 72 14 84 95 41 37 44 24 23 84 59 20 91 33 70 17 38 83 86 51 65 10 99 97 77 34 72 32 0 45 88 90
70 53 89 61 94 79 79 68 12 20 99 91 11 41 68 17 57 62 18 67 42 12 62 14 40 16 39 93 32 34 78 67 60 12 87 73 45 0 99 18
50 63 60 80 80 66 30 70 49 47 95 10 52 40 20 41 38 88 13 70 39 35 88 99 66 78 49 26 36 77 27 67 81 21 62 69 88 99 0 46
54 24 90 65 27 72 47 34 74 95 58 88 80 73 67 21 72 83 64 40 68 19 26 99 15 43 17 18 89 20 22 98 43 64 75 77 90 18 46 0