130
0 15 92 39 34 91 74 14 93 35 84 39 47 78 44 95 46 89 22 46 83 52 24 41 72 39 65 39 67 26 25 52 92 68 66 97 56 50 90 15 74 36 60 30 13 71 83 81 93 27 14 11 87 69 23 22 91 97 79 94 24 20 48 92 33 96 12 88 72 84 75 52 65 43 87 93 75 11 51 36 15 83 62 83 99 14 76 41 29 95 19 98 86 86 72 50 97 24 34 12 33 10 44 21 64 95 18 92 42 41 79 38 84 56 55 87 86 35 63 81 12 57 84 23 88 66 74 66 74 95
15 0 72 74 55 77 10 96 18 94 36 32 49 28 75 93 76 96 41 16 78 89 60 97 84 35 25 27 22 94 84 80 34 14 72 49 45 63 30 22 86 95 12 43 76 33 73 78 29 35 47 88 12 74 60 12 42 37 77 55 71 15 82 41 30 48 68 86 46 24 76 58 17 94 31 46 60 48 88 80 16 16 14 25 99 84 84 62 77 90 99 82 84 33 75 33 16 94 82 69 11 31 74 24 84 30 49 32 76 17 99 31 20 88 16 62 28 77 81 61 11 95 90 82 77 46 78 41 21 59
92 72 0 52 98 47 56 77 99 36 88 81 62 79 73 43 61 74 41 32 78 31 12 66 36 76 32 93 43 63 14 20 92 30 16 62 82 28 89 86 46 88 92 81 80 46 37 78 96 79 73 21 67 94 93 37 13 25 95 23 14 66 37 42 64 81 35 12 76 56 45 45 65 94 83 59 46 40 31 58 83 11 85 41 26 19 75 37 99 67 68 88 88 47 57 25 35 27 32 31 97 92 57 39 91 22 73 94 37 14 73 22 97 70 30 87 11 50 33 16 66 10 18 72 36 65 63 46 37 15
39 74 52 0 53 19 21 12 74 46 48 89 26 60 33 16 66 40 85 75 11 10 47 49 82 13 95 55 46 30 98 53 90 40 40 64 73 54 87 71 26 80 92 56 42 25 83 34 45 22 44 25 75 80 67 87 38 90 17 91 20 79 50 51 25 15 19 78 91 98 45 93 40 48 67 11 18 40 72 69 58 12 82 99 29 85 65 84 55 76 54 32 30 76 20 94 47 60 10 36 94 68 22 70 85 86 44 76 78 64 34 13 75 20 21 78 41 92 42 79 87 37 78 41 50 80 37 69 64 96
34 55 98 53 0 60 62 48 38 61 16 60 21 10 27 89 95 41 74 16 32 15 42 61 28 77 52 99 27 15 83 27 13 55 18 37 14 63 15 72 86 19 51 21 52 91 35 87 31 90 99 95 83 10 44 79 71 29 87 47 48 29 29 42 16 79 89 38 64 78 41 34 13 12 61 74 64 55 76 76 14 82 41 91 87 22 78 13 80 79 67 32 12 57 39 73 27 21 34 63 50 60 91 20 50 93 42 35 68 49 79 95 77 82 57 31 86 84 70 96 89 96 36 24 74 53 20 45 25 64
91 77 47 19 60 0 15 31 98 94 51 51 75 84 79 82 57 22 75 77 64 55 82 10 48 81 43 72 13 91 20 24 23 88 32 90 48 95 77 42 21 12 34 19 18 93 59 67 19 95 48 99 54 52 44 13 59 47 98 53 86 63 72 37 69 40 26 62 24 55 47 67 88 59 51 43 69 11 72 15 11 96 84 26 48 97 85 69 92 74 40 59 27 14 33 49 53 10 13 72 26 55 72 71 83 71 44 37 67 77 64 80 51 84 75 68 89 44 79 38 23 62 95 78 65 51 26 33 89 22
74 10 56 21 62 15 0 28 95 51 82 41 15 79 37 87 97 35 11 43 61 78 84 76 28 48 35 19 73 21 50 24 40 18 17 88 67 17 86 38 93 45 48 75 78 48 37 48 13 67 89 13 16 32 65 89 51 35 36 20 71 63 72 76 86 92 91 10 80 68 71 74 12 29 50 61 20 76 83 99 79 94 89 76 96 34 17 10 94 61 19 77 62 74 88 87 73 73 35 15 20 99 62 61 45 12 44 61 67 21 34 23 19 70 71 75 27 27 18 69 82 84 16 17 63 42 42 27 21 82
14 96 77 12 48 31 28 0 21 16 73 72 19 71 72 29 56 44 46 90 76 14 87 58 93 73 16 25 22 22 60 54 24 85 17 98 99 56 57 85 12 70 18 24 91 48 31 63 18 82 15 11 24 70 34 15 73 23 10 77 10 11 19 28 65 23 60 48 89 62 43 16 54 41 65 97 98 89 39 37 56 12 49 68 80 84 55 74 37 69 42 76 91 72 36 95 63 45 47 93 41 78 23 23 66 79 63 58 24 15 59 59 63 92 69 51 24 25 49 35 45 21 60 85 56 69 73 60 51 29
93 18 99 74 38 98 95 21 0 66 33 47 13 12 65 71 33 63 50 61 70 37 23 49 12 75 61 26 96 54 25 23 40 40 90 73 88 32 19 97 61 20 83 56 36 39 85 70 51 22 90 83 68 39 96 45 44 78 39 91 59 88 59 30 66 44 35 30 60 47 77 78 31 54 42 62 42 85 20 14 73 60 73 58 46 75 65 66 62 90 25 94 78 37 32 33 49 96 97 69 64 10 49 51 88 40 85 56 25 31 70 55 47 78 13 92 58 52 48 21 51 85 95 51 51 51 81 96 97 26
35 94 36 46 61 94 51 16 66 0 80 84 45 49 17 57 96 26 10 65 44 87 60 54 29 36 87 18 95 11 22 27 40 77 34 72 70 39 45 53 74 36 58 26 15 61 42 59 69 54 88 99 95 97 49 85 79 40 91 83 29 17 63 36 39 49 35 66 30 65 66 97 26 77 55 30 68 25 62 23 30 59 15 70 63 97 97 10 46 87 65 17 55 44 10 10 32 21 39 20 80 97 45 78 38 78 64 40 37 48 84 58 47 51 21 11 65 84 23 51 75 48 47 30 93 31 84 50 35 88
84 36 88 48 16 51 82 73 33 80 0 96 24 52 55 48 77 54 40 49 76 95 23 19 91 39 24 81 74 86 92 84 40 80 53 87 73 93 29 91 47 16 43 91 97 86 49 47 47 31 69 36 65 11 53 80 40 75 19 34 79 52 51 28 93 64 72 54 44 57 66 70 82 67 49 14 72 58 39 87 34 82 85 26 24 14 23 34 34 18 77 14 15 68 94 69 26 45 52 48 26 96 24 20 36 22 21 90 54 74 91 76 44 62 68 21 48 48 97 79 26 10 98 25 27 26 85 10 17 23
39 32 81 89 60 51 41 72 47 84 96 0 96 21 66 72 68 48 26 32 55 77 12 87 44 73 47 70 21 66 84 23 73 54 98 86 34 10 91 60 13 87 28 39 80 30 58 25 99 86 18 29 38 67 28 60 43 92 62 47 60 29 85 64 87 66 13 11 44 81 50 62 71 55 51 51 21 16 35 72 11 63 45 60 93 18 26 75 91 61 50 41 96 80 50 57 11 67 29 50 38 75 95 92 25 75 16 40 63 29 77 40 53 63 94 66 80 57 72 59 52 82 99 72 58 77 32 81 70 25
47 49 62 26 21 75 15 19 13 45 24 96 0 58 77 83 82 62 74 54 95 94 89 61 31 65 90 23 31 21 91 60 62 38 98 86 28 41 57 38 52 65 75 32 55 52 52 28 43 25 62 73 30 81 20 68 57 74 78 90 44 50 30 93 67 37 91 15 54 94 25 95 82 84 77 46 60 77 77 63 98 40 71 91 55 54 57 48 31 76 92 12 87 81 70 23 49 89 68 57 74 32 44 31 54 26 70 51 97 40 87 72 47 76 86 78 95 20 78 36 40 77 42 99 27 90 69 51 92 26
78 28 79 60 10 84 79 71 12 49 52 21 58 0 56 99 19 39 64 47 23 65 87 66 92 32 94 53 81 13 45 12 66 72 20 78 41 36 81 90 83 69 81 20 40 50 16 40 62 94 79 14 30 53 29 55 23 31 47 88 98 43 44 25 22 66 91 71 71 66 74 77 62 93 11 50 37 88 42 69 95 57 13 17 25 96 57 61 39 34 60 66 90 20 66 68 81 36 63 81 33 70 48 60 76 71 94 52 37 11 90 43 85 43 66 55 51 18 71 67 67 10 28 36 90 63 22 14 12 86
44 75 73 33 27 79 37 72 65 17 55 66 77 56 0 63 44 53 86 50 95 56 72 24 86 75 72 32 78 55 76 35 20 57 92 87 13 61 35 65 60 43 64 45 74 27 90 19 15 55 67 94 92 71 87 43 50 95 35 29 64 86 78 96 12 98 53 84 51 48 42 44 91 99 89 63 98 37 59 43 13 22 82 10 71 40 81 17 68 80 38 27 37 99 51 17 81 97 83 10 58 41 55 62 14 43 76 39 90 99 70 28 36 80 80 87 79 92 10 69 59 86 90 94 83 94 10 99 57 28
95 93 43 16 89 82 87 29 71 57 48 72 83 99 63 0 72 40 59 93 39 43 30 54 80 75 31 42 84 29 47 40 41 92 22 46 84 45 63 87 53 66 95 64 92 69 84 41 90 17 42 75 58 98 19 46 98 74 70 31 81 64 34 97 95 14 60 21 58 45 70 30 86 74 34 74 33 25 91 42 16 42 75 56 86 58 46 72 48 16 19 79 75 29 27 46 40 62 92 19 62 81 56 68 23 15 23 95 13 50 48 17 13 13 21 70 52 92 75 86 25 24 91 40 57 63 55 50 81 28
46 76 61 66 95 57 97 56 33 96 77 68 82 19 44 72 0 10 40 66 20 54 12 61 74 19 35 52 91 97 60 39 68 54 30 25 59 37 30 46 19 76 55 55 71 67 25 34 79 85 15 98 20 51 87 88 38 45 94 18 76 30 45 29 92 74 29 30 20 49 54 43 72 22 97 25 79 15 19 94 70 28 64 35 56 24 13 51 42 74 30 98 65 15 98 56 82 37 76 89 75 94 56 49 85 64 82 50 11 15 19 11 26 72 56 20 14 81 72 71 96 60 51 24 26 56 97 96 98 37
89 96 74 40 41 22 35 44 63 26 54 48 62 39 53 40 10 0 64 78 84 61 88 55 97 27 79 16 39 96 55 47 44 90 14 59 30 83 10 94 27 47 66 38 84 65 61 26 95 77 25 77 84 77 19 35 31 34 15 89 28 62 63 85 97 30 70 37 43 30 28 51 69 59 64 69 66 45 23 12 71 69 13 56 28 25 13 61 89 86 66 42 48 88 99 22 84 72 47 62 16 62 44 23 86 58 91 87 47 53 33 63 47 40 10 86 30 87 35 57 87 10 82 65 87 44 94 75 41 21
22 41 41 85 74 75 11 46 50 10 40 26 74 64 86 59 40 64 0 76 87 61 98 15 35 74 12 13 10 22 78 71 45 27 37 44 51 18 59 65 93 70 30 85 95 17 42 38 17 53 98 95 61 78 39 19 52 94 36 70 73 40 74 59 11 48 26 68 18 95 53 21 11 58 65 80 20 18 88 26 51 32 66 37 92 19 94 29 43 14 19 32 60 64 39 25 76 90 53 20 14 68 45 44 89 33 60 73 28 29 91 73 71 88 95 80 61 96 57 69 94 73 15 58 55 51 19 30 83 32
46 16 32 75 16 77 43 90 61 65 49 32 54 47 50 93 66 78 76 0 69 55 75 90 65 33 83 64 40 98 53 46 85 69 25 93 54 83 56 86 41 43 37 18 54 85 68 53 85 18 85 99 61 78 76 59 47 13 21 95 98 94 36 53 24 24 71 71 84 89 82 83 91 56 56 71 17 90 11 76 22 32 51 92 65 73 25 89 82 48 36 56 22 53 78 49 74 61 92 38 57 62 94 93 17 30 34 46 95 12 66 23 42 25 89 59 39 77 10 45 23 59 91 72 44 69 77 99 75 32
83 78 78 11 32 64 61 76 70 44 76 55 95 23 95 39 20 84 87 69 0 95 37 17 83 51 46 99 16 72 32 58 47 94 57 72 44 38 40 69 55 37 39 50 83 92 56 48 82 63 60 43 52 10 93 75 98 50 28 75 11 74 72 84 45 53 82 36 49 38 90 80 70 51 76 93 97 67 18 53 81 37 71 14 86 63 35 66 95 88 95 52 59 24 23 25 93 64 50 25 13 53 53 57 67 25 60 49 49 90 97 61 49 20 94 13 18 56 52 18 20 50 77 64 32 94 39 40 73 86
52 89 31 10 15 55 78 14 37 87 95 77 94 65 56 43 54 61 61 55 95 0 88 10 32 55 28 54 56 14 70 66 87 68 66 13 80 88 41 50 97 82 98 95 54 13 62 83 33 10 82 27 61 39 45 70 75 97 53 25 62 65 23 78 27 31 74 76 65 68 51 13 52 40 86 82 86 70 51 61 73 14 91 21 54 59 69 33 28 23 62 49 67 34 61 36 13 61 35 73 53 64 45 63 23 40 26 23 10 49 81 43 62 87 97 37 60 33 28 85 98 41 36 44 44 81 53 95 23 78
24 60 12 47 42 82 84 87 23 60 23 12 89 87 72 30 12 88 98 75 37 88 0 97 77 80 10 67 76 63 30 88 74 63 76 12 80 46 63 79 58 32 81 51 27 14 96 30 62 31 51 75 79 39 93 39 76 97 84 63 91 84 66 36 49 93 15 14 58 76 63 53 21 94 91 60 94 56 11 92 49 52 98 10 52 84 23 83 27 67 89 67 77 36 64 49 69 38 91 63 26 26 80 20 88 40 87 57 39 75 19 28 90 36 20 80 40 71 43 94 20 85 36 77 67 16 11 94 51 44
41 97 66 49 61 10 76 58 49 54 19 87 61 66 24 54 61 55 15 90 17 10 97 0 90 34 30 60 22 28 22 39 33 13 65 12 80 94 14 64 88 90 42 70 81 98 36 22 26 18 87 79 30 14 62 64 26 12 77 66 86 71 98 32 91 81 10 23 77 48 23 11 21 84 82 34 23 97 15 73 34 81 37 79 11 90 69 96 74 50 46 59 31 48 96 93 97 52 55 53 62 74 54 21 76 43 69 58 97 31 59 94 91 88 72 78 89 37 81 26 11 76 95 31 21 11 48 96 95 83
72 84 36 82 28 48 28 93 12 29 91 44 31 92 86 80 74 97 35 65 83 32 77 90 0 72 10 97 68 72 83 33 67 30 80 90 30 24 16 46 12 88 75 69 18 73 26 84 77 17 76 79 30 59 79 28 34 17 85 60 38 78 22 13 71 20 56 77 10 34 48 84 47 65 37 77 44 14 60 22 29 62 16 17 88 38 25 44 15 84 37 15 20 90 19 41 55 92 55 27 63 43 99 60 72 24 10 48 22 23 80 85 67 32 30 34 70 88 48 23 13 56 91 50 93 19 33 29 65 45
39 35 76 13 77 81 48 73 75 36 39 73 65 32 75 75 19 27 74 33 51 55 80 34 72 0 96 46 82 23 11 74 80 26 73 28 52 35 23 60 39 39 30 98 36 72 41 24 71 13 10 10 41 43 44 59 57 72 83 12 41 30 32 86 59 79 12 99 60 54 49 68 73 81 51 65 70 41 18 87 67 90 71 79 98 98 87 60 55 87 87 63 72 97 31 56 38 71 85 46 70 50 24 96 82 83 81 57 33 26 67 87 33 62 14 26 98 27 88 64 19 29 44 19 55 10 59 74 13 65
65 25 32 95 52 43 35 16 61 87 24 47 90 94 72 31 35 79 12 83 46 28 10 30 10 96 0 65 31 54 32 22 38 46 58 31 69 44 24 32 12 83 13 98 64 54 50 91 87 93 52 22 54 16 32 84 43 27 13 86 61 86 78 96 31 35 74 44 68 44 96 34 90 46 60 26 66 68 36 76 95 22 18 32 15 35 24 28 94 74 96 96 37 48 58 80 82 99 96 74 94 25 39 21 55 38 70 79 32 49 84 50 93 98 25 10 79 50 95 13 38 78 96 10 19 54 59 31 85 27
39 27 93 55 99 72 19 25 26 18 81 70 23 53 32 42 52 16 13 64 99 54 67 60 97 46 65 0 15 20 85 45 31 71 82 90 18 13 33 40 83 10 41 51 48 78 79 62 94 57 38 80 36 43 15 71 59 48 89 75 75 84 37 45 79 51 15 57 79 98 64 27 35 92 86 41 96 88 67 39 61 69 91 42 88 69 42 94 70 14 11 23 29 73 94 33 70 48 96 96 80 98 64 47 33 93 62 55 18 92 52 62 51 94 30 25 44 58 73 71 31 97 70 57 10 84 92 23 89 56
67 22 43 46 27 13 73 22 96 95 74 21 31 81 78 84 91 39 10 40 16 56 76 22 68 82 31 15 0 67 30 36 40 26 40 10 35 25 82 71 29 46 65 80 47 63 62 88 13 12 68 80 52 25 67 28 49 36 28 34 75 35 34 13 71 50 72 33 79 44 95 80 37 47 67 35 97 27 61 32 65 83 59 85 49 18 28 10 19 74 19 88 19 23 90 66 51 51 28 25 87 13 18 83 28 91 22 15 12 71 78 58 82 97 52 58 27 53 68 86 32 56 73 87 36 12 31 37 94 87
26 94 63 30 15 91 21 22 54 11 86 66 21 13 55 29 97 96 22 98 72 14 63 28 72 23 54 20 67 0 22 13 23 76 55 55 39 41 44 15 35 96 11 44 98 62 85 62 43 66 86 76 30 43 96 62 10 46 57 30 54 63 45 62 33 24 31 41 61 15 86 58 77 31 90 47 16 96 62 42 18 62 91 86 24 34 96 37 19 95 92 38 10 51 36 91 19 75 37 69 71 11 13 51 61 93 89 97 79 48 74 34 50 90 77 85 36 31 91 35 13 82 34 79 55 33 56 22 10 94
25 84 14 98 83 20 50 60 25 22 92 84 91 45 76 47 60 55 78 53 32 70 30 22 83 11 32 85 30 22 0 79 36 38 80 85 41 14 48 30 16 61 59 63 54 80 30 26 44 52 26 23 29 93 38 50 36 87 84 80 62 35 71 31 95 55 91 95 32 71 17 21 77 42 29 74 56 77 82 96 44 90 67 13 19 80 17 81 23 43 18 29 54 68 60 68 45 90 55 64 71 63 37 28 80 52 87 22 24 66 84 59 40 26 58 61 79 39 47 38 42 19 18 68 52 70 69 63 93 79
52 80 20 53 27 24 24 54 23 27 84 23 60 12 35 40 39 47 71 46 58 66 88 39 33 74 22 45 36 13 79 0 67 57 55 61 69 15 90 45 93 35 67 48 10 17 81 78 70 96 67 45 20 30 73 28 74 20 76 79 50 60 76 67 86 37 55 15 58 95 75 91 33 35 76 90 99 29 57 57 89 69 12 25 29 88 78 26 32 24 21 32 80 19 40 67 23 28 39 16 86 93 48 42 91 31 71 76 19 44 85 46 31 92 80 19 59 32 88 12 55 88 24 14 32 79 28 34 87 88
92 34 92 90 13 23 40 24 40 40 40 73 62 66 20 41 68 44 45 85 47 87 74 33 67 80 38 31 40 23 36 67 0 54 30 42 46 95 69 72 88 61 22 97 88 82 83 73 63 36 20 96 29 85 87 62 13 31 36 45 39 92 88 25 43 51 33 40 72 99 92 29 87 30 33 80 35 61 22 51 78 97 64 92 85 70 43 24 22 39 97 32 89 69 60 78 39 84 66 28 99 86 77 17 56 96 43 27 45 59 51 73 23 41 45 89 53 46 85 62 68 49 35 97 26 44 48 44 77 24
68 14 30 40 55 88 18 85 40 77 80 54 38 72 57 92 54 90 27 69 94 68 63 13 30 26 46 71 26 76 38 57 54 0 37 21 49 15 92 63 23 66 57 40 50 82 81 46 67 88 43 56 52 87 69 76 27 95 29 45 67 76 40 19 23 27 58 18 80 64 49 76 53 34 36 55 14 82 27 68 74 47 14 30 46 82 75 81 58 62 34 75 55 77 69 54 23 55 31 97 79 80 65 16 57 71 36 41 29 45 58 82 35 76 10 10 18 63 44 53 22 13 71 99 41 63 64 35 56 31
66 72 16 40 18 32 17 17 90 34 53 98 98 20 92 22 30 14 37 25 57 66 76 65 80 73 58 82 40 55 80 55 30 37 0 73 98 19 69 78 39 77 27 36 71 42 12 19 65 23 26 51 61 50 60 67 87 73 72 69 20 98 29 27 28 43 70 47 75 13 23 84 33 70 28 17 55 63 77 68 37 31 40 74 93 67 53 60 59 45 71 81 31 33 47 44 23 11 39 67 17 52 65 67 74 65 54 80 85 76 20 53 35 22 67 25 19 56 16 24 57 68 45 52 53 85 10 63 82 94
97 49 62 64 37 90 88 98 73 72 87 86 86 78 87 46 25 59 44 93 72 13 12 12 90 28 31 90 10 55 85 61 42 21 73 0 45 37 64 80 31 51 44 13 12 21 45 88 14 60 94 12 56 39 27 91 83 25 53 92 69 48 90 39 28 46 91 11 51 24 75 72 27 28 43 18 25 63 11 22 84 51 62 12 93 21 78 44 79 41 90 91 79 88 99 30 95 14 63 47 58 22 88 62 51 99 97 38 71 68 52 42 42 96 62 40 21 98 27 19 20 96 37 73 43 37 80 54 31 84
56 45 82 73 14 48 67 99 88 70 73 34 28 41 13 84 59 30 51 54 44 80 80 80 30 52 69 18 35 39 41 69 46 49 98 45 0 31 50 71 48 65 30 47 87 17 36 26 53 82 54 28 30 27 31 48 88 69 31 15 12 38 89 98 90 67 34 12 25 52 62 32 14 91 96 72 31 69 71 45 89 94 79 60 62 64 52 84 18 80 94 69 75 94 45 18 66 33 66 65 19 26 38 53 51 49 35 34 43 80 77 29 19 59 46 34 60 47 69 47 73 98 19 57 13 64 55 34 44 62
50 63 28 54 63 95 17 56 32 39 93 10 41 36 61 45 37 83 18 83 38 88 46 94 24 35 44 13 25 41 14 15 95 15 19 37 31 0 70 30 39 21 14 77 26 55 91 98 17 56 21 52 93 93 58 28 51 13 85 61 36 97 99 74 64 38 41 55 79 18 46 54 47 64 26 28 86 33 61 81 59 63 33 17 65 89 47 30 10 48 95 84 15 20 95 94 50 91 21 30 78 64 56 33 45 79 12 85 86 92 54 41 36 71 84 47 94 82 13 72 91 62 27 13 36 18 87 97 87 74
90 30 89 87 15 77 86 57 19 45 29 91 57 81 35 63 30 10 59 56 40 41 63 14 16 23 24 33 82 44 48 90 69 92 69 64 50 70 0 40 17 37 93 40 94 88 88 90 27 99 61 36 67 93 21 19 96 55 71 74 46 48 87 96 11 69 86 18 72 37 58 13 28 59 76 92 44 16 50 99 44 92 75 34 60 77 56 16 64 22 61 27 54 34 13 60 40 38 45 75 45 40 28 34 69 79 47 76 62 48 75 61 27 98 90 31 86 44 57 86 23 14 50 62 45 57 94 90 86 66
15 22 86 71 72 42 38 85 97 53 91 60 38 90 65 87 46 94 65 86 69 50 79 64 46 60 32 40 71 15 30 45 72 63 78 80 71 30 40 0 32 16 56 82 76 53 34 17 56 24 29 39 27 89 81 92 59 77 89 45 23 67 81 41 10 60 61 20 91 78 21 83 57 51 95 67 56 25 65 63 68 28 29 65 38 74 45 91 97 42 24 35 71 99 53 87 31 74 44 27 23 14 91 13 89 29 24 86 95 48 86 30 95 23 71 82 34 33 80 37 72 48 34 71 50 58 20 37 28 97
74 86 46 26 86 21 93 12 61 74 47 13 52 83 60 53 19 27 93 41 55 97 58 88 12 39 12 83 29 35 16 93 88 23 39 31 48 39 17 32 0 85 50 41 27 11 78 83 66 90 91 90 95 89 17 37 54 11 25 60 84 39 27 63 27 59 21 16 51 63 24 60 31 74 43 41 77 95 80 36 37 30 69 63 20 22 39 53 18 96 90 14 85 35 89 92 39 56 52 24 80 87 95 55 89 12 74 65 83 69 54 17 68 41 34 18 30 76 50 64 63 97 54 60 33 20 81 82 57 66
36 95 88 80 19 12 45 70 20 36 16 87 65 69 43 66 76 47 70 43 37 82 32 90 88 39 83 10 46 96 61 35 61 66 77 51 65 21 37 16 85 0 72 79 87 64 66 32 97 27 37 16 76 69 27 45 23 76 25 92 35 13 18 14 72 51 38 49 14 38 40 61 82 55 72 59 46 36 10 71 43 48 32 30 50 41 61 52 60 87 25 58 39 53 17 35 75 53 16 63 99 17 65 28 43 18 81 21 15 81 11 69 45 87 34 49 31 50 28 75 80 51 95 50 50 98 21 92 56 73
60 12 92 92 51 34 48 18 83 58 43 28 75 81 64 95 55 66 30 37 39 98 81 42 75 30 13 41 65 11 59 67 22 57 27 44 30 14 93 56 50 72 0 60 98 36 22 82 57 48 17 37 33 34 57 70 54 88 35 81 56 12 62 80 12 57 33 20 98 47 69 54 37 48 63 81 28 52 12 46 18 59 37 77 23 75 20 67 53 92 61 46 68 23 57 16 35 84 84 91 80 38 12 18 60 64 38 32 39 37 16 13 77 77 16 11 51 70 54 38 58 17 74 30 34 85 29 57 67 34
30 43 81 56 21 19 75 24 56 26 91 39 32 20 45 64 55 38 85 18 50 95 51 70 69 98 98 51 80 44 63 48 97 40 36 13 47 77 40 82 41 79 60 0 60 77 20 99 82 37 25 53 43 56 74 89 54 31 50 34 76 50 96 38 47 55 97 71 21 24 68 11 23 91 22 42 35 94 37 82 88 26 37 79 76 91 57 86 50 23 32 87 94 32 62 65 49 65 25 57 63 71 26 60 29 70 90 97 31 13 46 59 53 43 26 83 56 12 73 38 49 60 34 74 46 51 47 24 41 71
13 76 80 42 52 18 78 91 36 15 97 80 55 40 74 92 71 84 95 54 83 54 27 81 18 36 64 48 47 98 54 10 88 50 71 12 87 26 94 76 27 87 98 60 0 71 22 82 37 20 50 52 64 94 16 21 81 64 98 87 67 12 82 81 41 95 64 79 62 30 88 23 84 53 21 42 13 32 60 88 33 19 70 18 51 27 98 83 84 33 25 25 89 97 34 10 20 57 82 86 33 93 70 28 99 96 66 10 14 37 49 55 48 18 13 99 74 55 96 88 19 22 88 42 68 29 75 35 53 27
71 33 46 25 91 93 48 48 39 61 86 30 52 50 27 69 67 65 17 85 92 13 14 98 73 72 54 78 63 62 80 17 82 82 42 21 17 55 88 53 11 64 36 77 71 0 66 42 34 71 45 56 95 94 83 44 66 92 35 55 79 61 51 72 22 38 89 53 92 97 27 98 57 37 72 13 24 82 34 50 47 57 93 98 80 78 35 14 54 69 37 92 67 88 85 55 23 14 20 11 72 91 16 71 38 29 46 99 29 75 33 41 41 65 19 46 91 10 29 68 31 60 30 43 82 46 71 21 40 82
83 73 37 83 35 59 37 31 85 42 49 58 52 16 90 84 25 61 42 68 56 62 96 36 26 41 50 79 62 85 30 81 83 81 12 45 36 91 88 34 78 66 22 20 22 66 0 38 64 77 93 60 55 75 49 35 90 14 68 75 17 74 54 82 45 65 59 82 19 37 75 86 20 40 12 58 45 81 84 96 36 91 64 14 53 20 68 86 75 80 22 41 58 50 17 90 14 59 77 49 52 82 15 68 82 64 43 41 26 38 73 49 21 78 25 22 72 17 29 14 38 70 31 38 55 57 57 68 69 13
81 78 78 34 87 67 48 63 70 59 47 25 28 40 19 41 34 26 38 53 48 83 30 22 84 24 91 62 88 62 26 78 73 46 19 88 26 98 90 17 83 32 82 99 82 42 38 0 67 99 78 29 86 58 79 96 82 69 37 80 62 36 92 41 80 99 59 89 21 54 14 72 85 88 91 87 17 20 13 46 31 59 37 14 36 11 32 75 63 55 20 77 36 71 57 60 51 23 93 16 14 66 49 55 18 45 94 33 52 66 59 43 91 45 10 98 74 13 53 96 88 68 48 15 34 85 79 64 85 88
93 29 96 45 31 19 13 18 51 69 47 99 43 62 15 90 79 95 17 85 82 33 62 26 77 71 87 94 13 43 44 70 63 67 65 14 53 17 27 56 66 97 57 82 37 34 64 67 0 84 29 13 54 62 71 26 67 78 86 49 28 54 60 45 14 52 23 70 34 90 42 13 17 36 97 81 46 47 42 34 31 68 18 78 31 93 61 35 50 31 70 19 75 66 81 32 42 50 62 48 62 55 73 27 50 20 42 39 65 73 95 96 24 80 40 29 35 77 72 17 95 51 69 71 43 79 66 87 66 21
27 35 79 22 90 95 67 82 22 54 31 86 25 94 55 17 85 77 53 18 63 10 31 18 17 13 93 57 12 66 52 96 36 88 23 60 82 56 99 24 90 27 48 37 20 71 77 99 84 0 42 13 61 24 77 75 97 47 55 11 39 58 28 18 45 16 49 38 77 18 14 62 98 65 65 36 80 99 51 40 68 39 97 90 56 45 59 75 84 50 50 67 46 73 98 86 12 19 24 79 69 75 51 55 89 19 72 62 62 17 50 24 33 96 84 77 40 82 76 62 44 35 91 77 40 52 66 61 29 37
14 47 73 44 99 48 89 15 90 88 69 18 62 79 67 42 15 25 98 85 60 82 51 87 76 10 52 38 68 86 26 67 20 43 26 94 54 21 61 29 91 37 17 25 50 45 93 78 29 42 0 97 12 33 53 86 50 84 14 61 59 45 67 53 86 83 62 87 16 49 48 53 16 26 59 27 38 16 84 76 61 71 19 91 15 96 73 86 79 15 12 74 49 79 67 13 14 28 78 92 41 93 29 74 90 74 32 67 92 74 78 18 87 24 57 95 81 93 69 96 30 51 25 86 26 72 63 61 58 78
11 88 21 25 95 99 13 11 83 99 36 29 73 14 94 75 98 77 95 99 43 27 75 79 79 10 22 80 80 76 23 45 96 56 51 12 28 52 36 39 90 16 37 53 52 56 60 29 13 13 97 0 94 19 73 38 96 94 86 98 98 62 54 74 10 88 94 69 46 81 27 79 74 61 89 62 75 76 20 95 86 80 73 74 25 80 95 52 25 73 82 33 48 93 52 87 12 17 35 11 93 42 91 92 28 92 91 21 55 95 96 16 13 78 11 68 52 59 58 14 67 63 85 99 93 64 66 48 39 99
87 12 67 75 83 54 16 24 68 95 65 38 30 30 92 58 20 84 61 61 52 61 79 30 30 41 54 36 52 30 29 20 29 52 61 56 30 93 67 27 95 76 33 43 64 95 55 86 54 61 12 94 0 80 36 83 67 12 18 18 46 49 49 40 13 48 76 32 23 71 48 59 67 86 89 14 68 37 56 45 69 31 12 11 13 91 60 39 52 23 85 82 17 68 83 91 11 84 98 28 31 66 52 96 12 14 97 63 94 37 69 50 34 91 78 92 14 44 58 88 26 91 33 78 51 83 48 96 64 39
69 74 94 80 10 52 32 70 39 97 11 67 81 53 71 98 51 77 78 78 10 39 39 14 59 43 16 43 25 43 93 30 85 87 50 39 27 93 93 89 89 69 34 56 94 94 75 58 62 24 33 19 80 0 36 61 60 24 67 16 51 83 83 57 50 90 93 92 11 46 93 24 15 22 72 87 37 33 32 55 59 65 18 32 52 82 91 72 78 56 30 30 56 17 84 91 18 35 37 92 98 86 83 51 89 88 43 34 18 54 18 61 59 37 49 38 23 64 24 56 44 78 12 45 55 14 75 47 82 71
23 60 93 67 44 44 65 34 96 49 53 28 20 29 87 19 87 19 39 76 93 45 93 62 79 44 32 15 67 96 38 73 87 69 60 27 31 58 21 81 17 27 57 74 16 83 49 79 71 77 53 73 36 36 0 66 64 28 80 15 12 78 99 21 20 80 29 11 77 83 78 28 66 73 41 41 39 94 32 96 80 14 26 80 98 64 73 30 92 43 53 50 96 67 50 27 62 12 59 34 93 12 65 36 75 16 22 53 77 14 90 82 98 79 87 47 55 14 32 56 75 88 45 38 16 74 14 99 79 95
22 12 37 87 79 13 89 15 45 85 80 60 68 55 43 46 88 35 19 59 75 70 39 64 28 59 84 71 28 62 50 28 62 76 67 91 48 28 19 92 37 45 70 89 21 44 35 96 26 75 86 38 83 61 66 0 56 55 33 68 42 98 41 93 53 35 92 86 24 65 94 93 56 43 62 90 49 37 82 75 92 46 31 88 70 65 33 48 95 58 23 55 75 51 12 81 20 40 40 17 20 42 27 51 44 76 71 46 10 75 44 75 89 40 40 18 51 44 92 50 30 29 17 38 71 72 65 79 79 64
91 42 13 38 71 59 51 73 44 79 40 43 57 23 50 98 38 31 52 47 98 75 76 26 34 57 43 59 49 10 36 74 13 27 87 83 88 51 96 59 54 23 54 54 81 66 90 82 67 97 50 96 67 60 64 56 0 21 71 96 60 24 68 22 59 84 47 61 21 75 50 29 78 77 99 30 69 36 34 35 40 76 42 54 35 33 75 19 81 68 45 73 48 15 97 41 26 75 35 75 41 93 30 12 77 88 72 64 29 22 56 21 55 43 21 24 17 39 39 50 31 86 45 57 63 34 46 22 44 65
97 37 25 90 29 47 35 23 78 40 75 92 74 31 95 74 45 34 94 13 50 97 97 12 17 72 27 48 36 46 87 20 31 95 73 25 69 13 55 77 11 76 88 31 64 92 14 69 78 47 84 94 12 24 28 55 21 0 90 74 84 15 58 87 15 94 99 90 91 74 42 73 44 47 28 72 96 61 73 78 13 84 22 62 76 57 46 68 30 80 11 73 11 62 65 46 76 54 50 10 41 88 54 35 61 92 38 94 27 29 19 58 18 92 62 30 24 78 29 41 73 16 12 61 90 13 58 21 74 98
79 77 95 17 87 98 36 10 39 91 19 62 78 47 35 70 94 15 36 21 28 53 84 77 85 83 13 89 28 57 84 76 36 29 72 53 31 85 71 89 25 25 35 50 98 35 68 37 86 55 14 86 18 67 80 33 71 90 0 50 78 22 73 71 14 31 59 45 56 35 82 64 68 58 60 29 59 81 69 25 99 70 27 46 26 19 35 71 37 99 68 41 47 12 77 98 18 37 42 73 20 35 10 37 14 60 70 30 98 30 38 61 21 14 76 51 62 76 94 43 43 95 81 35 44 24 82 56 43 85
94 55 23 91 47 53 20 77 91 83 34 47 90 88 29 31 18 89 70 95 75 25 63 66 60 12 86 75 34 30 80 79 45 45 69 92 15 61 74 45 60 92 81 34 87 55 75 80 49 11 61 98 18 16 15 68 96 74 50 0 84 93 27 74 84 62 34 69 71 77 48 76 44 81 17 87 63 72 38 81 49 88 64 48 18 25 28 23 21 21 50 18 54 16 73 68 25 80 70 87 12 16 34 70 85 99 45 81 33 17 93 35 20 21 31 65 76 57 60 74 83 69 10 79 59 27 92 71 99 34
24 71 14 20 48 86 71 10 59 29 79 60 44 98 64 81 76 28 73 98 11 62 91 86 38 41 61 75 75 54 62 50 39 67 20 69 12 36 46 23 84 35 56 76 67 79 17 62 28 39 59 98 46 51 12 42 60 84 78 84 0 77 65 58 38 66 40 60 49 22 97 52 80 99 27 75 37 24 59 59 61 97 76 17 56 98 69 53 79 81 26 80 87 75 26 44 62 84 60 44 48 55 33 81 61 62 88 38 29 16 56 75 19 66 96 62 14 15 82 19 33 14 56 83 20 75 59 94 66 82
20 15 66 79 29 63 63 11 88 17 52 29 50 43 86 64 30 62 40 94 74 65 84 71 78 30 86 84 35 63 35 60 92 76 98 48 38 97 48 67 39 13 12 50 12 61 74 36 54 58 45 62 49 83 78 98 24 15 22 93 77 0 86 42 70 28 95 11 53 69 11 81 78 35 21 40 79 89 12 38 96 44 58 70 39 90 81 68 28 22 32 88 80 27 83 38 63 89 40 84 39 49 62 70 40 99 25 50 20 12 72 42 79 55 68 56 90 70 16 54 50 22 79 47 20 68 63 97 94 71
48 82 37 50 29 72 72 19 59 63 51 85 30 44 78 34 45 63 74 36 72 23 66 98 22 32 78 37 34 45 71 76 88 40 29 90 89 99 87 81 27 18 62 96 82 51 54 92 60 28 67 54 49 83 99 41 68 58 73 27 65 86 0 55 99 48 77 64 21 63 69 43 56 56 41 71 39 41 14 67 86 31 90 38 73 62 77 85 25 45 39 21 57 53 34 51 81 84 33 97 22 64 54 68 20 90 76 79 58 91 89 28 16 57 41 80 87 52 14 50 15 89 98 93 65 75 98 92 95 98
92 41 42 51 42 37 76 28 30 36 28 64 93 25 96 97 29 85 59 53 84 78 36 32 13 86 96 45 13 62 31 67 25 19 27 39 98 74 96 41 63 14 80 38 81 72 82 41 45 18 53 74 40 57 21 93 22 87 71 74 58 42 55 0 31 32 60 91 62 94 81 48 83 28 89 65 61 89 92 88 42 61 62 64 91 11 87 58 66 58 23 24 86 47 27 74 29 33 18 43 55 87 23 80 49 68 21 53 72 64 27 93 29 18 51 69 74 88 60 18 26 68 20 64 27 71 78 42 85 91
33 30 64 25 16 69 86 65 66 39 93 87 67 22 12 95 92 97 11 24 45 27 49 91 71 59 31 79 71 33 95 86 43 23 28 28 90 64 11 10 27 72 12 47 41 22 45 80 14 45 86 10 13 50 20 53 59 15 14 84 38 70 99 31 0 84 34 58 90 96 49 98 43 22 92 98 58 15 20 49 94 57 98 38 56 44 93 20 97 75 65 64 13 73 92 96 71 59 50 49 85 33 10 63 10 94 68 46 28 12 16 92 18 63 36 21 87 91 32 50 38 89 39 64 71 61 64 15 23 25
96 48 81 15 79 40 92 23 44 49 64 66 37 66 98 14 74 30 48 24 53 31 93 81 20 79 35 51 50 24 55 37 51 27 43 46 67 38 69 60 59 51 57 55 95 38 65 99 52 16 83 88 48 90 80 35 84 94 31 62 66 28 48 32 84 0 49 22 14 57 36 91 20 62 80 53 13 45 26 35 57 40 69 49 34 82 28 46 99 31 31 61 17 95 95 95 39 65 65 43 85 10 37 12 10 14 88 83 70 59 52 88 60 97 40 30 54 97 46 30 33 46 77 17 16 17 37 69 71 78
12 68 35 19 89 26 91 60 35 35 72 13 91 91 53 60 29 70 26 71 82 74 15 10 56 12 74 15 72 31 91 55 33 58 70 91 34 41 86 61 21 38 33 97 64 89 59 59 23 49 62 94 76 93 29 92 47 99 59 34 40 95 77 60 34 49 0 32 99 20 54 33 68 16 63 24 33 70 86 29 38 84 89 33 71 83 97 67 91 22 54 32 15 87 13 99 86 25 74 19 65 77 17 44 10 31 85 14 43 63 50 84 29 89 23 17 55 26 26 61 53 22 37 60 83 27 76 80 46 22
88 86 12 78 38 62 10 48 30 66 54 11 15 71 84 21 30 37 68 71 36 76 14 23 77 99 44 57 33 41 95 15 40 18 47 11 12 55 18 20 16 49 20 71 79 53 82 89 70 38 87 69 32 92 11 86 61 90 45 69 60 11 64 91 58 22 32 0 77 49 93 80 86 37 43 28 35 76 38 26 82 50 38 42 56 62 99 36 40 46 35 77 48 17 32 97 68 49 51 78 35 37 84 30 27 17 91 55 20 79 44 42 74 76 30 97 55 34 76 39 32 38 45 67 99 19 79 62 18 96
72 46 76 91 64 24 80 89 60 30 44 44 54 71 51 58 20 43 18 84 49 65 58 77 10 60 68 79 79 61 32 58 72 80 75 51 25 79 72 91 51 14 98 21 62 92 19 21 34 77 16 46 23 11 77 24 21 91 56 71 49 53 21 62 90 14 99 77 0 72 71 84 34 49 38 89 34 58 16 66 52 13 18 50 57 72 51 58 67 50 45 26 85 55 24 97 43 27 63 12 75 45 58 24 52 29 10 84 66 58 23 24 80 69 95 77 34 29 92 65 27 87 94 98 48 40 52 61 41 36
84 24 56 98 78 55 68 62 47 65 57 81 94 66 48 45 49 30 95 89 38 68 76 48 34 54 44 98 44 15 71 95 99 64 13 24 52 18 37 78 63 38 47 24 30 97 37 54 90 18 49 81 71 46 83 65 75 74 35 77 22 69 63 94 96 57 20 49 72 0 74 53 87 30 60 64 88 80 14 78 21 63 36 99 50 76 85 18 53 30 20 86 35 16 56 79 74 55 64 51 67 10 99 87 86 26 16 78 10 58 62 94 19 14 72 95 11 41 35 28 47 72 50 36 72 41 14 20 33 23
75 76 45 45 41 47 71 43 77 66 66 50 25 74 42 70 54 28 53 82 90 51 63 23 48 49 96 64 95 86 17 75 92 49 23 75 62 46 58 21 24 40 69 68 88 27 75 14 42 14 48 27 48 93 78 94 50 42 82 48 97 11 69 81 49 36 54 93 71 74 0 70 71 11 85 74 77 31 18 89 39 96 62 34 92 41 86 98 71 34 73 12 32 47 77 48 37 51 48 53 75 53 53 62 63 68 27 54 92 33 81 81 57 41 69 99 17 13 11 11 43 61 88 77 94 46 16 74 52 52
52 58 45 93 34 67 74 16 78 97 70 62 95 77 44 30 43 51 21 83 80 13 53 11 84 68 34 27 80 58 21 91 29 76 84 72 32 54 13 83 60 61 54 11 23 98 86 72 13 62 53 79 59 24 28 93 29 73 64 76 52 81 43 48 98 91 33 80 84 53 70 0 44 27 60 17 72 72 11 10 24 80 47 97 36 75 65 49 83 42 78 17 23 49 12 24 98 10 66 61 78 92 20 46 52 56 47 20 76 74 39 81 94 75 21 97 82 64 65 70 25 39 21 78 35 16 38 46 22 59
65 17 65 40 13 88 12 54 31 26 82 71 82 62 91 86 72 69 11 91 70 52 21 21 47 73 90 35 37 77 77 33 87 53 33 27 14 47 28 57 31 82 37 23 84 57 20 85 17 98 16 74 67 15 66 56 78 44 68 44 80 78 56 83 43 20 68 86 34 87 71 44 0 51 42 66 18 75 18 80 98 32 43 23 68 61 76 41 21 86 74 70 81 98 14 82 29 97 36 35 99 37 20 82 73 12 50 82 45 25 50 14 77 44 44 15 53 22 85 51 71 31 43 36 99 48 46 28 40 33
43 94 94 48 12 59 29 41 54 77 67 55 84 93 99 74 22 59 58 56 51 40 94 84 65 81 46 92 47 31 42 35 30 34 70 28 91 64 59 51 74 55 48 91 53 37 40 88 36 65 26 61 86 22 73 43 77 47 58 81 99 35 56 28 22 62 16 37 49 30 11 27 51 0 92 65 45 29 79 60 51 53 22 88 55 67 14 57 72 25 40 23 91 63 61 12 53 85 93 84 23 41 82 33 48 22 70 59 88 51 28 30 35 28 24 40 52 69 13 83 16 63 55 84 32 59 84 32 11 97
87 31 83 67 61 51 50 65 42 55 49 51 77 11 89 34 97 64 65 56 76 86 91 82 37 51 60 86 67 90 29 76 33 36 28 43 96 26 76 95 43 72 63 22 21 72 12 91 97 65 59 89 89 72 41 62 99 28 60 17 27 21 41 89 92 80 63 43 38 60 85 60 42 92 0 27 37 94 76 44 46 77 98 51 62 45 24 46 57 80 14 70 79 11 45 56 89 90 49 13 83 86 81 23 26 11 92 10 93 42 92 29 88 70 18 44 20 16 12 68 47 94 53 46 21 98 24 90 68 87
93 46 59 11 74 43 61 97 62 30 14 51 46 50 63 74 25 69 80 71 93 82 60 34 77 65 26 41 35 47 74 90 80 55 17 18 72 28 92 67 41 59 81 42 42 13 58 87 81 36 27 62 14 87 41 90 30 72 29 87 75 40 71 65 98 53 24 28 89 64 74 17 66 65 27 0 91 81 56 17 45 75 42 83 34 31 66 43 34 32 75 49 90 21 63 94 96 41 72 67 10 65 41 16 18 60 48 70 20 81 39 51 19 88 21 57 87 57 46 87 38 25 58 30 57 73 30 32 97 56
75 60 46 18 64 69 20 98 42 68 72 21 60 37 98 33 79 66 20 17 97 86 94 23 44 70 66 96 97 16 56 99 35 14 55 25 31 86 44 56 77 46 28 35 13 24 45 17 46 80 38 75 68 37 39 49 69 96 59 63 37 79 39 61 58 13 33 35 34 88 77 72 18 45 37 91 0 99 22 96 30 48 98 75 38 11 64 60 83 43 79 24 95 39 89 15 99 54 77 80 45 68 24 13 55 95 28 65 41 95 82 43 94 27 98 24 56 62 21 87 56 41 14 55 47 23 55 94 58 96
11 48 40 40 55 11 76 89 85 25 58 16 77 88 37 25 15 45 18 90 67 70 56 97 14 41 68 88 27 96 77 29 61 82 63 63 69 33 16 25 95 36 52 94 32 82 81 20 47 99 16 76 37 33 94 37 36 61 81 72 24 89 41 89 15 45 70 76 58 80 31 72 75 29 94 81 99 0 83 26 33 21 13 26 90 47 73 37 92 51 82 36 31 41 42 66 91 76 10 46 37 94 69 34 35 11 83 27 80 70 48 63 35 73 40 22 83 45 66 25 43 14 42 15 76 92 75 14 96 24
51 88 31 72 76 72 83 39 20 62 39 35 77 42 59 91 19 23 88 11 18 51 11 15 60 18 36 67 61 62 82 57 22 27 77 11 71 61 50 65 80 10 12 37 60 34 84 13 42 51 84 20 56 32 32 82 34 73 69 38 59 12 14 92 20 26 86 38 16 14 18 11 18 79 76 56 22 83 0 82 36 25 23 61 99 88 79 68 96 23 10 41 31 50 84 96 24 53 26 57 50 22 14 39 76 16 24 21 67 34 23 12 96 21 50 93 79 13 45 95 86 65 37 27 48 35 46 55 17 60
36 80 58 69 76 15 99 37 14 23 87 72 63 69 43 42 94 12 26 76 53 61 92 73 22 87 76 39 32 42 96 57 51 68 68 22 45 81 99 63 36 71 46 82 88 50 96 46 34 40 76 95 45 55 96 75 35 78 25 81 59 38 67 88 49 35 29 26 66 78 89 10 80 60 44 17 96 26 82 0 86 19 76 94 32 31 41 57 81 77 96 99 76 48 31 71 19 45 65 67 97 14 19 75 30 17 72 27 23 30 20 57 22 90 12 95 11 48 13 86 70 83 34 13 81 45 28 50 38 83
15 16 83 58 14 11 79 56 73 30 34 11 98 95 13 16 70 71 51 22 81 73 49 34 29 67 95 61 65 18 44 89 78 74 37 84 89 59 44 68 37 43 18 88 33 47 36 31 31 68 61 86 69 59 80 92 40 13 99 49 61 96 86 42 94 57 38 82 52 21 39 24 98 51 46 45 30 33 36 86 0 83 88 64 86 10 50 43 61 47 43 81 24 87 74 30 26 93 72 99 99 47 63 45 65 38 41 63 53 56 18 38 64 43 68 41 38 88 68 71 85 96 78 36 77 59 18 97 87 43
83 16 11 12 82 96 94 12 60 59 82 63 40 57 22 42 28 69 32 32 37 14 52 81 62 90 22 69 83 62 90 69 97 47 31 51 94 63 92 28 30 48 59 26 19 57 91 59 68 39 71 80 31 65 14 46 76 84 70 88 97 44 31 61 57 40 84 50 13 63 96 80 32 53 77 75 48 21 25 19 83 0 63 46 56 68 98 66 22 10 71 23 26 80 20 18 30 74 99 18 84 42 59 83 46 55 68 16 98 79 46 30 55 89 15 78 22 69 86 93 53 84 93 61 64 84 71 23 67 18
62 14 85 82 41 84 89 49 73 15 85 45 71 13 82 75 64 13 66 51 71 91 98 37 16 71 18 91 59 91 67 12 64 14 40 62 79 33 75 29 69 32 37 37 70 93 64 37 18 97 19 73 12 18 26 31 42 22 27 64 76 58 90 62 98 69 89 38 18 36 62 47 43 22 98 42 98 13 23 76 88 63 0 24 17 32 83 41 73 10 47 38 23 25 50 12 48 41 92 67 74 49 46 56 58 77 80 17 15 69 96 68 13 18 49 87 82 93 85 90 24 26 16 16 86 25 55 83 64 32
83 25 41 99 91 26 76 68 58 70 26 60 91 17 10 56 35 56 37 92 14 21 10 79 17 79 32 42 85 86 13 25 92 30 74 12 60 17 34 65 63 30 77 79 18 98 14 14 78 90 91 74 11 32 80 88 54 62 46 48 17 70 38 64 38 49 33 42 50 99 34 97 23 88 51 83 75 26 61 94 64 46 24 0 15 54 24 39 80 58 27 47 97 51 24 79 80 33 12 92 80 64 27 69 30 83 71 61 32 96 51 61 99 78 54 21 61 94 74 37 49 35 35 48 26 66 21 54 36 95
99 99 26 29 87 48 96 80 46 63 24 93 55 25 71 86 56 28 92 65 86 54 52 11 88 98 15 88 49 24 19 29 85 46 93 93 62 65 60 38 20 50 23 76 51 80 53 36 31 56 15 25 13 52 98 70 35 76 26 18 56 39 73 91 56 34 71 56 57 50 92 36 68 55 62 34 38 90 99 32 86 56 17 15 0 67 78 35 31 41 37 90 88 39 36 34 26 13 39 59 95 37 40 10 40 77 16 14 80 83 70 41 95 65 61 61 15 94 79 98 65 15 92 67 91 11 43 60 53 90
14 84 19 85 22 97 34 84 75 97 14 18 54 96 40 58 24 25 19 73 63 59 84 90 38 98 35 69 18 34 80 88 70 82 67 21 64 89 77 74 22 41 75 91 27 78 20 11 93 45 96 80 91 82 64 65 33 57 19 25 98 90 62 11 44 82 83 62 72 76 41 75 61 67 45 31 11 47 88 31 10 68 32 54 67 0 36 29 18 16 41 42 85 67 61 63 48 92 47 12 44 59 66 58 49 65 77 77 98 96 44 24 78 12 73 68 12 54 25 56 35 93 34 25 12 88 43 75 70 38
76 84 75 65 78 85 17 55 65 97 23 26 57 57 81 46 13 13 94 25 35 69 23 69 25 87 24 42 28 96 17 78 43 75 53 78 52 47 56 45 39 61 20 57 98 35 68 32 61 59 73 95 60 91 73 33 75 46 35 28 69 81 77 87 93 28 97 99 51 85 86 65 76 14 24 66 64 73 79 41 50 98 83 24 78 36 0 97 47 81 48 86 42 91 66 42 16 86 55 89 80 86 64 42 60 81 42 50 34 37 29 50 65 59 99 46 67 17 94 82 85 72 74 14 48 14 72 46 39 53
41 62 37 84 13 69 10 74 66 10 34 75 48 61 17 72 51 61 29 89 66 33 83 96 44 60 28 94 10 37 81 26 24 81 60 44 84 30 16 91 53 52 67 86 83 14 86 75 35 75 86 52 39 72 30 48 19 68 71 23 53 68 85 58 20 46 67 36 58 18 98 49 41 57 46 43 60 37 68 57 43 66 41 39 35 29 97 0 99 68 98 55 33 47 50 16 85 23 65 21 15 21 79 28 62 29 41 76 52 66 64 18 85 24 53 88 49 42 40 87 48 52 67 93 46 98 25 48 40 95
29 77 99 55 80 92 94 37 62 46 34 91 31 39 68 48 42 89 43 82 95 28 27 74 15 55 94 70 19 19 23 32 22 58 59 79 18 10 64 97 18 60 53 50 84 54 75 63 50 84 79 25 52 78 92 95 81 30 37 21 79 28 25 66 97 99 91 40 67 53 71 83 21 72 57 34 83 92 96 81 61 22 73 80 31 18 47 99 0 44 10 50 99 12 26 73 54 45 22 31 49 17 41 14 16 39 58 74 77 84 50 73 45 31 83 19 28 92 33 16 52 50 20 64 99 54 55 59 81 72
95 90 67 76 79 74 61 69 90 87 18 61 76 34 80 16 74 86 14 48 88 23 67 50 84 87 74 14 74 95 43 24 39 62 45 41 80 48 22 42 96 87 92 23 33 69 80 55 31 50 15 73 23 56 43 58 68 80 99 21 81 22 45 58 75 31 22 46 50 30 34 42 86 25 80 32 43 51 23 77 47 10 10 58 41 16 81 68 44 0 85 38 97 35 58 64 99 84 42 76 44 25 30 52 43 91 18 64 69 19 93 45 49 24 41 40 93 38 89 12 21 23 88 78 69 19 48 15 15 10
19 99 68 54 67 40 19 42 25 65 77 50 92 60 38 19 30 66 19 36 95 62 89 46 37 87 96 11 19 92 18 21 97 34 71 90 94 95 61 24 90 25 61 32 25 37 22 20 70 50 12 82 85 30 53 23 45 11 68 50 26 32 39 23 65 31 54 35 45 20 73 78 74 40 14 75 79 82 10 96 43 71 47 27 37 41 48 98 10 85 0 70 37 10 91 48 52 70 93 38 26 67 76 91 44 61 76 37 35 88 47 12 99 63 25 57 46 41 74 18 44 77 58 38 99 48 45 80 40 41
98 82 88 32 32 59 77 76 94 17 14 41 12 66 27 79 98 42 32 56 52 49 67 59 15 63 96 23 88 38 29 32 32 75 81 91 69 84 27 35 14 58 46 87 25 92 41 77 19 67 74 33 82 30 50 55 73 73 41 18 80 88 21 24 64 61 32 77 26 86 12 17 70 23 70 49 24 36 41 99 81 23 38 47 90 42 86 55 50 38 70 0 70 27 98 31 35 27 31 95 19 46 82 17 72 47 68 61 32 56 91 91 41 52 34 55 79 63 82 52 89 21 51 85 19 71 18 73 80 90
86 84 88 30 12 27 62 91 78 55 15 96 87 90 37 75 65 48 60 22 59 67 77 31 20 72 37 29 19 10 54 80 89 55 31 79 75 15 54 71 85 39 68 94 89 67 58 36 75 46 49 48 17 56 96 75 48 11 47 54 87 80 57 86 13 17 15 48 85 35 32 23 81 91 79 90 95 31 31 76 24 26 23 97 88 85 42 33 99 97 37 70 0 63 63 67 80 85 73 68 75 33 32 22 96 42 10 79 16 18 72 18 51 81 76 62 35 70 29 61 61 12 25 11 10 87 89 57 28 62
86 33 47 76 57 14 74 72 37 44 68 80 81 20 99 29 15 88 64 53 24 34 36 48 90 97 48 73 23 51 68 19 69 77 33 88 94 20 34 99 35 53 23 32 97 88 50 71 66 73 79 93 68 17 67 51 15 62 12 16 75 27 53 47 73 95 87 17 55 16 47 49 98 63 11 21 39 41 50 48 87 80 25 51 39 67 91 47 12 35 10 27 63 0 55 53 67 85 11 24 42 79 88 23 95 13 22 72 92 53 33 43 93 84 82 17 39 54 52 19 90 86 43 82 19 27 37 67 24 28
72 75 57 20 39 33 88 36 32 10 94 50 70 66 51 27 98 99 39 78 23 61 64 96 19 31 58 94 90 36 60 40 60 69 47 99 45 95 13 53 89 17 57 62 34 85 17 57 81 98 67 52 83 84 50 12 97 65 77 73 26 83 34 27 92 95 13 32 24 56 77 12 14 61 45 63 89 42 84 31 74 20 50 24 36 61 66 50 26 58 91 98 63 55 0 39 43 26 68 36 89 50 45 46 66 51 90 47 85 77 37 36 37 54 70 25 72 79 16 56 66 65 82 79 17 70 47 83 55 94
50 33 25 94 73 49 87 95 33 10 69 57 23 68 17 46 56 22 25 49 25 36 49 93 41 56 80 33 66 91 68 67 78 54 44 30 18 94 60 87 92 35 16 65 10 55 90 60 32 86 13 87 91 91 27 81 41 46 98 68 44 38 51 74 96 95 99 97 97 79 48 24 82 12 56 94 15 66 96 71 30 18 12 79 34 63 42 16 73 64 48 31 67 53 39 0 48 98 27 69 48 96 27 63 82 25 71 35 64 20 99 81 71 36 36 77 19 15 26 42 43 96 84 53 13 85 24 49 19 98
97 16 35 47 27 53 73 63 49 32 26 11 49 81 81 40 82 84 76 74 93 13 69 97 55 38 82 70 51 19 45 23 39 23 23 95 66 50 40 31 39 75 35 49 20 23 14 51 42 12 14 12 11 18 62 20 26 76 18 25 62 63 81 29 71 39 86 68 43 74 37 98 29 53 89 96 99 91 24 19 26 30 48 80 26 48 16 85 54 99 52 35 80 67 43 48 0 55 79 27 57 60 44 17 55 95 77 66 20 23 64 30 91 96 97 36 80 88 65 79 43 83 48 64 51 68 63 33 80 47
24 94 27 60 21 10 73 45 96 21 45 67 89 36 97 62 37 72 90 61 64 61 38 52 92 71 99 48 51 75 90 28 84 55 11 14 33 91 38 74 56 53 84 65 57 14 59 23 50 19 28 17 84 35 12 40 75 54 37 80 84 89 84 33 59 65 25 49 27 55 51 10 97 85 90 41 54 76 53 45 93 74 41 33 13 92 86 23 45 84 70 27 85 85 26 98 55 0 19 64 50 77 72 76 17 68 88 85 93 31 59 99 66 27 28 85 41 11 46 80 38 63 58 64 85 27 89 29 53 84
34 82 32 10 34 13 35 47 97 39 52 29 68 63 83 92 76 47 53 92 50 35 91 55 55 85 96 96 28 37 55 39 66 31 39 63 66 21 45 44 52 16 84 25 82 20 77 93 62 24 78 35 98 37 59 40 35 50 42 70 60 40 33 18 50 65 74 51 63 64 48 66 36 93 49 72 77 10 26 65 72 99 92 12 39 47 55 65 22 42 93 31 73 11 68 27 79 19 0 42 80 26 58 91 67 26 98 52 96 13 92 58 44 80 31 91 93 19 37 68 25 26 49 63 34 27 64 41 85 88
12 69 31 36 63 72 15 93 69 20 48 50 57 81 10 19 89 62 20 38 25 73 63 53 27 46 74 96 25 69 64 16 28 97 67 47 65 30 75 27 24 63 91 57 86 11 49 16 48 79 92 11 28 92 34 17 75 10 73 87 44 84 97 43 49 43 19 78 12 51 53 61 35 84 13 67 80 46 57 67 99 18 67 92 59 12 89 21 31 76 38 95 68 24 36 69 27 64 42 0 20 10 55 83 81 99 39 37 95 66 96 87 87 44 51 40 75 54 32 15 87 65 46 89 91 64 28 21 22 18
33 11 97 94 50 26 20 41 64 80 26 38 74 33 58 62 75 16 14 57 13 53 26 62 63 70 94 80 87 71 71 86 99 79 17 58 19 78 45 23 80 99 80 63 33 72 52 14 62 69 41 93 31 98 93 20 41 41 20 12 48 39 22 55 85 85 65 35 75 67 75 78 99 23 83 10 45 37 50 97 99 84 74 80 95 44 80 15 49 44 26 19 75 42 89 48 57 50 80 20 0 26 72 88 13 79 89 44 64 40 67 54 53 33 91 59 74 77 49 74 46 97 79 60 64 31 12 50 17 47
10 31 92 68 60 55 99 78 10 97 96 75 32 70 41 81 94 62 68 62 53 64 26 74 43 50 25 98 13 11 63 93 86 80 52 22 26 64 40 14 87 17 38 71 93 91 82 66 55 75 93 42 66 86 12 42 93 88 35 16 55 49 64 87 33 10 77 37 45 10 53 92 37 41 86 65 68 94 22 14 47 42 49 64 37 59 86 21 17 25 67 46 33 79 50 96 60 77 26 10 26 0 94 72 73 29 79 15 40 34 29 77 17 57 57 96 41 87 13 96 85 42 12 45 63 35 68 56 76 87
44 74 57 22 91 72 62 23 49 45 24 95 44 48 55 56 56 44 45 94 53 45 80 54 99 24 39 64 18 13 37 48 77 65 65 88 38 56 28 91 95 65 12 26 70 16 15 49 73 51 29 91 52 83 65 27 30 54 10 34 33 62 54 23 10 37 17 84 58 99 53 20 20 82 81 41 24 69 14 19 63 59 46 27 40 66 64 79 41 30 76 82 32 88 45 27 44 72 58 55 72 94 0 18 39 61 74 40 89 10 97 23 63 52 38 17 85 43 88 63 20 86 25 41 84 94 90 75 43 83
21 24 39 70 20 71 61 23 51 78 20 92 31 60 62 68 49 23 44 93 57 63 20 21 60 96 21 47 83 51 28 42 17 16 67 62 53 33 34 13 55 28 18 60 28 71 68 55 27 55 74 92 96 51 36 51 12 35 37 70 81 70 68 80 63 12 44 30 24 87 62 46 82 33 23 16 13 34 39 75 45 83 56 69 10 58 42 28 14 52 91 17 22 23 46 63 17 76 91 83 88 72 18 0 81 73 35 94 15 36 89 19 62 54 61 67 27 50 41 77 85 62 35 71 42 53 76 44 12 23
64 84 91 85 50 83 45 66 88 38 36 25 54 76 14 23 85 86 89 17 67 23 88 76 72 82 55 33 28 61 80 91 56 57 74 51 51 45 69 89 89 43 60 29 99 38 82 18 50 89 90 28 12 89 75 44 77 61 14 85 61 40 20 49 10 10 10 27 52 86 63 52 73 48 26 18 55 35 76 30 65 46 58 30 40 49 60 62 16 43 44 72 96 95 66 82 55 17 67 81 13 73 39 81 0 67 90 57 48 35 98 96 18 23 61 59 71 81 50 52 92 71 83 79 46 83 16 37 20 48
95 30 22 86 93 71 12 79 40 78 22 75 26 71 43 15 64 58 33 30 25 40 40 43 24 83 38 93 91 93 52 31 96 71 65 99 49 79 79 29 12 18 64 70 96 29 64 45 20 19 74 92 14 88 16 76 88 92 60 99 62 99 90 68 94 14 31 17 29 26 68 56 12 22 11 60 95 11 16 17 38 55 77 83 77 65 81 29 39 91 61 47 42 13 51 25 95 68 26 99 79 29 61 73 67 0 77 44 76 76 42 41 53 32 86 22 66 26 67 42 30 61 44 94 50 12 35 92 36 81
18 49 73 44 42 44 44 63 85 64 21 16 70 94 76 23 82 91 60 34 60 26 87 69 10 81 70 62 22 89 87 71 43 36 54 97 35 12 47 24 74 81 38 90 66 46 43 94 42 72 32 91 97 43 22 71 72 38 70 45 88 25 76 21 68 88 85 91 10 16 27 47 50 70 92 48 28 83 24 72 41 68 80 71 16 77 42 41 58 18 76 68 10 22 90 71 77 88 98 39 89 79 74 35 90 77 0 18 95 57 15 23 64 97 17 13 23 29 64 78 79 68 42 36 80 24 25 48 58 24
92 32 94 76 35 37 61 58 56 40 90 40 51 52 39 95 50 87 73 46 49 23 57 58 48 57 79 55 15 97 22 76 27 41 80 38 34 85 76 86 65 21 32 97 10 99 41 33 39 62 67 21 63 34 53 46 64 94 30 81 38 50 79 53 46 83 14 55 84 78 54 20 82 59 10 70 65 27 21 27 63 16 17 61 14 77 50 76 74 64 37 61 79 72 47 35 66 85 52 37 44 15 40 94 57 44 18 0 93 76 14 20 13 85 14 43 15 27 27 49 37 13 97 84 71 28 15 53 42 83
42 76 37 78 68 67 67 24 25 37 54 63 97 37 90 13 11 47 28 95 49 10 39 97 22 33 32 18 12 79 24 19 45 29 85 71 43 86 62 95 83 15 39 31 14 29 26 52 65 62 92 55 94 18 77 10 29 27 98 33 29 20 58 72 28 70 43 20 66 10 92 76 45 88 93 20 41 80 67 23 53 98 15 32 80 98 34 52 77 69 35 32 16 92 85 64 20 93 96 95 64 40 89 15 48 76 95 93 0 38 47 13 50 13 48 67 57 13 54 66 15 44 98 72 81 23 11 81 34 66
41 17 14 64 49 77 21 15 31 48 74 29 40 11 99 50 15 53 29 12 90 49 75 31 23 26 49 92 71 48 66 44 59 45 76 68 80 92 48 48 69 81 37 13 37 75 38 66 73 17 74 95 37 54 14 75 22 29 30 17 16 12 91 64 12 59 63 79 58 58 33 74 25 51 42 81 95 70 34 30 56 79 69 96 83 96 37 66 84 19 88 56 18 53 77 20 23 31 13 66 40 34 10 36 35 76 57 76 38 0 76 76 74 24 12 22 70 58 40 31 56 12 54 50 53 62 51 88 42 55
79 99 73 34 79 64 34 59 70 84 91 77 87 90 70 48 19 33 91 66 97 81 19 59 80 67 84 52 78 74 84 85 51 58 20 52 77 54 75 86 54 11 16 46 49 33 73 59 95 50 78 96 69 18 90 44 56 19 38 93 56 72 89 27 16 52 50 44 23 62 81 39 50 28 92 39 82 48 23 20 18 46 96 51 70 44 29 64 50 93 47 91 72 33 37 99 64 59 92 96 67 29 97 89 98 42 15 14 47 76 0 66 33 57 21 66 36 68 91 83 89 91 18 49 73 97 58 81 10 99
38 31 22 13 95 80 23 59 55 58 76 40 72 43 28 17 11 63 73 23 61 43 28 94 85 87 50 62 58 34 59 46 73 82 53 42 29 41 61 30 17 69 13 59 55 41 49 43 96 24 18 16 50 61 82 75 21 58 61 35 75 42 28 93 92 88 84 42 24 94 81 81 14 30 29 51 43 63 12 57 38 30 68 61 41 24 50 18 73 45 12 91 18 43 36 81 30 99 58 87 54 77 23 19 96 41 23 20 13 76 66 0 96 17 73 72 72 65 17 95 26 90 76 20 76 96 59 43 73 96
84 20 97 75 77 51 19 63 47 47 44 53 47 85 36 13 26 47 71 42 49 62 90 91 67 33 93 51 82 50 40 31 23 35 35 42 19 36 27 95 68 45 77 53 48 41 21 91 24 33 87 13 34 59 98 89 55 18 21 20 19 79 16 29 18 60 29 74 80 19 57 94 77 35 88 19 94 35 96 22 64 55 13 99 95 78 65 85 45 49 99 41 51 93 37 71 91 66 44 87 53 17 63 62 18 53 64 13 50 74 33 96 0 15 67 79 33 44 18 36 22 77 75 14 27 70 89 26 86 83
56 88 70 20 82 84 70 92 78 51 62 63 76 43 80 13 72 40 88 25 20 87 36 88 32 62 98 94 97 90 26 92 41 76 22 96 59 71 98 23 41 87 77 43 18 65 78 45 80 96 24 78 91 37 79 40 43 92 14 21 66 55 57 18 63 97 89 76 69 14 41 75 44 28 70 88 27 73 21 90 43 89 18 78 65 12 59 24 31 24 63 52 81 84 54 36 96 27 80 44 33 57 52 54 23 32 97 85 13 24 57 17 15 0 87 93 86 71 92 75 91 37 11 68 96 80 51 59 28 40
55 16 30 21 57 75 71 69 13 21 68 94 86 66 80 21 56 10 95 89 94 97 20 72 30 14 25 30 52 77 58 80 45 10 67 62 46 84 90 71 34 34 16 26 13 19 25 10 40 84 57 11 78 49 87 40 21 62 76 31 96 68 41 51 36 40 23 30 95 72 69 21 44 24 18 21 98 40 50 12 68 15 49 54 61 73 99 53 83 41 25 34 76 82 70 36 97 28 31 51 91 57 38 61 61 86 17 14 48 12 21 73 67 87 0 90 87 45 74 52 28 65 95 60 47 36 56 16 99 97
87 62 87 78 31 68 75 51 92 11 21 66 78 55 87 70 20 86 80 59 13 37 80 78 34 26 10 25 58 85 61 19 89 10 25 40 34 47 31 82 18 49 11 83 99 46 22 98 29 77 95 68 92 38 47 18 24 30 51 65 62 56 80 69 21 30 17 97 77 95 99 97 15 40 44 57 24 22 93 95 41 78 87 21 61 68 46 88 19 40 57 55 62 17 25 77 36 85 91 40 59 96 17 67 59 22 13 43 67 22 66 72 79 93 90 0 43 94 58 38 60 74 70 21 29 68 14 63 99 83
86 28 11 41 86 89 27 24 58 65 48 80 95 51 79 52 14 30 61 39 18 60 40 89 70 98 79 44 27 36 79 59 53 18 19 21 60 94 86 34 30 31 51 56 74 91 72 74 35 40 81 52 14 23 55 51 17 24 62 76 14 90 87 74 87 54 55 55 34 11 17 82 53 52 20 87 56 83 79 11 38 22 82 61 15 12 67 49 28 93 46 79 35 39 72 19 80 41 93 75 74 41 85 27 71 66 23 15 57 70 36 72 33 86 87 43 0 32 50 45 70 70 79 52 94 71 62 76 26 60
35 77 50 92 84 44 27 25 52 84 48 57 20 18 92 92 81 87 96 77 56 33 71 37 88 27 50 58 53 31 39 32 46 63 56 98 47 82 44 33 76 50 70 12 55 10 17 13 77 82 93 59 44 64 14 44 39 78 76 57 15 70 52 88 91 97 26 34 29 41 13 64 22 69 16 57 62 45 13 48 88 69 93 94 94 54 17 42 92 38 41 63 70 54 79 15 88 11 19 54 77 87 43 50 81 26 29 27 13 58 68 65 44 71 45 94 32 0 87 17 81 60 92 52 51 58 45 26 54 12
63 81 33 42 70 79 18 49 48 23 97 72 78 71 10 75 72 35 57 10 52 28 43 81 48 88 95 73 68 91 47 88 85 44 16 27 69 13 57 80 50 28 54 73 96 29 29 53 72 76 69 58 58 24 32 92 39 29 94 60 82 16 14 60 32 46 26 76 92 35 11 65 85 13 12 46 21 66 45 13 68 86 85 74 79 25 94 40 33 89 74 82 29 52 16 26 65 46 37 32 49 13 88 41 50 67 64 27 54 40 91 17 18 92 74 58 50 87 0 45 74 58 51 23 20 69 78 62 77 82
81 61 16 79 96 38 69 35 21 51 79 59 36 67 69 86 71 57 69 45 18 85 94 26 23 64 13 71 86 35 38 12 62 53 24 19 47 72 86 37 64 75 38 38 88 68 14 96 17 62 96 14 88 56 56 50 50 41 43 74 19 54 50 18 50 30 61 39 65 28 11 70 51 83 68 87 87 25 95 86 71 93 90 37 98 56 82 87 16 12 18 52 61 19 56 42 79 80 68 15 74 96 63 77 52 42 78 49 66 31 83 95 36 75 52 38 45 17 45 0 54 68 72 45 56 99 32 37 37 66
12 11 66 87 89 23 82 45 51 75 26 52 40 67 59 25 96 87 94 23 20 98 20 11 13 19 38 31 32 13 42 55 68 22 57 20 73 91 23 72 63 80 58 49 19 31 38 88 95 44 30 67 26 44 75 30 31 73 43 83 33 50 15 26 38 33 53 32 27 47 43 25 71 16 47 38 56 43 86 70 85 53 24 49 65 35 85 48 52 21 44 89 61 90 66 43 43 38 25 87 46 85 20 85 92 30 79 37 15 56 89 26 22 91 28 60 70 81 74 54 0 81 43 54 32 49 86 26 18 97
57 95 10 37 96 62 84 21 85 48 10 82 77 10 86 24 60 10 73 59 50 41 85 76 56 29 78 97 56 82 19 88 49 13 68 96 98 62 14 48 97 51 17 60 22 60 70 68 51 35 51 63 91 78 88 29 86 16 95 69 14 22 89 68 89 46 22 38 87 72 61 39 31 63 94 25 41 14 65 83 96 84 26 35 15 93 72 52 50 23 77 21 12 86 65 96 83 63 26 65 97 42 86 62 71 61 68 13 44 12 91 90 77 37 65 74 70 60 58 68 81 0 20 81 97 50 45 50 92 97
84 90 18 78 36 95 16 60 95 47 98 99 42 28 90 91 51 82 15 91 77 36 36 95 91 44 96 70 73 34 18 24 35 71 45 37 19 27 50 34 54 95 74 34 88 30 31 48 69 91 25 85 33 12 45 17 45 12 81 10 56 79 98 20 39 77 37 45 94 50 88 21 43 55 53 58 14 42 37 34 78 93 16 35 92 34 74 67 20 88 58 51 25 43 82 84 48 58 49 46 79 12 25 35 83 44 42 97 98 54 18 76 75 11 95 70 79 92 51 72 43 20 0 63 49 62 27 87 69 83
23 82 72 41 24 78 17 85 51 30 25 72 99 36 94 40 24 65 58 72 64 44 77 31 50 19 10 57 87 79 68 14 97 99 52 73 57 13 62 71 60 50 30 74 42 43 38 15 71 77 86 99 78 45 38 38 57 61 35 79 83 47 93 64 64 17 60 67 98 36 77 78 36 84 46 30 55 15 27 13 36 61 16 48 67 25 14 93 64 78 38 85 11 82 79 53 64 64 63 89 60 45 41 71 79 94 36 84 72 50 49 20 14 68 60 21 52 52 23 45 54 81 63 0 93 15 32 73 46 35
88 77 36 50 74 65 63 56 51 93 27 58 27 90 83 57 26 87 55 44 32 44 67 21 93 55 19 10 36 55 52 32 26 41 53 43 13 36 45 50 33 50 34 46 68 82 55 34 43 40 26 93 51 55 16 71 63 90 44 59 20 20 65 27 71 16 83 99 48 72 94 35 99 32 21 57 47 76 48 81 77 64 86 26 91 12 48 46 99 69 99 19 10 19 17 13 51 85 34 91 64 63 84 42 46 50 80 71 81 53 73 76 27 96 47 29 94 51 20 56 32 97 49 93 0 66 60 39 24 49
66 46 65 80 53 51 42 69 51 31 26 77 90 63 94 63 56 44 51 69 94 81 16 11 19 10 54 84 12 33 70 79 44 63 85 37 64 18 57 58 20 98 85 51 29 46 57 85 79 52 72 64 83 14 74 72 34 13 24 27 75 68 75 71 61 17 27 19 40 41 46 16 48 59 98 73 23 92 35 45 59 84 25 66 11 88 14 98 54 19 48 71 87 27 70 85 68 27 27 64 31 35 94 53 83 12 24 28 23 62 97 96 70 80 36 68 71 58 69 99 49 50 62 15 66 0 14 74 19 83
74 78 63 37 20 26 42 73 81 84 85 32 69 22 10 55 97 94 19 77 39 53 11 48 33 59 59 92 31 56 69 28 48 64 10 80 55 87 94 20 81 21 29 47 75 71 57 79 66 66 63 66 48 75 14 65 46 58 82 92 59 63 98 78 64 37 76 79 52 14 16 38 46 84 24 30 55 75 46 28 18 71 55 21 43 43 72 25 55 48 45 18 89 37 47 24 63 89 64 28 12 68 90 76 16 35 25 15 11 51 58 59 89 51 56 14 62 45 78 32 86 45 27 32 60 14 0 13 41 52
66 41 46 69 45 33 27 60 96 50 10 81 51 14 99 50 96 75 30 99 40 95 94 96 29 74 31 23 37 22 63 34 44 35 63 54 34 97 90 37 82 92 57 24 35 21 68 64 87 61 61 48 96 47 99 79 22 21 56 71 94 97 92 42 15 69 80 62 61 20 74 46 28 32 90 32 94 14 55 50 97 23 83 54 60 75 46 48 59 15 80 73 57 67 83 49 33 29 41 21 50 56 75 44 37 92 48 53 81 88 81 43 26 59 16 63 76 26 62 37 26 50 87 73 39 74 13 0 32 80
74 21 37 64 25 89 21 51 97 35 17 70 92 12 57 81 98 41 83 75 73 23 51 95 65 13 85 89 94 10 93 87 77 56 82 31 44 87 86 28 57 56 67 41 53 40 69 85 66 29 58 39 64 82 79 79 44 74 43 99 66 94 95 85 23 71 46 18 41 33 52 22 40 11 68 97 58 96 17 38 87 67 64 36 53 70 39 40 81 15 40 80 28 24 55 19 80 53 85 22 17 76 43 12 20 36 58 42 34 42 10 73 86 28 99 99 26 54 77 37 18 92 69 46 24 19 41 32 0 39
95 59 15 96 64 22 82 29 26 88 23 25 26 86 28 28 37 21 32 32 86 78 44 83 45 65 27 56 87 94 79 88 24 31 94 84 62 74 66 97 66 73 34 71 27 82 13 88 21 37 78 99 39 71 95 64 65 98 85 34 82 71 98 91 25 78 22 96 36 23 52 59 33 97 87 56 96 24 60 83 43 18 32 95 90 38 53 95 72 10 41 90 62 28 94 98 47 84 88 18 47 87 83 23 48 81 24 83 66 55 99 96 83 40 97 83 60 12 82 66 97 97 83 35 49 83 52 80 39 0