70
0 52 24 25 75 68 29 27 13 41 47 91 18 13 56 39 87 37 43 27 93 26 21 32 10 64 62 25 18 46 45 49 15 26 11 30 68 95 56 14 18 31 44 27 42 31 37 83 23 91 36 72 81 10 21 92 17 14 82 76 31 77 66 45 12 23 86 68 92 14
52 0 84 36 22 29 52 76 40 43 97 43 74 39 22 50 12 72 61 81 78 14 88 18 65 82 41 34 41 91 76 30 57 67 12 91 54 78 31 19 63 21 96 50 55 78 94 74 33 11 87 41 98 96 64 82 49 19 87 10 83 87 34 54 26 55 73 51 73 35
24 84 0 53 75 51 63 71 80 72 12 19 14 69 96 54 75 88 63 16 66 42 96 89 66 16 19 65 68 88 22 76 49 17 80 43 28 65 65 77 89 98 78 21 47 35 15 19 21 62 89 48 38 53 17 98 71 16 53 58 27 55 93 85 51 13 74 81 22 74
25 36 53 0 41 69 59 11 55 21 26 12 55 35 71 50 43 43 14 31 17 80 98 12 14 44 62 32 84 34 98 71 63 42 53 97 28 70 56 99 10 95 72 75 89 36 37 59 41 43 62 13 17 34 49 97 58 19 98 91 30 35 27 50 25 45 67 59 23 61
75 22 75 41 0 58 52 41 98 18 79 21 75 68 68 59 44 28 74 17 91 66 31 27 17 78 14 64 94 58 98 45 49 71 63 74 10 25 80 52 44 28 70 31 37 77 58 34 69 37 49 44 37 63 63 95 69 25 63 20 28 88 81 30 15 32 66 61 68 24
68 29 51 69 58 0 28 66 86 25 86 50 35 26 39 43 60 70 15 98 54 78 17 62 87 93 44 37 71 85 98 38 76 36 86 23 49 39 83 88 12 12 90 71 89 11 57 23 29 68 17 80 40 60 47 62 84 67 20 23 41 24 50 90 44 75 89 71 17 42
29 52 63 59 52 28 0 94 46 96 61 70 37 81 43 48 31 99 80 50 10 38 72 34 46 26 47 51 75 57 31 86 48 71 18 16 25 23 97 50 76 94 15 32 33 13 52 66 65 88 62 22 56 38 79 37 29 72 95 87 91 21 56 95 88 12 41 12 42 48
27 76 71 11 41 66 94 0 20 67 63 33 59 57 67 35 63 86 46 93 50 71 73 84 85 27 75 54 32 66 49 74 82 98 11 32 87 82 53 68 27 11 28 25 73 87 23 81 84 69 91 29 29 33 80 79 49 48 39 75 52 12 76 87 10 54 35 49 78 14
13 40 80 55 98 86 46 20 0 34 97 29 92 67 41 57 63 94 86 21 37 86 85 35 71 55 83 70 74 30 57 87 22 21 21 57 67 96 83 46 74 74 66 40 77 18 85 46 50 17 93 84 12 98 52 71 25 66 98 96 48 12 32 88 63 30 18 66 86 41
41 43 72 21 18 25 96 67 34 0 30 46 81 88 17 47 24 84 24 47 52 77 15 94 17 85 72 98 68 40 25 97 53 78 61 23 36 31 39 91 70 52 97 65 87 16 96 97 10 19 99 62 82 62 48 93 95 82 45 80 44 21 77 18 75 89 22 32 61 99
47 97 12 26 79 86 61 63 97 30 0 94 86 70 58 64 98 80 93 30 20 92 34 28 25 65 30 35 59 79 80 19 40 67 65 32 66 68 72 67 74 25 75 89 83 22 71 58 25 19 37 60 43 61 51 49 13 40 69 84 83 39 45 52 26 80 82 37 38 58
91 43 19 12 21 50 70 33 29 46 94 0 81 20 99 10 77 18 14 45 89 74 13 51 65 29 68 13 58 39 10 46 68 25 73 63 69 50 84 18 73 75 52 10 29 66 35 51 51 57 84 44 44 50 69 80 97 55 53 24 82 69 95 78 25 13 67 96 77 74
18 74 14 55 75 35 37 59 92 81 86 81 0 70 70 76 85 93 43 51 75 22 96 95 24 96 16 31 69 93 84 19 23 85 35 72 46 16 41 48 48 48 24 70 12 92 81 75 71 30 64 40 20 66 86 83 23 95 23 54 40 28 63 84 22 33 50 10 74 68
13 39 69 35 68 26 81 57 67 88 70 20 70 0 70 45 97 91 93 68 27 92 39 36 28 18 62 13 64 65 64 84 57 84 69 23 38 82 68 94 56 18 94 70 72 62 84 11 73 83 51 14 52 85 97 30 65 55 40 98 68 35 42 68 17 89 10 38 90 48
56 22 96 71 68 39 43 67 41 17 58 99 70 70 0 70 76 21 74 70 51 35 97 87 62 68 42 14 80 77 46 26 81 17 15 98 57 11 66 56 21 45 53 96 92 41 69 99 70 23 28 38 59 39 78 45 82 62 61 59 31 89 82 38 58 79 65 61 51 60
39 50 54 50 59 43 48 35 57 47 64 10 76 45 70 0 59 49 45 56 90 90 18 13 72 47 58 17 82 25 64 49 80 44 57 78 62 28 26 75 77 84 82 33 84 63 54 99 40 41 40 91 75 48 56 50 98 47 51 27 86 25 13 22 16 28 20 98 11 13
87 12 75 43 44 60 31 63 63 24 98 77 85 97 76 59 0 46 81 44 86 17 91 24 86 15 93 33 78 90 12 21 34 35 33 76 42 83 45 99 50 78 51 28 81 72 89 27 79 28 67 27 93 24 91 80 62 68 21 45 25 75 73 69 35 77 72 27 91 85
37 72 88 43 28 70 99 86 94 84 80 18 93 91 21 49 46 0 21 54 27 64 16 40 23 54 57 55 49 16 10 46 35 56 90 80 27 70 29 68 44 99 45 95 30 45 90 93 62 54 15 92 95 74 25 10 29 40 80 53 71 19 42 46 95 35 47 76 98 31
43 61 63 14 74 15 80 46 86 24 93 14 43 93 74 45 81 21 0 73 37 28 65 47 44 93 46 25 53 87 67 59 32 26 50 46 56 72 53 37 90 94 29 77 21 92 18 34 63 26 38 18 28 67 88 55 72 52 52 52 35 66 15 65 29 22 46 60 72 84
27 81 16 31 17 98 50 93 21 47 30 45 51 68 70 56 44 54 73 0 29 60 25 77 76 83 71 99 49 66 26 51 14 28 15 71 63 23 21 99 86 12 12 80 51 89 23 86 39 90 10 71 87 93 61 24 29 57 78 20 25 53 58 36 84 35 12 42 29 89
93 78 66 17 91 54 10 50 37 52 20 89 75 27 51 90 86 27 37 29 0 25 20 96 14 20 81 13 70 56 60 91 64 91 73 86 68 30 26 73 65 59 18 81 89 89 97 64 25 36 30 16 32 76 59 67 65 30 41 52 29 73 55 60 63 78 92 56 19 31
26 14 42 80 66 78 38 71 86 77 92 74 22 92 35 90 17 64 28 60 25 0 12 41 73 28 10 80 36 87 52 14 83 13 90 51 95 62 75 60 61 23 28 24 67 61 40 65 44 35 68 10 72 21 59 48 47 90 23 22 54 88 85 85 43 19 90 30 63 81
21 88 96 98 31 17 72 73 85 15 34 13 96 39 97 18 91 16 65 25 20 12 0 61 87 20 79 44 43 61 74 95 57 70 22 33 10 75 55 47 30 13 65 21 30 20 41 91 35 94 91 24 68 27 16 39 22 14 60 29 74 34 48 72 46 74 66 91 27 65
32 18 89 12 27 62 34 84 35 94 28 51 95 36 87 13 24 40 47 77 96 41 61 0 72 45 16 57 49 61 67 97 44 48 80 58 38 90 68 19 42 88 39 35 11 53 20 84 88 69 78 79 60 79 56 78 46 44 73 36 42 69 50 63 32 60 81 75 89 37
10 65 66 14 17 87 46 85 71 17 25 65 24 28 62 72 86 23 44 76 14 73 87 72 0 76 57 50 21 56 45 52 77 88 17 19 11 82 42 67 11 46 65 34 24 83 25 31 45 99 79 91 39 88 47 57 39 57 11 98 30 74 74 81 59 62 33 53 85 55
64 82 16 44 78 93 26 27 55 85 65 29 96 18 68 47 15 54 93 83 20 28 20 45 76 0 71 49 99 70 83 77 77 94 35 15 36 15 74 20 44 24 85 89 17 21 43 57 71 28 11 38 30 49 66 73 24 24 75 26 55 42 95 80 53 63 55 96 26 56
62 41 19 62 14 44 47 75 83 72 30 68 16 62 42 58 93 57 46 71 81 10 79 16 57 71 0 47 43 97 66 52 65 63 81 69 62 57 88 82 76 40 38 33 91 26 66 65 35 29 23 71 14 26 38 43 71 41 68 75 25 32 20 27 51 46 48 49 74 55
25 34 65 32 64 37 51 54 70 98 35 13 31 13 14 17 33 55 25 99 13 80 44 57 50 49 47 0 72 41 87 73 79 37 60 52 83 55 83 16 53 78 17 73 80 18 19 87 58 30 17 14 19 46 87 39 19 17 62 70 73 72 95 44 73 41 38 30 49 19
18 41 68 84 94 71 75 32 74 68 59 58 69 64 80 82 78 49 53 49 70 36 43 49 21 99 43 72 0 75 27 99 35 57 60 73 20 34 40 84 33 96 24 12 87 86 98 61 46 22 51 42 86 99 87 74 35 60 86 44 46 57 46 74 68 82 39 32 66 64
46 91 88 34 58 85 57 66 30 40 79 39 93 65 77 25 90 16 87 66 56 87 61 61 56 70 97 41 75 0 55 18 73 21 63 10 99 77 69 56 80 62 45 60 56 87 17 95 69 11 66 55 74 97 85 21 56 61 62 45 89 94 73 78 54 55 32 62 28 95
45 76 22 98 98 98 31 49 57 25 80 10 84 64 46 64 12 10 67 26 60 52 74 67 45 83 66 87 27 55 0 24 10 84 79 49 21 48 95 57 79 82 25 32 80 87 10 63 69 49 61 42 50 39 94 72 49 71 57 76 48 22 28 86 89 94 41 12 22 56
49 30 76 71 45 38 86 74 87 97 19 46 19 84 26 49 21 46 59 51 91 14 95 97 52 77 52 73 99 18 24 0 35 40 63 14 73 45 20 15 94 68 91 48 15 92 40 88 75 11 55 34 43 82 34 28 74 49 40 26 13 14 43 68 92 28 87 35 16 33
15 57 49 63 49 76 48 82 22 53 40 68 23 57 81 80 34 35 32 14 64 83 57 44 77 77 65 79 35 73 10 35 0 46 89 96 61 80 26 86 97 50 40 44 88 83 97 84 93 98 45 48 31 30 35 99 76 14 49 28 26 10 77 96 44 10 22 69 76 48
26 67 17 42 71 36 71 98 21 78 67 25 85 84 17 44 35 56 26 28 91 13 70 48 88 94 63 37 57 21 84 40 46 0 87 89 55 95 26 22 51 29 67 66 50 27 54 99 98 84 86 60 13 43 28 62 98 26 62 26 18 94 62 48 71 22 38 33 71 85
11 12 80 53 63 86 18 11 21 61 65 73 35 69 15 57 33 90 50 15 73 90 22 80 17 35 81 60 60 63 79 63 89 87 0 75 39 60 78 25 21 87 19 50 39 97 44 86 83 69 89 57 67 94 33 58 26 47 25 54 12 32 13 28 90 96 48 71 16 94
30 91 43 97 74 23 16 32 57 23 32 63 72 23 98 78 76 80 46 71 86 51 33 58 19 15 69 52 73 10 49 14 96 89 75 0 46 85 36 79 81 94 36 71 31 65 33 14 95 32 22 18 40 75 47 37 37 95 99 30 86 56 85 16 40 13 70 85 52 37
68 54 28 28 10 49 25 87 67 36 66 69 46 38 57 62 42 27 56 63 68 95 10 38 11 36 62 83 20 99 21 73 61 55 39 46 0 73 54 65 41 72 35 49 58 55 94 62 50 27 20 89 33 43 60 34 80 10 75 14 33 23 18 10 79 15 99 51 71 41
95 78 65 70 25 39 23 82 96 31 68 50 16 82 11 28 83 70 72 23 30 62 75 90 82 15 57 55 34 77 48 45 80 95 60 85 73 0 16 33 82 14 20 39 37 17 90 44 53 21 95 35 76 56 99 95 14 39 80 25 74 22 17 32 21 45 12 22 18 70
56 31 65 56 80 83 97 53 83 39 72 84 41 68 66 26 45 29 53 21 26 75 55 68 42 74 88 83 40 69 95 20 26 26 78 36 54 16 0 23 13 56 26 56 55 87 85 57 64 64 20 57 87 90 25 15 65 15 89 57 96 91 12 55 26 84 24 78 37 89
14 19 77 99 52 88 50 68 46 91 67 18 48 94 56 75 99 68 37 99 73 60 47 19 67 20 82 16 84 56 57 15 86 22 25 79 65 33 23 0 72 96 42 73 93 47 79 46 19 28 91 42 98 22 11 94 92 23 75 80 80 96 42 21 76 84 43 90 64 27
18 63 89 10 44 12 76 27 74 70 74 73 48 56 21 77 50 44 90 86 65 61 30 42 11 44 76 53 33 80 79 94 97 51 21 81 41 82 13 72 0 46 30 80 77 88 16 30 49 85 66 64 37 60 16 25 39 93 61 83 48 11 47 75 71 95 58 30 43 81
31 21 98 95 28 12 94 11 74 52 25 75 48 18 45 84 78 99 94 12 59 23 13 88 46 24 40 78 96 62 82 68 50 29 87 94 72 14 56 96 46 0 41 60 27 52 53 12 74 49 23 43 47 84 72 25 42 39 66 89 49 94 84 22 11 87 58 75 88 22
44 96 78 72 70 90 15 28 66 97 75 52 24 94 53 82 51 45 29 12 18 28 65 39 65 85 38 17 24 45 25 91 40 67 19 36 35 20 26 42 30 41 0 54 40 78 70 33 46 49 37 67 88 27 70 37 51 18 39 80 98 54 26 59 55 25 64 58 92 16
27 50 21 75 31 71 32 25 40 65 89 10 70 70 96 33 28 95 77 80 81 24 21 35 34 89 33 73 12 60 32 48 44 66 50 71 49 39 56 73 80 60 54 0 74 74 22 27 94 83 74 24 62 52 11 37 82 88 93 66 38 79 70 26 55 83 38 96 87 67
42 55 47 89 37 89 33 73 77 87 83 29 12 72 92 84 81 30 21 51 89 67 30 11 24 17 91 80 87 56 80 15 88 50 39 31 58 37 55 93 77 27 40 74 0 23 76 28 31 25 82 51 71 44 24 13 99 81 74 88 33 56 74 69 25 92 57 90 18 16
31 78 35 36 77 11 13 87 18 16 22 66 92 62 41 63 72 45 92 89 89 61 20 53 83 21 26 18 86 87 87 92 83 27 97 65 55 17 87 47 88 52 78 74 23 0 66 69 86 31 61 35 38 92 78 53 43 35 72 57 84 39 33 71 78 25 15 92 66 56
37 94 15 37 58 57 52 23 85 96 71 35 81 84 69 54 89 90 18 23 97 40 41 20 25 43 66 19 98 17 10 40 97 54 44 33 94 90 85 79 16 53 70 22 76 66 0 35 20 77 99 74 51 30 65 12 97 45 42 52 92 48 70 79 47 52 54 70 35 37
83 74 19 59 34 23 66 81 46 97 58 51 75 11 99 99 27 93 34 86 64 65 91 84 31 57 65 87 61 95 63 88 84 99 86 14 62 44 57 46 30 12 33 27 28 69 35 0 41 85 98 23 83 38 15 89 91 98 47 80 72 22 87 72 45 28 79 78 81 19
23 33 21 41 69 29 65 84 50 10 25 51 71 73 70 40 79 62 63 39 25 44 35 88 45 71 35 58 46 69 69 75 93 98 83 95 50 53 64 19 49 74 46 94 31 86 20 41 0 43 21 46 80 35 82 97 32 80 84 25 53 78 98 94 65 65 76 68 65 55
91 11 62 43 37 68 88 69 17 19 19 57 30 83 23 41 28 54 26 90 36 35 94 69 99 28 29 30 22 11 49 11 98 84 69 32 27 21 64 28 85 49 49 83 25 31 77 85 43 0 57 65 64 88 60 51 52 19 28 69 32 86 65 98 34 67 97 82 66 72
36 87 89 62 49 17 62 91 93 99 37 84 64 51 28 40 67 15 38 10 30 68 91 78 79 11 23 17 51 66 61 55 45 86 89 22 20 95 20 91 66 23 37 74 82 61 99 98 21 57 0 67 89 33 89 58 87 64 76 11 86 47 99 91 47 46 36 31 64 12
72 41 48 13 44 80 22 29 84 62 60 44 40 14 38 91 27 92 18 71 16 10 24 79 91 38 71 14 42 55 42 34 48 60 57 18 89 35 57 42 64 43 67 24 51 35 74 23 46 65 67 0 60 15 95 11 78 40 39 58 29 37 98 78 67 87 12 25 94 13
81 98 38 17 37 40 56 29 12 82 43 44 20 52 59 75 93 95 28 87 32 72 68 60 39 30 14 19 86 74 50 43 31 13 67 40 33 76 87 98 37 47 88 62 71 38 51 83 80 64 89 60 0 14 90 38 37 49 88 13 57 64 84 56 83 89 99 68 78 24
10 96 53 34 63 60 38 33 98 62 61 50 66 85 39 48 24 74 67 93 76 21 27 79 88 49 26 46 99 97 39 82 30 43 94 75 43 56 90 22 60 84 27 52 44 92 30 38 35 88 33 15 14 0 31 46 39 29 75 62 38 50 45 98 34 40 55 71 74 26
21 64 17 49 63 47 79 80 52 48 51 69 86 97 78 56 91 25 88 61 59 59 16 56 47 66 38 87 87 85 94 34 35 28 33 47 60 99 25 11 16 72 70 11 24 78 65 15 82 60 89 95 90 31 0 97 12 34 66 65 51 61 54 99 12 97 46 47 55 60
92 82 98 97 95 62 37 79 71 93 49 80 83 30 45 50 80 10 55 24 67 48 39 78 57 73 43 39 74 21 72 28 99 62 58 37 34 95 15 94 25 25 37 37 13 53 12 89 97 51 58 11 38 46 97 0 80 12 16 82 78 13 50 32 41 22 55 78 13 18
17 49 71 58 69 84 29 49 25 95 13 97 23 65 82 98 62 29 72 29 65 47 22 46 39 24 71 19 35 56 49 74 76 98 26 37 80 14 65 92 39 42 51 82 99 43 97 91 32 52 87 78 37 39 12 80 0 53 93 46 56 69 88 69 20 22 27 33 88 41
14 19 16 19 25 67 72 48 66 82 40 55 95 55 62 47 68 40 52 57 30 90 14 44 57 24 41 17 60 61 71 49 14 26 47 95 10 39 15 23 93 39 18 88 81 35 45 98 80 19 64 40 49 29 34 12 53 0 23 15 35 25 92 20 66 91 40 20 93 80
82 87 53 98 63 20 95 39 98 45 69 53 23 40 61 51 21 80 52 78 41 23 60 73 11 75 68 62 86 62 57 40 49 62 25 99 75 80 89 75 61 66 39 93 74 72 42 47 84 28 76 39 88 75 66 16 93 23 0 80 71 48 94 67 88 45 61 86 25 94
76 10 58 91 20 23 87 75 96 80 84 24 54 98 59 27 45 53 52 20 52 22 29 36 98 26 75 70 44 45 76 26 28 26 54 30 14 25 57 80 83 89 80 66 88 57 52 80 25 69 11 58 13 62 65 82 46 15 80 0 85 98 73 98 25 41 21 85 58 84
31 83 27 30 28 41 91 52 48 44 83 82 40 68 31 86 25 71 35 25 29 54 74 42 30 55 25 73 46 89 48 13 26 18 12 86 33 74 96 80 48 49 98 38 33 84 92 72 53 32 86 29 57 38 51 78 56 35 71 85 0 60 43 50 14 43 78 11 92 66
77 87 55 35 88 24 21 12 12 21 39 69 28 35 89 25 75 19 66 53 73 88 34 69 74 42 32 72 57 94 22 14 10 94 32 56 23 22 91 96 11 94 54 79 56 39 48 22 78 86 47 37 64 50 61 13 69 25 48 98 60 0 59 41 32 55 47 92 81 82
66 34 93 27 81 50 56 76 32 77 45 95 63 42 82 13 73 42 15 58 55 85 48 50 74 95 20 95 46 73 28 43 77 62 13 85 18 17 12 42 47 84 26 70 74 33 70 87 98 65 99 98 84 45 54 50 88 92 94 73 43 59 0 56 93 65 97 10 47 90
45 54 85 50 30 90 95 87 88 18 52 78 84 68 38 22 69 46 65 36 60 85 72 63 81 80 27 44 74 78 86 68 96 48 28 16 10 32 55 21 75 22 59 26 69 71 79 72 94 98 91 78 56 98 99 32 69 20 67 98 50 41 56 0 10 12 62 16 35 51
12 26 51 25 15 44 88 10 63 75 26 25 22 17 58 16 35 95 29 84 63 43 46 32 59 53 51 73 68 54 89 92 44 71 90 40 79 21 26 76 71 11 55 55 25 78 47 45 65 34 47 67 83 34 12 41 20 66 88 25 14 32 93 10 0 55 76 26 56 33
23 55 13 45 32 75 12 54 30 89 80 13 33 89 79 28 77 35 22 35 78 19 74 60 62 63 46 41 82 55 94 28 10 22 96 13 15 45 84 84 95 87 25 83 92 25 52 28 65 67 46 87 89 40 97 22 22 91 45 41 43 55 65 12 55 0 83 87 35 77
86 73 74 67 66 89 41 35 18 22 82 67 50 10 65 20 72 47 46 12 92 90 66 81 33 55 48 38 39 32 41 87 22 38 48 70 99 12 24 43 58 58 64 38 57 15 54 79 76 97 36 12 99 55 46 55 27 40 61 21 78 47 97 62 76 83 0 44 32 64
68 51 81 59 61 71 12 49 66 32 37 96 10 38 61 98 27 76 60 42 56 30 91 75 53 96 49 30 32 62 12 35 69 33 71 85 51 22 78 90 30 75 58 96 90 92 70 78 68 82 31 25 68 71 47 78 33 20 86 85 11 92 10 16 26 87 44 0 82 85
92 73 22 23 68 17 42 78 86 61 38 77 74 90 51 11 91 98 72 29 19 63 27 89 85 26 74 49 66 28 22 16 76 71 16 52 71 18 37 64 43 88 92 87 18 66 35 81 65 66 64 94 78 74 55 13 88 93 25 58 92 81 47 35 56 35 32 82 0 55
14 35 74 61 24 42 48 14 41 99 58 74 68 48 60 13 85 31 84 89 31 81 65 37 55 56 55 19 64 95 56 33 48 85 94 37 41 70 89 27 81 22 16 67 16 56 37 19 55 72 12 13 24 26 60 18 41 80 94 84 66 82 90 51 33 77 64 85 55 0