40
0 43 81 89 76 44 92 32 48 84 31 57 62 27 40 97 24 30 75 25 67 23 87 54 63 95 69 20 57 34 93 40 69 61 78 16 72 27 67 36
43 0 13 27 50 13 76 49 42 23 35 98 65 42 70 47 20 85 24 85 98 32 57 66 89 53 52 73 50 36 61 25 40 91 65 18 81 68 15 77
81 13 0 82 93 55 76 99 79 60 84 66 85 79 31 57 26 26 86 65 36 41 15 86 43 95 95 31 54 75 68 43 12 31 21 58 54 30 99 39
89 27 82 0 50 96 41 74 66 16 36 78 92 20 57 81 97 78 92 63 19 82 26 81 96 56 45 48 98 33 75 18 41 56 62 70 95 95 56 81
76 50 93 50 0 21 79 93 82 31 56 80 42 43 91 97 14 14 17 72 46 59 96 51 91 57 94 43 79 51 35 36 37 16 52 32 10 99 99 63
44 13 55 96 21 0 93 43 91 13 99 10 46 20 15 23 11 42 86 48 83 30 44 85 97 54 54 80 73 40 96 53 11 81 75 88 24 45 99 73
92 76 76 41 79 93 0 54 69 80 91 82 92 85 26 95 56 22 75 60 21 92 40 42 68 24 52 38 15 42 15 90 28 73 91 54 42 57 84 74
32 49 99 74 93 43 54 0 51 98 33 21 75 43 75 85 36 90 51 96 67 28 19 20 19 97 27 46 41 62 17 90 51 83 23 34 26 55 62 18
48 42 79 66 82 91 69 51 0 55 98 90 47 80 19 82 24 55 72 68 91 72 33 14 89 87 45 49 13 62 73 65 48 47 59 58 32 27 96 70
84 23 60 16 31 13 80 98 55 0 18 28 36 86 63 52 82 56 38 16 72 31 87 64 39 89 19 34 13 84 33 98 18 17 86 32 84 71 97 72
31 35 84 36 56 99 91 33 98 18 0 83 25 12 22 31 91 15 66 40 65 80 23 17 83 76 27 61 70 92 14 65 46 91 17 27 55 44 72 13
57 98 66 78 80 10 82 21 90 28 83 0 11 69 21 66 19 22 29 29 82 37 31 89 15 85 14 47 53 19 81 59 16 44 25 83 21 14 76 37
62 65 85 92 42 46 92 75 47 36 25 11 0 11 37 44 38 67 82 96 19 58 49 56 33 43 28 36 71 74 84 96 43 14 16 76 72 16 14 20
27 42 79 20 43 20 85 43 80 86 12 69 11 0 32 51 89 73 59 64 93 57 27 35 80 62 99 75 17 31 67 10 67 65 95 55 69 40 19 40
40 70 31 57 91 15 26 75 19 63 22 21 37 32 0 99 71 16 22 50 30 30 35 31 96 95 80 25 67 40 88 75 59 23 14 34 27 23 46 89
97 47 57 81 97 23 95 85 82 52 31 66 44 51 99 0 34 20 41 28 65 41 68 29 46 56 69 17 57 25 24 24 96 56 46 93 24 92 61 89
24 20 26 97 14 11 56 36 24 82 91 19 38 89 71 34 0 44 47 62 53 37 25 98 84 53 70 59 22 58 39 19 52 74 91 73 60 39 78 36
30 85 26 78 14 42 22 90 55 56 15 22 67 73 16 20 44 0 85 98 91 43 95 61 79 50 16 70 26 99 91 68 81 58 26 66 12 95 93 99
75 24 86 92 17 86 75 51 72 38 66 29 82 59 22 41 47 85 0 45 80 83 39 16 19 95 60 75 48 81 45 18 24 15 47 94 43 60 79 39
25 85 65 63 72 48 60 96 68 16 40 29 96 64 50 28 62 98 45 0 77 81 20 79 87 97 81 25 92 21 25 65 95 15 21 53 32 19 62 26
67 98 36 19 46 83 21 67 91 72 65 82 19 93 30 65 53 91 80 77 0 32 87 64 25 42 98 92 80 43 98 62 68 49 93 84 61 48 77 11
23 32 41 82 59 30 92 28 72 31 80 37 58 57 30 41 37 43 83 81 32 0 39 62 42 94 83 75 34 91 36 80 61 67 34 56 77 48 51 72
87 57 15 26 96 44 40 19 33 87 23 31 49 27 35 68 25 95 39 20 87 39 0 46 10 36 53 56 29 12 18 74 15 75 92 76 57 87 90 23
54 66 86 81 51 85 42 20 14 64 17 89 56 35 31 29 98 61 16 79 64 62 46 0 53 42 68 93 98 45 26 65 42 60 88 15 76 38 44 65
63 89 43 96 91 97 68 19 89 39 83 15 33 80 96 46 84 79 19 87 25 42 10 53 0 10 55 51 33 21 53 98 29 22 99 67 58 97 45 76
95 53 95 56 57 54 24 97 87 89 76 85 43 62 95 56 53 50 95 97 42 94 36 42 10 0 93 50 31 19 85 42 25 51 76 37 14 32 90 19
69 52 95 45 94 54 52 27 45 19 27 14 28 99 80 69 70 16 60 81 98 83 53 68 55 93 0 60 33 66 90 55 69 51 48 51 45 72 56 64
20 73 31 48 43 80 38 46 49 34 61 47 36 75 25 17 59 70 75 25 92 75 56 93 51 50 60 0 18 43 55 52 92 36 69 11 50 16 19 41
57 50 54 98 79 73 15 41 13 13 70 53 71 17 67 57 22 26 48 92 80 34 29 98 33 31 33 18 0 21 18 88 33 62 89 28 84 73 96 14
34 36 75 33 51 40 42 62 62 84 92 19 74 31 40 25 58 99 81 21 43 91 12 45 21 19 66 43 21 0 72 84 65 46 56 95 93 89 12 75
93 61 68 75 35 96 15 17 73 33 14 81 84 67 88 24 39 91 45 25 98 36 18 26 53 85 90 55 18 72 0 49 59 33 47 98 92 64 49 81
40 25 43 18 36 53 90 90 65 98 65 59 96 10 75 24 19 68 18 65 62 80 74 65 98 42 55 52 88 84 49 0 52 17 43 91 41 15 78 33
69 40 12 41 37 11 28 51 48 18 46 16 43 67 59 96 52 81 24 95 68 61 15 42 29 25 69 92 33 65 59 52 0 57 55 64 44 86 11 66
61 91 31 56 16 81 73 83 47 17 91 44 14 65 23 56 74 58 15 15 49 67 75 60 22 51 51 36 62 46 33 17 57 0 17 82 22 53 36 13
78 65 21 62 52 75 91 23 59 86 17 25 16 95 14 46 91 26 47 21 93 34 92 88 99 76 48 69 89 56 47 43 55 17 0 71 86 80 99 86
16 18 58 70 32 88 54 34 58 32 27 83 76 55 34 93 73 66 94 53 84 56 76 15 67 37 51 11 28 95 98 91 64 82 71 0 79 68 22 28
72 81 54 95 10 24 42 26 32 84 55 21 72 69 27 24 60 12 43 32 61 77 57 76 58 14 45 50 84 93 92 41 44 22 86 79 0 22 29 83
27 68 30 95 99 45 57 55 27 71 44 14 16 40 23 92 39 95 60 19 48 48 87 38 97 32 72 16 73 89 64 15 86 53 80 68 22 0 25 94
67 15 99 56 99 99 84 62 96 97 72 76 14 19 46 61 78 93 79 62 77 51 90 44 45 90 56 19 96 12 49 78 11 36 99 22 29 25 0 44
36 77 39 81 63 73 74 18 70 72 13 37 20 40 89 89 36 99 39 26 11 72 23 65 76 19 64 41 14 75 81 33 66 13 86 28 83 94 44 0