115
0 33 42 77 53 16 78 64 46 93 39 13 74 10 53 96 93 78 37 64 44 89 67 71 28 52 28 18 20 53 32 17 77 14 87 13 15 89 18 80 55 33 41 74 51 96 79 23 58 61 96 91 70 26 88 61 50 91 92 85 32 92 81 11 83 41 10 87 42 61 63 64 16 15 84 79 59 58 93 91 98 70 20 84 26 94 51 99 31 66 13 29 77 17 89 44 45 66 60 58 57 65 68 63 80 73 47 37 67 86 92 28 98 90 19
33 0 34 74 28 96 99 72 80 61 70 17 35 28 39 99 76 49 40 79 11 83 19 64 95 92 29 87 22 50 60 99 95 98 43 38 19 67 17 28 42 31 72 96 81 51 42 72 20 68 70 12 11 66 38 83 75 99 27 23 41 54 68 75 63 51 42 94 81 17 25 73 75 23 77 80 67 56 12 74 45 50 59 79 27 14 46 92 86 46 48 72 88 33 42 89 48 61 72 72 38 20 39 25 10 39 54 62 43 75 91 37 79 76 30
42 34 0 32 61 53 45 18 89 22 33 85 53 81 81 72 80 14 51 70 87 65 54 91 13 10 85 76 27 61 89 64 47 57 28 85 93 67 64 45 13 25 74 53 94 87 41 79 46 47 81 42 18 62 23 63 92 61 78 46 95 18 33 49 19 15 78 52 15 60 73 17 37 18 94 64 15 56 76 25 32 52 53 84 41 18 34 76 33 51 44 19 36 70 28 74 81 28 61 42 53 37 20 34 29 55 28 49 71 83 12 44 55 79 21
77 74 32 0 92 29 48 52 36 32 87 16 19 52 16 81 93 11 11 11 87 24 78 26 62 77 96 39 48 58 61 62 43 69 86 54 26 13 91 44 40 41 46 10 57 68 84 61 88 57 51 33 37 79 69 77 75 30 59 63 46 30 14 58 72 10 36 42 80 83 24 21 39 98 87 80 18 34 87 72 51 32 53 98 32 12 81 52 65 73 31 35 26 63 13 11 17 62 33 47 19 21 61 71 27 81 14 41 75 61 22 70 36 11 72
53 28 61 92 0 84 33 39 49 13 93 91 83 94 50 86 85 48 82 24 28 50 77 96 92 48 99 58 51 75 13 86 50 55 29 28 15 97 94 58 67 76 11 63 18 70 17 68 39 71 12 78 87 84 48 89 32 31 75 94 84 88 67 97 86 22 94 75 49 55 22 54 61 17 69 35 83 80 14 25 20 24 16 69 38 61 84 58 76 16 17 57 78 86 83 32 14 84 20 72 52 56 85 64 83 31 21 44 98 36 94 60 83 94 56
16 96 53 29 84 0 24 94 22 40 33 67 35 90 62 20 67 65 94 51 81 58 34 57 12 17 82 64 97 56 78 11 90 13 81 17 98 90 22 25 97 44 16 11 12 76 68 49 88 13 14 28 52 68 26 59 85 70 23 12 72 22 21 65 53 78 36 36 70 83 29 23 73 50 31 36 61 63 54 75 20 94 57 48 82 71 23 82 28 67 52 83 24 61 95 59 28 28 23 66 31 27 87 25 85 69 20 67 37 36 64 55 41 43 99
78 99 45 48 33 24 0 15 43 78 85 13 42 86 71 34 48 38 43 65 36 95 39 97 16 71 94 17 78 11 53 66 65 96 61 47 63 35 80 84 88 99 98 40 38 17 81 91 72 51 46 67 63 61 72 68 97 73 94 55 71 79 38 89 69 67 68 49 84 69 76 66 33 71 80 66 98 69 56 61 15 89 77 27 86 27 48 78 90 91 95 37 61 82 93 79 65 76 53 15 74 68 11 10 43 32 80 41 56 25 80 73 66 82 88
64 72 18 52 39 94 15 0 54 20 81 61 82 63 97 36 54 63 11 90 44 87 96 44 67 78 29 59 73 33 95 33 48 90 88 20 23 78 50 72 22 73 62 82 35 10 78 80 50 70 17 55 44 59 20 67 15 86 97 12 31 14 42 63 38 42 60 54 72 13 74 70 51 21 57 56 97 50 27 29 99 68 61 17 12 17 31 58 51 41 56 62 98 56 40 24 84 35 12 97 72 35 59 71 24 10 84 86 22 48 21 88 11 46 34
46 80 89 36 49 22 43 54 0 43 88 51 18 82 53 12 42 28 37 95 91 11 17 97 96 65 78 71 62 14 81 40 66 58 17 15 78 60 18 27 97 23 84 33 43 13 53 21 46 43 47 71 81 88 98 14 13 70 77 79 15 94 86 86 89 69 75 20 19 55 61 18 89 11 56 34 15 33 87 43 32 47 19 47 39 31 24 80 32 52 75 94 99 53 52 17 13 27 11 29 89 51 94 83 37 49 70 18 71 95 37 66 50 12 45
93 61 22 32 13 40 78 20 43 0 62 58 58 24 57 60 77 60 39 66 32 34 12 65 92 85 10 33 22 42 98 19 30 56 66 80 24 23 77 93 58 92 25 14 79 16 53 51 85 17 56 88 71 64 31 50 76 86 50 47 71 75 56 50 10 71 90 15 32 61 96 64 71 43 80 91 20 12 85 38 55 56 65 91 54 48 12 16 15 37 48 99 87 32 17 31 83 13 51 92 96 42 72 47 51 49 15 72 82 82 15 72 26 61 55
39 70 33 87 93 33 85 81 88 62 0 12 11 19 11 54 45 26 69 84 12 60 26 89 99 58 73 66 54 20 73 46 81 33 65 66 50 88 98 17 48 45 36 96 33 80 45 85 69 64 42 14 32 57 45 68 98 30 64 23 60 66 56 62 96 94 82 87 72 21 59 66 37 28 77 74 46 24 12 22 59 57 77 55 14 10 53 16 65 76 65 50 31 62 47 63 72 16 95 18 77 98 21 45 57 89 87 70 55 40 20 54 72 66 76
13 17 85 16 91 67 13 61 51 58 12 0 30 79 94 71 85 53 84 74 71 33 95 68 75 52 64 88 66 98 75 90 29 30 23 66 57 71 62 94 97 24 61 96 28 18 88 56 66 78 84 34 93 51 77 53 75 71 32 87 85 61 49 31 60 91 69 28 38 65 64 85 55 89 95 14 45 63 95 33 79 71 26 55 50 80 91 52 52 94 76 98 66 13 82 34 39 36 94 47 74 20 75 88 77 54 27 37 56 45 95 46 13 20 72
74 35 53 19 83 35 42 82 18 58 11 30 0 49 36 39 84 93 42 92 61 84 44 13 32 44 33 76 17 76 92 21 43 50 55 59 24 76 26 63 21 86 18 45 64 84 71 97 67 68 77 78 59 34 76 61 42 77 96 61 65 52 54 73 51 28 48 72 69 56 80 64 74 78 13 94 56 60 58 78 71 54 99 64 75 87 78 47 23 78 53 99 97 96 35 77 40 67 67 90 19 46 94 19 59 78 48 64 62 88 55 62 12 37 35
10 28 81 52 94 90 86 63 82 24 19 79 49 0 45 11 97 28 61 10 20 49 95 90 12 89 48 28 49 31 36 83 13 39 86 18 19 42 31 66 93 53 47 11 51 33 49 65 47 20 57 93 20 32 51 88 70 79 74 31 23 19 85 10 81 72 62 55 38 44 74 20 13 59 66 56 68 80 46 30 42 71 35 31 33 90 74 96 70 57 54 88 95 66 50 31 90 35 16 91 83 75 82 76 67 36 12 51 10 45 99 33 56 75 32
53 39 81 16 50 62 71 97 53 57 11 94 36 45 0 69 57 34 89 26 14 57 96 85 17 30 63 64 30 18 83 21 27 93 35 59 49 55 99 90 16 34 60 13 85 41 85 57 71 24 67 17 37 14 49 75 18 74 26 85 43 42 96 24 43 85 68 75 59 65 75 26 91 39 29 36 63 34 60 62 11 25 65 45 75 59 66 36 37 48 42 56 28 44 51 19 90 88 77 55 90 46 70 30 40 18 16 95 47 33 48 64 42 98 65
96 99 72 81 86 20 34 36 12 60 54 71 39 11 69 0 71 57 27 31 40 29 80 21 13 57 57 91 76 62 34 50 12 76 84 65 49 57 55 92 71 74 41 15 92 11 74 44 97 27 36 78 21 51 42 62 94 12 56 54 96 73 14 29 78 20 12 27 78 34 96 86 64 42 23 90 96 68 71 51 41 29 76 88 20 19 59 52 36 96 56 58 26 60 18 13 89 28 69 48 65 69 79 61 64 51 53 66 88 47 67 41 10 94 33
93 76 80 93 85 67 48 54 42 77 45 85 84 97 57 71 0 80 53 45 75 14 56 17 44 22 18 31 91 12 85 51 31 50 97 51 68 88 91 42 76 58 70 70 56 19 47 52 44 26 64 81 83 65 42 27 69 93 18 79 85 82 63 99 56 60 83 12 56 98 19 30 10 96 78 16 60 26 14 37 98 75 56 42 34 69 84 72 22 80 79 97 17 89 55 80 71 80 56 18 40 50 19 85 19 15 56 89 39 78 27 89 39 50 80
78 49 14 11 48 65 38 63 28 60 26 53 93 28 34 57 80 0 57 75 98 71 21 59 40 36 86 81 14 14 37 37 45 62 80 31 88 83 58 80 69 57 12 96 53 62 58 86 81 50 68 56 86 33 52 31 55 14 64 49 46 51 48 89 48 23 12 84 16 23 96 73 43 37 69 60 27 50 31 68 76 32 78 63 93 27 10 86 11 89 76 45 88 11 79 53 11 83 71 58 11 28 32 89 87 52 99 99 46 53 65 16 35 17 26
37 40 51 11 82 94 43 11 37 39 69 84 42 61 89 27 53 57 0 31 57 67 17 92 91 20 49 90 68 84 13 38 53 10 20 35 63 68 22 60 40 94 75 75 54 62 18 93 46 79 30 93 89 26 37 50 71 16 50 80 80 37 80 13 32 51 93 83 89 46 23 21 44 76 42 38 23 72 47 70 99 51 21 37 83 84 82 57 78 89 11 43 73 85 90 60 63 67 39 75 66 17 49 30 54 44 42 20 38 33 71 64 72 99 29
64 79 70 11 24 51 65 90 95 66 84 74 92 10 26 31 45 75 31 0 46 74 53 62 91 28 58 91 68 71 32 12 43 73 86 82 42 32 41 37 75 84 16 95 23 73 77 49 78 78 88 36 43 58 43 71 10 93 72 61 14 28 21 31 31 11 57 40 47 83 81 77 79 27 55 42 95 91 41 60 47 47 36 87 73 72 98 23 56 52 29 47 85 96 91 93 37 14 96 56 70 62 81 24 75 95 84 62 61 91 51 60 13 47 27
44 11 87 87 28 81 36 44 91 32 12 71 61 20 14 40 75 98 57 46 0 99 96 37 23 33 29 42 52 35 29 24 50 48 10 29 23 40 32 46 54 45 78 36 97 66 67 13 97 43 94 97 51 74 83 69 34 60 71 84 14 31 19 93 34 74 76 50 69 84 35 76 51 20 78 42 65 30 37 71 54 50 34 14 14 13 13 59 34 44 69 60 38 18 96 20 12 13 20 67 29 83 98 64 61 20 82 19 30 35 37 20 71 69 64
89 83 65 24 50 58 95 87 11 34 60 33 84 49 57 29 14 71 67 74 99 0 80 22 49 21 18 99 20 19 44 48 40 45 20 72 88 70 47 32 18 83 81 22 46 41 83 64 45 13 47 92 24 12 70 27 56 96 90 15 56 32 73 76 17 59 49 72 58 24 54 11 63 35 10 70 81 95 75 40 55 53 90 35 73 69 39 74 15 39 48 16 34 48 69 15 74 29 86 65 57 86 24 26 79 38 16 89 66 23 42 19 89 85 95
67 19 54 78 77 34 39 96 17 12 26 95 44 95 96 80 56 21 17 53 96 80 0 50 33 88 83 16 86 27 61 46 86 44 92 11 69 47 56 56 16 53 52 50 47 45 79 46 74 86 44 62 71 60 67 28 90 31 49 65 53 73 24 97 21 57 98 94 59 28 12 36 72 91 56 99 23 44 26 56 60 89 92 30 35 31 56 94 32 63 72 83 42 47 93 22 68 49 27 18 46 23 18 58 47 31 59 46 86 53 23 23 23 54 60
71 64 91 26 96 57 97 44 97 65 89 68 13 90 85 21 17 59 92 62 37 22 50 0 50 73 31 53 48 67 44 68 20 21 33 55 26 56 69 45 94 94 44 60 56 15 34 36 47 18 97 77 24 46 97 46 95 45 30 33 87 83 12 98 70 53 95 95 63 76 31 63 55 68 70 88 59 28 43 30 51 31 45 80 22 30 27 89 36 97 44 28 82 34 81 87 42 68 85 17 64 71 25 24 92 98 34 18 46 65 72 98 96 94 82
28 95 13 62 92 12 16 67 96 92 99 75 32 12 17 13 44 40 91 91 23 49 33 50 0 95 68 87 19 36 71 31 30 57 22 75 28 56 88 71 58 56 96 16 94 97 91 45 56 60 28 44 93 52 53 15 43 28 45 34 84 26 15 35 81 89 35 67 41 67 14 93 99 20 16 64 70 56 27 86 97 96 87 19 64 73 28 52 33 61 22 19 88 94 88 21 91 85 39 68 32 93 22 79 15 67 75 26 13 24 10 38 94 83 38
52 92 10 77 48 17 71 78 65 85 58 52 44 89 30 57 22 36 20 28 33 21 88 73 95 0 94 53 31 83 47 74 91 41 51 30 35 65 69 98 50 67 64 97 89 21 54 62 81 78 58 25 94 58 12 72 25 44 36 19 47 32 90 72 56 45 77 39 52 62 58 69 38 70 56 41 14 35 97 83 66 76 47 91 99 30 54 46 20 81 78 42 71 14 50 42 31 79 91 38 56 20 21 87 85 19 45 31 45 45 39 53 70 22 31
28 29 85 96 99 82 94 29 78 10 73 64 33 48 63 57 18 86 49 58 29 18 83 31 68 94 0 24 94 92 23 96 69 85 88 65 76 19 56 51 96 82 48 10 93 76 10 38 68 24 42 63 45 21 25 34 10 54 32 21 33 50 49 67 10 18 90 81 64 18 29 66 35 11 81 10 16 19 80 29 53 60 26 52 50 57 32 88 28 86 87 22 51 20 69 99 99 30 77 79 41 77 74 23 50 11 93 95 56 38 13 99 38 62 48
18 87 76 39 58 64 17 59 71 33 66 88 76 28 64 91 31 81 90 91 42 99 16 53 87 53 24 0 59 35 82 46 35 36 32 36 60 18 90 54 37 90 22 88 82 56 23 61 39 69 73 36 35 63 51 25 19 58 92 67 38 35 51 20 37 97 74 53 15 14 19 60 60 86 80 60 52 57 92 10 10 90 41 21 76 16 35 78 34 43 41 10 13 82 58 77 21 66 31 73 54 89 61 85 56 99 23 32 91 78 33 81 90 48 38
20 22 27 48 51 97 78 73 62 22 54 66 17 49 30 76 91 14 68 68 52 20 86 48 19 31 94 59 0 56 15 73 83 90 37 49 77 30 22 95 91 66 27 35 44 48 35 64 99 34 93 16 58 48 89 72 88 72 56 19 35 48 89 31 96 57 76 52 97 76 56 89 53 64 50 66 31 85 29 24 75 67 89 43 12 36 74 51 56 53 51 52 15 63 83 15 25 78 99 55 98 96 91 24 74 81 84 36 20 73 22 58 52 10 40
53 50 61 58 75 56 11 33 14 42 20 98 76 31 18 62 12 14 84 71 35 19 27 67 36 83 92 35 56 0 61 77 73 43 27 77 79 68 60 12 77 74 38 13 79 72 77 58 77 33 61 30 40 30 22 99 72 35 55 41 66 89 29 82 10 40 55 18 20 41 40 57 41 53 34 50 96 34 48 72 72 28 42 38 24 45 89 22 45 59 49 18 72 21 85 55 26 96 37 81 65 66 89 45 92 90 34 88 59 80 19 19 30 80 81
32 60 89 61 13 78 53 95 81 98 73 75 92 36 83 34 85 37 13 32 29 44 61 44 71 47 23 82 15 61 0 33 57 75 32 98 26 52 23 66 95 41 46 12 10 61 46 66 84 37 38 63 90 80 41 24 65 91 51 94 60 41 11 47 56 77 60 91 16 55 84 15 18 90 81 33 91 31 97 60 98 98 42 64 74 18 12 98 45 74 21 53 97 79 97 72 96 88 74 31 56 46 82 36 61 48 95 21 65 85 97 63 32 32 75
17 99 64 62 86 11 66 33 40 19 46 90 21 83 21 50 51 37 38 12 24 48 46 68 31 74 96 46 73 77 33 0 14 99 28 76 99 88 17 46 77 11 53 71 31 92 43 99 78 45 90 17 24 71 71 67 40 46 84 51 37 99 94 81 58 92 50 70 54 37 83 89 26 58 76 99 30 96 37 39 59 49 39 52 37 79 98 91 23 32 95 43 47 75 84 52 28 68 87 50 52 59 43 17 29 41 51 45 86 17 26 70 30 62 70
77 95 47 43 50 90 65 48 66 30 81 29 43 13 27 12 31 45 53 43 50 40 86 20 30 91 69 35 83 73 57 14 0 40 14 58 23 43 31 66 11 32 40 27 68 46 87 52 48 57 49 49 63 20 44 47 93 54 91 89 74 24 75 66 19 11 88 26 87 52 71 55 92 69 23 74 78 40 91 76 79 46 27 67 96 81 57 56 94 80 90 80 77 16 50 46 41 10 55 90 61 84 89 18 70 33 59 36 57 66 13 68 10 70 40
14 98 57 69 55 13 96 90 58 56 33 30 50 39 93 76 50 62 10 73 48 45 44 21 57 41 85 36 90 43 75 99 40 0 91 34 41 29 68 82 86 30 69 93 57 33 62 80 43 82 16 57 79 82 90 70 93 63 63 79 50 80 70 28 77 44 53 43 81 81 97 53 41 85 14 58 58 57 97 74 55 31 12 39 73 97 64 51 28 23 47 44 46 13 14 14 64 93 33 24 13 10 88 70 90 85 47 84 39 29 20 97 12 89 87
87 43 28 86 29 81 61 88 17 66 65 23 55 86 35 84 97 80 20 86 10 20 92 33 22 51 88 32 37 27 32 28 14 91 0 82 32 55 93 33 53 69 79 12 85 54 59 82 91 66 35 46 87 42 65 59 23 60 54 33 24 58 90 31 48 37 69 32 68 88 12 77 68 11 49 90 34 50 15 69 58 30 89 84 23 23 89 76 51 42 92 46 18 20 75 76 56 89 17 24 27 49 39 38 95 64 47 72 54 23 92 76 76 57 76
13 38 85 54 28 17 47 20 15 80 66 66 59 18 59 65 51 31 35 82 29 72 11 55 75 30 65 36 49 77 98 76 58 34 82 0 95 95 88 68 57 29 41 70 12 53 48 93 65 34 59 61 94 85 18 31 21 34 18 23 23 63 52 56 26 25 28 39 33 74 98 99 63 17 85 93 64 71 64 95 49 60 58 23 94 99 62 90 16 96 51 49 72 69 99 19 25 81 48 64 38 62 12 59 48 79 10 65 89 88 54 79 56 58 79
15 19 93 26 15 98 63 23 78 24 50 57 24 19 49 49 68 88 63 42 23 88 69 26 28 35 76 60 77 79 26 99 23 41 32 95 0 66 92 20 59 51 31 23 64 40 75 43 90 21 59 59 72 59 73 67 66 36 28 78 63 82 68 25 75 36 62 12 89 93 55 41 92 66 66 52 84 45 30 18 66 85 93 18 90 23 91 71 68 83 89 74 45 69 60 63 34 25 56 27 66 78 46 54 20 75 18 35 14 32 27 11 20 84 39
89 67 67 13 97 90 35 78 60 23 88 71 76 42 55 57 88 83 68 32 40 70 47 56 56 65 19 18 30 68 52 88 43 29 55 95 66 0 58 36 69 60 28 26 15 36 76 29 36 44 53 57 50 13 58 27 35 93 17 94 71 62 44 43 39 34 58 98 91 89 71 57 94 37 39 35 62 81 43 89 49 42 45 19 95 53 94 65 32 58 19 24 88 73 25 90 92 89 53 35 26 56 90 27 83 54 53 46 23 47 69 47 63 93 18
18 17 64 91 94 22 80 50 18 77 98 62 26 31 99 55 91 58 22 41 32 47 56 69 88 69 56 90 22 60 23 17 31 68 93 88 92 58 0 79 58 70 74 18 58 75 98 67 57 62 48 95 91 32 40 45 81 87 20 15 48 15 57 93 89 36 19 63 88 35 14 28 55 14 30 34 24 68 60 62 80 71 63 97 85 49 54 60 58 96 48 12 69 90 38 54 93 20 74 81 74 68 71 55 84 76 92 50 49 14 38 31 26 49 13
80 28 45 44 58 25 84 72 27 93 17 94 63 66 90 92 42 80 60 37 46 32 56 45 71 98 51 54 95 12 66 46 66 82 33 68 20 36 79 0 52 78 38 92 39 17 83 95 78 80 99 42 83 98 30 82 99 68 70 35 33 35 71 38 54 28 25 99 87 59 89 78 57 89 61 74 59 81 14 83 85 21 30 48 41 17 67 15 63 58 91 68 59 43 55 43 72 53 13 32 47 76 37 20 33 83 36 34 62 79 96 60 35 69 38
55 42 13 40 67 97 88 22 97 58 48 97 21 93 16 71 76 69 40 75 54 18 16 94 58 50 96 37 91 77 95 77 11 86 53 57 59 69 58 52 0 72 65 61 11 62 56 21 52 35 22 38 84 55 85 91 85 99 58 74 55 96 34 45 48 36 86 62 63 18 21 62 29 78 95 35 56 33 64 89 50 40 35 32 78 64 35 79 94 21 15 46 95 30 67 18 62 98 29 36 83 98 91 54 81 76 14 36 23 35 91 64 53 69 87
33 31 25 41 76 44 99 73 23 92 45 24 86 53 34 74 58 57 94 84 45 83 53 94 56 67 82 90 66 74 41 11 32 30 69 29 51 60 70 78 72 0 95 15 60 89 85 86 53 75 85 56 26 64 45 34 88 70 41 27 86 63 29 22 67 88 98 45 89 14 29 82 76 51 47 64 95 57 12 35 88 25 51 41 27 29 41 97 53 41 14 12 63 37 65 29 20 14 52 32 69 57 48 65 50 52 83 58 14 19 74 96 97 37 34
41 72 74 46 11 16 98 62 84 25 36 61 18 47 60 41 70 12 75 16 78 81 52 44 96 64 48 22 27 38 46 53 40 69 79 41 31 28 74 38 65 95 0 16 32 58 42 51 49 96 21 65 28 14 94 85 36 80 10 79 35 20 55 74 52 75 91 19 75 19 85 18 74 52 33 50 88 28 45 32 66 67 66 56 56 73 30 46 48 21 12 54 17 66 41 98 73 32 65 63 16 61 68 54 16 30 96 58 52 66 29 80 25 38 62
74 96 53 10 63 11 40 82 33 14 96 96 45 11 13 15 70 96 75 95 36 22 50 60 16 97 10 88 35 13 12 71 27 93 12 70 23 26 18 92 61 15 16 0 73 53 47 99 79 89 86 38 13 77 50 34 44 44 62 88 12 45 34 95 72 25 95 64 79 50 97 73 51 54 34 72 51 48 42 47 78 53 96 17 44 43 39 10 13 30 81 47 69 72 62 22 79 91 70 60 14 80 76 32 82 18 10 23 76 32 88 34 29 25 45
51 81 94 57 18 12 38 35 43 79 33 28 64 51 85 92 56 53 54 23 97 46 47 56 94 89 93 82 44 79 10 31 68 57 85 12 64 15 58 39 11 60 32 73 0 67 55 95 32 87 94 47 43 46 24 82 47 36 92 68 89 85 14 33 36 63 22 52 85 97 10 60 85 40 12 14 16 39 70 64 40 85 96 13 60 75 52 80 81 85 13 80 94 95 74 83 56 18 55 37 23 41 99 91 58 53 67 59 68 48 83 97 54 28 27
96 51 87 68 70 76 17 10 13 16 80 18 84 33 41 11 19 62 62 73 66 41 45 15 97 21 76 56 48 72 61 92 46 33 54 53 40 36 75 17 62 89 58 53 67 0 35 14 43 22 23 37 80 15 61 54 67 12 63 52 94 81 42 81 84 53 13 78 94 89 45 10 62 74 36 22 82 11 18 20 55 64 18 20 76 36 23 37 90 95 65 46 69 40 63 63 91 28 41 25 34 43 60 18 87 95 68 73 95 42 18 20 31 82 32
79 42 41 84 17 68 81 78 53 53 45 88 71 49 85 74 47 58 18 77 67 83 79 34 91 54 10 23 35 77 46 43 87 62 59 48 75 76 98 83 56 85 42 47 55 35 0 44 10 32 70 19 85 90 63 96 84 55 44 26 56 14 75 94 40 64 10 50 81 16 37 45 64 73 40 28 77 81 91 87 55 78 16 84 67 22 11 17 14 41 83 45 42 10 49 99 10 92 84 80 16 60 19 73 38 60 73 75 49 86 60 30 85 59 38
23 72 79 61 68 49 91 80 21 51 85 56 97 65 57 44 52 86 93 49 13 64 46 36 45 62 38 61 64 58 66 99 52 80 82 93 43 29 67 95 21 86 51 99 95 14 44 0 55 77 49 26 41 34 36 85 73 97 43 56 53 90 19 20 39 33 40 92 98 73 72 17 64 31 38 38 66 25 49 11 69 74 49 58 23 88 70 57 71 78 22 31 19 74 10 45 64 90 27 95 47 97 78 60 66 45 57 20 32 76 27 58 71 83 83
58 20 46 88 39 88 72 50 46 85 69 66 67 47 71 97 44 81 46 78 97 45 74 47 56 81 68 39 99 77 84 78 48 43 91 65 90 36 57 78 52 53 49 79 32 43 10 55 0 96 27 46 75 52 70 81 10 15 69 54 33 42 50 76 83 39 84 19 19 95 38 58 38 76 26 59 96 33 89 27 49 16 13 80 41 83 75 71 82 20 64 62 32 86 51 80 82 54 91 77 85 54 13 63 33 75 91 23 10 93 69 31 78 49 88
61 68 47 57 71 13 51 70 43 17 64 78 68 20 24 27 26 50 79 78 43 13 86 18 60 78 24 69 34 33 37 45 57 82 66 34 21 44 62 80 35 75 96 89 87 22 32 77 96 0 50 61 56 61 31 87 88 67 55 46 12 46 36 94 79 71 23 42 35 88 92 50 73 45 55 18 77 50 93 53 29 15 48 43 49 94 61 69 25 80 10 21 16 17 83 28 61 11 27 49 76 75 45 52 98 93 52 76 46 42 18 73 19 88 91
96 70 81 51 12 14 46 17 47 56 42 84 77 57 67 36 64 68 30 88 94 47 44 97 28 58 42 73 93 61 38 90 49 16 35 59 59 53 48 99 22 85 21 86 94 23 70 49 27 50 0 88 14 19 71 57 62 37 21 32 22 85 36 30 38 44 50 57 18 83 54 60 70 97 89 98 23 73 67 77 81 57 45 37 52 36 32 83 71 95 89 54 38 57 72 39 74 37 47 86 75 27 72 26 13 90 83 53 58 80 15 93 81 12 18
91 12 42 33 78 28 67 55 71 88 14 34 78 93 17 78 81 56 93 36 97 92 62 77 44 25 63 36 16 30 63 17 49 57 46 61 59 57 95 42 38 56 65 38 47 37 19 26 46 61 88 0 79 33 51 79 24 60 51 79 58 42 12 34 37 15 49 25 96 16 79 81 16 66 54 64 13 55 29 96 89 78 67 98 76 19 86 24 78 76 25 24 42 54 37 61 91 73 89 33 59 54 64 14 23 72 69 59 27 89 94 67 46 97 54
70 11 18 37 87 52 63 44 81 71 32 93 59 20 37 21 83 86 89 43 51 24 71 24 93 94 45 35 58 40 90 24 63 79 87 94 72 50 91 83 84 26 28 13 43 80 85 41 75 56 14 79 0 66 47 34 20 69 95 68 64 32 88 60 98 78 11 61 47 77 90 35 42 79 15 16 85 60 59 79 35 15 68 13 82 25 25 92 41 21 95 35 85 33 14 18 32 39 64 32 29 52 40 55 17 32 93 55 92 32 21 93 72 63 11
26 66 62 79 84 68 61 59 88 64 57 51 34 32 14 51 65 33 26 58 74 12 60 46 52 58 21 63 48 30 80 71 20 82 42 85 59 13 32 98 55 64 14 77 46 15 90 34 52 61 19 33 66 0 64 73 71 99 33 52 63 81 73 87 98 62 47 71 56 62 72 36 12 79 62 40 72 36 71 93 80 25 80 20 21 80 88 63 56 28 43 87 34 78 68 46 87 44 86 28 57 62 38 17 80 28 56 73 38 77 72 42 91 19 12
88 38 23 69 48 26 72 20 98 31 45 77 76 51 49 42 42 52 37 43 83 70 67 97 53 12 25 51 89 22 41 71 44 90 65 18 73 58 40 30 85 45 94 50 24 61 63 36 70 31 71 51 47 64 0 29 68 44 11 88 35 18 77 57 81 15 16 47 49 23 78 44 50 20 46 50 77 20 10 75 61 71 80 87 27 89 26 44 75 72 77 24 99 50 73 68 14 31 57 17 42 96 41 97 68 31 87 28 23 22 87 74 12 41 11
61 83 63 77 89 59 68 67 14 50 68 53 61 88 75 62 27 31 50 71 69 27 28 46 15 72 34 25 72 99 24 67 47 70 59 31 67 27 45 82 91 34 85 34 82 54 96 85 81 87 57 79 34 73 29 0 62 14 52 52 13 50 12 95 45 80 38 73 39 40 25 65 79 81 44 97 97 49 69 10 36 18 34 57 52 85 72 67 65 24 88 61 16 54 40 38 30 60 75 17 83 88 76 51 79 50 77 47 27 26 44 41 68 49 66
50 75 92 75 32 85 97 15 13 76 98 75 42 70 18 94 69 55 71 10 34 56 90 95 43 25 10 19 88 72 65 40 93 93 23 21 66 35 81 99 85 88 36 44 47 67 84 73 10 88 62 24 20 71 68 62 0 37 43 70 61 59 23 50 27 66 77 64 96 59 78 35 38 38 39 87 78 99 15 57 71 43 91 36 54 22 19 53 10 54 58 56 92 34 63 58 26 23 19 55 57 61 98 53 31 84 87 22 60 15 99 29 16 84 62
91 99 61 30 31 70 73 86 70 86 30 71 77 79 74 12 93 14 16 93 60 96 31 45 28 44 54 58 72 35 91 46 54 63 60 34 36 93 87 68 99 70 80 44 36 12 55 97 15 67 37 60 69 99 44 14 37 0 73 48 34 92 20 65 28 40 27 24 64 35 65 34 66 46 20 28 60 10 39 19 32 16 29 67 98 25 79 59 61 23 65 56 27 22 33 15 12 30 88 89 92 73 68 85 86 50 56 30 93 56 68 60 92 93 35
92 27 78 59 75 23 94 97 77 50 64 32 96 74 26 56 18 64 50 72 71 90 49 30 45 36 32 92 56 55 51 84 91 63 54 18 28 17 20 70 58 41 10 62 92 63 44 43 69 55 21 51 95 33 11 52 43 73 0 93 17 31 87 41 96 47 86 47 52 82 80 58 15 15 65 62 25 54 21 38 82 73 76 18 97 94 47 80 70 59 75 20 60 15 29 37 41 68 29 68 46 57 72 50 84 74 68 37 56 22 54 93 94 36 46
85 23 46 63 94 12 55 12 79 47 23 87 61 31 85 54 79 49 80 61 84 15 65 33 34 19 21 67 19 41 94 51 89 79 33 23 78 94 15 35 74 27 79 88 68 52 26 56 54 46 32 79 68 52 88 52 70 48 93 0 63 36 78 14 21 26 47 17 18 17 70 26 71 10 64 23 14 40 90 82 74 51 62 21 93 99 40 31 81 62 98 41 60 85 21 96 92 45 68 86 23 28 60 19 19 49 65 94 53 44 45 47 13 44 68
32 41 95 46 84 72 71 31 15 71 60 85 65 23 43 96 85 46 80 14 14 56 53 87 84 47 33 38 35 66 60 37 74 50 24 23 63 71 48 33 55 86 35 12 89 94 56 53 33 12 22 58 64 63 35 13 61 34 17 63 0 46 71 83 38 64 75 85 95 94 37 79 66 61 24 26 26 87 73 64 78 52 90 65 40 43 96 92 90 91 69 33 99 89 53 96 96 62 72 17 91 50 44 66 86 75 32 93 43 93 45 24 26 70 58
92 54 18 30 88 22 79 14 94 75 66 61 52 19 42 73 82 51 37 28 31 32 73 83 26 32 50 35 48 89 41 99 24 80 58 63 82 62 15 35 96 63 20 45 85 81 14 90 42 46 85 42 32 81 18 50 59 92 31 36 46 0 68 49 19 51 88 32 67 40 99 22 84 33 72 42 36 43 71 20 43 68 57 75 64 23 56 12 65 33 86 57 94 26 68 65 50 14 15 94 66 18 61 19 49 77 64 33 36 94 24 93 45 18 48
81 68 33 14 67 21 38 42 86 56 56 49 54 85 96 14 63 48 80 21 19 73 24 12 15 90 49 51 89 29 11 94 75 70 90 52 68 44 57 71 34 29 55 34 14 42 75 19 50 36 36 12 88 73 77 12 23 20 87 78 71 68 0 96 48 85 75 94 30 82 92 11 74 33 74 41 34 65 67 67 62 81 94 11 11 20 43 70 77 78 44 52 83 75 28 72 86 43 62 61 84 79 75 15 67 31 30 57 41 34 44 48 30 83 17
11 75 49 58 97 65 89 63 86 50 62 31 73 10 24 29 99 89 13 31 93 76 97 98 35 72 67 20 31 82 47 81 66 28 31 56 25 43 93 38 45 22 74 95 33 81 94 20 76 94 30 34 60 87 57 95 50 65 41 14 83 49 96 0 73 60 78 78 76 44 41 74 66 79 22 52 29 66 29 42 19 67 37 72 74 10 14 84 90 18 30 52 66 78 39 88 62 37 76 20 44 77 36 89 17 92 62 35 36 73 39 12 65 20 21
83 63 19 72 86 53 69 38 89 10 96 60 51 81 43 78 56 48 32 31 34 17 21 70 81 56 10 37 96 10 56 58 19 77 48 26 75 39 89 54 48 67 52 72 36 84 40 39 83 79 38 37 98 98 81 45 27 28 96 21 38 19 48 73 0 83 32 56 67 30 11 93 86 40 90 35 23 84 95 32 51 16 63 95 28 72 43 82 58 24 47 32 48 85 11 18 26 70 95 87 14 92 17 31 82 26 28 92 37 61 44 17 90 92 71
41 51 15 10 22 78 67 42 69 71 94 91 28 72 85 20 60 23 51 11 74 59 57 53 89 45 18 97 57 40 77 92 11 44 37 25 36 34 36 28 36 88 75 25 63 53 64 33 39 71 44 15 78 62 15 80 66 40 47 26 64 51 85 60 83 0 55 89 99 95 13 56 49 74 28 83 96 32 83 90 10 53 61 96 41 19 56 38 74 13 56 27 72 81 99 80 29 93 98 55 20 28 85 37 72 73 65 69 87 15 70 14 61 98 35
10 42 78 36 94 36 68 60 75 90 82 69 48 62 68 12 83 12 93 57 76 49 98 95 35 77 90 74 76 55 60 50 88 53 69 28 62 58 19 25 86 98 91 95 22 13 10 40 84 23 50 49 11 47 16 38 77 27 86 47 75 88 75 78 32 55 0 97 89 83 67 28 74 20 68 22 12 17 20 93 29 23 82 87 47 70 71 66 99 76 41 82 53 19 32 21 35 57 35 28 69 26 56 36 86 87 92 61 57 95 94 58 96 76 72
87 94 52 42 75 36 49 54 20 15 87 28 72 55 75 27 12 84 83 40 50 72 94 95 67 39 81 53 52 18 91 70 26 43 32 39 12 98 63 99 62 45 19 64 52 78 50 92 19 42 57 25 61 71 47 73 64 24 47 17 85 32 94 78 56 89 97 0 49 43 46 40 94 72 32 51 76 90 83 55 58 40 67 38 47 68 47 46 24 60 49 63 86 93 11 45 32 62 79 34 19 29 35 75 37 49 19 25 86 82 20 77 51 93 85
42 81 15 80 49 70 84 72 19 32 72 38 69 38 59 78 56 16 89 47 69 58 59 63 41 52 64 15 97 20 16 54 87 81 68 33 89 91 88 87 63 89 75 79 85 94 81 98 19 35 18 96 47 56 49 39 96 64 52 18 95 67 30 76 67 99 89 49 0 12 53 85 42 79 72 80 90 32 85 29 10 55 53 70 28 18 87 16 83 29 39 43 75 11 27 35 70 83 38 25 82 80 95 49 96 47 72 88 55 30 13 57 64 32 66
61 17 60 83 55 83 69 13 55 61 21 65 56 44 65 34 98 23 46 83 84 24 28 76 67 62 18 14 76 41 55 37 52 81 88 74 93 89 35 59 18 14 19 50 97 89 16 73 95 88 83 16 77 62 23 40 59 35 82 17 94 40 82 44 30 95 83 43 12 0 22 43 23 62 74 41 22 84 18 16 99 35 87 25 21 73 63 94 77 96 90 92 14 93 64 82 55 50 43 42 89 21 15 26 36 80 88 47 83 14 72 35 22 63 60
63 25 73 24 22 29 76 74 61 96 59 64 80 74 75 96 19 96 23 81 35 54 12 31 14 58 29 19 56 40 84 83 71 97 12 98 55 71 14 89 21 29 85 97 10 45 37 72 38 92 54 79 90 72 78 25 78 65 80 70 37 99 92 41 11 13 67 46 53 22 0 64 76 27 90 72 78 79 71 12 69 17 10 26 10 48 89 50 87 15 83 96 22 68 90 72 50 13 77 88 33 95 66 66 85 23 13 64 53 37 32 66 90 40 57
64 73 17 21 54 23 66 70 18 64 66 85 64 20 26 86 30 73 21 77 76 11 36 63 93 69 66 60 89 57 15 89 55 53 77 99 41 57 28 78 62 82 18 73 60 10 45 17 58 50 60 81 35 36 44 65 35 34 58 26 79 22 11 74 93 56 28 40 85 43 64 0 25 65 13 59 69 53 92 71 18 20 67 14 79 35 40 10 17 22 30 67 49 88 37 59 28 55 55 67 43 39 87 93 25 61 67 99 45 11 14 82 43 69 99
16 75 37 39 61 73 33 51 89 71 37 55 74 13 91 64 10 43 44 79 51 63 72 55 99 38 35 60 53 41 18 26 92 41 68 63 92 94 55 57 29 76 74 51 85 62 64 64 38 73 70 16 42 12 50 79 38 66 15 71 66 84 74 66 86 49 74 94 42 23 76 25 0 61 77 74 91 86 78 46 65 40 66 89 31 74 29 29 64 82 83 37 90 10 59 99 23 26 39 30 10 20 59 88 22 57 66 50 69 45 32 45 84 56 45
15 23 18 98 17 50 71 21 11 43 28 89 78 59 39 42 96 37 76 27 20 35 91 68 20 70 11 86 64 53 90 58 69 85 11 17 66 37 14 89 78 51 52 54 40 74 73 31 76 45 97 66 79 79 20 81 38 46 15 10 61 33 33 79 40 74 20 72 79 62 27 65 61 0 27 69 73 38 85 85 56 37 13 57 14 79 11 93 88 37 84 18 95 18 55 53 48 34 52 90 99 28 59 99 62 20 67 38 68 31 47 60 23 21 41
84 77 94 87 69 31 80 57 56 80 77 95 13 66 29 23 78 69 42 55 78 10 56 70 16 56 81 80 50 34 81 76 23 14 49 85 66 39 30 61 95 47 33 34 12 36 40 38 26 55 89 54 15 62 46 44 39 20 65 64 24 72 74 22 90 28 68 32 72 74 90 13 77 27 0 73 37 27 73 29 84 99 56 79 35 21 91 76 63 33 55 75 25 80 65 83 18 99 72 48 96 46 80 37 19 91 76 27 40 63 98 34 46 51 51
79 80 64 80 35 36 66 56 34 91 74 14 94 56 36 90 16 60 38 42 42 70 99 88 64 41 10 60 66 50 33 99 74 58 90 93 52 35 34 74 35 64 50 72 14 22 28 38 59 18 98 64 16 40 50 97 87 28 62 23 26 42 41 52 35 83 22 51 80 41 72 59 74 69 73 0 67 55 78 82 24 17 38 24 44 16 93 12 96 57 14 76 95 56 68 81 61 69 52 23 76 50 59 11 59 39 72 89 72 40 46 14 18 79 72
59 67 15 18 83 61 98 97 15 20 46 45 56 68 63 96 60 27 23 95 65 81 23 59 70 14 16 52 31 96 91 30 78 58 34 64 84 62 24 59 56 95 88 51 16 82 77 66 96 77 23 13 85 72 77 97 78 60 25 14 26 36 34 29 23 96 12 76 90 22 78 69 91 73 37 67 0 80 70 44 92 96 52 67 76 36 56 54 11 60 40 91 50 98 66 98 43 22 80 89 54 82 24 58 33 87 57 52 53 83 93 74 93 42 53
58 56 56 34 80 63 69 50 33 12 24 63 60 80 34 68 26 50 72 91 30 95 44 28 56 35 19 57 85 34 31 96 40 57 50 71 45 81 68 81 33 57 28 48 39 11 81 25 33 50 73 55 60 36 20 49 99 10 54 40 87 43 65 66 84 32 17 90 32 84 79 53 86 38 27 55 80 0 71 26 64 98 23 10 82 24 58 17 12 77 40 30 82 90 25 15 91 10 97 75 97 96 77 38 18 37 58 18 80 14 42 75 38 45 78
93 12 76 87 14 54 56 27 87 85 12 95 58 46 60 71 14 31 47 41 37 75 26 43 27 97 80 92 29 48 97 37 91 97 15 64 30 43 60 14 64 12 45 42 70 18 91 49 89 93 67 29 59 71 10 69 15 39 21 90 73 71 67 29 95 83 20 83 85 18 71 92 78 85 73 78 70 71 0 54 75 94 71 53 21 27 26 77 83 29 85 94 30 45 82 53 12 70 14 73 55 21 79 26 63 98 70 98 93 68 30 53 50 71 52
91 74 25 72 25 75 61 29 43 38 22 33 78 30 62 51 37 68 70 60 71 40 56 30 86 83 29 10 24 72 60 39 76 74 69 95 18 89 62 83 89 35 32 47 64 20 87 11 27 53 77 96 79 93 75 10 57 19 38 82 64 20 67 42 32 90 93 55 29 16 12 71 46 85 29 82 44 26 54 0 78 53 60 99 53 10 97 19 86 36 80 63 78 78 84 67 12 75 64 41 76 77 86 64 92 34 86 22 57 17 43 45 37 40 71
98 45 32 51 20 20 15 99 32 55 59 79 71 42 11 41 98 76 99 47 54 55 60 51 97 66 53 10 75 72 98 59 79 55 58 49 66 49 80 85 50 88 66 78 40 55 55 69 49 29 81 89 35 80 61 36 71 32 82 74 78 43 62 19 51 10 29 58 10 99 69 18 65 56 84 24 92 64 75 78 0 77 74 53 47 33 79 51 95 82 33 11 19 85 19 87 50 18 98 59 62 63 79 77 24 41 64 57 75 75 76 76 49 39 13
70 50 52 32 24 94 89 68 47 56 57 71 54 71 25 29 75 32 51 47 50 53 89 31 96 76 60 90 67 28 98 49 46 31 30 60 85 42 71 21 40 25 67 53 85 64 78 74 16 15 57 78 15 25 71 18 43 16 73 51 52 68 81 67 16 53 23 40 55 35 17 20 40 37 99 17 96 98 94 53 77 0 12 80 57 95 35 87 18 38 16 64 99 41 85 13 67 87 13 45 99 40 38 96 88 15 20 97 18 98 55 48 29 39 55
20 59 53 53 16 57 77 61 19 65 77 26 99 35 65 76 56 78 21 36 34 90 92 45 87 47 26 41 89 42 42 39 27 12 89 58 93 45 63 30 35 51 66 96 96 18 16 49 13 48 45 67 68 80 80 34 91 29 76 62 90 57 94 37 63 61 82 67 53 87 10 67 66 13 56 38 52 23 71 60 74 12 0 20 60 45 86 51 42 44 11 46 93 73 49 68 44 86 24 53 10 36 69 71 42 75 47 35 61 25 43 64 15 44 40
84 79 84 98 69 48 27 17 47 91 55 55 64 31 45 88 42 63 37 87 14 35 30 80 19 91 52 21 43 38 64 52 67 39 84 23 18 19 97 48 32 41 56 17 13 20 84 58 80 43 37 98 13 20 87 57 36 67 18 21 65 75 11 72 95 96 87 38 70 25 26 14 89 57 79 24 67 10 53 99 53 80 20 0 89 96 79 80 95 63 81 57 88 11 19 21 54 39 72 51 20 59 49 60 11 97 18 87 10 33 51 70 72 33 59
26 27 41 32 38 82 86 12 39 54 14 50 75 33 75 20 34 93 83 73 14 73 35 22 64 99 50 76 12 24 74 37 96 73 23 94 90 95 85 41 78 27 56 44 60 76 67 23 41 49 52 76 82 21 27 52 54 98 97 93 40 64 11 74 28 41 47 47 28 21 10 79 31 14 35 44 76 82 21 53 47 57 60 89 0 26 35 20 31 89 94 90 32 95 85 25 64 13 86 56 56 77 21 22 42 17 33 37 95 77 80 56 93 50 82
94 14 18 12 61 71 27 17 31 48 10 80 87 90 59 19 69 27 84 72 13 69 31 30 73 30 57 16 36 45 18 79 81 97 23 99 23 53 49 17 64 29 73 43 75 36 22 88 83 94 36 19 25 80 89 85 22 25 94 99 43 23 20 10 72 19 70 68 18 73 48 35 74 79 21 16 36 24 27 10 33 95 45 96 26 0 61 89 68 45 88 23 41 29 78 21 48 31 70 78 81 41 23 91 69 56 98 81 10 81 37 55 46 60 92
51 46 34 81 84 23 48 31 24 12 53 91 78 74 66 59 84 10 82 98 13 39 56 27 28 54 32 35 74 89 12 98 57 64 89 62 91 94 54 67 35 41 30 39 52 23 11 70 75 61 32 86 25 88 26 72 19 79 47 40 96 56 43 14 43 56 71 47 87 63 89 40 29 11 91 93 56 58 26 97 79 35 86 79 35 61 0 65 92 42 40 16 11 30 29 45 93 36 98 28 98 66 40 32 29 21 99 98 91 61 10 53 43 31 77
99 92 76 52 58 82 78 58 80 16 16 52 47 96 36 52 72 86 57 23 59 74 94 89 52 46 88 78 51 22 98 91 56 51 76 90 71 65 60 15 79 97 46 10 80 37 17 57 71 69 83 24 92 63 44 67 53 59 80 31 92 12 70 84 82 38 66 46 16 94 50 10 29 93 76 12 54 17 77 19 51 87 51 80 20 89 65 0 91 47 53 36 67 82 63 67 96 76 39 54 65 57 21 30 55 53 77 82 29 79 81 16 49 49 12
31 86 33 65 76 28 90 51 32 15 65 52 23 70 37 36 22 11 78 56 34 15 32 36 33 20 28 34 56 45 45 23 94 28 51 16 68 32 58 63 94 53 48 13 81 90 14 71 82 25 71 78 41 56 75 65 10 61 70 81 90 65 77 90 58 74 99 24 83 77 87 17 64 88 63 96 11 12 83 86 95 18 42 95 31 68 92 91 0 50 67 84 12 34 81 74 17 20 13 81 89 17 68 18 35 82 53 31 67 67 30 70 12 91 34
66 46 51 73 16 67 91 41 52 37 76 94 78 57 48 96 80 89 89 52 44 39 63 97 61 81 86 43 53 59 74 32 80 23 42 96 83 58 96 58 21 41 21 30 85 95 41 78 20 80 95 76 21 28 72 24 54 23 59 62 91 33 78 18 24 13 76 60 29 96 15 22 82 37 33 57 60 77 29 36 82 38 44 63 89 45 42 47 50 0 80 74 46 96 71 46 59 89 36 31 34 17 14 75 44 33 81 23 84 21 31 34 50 32 50
13 48 44 31 17 52 95 56 75 48 65 76 53 54 42 56 79 76 11 29 69 48 72 44 22 78 87 41 51 49 21 95 90 47 92 51 89 19 48 91 15 14 12 81 13 65 83 22 64 10 89 25 95 43 77 88 58 65 75 98 69 86 44 30 47 56 41 49 39 90 83 30 83 84 55 14 40 40 85 80 33 16 11 81 94 88 40 53 67 80 0 72 29 78 92 69 65 36 91 67 85 60 35 83 11 38 18 53 87 14 86 73 73 51 65
29 72 19 35 57 83 37 62 94 99 50 98 99 88 56 58 97 45 43 47 60 16 83 28 19 42 22 10 52 18 53 43 80 44 46 49 74 24 12 68 46 12 54 47 80 46 45 31 62 21 54 24 35 87 24 61 56 56 20 41 33 57 52 52 32 27 82 63 43 92 96 67 37 18 75 76 91 30 94 63 11 64 46 57 90 23 16 36 84 74 72 0 49 14 80 36 86 83 91 64 90 17 89 78 34 37 96 95 60 97 77 50 22 61 10
77 88 36 26 78 24 61 98 99 87 31 66 97 95 28 26 17 88 73 85 38 34 42 82 88 71 51 13 15 72 97 47 77 46 18 72 45 88 69 59 95 63 17 69 94 69 42 19 32 16 38 42 85 34 99 16 92 27 60 60 99 94 83 66 48 72 53 86 75 14 22 49 90 95 25 95 50 82 30 78 19 99 93 88 32 41 11 67 12 46 29 49 0 34 49 12 46 15 50 95 41 39 47 45 28 65 34 40 87 32 74 60 44 24 37
17 33 70 63 86 61 82 56 53 32 62 13 96 66 44 60 89 11 85 96 18 48 47 34 94 14 20 82 63 21 79 75 16 13 20 69 69 73 90 43 30 37 66 72 95 40 10 74 86 17 57 54 33 78 50 54 34 22 15 85 89 26 75 78 85 81 19 93 11 93 68 88 10 18 80 56 98 90 45 78 85 41 73 11 95 29 30 82 34 96 78 14 34 0 62 86 43 53 50 74 67 90 60 22 78 32 71 84 23 70 26 85 11 34 66
89 42 28 13 83 95 93 40 52 17 47 82 35 50 51 18 55 79 90 91 96 69 93 81 88 50 69 58 83 85 97 84 50 14 75 99 60 25 38 55 67 65 41 62 74 63 49 10 51 83 72 37 14 68 73 40 63 33 29 21 53 68 28 39 11 99 32 11 27 64 90 37 59 55 65 68 66 25 82 84 19 85 49 19 85 78 29 63 81 71 92 80 49 62 0 92 56 48 49 75 91 40 87 15 49 27 95 41 72 69 77 42 63 19 66
44 89 74 11 32 59 79 24 17 31 63 34 77 31 19 13 80 53 60 93 20 15 22 87 21 42 99 77 15 55 72 52 46 14 76 19 63 90 54 43 18 29 98 22 83 63 99 45 80 28 39 61 18 46 68 38 58 15 37 96 96 65 72 88 18 80 21 45 35 82 72 59 99 53 83 81 98 15 53 67 87 13 68 21 25 21 45 67 74 46 69 36 12 86 92 0 70 48 98 93 25 39 17 21 99 87 97 74 59 45 97 56 49 92 81
45 48 81 17 14 28 65 84 13 83 72 39 40 90 90 89 71 11 63 37 12 74 68 42 91 31 99 21 25 26 96 28 41 64 56 25 34 92 93 72 62 20 73 79 56 91 10 64 82 61 74 91 32 87 14 30 26 12 41 92 96 50 86 62 26 29 35 32 70 55 50 28 23 48 18 61 43 91 12 12 50 67 44 54 64 48 93 96 17 59 65 86 46 43 56 70 0 88 43 11 63 84 27 22 12 35 32 21 68 78 56 62 65 65 61
66 61 28 62 84 28 76 35 27 13 16 36 67 35 88 28 80 83 67 14 13 29 49 68 85 79 30 66 78 96 88 68 10 93 89 81 25 89 20 53 98 14 32 91 18 28 92 90 54 11 37 73 39 44 31 60 23 30 68 45 62 14 43 37 70 93 57 62 83 50 13 55 26 34 99 69 22 10 70 75 18 87 86 39 13 31 36 76 20 89 36 83 15 53 48 48 88 0 67 57 84 71 69 33 17 71 79 43 89 94 14 40 59 40 10
60 72 61 33 20 23 53 12 11 51 95 94 67 16 77 69 56 71 39 96 20 86 27 85 39 91 77 31 99 37 74 87 55 33 17 48 56 53 74 13 29 52 65 70 55 41 84 27 91 27 47 89 64 86 57 75 19 88 29 68 72 15 62 76 95 98 35 79 38 43 77 55 39 52 72 52 80 97 14 64 98 13 24 72 86 70 98 39 13 36 91 91 50 50 49 98 43 67 0 51 44 80 67 66 42 61 28 62 12 25 54 56 59 63 96
58 72 42 47 72 66 15 97 29 92 18 47 90 91 55 48 18 58 75 56 67 65 18 17 68 38 79 73 55 81 31 50 90 24 24 64 27 35 81 32 36 32 63 60 37 25 80 95 77 49 86 33 32 28 17 17 55 89 68 86 17 94 61 20 87 55 28 34 25 42 88 67 30 90 48 23 89 75 73 41 59 45 53 51 56 78 28 54 81 31 67 64 95 74 75 93 11 57 51 0 81 68 62 39 44 19 85 46 10 15 38 53 75 74 47
57 38 53 19 52 31 74 72 89 96 77 74 19 83 90 65 40 11 66 70 29 57 46 64 32 56 41 54 98 65 56 52 61 13 27 38 66 26 74 47 83 69 16 14 23 34 16 47 85 76 75 59 29 57 42 83 57 92 46 23 91 66 84 44 14 20 69 19 82 89 33 43 10 99 96 76 54 97 55 76 62 99 10 20 56 81 98 65 89 34 85 90 41 67 91 25 63 84 44 81 0 72 63 42 49 78 63 67 95 53 83 95 74 32 35
65 20 37 21 56 27 68 35 51 42 98 20 46 75 46 69 50 28 17 62 83 86 23 71 93 20 77 89 96 66 46 59 84 10 49 62 78 56 68 76 98 57 61 80 41 43 60 97 54 75 27 54 52 62 96 88 61 73 57 28 50 18 79 77 92 28 26 29 80 21 95 39 20 28 46 50 82 96 21 77 63 40 36 59 77 41 66 57 17 17 60 17 39 90 40 39 84 71 80 68 72 0 90 12 18 23 88 42 74 62 52 17 21 20 54
68 39 20 61 85 87 11 59 94 72 21 75 94 82 70 79 19 32 49 81 98 24 18 25 22 21 74 61 91 89 82 43 89 88 39 12 46 90 71 37 91 48 68 76 99 60 19 78 13 45 72 64 40 38 41 76 98 68 72 60 44 61 75 36 17 85 56 35 95 15 66 87 59 59 80 59 24 77 79 86 79 38 69 49 21 23 40 21 68 14 35 89 47 60 87 17 27 69 67 62 63 90 0 11 36 83 92 37 15 88 71 22 98 41 92
63 25 34 71 64 25 10 71 83 47 45 88 19 76 30 61 85 89 30 24 64 26 58 24 79 87 23 85 24 45 36 17 18 70 38 59 54 27 55 20 54 65 54 32 91 18 73 60 63 52 26 14 55 17 97 51 53 85 50 19 66 19 15 89 31 37 36 75 49 26 66 93 88 99 37 11 58 38 26 64 77 96 71 60 22 91 32 30 18 75 83 78 45 22 15 21 22 33 66 39 42 12 11 0 73 41 85 39 17 85 47 87 14 72 38
80 10 29 27 83 85 43 24 37 51 57 77 59 67 40 64 19 87 54 75 61 79 47 92 15 85 50 56 74 92 61 29 70 90 95 48 20 83 84 33 81 50 16 82 58 87 38 66 33 98 13 23 17 80 68 79 31 86 84 19 86 49 67 17 82 72 86 37 96 36 85 25 22 62 19 59 33 18 63 92 24 88 42 11 42 69 29 55 35 44 11 34 28 78 49 99 12 17 42 44 49 18 36 73 0 28 58 77 68 72 82 28 20 51 85
73 39 55 81 31 69 32 10 49 49 89 54 78 36 18 51 15 52 44 95 20 38 31 98 67 19 11 99 81 90 48 41 33 85 64 79 75 54 76 83 76 52 30 18 53 95 60 45 75 93 90 72 32 28 31 50 84 50 74 49 75 77 31 92 26 73 87 49 47 80 23 61 57 20 91 39 87 37 98 34 41 15 75 97 17 56 21 53 82 33 38 37 65 32 27 87 35 71 61 19 78 23 83 41 28 0 38 38 10 83 95 86 47 46 30
47 54 28 14 21 20 80 84 70 15 87 27 48 12 16 53 56 99 42 84 82 16 59 34 75 45 93 23 84 34 95 51 59 47 47 10 18 53 92 36 14 83 96 10 67 68 73 57 91 52 83 69 93 56 87 77 87 56 68 65 32 64 30 62 28 65 92 19 72 88 13 67 66 67 76 72 57 58 70 86 64 20 47 18 33 98 99 77 53 81 18 96 34 71 95 97 32 79 28 85 63 88 92 85 58 38 0 23 39 65 16 30 94 54 21
37 62 49 41 44 67 41 86 18 72 70 37 64 51 95 66 89 99 20 62 19 89 46 18 26 31 95 32 36 88 21 45 36 84 72 65 35 46 50 34 36 58 58 23 59 73 75 20 23 76 53 59 55 73 28 47 22 30 37 94 93 33 57 35 92 69 61 25 88 47 64 99 50 38 27 89 52 18 98 22 57 97 35 87 37 81 98 82 31 23 53 95 40 84 41 74 21 43 62 46 67 42 37 39 77 38 23 0 37 84 63 68 47 72 35
67 43 71 75 98 37 56 22 71 82 55 56 62 10 47 88 39 46 38 61 30 66 86 46 13 45 56 91 20 59 65 86 57 39 54 89 14 23 49 62 23 14 52 76 68 95 49 32 10 46 58 27 92 38 23 27 60 93 56 53 43 36 41 36 37 87 57 86 55 83 53 45 69 68 40 72 53 80 93 57 75 18 61 10 95 10 91 29 67 84 87 60 87 23 72 59 68 89 12 10 95 74 15 17 68 10 39 37 0 49 44 81 67 59 53
86 75 83 61 36 36 25 48 95 82 40 45 88 45 33 47 78 53 33 91 35 23 53 65 24 45 38 78 73 80 85 17 66 29 23 88 32 47 14 79 35 19 66 32 48 42 86 76 93 42 80 89 32 77 22 26 15 56 22 44 93 94 34 73 61 15 95 82 30 14 37 11 45 31 63 40 83 14 68 17 75 98 25 33 77 81 61 79 67 21 14 97 32 70 69 45 78 94 25 15 53 62 88 85 72 83 65 84 49 0 88 28 73 62 93
92 91 12 22 94 64 80 21 37 15 20 95 55 99 48 67 27 65 71 51 37 42 23 72 10 39 13 33 22 19 97 26 13 20 92 54 27 69 38 96 91 74 29 88 83 18 60 27 69 18 15 94 21 72 87 44 99 68 54 45 45 24 44 39 44 70 94 20 13 72 32 14 32 47 98 46 93 42 30 43 76 55 43 51 80 37 10 81 30 31 86 77 74 26 77 97 56 14 54 38 83 52 71 47 82 95 16 63 44 88 0 87 35 50 80
28 37 44 70 60 55 73 88 66 72 54 46 62 33 64 41 89 16 64 60 20 19 23 98 38 53 99 81 58 19 63 70 68 97 76 79 11 47 31 60 64 96 80 34 97 20 30 58 31 73 93 67 93 42 74 41 29 60 93 47 24 93 48 12 17 14 58 77 57 35 66 82 45 60 34 14 74 75 53 45 76 48 64 70 56 55 53 16 70 34 73 50 60 85 42 56 62 40 56 53 95 17 22 87 28 86 30 68 81 28 87 0 73 31 63
98 79 55 36 83 41 66 11 50 26 72 13 12 56 42 10 39 35 72 13 71 89 23 96 94 70 38 90 52 30 32 30 10 12 76 56 20 63 26 35 53 97 25 29 54 31 85 71 78 19 81 46 72 91 12 68 16 92 94 13 26 45 30 65 90 61 96 51 64 22 90 43 84 23 46 18 93 38 50 37 49 29 15 72 93 46 43 49 12 50 73 22 44 11 63 49 65 59 59 75 74 21 98 14 20 47 94 47 67 73 35 73 0 19 24
90 76 79 11 94 43 82 46 12 61 66 20 37 75 98 94 50 17 99 47 69 85 54 94 83 22 62 48 10 80 32 62 70 89 57 58 84 93 49 69 69 37 38 25 28 82 59 83 49 88 12 97 63 19 41 49 84 93 36 44 70 18 83 20 92 98 76 93 32 63 40 69 56 21 51 79 42 45 71 40 39 39 44 33 50 60 31 49 91 32 51 61 24 34 19 92 65 40 63 74 32 20 41 72 51 46 54 72 59 62 50 31 19 0 36
19 30 21 72 56 99 88 34 45 55 76 72 35 32 65 33 80 26 29 27 64 95 60 82 38 31 48 38 40 81 75 70 40 87 76 79 39 18 13 38 87 34 62 45 27 32 38 83 88 91 18 54 11 12 11 66 62 35 46 68 58 48 17 21 71 35 72 85 66 60 57 99 45 41 51 72 53 78 52 71 13 55 40 59 82 92 77 12 34 50 65 10 37 66 66 81 61 10 96 47 35 54 92 38 85 30 21 35 53 93 80 63 24 36 0