90
0 16 52 21 54 11 86 52 52 57 16 40 40 45 39 67 42 23 44 92 65 96 59 32 42 58 84 48 64 55 38 83 34 17 92 90 20 56 60 26 93 41 77 67 15 90 75 64 47 80 82 21 26 81 73 30 91 72 85 52 25 36 33 71 26 34 29 13 69 22 79 67 55 13 28 46 25 77 10 25 42 57 87 69 36 35 91 63 18 25
16 0 29 85 84 36 44 32 34 15 82 61 23 33 27 48 61 65 55 17 89 66 72 77 80 91 25 37 76 66 21 79 92 19 17 18 20 61 39 27 64 68 27 94 61 80 60 20 26 38 94 84 96 12 87 88 74 13 45 12 25 23 75 92 56 66 46 18 24 45 86 69 35 46 78 35 93 19 86 56 98 99 78 83 22 15 20 72 28 55
52 29 0 50 69 61 16 72 60 56 46 30 57 61 64 61 39 93 50 93 20 55 88 16 15 19 71 96 16 31 98 60 69 58 16 60 24 82 45 58 46 75 31 33 51 14 18 68 48 95 91 47 46 39 59 30 13 56 94 34 81 55 74 68 19 17 96 67 84 88 79 91 59 51 65 17 86 33 45 49 18 45 13 19 24 65 69 29 48 78
21 85 50 0 60 39 79 18 73 69 22 53 29 82 61 70 83 28 63 69 85 62 98 27 48 66 30 39 50 55 95 54 65 97 54 67 41 53 15 89 81 62 95 44 76 45 34 10 78 80 55 83 54 70 39 50 42 69 65 50 98 33 11 27 97 59 43 26 85 79 31 70 11 24 68 59 76 61 36 21 97 17 15 83 27 53 83 18 87 25
54 84 69 60 0 61 45 30 98 63 90 75 46 16 86 25 65 48 72 43 58 86 76 83 39 46 28 24 37 14 69 90 34 75 54 92 11 71 40 24 81 37 50 91 60 74 97 95 28 91 31 50 74 40 38 97 39 26 20 15 80 38 75 15 11 27 41 57 69 33 74 58 50 90 12 21 95 65 36 43 59 98 91 83 37 95 47 62 14 33
11 36 61 39 61 0 44 26 38 99 62 57 50 31 56 38 74 21 77 61 94 36 94 28 97 69 81 78 34 87 15 38 93 35 38 86 40 22 74 66 21 12 65 69 91 90 72 64 19 84 69 59 34 48 20 15 88 59 42 16 80 16 72 53 21 33 59 64 42 19 40 54 86 30 56 18 23 23 99 34 88 85 39 34 77 12 34 50 28 95
86 44 16 79 45 44 0 32 83 95 84 51 65 49 46 99 72 91 64 44 13 26 92 37 91 79 41 84 40 75 21 13 55 60 16 91 73 83 20 34 88 41 91 41 34 64 25 87 48 44 22 27 36 44 40 53 57 17 23 24 65 32 56 48 35 35 17 82 61 52 64 79 69 18 26 23 92 23 73 49 17 86 71 12 12 69 14 40 66 13
52 32 72 18 30 26 32 0 12 28 19 34 10 68 99 31 17 76 42 21 29 94 32 16 30 13 16 31 28 29 70 72 91 34 18 14 29 19 18 92 77 38 42 84 55 59 41 13 33 99 92 82 36 30 25 62 20 71 42 16 72 88 52 64 43 47 56 68 44 32 18 85 98 12 81 79 60 15 78 94 31 56 72 11 48 19 95 22 61 64
52 34 60 73 98 38 83 12 0 23 34 63 76 18 86 41 67 53 56 23 31 80 86 42 25 84 99 77 75 66 92 12 18 94 41 60 34 46 94 65 38 15 91 12 31 94 93 84 20 38 62 17 60 13 70 50 65 20 25 34 76 46 88 83 78 35 73 74 69 82 28 18 43 93 41 19 67 14 85 56 87 85 55 46 85 97 91 28 81 85
57 15 56 69 63 99 95 28 23 0 78 32 27 97 69 71 91 28 25 85 64 61 81 87 11 69 60 14 36 49 82 40 18 44 87 44 83 12 33 60 54 76 44 96 31 22 64 94 23 37 56 32 83 21 69 85 49 24 21 74 79 44 36 41 20 14 94 35 86 67 54 66 64 96 18 19 74 55 44 34 84 75 20 45 94 84 28 84 27 83
16 82 46 22 90 62 84 19 34 78 0 92 41 13 52 14 39 94 62 23 29 90 39 90 48 99 66 18 62 73 97 64 68 45 47 79 61 17 20 85 74 79 21 14 31 78 29 84 99 46 77 90 93 21 29 42 41 17 83 86 86 84 23 99 20 71 32 23 16 52 87 89 16 35 53 44 82 85 99 54 53 22 42 63 29 25 38 47 12 93
40 61 30 53 75 57 51 34 63 32 92 0 96 83 32 81 71 78 86 83 38 96 29 63 48 19 25 89 10 63 97 46 14 28 11 16 64 25 66 64 23 57 51 33 76 30 60 42 83 94 84 80 99 91 95 44 85 49 93 15 31 56 85 45 71 66 86 97 46 56 65 21 46 99 46 45 43 39 38 77 17 43 84 50 22 68 66 90 46 89
40 23 57 29 46 50 65 10 76 27 41 96 0 41 11 90 25 13 88 69 14 76 21 48 48 77 98 54 27 38 42 26 20 46 65 27 86 50 99 75 14 47 10 65 31 82 32 61 34 40 27 65 21 77 82 70 38 87 58 94 93 18 55 92 13 52 47 30 86 67 53 72 74 54 41 91 29 31 89 37 29 44 60 42 70 27 63 57 33 16
45 33 61 82 16 31 49 68 18 97 13 83 41 0 32 38 86 92 87 72 52 74 82 16 73 90 16 12 45 35 26 65 54 70 71 78 70 20 11 98 70 60 44 43 78 97 19 93 68 91 48 96 18 92 80 86 71 73 67 94 90 52 43 52 38 14 46 49 18 49 86 62 48 40 21 78 38 94 85 69 13 54 55 73 50 93 95 92 44 84
39 27 64 61 86 56 46 99 86 69 52 32 11 32 0 22 87 16 77 18 14 40 40 57 64 49 16 52 28 27 36 33 37 92 46 82 82 58 20 41 62 83 97 35 73 80 69 34 86 24 75 65 34 36 97 11 78 45 23 68 91 36 72 36 33 52 74 75 91 33 80 61 33 67 85 63 35 59 83 81 45 36 45 83 32 13 71 34 46 24
67 48 61 70 25 38 99 31 41 71 14 81 90 38 22 0 22 83 90 11 36 99 85 63 45 34 11 20 85 93 36 55 78 63 27 26 36 87 71 17 99 52 10 23 63 23 21 32 10 88 12 37 84 77 27 43 79 98 84 71 14 73 25 30 43 62 33 40 94 61 66 30 68 83 41 20 78 77 63 39 83 32 27 71 63 95 58 22 89 83
42 61 39 83 65 74 72 17 67 91 39 71 25 86 87 22 0 90 32 83 94 81 25 86 24 47 44 17 31 12 73 67 68 33 59 34 43 34 14 37 34 79 69 79 45 82 77 46 60 79 30 71 86 61 32 65 46 52 75 57 88 99 77 42 45 10 32 95 84 58 26 47 28 66 67 62 23 35 66 34 43 18 86 22 48 13 56 64 70 60
23 65 93 28 48 21 91 76 53 28 94 78 13 92 16 83 90 0 69 61 68 11 47 69 90 77 54 76 72 37 76 15 10 50 35 58 46 22 78 38 37 47 87 27 80 30 86 21 66 72 38 61 69 23 61 16 57 15 32 88 21 74 15 67 69 47 93 19 84 10 79 21 12 79 65 35 34 61 74 65 96 44 81 49 99 23 74 47 63 31
44 55 50 63 72 77 64 42 56 25 62 86 88 87 77 90 32 69 0 81 21 48 92 42 91 90 82 26 99 63 67 97 22 56 34 67 94 60 88 69 50 75 79 99 52 99 46 46 13 58 15 14 69 17 44 53 13 87 94 48 41 85 16 28 98 37 79 87 42 65 61 48 62 42 27 61 27 14 94 80 52 71 20 36 59 36 16 61 62 21
92 17 93 69 43 61 44 21 23 85 23 83 69 72 18 11 83 61 81 0 11 61 87 60 69 60 76 61 22 57 85 97 25 40 31 15 17 78 57 72 69 85 39 93 68 21 74 81 90 76 85 10 28 68 66 45 98 75 31 45 11 97 67 71 75 66 46 42 15 95 43 73 88 30 70 42 62 12 29 33 42 44 39 54 86 30 91 67 56 49
65 89 20 85 58 94 13 29 31 64 29 38 14 52 14 36 94 68 21 11 0 12 49 30 55 43 98 81 33 21 95 78 51 14 32 21 72 79 76 69 38 25 73 38 35 64 45 31 24 70 88 94 37 17 25 56 73 25 59 93 92 46 92 55 59 73 52 88 62 75 60 49 70 24 68 71 65 25 46 87 53 91 95 41 11 77 96 55 96 41
96 66 55 62 86 36 26 94 80 61 90 96 76 74 40 99 81 11 48 61 12 0 11 77 31 44 56 95 11 64 65 77 53 77 90 39 87 24 63 87 64 28 77 74 93 88 69 80 42 47 15 74 27 23 30 93 62 18 24 42 59 28 89 73 30 19 77 69 47 86 89 91 85 54 97 42 97 99 92 10 52 69 17 24 60 53 45 58 80 82
59 72 88 98 76 94 92 32 86 81 39 29 21 82 40 85 25 47 92 87 49 11 0 28 24 54 19 78 61 23 26 70 43 65 29 14 50 61 96 73 88 83 11 87 31 82 19 17 76 87 10 35 26 67 14 62 83 77 94 98 36 28 19 50 52 88 79 48 86 75 94 83 83 13 44 65 16 59 31 20 24 24 15 96 91 89 97 80 83 74
32 77 16 27 83 28 37 16 42 87 90 63 48 16 57 63 86 69 42 60 30 77 28 0 33 79 18 84 20 41 91 24 62 77 39 25 67 48 16 53 60 64 97 19 77 43 82 19 35 14 37 67 80 93 91 49 92 48 10 47 78 83 11 44 85 47 51 52 68 52 39 89 41 86 36 72 89 86 95 18 43 75 28 68 65 15 43 97 56 68
42 80 15 48 39 97 91 30 25 11 48 48 48 73 64 45 24 90 91 69 55 31 24 33 0 14 20 58 52 43 42 78 91 64 47 15 63 37 11 69 95 70 47 26 47 18 22 45 87 77 43 60 93 61 91 27 25 50 82 55 70 99 64 27 89 63 71 33 23 78 69 55 39 24 26 39 85 49 15 39 59 61 90 41 73 16 22 48 29 96
58 91 19 66 46 69 79 13 84 69 99 19 77 90 49 34 47 77 90 60 43 44 54 79 14 0 70 52 19 73 71 98 88 16 23 59 92 20 62 69 56 86 76 72 41 83 69 16 41 14 85 49 36 75 95 96 40 26 48 59 52 80 92 27 56 90 70 94 51 14 51 69 35 15 27 53 51 70 53 63 93 73 50 17 30 72 65 58 67 44
84 25 71 30 28 81 41 16 99 60 66 25 98 16 16 11 44 54 82 76 98 56 19 18 20 70 0 49 56 29 84 11 98 85 10 62 17 34 99 11 74 31 26 81 75 32 93 65 13 70 67 83 77 37 67 85 44 71 86 20 27 56 82 30 98 21 20 46 77 63 75 45 12 69 77 75 86 27 29 25 92 45 50 87 81 49 71 17 76 49
48 37 96 39 24 78 84 31 77 14 18 89 54 12 52 20 17 76 26 61 81 95 78 84 58 52 49 0 83 97 60 16 72 37 62 43 70 16 64 89 49 22 96 21 93 56 26 17 46 66 40 30 90 93 92 59 71 96 22 29 17 19 78 67 62 63 97 91 99 78 93 95 40 79 98 14 99 32 58 40 74 44 44 58 91 81 44 97 46 35
64 76 16 50 37 34 40 28 75 36 62 10 27 45 28 85 31 72 99 22 33 11 61 20 52 19 56 83 0 33 53 32 21 41 91 33 91 17 83 29 49 31 95 18 57 21 90 77 19 90 47 27 15 74 96 43 36 29 17 41 22 22 88 22 96 92 20 95 84 98 73 12 11 47 40 41 20 57 55 50 12 70 94 58 73 86 73 96 34 91
55 66 31 55 14 87 75 29 66 49 73 63 38 35 27 93 12 37 63 57 21 64 23 41 43 73 29 97 33 0 56 49 58 76 74 62 92 79 57 34 10 62 65 12 74 30 50 35 80 58 43 87 30 46 64 76 35 63 69 29 74 51 37 61 73 88 16 97 51 41 70 13 78 25 31 80 69 90 61 35 44 60 67 52 54 59 90 73 90 23
38 21 98 95 69 15 21 70 92 82 97 97 42 26 36 36 73 76 67 85 95 65 26 91 42 71 84 60 53 56 0 38 35 49 89 93 94 78 95 23 17 56 32 61 39 98 93 88 78 87 98 84 40 74 90 68 99 13 62 30 31 43 18 80 93 25 35 84 14 98 70 21 66 58 61 46 28 15 75 66 92 21 46 68 95 93 61 60 21 27
83 79 60 54 90 38 13 72 12 40 64 46 26 65 33 55 67 15 97 97 78 77 70 24 78 98 11 16 32 49 38 0 91 16 12 45 29 81 48 36 79 76 56 20 16 95 48 46 10 86 14 35 78 64 97 47 63 63 30 59 57 15 13 96 19 85 52 57 73 64 72 21 71 47 74 59 71 80 74 25 59 74 12 49 97 28 10 12 92 35
34 92 69 65 34 93 55 91 18 18 68 14 20 54 37 78 68 10 22 25 51 53 43 62 91 88 98 72 21 58 35 91 0 51 70 22 34 84 32 91 23 78 38 78 16 54 15 90 75 77 81 95 22 54 20 95 48 83 65 64 12 44 12 20 21 53 61 60 81 70 69 94 22 95 94 46 49 43 16 41 28 31 69 65 23 60 25 72 33 45
17 19 58 97 75 35 60 34 94 44 45 28 46 70 92 63 33 50 56 40 14 77 65 77 64 16 85 37 41 76 49 16 51 0 34 79 32 16 13 19 99 92 70 70 52 66 64 68 69 24 54 14 26 34 14 55 19 15 51 97 85 17 41 44 60 60 64 14 70 40 81 64 10 25 13 60 22 19 62 53 29 46 47 89 64 48 77 48 73 40
92 17 16 54 54 38 16 18 41 87 47 11 65 71 46 27 59 35 34 31 32 90 29 39 47 23 10 62 91 74 89 12 70 34 0 15 52 60 60 86 19 33 35 23 55 98 93 76 82 11 60 55 94 91 55 31 53 79 14 75 82 45 26 32 31 64 59 54 23 93 73 98 81 70 94 47 11 21 19 68 56 53 39 12 78 80 20 44 13 48
90 18 60 67 92 86 91 14 60 44 79 16 27 78 82 26 34 58 67 15 21 39 14 25 15 59 62 43 33 62 93 45 22 79 15 0 53 37 90 58 56 12 94 26 79 23 57 67 71 41 10 76 54 75 99 90 79 65 69 73 57 84 14 20 66 19 15 62 54 58 77 37 37 16 18 53 77 94 23 74 88 38 52 47 32 62 10 80 71 95
20 20 24 41 11 40 73 29 34 83 61 64 86 70 82 36 43 46 94 17 72 87 50 67 63 92 17 70 91 92 94 29 34 32 52 53 0 71 66 88 85 92 88 63 58 88 85 12 94 44 77 33 94 57 58 43 26 48 79 58 34 64 14 35 37 31 29 59 47 26 10 11 26 20 44 47 36 45 20 83 24 15 77 22 95 23 35 60 86 44
56 61 82 53 71 22 83 19 46 12 17 25 50 20 58 87 34 22 60 78 79 24 61 48 37 20 34 16 17 79 78 81 84 16 60 37 71 0 31 81 13 76 32 49 16 93 43 61 88 23 66 87 23 73 26 59 66 81 12 79 18 41 79 57 40 16 70 95 92 42 24 49 27 43 80 41 37 63 25 34 31 84 93 25 80 17 81 88 29 19
60 39 45 15 40 74 20 18 94 33 20 66 99 11 20 71 14 78 88 57 76 63 96 16 11 62 99 64 83 57 95 48 32 13 60 90 66 31 0 78 38 83 81 37 87 83 39 97 94 80 40 82 19 57 87 16 76 13 57 34 53 54 74 83 83 36 38 73 58 63 23 77 82 96 69 19 22 28 18 55 42 42 40 44 46 98 48 77 93 32
26 27 58 89 24 66 34 92 65 60 85 64 75 98 41 17 37 38 69 72 69 87 73 53 69 69 11 89 29 34 23 36 91 19 86 58 88 81 78 0 54 76 73 73 60 51 26 57 68 78 57 89 76 89 23 43 27 32 44 99 59 11 57 15 75 25 45 62 40 81 14 76 31 46 39 64 78 37 41 51 92 30 74 90 44 45 13 67 16 91
93 64 46 81 81 21 88 77 38 54 74 23 14 70 62 99 34 37 50 69 38 64 88 60 95 56 74 49 49 10 17 79 23 99 19 56 85 13 38 54 0 23 41 38 93 60 83 66 24 87 24 35 89 30 77 94 87 57 30 33 43 19 39 79 83 44 87 80 15 76 47 47 58 91 58 13 56 38 68 24 70 48 81 98 29 75 58 58 58 95
41 68 75 62 37 12 41 38 15 76 79 57 47 60 83 52 79 47 75 85 25 28 83 64 70 86 31 22 31 62 56 76 78 92 33 12 92 76 83 76 23 0 61 19 81 40 68 70 88 68 77 62 90 44 27 13 92 60 34 80 34 93 68 82 32 30 91 38 17 39 53 23 51 41 70 17 56 37 80 71 12 89 30 88 78 39 58 39 83 12
77 27 31 95 50 65 91 42 91 44 21 51 10 44 97 10 69 87 79 39 73 77 11 97 47 76 26 96 95 65 32 56 38 70 35 94 88 32 81 73 41 61 0 20 10 38 81 63 51 45 88 96 27 84 62 96 23 45 53 23 44 88 22 65 12 21 41 47 15 81 20 51 87 56 98 20 64 77 15 24 96 96 59 62 26 15 91 23 49 61
67 94 33 44 91 69 41 84 12 96 14 33 65 43 35 23 79 27 99 93 38 74 87 19 26 72 81 21 18 12 61 20 78 70 23 26 63 49 37 73 38 19 20 0 74 44 20 82 40 45 58 29 42 60 48 26 56 70 31 95 91 46 80 90 70 56 37 39 72 24 13 31 41 67 14 26 17 87 82 72 40 19 10 70 14 87 38 99 10 89
15 61 51 76 60 91 34 55 31 31 31 76 31 78 73 63 45 80 52 68 35 93 31 77 47 41 75 93 57 74 39 16 16 52 55 79 58 16 87 60 93 81 10 74 0 17 13 91 82 97 23 24 54 92 85 11 10 12 12 53 69 32 21 77 67 23 80 71 61 93 11 12 16 33 66 23 59 42 60 71 23 89 51 47 99 32 60 97 22 93
90 80 14 45 74 90 64 59 94 22 78 30 82 97 80 23 82 30 99 21 64 88 82 43 18 83 32 56 21 30 98 95 54 66 98 23 88 93 83 51 60 40 38 44 17 0 24 45 58 95 31 34 80 52 64 49 58 18 84 33 74 50 68 28 14 58 40 70 59 96 66 17 14 59 34 93 67 58 44 59 10 22 40 69 39 51 67 83 38 50
75 60 18 34 97 72 25 41 93 64 29 60 32 19 69 21 77 86 46 74 45 69 19 82 22 69 93 26 90 50 93 48 15 64 93 57 85 43 39 26 83 68 81 20 13 24 0 10 21 43 41 60 47 54 97 26 13 83 98 99 10 68 10 20 46 17 24 35 50 85 50 23 68 72 71 16 30 38 68 80 63 68 65 34 90 75 68 81 64 69
64 20 68 10 95 64 87 13 84 94 84 42 61 93 34 32 46 21 46 81 31 80 17 19 45 16 65 17 77 35 88 46 90 68 76 67 12 61 97 57 66 70 63 82 91 45 10 0 80 37 95 57 14 17 57 33 20 74 35 72 70 17 43 38 55 21 42 27 39 10 42 20 96 97 57 41 50 57 76 70 36 98 81 31 70 51 50 66 13 40
47 26 48 78 28 19 48 33 20 23 99 83 34 68 86 10 60 66 13 90 24 42 76 35 87 41 13 46 19 80 78 10 75 69 82 71 94 88 94 68 24 88 51 40 82 58 21 80 0 57 49 90 10 72 68 99 59 15 14 34 16 41 91 96 23 46 71 78 52 63 55 23 87 25 84 15 86 99 60 58 81 35 35 13 97 24 21 51 57 21
80 38 95 80 91 84 44 99 38 37 46 94 40 91 24 88 79 72 58 76 70 47 87 14 77 14 70 66 90 58 87 86 77 24 11 41 44 23 80 78 87 68 45 45 97 95 43 37 57 0 38 29 77 80 86 71 47 15 28 57 90 85 35 79 35 14 69 35 69 71 38 10 90 50 81 43 97 58 57 13 20 76 99 58 84 54 43 24 67 73
82 94 91 55 31 69 22 92 62 56 77 84 27 48 75 12 30 38 15 85 88 15 10 37 43 85 67 40 47 43 98 14 81 54 60 10 77 66 40 57 24 77 88 58 23 31 41 95 49 38 0 96 13 86 62 61 58 13 55 58 27 62 64 28 18 94 56 76 55 42 27 14 49 38 23 62 76 85 42 85 49 28 38 14 29 19 12 21 31 18
21 84 47 83 50 59 27 82 17 32 90 80 65 96 65 37 71 61 14 10 94 74 35 67 60 49 83 30 27 87 84 35 95 14 55 76 33 87 82 89 35 62 96 29 24 34 60 57 90 29 96 0 77 52 71 78 56 42 86 94 19 28 80 22 42 80 88 59 72 66 43 44 93 65 36 82 91 72 12 31 19 13 13 63 50 92 92 37 21 35
26 96 46 54 74 34 36 36 60 83 93 99 21 18 34 84 86 69 69 28 37 27 26 80 93 36 77 90 15 30 40 78 22 26 94 54 94 23 19 76 89 90 27 42 54 80 47 14 10 77 13 77 0 23 59 86 93 30 76 66 57 41 96 22 17 91 22 69 61 96 92 47 93 29 34 20 78 72 80 81 24 29 98 42 77 24 46 25 20 12
81 12 39 70 40 48 44 30 13 21 21 91 77 92 36 77 61 23 17 68 17 23 67 93 61 75 37 93 74 46 74 64 54 34 91 75 57 73 57 89 30 44 84 60 92 52 54 17 72 80 86 52 23 0 80 91 52 38 98 68 52 37 42 99 67 87 60 43 72 23 60 70 66 73 48 16 48 20 26 88 35 89 13 29 28 58 95 20 41 61
73 87 59 39 38 20 40 25 70 69 29 95 82 80 97 27 32 61 44 66 25 30 14 91 91 95 67 92 96 64 90 97 20 14 55 99 58 26 87 23 77 27 62 48 85 64 97 57 68 86 62 71 59 80 0 91 23 94 81 25 32 64 12 12 51 29 63 74 12 89 26 30 90 99 87 28 99 49 60 78 22 57 46 71 92 49 43 85 49 16
30 88 30 50 97 15 53 62 50 85 42 44 70 86 11 43 65 16 53 45 56 93 62 49 27 96 85 59 43 76 68 47 95 55 31 90 43 59 16 43 94 13 96 26 11 49 26 33 99 71 61 78 86 91 91 0 14 46 57 89 16 43 91 81 33 88 81 87 88 71 13 29 75 14 76 72 79 93 40 55 44 71 19 93 50 32 55 67 50 60
91 74 13 42 39 88 57 20 65 49 41 85 38 71 78 79 46 57 13 98 73 62 83 92 25 40 44 71 36 35 99 63 48 19 53 79 26 66 76 27 87 92 23 56 10 58 13 20 59 47 58 56 93 52 23 14 0 13 14 28 29 63 30 87 78 54 23 11 25 99 47 70 66 96 26 57 81 95 41 12 43 42 10 61 88 16 90 98 77 60
72 13 56 69 26 59 17 71 20 24 17 49 87 73 45 98 52 15 87 75 25 18 77 48 50 26 71 96 29 63 13 63 83 15 79 65 48 81 13 32 57 60 45 70 12 18 83 74 15 15 13 42 30 38 94 46 13 0 93 79 29 71 71 97 67 88 79 43 54 51 36 90 30 41 18 58 84 47 48 41 29 66 55 55 33 18 19 67 92 54
85 45 94 65 20 42 23 42 25 21 83 93 58 67 23 84 75 32 94 31 59 24 94 10 82 48 86 22 17 69 62 30 65 51 14 69 79 12 57 44 30 34 53 31 12 84 98 35 14 28 55 86 76 98 81 57 14 93 0 95 14 57 50 98 95 43 31 58 67 91 11 66 33 40 92 13 13 41 65 80 99 49 66 68 45 73 52 85 90 23
52 12 34 50 15 16 24 16 34 74 86 15 94 94 68 71 57 88 48 45 93 42 98 47 55 59 20 29 41 29 30 59 64 97 75 73 58 79 34 99 33 80 23 95 53 33 99 72 34 57 58 94 66 68 25 89 28 79 95 0 75 37 62 36 51 49 13 49 48 18 69 10 13 59 78 82 36 58 63 43 18 72 82 35 22 28 39 98 72 55
25 25 81 98 80 80 65 72 76 79 86 31 93 90 91 14 88 21 41 11 92 59 36 78 70 52 27 17 22 74 31 57 12 85 82 57 34 18 53 59 43 34 44 91 69 74 10 70 16 90 27 19 57 52 32 16 29 29 14 75 0 21 46 21 72 11 24 62 89 79 54 17 15 97 73 46 78 87 40 12 90 13 99 46 11 11 29 19 53 60
36 23 55 33 38 16 32 88 46 44 84 56 18 52 36 73 99 74 85 97 46 28 28 83 99 80 56 19 22 51 43 15 44 17 45 84 64 41 54 11 19 93 88 46 32 50 68 17 41 85 62 28 41 37 64 43 63 71 57 37 21 0 34 20 30 39 19 30 10 50 47 55 16 82 55 22 45 74 87 98 51 17 94 23 44 92 42 10 36 26
33 75 74 11 75 72 56 52 88 36 23 85 55 43 72 25 77 15 16 67 92 89 19 11 64 92 82 78 88 37 18 13 12 41 26 14 14 79 74 57 39 68 22 80 21 68 10 43 91 35 64 80 96 42 12 91 30 71 50 62 46 34 0 29 94 55 77 51 69 51 78 18 55 58 79 49 90 31 77 91 11 58 50 22 52 14 53 57 46 22
71 92 68 27 15 53 48 64 83 41 99 45 92 52 36 30 42 67 28 71 55 73 50 44 27 27 30 67 22 61 80 96 20 44 32 20 35 57 83 15 79 82 65 90 77 28 20 38 96 79 28 22 22 99 12 81 87 97 98 36 21 20 29 0 55 49 17 75 11 84 27 89 74 63 52 50 12 86 98 78 36 14 47 60 72 57 57 19 51 34
26 56 19 97 11 21 35 43 78 20 20 71 13 38 33 43 45 69 98 75 59 30 52 85 89 56 98 62 96 73 93 19 21 60 31 66 37 40 83 75 83 32 12 70 67 14 46 55 23 35 18 42 17 67 51 33 78 67 95 51 72 30 94 55 0 59 64 24 96 83 68 90 78 57 27 37 31 96 77 76 66 35 27 69 24 49 81 58 55 74
34 66 17 59 27 33 35 47 35 14 71 66 52 14 52 62 10 47 37 66 73 19 88 47 63 90 21 63 92 88 25 85 53 60 64 19 31 16 36 25 44 30 21 56 23 58 17 21 46 14 94 80 91 87 29 88 54 88 43 49 11 39 55 49 59 0 94 57 67 50 25 38 32 42 86 81 12 25 83 36 53 62 10 70 79 54 99 85 61 91
29 46 96 43 41 59 17 56 73 94 32 86 47 46 74 33 32 93 79 46 52 77 79 51 71 70 20 97 20 16 35 52 61 64 59 15 29 70 38 45 87 91 41 37 80 40 24 42 71 69 56 88 22 60 63 81 23 79 31 13 24 19 77 17 64 94 0 96 26 64 85 82 51 97 50 52 40 81 93 18 85 88 46 31 25 47 29 51 27 85
13 18 67 26 57 64 82 68 74 35 23 97 30 49 75 40 95 19 87 42 88 69 48 52 33 94 46 91 95 97 84 57 60 14 54 62 59 95 73 62 80 38 47 39 71 70 35 27 78 35 76 59 69 43 74 87 11 43 58 49 62 30 51 75 24 57 96 0 19 10 96 24 24 97 33 97 28 72 88 32 93 72 61 13 94 87 24 24 97 21
69 24 84 85 69 42 61 44 69 86 16 46 86 18 91 94 84 84 42 15 62 47 86 68 23 51 77 99 84 51 14 73 81 70 23 54 47 92 58 40 15 17 15 72 61 59 50 39 52 69 55 72 61 72 12 88 25 54 67 48 89 10 69 11 96 67 26 19 0 34 53 33 62 25 53 43 19 14 82 73 53 22 98 36 32 73 43 18 42 89
22 45 88 79 33 19 52 32 82 67 52 56 67 49 33 61 58 10 65 95 75 86 75 52 78 14 63 78 98 41 98 64 70 40 93 58 26 42 63 81 76 39 81 24 93 96 85 10 63 71 42 66 96 23 89 71 99 51 91 18 79 50 51 84 83 50 64 10 34 0 68 67 53 95 98 75 76 67 79 64 63 39 82 84 80 85 24 83 41 25
79 86 79 31 74 40 64 18 28 54 87 65 53 86 80 66 26 79 61 43 60 89 94 39 69 51 75 93 73 70 70 72 69 81 73 77 10 24 23 14 47 53 20 13 11 66 50 42 55 38 27 43 92 60 26 13 47 36 11 69 54 47 78 27 68 25 85 96 53 68 0 69 82 66 33 63 49 67 61 16 46 90 15 36 46 58 80 78 11 12
67 69 91 70 58 54 79 85 18 66 89 21 72 62 61 30 47 21 48 73 49 91 83 89 55 69 45 95 12 13 21 21 94 64 98 37 11 49 77 76 47 23 51 31 12 17 23 20 23 10 14 44 47 70 30 29 70 90 66 10 17 55 18 89 90 38 82 24 33 67 69 0 23 23 68 47 81 48 36 80 81 41 88 14 99 97 74 19 42 51
55 35 59 11 50 86 69 98 43 64 16 46 74 48 33 68 28 12 62 88 70 85 83 41 39 35 12 40 11 78 66 71 22 10 81 37 26 27 82 31 58 51 87 41 16 14 68 96 87 90 49 93 93 66 90 75 66 30 33 13 15 16 55 74 78 32 51 24 62 53 82 23 0 42 66 19 44 25 77 56 89 55 76 92 41 40 59 87 78 78
13 46 51 24 90 30 18 12 93 96 35 99 54 40 67 83 66 79 42 30 24 54 13 86 24 15 69 79 47 25 58 47 95 25 70 16 20 43 96 46 91 41 56 67 33 59 72 97 25 50 38 65 29 73 99 14 96 41 40 59 97 82 58 63 57 42 97 97 25 95 66 23 42 0 78 65 80 41 84 84 30 15 11 54 74 52 14 68 92 46
28 78 65 68 12 56 26 81 41 18 53 46 41 21 85 41 67 65 27 70 68 97 44 36 26 27 77 98 40 31 61 74 94 13 94 18 44 80 69 39 58 70 98 14 66 34 71 57 84 81 23 36 34 48 87 76 26 18 92 78 73 55 79 52 27 86 50 33 53 98 33 68 66 78 0 28 39 34 73 30 91 66 40 69 75 10 54 32 34 60
46 35 17 59 21 18 23 79 19 19 44 45 91 78 63 20 62 35 61 42 71 42 65 72 39 53 75 14 41 80 46 59 46 60 47 53 47 41 19 64 13 17 20 26 23 93 16 41 15 43 62 82 20 16 28 72 57 58 13 82 46 22 49 50 37 81 52 97 43 75 63 47 19 65 28 0 66 51 74 39 59 98 68 10 24 78 86 39 86 33
25 93 86 76 95 23 92 60 67 74 82 43 29 38 35 78 23 34 27 62 65 97 16 89 85 51 86 99 20 69 28 71 49 22 11 77 36 37 22 78 56 56 64 17 59 67 30 50 86 97 76 91 78 48 99 79 81 84 13 36 78 45 90 12 31 12 40 28 19 76 49 81 44 80 39 66 0 19 22 34 15 96 97 55 58 98 47 79 34 78
77 19 33 61 65 23 23 15 14 55 85 39 31 94 59 77 35 61 14 12 25 99 59 86 49 70 27 32 57 90 15 80 43 19 21 94 45 63 28 37 38 37 77 87 42 58 38 57 99 58 85 72 72 20 49 93 95 47 41 58 87 74 31 86 96 25 81 72 14 67 67 48 25 41 34 51 19 0 28 26 32 13 95 28 62 97 22 10 46 66
10 86 45 36 36 99 73 78 85 44 99 38 89 85 83 63 66 74 94 29 46 92 31 95 15 53 29 58 55 61 75 74 16 62 19 23 20 25 18 41 68 80 15 82 60 44 68 76 60 57 42 12 80 26 60 40 41 48 65 63 40 87 77 98 77 83 93 88 82 79 61 36 77 84 73 74 22 28 0 25 12 19 51 18 53 12 46 72 35 43
25 56 49 21 43 34 49 94 56 34 54 77 37 69 81 39 34 65 80 33 87 10 20 18 39 63 25 40 50 35 66 25 41 53 68 74 83 34 55 51 24 71 24 72 71 59 80 70 58 13 85 31 81 88 78 55 12 41 80 43 12 98 91 78 76 36 18 32 73 64 16 80 56 84 30 39 34 26 25 0 39 86 39 61 60 18 91 56 32 64
42 98 18 97 59 88 17 31 87 84 53 17 29 13 45 83 43 96 52 42 53 52 24 43 59 93 92 74 12 44 92 59 28 29 56 88 24 31 42 92 70 12 96 40 23 10 63 36 81 20 49 19 24 35 22 44 43 29 99 18 90 51 11 36 66 53 85 93 53 63 46 81 89 30 91 59 15 32 12 39 0 31 46 46 51 48 14 74 85 38
57 99 45 17 98 85 86 56 85 75 22 43 44 54 36 32 18 44 71 44 91 69 24 75 61 73 45 44 70 60 21 74 31 46 53 38 15 84 42 30 48 89 96 19 89 22 68 98 35 76 28 13 29 89 57 71 42 66 49 72 13 17 58 14 35 62 88 72 22 39 90 41 55 15 66 98 96 13 19 86 31 0 23 17 56 88 11 57 20 61
87 78 13 15 91 39 71 72 55 20 42 84 60 55 45 27 86 81 20 39 95 17 15 28 90 50 50 44 94 67 46 12 69 47 39 52 77 93 40 74 81 30 59 10 51 40 65 81 35 99 38 13 98 13 46 19 10 55 66 82 99 94 50 47 27 10 46 61 98 82 15 88 76 11 40 68 97 95 51 39 46 23 0 23 56 59 15 18 24 10
69 83 19 83 83 34 12 11 46 45 63 50 42 73 83 71 22 49 36 54 41 24 96 68 41 17 87 58 58 52 68 49 65 89 12 47 22 25 44 90 98 88 62 70 47 69 34 31 13 58 14 63 42 29 71 93 61 55 68 35 46 23 22 60 69 70 31 13 36 84 36 14 92 54 69 10 55 28 18 61 46 17 23 0 32 51 41 10 18 95
36 22 24 27 37 77 12 48 85 94 29 22 70 50 32 63 48 99 59 86 11 60 91 65 73 30 81 91 73 54 95 97 23 64 78 32 95 80 46 44 29 78 26 14 99 39 90 70 97 84 29 50 77 28 92 50 88 33 45 22 11 44 52 72 24 79 25 94 32 80 46 99 41 74 75 24 58 62 53 60 51 56 56 32 0 51 40 10 52 94
35 15 65 53 95 12 69 19 97 84 25 68 27 93 13 95 13 23 36 30 77 53 89 15 16 72 49 81 86 59 93 28 60 48 80 62 23 17 98 45 75 39 15 87 32 51 75 51 24 54 19 92 24 58 49 32 16 18 73 28 11 92 14 57 49 54 47 87 73 85 58 97 40 52 10 78 98 97 12 18 48 88 59 51 51 0 22 98 76 92
91 20 69 83 47 34 14 95 91 28 38 66 63 95 71 58 56 74 16 91 96 45 97 43 22 65 71 44 73 90 61 10 25 77 20 10 35 81 48 13 58 58 91 38 60 67 68 50 21 43 12 92 46 95 43 55 90 19 52 39 29 42 53 57 81 99 29 24 43 24 80 74 59 14 54 86 47 22 46 91 14 11 15 41 40 22 0 29 65 57
63 72 29 18 62 50 40 22 28 84 47 90 57 92 34 22 64 47 61 67 55 58 80 97 48 58 17 97 96 73 60 12 72 48 44 80 60 88 77 67 58 39 23 99 97 83 81 66 51 24 21 37 25 20 85 67 98 67 85 98 19 10 57 19 58 85 51 24 18 83 78 19 87 68 32 39 79 10 72 56 74 57 18 10 10 98 29 0 55 62
18 28 48 87 14 28 66 61 81 27 12 46 33 44 46 89 70 63 62 56 96 80 83 56 29 67 76 46 34 90 21 92 33 73 13 71 86 29 93 16 58 83 49 10 22 38 64 13 57 67 31 21 20 41 49 50 77 92 90 72 53 36 46 51 55 61 27 97 42 41 11 42 78 92 34 86 34 46 35 32 85 20 24 18 52 76 65 55 0 63
25 55 78 25 33 95 13 64 85 83 93 89 16 84 24 83 60 31 21 49 41 82 74 68 96 44 49 35 91 23 27 35 45 40 48 95 44 19 32 91 95 12 61 89 93 50 69 40 21 73 18 35 12 61 16 60 60 54 23 55 60 26 22 34 74 91 85 21 89 25 12 51 78 46 60 33 78 66 43 64 38 61 10 95 94 92 57 62 63 0