80
0 23 92 29 76 36 61 48 77 65 37 68 95 80 58 52 27 10 58 26 41 96 28 20 61 76 66 51 74 74 94 39 62 97 45 67 83 19 86 29 82 88 82 64 52 85 95 82 89 50 30 53 45 50 22 50 10 41 46 21 90 91 83 27 46 34 40 92 55 64 15 62 29 17 61 70 33 54 33 58
23 0 57 24 36 78 18 27 41 90 66 72 71 86 61 24 93 55 67 69 45 75 60 64 59 63 12 39 44 24 37 28 63 44 98 60 60 87 41 28 24 30 39 84 84 67 27 18 10 99 37 14 33 72 70 32 39 49 60 27 38 63 27 28 54 34 32 79 62 27 22 89 20 10 56 95 28 27 54 62
92 57 0 50 82 57 47 91 39 42 97 71 72 10 74 56 52 26 66 39 64 82 38 41 31 37 85 98 78 57 43 39 98 35 79 61 29 93 43 97 66 32 68 80 69 66 77 90 91 31 72 53 13 75 72 16 36 35 25 28 19 71 29 54 75 34 50 32 10 11 92 71 87 22 31 59 85 48 41 23
29 24 50 0 67 14 97 57 36 23 89 43 57 81 86 88 19 72 21 21 85 71 54 87 36 77 40 92 18 26 16 74 65 79 87 98 47 28 19 55 84 40 60 52 61 81 33 65 29 16 80 43 30 22 38 64 87 34 94 64 63 38 12 36 26 55 54 44 19 73 58 15 77 16 69 54 19 46 49 69
76 36 82 67 0 45 32 36 11 91 39 85 64 84 97 22 98 98 30 86 88 69 13 33 27 63 42 26 21 75 53 11 70 21 21 63 95 78 93 47 64 96 13 52 14 52 55 52 26 43 44 66 71 36 86 25 59 71 18 22 59 77 54 51 71 20 30 72 68 57 17 20 91 22 75 57 91 77 88 86
36 78 57 14 45 0 29 97 45 57 16 38 81 85 11 79 70 58 60 20 61 43 41 64 76 95 32 16 52 66 50 54 51 94 45 77 81 62 63 92 61 21 10 16 96 77 99 33 85 53 81 10 26 83 57 30 14 68 84 28 44 43 49 55 43 12 16 51 90 69 18 58 91 50 43 99 29 57 34 15
61 18 47 97 32 29 0 20 98 31 92 81 79 79 91 81 85 77 27 19 92 71 68 23 29 16 68 36 75 46 57 47 81 14 95 71 57 43 35 21 96 58 61 97 67 86 64 36 28 87 82 68 61 96 75 20 24 87 40 93 66 83 93 81 75 52 95 87 16 90 99 15 69 56 71 45 15 57 84 73
48 27 91 57 36 97 20 0 45 85 36 51 22 32 78 97 21 77 94 74 48 95 79 43 91 27 62 62 27 83 50 48 74 70 86 92 43 70 64 24 24 89 92 61 97 39 62 52 78 53 89 70 59 19 95 62 90 81 67 26 63 76 56 36 75 20 18 61 15 20 32 50 81 83 39 11 72 94 66 68
77 41 39 36 11 45 98 45 0 67 62 25 61 10 82 85 77 20 48 66 81 52 54 64 64 54 39 94 68 37 22 36 65 66 56 95 22 18 40 17 65 97 79 50 96 15 84 77 72 10 41 64 71 72 15 17 71 34 25 49 60 91 86 75 41 39 38 10 41 63 90 39 50 16 97 77 61 57 84 38
65 90 42 23 91 57 31 85 67 0 23 94 19 59 36 94 76 60 73 93 23 86 63 12 59 59 93 49 97 69 91 45 48 26 75 71 78 73 31 75 63 97 56 14 24 12 49 13 94 29 76 35 23 76 88 89 48 65 37 93 90 39 45 84 74 44 51 44 53 67 97 24 32 58 14 37 59 77 98 42
37 66 97 89 39 16 92 36 62 23 0 64 13 50 60 24 29 76 57 68 86 17 77 87 65 44 44 76 81 92 30 62 83 92 78 54 50 25 79 22 66 48 72 57 97 18 19 19 79 36 30 35 45 19 39 56 23 23 75 16 55 91 94 43 61 82 52 69 50 28 95 55 67 45 40 27 33 84 98 34
68 72 71 43 85 38 81 51 25 94 64 0 34 88 99 40 79 87 26 86 42 89 88 15 98 20 80 38 47 80 61 61 67 28 79 35 73 88 60 21 96 34 25 80 45 77 67 55 71 23 46 46 82 62 62 68 56 44 29 91 62 62 93 16 34 68 10 47 11 44 84 83 16 80 30 57 85 15 73 76
95 71 72 57 64 81 79 22 61 19 13 34 0 32 91 19 30 96 30 50 76 87 37 72 71 84 32 88 87 82 90 37 68 29 48 91 88 51 97 15 46 57 98 40 63 74 99 80 66 72 14 82 55 75 27 52 88 45 49 42 73 77 13 23 56 45 17 61 56 98 58 91 98 63 16 35 94 74 59 25
80 86 10 81 84 85 79 32 10 59 50 88 32 0 97 89 42 37 52 18 45 65 18 24 93 43 11 50 39 22 99 83 84 88 47 40 37 49 57 56 92 63 15 85 12 66 18 64 18 31 72 35 28 82 72 71 84 37 60 78 86 41 24 30 43 10 32 61 63 23 44 87 19 76 64 60 34 56 97 85
58 61 74 86 97 11 91 78 82 36 60 99 91 97 0 13 65 40 13 65 14 48 87 45 38 58 11 29 86 90 33 13 46 34 67 64 47 49 44 39 86 29 19 54 11 97 54 60 47 36 72 72 66 65 76 16 81 15 21 38 83 33 49 77 81 89 78 44 77 22 83 83 94 10 30 49 74 52 95 76
52 24 56 88 22 79 81 97 85 94 24 40 19 89 13 0 15 48 33 76 28 57 96 70 97 86 35 80 21 50 93 45 19 16 27 57 80 63 56 53 60 68 56 22 40 25 57 86 97 93 78 65 19 66 54 68 52 83 53 97 43 28 98 39 58 21 33 52 99 10 20 89 49 72 56 15 43 11 40 21
27 93 52 19 98 70 85 21 77 76 29 79 30 42 65 15 0 99 31 41 46 31 72 28 82 20 12 69 72 59 98 46 42 14 96 93 68 33 37 46 38 54 57 95 14 27 30 64 37 93 79 21 83 66 39 15 22 85 79 63 69 15 79 54 26 84 41 53 22 85 98 78 76 37 52 16 10 80 88 68
10 55 26 72 98 58 77 77 20 60 76 87 96 37 40 48 99 0 34 96 34 76 57 50 68 80 68 29 74 99 84 86 20 85 77 21 18 97 67 59 87 26 19 29 33 41 12 18 74 55 98 43 72 57 92 93 18 28 18 64 34 51 51 30 46 62 24 37 82 45 75 39 55 21 65 15 23 34 79 62
58 67 66 21 30 60 27 94 48 73 57 26 30 52 13 33 31 34 0 57 36 50 61 92 85 19 86 60 87 91 62 67 15 76 48 93 56 52 29 52 57 47 77 86 51 64 34 92 58 48 92 82 76 37 94 94 98 10 15 72 28 41 56 76 28 36 17 53 56 51 35 41 18 10 26 57 30 63 59 54
26 69 39 21 86 20 19 74 66 93 68 86 50 18 65 76 41 96 57 0 11 29 30 92 57 59 48 75 77 16 94 46 43 30 39 65 88 96 10 82 44 67 23 58 53 16 73 88 72 73 31 40 91 92 87 22 57 24 23 45 30 21 15 73 78 46 60 76 27 23 97 61 14 44 94 71 61 74 42 77
41 45 64 85 88 61 92 48 81 23 86 42 76 45 14 28 46 34 36 11 0 90 92 50 94 84 85 46 90 32 12 57 84 41 90 59 92 65 33 49 95 87 43 30 44 55 26 18 62 79 14 52 98 35 51 64 63 40 34 59 44 92 35 60 43 54 19 73 25 17 25 91 67 94 76 30 64 24 75 52
96 75 82 71 69 43 71 95 52 86 17 89 87 65 48 57 31 76 50 29 90 0 31 88 12 62 37 61 55 72 67 55 53 27 17 75 61 62 67 22 64 27 17 69 53 89 74 17 45 72 49 99 70 10 98 96 34 71 37 79 36 19 27 23 46 33 82 91 90 26 86 78 54 78 12 81 56 43 16 58
28 60 38 54 13 41 68 79 54 63 77 88 37 18 87 96 72 57 61 30 92 31 0 63 30 35 55 16 13 87 28 19 33 82 93 40 14 98 26 69 67 94 89 85 71 26 90 16 11 65 43 70 46 39 30 31 88 85 16 90 61 34 87 95 33 27 64 26 77 38 59 63 24 47 88 14 54 71 88 31
20 64 41 87 33 64 23 43 64 12 87 15 72 24 45 70 28 50 92 92 50 88 63 0 99 51 87 72 21 95 33 30 34 51 19 22 73 73 72 24 52 94 26 38 48 11 99 10 46 28 46 71 82 78 75 32 79 73 43 62 87 58 20 42 69 27 22 11 93 33 97 52 94 13 60 36 83 72 83 10
61 59 31 36 27 76 29 91 64 59 65 98 71 93 38 97 82 68 85 57 94 12 30 99 0 28 81 19 18 60 39 30 26 56 21 85 36 58 18 10 88 51 99 14 14 76 83 20 51 20 55 14 31 95 84 71 61 42 28 66 19 69 26 45 86 60 97 90 50 14 10 91 36 41 68 81 56 96 76 68
76 63 37 77 63 95 16 27 54 59 44 20 84 43 58 86 20 80 19 59 84 62 35 51 28 0 58 85 24 32 75 35 57 15 70 17 78 52 89 42 77 87 45 49 52 35 23 49 57 86 26 62 35 36 29 94 83 84 32 15 50 16 26 76 27 30 27 47 14 35 13 55 73 41 85 14 21 75 36 35
66 12 85 40 42 32 68 62 39 93 44 80 32 11 11 35 12 68 86 48 85 37 55 87 81 58 0 74 69 93 78 21 52 26 93 90 33 67 84 18 66 10 89 12 47 67 55 43 14 93 51 60 66 38 75 20 93 92 29 79 51 23 88 42 10 25 61 70 99 77 44 99 20 88 58 11 37 98 12 39
51 39 98 92 26 16 36 62 94 49 76 38 88 50 29 80 69 29 60 75 46 61 16 72 19 85 74 0 43 61 30 94 45 25 72 42 83 60 18 52 97 51 53 37 63 18 48 97 26 63 29 59 50 68 11 54 91 98 53 43 15 23 82 63 48 36 61 19 34 25 72 68 12 11 65 48 96 52 57 24
74 44 78 18 21 52 75 27 68 97 81 47 87 39 86 21 72 74 87 77 90 55 13 21 18 24 69 43 0 27 66 75 91 81 21 53 85 31 68 34 77 33 42 73 95 81 67 41 15 48 12 89 77 39 97 49 17 58 28 75 61 52 68 37 87 84 62 19 54 43 99 94 17 61 18 81 16 52 95 78
74 24 57 26 75 66 46 83 37 69 92 80 82 22 90 50 59 99 91 16 32 72 87 95 60 32 93 61 27 0 40 80 18 21 88 17 35 72 30 44 27 24 59 61 21 60 98 92 67 31 89 89 76 48 70 68 29 69 45 86 74 98 45 20 31 42 88 44 48 31 96 28 15 21 47 84 24 22 50 70
94 37 43 16 53 50 57 50 22 91 30 61 90 99 33 93 98 84 62 94 12 67 28 33 39 75 78 30 66 40 0 66 64 12 28 31 95 26 25 87 81 66 19 96 98 89 89 51 53 54 39 35 11 60 97 55 83 45 49 39 70 61 21 90 21 59 23 19 98 83 36 70 11 75 78 78 12 44 84 92
39 28 39 74 11 54 47 48 36 45 62 61 37 83 13 45 46 86 67 46 57 55 19 30 30 35 21 94 75 80 66 0 27 75 16 41 36 93 14 37 21 33 20 13 79 43 39 73 67 38 84 85 72 60 41 24 36 65 65 49 49 20 36 53 22 42 91 19 53 18 73 41 84 28 40 16 34 91 87 59
62 63 98 65 70 51 81 74 65 48 83 67 68 84 46 19 42 20 15 43 84 53 33 34 26 57 52 45 91 18 64 27 0 64 57 81 42 79 42 48 74 65 29 75 74 41 17 25 65 67 59 73 96 68 15 85 24 18 50 14 18 58 70 35 53 97 96 79 30 98 79 24 53 36 80 79 45 97 88 65
97 44 35 79 21 94 14 70 66 26 92 28 29 88 34 16 14 85 76 30 41 27 82 51 56 15 26 25 81 21 12 75 64 0 27 37 26 66 95 35 56 24 56 57 94 22 36 65 65 99 81 34 57 92 78 26 44 56 41 18 25 77 80 10 81 26 46 38 73 74 20 63 80 89 90 50 50 97 35 17
45 98 79 87 21 45 95 86 56 75 78 79 48 47 67 27 96 77 48 39 90 17 93 19 21 70 93 72 21 88 28 16 57 27 0 30 67 36 56 35 65 21 74 90 57 32 91 53 51 60 93 85 41 78 91 11 78 57 15 41 74 96 50 26 24 72 56 45 80 93 39 11 62 41 81 35 69 42 57 20
67 60 61 98 63 77 71 92 95 71 54 35 91 40 64 57 93 21 93 65 59 75 40 22 85 17 90 42 53 17 31 41 81 37 30 0 89 16 66 16 25 27 98 52 39 90 62 35 65 37 10 68 54 16 56 70 85 26 83 30 99 15 60 63 55 51 85 13 76 84 95 65 30 87 19 72 27 60 68 20
83 60 29 47 95 81 57 43 22 78 50 73 88 37 47 80 68 18 56 88 92 61 14 73 36 78 33 83 85 35 95 36 42 26 67 89 0 30 73 66 54 52 99 59 70 97 14 49 10 40 92 57 71 23 41 30 24 84 60 44 83 90 76 54 57 86 28 16 34 90 65 26 75 43 28 51 10 65 90 20
19 87 93 28 78 62 43 70 18 73 25 88 51 49 49 63 33 97 52 96 65 62 98 73 58 52 67 60 31 72 26 93 79 66 36 16 30 0 46 22 14 83 47 20 55 67 91 47 93 56 76 41 93 11 12 95 36 81 26 51 68 35 90 96 51 83 83 39 36 83 58 33 79 73 80 86 74 48 21 47
86 41 43 19 93 63 35 64 40 31 79 60 97 57 44 56 37 67 29 10 33 67 26 72 18 89 84 18 68 30 25 14 42 95 56 66 73 46 0 72 58 64 55 96 19 79 62 34 99 46 48 91 82 16 14 89 56 87 17 75 19 96 81 21 80 89 55 33 51 70 59 62 28 94 36 67 63 56 58 65
29 28 97 55 47 92 21 24 17 75 22 21 15 56 39 53 46 59 52 82 49 22 69 24 10 42 18 52 34 44 87 37 48 35 35 16 66 22 72 0 51 68 24 51 80 26 29 97 54 40 66 87 83 48 58 38 11 22 48 37 45 40 19 65 31 27 35 59 95 96 88 10 85 18 52 41 63 94 85 40
82 24 66 84 64 61 96 24 65 63 66 96 46 92 86 60 38 87 57 44 95 64 67 52 88 77 66 97 77 27 81 21 74 56 65 25 54 14 58 51 0 91 84 83 98 96 41 24 80 45 76 47 38 91 33 89 58 90 77 42 17 69 72 79 38 56 53 81 31 33 53 44 16 33 80 12 20 74 31 48
88 30 32 40 96 21 58 89 97 97 48 34 57 63 29 68 54 26 47 67 87 27 94 94 51 87 10 51 33 24 66 33 65 24 21 27 52 83 64 68 91 0 38 49 82 39 11 44 59 50 55 68 70 82 53 58 75 67 18 60 73 79 64 52 55 40 46 56 53 82 18 10 76 66 62 14 59 66 85 96
82 39 68 60 13 10 61 92 79 56 72 25 98 15 19 56 57 19 77 23 43 17 89 26 99 45 89 53 42 59 19 20 29 56 74 98 99 47 55 24 84 38 0 34 63 11 48 44 46 94 58 24 43 61 90 98 83 23 76 70 89 30 36 22 48 12 50 45 24 34 54 83 75 68 87 95 66 29 21 97
64 84 80 52 52 16 97 61 50 14 57 80 40 85 54 22 95 29 86 58 30 69 85 38 14 49 12 37 73 61 96 13 75 57 90 52 59 20 96 51 83 49 34 0 47 88 48 77 69 79 42 57 52 72 25 63 95 41 20 60 90 92 55 72 66 26 57 57 43 38 22 73 88 50 81 67 61 64 58 38
52 84 69 61 14 96 67 97 96 24 97 45 63 12 11 40 14 33 51 53 44 53 71 48 14 52 47 63 95 21 98 79 74 94 57 39 70 55 19 80 98 82 63 47 0 28 90 23 10 71 21 22 86 50 14 18 43 36 94 36 17 85 59 84 91 24 70 89 92 95 44 44 65 85 98 24 32 80 80 67
85 67 66 81 52 77 86 39 15 12 18 77 74 66 97 25 27 41 64 16 55 89 26 11 76 35 67 18 81 60 89 43 41 22 32 90 97 67 79 26 96 39 11 88 28 0 97 35 71 23 15 71 59 29 31 91 19 29 72 26 51 64 43 59 66 19 30 71 84 76 20 12 23 86 68 56 25 81 19 58
95 27 77 33 55 99 64 62 84 49 19 67 99 18 54 57 30 12 34 73 26 74 90 99 83 23 55 48 67 98 89 39 17 36 91 62 14 91 62 29 41 11 48 48 90 97 0 53 74 46 29 41 38 31 56 49 53 99 97 79 64 50 82 58 39 43 65 79 11 21 80 49 88 39 37 22 88 67 11 59
82 18 90 65 52 33 36 52 77 13 19 55 80 64 60 86 64 18 92 88 18 17 16 10 20 49 43 97 41 92 51 73 25 65 53 35 49 47 34 97 24 44 44 77 23 35 53 0 52 11 24 98 58 23 76 76 81 19 20 42 38 64 19 42 49 59 34 16 49 80 71 86 60 92 15 97 39 24 44 25
89 10 91 29 26 85 28 78 72 94 79 71 66 18 47 97 37 74 58 72 62 45 11 46 51 57 14 26 15 67 53 67 65 65 51 65 10 93 99 54 80 59 46 69 10 71 74 52 0 42 59 83 56 45 11 19 33 89 48 93 19 32 90 33 48 68 72 11 48 50 30 85 85 41 85 79 76 21 80 18
50 99 31 16 43 53 87 53 10 29 36 23 72 31 36 93 93 55 48 73 79 72 65 28 20 86 93 63 48 31 54 38 67 99 60 37 40 56 46 40 45 50 94 79 71 23 46 11 42 0 32 57 70 21 56 96 56 93 13 54 13 12 40 94 51 60 62 37 78 66 86 66 86 50 26 41 31 17 62 22
30 37 72 80 44 81 82 89 41 76 30 46 14 72 72 78 79 98 92 31 14 49 43 46 55 26 51 29 12 89 39 84 59 81 93 10 92 76 48 66 76 55 58 42 21 15 29 24 59 32 0 59 70 70 53 83 60 87 43 36 60 37 78 12 16 56 55 96 57 21 81 15 37 51 62 35 91 98 53 47
53 14 53 43 66 10 68 70 64 35 35 46 82 35 72 65 21 43 82 40 52 99 70 71 14 62 60 59 89 89 35 85 73 34 85 68 57 41 91 87 47 68 24 57 22 71 41 98 83 57 59 0 74 58 50 61 27 50 35 54 47 94 17 91 52 90 36 71 25 89 28 65 87 98 46 46 90 48 77 69
45 33 13 30 71 26 61 59 71 23 45 82 55 28 66 19 83 72 76 91 98 70 46 82 31 35 66 50 77 76 11 72 96 57 41 54 71 93 82 83 38 70 43 52 86 59 38 58 56 70 70 74 0 40 98 97 44 80 71 75 47 15 92 67 45 17 66 90 25 69 25 58 35 24 84 81 87 12 59 76
50 72 75 22 36 83 96 19 72 76 19 62 75 82 65 66 66 57 37 92 35 10 39 78 95 36 38 68 39 48 60 60 68 92 78 16 23 11 16 48 91 82 61 72 50 29 31 23 45 21 70 58 40 0 43 63 70 45 99 63 72 47 27 82 64 28 62 61 91 69 66 56 76 49 11 64 27 68 74 59
22 70 72 38 86 57 75 95 15 88 39 62 27 72 76 54 39 92 94 87 51 98 30 75 84 29 75 11 97 70 97 41 15 78 91 56 41 12 14 58 33 53 90 25 14 31 56 76 11 56 53 50 98 43 0 30 44 95 51 59 31 43 43 99 74 88 19 25 48 29 96 31 34 75 52 40 31 19 81 32
50 32 16 64 25 30 20 62 17 89 56 68 52 71 16 68 15 93 94 22 64 96 31 32 71 94 20 54 49 68 55 24 85 26 11 70 30 95 89 38 89 58 98 63 18 91 49 76 19 96 83 61 97 63 30 0 82 15 79 19 94 46 34 69 33 11 19 34 15 34 12 81 84 16 64 30 76 43 58 27
10 39 36 87 59 14 24 90 71 48 23 56 88 84 81 52 22 18 98 57 63 34 88 79 61 83 93 91 17 29 83 36 24 44 78 85 24 36 56 11 58 75 83 95 43 19 53 81 33 56 60 27 44 70 44 82 0 94 60 30 54 70 34 68 20 85 74 60 95 54 84 26 40 89 76 40 16 37 20 84
41 49 35 34 71 68 87 81 34 65 23 44 45 37 15 83 85 28 10 24 40 71 85 73 42 84 92 98 58 69 45 65 18 56 57 26 84 81 87 22 90 67 23 41 36 29 99 19 89 93 87 50 80 45 95 15 94 0 43 47 41 72 32 63 72 94 35 70 46 73 39 43 58 18 72 83 27 49 83 14
46 60 25 94 18 84 40 67 25 37 75 29 49 60 21 53 79 18 15 23 34 37 16 43 28 32 29 53 28 45 49 65 50 41 15 83 60 26 17 48 77 18 76 20 94 72 97 20 48 13 43 35 71 99 51 79 60 43 0 48 56 30 42 33 45 81 82 40 18 43 59 57 90 42 54 95 20 70 99 85
21 27 28 64 22 28 93 26 49 93 16 91 42 78 38 97 63 64 72 45 59 79 90 62 66 15 79 43 75 86 39 49 14 18 41 30 44 51 75 37 42 60 70 60 36 26 79 42 93 54 36 54 75 63 59 19 30 47 48 0 30 18 30 69 49 89 31 55 15 12 89 33 97 56 57 73 53 47 53 22
90 38 19 63 59 44 66 63 60 90 55 62 73 86 83 43 69 34 28 30 44 36 61 87 19 50 51 15 61 74 70 49 18 25 74 99 83 68 19 45 17 73 89 90 17 51 64 38 19 13 60 47 47 72 31 94 54 41 56 30 0 84 86 94 23 64 20 18 31 65 67 84 29 20 92 89 33 47 20 47
91 63 71 38 77 43 83 76 91 39 91 62 77 41 33 28 15 51 41 21 92 19 34 58 69 16 23 23 52 98 61 20 58 77 96 15 90 35 96 40 69 79 30 92 85 64 50 64 32 12 37 94 15 47 43 46 70 72 30 18 84 0 46 19 64 41 33 82 68 24 68 66 67 60 69 19 46 23 24 75
83 27 29 12 54 49 93 56 86 45 94 93 13 24 49 98 79 51 56 15 35 27 87 20 26 26 88 82 68 45 21 36 70 80 50 60 76 90 81 19 72 64 36 55 59 43 82 19 90 40 78 17 92 27 43 34 34 32 42 30 86 46 0 53 90 78 24 73 40 99 40 40 49 24 41 60 69 64 27 58
27 28 54 36 51 55 81 36 75 84 43 16 23 30 77 39 54 30 76 73 60 23 95 42 45 76 42 63 37 20 90 53 35 10 26 63 54 96 21 65 79 52 22 72 84 59 58 42 33 94 12 91 67 82 99 69 68 63 33 69 94 19 53 0 82 34 59 10 99 16 83 99 34 73 13 13 29 67 73 91
46 54 75 26 71 43 75 75 41 74 61 34 56 43 81 58 26 46 28 78 43 46 33 69 86 27 10 48 87 31 21 22 53 81 24 55 57 51 80 31 38 55 48 66 91 66 39 49 48 51 16 52 45 64 74 33 20 72 45 49 23 64 90 82 0 74 11 63 44 94 84 56 78 77 22 77 72 67 19 79
34 34 34 55 20 12 52 20 39 44 82 68 45 10 89 21 84 62 36 46 54 33 27 27 60 30 25 36 84 42 59 42 97 26 72 51 86 83 89 27 56 40 12 26 24 19 43 59 68 60 56 90 17 28 88 11 85 94 81 89 64 41 78 34 74 0 16 54 66 54 79 86 81 94 55 11 25 96 68 80
40 32 50 54 30 16 95 18 38 51 52 10 17 32 78 33 41 24 17 60 19 82 64 22 97 27 61 61 62 88 23 91 96 46 56 85 28 83 55 35 53 46 50 57 70 30 65 34 72 62 55 36 66 62 19 19 74 35 82 31 20 33 24 59 11 16 0 84 82 90 47 63 23 26 42 95 54 77 85 30
92 79 32 44 72 51 87 61 10 44 69 47 61 61 44 52 53 37 53 76 73 91 26 11 90 47 70 19 19 44 19 19 79 38 45 13 16 39 33 59 81 56 45 57 89 71 79 16 11 37 96 71 90 61 25 34 60 70 40 55 18 82 73 10 63 54 84 0 69 55 40 94 93 29 82 87 41 63 70 75
55 62 10 19 68 90 16 15 41 53 50 11 56 63 77 99 22 82 56 27 25 90 77 93 50 14 99 34 54 48 98 53 30 73 80 76 34 36 51 95 31 53 24 43 92 84 11 49 48 78 57 25 25 91 48 15 95 46 18 15 31 68 40 99 44 66 82 69 0 35 34 64 43 24 74 11 73 43 99 99
64 27 11 73 57 69 90 20 63 67 28 44 98 23 22 10 85 45 51 23 17 26 38 33 14 35 77 25 43 31 83 18 98 74 93 84 90 83 70 96 33 82 34 38 95 76 21 80 50 66 21 89 69 69 29 34 54 73 43 12 65 24 99 16 94 54 90 55 35 0 57 20 87 77 80 33 19 24 94 29
15 22 92 58 17 18 99 32 90 97 95 84 58 44 83 20 98 75 35 97 25 86 59 97 10 13 44 72 99 96 36 73 79 20 39 95 65 58 59 88 53 18 54 22 44 20 80 71 30 86 81 28 25 66 96 12 84 39 59 89 67 68 40 83 84 79 47 40 34 57 0 39 70 83 27 23 64 97 10 80
62 89 71 15 20 58 15 50 39 24 55 83 91 87 83 89 78 39 41 61 91 78 63 52 91 55 99 68 94 28 70 41 24 63 11 65 26 33 62 10 44 10 83 73 44 12 49 86 85 66 15 65 58 56 31 81 26 43 57 33 84 66 40 99 56 86 63 94 64 20 39 0 93 70 81 34 49 87 92 55
29 20 87 77 91 91 69 81 50 32 67 16 98 19 94 49 76 55 18 14 67 54 24 94 36 73 20 12 17 15 11 84 53 80 62 30 75 79 28 85 16 76 75 88 65 23 88 60 85 86 37 87 35 76 34 84 40 58 90 97 29 67 49 34 78 81 23 93 43 87 70 93 0 19 97 97 88 94 86 26
17 10 22 16 22 50 56 83 16 58 45 80 63 76 10 72 37 21 10 44 94 78 47 13 41 41 88 11 61 21 75 28 36 89 41 87 43 73 94 18 33 66 68 50 85 86 39 92 41 50 51 98 24 49 75 16 89 18 42 56 20 60 24 73 77 94 26 29 24 77 83 70 19 0 71 35 92 91 19 67
61 56 31 69 75 43 71 39 97 14 40 30 16 64 30 56 52 65 26 94 76 12 88 60 68 85 58 65 18 47 78 40 80 90 81 19 28 80 36 52 80 62 87 81 98 68 37 15 85 26 62 46 84 11 52 64 76 72 54 57 92 69 41 13 22 55 42 82 74 80 27 81 97 71 0 40 28 59 39 14
70 95 59 54 57 99 45 11 77 37 27 57 35 60 49 15 16 15 57 71 30 81 14 36 81 14 11 48 81 84 78 16 79 50 35 72 51 86 67 41 12 14 95 67 24 56 22 97 79 41 35 46 81 64 40 30 40 83 95 73 89 19 60 13 77 11 95 87 11 33 23 34 97 35 40 0 31 86 18 11
33 28 85 19 91 29 15 72 61 59 33 85 94 34 74 43 10 23 30 61 64 56 54 83 56 21 37 96 16 24 12 34 45 50 69 27 10 74 63 63 20 59 66 61 32 25 88 39 76 31 91 90 87 27 31 76 16 27 20 53 33 46 69 29 72 25 54 41 73 19 64 49 88 92 28 31 0 62 92 21
54 27 48 46 77 57 57 94 57 77 84 15 74 56 52 11 80 34 63 74 24 43 71 72 96 75 98 52 52 22 44 91 97 97 42 60 65 48 56 94 74 66 29 64 80 81 67 24 21 17 98 48 12 68 19 43 37 49 70 47 47 23 64 67 67 96 77 63 43 24 97 87 94 91 59 86 62 0 16 27
33 54 41 49 88 34 84 66 84 98 98 73 59 97 95 40 88 79 59 42 75 16 88 83 76 36 12 57 95 50 84 87 88 35 57 68 90 21 58 85 31 85 21 58 80 19 11 44 80 62 53 77 59 74 81 58 20 83 99 53 20 24 27 73 19 68 85 70 99 94 10 92 86 19 39 18 92 16 0 46
58 62 23 69 86 15 73 68 38 42 34 76 25 85 76 21 68 62 54 77 52 58 31 10 68 35 39 24 78 70 92 59 65 17 20 20 20 47 65 40 48 96 97 38 67 58 59 25 18 22 47 69 76 59 32 27 84 14 85 22 47 75 58 91 79 80 30 75 99 29 80 55 26 67 14 11 21 27 46 0