115
0 60 30 47 32 71 41 87 22 64 44 41 80 31 75 81 51 70 70 83 91 95 54 31 17 34 26 84 36 46 34 46 28 69 58 71 97 16 21 59 19 97 17 99 67 55 85 44 48 13 22 94 69 39 82 53 53 23 36 13 19 39 90 91 22 66 85 62 56 90 72 22 79 89 11 60 67 68 73 56 61 94 65 98 40 95 45 29 46 23 77 85 41 35 57 65 63 44 97 10 27 40 99 19 59 10 99 53 39 14 33 27 98 77 99
60 0 20 51 18 74 87 31 77 45 61 69 29 99 60 22 50 85 82 49 67 95 66 61 18 93 41 93 16 86 61 71 69 35 13 13 20 30 67 53 13 75 68 88 61 62 82 10 82 27 99 50 63 44 44 98 20 34 67 82 74 35 54 96 60 82 85 12 43 51 39 21 54 25 23 79 46 15 69 17 84 84 74 48 69 99 33 45 71 74 23 17 63 81 99 13 72 24 39 97 57 46 17 98 57 81 33 68 81 34 16 44 85 93 54
30 20 0 67 23 68 92 59 92 72 96 51 72 41 69 27 10 78 67 83 46 36 45 83 10 71 92 22 48 63 59 71 78 64 13 85 73 18 46 25 28 45 73 43 12 98 48 82 86 27 32 42 27 68 61 16 40 83 49 46 94 48 58 41 62 80 13 81 29 77 96 64 54 32 82 78 50 15 25 15 18 12 70 79 50 16 13 99 64 91 64 12 54 78 62 57 57 89 25 47 46 14 31 81 32 47 45 20 60 69 31 82 55 37 96
47 51 67 0 14 76 50 74 90 71 75 42 39 77 98 98 35 48 92 93 51 57 53 51 36 87 52 72 45 97 98 86 46 79 33 42 74 80 45 51 62 42 21 39 74 89 93 65 26 77 49 19 67 74 16 90 15 65 18 63 49 26 99 85 98 33 59 94 62 44 28 26 58 51 70 77 50 63 76 80 61 26 57 73 23 42 89 81 19 78 60 80 86 47 31 78 13 87 26 47 55 86 41 37 91 51 24 21 87 18 87 44 61 23 30
32 18 23 14 0 65 34 65 42 85 51 59 19 38 24 54 18 71 85 22 36 59 12 13 58 42 40 84 79 51 46 78 24 33 89 86 66 93 91 51 88 88 36 95 92 22 84 64 76 24 25 77 18 59 59 56 44 48 97 59 72 67 61 26 39 20 97 51 75 81 15 70 66 51 76 57 64 10 98 31 21 91 60 58 57 16 24 27 81 69 10 89 56 45 45 26 94 23 91 61 78 67 82 25 13 68 97 50 13 25 62 48 53 40 22
71 74 68 76 65 0 22 20 60 20 25 20 80 86 89 53 71 47 93 77 56 95 31 97 82 85 92 33 83 55 98 64 10 59 40 75 56 95 67 33 82 47 57 45 75 67 67 21 57 34 13 23 24 75 47 50 33 76 45 23 61 64 94 50 95 47 80 93 47 80 41 30 98 91 74 63 47 57 63 33 83 98 40 98 70 13 77 73 64 91 99 77 59 33 57 85 99 67 10 42 85 87 65 82 21 49 97 46 62 57 69 34 19 60 70
41 87 92 50 34 22 0 26 96 97 58 26 30 43 24 74 82 10 38 78 98 47 37 97 51 84 64 34 38 63 28 53 74 29 51 81 73 57 48 93 98 43 31 37 28 76 15 19 42 23 23 52 84 78 50 31 21 37 26 96 83 21 90 59 97 70 75 13 73 23 48 32 53 36 22 94 13 16 80 35 84 86 39 80 78 78 73 12 77 40 85 72 82 17 12 41 16 74 73 70 12 92 19 21 37 43 14 31 76 29 66 41 93 63 16
87 31 59 74 65 20 26 0 34 70 34 84 22 34 33 90 30 56 81 46 23 62 26 68 96 20 60 58 50 27 61 28 74 31 90 36 85 40 26 80 57 25 11 21 72 45 70 82 96 85 18 96 61 92 63 88 67 11 89 78 97 55 65 15 37 52 51 99 23 84 85 47 19 46 48 72 28 36 88 17 53 77 37 36 74 80 65 46 94 51 47 28 86 62 94 97 87 96 18 43 71 57 61 65 39 68 84 94 58 17 87 66 84 57 23
22 77 92 90 42 60 96 34 0 46 95 48 93 81 49 19 70 59 23 64 24 66 37 80 10 22 77 15 65 28 70 55 90 60 57 65 93 89 76 18 12 19 78 47 53 86 24 34 41 61 75 97 44 70 91 23 46 97 15 44 75 68 34 49 73 19 84 54 69 10 15 19 30 51 85 21 84 28 33 25 58 88 54 36 45 80 28 64 83 36 36 90 90 57 14 78 18 30 84 70 12 50 42 73 34 44 71 13 97 41 36 13 48 53 86
64 45 72 71 85 20 97 70 46 0 69 93 90 68 16 58 58 99 60 42 60 59 37 18 22 53 51 96 96 13 58 86 40 43 10 33 11 36 92 27 39 95 61 49 74 76 98 88 75 87 64 66 72 85 57 58 44 13 27 18 28 74 40 41 17 41 50 94 94 96 30 74 60 73 88 23 28 12 82 93 73 65 57 49 69 77 43 85 75 39 73 50 35 48 59 48 19 59 66 95 66 36 49 30 27 94 49 55 30 53 21 86 51 73 95
44 61 96 75 51 25 58 34 95 69 0 44 97 38 63 45 98 89 21 97 79 46 13 94 93 58 36 65 39 58 64 34 60 50 48 76 37 38 68 12 69 38 80 13 87 31 89 24 12 17 92 75 20 80 25 79 90 30 78 92 31 72 52 44 87 34 53 57 94 65 55 81 10 81 87 80 59 19 10 78 26 41 73 47 39 97 39 37 10 25 99 49 82 26 30 54 36 80 87 97 90 38 36 69 75 28 57 91 68 77 29 84 16 65 62
41 69 51 42 59 20 26 84 48 93 44 0 78 45 27 95 84 38 96 74 38 20 43 55 36 43 75 58 80 85 28 66 88 32 92 90 63 37 74 10 80 81 77 63 98 81 85 51 80 60 19 14 86 84 75 47 59 70 20 42 22 57 33 79 28 70 78 98 58 36 41 64 38 71 16 75 81 45 14 74 89 94 67 46 47 87 63 53 88 61 24 48 30 48 75 80 70 73 19 49 90 43 19 98 62 95 76 24 69 26 99 13 34 36 40
80 29 72 39 19 80 30 22 93 90 97 78 0 20 53 17 53 34 95 58 73 30 21 68 21 76 33 90 85 86 65 37 90 96 87 79 16 44 82 65 30 84 56 87 44 48 96 89 50 44 65 11 44 36 27 28 91 52 79 62 34 91 85 25 97 17 85 94 43 38 45 56 20 43 62 48 22 18 14 82 17 21 49 11 71 76 94 23 87 28 60 83 47 53 75 97 22 60 50 63 64 95 52 14 79 65 87 84 72 85 18 99 83 47 14
31 99 41 77 38 86 43 34 81 68 38 45 20 0 67 76 63 86 30 38 54 90 80 86 23 87 21 50 83 74 35 33 62 63 23 30 63 50 66 46 81 59 51 38 75 81 24 64 50 49 68 91 52 95 67 28 32 21 37 97 66 82 74 45 12 24 34 25 71 49 26 85 72 46 30 19 47 53 94 98 91 16 46 91 78 55 95 38 88 47 56 35 62 69 12 17 20 19 70 69 83 54 69 52 10 48 27 32 11 14 39 25 92 12 40
75 60 69 98 24 89 24 33 49 16 63 27 53 67 0 37 24 48 24 57 16 54 42 61 49 69 34 48 97 40 16 76 93 60 25 81 60 37 49 68 11 63 45 84 29 16 99 14 93 87 19 82 88 45 44 87 24 40 41 81 91 17 78 57 47 92 82 11 52 65 41 18 68 67 67 70 56 99 83 71 54 24 17 94 69 69 14 65 39 58 78 23 96 99 81 95 87 91 69 88 53 58 27 63 43 32 22 81 14 46 97 14 35 27 42
81 22 27 98 54 53 74 90 19 58 45 95 17 76 37 0 66 58 25 13 88 68 44 26 25 75 83 23 64 30 81 38 16 20 65 25 82 10 25 15 21 31 92 70 42 49 74 73 44 50 75 86 80 66 12 19 19 10 40 70 12 43 26 16 75 51 86 95 70 49 35 72 98 81 71 87 45 29 56 28 75 58 14 83 68 50 37 58 11 68 64 86 91 41 26 51 46 66 68 94 12 43 84 43 71 60 88 15 27 69 98 42 90 82 99
51 50 10 35 18 71 82 30 70 58 98 84 53 63 24 66 0 90 10 51 50 70 73 21 35 50 37 56 13 19 82 45 88 54 38 35 35 29 90 84 82 50 95 16 25 47 30 92 43 64 60 36 11 63 95 43 93 89 42 83 95 67 50 68 32 74 87 21 53 89 15 47 46 17 16 48 11 52 86 42 49 12 29 32 88 71 59 76 63 90 25 65 66 92 29 16 75 22 67 20 68 81 49 16 30 13 22 61 80 87 69 43 38 41 40
70 85 78 48 71 47 10 56 59 99 89 38 34 86 48 58 90 0 71 22 56 44 33 99 62 24 80 64 53 16 88 91 35 78 38 61 90 51 89 60 59 50 81 73 74 58 88 65 93 91 72 14 15 45 78 65 53 42 60 66 41 34 42 27 34 90 92 70 74 37 86 98 22 23 59 45 28 71 45 46 57 56 11 58 69 16 87 70 23 21 27 69 93 90 22 51 67 93 31 76 33 26 31 70 90 64 65 92 61 92 32 38 63 45 51
70 82 67 92 85 93 38 81 23 60 21 96 95 30 24 25 10 71 0 67 96 45 13 19 96 49 90 43 29 50 20 11 30 14 97 54 35 93 36 48 75 97 98 35 50 63 96 69 45 32 58 99 54 67 98 11 91 83 42 26 92 21 23 62 36 35 47 82 35 98 73 58 19 97 65 76 70 22 62 39 78 20 33 29 48 83 51 85 21 87 30 57 53 78 39 50 10 23 50 43 54 45 40 96 74 77 30 16 46 83 75 32 12 72 81
83 49 83 93 22 77 78 46 64 42 97 74 58 38 57 13 51 22 67 0 50 84 29 83 98 53 46 89 88 96 62 52 52 22 97 73 91 22 28 15 68 33 19 50 19 29 86 55 60 30 90 96 18 39 55 61 58 65 61 20 48 17 75 40 72 99 63 14 85 63 42 58 24 84 91 84 62 57 78 21 36 32 69 46 23 84 71 99 20 12 77 71 92 84 42 18 83 99 43 96 84 82 29 54 58 24 71 49 31 47 95 98 17 99 43
91 67 46 51 36 56 98 23 24 60 79 38 73 54 16 88 50 56 96 50 0 34 79 26 88 86 58 89 46 93 22 69 76 75 79 78 84 64 13 35 38 57 35 47 43 13 17 89 21 39 76 92 60 26 21 75 95 28 20 69 46 82 97 34 53 81 42 30 32 19 43 51 29 60 64 83 23 13 80 30 43 49 17 61 55 14 90 26 88 29 34 29 87 10 19 71 56 42 17 14 98 22 75 75 66 62 93 73 92 58 81 45 69 27 31
95 95 36 57 59 95 47 62 66 59 46 20 30 90 54 68 70 44 45 84 34 0 75 19 22 53 32 78 62 26 71 93 50 50 88 20 83 61 37 53 38 25 81 78 81 30 80 15 61 72 47 12 10 18 72 76 10 48 48 38 55 95 13 77 95 69 88 78 23 80 58 92 67 51 61 96 92 87 33 94 47 58 31 18 18 59 86 49 80 87 88 99 99 27 54 16 70 21 68 82 49 51 31 42 94 99 21 47 92 92 72 84 35 84 36
54 66 45 53 12 31 37 26 37 37 13 43 21 80 42 44 73 33 13 29 79 75 0 63 37 73 15 31 88 70 90 38 80 26 19 17 20 88 13 22 31 67 35 89 90 18 81 74 89 97 46 54 23 59 43 41 68 23 11 29 33 18 73 71 52 54 15 79 58 23 52 72 22 99 12 25 50 94 69 18 21 37 71 79 77 57 42 55 14 71 62 38 81 39 97 26 62 46 55 49 37 15 45 16 57 50 42 59 26 22 62 97 66 90 60
31 61 83 51 13 97 97 68 80 18 94 55 68 86 61 26 21 99 19 83 26 19 63 0 87 47 65 22 26 20 34 22 53 47 50 65 34 63 45 64 54 37 46 13 61 20 38 55 37 55 46 53 25 62 78 84 86 34 74 70 69 23 63 31 12 99 81 24 63 98 97 66 47 93 56 57 35 63 35 71 52 48 37 33 58 97 44 71 80 32 24 12 58 20 86 32 78 41 43 29 54 96 35 14 51 68 28 78 71 99 82 21 41 26 41
17 18 10 36 58 82 51 96 10 22 93 36 21 23 49 25 35 62 96 98 88 22 37 87 0 56 97 10 72 41 75 99 78 28 96 17 35 69 66 69 65 22 23 58 50 72 36 88 73 53 10 87 47 76 69 94 60 17 89 93 95 35 93 23 60 19 33 16 26 47 51 74 13 21 32 21 13 75 98 39 76 55 69 68 63 29 97 12 80 41 96 21 61 87 52 22 18 71 72 58 60 11 14 29 68 13 63 49 58 40 56 33 53 23 40
34 93 71 87 42 85 84 20 22 53 58 43 76 87 69 75 50 24 49 53 86 53 73 47 56 0 62 17 84 67 86 92 38 39 78 48 55 23 77 50 53 87 52 45 30 66 55 55 25 10 51 28 34 39 40 12 81 68 31 39 80 92 89 81 37 56 81 76 94 96 11 65 28 70 74 16 25 86 63 90 79 44 50 69 78 44 58 50 80 51 28 56 88 37 91 43 61 79 64 76 12 26 28 84 72 23 88 16 16 95 62 98 83 69 83
26 41 92 52 40 92 64 60 77 51 36 75 33 21 34 83 37 80 90 46 58 32 15 65 97 62 0 55 87 28 88 27 32 60 68 27 67 40 51 64 77 96 59 55 46 45 75 83 86 74 77 85 73 50 66 50 66 71 72 17 29 47 40 34 27 89 97 28 20 28 60 41 55 15 73 84 87 31 68 63 88 42 54 34 12 22 67 60 75 50 90 30 63 45 19 61 87 42 77 93 27 18 57 40 76 98 93 69 35 50 30 46 69 78 70
84 93 22 72 84 33 34 58 15 96 65 58 90 50 48 23 56 64 43 89 89 78 31 22 10 17 55 0 10 35 40 60 45 90 94 78 75 98 11 87 95 17 72 27 89 71 80 60 88 98 21 70 13 61 14 32 89 33 59 20 91 68 85 21 37 18 71 12 83 69 17 46 63 71 44 31 65 33 56 21 30 62 24 46 34 67 52 11 86 27 67 77 62 86 24 58 62 43 42 31 33 15 57 91 80 78 77 53 65 32 33 91 37 15 42
36 16 48 45 79 83 38 50 65 96 39 80 85 83 97 64 13 53 29 88 46 62 88 26 72 84 87 10 0 65 64 21 54 22 81 43 62 95 92 64 68 64 58 21 69 56 30 66 54 29 46 69 74 44 17 96 17 39 40 96 18 84 76 69 94 96 72 54 20 78 76 25 48 76 34 79 49 32 94 41 65 48 47 38 92 23 70 98 17 93 28 40 48 22 78 94 89 80 23 29 90 39 23 15 46 35 90 77 37 97 51 70 10 74 53
46 86 63 97 51 55 63 27 28 13 58 85 86 74 40 30 19 16 50 96 93 26 70 20 41 67 28 35 65 0 51 36 19 17 15 47 32 83 42 89 59 68 41 15 70 78 37 84 86 25 17 95 63 71 60 45 71 28 85 93 55 67 11 16 62 27 19 83 73 62 90 66 35 96 23 91 67 48 18 67 78 59 18 41 53 47 34 25 77 88 54 94 10 53 83 52 50 55 69 77 64 19 81 48 15 75 58 51 55 37 25 97 37 63 38
34 61 59 98 46 98 28 61 70 58 64 28 65 35 16 81 82 88 20 62 22 71 90 34 75 86 88 40 64 51 0 53 99 53 86 31 21 19 85 42 80 94 27 66 41 13 50 40 56 34 96 66 61 94 30 43 41 67 17 61 95 48 80 11 54 78 82 34 55 46 36 69 59 38 18 70 82 32 17 21 12 34 77 37 55 23 76 13 44 30 96 10 56 44 16 65 28 77 62 28 68 30 28 61 18 90 94 39 50 66 82 19 64 44 85
46 71 71 86 78 64 53 28 55 86 34 66 37 33 76 38 45 91 11 52 69 93 38 22 99 92 27 60 21 36 53 0 40 26 55 92 40 31 40 72 47 89 24 29 30 23 19 67 93 73 18 62 49 40 97 91 60 61 41 12 76 83 83 31 59 63 33 53 49 68 92 23 22 72 23 96 18 20 64 44 93 87 22 10 20 65 29 40 19 86 40 35 67 89 43 87 24 92 50 35 18 42 93 12 44 75 27 25 75 35 26 24 55 27 64
28 69 78 46 24 10 74 74 90 40 60 88 90 62 93 16 88 35 30 52 76 50 80 53 78 38 32 45 54 19 99 40 0 43 91 27 63 69 45 93 91 31 27 16 77 74 34 55 89 73 91 34 61 20 90 96 49 94 38 81 69 88 14 83 24 68 29 57 30 87 87 60 25 50 64 70 37 38 17 33 55 77 96 77 40 44 22 19 42 70 39 46 51 22 59 18 49 42 51 12 89 46 39 32 57 66 19 90 46 80 75 80 13 33 86
69 35 64 79 33 59 29 31 60 43 50 32 96 63 60 20 54 78 14 22 75 50 26 47 28 39 60 90 22 17 53 26 43 0 17 57 83 24 19 86 78 70 79 35 37 20 61 59 71 88 27 23 55 97 10 70 65 26 88 48 41 18 59 54 87 65 87 77 45 56 94 95 76 75 57 17 96 51 73 34 82 16 27 25 18 55 96 19 77 35 64 25 22 34 71 55 64 32 25 95 22 22 59 56 26 58 40 15 95 54 11 13 48 66 40
58 13 13 33 89 40 51 90 57 10 48 92 87 23 25 65 38 38 97 97 79 88 19 50 96 78 68 94 81 15 86 55 91 17 0 84 49 16 60 69 11 14 46 15 23 37 42 35 27 24 53 44 29 49 67 63 57 97 50 22 11 66 16 21 37 67 45 10 32 10 84 76 61 32 83 63 84 58 34 76 37 26 11 26 61 66 15 54 66 59 55 61 39 79 39 48 11 42 78 68 28 39 18 73 16 59 29 29 12 47 17 57 47 72 15
71 13 85 42 86 75 81 36 65 33 76 90 79 30 81 25 35 61 54 73 78 20 17 65 17 48 27 78 43 47 31 92 27 57 84 0 25 30 40 12 21 46 89 19 35 46 90 95 69 87 59 47 17 97 28 89 99 48 49 73 40 16 42 72 56 88 55 90 87 51 55 93 25 18 97 14 91 30 26 95 12 15 89 17 88 78 15 13 66 38 64 82 37 51 46 77 13 20 49 99 52 17 19 53 98 98 48 43 51 88 26 26 56 82 42
97 20 73 74 66 56 73 85 93 11 37 63 16 63 60 82 35 90 35 91 84 83 20 34 35 55 67 75 62 32 21 40 63 83 49 25 0 60 32 12 64 40 26 55 88 63 33 32 51 36 39 80 86 48 10 86 33 70 65 36 63 60 67 21 74 16 21 88 48 71 94 93 80 68 66 11 39 85 64 18 77 64 22 23 10 59 59 56 40 80 45 36 62 46 47 29 25 74 95 27 22 92 70 42 25 91 97 81 65 81 11 99 59 51 26
16 30 18 80 93 95 57 40 89 36 38 37 44 50 37 10 29 51 93 22 64 61 88 63 69 23 40 98 95 83 19 31 69 24 16 30 60 0 99 61 12 23 76 26 11 69 46 54 23 20 96 45 38 63 63 40 86 91 84 60 32 53 14 33 62 69 36 32 41 55 81 78 32 41 43 23 20 27 44 22 93 51 86 53 84 49 79 48 52 30 24 92 22 88 74 93 71 55 84 43 35 38 49 35 12 66 20 13 80 49 87 92 96 58 44
21 67 46 45 91 67 48 26 76 92 68 74 82 66 49 25 90 89 36 28 13 37 13 45 66 77 51 11 92 42 85 40 45 19 60 40 32 99 0 56 84 15 50 65 71 86 47 61 46 31 80 52 31 76 53 33 38 46 15 42 58 38 46 99 18 36 89 99 65 99 58 59 18 64 81 29 42 30 44 90 44 74 12 92 29 89 94 79 64 84 15 83 19 87 75 59 56 16 93 27 91 45 62 53 86 33 63 56 95 21 34 80 46 39 52
59 53 25 51 51 33 93 80 18 27 12 10 65 46 68 15 84 60 48 15 35 53 22 64 69 50 64 87 64 89 42 72 93 86 69 12 12 61 56 0 77 77 31 26 43 32 75 50 91 75 43 96 22 24 45 70 57 12 56 27 32 98 11 65 52 21 24 88 32 34 10 15 11 21 11 48 37 55 19 36 81 47 87 56 24 65 66 69 79 70 28 88 57 31 45 36 15 93 25 36 80 86 89 79 27 20 58 32 17 10 63 41 80 11 12
19 13 28 62 88 82 98 57 12 39 69 80 30 81 11 21 82 59 75 68 38 38 31 54 65 53 77 95 68 59 80 47 91 78 11 21 64 12 84 77 0 68 14 66 43 23 30 94 26 18 96 42 53 26 61 15 70 46 53 84 91 43 48 62 18 63 14 91 38 25 23 71 36 32 66 27 47 86 10 66 97 14 73 55 37 66 28 16 58 68 89 47 93 32 39 50 14 57 26 44 92 95 32 29 44 95 37 76 24 78 30 28 44 92 54
97 75 45 42 88 47 43 25 19 95 38 81 84 59 63 31 50 50 97 33 57 25 67 37 22 87 96 17 64 68 94 89 31 70 14 46 40 23 15 77 68 0 53 16 64 94 52 38 64 32 69 53 51 79 93 40 41 20 25 14 77 95 99 55 72 63 71 38 36 22 53 92 11 45 57 87 65 51 63 58 20 17 34 17 46 20 40 43 25 34 29 16 37 72 19 89 14 21 30 77 51 29 90 89 41 85 97 66 96 89 81 16 66 69 90
17 68 73 21 36 57 31 11 78 61 80 77 56 51 45 92 95 81 98 19 35 81 35 46 23 52 59 72 58 41 27 24 27 79 46 89 26 76 50 31 14 53 0 66 17 65 63 80 97 25 12 19 55 58 58 51 57 68 76 54 21 85 32 48 51 63 44 51 76 68 77 13 79 19 16 45 55 22 88 87 72 27 58 57 82 35 74 16 65 15 28 80 10 20 51 25 67 28 65 31 69 59 26 98 61 41 23 27 15 90 22 34 82 43 17
99 88 43 39 95 45 37 21 47 49 13 63 87 38 84 70 16 73 35 50 47 78 89 13 58 45 55 27 21 15 66 29 16 35 15 19 55 26 65 26 66 16 66 0 64 80 60 84 51 49 58 55 38 83 95 29 20 39 96 95 22 25 85 91 75 83 42 19 47 13 47 94 17 83 76 63 85 66 46 37 62 45 49 47 80 76 47 74 76 55 19 25 37 56 64 69 93 42 48 17 26 11 59 90 22 95 88 91 80 25 48 63 20 95 32
67 61 12 74 92 75 28 72 53 74 87 98 44 75 29 42 25 74 50 19 43 81 90 61 50 30 46 89 69 70 41 30 77 37 23 35 88 11 71 43 43 64 17 64 0 53 68 19 32 98 10 67 17 66 97 54 15 77 43 44 20 11 98 59 62 92 75 51 15 68 94 30 24 75 43 10 76 14 89 64 43 80 28 72 18 45 31 93 44 65 93 10 30 70 38 44 55 91 63 47 59 67 36 94 58 75 49 12 48 19 94 43 64 72 88
55 62 98 89 22 67 76 45 86 76 31 81 48 81 16 49 47 58 63 29 13 30 18 20 72 66 45 71 56 78 13 23 74 20 37 46 63 69 86 32 23 94 65 80 53 0 80 94 41 30 52 76 17 53 70 38 45 84 39 96 29 72 86 57 19 87 27 93 37 97 80 92 32 34 15 72 40 82 30 22 24 49 94 51 64 61 69 48 45 24 53 28 45 38 79 52 84 62 71 20 92 82 30 16 57 75 92 17 50 15 85 93 88 11 69
85 82 48 93 84 67 15 70 24 98 89 85 96 24 99 74 30 88 96 86 17 80 81 38 36 55 75 80 30 37 50 19 34 61 42 90 33 46 47 75 30 52 63 60 68 80 0 96 60 18 59 84 68 62 31 51 10 28 88 25 15 50 27 37 70 54 48 65 76 98 32 17 43 52 97 40 70 27 91 70 57 41 15 32 34 98 60 90 11 16 39 43 62 72 28 31 23 75 76 82 45 57 29 64 69 31 35 59 87 24 20 38 67 67 77
44 10 82 65 64 21 19 82 34 88 24 51 89 64 14 73 92 65 69 55 89 15 74 55 88 55 83 60 66 84 40 67 55 59 35 95 32 54 61 50 94 38 80 84 19 94 96 0 59 95 48 84 67 32 73 19 22 53 20 95 30 84 43 25 73 60 67 30 55 87 75 64 30 26 48 48 94 56 19 61 95 56 79 41 29 48 80 34 24 70 11 48 62 69 56 16 97 54 73 33 40 50 89 38 77 89 72 73 60 34 38 29 93 86 53
48 82 86 26 76 57 42 96 41 75 12 80 50 50 93 44 43 93 45 60 21 61 89 37 73 25 86 88 54 86 56 93 89 71 27 69 51 23 46 91 26 64 97 51 32 41 60 59 0 29 60 12 47 50 62 28 44 70 75 95 41 43 60 59 53 17 26 15 69 95 47 65 86 16 82 51 27 22 70 92 22 38 45 85 18 10 21 33 17 14 15 65 20 30 54 91 60 85 63 46 85 29 58 59 98 76 32 64 20 30 53 48 33 15 89
13 27 27 77 24 34 23 85 61 87 17 60 44 49 87 50 64 91 32 30 39 72 97 55 53 10 74 98 29 25 34 73 73 88 24 87 36 20 31 75 18 32 25 49 98 30 18 95 29 0 58 75 15 63 82 38 16 34 73 52 23 32 80 72 13 51 13 78 60 81 60 19 43 19 87 67 93 42 62 12 99 83 88 93 36 68 92 77 68 26 18 59 61 36 92 47 68 75 78 60 34 40 34 17 87 60 60 21 18 45 21 98 34 58 61
22 99 32 49 25 13 23 18 75 64 92 19 65 68 19 75 60 72 58 90 76 47 46 46 10 51 77 21 46 17 96 18 91 27 53 59 39 96 80 43 96 69 12 58 10 52 59 48 60 58 0 75 20 54 63 74 35 15 34 11 31 70 58 52 12 57 17 24 63 62 65 77 21 54 95 70 10 33 90 97 61 54 37 90 54 24 59 79 79 12 86 18 23 55 28 67 92 26 97 71 16 28 43 17 66 26 75 38 35 60 71 41 75 44 58
94 50 42 19 77 23 52 96 97 66 75 14 11 91 82 86 36 14 99 96 92 12 54 53 87 28 85 70 69 95 66 62 34 23 44 47 80 45 52 96 42 53 19 55 67 76 84 84 12 75 75 0 77 63 60 46 91 15 15 91 13 35 64 36 90 38 70 69 84 94 27 17 54 17 23 16 13 17 27 69 52 37 78 27 69 21 68 65 98 23 30 45 97 50 40 97 74 32 71 42 96 48 26 54 12 14 65 72 66 55 69 13 39 87 46
69 63 27 67 18 24 84 61 44 72 20 86 44 52 88 80 11 15 54 18 60 10 23 25 47 34 73 13 74 63 61 49 61 55 29 17 86 38 31 22 53 51 55 38 17 17 68 67 47 15 20 77 0 53 71 81 64 47 45 45 10 39 21 76 12 63 49 15 75 89 92 22 28 25 70 58 96 29 92 80 81 87 38 70 42 37 50 37 38 13 12 47 82 76 12 18 73 32 61 95 90 55 88 59 37 12 33 26 30 28 75 30 31 89 48
39 44 68 74 59 75 78 92 70 85 80 84 36 95 45 66 63 45 67 39 26 18 59 62 76 39 50 61 44 71 94 40 20 97 49 97 48 63 76 24 26 79 58 83 66 53 62 32 50 63 54 63 53 0 41 61 79 23 13 37 81 40 47 86 63 25 71 61 13 77 47 63 11 29 37 64 90 85 57 69 23 48 27 26 38 93 92 77 92 56 68 68 90 83 45 48 90 53 89 75 80 59 39 27 91 40 23 37 64 26 88 79 12 68 36
82 44 61 16 59 47 50 63 91 57 25 75 27 67 44 12 95 78 98 55 21 72 43 78 69 40 66 14 17 60 30 97 90 10 67 28 10 63 53 45 61 93 58 95 97 70 31 73 62 82 63 60 71 41 0 32 57 77 19 27 50 50 62 96 13 24 55 88 70 52 84 16 57 15 40 43 57 14 64 46 22 90 66 27 82 64 39 42 49 22 59 43 84 60 27 90 53 83 52 65 83 31 47 64 85 10 98 65 33 56 23 20 78 17 42
53 98 16 90 56 50 31 88 23 58 79 47 28 28 87 19 43 65 11 61 75 76 41 84 94 12 50 32 96 45 43 91 96 70 63 89 86 40 33 70 15 40 51 29 54 38 51 19 28 38 74 46 81 61 32 0 84 64 26 83 70 28 73 68 67 91 72 87 77 92 17 68 79 49 49 90 63 61 49 92 45 65 23 49 18 57 48 43 87 29 63 52 26 66 70 20 77 20 76 18 70 48 34 23 81 24 28 92 65 58 90 63 96 97 12
53 20 40 15 44 33 21 67 46 44 90 59 91 32 24 19 93 53 91 58 95 10 68 86 60 81 66 89 17 71 41 60 49 65 57 99 33 86 38 57 70 41 57 20 15 45 10 22 44 16 35 91 64 79 57 84 0 35 16 12 70 19 72 49 93 20 51 79 64 18 68 88 37 40 99 76 15 85 36 18 68 24 89 15 30 86 61 79 93 22 69 66 39 90 35 49 15 98 59 85 88 28 72 73 69 29 95 76 58 20 37 89 11 38 35
23 34 83 65 48 76 37 11 97 13 30 70 52 21 40 10 89 42 83 65 28 48 23 34 17 68 71 33 39 28 67 61 94 26 97 48 70 91 46 12 46 20 68 39 77 84 28 53 70 34 15 15 47 23 77 64 35 0 81 22 91 34 85 96 57 20 95 40 62 67 51 57 75 56 77 19 18 94 61 97 96 34 22 21 52 98 55 89 69 33 63 47 94 13 75 43 14 12 13 80 91 86 50 14 42 64 14 31 58 14 44 51 72 71 67
36 67 49 18 97 45 26 89 15 27 78 20 79 37 41 40 42 60 42 61 20 48 11 74 89 31 72 59 40 85 17 41 38 88 50 49 65 84 15 56 53 25 76 96 43 39 88 20 75 73 34 15 45 13 19 26 16 81 0 25 50 41 12 29 99 41 14 29 84 61 28 59 18 91 21 64 40 42 40 66 52 86 82 39 60 25 48 57 68 49 68 49 97 47 68 72 17 15 25 51 92 73 51 46 91 38 42 27 78 66 46 25 74 21 46
13 82 46 63 59 23 96 78 44 18 92 42 62 97 81 70 83 66 26 20 69 38 29 70 93 39 17 20 96 93 61 12 81 48 22 73 36 60 42 27 84 14 54 95 44 96 25 95 95 52 11 91 45 37 27 83 12 22 25 0 40 43 19 59 57 56 33 80 59 20 29 26 29 38 37 10 82 56 61 98 40 53 54 79 17 45 31 25 48 97 32 90 21 47 56 78 53 62 78 52 67 72 81 12 57 63 67 45 88 48 86 29 48 60 87
19 74 94 49 72 61 83 97 75 28 31 22 34 66 91 12 95 41 92 48 46 55 33 69 95 80 29 91 18 55 95 76 69 41 11 40 63 32 58 32 91 77 21 22 20 29 15 30 41 23 31 13 10 81 50 70 70 91 50 40 0 23 21 66 29 78 19 56 31 22 75 25 29 80 38 50 20 57 33 76 89 97 92 22 65 40 82 21 65 35 79 67 84 46 16 36 29 22 58 11 64 11 14 72 82 62 70 44 69 57 32 36 37 30 80
39 35 48 26 67 64 21 55 68 74 72 57 91 82 17 43 67 34 21 17 82 95 18 23 35 92 47 68 84 67 48 83 88 18 66 16 60 53 38 98 43 95 85 25 11 72 50 84 43 32 70 35 39 40 50 28 19 34 41 43 23 0 83 38 49 69 34 78 42 70 76 14 77 76 62 81 47 14 54 94 27 11 17 84 33 37 71 72 91 60 45 67 56 84 54 79 66 74 78 43 85 47 64 52 94 61 28 60 19 48 80 85 41 33 41
90 54 58 99 61 94 90 65 34 40 52 33 85 74 78 26 50 42 23 75 97 13 73 63 93 89 40 85 76 11 80 83 14 59 16 42 67 14 46 11 48 99 32 85 98 86 27 43 60 80 58 64 21 47 62 73 72 85 12 19 21 83 0 43 70 87 96 78 83 57 24 66 77 73 37 93 85 21 45 57 93 32 27 78 99 18 63 33 51 80 94 21 69 66 49 36 76 18 64 69 11 14 73 60 15 83 35 64 77 47 46 10 10 72 95
91 96 41 85 26 50 59 15 49 41 44 79 25 45 57 16 68 27 62 40 34 77 71 31 23 81 34 21 69 16 11 31 83 54 21 72 21 33 99 65 62 55 48 91 59 57 37 25 59 72 52 36 76 86 96 68 49 96 29 59 66 38 43 0 22 37 68 11 45 66 49 38 72 93 22 58 82 75 92 57 97 93 23 27 84 19 76 39 83 25 96 94 56 65 23 69 57 28 33 95 93 36 36 13 88 36 44 52 20 46 46 86 26 70 61
22 60 62 98 39 95 97 37 73 17 87 28 97 12 47 75 32 34 36 72 53 95 52 12 60 37 27 37 94 62 54 59 24 87 37 56 74 62 18 52 18 72 51 75 62 19 70 73 53 13 12 90 12 63 13 67 93 57 99 57 29 49 70 22 0 44 21 64 15 72 80 24 86 22 74 49 74 24 20 89 12 99 78 12 91 92 75 69 29 53 96 10 40 71 85 18 73 12 66 51 31 13 43 69 83 64 74 30 15 95 61 74 63 80 73
66 82 80 33 20 47 70 52 19 41 34 70 17 24 92 51 74 90 35 99 81 69 54 99 19 56 89 18 96 27 78 63 68 65 67 88 16 69 36 21 63 63 63 83 92 87 54 60 17 51 57 38 63 25 24 91 20 20 41 56 78 69 87 37 44 0 70 47 68 41 77 84 71 39 93 53 65 45 97 84 55 59 29 62 62 71 81 42 48 67 92 14 32 58 46 36 92 16 55 77 20 75 25 84 19 32 15 69 65 25 27 89 50 90 17
85 85 13 59 97 80 75 51 84 50 53 78 85 34 82 86 87 92 47 63 42 88 15 81 33 81 97 71 72 19 82 33 29 87 45 55 21 36 89 24 14 71 44 42 75 27 48 67 26 13 17 70 49 71 55 72 51 95 14 33 19 34 96 68 21 70 0 15 28 43 15 44 28 83 84 49 63 40 51 91 29 20 57 52 36 63 15 78 63 62 45 21 18 29 12 92 18 10 24 12 11 12 39 45 93 64 12 80 85 30 34 16 94 86 87
62 12 81 94 51 93 13 99 54 94 57 98 94 25 11 95 21 70 82 14 30 78 79 24 16 76 28 12 54 83 34 53 57 77 10 90 88 32 99 88 91 38 51 19 51 93 65 30 15 78 24 69 15 61 88 87 79 40 29 80 56 78 78 11 64 47 15 0 72 27 52 25 52 65 85 12 46 30 68 79 77 78 96 63 36 12 57 22 74 28 66 35 63 53 72 57 25 12 35 81 43 54 91 92 93 39 90 64 24 12 45 16 97 68 72
56 43 29 62 75 47 73 23 69 94 94 58 43 71 52 70 53 74 35 85 32 23 58 63 26 94 20 83 20 73 55 49 30 45 32 87 48 41 65 32 38 36 76 47 15 37 76 55 69 60 63 84 75 13 70 77 64 62 84 59 31 42 83 45 15 68 28 72 0 11 29 49 26 85 25 15 73 73 72 15 20 27 25 23 97 65 92 89 72 90 94 83 59 16 71 20 80 75 52 41 83 96 93 21 31 88 32 60 92 82 68 13 36 77 70
90 51 77 44 81 80 23 84 10 96 65 36 38 49 65 49 89 37 98 63 19 80 23 98 47 96 28 69 78 62 46 68 87 56 10 51 71 55 99 34 25 22 68 13 68 97 98 87 95 81 62 94 89 77 52 92 18 67 61 20 22 70 57 66 72 41 43 27 11 0 76 32 95 26 72 61 99 58 41 12 10 12 17 95 35 77 85 76 86 24 69 90 24 70 49 36 99 23 48 19 99 91 67 18 45 32 50 59 77 41 11 87 25 22 34
72 39 96 28 15 41 48 85 15 30 55 41 45 26 41 35 15 86 73 42 43 58 52 97 51 11 60 17 76 90 36 92 87 94 84 55 94 81 58 10 23 53 77 47 94 80 32 75 47 60 65 27 92 47 84 17 68 51 28 29 75 76 24 49 80 77 15 52 29 76 0 45 30 31 66 12 98 37 68 73 76 79 48 32 99 29 77 32 46 56 21 80 70 27 74 60 31 32 10 71 85 15 42 30 54 22 83 86 75 24 55 54 87 97 76
22 21 64 26 70 30 32 47 19 74 81 64 56 85 18 72 47 98 58 58 51 92 72 66 74 65 41 46 25 66 69 23 60 95 76 93 93 78 59 15 71 92 13 94 30 92 17 64 65 19 77 17 22 63 16 68 88 57 59 26 25 14 66 38 24 84 44 25 49 32 45 0 88 83 34 50 59 11 49 57 90 95 88 81 19 35 11 75 33 78 89 73 42 15 48 60 24 18 83 21 69 21 37 32 47 62 92 89 24 30 80 32 95 69 47
79 54 54 58 66 98 53 19 30 60 10 38 20 72 68 98 46 22 19 24 29 67 22 47 13 28 55 63 48 35 59 22 25 76 61 25 80 32 18 11 36 11 79 17 24 32 43 30 86 43 21 54 28 11 57 79 37 75 18 29 29 77 77 72 86 71 28 52 26 95 30 88 0 28 68 57 92 90 94 41 71 91 50 12 73 41 28 81 70 21 35 55 33 49 66 84 87 23 55 61 77 26 72 28 14 40 91 43 61 33 50 53 38 32 24
89 25 32 51 51 91 36 46 51 73 81 71 43 46 67 81 17 23 97 84 60 51 99 93 21 70 15 71 76 96 38 72 50 75 32 18 68 41 64 21 32 45 19 83 75 34 52 26 16 19 54 17 25 29 15 49 40 56 91 38 80 76 73 93 22 39 83 65 85 26 31 83 28 0 70 96 15 47 89 32 26 26 65 51 18 10 59 39 29 50 77 72 21 32 13 57 78 37 48 73 28 25 41 14 73 56 94 34 79 83 25 80 15 96 42
11 23 82 70 76 74 22 48 85 88 87 16 62 30 67 71 16 59 65 91 64 61 12 56 32 74 73 44 34 23 18 23 64 57 83 97 66 43 81 11 66 57 16 76 43 15 97 48 82 87 95 23 70 37 40 49 99 77 21 37 38 62 37 22 74 93 84 85 25 72 66 34 68 70 0 66 83 24 71 57 57 68 69 83 20 50 16 68 53 69 37 38 87 14 20 55 52 91 61 86 23 36 37 17 39 89 89 77 28 12 22 78 60 50 72
60 79 78 77 57 63 94 72 21 23 80 75 48 19 70 87 48 45 76 84 83 96 25 57 21 16 84 31 79 91 70 96 70 17 63 14 11 23 29 48 27 87 45 63 10 72 40 48 51 67 70 16 58 64 43 90 76 19 64 10 50 81 93 58 49 53 49 12 15 61 12 50 57 96 66 0 65 97 51 22 17 48 28 82 68 54 42 81 54 28 20 39 32 41 45 89 88 22 17 62 20 79 42 36 87 19 36 18 29 64 67 41 56 97 28
67 46 50 50 64 47 13 28 84 28 59 81 22 47 56 45 11 28 70 62 23 92 50 35 13 25 87 65 49 67 82 18 37 96 84 91 39 20 42 37 47 65 55 85 76 40 70 94 27 93 10 13 96 90 57 63 15 18 40 82 20 47 85 82 74 65 63 46 73 99 98 59 92 15 83 65 0 16 62 14 24 50 63 89 34 43 21 78 67 51 24 35 94 46 42 13 35 71 33 66 27 74 73 16 93 72 86 86 62 38 37 16 11 52 39
68 15 15 63 10 57 16 36 28 12 19 45 18 53 99 29 52 71 22 57 13 87 94 63 75 86 31 33 32 48 32 20 38 51 58 30 85 27 30 55 86 51 22 66 14 82 27 56 22 42 33 17 29 85 14 61 85 94 42 56 57 14 21 75 24 45 40 30 73 58 37 11 90 47 24 97 16 0 22 32 24 46 98 66 16 17 79 14 86 51 18 19 28 11 60 30 36 68 27 77 38 91 70 40 93 56 64 42 56 23 88 62 96 70 70
73 69 25 76 98 63 80 88 33 82 10 14 14 94 83 56 86 45 62 78 80 33 69 35 98 63 68 56 94 18 17 64 17 73 34 26 64 44 44 19 10 63 88 46 89 30 91 19 70 62 90 27 92 57 64 49 36 61 40 61 33 54 45 92 20 97 51 68 72 41 68 49 94 89 71 51 62 22 0 51 38 16 75 37 44 75 16 58 80 74 72 75 97 53 38 32 32 44 15 86 20 85 98 35 26 62 12 32 49 43 58 43 62 28 99
56 17 15 80 31 33 35 17 25 93 78 74 82 98 71 28 42 46 39 21 30 94 18 71 39 90 63 21 41 67 21 44 33 34 76 95 18 22 90 36 66 58 87 37 64 22 70 61 92 12 97 69 80 69 46 92 18 97 66 98 76 94 57 57 89 84 91 79 15 12 73 57 41 32 57 22 14 32 51 0 31 68 89 53 79 63 12 97 60 21 56 84 25 35 40 24 14 56 16 34 25 53 62 52 54 75 41 91 22 96 54 85 52 49 35
61 84 18 61 21 83 84 53 58 73 26 89 17 91 54 75 49 57 78 36 43 47 21 52 76 79 88 30 65 78 12 93 55 82 37 12 77 93 44 81 97 20 72 62 43 24 57 95 22 99 61 52 81 23 22 45 68 96 52 40 89 27 93 97 12 55 29 77 20 10 76 90 71 26 57 17 24 24 38 31 0 78 60 30 47 75 95 55 95 44 94 83 58 96 45 15 91 84 96 95 31 39 32 28 57 16 57 36 11 38 79 45 48 15 80
94 84 12 26 91 98 86 77 88 65 41 94 21 16 24 58 12 56 20 32 49 58 37 48 55 44 42 62 48 59 34 87 77 16 26 15 64 51 74 47 14 17 27 45 80 49 41 56 38 83 54 37 87 48 90 65 24 34 86 53 97 11 32 93 99 59 20 78 27 12 79 95 91 26 68 48 50 46 16 68 78 0 10 80 11 20 17 76 10 59 47 63 19 30 55 71 72 68 89 90 31 80 39 49 49 91 58 66 43 93 72 84 15 92 96
65 74 70 57 60 40 39 37 54 57 73 67 49 46 17 14 29 11 33 69 17 31 71 37 69 50 54 24 47 18 77 22 96 27 11 89 22 86 12 87 73 34 58 49 28 94 15 79 45 88 37 78 38 27 66 23 89 22 82 54 92 17 27 23 78 29 57 96 25 17 48 88 50 65 69 28 63 98 75 89 60 10 0 75 13 63 94 55 34 58 72 96 47 71 78 30 95 29 32 53 93 52 36 21 29 77 16 50 50 95 28 99 41 35 85
98 48 79 73 58 98 80 36 36 49 47 46 11 91 94 83 32 58 29 46 61 18 79 33 68 69 34 46 38 41 37 10 77 25 26 17 23 53 92 56 55 17 57 47 72 51 32 41 85 93 90 27 70 26 27 49 15 21 39 79 22 84 78 27 12 62 52 63 23 95 32 81 12 51 83 82 89 66 37 53 30 80 75 0 86 16 15 64 57 51 51 88 76 94 19 24 67 20 47 59 35 60 13 20 42 96 80 29 76 27 22 93 70 19 89
40 69 50 23 57 70 78 74 45 69 39 47 71 78 69 68 88 69 48 23 55 18 77 58 63 78 12 34 92 53 55 20 40 18 61 88 10 84 29 24 37 46 82 80 18 64 34 29 18 36 54 69 42 38 82 18 30 52 60 17 65 33 99 84 91 62 36 36 97 35 99 19 73 18 20 68 34 16 44 79 47 11 13 86 0 85 47 91 88 37 84 28 64 34 31 78 31 15 40 39 75 23 91 17 23 84 24 52 35 65 86 73 64 31 40
95 99 16 42 16 13 78 80 80 77 97 87 76 55 69 50 71 16 83 84 14 59 57 97 29 44 22 67 23 47 23 65 44 55 66 78 59 49 89 65 66 20 35 76 45 61 98 48 10 68 24 21 37 93 64 57 86 98 25 45 40 37 18 19 92 71 63 12 65 77 29 35 41 10 50 54 43 17 75 63 75 20 63 16 85 0 69 83 83 41 51 55 64 97 88 45 53 39 29 53 41 30 62 30 72 15 48 64 54 91 83 23 14 59 75
45 33 13 89 24 77 73 65 28 43 39 63 94 95 14 37 59 87 51 71 90 86 42 44 97 58 67 52 70 34 76 29 22 96 15 15 59 79 94 66 28 40 74 47 31 69 60 80 21 92 59 68 50 92 39 48 61 55 48 31 82 71 63 76 75 81 15 57 92 85 77 11 28 59 16 42 21 79 16 12 95 17 94 15 47 69 0 61 48 27 94 81 70 86 59 58 37 64 50 70 74 47 90 63 56 26 46 68 76 97 15 50 68 94 74
29 45 99 81 27 73 12 46 64 85 37 53 23 38 65 58 76 70 85 99 26 49 55 71 12 50 60 11 98 25 13 40 19 19 54 13 56 48 79 69 16 43 16 74 93 48 90 34 33 77 79 65 37 77 42 43 79 89 57 25 21 72 33 39 69 42 78 22 89 76 32 75 81 39 68 81 78 14 58 97 55 76 55 64 91 83 61 0 11 32 26 45 59 48 56 45 95 12 32 13 41 72 75 98 61 66 16 56 22 22 38 82 98 14 42
46 71 64 19 81 64 77 94 83 75 10 88 87 88 39 11 63 23 21 20 88 80 14 80 80 80 75 86 17 77 44 19 42 77 66 66 40 52 64 79 58 25 65 76 44 45 11 24 17 68 79 98 38 92 49 87 93 69 68 48 65 91 51 83 29 48 63 74 72 86 46 33 70 29 53 54 67 86 80 60 95 10 34 57 88 83 48 11 0 99 99 48 91 86 19 55 37 70 96 25 32 60 59 18 68 84 44 43 57 65 18 84 90 73 39
23 74 91 78 69 91 40 51 36 39 25 61 28 47 58 68 90 21 87 12 29 87 71 32 41 51 50 27 93 88 30 86 70 35 59 38 80 30 84 70 68 34 15 55 65 24 16 70 14 26 12 23 13 56 22 29 22 33 49 97 35 60 80 25 53 67 62 28 90 24 56 78 21 50 69 28 51 51 74 21 44 59 58 51 37 41 27 32 99 0 99 16 46 20 22 94 25 11 50 86 21 68 35 98 83 41 89 49 78 30 44 76 39 53 29
77 23 64 60 10 99 85 47 36 73 99 24 60 56 78 64 25 27 30 77 34 88 62 24 96 28 90 67 28 54 96 40 39 64 55 64 45 24 15 28 89 29 28 19 93 53 39 11 15 18 86 30 12 68 59 63 69 63 68 32 79 45 94 96 96 92 45 66 94 69 21 89 35 77 37 20 24 18 72 56 94 47 72 51 84 51 94 26 99 99 0 59 82 12 24 54 72 51 36 46 73 91 33 49 19 37 21 76 33 47 19 12 95 28 96
85 17 12 80 89 77 72 28 90 50 49 48 83 35 23 86 65 69 57 71 29 99 38 12 21 56 30 77 40 94 10 35 46 25 61 82 36 92 83 88 47 16 80 25 10 28 43 48 65 59 18 45 47 68 43 52 66 47 49 90 67 67 21 94 10 14 21 35 83 90 80 73 55 72 38 39 35 19 75 84 83 63 96 88 28 55 81 45 48 16 59 0 34 43 30 67 48 23 83 58 14 96 80 93 81 35 50 77 83 27 60 46 89 75 73
41 63 54 86 56 59 82 86 90 35 82 30 47 62 96 91 66 93 53 92 87 99 81 58 61 88 63 62 48 10 56 67 51 22 39 37 62 22 19 57 93 37 10 37 30 45 62 62 20 61 23 97 82 90 84 26 39 94 97 21 84 56 69 56 40 32 18 63 59 24 70 42 33 21 87 32 94 28 97 25 58 19 47 76 64 64 70 59 91 46 82 34 0 85 99 38 32 40 57 53 50 79 57 19 19 82 56 91 60 24 52 15 97 13 60
35 81 78 47 45 33 17 62 57 48 26 48 53 69 99 41 92 90 78 84 10 27 39 20 87 37 45 86 22 53 44 89 22 34 79 51 46 88 87 31 32 72 20 56 70 38 72 69 30 36 55 50 76 83 60 66 90 13 47 47 46 84 66 65 71 58 29 53 16 70 27 15 49 32 14 41 46 11 53 35 96 30 71 94 34 97 86 48 86 20 12 43 85 0 43 43 52 80 87 40 52 96 19 49 45 54 62 86 54 61 85 21 33 29 56
57 99 62 31 45 57 12 94 14 59 30 75 75 12 81 26 29 22 39 42 19 54 97 86 52 91 19 24 78 83 16 43 59 71 39 46 47 74 75 45 39 19 51 64 38 79 28 56 54 92 28 40 12 45 27 70 35 75 68 56 16 54 49 23 85 46 12 72 71 49 74 48 66 13 20 45 42 60 38 40 45 55 78 19 31 88 59 56 19 22 24 30 99 43 0 73 35 68 38 72 53 52 83 46 33 74 45 82 74 84 62 14 64 81 10
65 13 57 78 26 85 41 97 78 48 54 80 97 17 95 51 16 51 50 18 71 16 26 32 22 43 61 58 94 52 65 87 18 55 48 77 29 93 59 36 50 89 25 69 44 52 31 16 91 47 67 97 18 48 90 20 49 43 72 78 36 79 36 69 18 36 92 57 20 36 60 60 84 57 55 89 13 30 32 24 15 71 30 24 78 45 58 45 55 94 54 67 38 43 73 0 19 64 58 15 81 38 44 37 14 20 97 91 30 70 24 34 25 30 26
63 72 57 13 94 99 16 87 18 19 36 70 22 20 87 46 75 67 10 83 56 70 62 78 18 61 87 62 89 50 28 24 49 64 11 13 25 71 56 15 14 14 67 93 55 84 23 97 60 68 92 74 73 90 53 77 15 14 17 53 29 66 76 57 73 92 18 25 80 99 31 24 87 78 52 88 35 36 32 14 91 72 95 67 31 53 37 95 37 25 72 48 32 52 35 19 0 38 46 62 38 94 79 52 39 89 27 77 30 59 28 11 27 24 12
44 24 89 87 23 67 74 96 30 59 80 73 60 19 91 66 22 93 23 99 42 21 46 41 71 79 42 43 80 55 77 92 42 32 42 20 74 55 16 93 57 21 28 42 91 62 75 54 85 75 26 32 32 53 83 20 98 12 15 62 22 74 18 28 12 16 10 12 75 23 32 18 23 37 91 22 71 68 44 56 84 68 29 20 15 39 64 12 70 11 51 23 40 80 68 64 38 0 69 21 99 89 25 74 35 23 45 88 83 24 52 64 29 15 43
97 39 25 26 91 10 73 18 84 66 87 19 50 70 69 68 67 31 50 43 17 68 55 43 72 64 77 42 23 69 62 50 51 25 78 49 95 84 93 25 26 30 65 48 63 71 76 73 63 78 97 71 61 89 52 76 59 13 25 78 58 78 64 33 66 55 24 35 52 48 10 83 55 48 61 17 33 27 15 16 96 89 32 47 40 29 50 32 96 50 36 83 57 87 38 58 46 69 0 47 32 59 74 92 19 56 85 50 27 69 99 87 22 57 60
10 97 47 47 61 42 70 43 70 95 97 49 63 69 88 94 20 76 43 96 14 82 49 29 58 76 93 31 29 77 28 35 12 95 68 99 27 43 27 36 44 77 31 17 47 20 82 33 46 60 71 42 95 75 65 18 85 80 51 52 11 43 69 95 51 77 12 81 41 19 71 21 61 73 86 62 66 77 86 34 95 90 53 59 39 53 70 13 25 86 46 58 53 40 72 15 62 21 47 0 22 31 94 21 98 84 18 91 13 42 66 86 22 11 85
27 57 46 55 78 85 12 71 12 66 90 90 64 83 53 12 68 33 54 84 98 49 37 54 60 12 27 33 90 64 68 18 89 22 28 52 22 35 91 80 92 51 69 26 59 92 45 40 85 34 16 96 90 80 83 70 88 91 92 67 64 85 11 93 31 20 11 43 83 99 85 69 77 28 23 20 27 38 20 25 31 31 93 35 75 41 74 41 32 21 73 14 50 52 53 81 38 99 32 22 0 75 24 42 29 24 46 36 85 81 30 87 95 40 22
40 46 14 86 67 87 92 57 50 36 38 43 95 54 58 43 81 26 45 82 22 51 15 96 11 26 18 15 39 19 30 42 46 22 39 17 92 38 45 86 95 29 59 11 67 82 57 50 29 40 28 48 55 59 31 48 28 86 73 72 11 47 14 36 13 75 12 54 96 91 15 21 26 25 36 79 74 91 85 53 39 80 52 60 23 30 47 72 60 68 91 96 79 96 52 38 94 89 59 31 75 0 78 63 12 79 70 12 49 27 60 46 46 79 16
99 17 31 41 82 65 19 61 42 49 36 19 52 69 27 84 49 31 40 29 75 31 45 35 14 28 57 57 23 81 28 93 39 59 18 19 70 49 62 89 32 90 26 59 36 30 29 89 58 34 43 26 88 39 47 34 72 50 51 81 14 64 73 36 43 25 39 91 93 67 42 37 72 41 37 42 73 70 98 62 32 39 36 13 91 62 90 75 59 35 33 80 57 19 83 44 79 25 74 94 24 78 0 80 69 25 23 20 34 70 58 47 53 51 68
19 98 81 37 25 82 21 65 73 30 69 98 14 52 63 43 16 70 96 54 75 42 16 14 29 84 40 91 15 48 61 12 32 56 73 53 42 35 53 79 29 89 98 90 94 16 64 38 59 17 17 54 59 27 64 23 73 14 46 12 72 52 60 13 69 84 45 92 21 18 30 32 28 14 17 36 16 40 35 52 28 49 21 20 17 30 63 98 18 98 49 93 19 49 46 37 52 74 92 21 42 63 80 0 50 98 81 82 39 91 90 87 33 21 10
59 57 32 91 13 21 37 39 34 27 75 62 79 10 43 71 30 90 74 58 66 94 57 51 68 72 76 80 46 15 18 44 57 26 16 98 25 12 86 27 44 41 61 22 58 57 69 77 98 87 66 12 37 91 85 81 69 42 91 57 82 94 15 88 83 19 93 93 31 45 54 47 14 73 39 87 93 93 26 54 57 49 29 42 23 72 56 61 68 83 19 81 19 45 33 14 39 35 19 98 29 12 69 50 0 96 51 28 96 69 77 65 68 92 77
10 81 47 51 68 49 43 68 44 94 28 95 65 48 32 60 13 64 77 24 62 99 50 68 13 23 98 78 35 75 90 75 66 58 59 98 91 66 33 20 95 85 41 95 75 75 31 89 76 60 26 14 12 40 10 24 29 64 38 63 62 61 83 36 64 32 64 39 88 32 22 62 40 56 89 19 72 56 62 75 16 91 77 96 84 15 26 66 84 41 37 35 82 54 74 20 89 23 56 84 24 79 25 98 96 0 61 52 70 45 91 53 47 88 62
99 33 45 24 97 97 14 84 71 49 57 76 87 27 22 88 22 65 30 71 93 21 42 28 63 88 93 77 90 58 94 27 19 40 29 48 97 20 63 58 37 97 23 88 49 92 35 72 32 60 75 65 33 23 98 28 95 14 42 67 70 28 35 44 74 15 12 90 32 50 83 92 91 94 89 36 86 64 12 41 57 58 16 80 24 48 46 16 44 89 21 50 56 62 45 97 27 45 85 18 46 70 23 81 51 61 0 98 51 94 17 41 10 29 12
53 68 20 21 50 46 31 94 13 55 91 24 84 32 81 15 61 92 16 49 73 47 59 78 49 16 69 53 77 51 39 25 90 15 29 43 81 13 56 32 76 66 27 91 12 17 59 73 64 21 38 72 26 37 65 92 76 31 27 45 44 60 64 52 30 69 80 64 60 59 86 89 43 34 77 18 86 42 32 91 36 66 50 29 52 64 68 56 43 49 76 77 91 86 82 91 77 88 50 91 36 12 20 82 28 52 98 0 84 17 73 44 27 20 54
39 81 60 87 13 62 76 58 97 30 68 69 72 11 14 27 80 61 46 31 92 92 26 71 58 16 35 65 37 55 50 75 46 95 12 51 65 80 95 17 24 96 15 80 48 50 87 60 20 18 35 66 30 64 33 65 58 58 78 88 69 19 77 20 15 65 85 24 92 77 75 24 61 79 28 29 62 56 49 22 11 43 50 76 35 54 76 22 57 78 33 83 60 54 74 30 30 83 27 13 85 49 34 39 96 70 51 84 0 60 78 16 47 82 22
14 34 69 18 25 57 29 17 41 53 77 26 85 14 46 69 87 92 83 47 58 92 22 99 40 95 50 32 97 37 66 35 80 54 47 88 81 49 21 10 78 89 90 25 19 15 24 34 30 45 60 55 28 26 56 58 20 14 66 48 57 48 47 46 95 25 30 12 82 41 24 30 33 83 12 64 38 23 43 96 38 93 95 27 65 91 97 22 65 30 47 27 24 61 84 70 59 24 69 42 81 27 70 91 69 45 94 17 60 0 47 81 94 46 81
33 16 31 87 62 69 66 87 36 21 29 99 18 39 97 98 69 32 75 95 81 72 62 82 56 62 30 33 51 25 82 26 75 11 17 26 11 87 34 63 30 81 22 48 94 85 20 38 53 21 71 69 75 88 23 90 37 44 46 86 32 80 46 46 61 27 34 45 68 11 55 80 50 25 22 67 37 88 58 54 79 72 28 22 86 83 15 38 18 44 19 60 52 85 62 24 28 52 99 66 30 60 58 90 77 91 17 73 78 47 0 69 42 93 16
27 44 82 44 48 34 41 66 13 86 84 13 99 25 14 42 43 38 32 98 45 84 97 21 33 98 46 91 70 97 19 24 80 13 57 26 99 92 80 41 28 16 34 63 43 93 38 29 48 98 41 13 30 79 20 63 89 51 25 29 36 85 10 86 74 89 16 16 13 87 54 32 53 80 78 41 16 62 43 85 45 84 99 93 73 23 50 82 84 76 12 46 15 21 14 34 11 64 87 86 87 46 47 87 65 53 41 44 16 81 69 0 21 32 54
98 85 55 61 53 19 93 84 48 51 16 34 83 92 35 90 38 63 12 17 69 35 66 41 53 83 69 37 10 37 64 55 13 48 47 56 59 96 46 80 44 66 82 20 64 88 67 93 33 34 75 39 31 12 78 96 11 72 74 48 37 41 10 26 63 50 94 97 36 25 87 95 38 15 60 56 11 96 62 52 48 15 41 70 64 14 68 98 90 39 95 89 97 33 64 25 27 29 22 22 95 46 53 33 68 47 10 27 47 94 42 21 0 94 34
77 93 37 23 40 60 63 57 53 73 65 36 47 12 27 82 41 45 72 99 27 84 90 26 23 69 78 15 74 63 44 27 33 66 72 82 51 58 39 11 92 69 43 95 72 11 67 86 15 58 44 87 89 68 17 97 38 71 21 60 30 33 72 70 80 90 86 68 77 22 97 69 32 96 50 97 52 70 28 49 15 92 35 19 31 59 94 14 73 53 28 75 13 29 81 30 24 15 57 11 40 79 51 21 92 88 29 20 82 46 93 32 94 0 11
99 54 96 30 22 70 16 23 86 95 62 40 14 40 42 99 40 51 81 43 31 36 60 41 40 83 70 42 53 38 85 64 86 40 15 42 26 44 52 12 54 90 17 32 88 69 77 53 89 61 58 46 48 36 42 12 35 67 46 87 80 41 95 61 73 17 87 72 70 34 76 47 24 42 72 28 39 70 99 35 80 96 85 89 40 75 74 42 39 29 96 73 60 56 10 26 12 43 60 85 22 16 68 10 77 62 12 54 22 81 16 54 34 11 0