85
0 13 57 57 75 88 84 37 48 61 33 99 78 57 42 34 77 50 31 52 13 37 19 51 73 61 34 27 16 69 92 69 84 29 37 22 29 11 64 75 15 80 26 63 72 37 81 26 48 29 42 96 89 52 47 53 78 31 45 28 60 90 58 35 60 46 53 67 36 44 99 73 65 12 54 13 10 89 90 66 40 73 44 24 30
13 0 51 61 97 56 18 75 71 79 73 71 14 91 10 69 96 38 20 84 18 32 49 88 24 44 32 27 96 43 97 98 10 22 45 68 31 86 82 27 54 53 16 31 38 83 80 19 20 97 54 67 75 26 49 36 13 46 72 95 39 74 22 20 44 79 23 96 60 12 14 41 53 97 27 57 74 15 30 29 47 65 93 37 10
57 51 0 19 18 31 92 78 69 37 31 58 24 45 60 63 16 15 15 39 26 26 32 75 41 66 64 22 14 16 23 17 53 44 93 22 74 61 71 38 15 94 35 21 27 15 91 53 39 68 16 75 87 21 55 57 80 90 52 90 89 12 87 27 60 68 52 39 88 94 18 14 97 50 83 84 27 70 56 91 41 94 99 91 53
57 61 19 0 24 15 50 75 12 66 29 10 81 36 19 72 60 82 84 65 16 65 89 72 28 14 54 16 32 57 61 31 99 78 51 94 51 77 46 61 74 14 90 47 84 97 36 58 36 58 26 81 75 74 32 11 26 86 54 11 94 51 81 83 87 95 23 79 96 98 41 59 14 96 51 22 72 49 55 85 30 77 27 62 33
75 97 18 24 0 49 32 50 67 17 35 43 17 95 99 69 32 96 68 19 26 19 58 15 36 93 95 22 26 15 10 16 30 99 73 16 42 56 38 21 89 98 99 18 82 63 73 69 43 41 12 50 34 49 88 99 79 46 64 57 41 95 41 35 71 53 29 70 37 29 26 40 65 81 45 98 14 68 56 97 98 77 70 17 29
88 56 31 15 49 0 64 37 28 15 97 13 34 52 49 77 15 78 84 16 61 48 62 72 22 69 13 29 37 54 99 90 91 10 27 12 55 98 31 28 81 83 91 48 45 98 69 99 63 76 90 15 65 65 16 26 35 77 80 31 71 98 59 59 89 73 44 52 83 93 21 19 10 68 71 47 97 58 61 45 17 92 16 78 20
84 18 92 50 32 64 0 15 42 20 19 86 40 68 52 83 28 84 59 16 91 92 72 86 94 58 89 39 75 88 54 52 29 87 86 90 53 82 16 23 69 98 30 79 87 75 23 42 46 51 95 38 71 44 73 48 96 28 38 84 84 84 12 94 43 13 25 51 14 53 61 40 78 63 59 69 57 84 27 11 10 75 62 89 92
37 75 78 75 50 37 15 0 31 90 35 74 62 82 11 92 82 55 18 98 39 32 21 53 89 96 20 21 69 60 68 53 97 47 20 90 55 89 22 32 55 49 49 58 51 26 47 86 15 80 37 64 15 29 27 73 14 77 41 95 41 17 88 35 94 72 79 64 52 14 45 53 39 67 89 71 71 31 63 49 84 22 35 72 23
48 71 69 12 67 28 42 31 0 66 10 64 24 70 46 21 90 75 97 19 90 84 95 46 23 50 13 78 12 36 67 22 60 56 29 39 71 54 39 96 97 47 25 52 44 55 56 12 68 43 12 50 24 24 83 26 47 90 30 69 58 10 47 25 75 33 77 71 63 84 18 75 56 96 55 67 87 48 81 65 30 80 96 82 23
61 79 37 66 17 15 20 90 66 0 34 90 96 25 65 84 17 94 81 13 54 86 10 53 91 31 30 68 13 58 20 43 43 56 42 12 91 86 24 69 34 58 90 28 76 71 34 85 40 86 64 93 81 12 76 68 22 51 33 92 55 28 15 65 63 58 89 67 15 27 56 49 64 85 24 82 74 12 60 70 49 49 91 75 94
33 73 31 29 35 97 19 35 10 34 0 23 29 49 48 33 23 85 19 27 50 29 75 57 97 59 45 77 82 80 47 36 18 46 68 67 84 43 53 60 56 12 79 41 38 88 89 15 52 19 91 42 61 65 44 87 11 44 59 96 87 56 96 23 24 64 90 40 40 49 80 51 61 44 58 96 48 73 45 36 71 14 77 40 72
99 71 58 10 43 13 86 74 64 90 23 0 63 97 78 72 39 27 57 86 76 55 96 29 68 69 98 69 57 48 89 26 53 68 71 89 75 76 24 34 33 65 84 67 16 76 73 81 67 28 14 15 44 36 33 90 72 49 68 86 29 19 51 17 12 79 51 19 22 96 83 38 99 66 86 56 65 56 22 44 83 61 24 18 63
78 14 24 81 17 34 40 62 24 96 29 63 0 48 36 53 24 35 62 52 81 98 39 75 66 34 90 27 55 73 26 80 69 40 95 64 77 44 90 28 99 32 13 50 45 75 35 50 92 29 71 90 27 96 36 31 66 32 25 70 54 73 90 27 71 26 77 71 29 94 75 43 88 52 83 22 40 39 45 66 69 78 31 47 83
57 91 45 36 95 52 68 82 70 25 49 97 48 0 31 43 27 98 20 50 17 12 74 85 39 51 22 58 42 46 95 90 29 27 82 63 88 99 27 86 13 13 45 75 15 66 83 83 54 45 20 97 38 82 48 61 94 73 89 25 90 94 12 46 35 37 83 78 42 79 51 86 40 14 53 89 68 98 22 97 76 65 22 69 63
42 10 60 19 99 49 52 11 46 65 48 78 36 31 0 54 94 34 13 26 62 74 76 54 16 39 89 76 52 53 88 41 56 37 28 40 71 84 27 85 58 56 25 37 60 97 26 36 53 99 11 82 87 54 25 89 50 76 94 58 24 11 92 66 18 39 78 14 92 24 79 44 28 75 90 38 96 72 13 68 76 41 77 32 98
34 69 63 72 69 77 83 92 21 84 33 72 53 43 54 0 63 40 58 95 91 25 57 28 64 34 74 88 17 64 89 66 12 58 60 28 12 57 71 66 16 71 28 34 21 41 92 31 94 52 31 49 42 80 50 83 48 26 26 38 37 19 64 83 43 12 59 57 34 56 32 20 45 76 93 79 30 21 76 22 18 26 36 64 49
77 96 16 60 32 15 28 82 90 17 23 39 24 27 94 63 0 18 76 33 38 78 99 66 98 46 58 72 99 76 30 22 44 30 80 95 99 70 24 19 95 52 82 60 89 67 68 35 51 81 53 52 82 20 93 21 64 26 59 86 95 61 63 62 64 31 41 39 60 26 27 11 33 59 42 71 33 33 86 99 65 46 95 98 92
50 38 15 82 96 78 84 55 75 94 85 27 35 98 34 40 18 0 54 70 14 23 85 44 24 88 95 14 25 26 25 64 26 44 68 81 45 96 93 17 78 49 92 85 12 66 41 44 40 53 27 49 43 77 87 88 78 63 37 69 32 66 33 95 51 72 15 58 39 44 87 54 64 68 40 82 44 55 88 40 81 31 38 89 56
31 20 15 84 68 84 59 18 97 81 19 57 62 20 13 58 76 54 0 14 52 53 67 98 53 54 86 64 86 32 41 71 28 62 84 90 45 64 66 90 29 29 68 65 33 19 42 36 34 57 60 48 26 96 78 27 85 47 46 44 64 90 76 72 89 96 59 95 62 44 53 91 87 72 51 47 98 92 15 64 74 17 14 72 32
52 84 39 65 19 16 16 98 19 13 27 86 52 50 26 95 33 70 14 0 85 36 11 11 28 61 42 46 37 23 89 84 92 39 24 40 10 31 76 21 34 30 91 25 24 32 53 16 53 11 76 25 98 14 98 98 24 63 25 93 38 29 22 11 71 84 85 25 69 46 12 29 37 59 11 44 18 40 37 54 77 51 96 26 46
13 18 26 16 26 61 91 39 90 54 50 76 81 17 62 91 38 14 52 85 0 79 29 94 91 25 62 92 54 69 81 88 53 72 61 23 26 84 85 57 41 63 84 24 75 25 35 28 72 66 92 68 10 63 12 19 54 28 53 11 70 28 34 28 57 48 74 67 39 91 46 79 37 65 84 79 48 74 35 20 16 18 83 45 82
37 32 26 65 19 48 92 32 84 86 29 55 98 12 74 25 78 23 53 36 79 0 16 18 93 49 53 46 18 58 39 19 65 57 16 28 92 76 23 76 73 85 87 60 46 30 58 66 57 60 61 55 61 67 27 89 29 58 77 35 13 30 50 47 40 45 53 61 90 68 16 56 28 11 28 36 92 20 43 30 83 79 70 24 57
19 49 32 89 58 62 72 21 95 10 75 96 39 74 76 57 99 85 67 11 29 16 0 67 45 86 95 21 83 61 40 23 15 79 72 92 18 61 19 59 99 41 17 82 29 54 68 23 31 63 69 81 24 78 51 45 90 15 22 68 70 98 77 93 59 36 18 10 79 56 48 76 61 32 91 31 95 34 75 47 59 21 25 47 86
51 88 75 72 15 72 86 53 46 53 57 29 75 85 54 28 66 44 98 11 94 18 67 0 43 60 45 94 38 47 60 71 57 78 15 13 69 93 57 52 85 46 51 27 90 22 48 10 45 42 13 39 55 86 22 83 18 79 74 31 24 87 15 50 55 33 78 68 34 11 26 48 66 99 17 22 50 91 97 68 49 54 71 11 68
73 24 41 28 36 22 94 89 23 91 97 68 66 39 16 64 98 24 53 28 91 93 45 43 0 60 57 12 82 95 36 14 44 85 54 87 99 97 45 37 83 20 88 97 92 95 64 58 47 80 94 86 68 61 51 16 52 16 61 64 97 13 22 27 13 72 40 28 80 75 88 69 92 33 60 66 29 19 10 82 30 99 36 62 39
61 44 66 14 93 69 58 96 50 31 59 69 34 51 39 34 46 88 54 61 25 49 86 60 60 0 46 31 48 74 26 29 86 77 47 42 82 45 48 85 34 30 35 90 28 51 19 99 87 48 77 64 16 44 65 49 40 80 11 34 93 96 65 29 12 11 41 62 30 96 90 92 78 42 13 19 32 40 16 94 58 36 42 81 88
34 32 64 54 95 13 89 20 13 30 45 98 90 22 89 74 58 95 86 42 62 53 95 45 57 46 0 63 19 42 22 72 58 25 71 66 72 23 24 32 94 47 31 94 24 96 55 95 14 61 35 99 60 15 85 67 40 13 81 50 58 42 66 95 57 13 18 48 80 74 89 79 73 85 79 80 13 73 28 17 49 20 84 81 80
27 27 22 16 22 29 39 21 78 68 77 69 27 58 76 88 72 14 64 46 92 46 21 94 12 31 63 0 26 69 37 95 84 40 77 19 53 36 53 96 33 43 41 63 62 70 12 73 52 36 55 53 95 11 86 35 33 56 65 29 47 40 84 26 70 82 46 67 51 88 89 90 84 68 83 93 22 90 33 46 35 66 54 56 85
16 96 14 32 26 37 75 69 12 13 82 57 55 42 52 17 99 25 86 37 54 18 83 38 82 48 19 26 0 66 44 59 62 72 96 10 40 78 72 62 97 11 37 24 96 59 97 51 46 81 90 10 83 65 49 85 38 93 65 57 82 40 49 95 41 65 24 19 94 61 46 28 55 44 21 35 96 82 11 57 83 21 15 36 37
69 43 16 57 15 54 88 60 36 58 80 48 73 46 53 64 76 26 32 23 69 58 61 47 95 74 42 69 66 0 56 43 47 94 99 99 74 36 78 53 43 27 10 77 84 27 57 69 50 52 62 94 46 61 23 97 37 16 25 41 12 52 15 18 83 28 16 60 31 15 69 43 45 93 95 56 84 56 63 38 70 40 90 66 59
92 97 23 61 10 99 54 68 67 20 47 89 26 95 88 89 30 25 41 89 81 39 40 60 36 26 22 37 44 56 0 65 62 48 58 78 68 87 15 44 58 24 86 79 11 95 93 32 78 56 97 62 30 29 99 61 19 78 96 37 69 44 30 51 10 23 74 35 88 11 57 58 79 62 98 50 14 66 65 51 41 41 87 97 67
69 98 17 31 16 90 52 53 22 43 36 26 80 90 41 66 22 64 71 84 88 19 23 71 14 29 72 95 59 43 65 0 82 80 16 53 18 75 87 28 92 85 33 32 78 89 86 31 64 16 73 26 66 47 63 21 49 75 31 97 30 91 77 18 91 11 12 93 49 47 88 42 64 89 71 59 18 29 45 98 55 71 98 91 24
84 10 53 99 30 91 29 97 60 43 18 53 69 29 56 12 44 26 28 92 53 65 15 57 44 86 58 84 62 47 62 82 0 82 84 21 71 58 60 71 21 75 71 48 83 25 98 34 97 47 53 62 22 40 86 99 31 93 38 43 93 36 31 36 64 47 34 24 87 16 62 57 42 69 53 23 49 24 66 39 43 68 71 76 77
29 22 44 78 99 10 87 47 56 56 46 68 40 27 37 58 30 44 62 39 72 57 79 78 85 77 25 40 72 94 48 80 82 0 31 29 23 75 30 19 54 70 54 59 76 45 45 90 50 70 20 28 12 61 29 62 44 47 61 18 82 11 82 15 63 19 16 80 66 74 94 85 68 26 94 84 25 86 84 68 28 96 20 58 90
37 45 93 51 73 27 86 20 29 42 68 71 95 82 28 60 80 68 84 24 61 16 72 15 54 47 71 77 96 99 58 16 84 31 0 23 49 78 98 72 24 64 23 13 25 73 49 40 21 23 90 94 23 45 86 54 69 80 27 70 28 97 54 48 43 52 80 30 64 14 67 93 78 33 97 85 85 75 23 49 77 48 28 12 61
22 68 22 94 16 12 90 90 39 12 67 89 64 63 40 28 95 81 90 40 23 28 92 13 87 42 66 19 10 99 78 53 21 29 23 0 50 71 54 52 10 32 52 60 61 74 46 76 93 81 35 25 36 25 31 80 76 69 25 94 96 43 51 69 49 94 40 51 72 20 20 69 62 29 20 74 55 98 85 43 24 31 61 19 71
29 31 74 51 42 55 53 55 71 91 84 75 77 88 71 12 99 45 45 10 26 92 18 69 99 82 72 53 40 74 68 18 71 23 49 50 0 58 38 86 41 23 74 28 92 52 56 76 39 73 70 49 62 21 80 89 59 22 45 41 93 34 69 15 87 85 62 52 47 62 27 35 40 52 30 76 78 63 40 91 53 85 88 33 75
11 86 61 77 56 98 82 89 54 86 43 76 44 99 84 57 70 96 64 31 84 76 61 93 97 45 23 36 78 36 87 75 58 75 78 71 58 0 42 24 41 69 59 60 20 96 31 46 26 53 93 49 84 54 21 37 96 93 38 96 26 90 21 72 19 85 37 28 25 68 92 74 76 49 68 45 85 84 96 71 36 74 88 59 45
64 82 71 46 38 31 16 22 39 24 53 24 90 27 27 71 24 93 66 76 85 23 19 57 45 48 24 53 72 78 15 87 60 30 98 54 38 42 0 87 93 36 50 88 58 36 27 64 51 78 39 72 84 14 11 26 95 52 12 60 64 91 98 98 75 86 33 10 51 41 79 76 78 44 83 78 78 40 60 10 94 20 21 54 92
75 27 38 61 21 28 23 32 96 69 60 34 28 86 85 66 19 17 90 21 57 76 59 52 37 85 32 96 62 53 44 28 71 19 72 52 86 24 87 0 82 91 70 14 33 55 27 98 33 97 96 77 65 93 50 11 41 40 48 87 92 73 39 22 24 99 44 58 94 57 19 44 54 67 61 83 22 57 29 99 41 75 10 84 61
15 54 15 74 89 81 69 55 97 34 56 33 99 13 58 16 95 78 29 34 41 73 99 85 83 34 94 33 97 43 58 92 21 54 24 10 41 41 93 82 0 48 64 34 76 96 16 77 43 88 44 72 74 19 91 95 12 25 31 17 35 34 41 26 15 61 53 44 36 92 12 68 98 84 89 95 11 37 59 23 88 34 95 26 21
80 53 94 14 98 83 98 49 47 58 12 65 32 13 56 71 52 49 29 30 63 85 41 46 20 30 47 43 11 27 24 85 75 70 64 32 23 69 36 91 48 0 89 50 20 97 39 63 44 39 75 62 65 36 57 23 79 32 26 87 43 32 49 57 72 77 99 21 40 24 63 36 65 35 14 31 75 57 16 53 36 63 72 86 46
26 16 35 90 99 91 30 49 25 90 79 84 13 45 25 28 82 92 68 91 84 87 17 51 88 35 31 41 37 10 86 33 71 54 23 52 74 59 50 70 64 89 0 40 10 96 12 79 42 23 89 41 27 86 26 70 77 93 86 94 70 56 99 54 26 93 83 69 36 39 14 90 44 47 53 54 78 55 20 94 74 61 78 92 34
63 31 21 47 18 48 79 58 52 28 41 67 50 75 37 34 60 85 65 25 24 60 82 27 97 90 94 63 24 77 79 32 48 59 13 60 28 60 88 14 34 50 40 0 54 85 45 75 23 78 11 98 57 65 60 31 90 60 57 37 95 14 12 39 84 74 69 88 19 20 47 12 55 78 69 46 67 78 18 62 51 39 33 59 68
72 38 27 84 82 45 87 51 44 76 38 16 45 15 60 21 89 12 33 24 75 46 29 90 92 28 24 62 96 84 11 78 83 76 25 61 92 20 58 33 76 20 10 54 0 17 79 41 47 50 95 96 86 97 18 17 26 61 15 89 64 28 69 57 64 53 67 13 58 40 67 69 91 90 87 95 49 35 34 42 56 56 40 66 55
37 83 15 97 63 98 75 26 55 71 88 76 75 66 97 41 67 66 19 32 25 30 54 22 95 51 96 70 59 27 95 89 25 45 73 74 52 96 36 55 96 97 96 85 17 0 52 87 23 40 16 65 37 31 20 58 60 95 79 68 17 21 66 61 86 27 42 67 60 56 20 28 34 80 90 73 27 83 73 35 21 66 76 66 55
81 80 91 36 73 69 23 47 56 34 89 73 35 83 26 92 68 41 42 53 35 58 68 48 64 19 55 12 97 57 93 86 98 45 49 46 56 31 27 27 16 39 12 45 79 52 0 10 71 82 21 18 89 16 24 89 81 27 85 35 67 93 47 96 77 84 53 20 90 53 41 96 57 65 35 88 53 13 67 17 64 81 20 97 14
26 19 53 58 69 99 42 86 12 85 15 81 50 83 36 31 35 44 36 16 28 66 23 10 58 99 95 73 51 69 32 31 34 90 40 76 76 46 64 98 77 63 79 75 41 87 10 0 26 26 58 40 73 25 52 55 38 98 36 40 80 68 93 41 34 81 84 75 10 12 11 38 80 41 14 98 37 73 11 21 20 37 81 48 92
48 20 39 36 43 63 46 15 68 40 52 67 92 54 53 94 51 40 34 53 72 57 31 45 47 87 14 52 46 50 78 64 97 50 21 93 39 26 51 33 43 44 42 23 47 23 71 26 0 74 62 75 43 68 32 51 92 11 70 58 69 56 97 66 25 60 57 95 44 83 22 67 43 45 65 34 51 29 75 19 53 60 16 21 48
29 97 68 58 41 76 51 80 43 86 19 28 29 45 99 52 81 53 57 11 66 60 63 42 80 48 61 36 81 52 56 16 47 70 23 81 73 53 78 97 88 39 23 78 50 40 82 26 74 0 20 37 86 81 41 52 98 73 55 28 41 56 88 25 19 29 28 33 21 84 37 65 76 70 33 45 63 11 58 85 18 42 56 34 61
42 54 16 26 12 90 95 37 12 64 91 14 71 20 11 31 53 27 60 76 92 61 69 13 94 77 35 55 90 62 97 73 53 20 90 35 70 93 39 96 44 75 89 11 95 16 21 58 62 20 0 66 90 51 64 32 82 30 92 32 75 47 81 77 55 32 13 75 78 90 72 98 84 58 48 83 44 55 70 82 15 82 76 57 60
96 67 75 81 50 15 38 64 50 93 42 15 90 97 82 49 52 49 48 25 68 55 81 39 86 64 99 53 10 94 62 26 62 28 94 25 49 49 72 77 72 62 41 98 96 65 18 40 75 37 66 0 43 38 40 36 64 68 16 67 99 13 61 55 10 96 63 77 56 37 98 28 47 63 83 66 86 64 62 69 63 85 46 94 72
89 75 87 75 34 65 71 15 24 81 61 44 27 38 87 42 82 43 26 98 10 61 24 55 68 16 60 95 83 46 30 66 22 12 23 36 62 84 84 65 74 65 27 57 86 37 89 73 43 86 90 43 0 61 27 69 76 65 94 55 17 47 84 57 32 36 53 84 59 49 53 53 97 25 13 55 56 10 56 91 49 95 29 61 75
52 26 21 74 49 65 44 29 24 12 65 36 96 82 54 80 20 77 96 14 63 67 78 86 61 44 15 11 65 61 29 47 40 61 45 25 21 54 14 93 19 36 86 65 97 31 16 25 68 81 51 38 61 0 29 75 90 15 26 53 43 25 52 15 74 76 48 38 64 83 60 98 26 12 94 43 83 85 58 44 61 87 22 23 79
47 49 55 32 88 16 73 27 83 76 44 33 36 48 25 50 93 87 78 98 12 27 51 22 51 65 85 86 49 23 99 63 86 29 86 31 80 21 11 50 91 57 26 60 18 20 24 52 32 41 64 40 27 29 0 80 52 18 60 22 63 11 41 38 29 42 84 94 55 70 36 78 19 74 29 92 42 11 58 93 49 68 84 66 55
53 36 57 11 99 26 48 73 26 68 87 90 31 61 89 83 21 88 27 98 19 89 45 83 16 49 67 35 85 97 61 21 99 62 54 80 89 37 26 11 95 23 70 31 17 58 89 55 51 52 32 36 69 75 80 0 34 74 32 87 56 87 14 14 90 97 35 60 23 18 78 52 10 54 53 35 16 14 34 28 43 30 65 45 39
78 13 80 26 79 35 96 14 47 22 11 72 66 94 50 48 64 78 85 24 54 29 90 18 52 40 40 33 38 37 19 49 31 44 69 76 59 96 95 41 12 79 77 90 26 60 81 38 92 98 82 64 76 90 52 34 0 27 34 91 64 77 13 27 97 72 12 82 67 12 26 98 31 71 20 94 87 43 68 98 88 71 89 40 75
31 46 90 86 46 77 28 77 90 51 44 49 32 73 76 26 26 63 47 63 28 58 15 79 16 80 13 56 93 16 78 75 93 47 80 69 22 93 52 40 25 32 93 60 61 95 27 98 11 73 30 68 65 15 18 74 27 0 66 75 19 38 82 51 14 91 63 31 75 99 31 77 17 80 21 84 69 98 92 49 48 88 96 13 10
45 72 52 54 64 80 38 41 30 33 59 68 25 89 94 26 59 37 46 25 53 77 22 74 61 11 81 65 65 25 96 31 38 61 27 25 45 38 12 48 31 26 86 57 15 79 85 36 70 55 92 16 94 26 60 32 34 66 0 57 61 27 58 48 87 96 32 70 72 84 92 14 96 91 69 15 71 97 82 99 22 62 63 30 98
28 95 90 11 57 31 84 95 69 92 96 86 70 25 58 38 86 69 44 93 11 35 68 31 64 34 50 29 57 41 37 97 43 18 70 94 41 96 60 87 17 87 94 37 89 68 35 40 58 28 32 67 55 53 22 87 91 75 57 0 32 40 83 93 18 15 70 47 66 54 10 55 66 87 19 91 15 52 74 29 68 96 92 55 84
60 39 89 94 41 71 84 41 58 55 87 29 54 90 24 37 95 32 64 38 70 13 70 24 97 93 58 47 82 12 69 30 93 82 28 96 93 26 64 92 35 43 70 95 64 17 67 80 69 41 75 99 17 43 63 56 64 19 61 32 0 90 39 81 81 49 80 12 67 37 16 49 35 34 74 91 31 82 78 92 34 42 34 47 58
90 74 12 51 95 98 84 17 10 28 56 19 73 94 11 19 61 66 90 29 28 30 98 87 13 96 42 40 40 52 44 91 36 11 97 43 34 90 91 73 34 32 56 14 28 21 93 68 56 56 47 13 47 25 11 87 77 38 27 40 90 0 46 15 66 71 89 65 33 86 63 41 37 72 99 92 88 55 62 45 79 76 94 24 62
58 22 87 81 41 59 12 88 47 15 96 51 90 12 92 64 63 33 76 22 34 50 77 15 22 65 66 84 49 15 30 77 31 82 54 51 69 21 98 39 41 49 99 12 69 66 47 93 97 88 81 61 84 52 41 14 13 82 58 83 39 46 0 66 10 19 58 91 79 25 41 61 42 51 39 11 50 69 49 58 23 89 11 35 78
35 20 27 83 35 59 94 35 25 65 23 17 27 46 66 83 62 95 72 11 28 47 93 50 27 29 95 26 95 18 51 18 36 15 48 69 15 72 98 22 26 57 54 39 57 61 96 41 66 25 77 55 57 15 38 14 27 51 48 93 81 15 66 0 77 64 96 51 79 92 38 97 83 68 31 82 19 94 27 43 63 83 22 75 10
60 44 60 87 71 89 43 94 75 63 24 12 71 35 18 43 64 51 89 71 57 40 59 55 13 12 57 70 41 83 10 91 64 63 43 49 87 19 75 24 15 72 26 84 64 86 77 34 25 19 55 10 32 74 29 90 97 14 87 18 81 66 10 77 0 13 13 12 91 87 47 37 54 56 89 22 25 96 43 53 43 72 51 75 53
46 79 68 95 53 73 13 72 33 58 64 79 26 37 39 12 31 72 96 84 48 45 36 33 72 11 13 82 65 28 23 11 47 19 52 94 85 85 86 99 61 77 93 74 53 27 84 81 60 29 32 96 36 76 42 97 72 91 96 15 49 71 19 64 13 0 16 50 70 74 10 32 65 53 15 57 27 40 73 81 71 49 42 79 34
53 23 52 23 29 44 25 79 77 89 90 51 77 83 78 59 41 15 59 85 74 53 18 78 40 41 18 46 24 16 74 12 34 16 80 40 62 37 33 44 53 99 83 69 67 42 53 84 57 28 13 63 53 48 84 35 12 63 32 70 80 89 58 96 13 16 0 98 58 41 47 93 24 29 31 50 97 11 30 56 59 30 89 85 42
67 96 39 79 70 52 51 64 71 67 40 19 71 78 14 57 39 58 95 25 67 61 10 68 28 62 48 67 19 60 35 93 24 80 30 51 52 28 10 58 44 21 69 88 13 67 20 75 95 33 75 77 84 38 94 60 82 31 70 47 12 65 91 51 12 50 98 0 94 30 87 84 30 35 77 85 89 53 54 23 65 24 78 89 60
36 60 88 96 37 83 14 52 63 15 40 22 29 42 92 34 60 39 62 69 39 90 79 34 80 30 80 51 94 31 88 49 87 66 64 72 47 25 51 94 36 40 36 19 58 60 90 10 44 21 78 56 59 64 55 23 67 75 72 66 67 33 79 79 91 70 58 94 0 62 12 37 21 60 40 39 87 92 45 52 94 68 71 13 15
44 12 94 98 29 93 53 14 84 27 49 96 94 79 24 56 26 44 44 46 91 68 56 11 75 96 74 88 61 15 11 47 16 74 14 20 62 68 41 57 92 24 39 20 40 56 53 12 83 84 90 37 49 83 70 18 12 99 84 54 37 86 25 92 87 74 41 30 62 0 73 75 90 14 45 16 66 90 80 68 97 27 20 84 51
99 14 18 41 26 21 61 45 18 56 80 83 75 51 79 32 27 87 53 12 46 16 48 26 88 90 89 89 46 69 57 88 62 94 67 20 27 92 79 19 12 63 14 47 67 20 41 11 22 37 72 98 53 60 36 78 26 31 92 10 16 63 41 38 47 10 47 87 12 73 0 46 95 19 78 45 74 21 40 22 47 57 18 51 15
73 41 14 59 40 19 40 53 75 49 51 38 43 86 44 20 11 54 91 29 79 56 76 48 69 92 79 90 28 43 58 42 57 85 93 69 35 74 76 44 68 36 90 12 69 28 96 38 67 65 98 28 53 98 78 52 98 77 14 55 49 41 61 97 37 32 93 84 37 75 46 0 16 54 87 87 47 40 57 76 10 74 47 14 53
65 53 97 14 65 10 78 39 56 64 61 99 88 40 28 45 33 64 87 37 37 28 61 66 92 78 73 84 55 45 79 64 42 68 78 62 40 76 78 54 98 65 44 55 91 34 57 80 43 76 84 47 97 26 19 10 31 17 96 66 35 37 42 83 54 65 24 30 21 90 95 16 0 37 85 50 52 70 30 71 78 34 55 69 57
12 97 50 96 81 68 63 67 96 85 44 66 52 14 75 76 59 68 72 59 65 11 32 99 33 42 85 68 44 93 62 89 69 26 33 29 52 49 44 67 84 35 47 78 90 80 65 41 45 70 58 63 25 12 74 54 71 80 91 87 34 72 51 68 56 53 29 35 60 14 19 54 37 0 51 42 18 37 59 28 87 60 52 93 40
54 27 83 51 45 71 59 89 55 24 58 86 83 53 90 93 42 40 51 11 84 28 91 17 60 13 79 83 21 95 98 71 53 94 97 20 30 68 83 61 89 14 53 69 87 90 35 14 65 33 48 83 13 94 29 53 20 21 69 19 74 99 39 31 89 15 31 77 40 45 78 87 85 51 0 29 44 52 73 93 37 77 54 30 26
13 57 84 22 98 47 69 71 67 82 96 56 22 89 38 79 71 82 47 44 79 36 31 22 66 19 80 93 35 56 50 59 23 84 85 74 76 45 78 83 95 31 54 46 95 73 88 98 34 45 83 66 55 43 92 35 94 84 15 91 91 92 11 82 22 57 50 85 39 16 45 87 50 42 29 0 78 11 26 82 30 53 15 78 63
10 74 27 72 14 97 57 71 87 74 48 65 40 68 96 30 33 44 98 18 48 92 95 50 29 32 13 22 96 84 14 18 49 25 85 55 78 85 78 22 11 75 78 67 49 27 53 37 51 63 44 86 56 83 42 16 87 69 71 15 31 88 50 19 25 27 97 89 87 66 74 47 52 18 44 78 0 79 36 61 42 60 86 63 52
89 15 70 49 68 58 84 31 48 12 73 56 39 98 72 21 33 55 92 40 74 20 34 91 19 40 73 90 82 56 66 29 24 86 75 98 63 84 40 57 37 57 55 78 35 83 13 73 29 11 55 64 10 85 11 14 43 98 97 52 82 55 69 94 96 40 11 53 92 90 21 40 70 37 52 11 79 0 78 66 86 70 41 85 54
90 30 56 55 56 61 27 63 81 60 45 22 45 22 13 76 86 88 15 37 35 43 75 97 10 16 28 33 11 63 65 45 66 84 23 85 40 96 60 29 59 16 20 18 34 73 67 11 75 58 70 62 56 58 58 34 68 92 82 74 78 62 49 27 43 73 30 54 45 80 40 57 30 59 73 26 36 78 0 49 83 19 99 98 21
66 29 91 85 97 45 11 49 65 70 36 44 66 97 68 22 99 40 64 54 20 30 47 68 82 94 17 46 57 38 51 98 39 68 49 43 91 71 10 99 23 53 94 62 42 35 17 21 19 85 82 69 91 44 93 28 98 49 99 29 92 45 58 43 53 81 56 23 52 68 22 76 71 28 93 82 61 66 49 0 91 51 99 50 79
40 47 41 30 98 17 10 84 30 49 71 83 69 76 76 18 65 81 74 77 16 83 59 49 30 58 49 35 83 70 41 55 43 28 77 24 53 36 94 41 88 36 74 51 56 21 64 20 53 18 15 63 49 61 49 43 88 48 22 68 34 79 23 63 43 71 59 65 94 97 47 10 78 87 37 30 42 86 83 91 0 96 54 58 60
73 65 94 77 77 92 75 22 80 49 14 61 78 65 41 26 46 31 17 51 18 79 21 54 99 36 20 66 21 40 41 71 68 96 48 31 85 74 20 75 34 63 61 39 56 66 81 37 60 42 82 85 95 87 68 30 71 88 62 96 42 76 89 83 72 49 30 24 68 27 57 74 34 60 77 53 60 70 19 51 96 0 24 26 84
44 93 99 27 70 16 62 35 96 91 77 24 31 22 77 36 95 38 14 96 83 70 25 71 36 42 84 54 15 90 87 98 71 20 28 61 88 88 21 10 95 72 78 33 40 76 20 81 16 56 76 46 29 22 84 65 89 96 63 92 34 94 11 22 51 42 89 78 71 20 18 47 55 52 54 15 86 41 99 99 54 24 0 73 55
24 37 91 62 17 78 89 72 82 75 40 18 47 69 32 64 98 89 72 26 45 24 47 11 62 81 81 56 36 66 97 91 76 58 12 19 33 59 54 84 26 86 92 59 66 66 97 48 21 34 57 94 61 23 66 45 40 13 30 55 47 24 35 75 75 79 85 89 13 84 51 14 69 93 30 78 63 85 98 50 58 26 73 0 84
30 10 53 33 29 20 92 23 23 94 72 63 83 63 98 49 92 56 32 46 82 57 86 68 39 88 80 85 37 59 67 24 77 90 61 71 75 45 92 61 21 46 34 68 55 55 14 92 48 61 60 72 75 79 55 39 75 10 98 84 58 62 78 10 53 34 42 60 15 51 15 53 57 40 26 63 52 54 21 79 60 84 55 84 0