115
0 84 53 88 41 30 19 25 69 39 79 93 48 84 37 57 20 77 47 91 89 74 58 80 65 73 13 79 15 94 25 25 67 94 12 56 16 73 90 12 66 74 29 65 64 42 83 62 11 84 67 32 12 78 71 82 77 64 58 98 95 53 91 38 36 47 85 48 10 54 78 91 90 89 23 72 43 32 25 51 33 95 17 51 55 28 61 78 83 78 13 63 72 53 43 89 10 56 39 41 55 86 25 54 52 18 88 17 89 14 97 59 36 40 36
84 0 75 45 27 47 28 94 65 46 90 56 30 30 48 85 41 45 73 52 49 20 20 35 96 99 50 16 65 83 32 36 87 79 24 85 95 75 59 48 46 13 47 58 15 36 70 22 60 32 20 78 63 34 45 67 60 76 79 99 66 71 35 96 50 99 88 80 15 34 69 38 39 14 99 43 53 53 43 69 94 91 85 80 49 49 98 51 48 64 80 16 52 14 71 49 98 98 97 18 45 13 13 62 34 79 22 57 47 28 29 51 56 58 17
53 75 0 89 73 68 33 31 59 45 57 11 79 45 93 13 53 73 92 58 17 56 68 24 56 79 15 46 82 67 36 76 82 12 64 89 77 45 86 45 78 56 61 93 91 23 98 26 58 12 77 18 26 66 68 41 59 33 60 16 64 76 84 71 77 37 25 85 68 30 30 22 14 77 96 82 15 56 34 48 49 38 47 75 87 48 69 34 10 28 19 85 31 91 48 23 72 84 31 76 39 14 16 53 34 81 95 87 48 59 23 47 43 59 91
88 45 89 0 61 37 87 99 98 30 14 70 90 95 72 61 33 15 12 10 28 79 44 26 57 37 76 80 15 50 60 55 42 22 64 18 60 78 83 48 35 62 73 64 95 14 34 71 44 56 54 78 42 10 62 10 66 81 54 10 87 58 72 64 14 87 23 38 77 93 23 57 64 90 64 49 52 54 96 48 79 47 34 33 36 59 36 33 73 83 24 24 68 56 87 81 25 24 48 53 48 93 76 48 29 66 63 61 38 21 17 37 28 55 23
41 27 73 61 0 13 37 48 71 80 17 65 41 38 47 13 84 81 92 47 87 29 79 18 74 47 96 14 53 83 88 84 60 57 39 19 26 89 28 95 70 54 38 92 92 28 59 10 19 28 16 26 58 10 63 43 81 22 61 86 37 36 28 34 68 72 84 56 60 92 72 55 59 63 51 24 68 34 61 38 73 35 87 93 48 19 48 76 31 38 76 32 13 48 65 91 10 52 28 93 47 55 59 84 26 95 93 39 72 32 42 12 88 58 90
30 47 68 37 13 0 20 50 22 74 15 42 29 63 47 78 89 29 30 32 69 90 42 87 78 53 25 43 37 19 91 74 96 45 42 48 44 61 28 17 74 73 67 53 76 27 20 56 85 61 31 89 43 87 47 40 97 13 80 56 32 83 14 64 75 46 22 74 90 45 92 88 24 65 32 56 54 14 31 55 76 97 95 81 22 42 69 55 12 37 10 67 29 27 83 53 89 62 92 81 55 40 76 51 44 39 45 48 92 20 30 54 53 73 49
19 28 33 87 37 20 0 26 98 99 82 27 26 27 88 81 21 58 70 56 53 54 39 75 33 60 50 28 63 94 36 53 48 38 55 59 78 38 42 37 94 95 32 52 12 54 15 79 96 11 15 30 46 48 59 52 29 17 70 45 70 38 50 62 76 28 62 55 11 93 25 62 13 43 61 58 53 18 97 18 39 46 41 99 20 20 48 58 18 77 52 76 91 73 55 69 18 12 76 17 81 78 29 38 19 62 91 67 79 54 33 15 57 63 67
25 94 31 99 48 50 26 0 71 19 94 71 66 15 85 83 22 83 14 62 75 28 39 63 83 26 24 81 43 75 93 18 40 73 97 57 37 60 70 15 53 18 48 20 55 99 17 61 27 24 71 86 74 75 16 25 26 69 21 83 47 32 78 44 39 88 94 16 64 58 29 52 94 54 17 97 14 66 85 52 29 15 35 77 50 73 92 27 52 49 12 26 34 92 25 82 31 70 97 39 85 13 72 97 88 74 61 62 94 70 28 25 33 20 84
69 65 59 98 71 22 98 71 0 13 54 95 92 30 63 72 12 81 82 55 83 38 87 24 23 71 26 81 38 90 20 46 24 45 52 19 71 99 97 30 87 86 84 75 37 99 36 19 82 27 15 16 98 31 46 94 13 95 37 48 48 39 67 75 52 97 29 47 17 75 78 40 11 13 13 62 14 72 88 79 14 92 72 59 27 81 55 26 96 84 99 27 22 79 81 79 13 31 43 33 72 31 69 63 59 71 17 63 70 61 91 85 72 86 79
39 46 45 30 80 74 99 19 13 0 31 75 80 13 62 72 74 28 86 87 18 68 92 91 45 24 38 36 81 10 28 40 22 85 52 52 73 22 87 42 59 85 62 20 71 57 49 65 96 10 27 94 66 55 50 42 38 53 49 92 36 15 10 36 33 15 29 22 37 56 93 91 53 31 78 73 32 54 10 60 13 57 57 60 83 56 16 91 69 58 68 27 70 80 17 23 19 59 28 72 63 61 41 78 68 23 43 19 87 13 14 66 85 42 89
79 90 57 14 17 15 82 94 54 31 0 33 14 42 78 19 53 80 78 21 63 61 22 66 40 99 96 97 48 14 85 19 77 46 20 40 14 30 25 89 92 87 32 16 23 50 81 54 35 91 76 43 30 98 89 57 14 56 69 31 42 44 69 59 41 10 68 37 35 72 87 35 89 64 95 35 82 20 31 26 64 17 99 50 81 79 20 12 69 11 21 99 87 39 17 12 20 35 27 38 23 89 35 72 95 94 67 54 11 35 90 26 47 46 60
93 56 11 70 65 42 27 71 95 75 33 0 73 14 60 67 96 93 68 82 61 29 99 31 66 35 69 95 56 69 97 14 60 13 86 64 51 22 25 77 93 23 63 36 74 10 14 47 28 71 40 45 15 75 67 58 37 49 29 91 42 56 63 77 11 19 34 20 64 70 69 82 77 28 23 47 31 11 19 25 64 76 46 49 21 81 63 17 60 39 63 54 45 48 54 83 90 18 34 59 68 83 13 33 92 90 21 65 83 21 34 90 10 87 19
48 30 79 90 41 29 26 66 92 80 14 73 0 44 78 20 41 74 12 54 30 77 43 15 99 42 58 41 20 32 64 18 97 78 64 81 31 62 30 77 19 72 61 41 40 22 99 59 31 98 52 57 23 97 50 25 53 29 42 31 44 67 67 52 95 20 17 44 95 34 59 41 93 16 78 54 38 60 61 38 50 38 96 70 69 85 97 89 72 22 43 35 86 29 62 15 44 60 51 47 96 57 73 32 25 76 19 22 78 91 83 18 18 54 98
84 30 45 95 38 63 27 15 30 13 42 14 44 0 44 57 59 29 56 45 97 98 29 24 34 18 92 76 98 54 76 71 16 57 60 43 60 83 75 20 78 38 55 53 36 23 27 88 24 11 26 87 78 77 16 68 56 45 75 75 67 54 45 28 91 68 86 92 92 16 22 34 76 76 81 23 87 99 18 68 25 16 40 37 15 18 97 65 34 34 65 93 41 75 24 85 92 17 45 80 15 57 25 83 34 87 11 61 34 76 72 95 27 33 54
37 48 93 72 47 47 88 85 63 62 78 60 78 44 0 94 43 73 52 72 82 56 36 84 41 14 84 82 88 47 19 73 71 23 16 87 84 31 59 99 24 27 61 66 48 92 38 82 95 74 42 81 30 35 46 66 93 32 35 20 75 97 57 13 66 32 41 70 82 64 73 87 71 13 37 25 64 34 77 16 89 44 38 36 79 76 90 16 59 62 59 53 84 86 31 76 33 15 66 11 83 53 66 36 26 91 26 14 50 44 65 64 19 38 15
57 85 13 61 13 78 81 83 72 72 19 67 20 57 94 0 44 38 48 54 70 97 62 57 97 87 67 75 84 54 67 35 58 11 84 69 56 35 68 30 41 33 66 73 92 19 53 63 84 77 10 69 26 75 20 72 40 55 80 17 66 70 50 65 27 28 11 68 92 68 68 79 30 16 50 91 28 48 30 83 74 44 71 10 28 90 60 16 85 58 84 22 88 54 62 77 98 24 36 61 30 47 11 50 60 50 63 36 34 79 77 38 21 73 98
20 41 53 33 84 89 21 22 12 74 53 96 41 59 43 44 0 75 72 66 51 80 40 34 26 28 15 84 76 98 54 11 33 57 31 51 30 14 77 75 55 22 50 43 61 39 74 42 12 63 93 32 46 56 76 77 20 43 92 57 74 68 42 49 89 47 71 45 71 29 76 36 63 56 29 59 64 62 91 43 63 35 97 30 44 92 75 69 93 42 67 72 35 80 60 86 39 59 40 90 84 69 90 89 82 22 16 70 74 32 59 95 56 22 60
77 45 73 15 81 29 58 83 81 28 80 93 74 29 73 38 75 0 23 70 56 24 21 71 73 28 47 75 13 65 18 38 57 94 93 91 57 13 36 86 44 21 38 65 70 71 23 44 68 47 29 13 18 28 88 79 57 36 20 92 31 72 94 72 46 34 75 46 23 99 49 50 35 26 21 63 67 69 98 58 62 95 87 27 72 70 16 71 39 40 15 98 45 39 37 33 40 78 58 64 76 32 56 79 85 24 78 16 23 30 41 25 84 14 34
47 73 92 12 92 30 70 14 82 86 78 68 12 56 52 48 72 23 0 79 23 18 78 67 70 80 53 99 71 90 19 90 69 84 39 50 91 43 38 98 53 74 26 92 42 73 79 23 66 77 24 90 35 18 60 41 15 76 82 45 32 23 21 79 22 42 42 54 32 59 30 59 62 76 97 11 58 70 90 16 46 88 28 50 40 97 84 44 21 18 81 93 49 65 22 74 26 19 53 60 87 26 12 75 11 64 45 78 97 44 99 97 32 46 10
91 52 58 10 47 32 56 62 55 87 21 82 54 45 72 54 66 70 79 0 59 67 29 49 15 54 85 64 59 60 83 47 24 33 47 98 73 59 37 33 81 10 31 20 69 89 68 14 25 15 97 89 37 56 97 52 78 26 29 11 87 23 63 11 21 44 37 91 22 29 36 56 46 41 48 35 82 72 82 89 21 54 37 60 73 26 77 17 91 42 45 91 37 93 22 36 26 10 59 34 72 90 75 68 28 95 53 25 11 20 88 74 21 86 55
89 49 17 28 87 69 53 75 83 18 63 61 30 97 82 70 51 56 23 59 0 20 53 55 58 80 89 10 64 97 15 84 79 46 11 55 22 60 88 46 52 37 68 84 44 65 88 50 77 28 68 56 47 16 55 10 80 33 13 39 33 23 14 74 87 21 31 40 17 53 22 33 14 93 17 30 82 34 24 46 15 92 64 48 45 21 84 25 39 14 45 51 56 38 65 18 54 80 98 87 91 61 92 85 11 14 50 49 96 91 10 58 13 38 12
74 20 56 79 29 90 54 28 38 68 61 29 77 98 56 97 80 24 18 67 20 0 68 61 61 97 64 12 46 87 70 20 33 20 39 46 28 17 27 25 73 22 45 75 70 17 21 16 36 13 74 55 42 51 63 74 39 19 45 85 55 74 88 48 67 56 77 32 51 45 41 53 79 52 16 33 57 72 49 40 42 14 90 17 24 29 14 69 75 46 86 37 76 21 15 79 73 21 57 33 85 13 81 93 86 38 36 40 92 66 23 20 40 68 35
58 20 68 44 79 42 39 39 87 92 22 99 43 29 36 62 40 21 78 29 53 68 0 23 90 62 54 78 47 65 85 70 93 59 26 82 16 95 66 36 10 82 34 25 13 83 36 68 46 12 32 84 17 43 18 98 92 11 73 40 87 11 96 86 53 35 60 59 16 14 51 64 89 65 30 36 52 40 15 10 77 62 30 84 61 30 55 18 68 70 13 49 96 77 19 90 97 91 57 46 53 86 34 90 57 18 50 51 31 13 42 69 35 20 87
80 35 24 26 18 87 75 63 24 91 66 31 15 24 84 57 34 71 67 49 55 61 23 0 66 29 62 87 44 86 75 72 72 25 49 22 33 27 18 78 99 69 27 64 68 79 70 56 37 70 58 56 98 63 53 13 80 88 30 28 78 99 25 74 94 44 73 76 65 43 84 20 71 29 89 34 32 85 90 23 67 75 34 78 36 80 73 98 46 40 28 80 85 24 16 53 11 22 98 99 24 68 13 13 89 16 21 30 23 90 71 46 21 71 72
65 96 56 57 74 78 33 83 23 45 40 66 99 34 41 97 26 73 70 15 58 61 90 66 0 80 16 43 57 85 24 23 94 90 11 20 60 27 32 11 77 66 16 35 95 17 46 82 85 26 91 72 79 70 53 46 13 31 34 26 49 68 70 89 24 27 31 33 58 80 43 46 12 36 12 44 45 16 52 29 53 87 53 65 88 69 44 40 30 22 42 31 40 40 88 44 63 35 54 58 95 63 86 25 37 57 84 61 80 45 85 69 41 97 40
73 99 79 37 47 53 60 26 71 24 99 35 42 18 14 87 28 28 80 54 80 97 62 29 80 0 39 66 44 60 47 80 78 61 95 37 94 50 88 23 26 35 91 65 40 67 85 14 67 96 31 63 99 20 76 13 63 12 21 54 24 82 50 15 45 54 48 85 29 69 53 53 98 56 89 39 46 48 25 15 51 32 44 71 89 70 56 84 70 23 55 70 76 31 85 90 42 10 69 35 52 19 41 80 74 38 15 67 10 84 14 56 25 24 81
13 50 15 76 96 25 50 24 26 38 96 69 58 92 84 67 15 47 53 85 89 64 54 62 16 39 0 59 38 87 92 15 66 31 96 51 55 14 13 37 71 31 98 33 93 86 13 55 81 52 40 39 76 94 22 86 47 84 46 94 75 78 53 50 62 18 26 95 68 24 21 95 73 26 45 29 69 88 99 56 89 88 47 13 63 13 87 18 49 17 24 45 44 44 46 20 19 94 56 10 18 89 59 56 76 62 67 66 86 84 89 16 82 23 88
79 16 46 80 14 43 28 81 81 36 97 95 41 76 82 75 84 75 99 64 10 12 78 87 43 66 59 0 94 38 88 55 13 66 55 53 98 62 19 35 24 14 79 26 82 89 11 38 18 96 28 11 20 76 99 96 34 92 78 52 49 31 79 54 29 49 99 73 16 26 20 44 17 38 83 31 90 46 10 45 71 47 72 33 33 20 87 88 79 95 93 35 77 69 53 17 83 17 56 97 65 86 44 45 77 67 11 80 85 53 79 35 87 45 12
15 65 82 15 53 37 63 43 38 81 48 56 20 98 88 84 76 13 71 59 64 46 47 44 57 44 38 94 0 73 87 24 24 87 79 53 69 90 69 66 83 83 52 56 74 43 48 38 84 30 44 48 14 87 31 57 11 57 75 95 78 34 33 96 64 24 75 83 80 33 28 59 12 78 67 32 19 82 74 45 50 38 72 37 69 81 34 79 74 51 79 86 23 69 54 77 22 89 32 37 59 30 87 69 52 80 13 63 36 76 34 26 47 89 12
94 83 67 50 83 19 94 75 90 10 14 69 32 54 47 54 98 65 90 60 97 87 65 86 85 60 87 38 73 0 42 73 55 67 41 24 37 18 47 53 92 47 45 88 19 34 82 33 25 14 95 66 44 10 74 46 24 96 28 12 53 62 37 67 53 99 81 12 28 31 69 96 22 39 36 43 72 61 82 27 92 12 32 53 99 77 14 28 67 12 31 33 70 94 45 41 99 58 40 60 93 21 37 55 19 91 83 30 88 24 82 14 59 86 72
25 32 36 60 88 91 36 93 20 28 85 97 64 76 19 67 54 18 19 83 15 70 85 75 24 47 92 88 87 42 0 93 32 53 86 63 32 61 45 60 48 26 65 13 86 48 36 58 91 93 88 79 80 33 20 57 74 51 46 50 45 52 28 98 93 23 61 45 95 73 19 81 31 61 50 22 51 18 36 61 23 44 48 46 46 94 18 79 95 90 12 18 79 43 78 16 47 37 78 75 59 29 54 30 13 61 65 47 59 59 14 99 29 66 18
25 36 76 55 84 74 53 18 46 40 19 14 18 71 73 35 11 38 90 47 84 20 70 72 23 80 15 55 24 73 93 0 58 72 12 44 13 14 57 94 19 28 71 35 91 10 95 32 81 69 80 67 82 11 22 40 65 75 80 47 13 17 18 45 89 95 99 24 69 16 38 37 51 72 12 69 32 34 12 35 58 77 66 83 47 38 12 67 51 84 36 74 21 94 33 32 18 39 82 66 56 41 50 94 60 47 80 18 94 46 81 42 95 63 83
67 87 82 42 60 96 48 40 24 22 77 60 97 16 71 58 33 57 69 24 79 33 93 72 94 78 66 13 24 55 32 58 0 51 27 55 38 10 25 34 95 51 41 42 57 39 55 93 69 40 93 99 42 64 34 83 81 58 53 52 83 54 50 45 17 88 77 15 31 99 46 33 60 31 46 76 28 48 33 29 59 76 23 78 15 84 92 97 87 27 41 52 32 16 66 49 24 38 77 54 96 29 74 71 32 90 41 47 55 70 89 21 58 34 89
94 79 12 22 57 45 38 73 45 85 46 13 78 57 23 11 57 94 84 33 46 20 59 25 90 61 31 66 87 67 53 72 51 0 44 11 84 58 71 27 75 30 52 31 19 21 54 81 36 84 70 58 94 12 41 54 43 37 39 68 74 86 73 46 54 22 56 53 84 81 74 11 58 75 60 18 51 95 47 50 52 88 69 65 61 11 87 59 51 60 23 12 89 79 25 81 77 56 93 29 75 16 27 58 69 58 50 35 70 23 33 21 24 39 43
12 24 64 64 39 42 55 97 52 52 20 86 64 60 16 84 31 93 39 47 11 39 26 49 11 95 96 55 79 41 86 12 27 44 0 70 19 61 67 22 63 10 76 18 79 97 41 71 24 91 24 53 26 13 15 16 26 97 34 83 90 23 36 24 95 24 23 51 14 52 84 92 89 65 60 14 60 71 15 11 44 40 23 83 48 55 81 28 71 38 36 58 13 80 88 55 20 80 66 38 86 66 59 29 87 29 24 31 17 64 56 21 76 56 79
56 85 89 18 19 48 59 57 19 52 40 64 81 43 87 69 51 91 50 98 55 46 82 22 20 37 51 53 53 24 63 44 55 11 70 0 64 59 97 87 45 94 17 62 45 88 64 88 91 68 14 45 59 38 32 87 58 50 10 22 93 76 14 85 52 65 31 33 99 39 95 52 85 61 10 16 27 24 78 13 63 71 76 86 15 98 48 50 56 67 54 77 14 18 52 63 46 37 23 51 59 20 10 50 59 20 90 82 41 19 38 22 79 84 57
16 95 77 60 26 44 78 37 71 73 14 51 31 60 84 56 30 57 91 73 22 28 16 33 60 94 55 98 69 37 32 13 38 84 19 64 0 64 37 18 84 59 56 39 56 15 97 69 91 47 90 39 17 20 67 57 78 54 36 53 52 85 20 78 22 23 42 40 73 53 16 84 61 32 96 31 35 89 67 74 63 63 54 42 58 52 42 65 89 72 80 72 41 75 98 74 90 69 92 81 97 60 87 38 43 49 73 74 31 90 32 57 31 26 57
73 75 45 78 89 61 38 60 99 22 30 22 62 83 31 35 14 13 43 59 60 17 95 27 27 50 14 62 90 18 61 14 10 58 61 59 64 0 42 19 89 36 10 89 94 95 13 65 77 38 91 10 14 81 44 55 49 32 83 41 59 97 36 27 82 66 14 29 29 45 62 51 79 32 58 77 99 92 11 56 76 41 77 24 74 44 55 79 78 13 26 28 30 61 48 80 43 86 18 84 41 62 14 78 51 52 25 20 43 62 64 83 20 73 22
90 59 86 83 28 28 42 70 97 87 25 25 30 75 59 68 77 36 38 37 88 27 66 18 32 88 13 19 69 47 45 57 25 71 67 97 37 42 0 41 74 95 40 30 21 69 29 44 20 25 25 37 22 47 96 49 32 47 53 89 63 58 69 35 99 38 79 41 27 67 44 22 63 17 36 46 76 87 93 66 81 91 95 85 13 39 84 59 84 94 19 84 14 34 97 75 17 21 99 61 47 82 84 96 58 39 99 60 55 78 80 16 10 23 68
12 48 45 48 95 17 37 15 30 42 89 77 77 20 99 30 75 86 98 33 46 25 36 78 11 23 37 35 66 53 60 94 34 27 22 87 18 19 41 0 55 35 41 52 24 92 61 45 53 84 17 81 23 97 93 92 13 14 42 76 69 90 89 47 58 37 85 10 48 19 47 71 20 55 92 23 79 96 99 92 60 29 20 58 32 68 67 93 19 21 97 75 35 64 99 16 33 94 46 86 95 67 35 50 60 74 93 24 75 64 39 82 18 60 37
66 46 78 35 70 74 94 53 87 59 92 93 19 78 24 41 55 44 53 81 52 73 10 99 77 26 71 24 83 92 48 19 95 75 63 45 84 89 74 55 0 33 18 36 93 66 75 90 57 52 42 35 13 48 25 71 89 44 61 44 83 88 37 14 72 91 15 58 57 67 66 47 84 95 11 50 39 50 32 66 38 22 95 67 95 30 40 57 33 73 30 51 89 84 59 52 43 39 42 18 76 84 14 51 52 67 37 36 86 49 56 95 25 79 60
74 13 56 62 54 73 95 18 86 85 87 23 72 38 27 33 22 21 74 10 37 22 82 69 66 35 31 14 83 47 26 28 51 30 10 94 59 36 95 35 33 0 58 78 59 21 74 57 83 91 35 39 30 44 91 89 55 22 83 70 24 78 88 69 89 34 34 88 94 20 40 27 52 39 97 24 64 40 34 85 49 30 66 42 64 74 39 89 19 52 50 83 33 39 99 95 15 89 26 99 78 36 44 12 53 49 17 34 43 98 34 81 20 38 73
29 47 61 73 38 67 32 48 84 62 32 63 61 55 61 66 50 38 26 31 68 45 34 27 16 91 98 79 52 45 65 71 41 52 76 17 56 10 40 41 18 58 0 92 72 40 34 14 92 55 85 24 63 58 66 23 72 12 99 42 20 74 74 86 46 57 94 27 87 83 53 64 45 37 27 65 60 15 63 75 42 81 26 43 85 72 11 47 75 69 88 23 53 69 61 86 89 97 44 71 19 49 26 20 77 40 51 93 48 93 29 36 48 63 66
65 58 93 64 92 53 52 20 75 20 16 36 41 53 66 73 43 65 92 20 84 75 25 64 35 65 33 26 56 88 13 35 42 31 18 62 39 89 30 52 36 78 92 0 46 30 39 37 93 76 71 37 67 53 61 63 86 10 63 29 63 77 71 17 48 92 64 95 53 97 14 67 19 54 42 65 51 87 88 84 33 40 37 45 88 92 32 60 82 84 15 11 86 61 55 93 79 27 22 48 81 98 42 29 12 86 30 53 78 48 65 80 61 70 69
64 15 91 95 92 76 12 55 37 71 23 74 40 36 48 92 61 70 42 69 44 70 13 68 95 40 93 82 74 19 86 91 57 19 79 45 56 94 21 24 93 59 72 46 0 14 40 68 34 80 83 25 88 13 24 38 63 65 98 72 85 13 93 56 21 45 28 17 18 25 53 58 80 57 53 31 49 30 77 95 65 45 22 62 77 75 23 71 11 82 14 54 30 79 18 39 95 62 26 32 84 61 74 74 19 34 99 21 83 49 22 87 25 97 84
42 36 23 14 28 27 54 99 99 57 50 10 22 23 92 19 39 71 73 89 65 17 83 79 17 67 86 89 43 34 48 10 39 21 97 88 15 95 69 92 66 21 40 30 14 0 73 57 81 32 88 28 46 39 27 24 45 36 68 88 37 37 51 48 60 95 18 50 93 95 94 68 50 15 15 56 30 23 75 11 35 57 74 11 88 28 32 87 70 73 61 65 47 50 46 93 14 60 18 96 72 91 77 82 41 15 63 81 67 68 41 51 75 24 45
83 70 98 34 59 20 15 17 36 49 81 14 99 27 38 53 74 23 79 68 88 21 36 70 46 85 13 11 48 82 36 95 55 54 41 64 97 13 29 61 75 74 34 39 40 73 0 76 28 41 10 59 25 14 61 78 19 47 84 87 64 56 17 51 66 23 85 53 71 27 96 59 74 41 40 99 95 75 21 98 57 67 47 20 20 76 68 85 84 77 31 53 98 78 80 16 12 77 41 69 13 71 58 30 62 18 45 72 32 19 55 30 40 17 35
62 22 26 71 10 56 79 61 19 65 54 47 59 88 82 63 42 44 23 14 50 16 68 56 82 14 55 38 38 33 58 32 93 81 71 88 69 65 44 45 90 57 14 37 68 57 76 0 85 21 20 55 73 89 11 71 89 21 69 32 76 16 72 60 23 66 22 55 58 90 30 90 65 70 19 17 34 62 55 77 97 63 52 37 13 84 56 14 25 42 18 22 37 51 62 58 92 66 49 88 26 30 70 60 16 94 67 91 11 70 23 47 40 46 44
11 60 58 44 19 85 96 27 82 96 35 28 31 24 95 84 12 68 66 25 77 36 46 37 85 67 81 18 84 25 91 81 69 36 24 91 91 77 20 53 57 83 92 93 34 81 28 85 0 19 66 55 60 83 99 39 52 16 94 88 71 35 58 56 43 58 67 68 56 33 68 49 52 69 44 14 92 75 19 21 47 62 59 21 66 66 51 87 34 39 22 73 92 71 62 29 94 62 21 40 41 41 34 44 51 65 49 11 54 48 15 44 82 51 42
84 32 12 56 28 61 11 24 27 10 91 71 98 11 74 77 63 47 77 15 28 13 12 70 26 96 52 96 30 14 93 69 40 84 91 68 47 38 25 84 52 91 55 76 80 32 41 21 19 0 24 14 88 83 38 83 75 62 47 86 91 98 32 96 46 37 93 45 15 83 97 44 55 97 33 63 69 44 78 11 63 52 55 66 24 51 65 61 38 91 68 14 15 80 96 53 66 15 88 86 59 38 55 54 20 59 56 88 11 23 12 50 99 14 92
67 20 77 54 16 31 15 71 15 27 76 40 52 26 42 10 93 29 24 97 68 74 32 58 91 31 40 28 44 95 88 80 93 70 24 14 90 91 25 17 42 35 85 71 83 88 10 20 66 24 0 47 84 47 63 74 39 63 37 53 59 44 75 25 81 64 16 80 76 68 65 46 76 52 17 28 32 70 16 86 64 63 37 72 17 23 69 45 14 81 60 57 27 35 94 42 45 32 45 73 98 35 82 64 51 12 28 62 24 70 96 65 53 55 25
32 78 18 78 26 89 30 86 16 94 43 45 57 87 81 69 32 13 90 89 56 55 84 56 72 63 39 11 48 66 79 67 99 58 53 45 39 10 37 81 35 39 24 37 25 28 59 55 55 14 47 0 84 38 42 60 18 84 94 39 73 20 96 56 80 31 74 94 94 49 10 54 14 47 47 73 74 98 74 10 78 75 92 13 40 84 85 14 75 25 51 30 28 34 97 18 46 73 91 67 62 85 52 28 75 24 32 21 30 41 49 36 12 36 20
12 63 26 42 58 43 46 74 98 66 30 15 23 78 30 26 46 18 35 37 47 42 17 98 79 99 76 20 14 44 80 82 42 94 26 59 17 14 22 23 13 30 63 67 88 46 25 73 60 88 84 84 0 43 14 89 57 33 47 12 69 31 29 72 47 15 41 11 60 62 34 79 51 87 32 72 71 68 18 23 95 36 59 79 29 74 91 23 73 37 32 16 90 47 66 40 71 19 49 35 40 87 51 63 74 12 60 94 66 11 34 33 87 39 38
78 34 66 10 10 87 48 75 31 55 98 75 97 77 35 75 56 28 18 56 16 51 43 63 70 20 94 76 87 10 33 11 64 12 13 38 20 81 47 97 48 44 58 53 13 39 14 89 83 83 47 38 43 0 85 58 42 36 38 79 78 72 35 33 71 13 99 82 50 81 75 27 13 78 53 49 32 43 26 21 77 43 86 33 20 68 23 98 45 75 42 42 67 18 27 92 46 17 37 32 17 38 97 17 43 29 64 98 96 26 71 99 72 65 32
71 45 68 62 63 47 59 16 46 50 89 67 50 16 46 20 76 88 60 97 55 63 18 53 53 76 22 99 31 74 20 22 34 41 15 32 67 44 96 93 25 91 66 61 24 27 61 11 99 38 63 42 14 85 0 71 40 89 66 60 55 60 64 65 35 13 24 94 34 21 59 41 89 42 99 66 27 63 29 90 80 21 71 65 31 15 91 32 91 75 19 17 68 52 19 82 42 51 53 10 42 45 24 14 17 86 40 64 56 47 80 64 19 69 20
82 67 41 10 43 40 52 25 94 42 57 58 25 68 66 72 77 79 41 52 10 74 98 13 46 13 86 96 57 46 57 40 83 54 16 87 57 55 49 92 71 89 23 63 38 24 78 71 39 83 74 60 89 58 71 0 36 34 22 68 89 86 29 27 84 80 75 58 30 52 39 32 76 83 14 81 65 49 19 93 39 19 14 46 92 23 68 67 33 86 72 17 72 29 13 48 34 17 78 22 97 13 70 28 25 83 51 27 92 10 26 59 40 49 42
77 60 59 66 81 97 29 26 13 38 14 37 53 56 93 40 20 57 15 78 80 39 92 80 13 63 47 34 11 24 74 65 81 43 26 58 78 49 32 13 89 55 72 86 63 45 19 89 52 75 39 18 57 42 40 36 0 83 67 89 76 42 35 44 85 22 29 68 63 54 10 26 92 91 87 70 93 33 58 36 56 12 31 59 93 49 48 57 11 75 70 70 41 18 63 79 64 52 19 41 67 75 61 46 72 71 69 72 48 53 35 24 82 39 61
64 76 33 81 22 13 17 69 95 53 56 49 29 45 32 55 43 36 76 26 33 19 11 88 31 12 84 92 57 96 51 75 58 37 97 50 54 32 47 14 44 22 12 10 65 36 47 21 16 62 63 84 33 36 89 34 83 0 15 75 59 50 38 20 26 14 71 22 97 90 14 84 43 91 34 11 77 85 89 22 48 61 28 14 11 25 20 71 75 84 41 34 46 44 20 16 84 10 33 38 52 67 29 72 77 22 14 47 20 69 32 70 10 71 36
58 79 60 54 61 80 70 21 37 49 69 29 42 75 35 80 92 20 82 29 13 45 73 30 34 21 46 78 75 28 46 80 53 39 34 10 36 83 53 42 61 83 99 63 98 68 84 69 94 47 37 94 47 38 66 22 67 15 0 66 13 43 11 36 49 70 24 79 73 94 42 35 38 64 36 93 73 15 62 56 22 44 19 26 22 92 36 89 23 41 60 32 26 52 90 76 12 37 13 25 85 73 28 61 61 60 88 23 54 33 14 50 84 91 26
98 99 16 10 86 56 45 83 48 92 31 91 31 75 20 17 57 92 45 11 39 85 40 28 26 54 94 52 95 12 50 47 52 68 83 22 53 41 89 76 44 70 42 29 72 88 87 32 88 86 53 39 12 79 60 68 89 75 66 0 46 32 17 96 49 27 25 22 28 57 53 93 14 31 94 77 27 75 75 66 51 50 10 65 81 15 88 38 52 78 16 88 54 78 22 50 63 22 34 64 46 98 30 63 74 42 64 98 28 17 19 84 78 73 41
95 66 64 87 37 32 70 47 48 36 42 42 44 67 75 66 74 31 32 87 33 55 87 78 49 24 75 49 78 53 45 13 83 74 90 93 52 59 63 69 83 24 20 63 85 37 64 76 71 91 59 73 69 78 55 89 76 59 13 46 0 72 65 24 36 60 58 51 87 29 66 90 76 73 62 70 32 39 41 36 32 30 93 71 64 13 70 62 37 45 46 69 52 87 37 80 17 53 46 57 16 73 16 54 74 81 60 15 65 99 92 81 98 86 88
53 71 76 58 36 83 38 32 39 15 44 56 67 54 97 70 68 72 23 23 23 74 11 99 68 82 78 31 34 62 52 17 54 86 23 76 85 97 58 90 88 78 74 77 13 37 56 16 35 98 44 20 31 72 60 86 42 50 43 32 72 0 87 59 93 27 60 44 61 76 30 10 26 58 42 95 17 36 87 19 88 98 94 37 27 55 84 22 71 14 20 28 37 36 59 20 49 18 57 31 65 32 57 11 39 67 64 71 34 52 77 36 70 20 17
91 35 84 72 28 14 50 78 67 10 69 63 67 45 57 50 42 94 21 63 14 88 96 25 70 50 53 79 33 37 28 18 50 73 36 14 20 36 69 89 37 88 74 71 93 51 17 72 58 32 75 96 29 35 64 29 35 38 11 17 65 87 0 68 72 29 90 80 79 88 17 42 62 72 88 58 39 82 69 12 72 71 32 40 23 85 24 57 83 85 72 50 84 63 33 62 71 15 68 96 48 58 49 15 69 30 51 32 12 30 82 46 71 16 13
38 96 71 64 34 64 62 44 75 36 59 77 52 28 13 65 49 72 79 11 74 48 86 74 89 15 50 54 96 67 98 45 45 46 24 85 78 27 35 47 14 69 86 17 56 48 51 60 56 96 25 56 72 33 65 27 44 20 36 96 24 59 68 0 14 30 89 94 36 19 42 21 27 58 31 75 10 79 47 12 59 83 63 18 83 97 16 76 34 78 47 44 70 46 37 18 24 96 55 71 64 66 73 85 57 42 96 58 58 75 63 26 91 56 38
36 50 77 14 68 75 76 39 52 33 41 11 95 91 66 27 89 46 22 21 87 67 53 94 24 45 62 29 64 53 93 89 17 54 95 52 22 82 99 58 72 89 46 48 21 60 66 23 43 46 81 80 47 71 35 84 85 26 49 49 36 93 72 14 0 24 49 19 13 70 68 63 39 70 29 53 71 65 81 21 68 79 60 86 55 56 79 85 91 99 90 81 97 72 86 71 13 37 34 97 16 39 38 89 41 27 17 18 66 52 39 56 67 43 10
47 99 37 87 72 46 28 88 97 15 10 19 20 68 32 28 47 34 42 44 21 56 35 44 27 54 18 49 24 99 23 95 88 22 24 65 23 66 38 37 91 34 57 92 45 95 23 66 58 37 64 31 15 13 13 80 22 14 70 27 60 27 29 30 24 0 18 70 11 66 74 87 96 93 88 22 76 40 98 38 68 71 89 70 39 66 24 22 62 27 25 26 95 95 20 15 74 68 49 72 90 91 61 38 88 90 62 67 85 67 34 11 66 73 48
85 88 25 23 84 22 62 94 29 29 68 34 17 86 41 11 71 75 42 37 31 77 60 73 31 48 26 99 75 81 61 99 77 56 23 31 42 14 79 85 15 34 94 64 28 18 85 22 67 93 16 74 41 99 24 75 29 71 24 25 58 60 90 89 49 18 0 86 19 79 51 53 49 80 90 41 52 37 45 91 45 34 78 85 64 21 13 71 28 89 15 71 12 57 12 70 43 81 86 94 37 57 58 79 68 65 31 79 60 58 51 46 70 28 61
48 80 85 38 56 74 55 16 47 22 37 20 44 92 70 68 45 46 54 91 40 32 59 76 33 85 95 73 83 12 45 24 15 53 51 33 40 29 41 10 58 88 27 95 17 50 53 55 68 45 80 94 11 82 94 58 68 22 79 22 51 44 80 94 19 70 86 0 33 93 43 45 28 23 53 94 92 60 58 61 63 28 19 96 17 41 78 60 57 24 43 58 89 95 67 66 60 32 79 10 38 17 80 66 60 49 91 72 38 89 94 41 89 73 15
10 15 68 77 60 90 11 64 17 37 35 64 95 92 82 92 71 23 32 22 17 51 16 65 58 29 68 16 80 28 95 69 31 84 14 99 73 29 27 48 57 94 87 53 18 93 71 58 56 15 76 94 60 50 34 30 63 97 73 28 87 61 79 36 13 11 19 33 0 95 20 49 87 58 31 83 50 16 57 37 66 93 80 71 58 55 63 52 11 64 70 70 13 26 66 61 27 24 86 51 88 32 94 30 58 70 46 83 19 69 12 15 60 16 81
54 34 30 93 92 45 93 58 75 56 72 70 34 16 64 68 29 99 59 29 53 45 14 43 80 69 24 26 33 31 73 16 99 81 52 39 53 45 67 19 67 20 83 97 25 95 27 90 33 83 68 49 62 81 21 52 54 90 94 57 29 76 88 19 70 66 79 93 95 0 91 97 17 25 43 53 10 88 14 65 39 88 36 77 44 12 56 75 36 18 44 60 48 50 92 68 69 41 28 56 14 43 69 51 44 95 68 92 67 63 35 87 96 84 64
78 69 30 23 72 92 25 29 78 93 87 69 59 22 73 68 76 49 30 36 22 41 51 84 43 53 21 20 28 69 19 38 46 74 84 95 16 62 44 47 66 40 53 14 53 94 96 30 68 97 65 10 34 75 59 39 10 14 42 53 66 30 17 42 68 74 51 43 20 91 0 13 78 56 59 30 67 77 91 77 88 17 43 40 74 42 98 22 86 12 80 13 60 44 90 81 85 93 79 92 57 33 75 75 19 24 49 10 77 50 72 91 95 64 54
91 38 22 57 55 88 62 52 40 91 35 82 41 34 87 79 36 50 59 56 33 53 64 20 46 53 95 44 59 96 81 37 33 11 92 52 84 51 22 71 47 27 64 67 58 68 59 90 49 44 46 54 79 27 41 32 26 84 35 93 90 10 42 21 63 87 53 45 49 97 13 0 90 16 26 98 62 17 25 30 17 28 34 11 10 47 70 51 38 25 85 24 95 43 30 88 69 78 21 86 43 94 16 93 17 73 82 31 65 89 40 19 80 33 94
90 39 14 64 59 24 13 94 11 53 89 77 93 76 71 30 63 35 62 46 14 79 89 71 12 98 73 17 12 22 31 51 60 58 89 85 61 79 63 20 84 52 45 19 80 50 74 65 52 55 76 14 51 13 89 76 92 43 38 14 76 26 62 27 39 96 49 28 87 17 78 90 0 71 89 39 27 20 30 45 53 67 83 65 48 37 74 32 47 73 58 37 63 56 97 76 40 21 60 80 23 22 29 62 18 16 75 53 42 20 13 69 35 27 31
89 14 77 90 63 65 43 54 13 31 64 28 16 76 13 16 56 26 76 41 93 52 65 29 36 56 26 38 78 39 61 72 31 75 65 61 32 32 17 55 95 39 37 54 57 15 41 70 69 97 52 47 87 78 42 83 91 91 64 31 73 58 72 58 70 93 80 23 58 25 56 16 71 0 43 93 95 49 67 41 37 99 92 77 20 96 15 38 52 17 30 29 19 64 53 95 98 74 81 27 61 20 65 14 96 33 72 79 94 36 18 99 41 84 50
23 99 96 64 51 32 61 17 13 78 95 23 78 81 37 50 29 21 97 48 17 16 30 89 12 89 45 83 67 36 50 12 46 60 60 10 96 58 36 92 11 97 27 42 53 15 40 19 44 33 17 47 32 53 99 14 87 34 36 94 62 42 88 31 29 88 90 53 31 43 59 26 89 43 0 55 16 68 99 62 46 96 81 80 14 32 75 65 41 54 68 33 55 56 22 71 89 50 70 41 22 88 12 41 18 13 26 63 25 93 35 30 57 85 27
72 43 82 49 24 56 58 97 62 73 35 47 54 23 25 91 59 63 11 35 30 33 36 34 44 39 29 31 32 43 22 69 76 18 14 16 31 77 46 23 50 24 65 65 31 56 99 17 14 63 28 73 72 49 66 81 70 11 93 77 70 95 58 75 53 22 41 94 83 53 30 98 39 93 55 0 62 37 92 72 96 40 67 37 85 36 18 24 76 45 20 32 59 45 28 36 33 18 22 24 28 37 37 34 95 38 14 77 73 88 34 87 36 71 60
43 53 15 52 68 54 53 14 14 32 82 31 38 87 64 28 64 67 58 82 82 57 52 32 45 46 69 90 19 72 51 32 28 51 60 27 35 99 76 79 39 64 60 51 49 30 95 34 92 69 32 74 71 32 27 65 93 77 73 27 32 17 39 10 71 76 52 92 50 10 67 62 27 95 16 62 0 37 32 63 91 50 13 86 70 52 42 85 72 54 47 87 85 44 90 40 87 29 30 58 28 84 93 54 18 75 26 11 28 97 49 17 44 92 43
32 53 56 54 34 14 18 66 72 54 20 11 60 99 34 48 62 69 70 72 34 72 40 85 16 48 88 46 82 61 18 34 48 95 71 24 89 92 87 96 50 40 15 87 30 23 75 62 75 44 70 98 68 43 63 49 33 85 15 75 39 36 82 79 65 40 37 60 16 88 77 17 20 49 68 37 37 0 18 18 69 44 87 66 85 48 14 45 11 93 49 12 84 46 80 91 47 42 97 53 18 68 41 66 75 41 66 84 44 29 52 42 49 69 30
25 43 34 96 61 31 97 85 88 10 31 19 61 18 77 30 91 98 90 82 24 49 15 90 52 25 99 10 74 82 36 12 33 47 15 78 67 11 93 99 32 34 63 88 77 75 21 55 19 78 16 74 18 26 29 19 58 89 62 75 41 87 69 47 81 98 45 58 57 14 91 25 30 67 99 92 32 18 0 24 64 77 26 14 67 69 96 17 77 74 83 97 29 54 34 10 34 21 88 20 71 61 38 76 96 84 98 53 43 48 79 78 47 93 32
51 69 48 48 38 55 18 52 79 60 26 25 38 68 16 83 43 58 16 89 46 40 10 23 29 15 56 45 45 27 61 35 29 50 11 13 74 56 66 92 66 85 75 84 95 11 98 77 21 11 86 10 23 21 90 93 36 22 56 66 36 19 12 12 21 38 91 61 37 65 77 30 45 41 62 72 63 18 24 0 38 97 39 53 55 13 89 77 52 73 16 43 31 98 36 86 12 11 19 59 22 88 43 39 63 91 51 10 21 98 13 56 81 12 38
33 94 49 79 73 76 39 29 14 13 64 64 50 25 89 74 63 62 46 21 15 42 77 67 53 51 89 71 50 92 23 58 59 52 44 63 63 76 81 60 38 49 42 33 65 35 57 97 47 63 64 78 95 77 80 39 56 48 22 51 32 88 72 59 68 68 45 63 66 39 88 17 53 37 46 96 91 69 64 38 0 59 66 96 24 96 77 23 66 19 46 31 77 61 92 68 43 34 26 69 20 85 35 76 83 65 57 46 90 23 98 64 20 35 95
95 91 38 47 35 97 46 15 92 57 17 76 38 16 44 44 35 95 88 54 92 14 62 75 87 32 88 47 38 12 44 77 76 88 40 71 63 41 91 29 22 30 81 40 45 57 67 63 62 52 63 75 36 43 21 19 12 61 44 50 30 98 71 83 79 71 34 28 93 88 17 28 67 99 96 40 50 44 77 97 59 0 94 17 99 10 24 91 46 71 81 49 96 39 17 46 92 42 56 95 20 36 51 76 96 73 16 54 11 86 77 86 57 31 84
17 85 47 34 87 95 41 35 72 57 99 46 96 40 38 71 97 87 28 37 64 90 30 34 53 44 47 72 72 32 48 66 23 69 23 76 54 77 95 20 95 66 26 37 22 74 47 52 59 55 37 92 59 86 71 14 31 28 19 10 93 94 32 63 60 89 78 19 80 36 43 34 83 92 81 67 13 87 26 39 66 94 0 52 49 14 59 30 15 99 50 73 85 12 72 28 21 24 73 92 88 67 82 36 48 96 52 41 45 64 57 22 89 23 46
51 80 75 33 93 81 99 77 59 60 50 49 70 37 36 10 30 27 50 60 48 17 84 78 65 71 13 33 37 53 46 83 78 65 83 86 42 24 85 58 67 42 43 45 62 11 20 37 21 66 72 13 79 33 65 46 59 14 26 65 71 37 40 18 86 70 85 96 71 77 40 11 65 77 80 37 86 66 14 53 96 17 52 0 75 61 47 63 88 90 94 68 96 98 16 43 59 32 20 14 23 80 45 15 48 59 87 11 26 24 68 88 62 25 88
55 49 87 36 48 22 20 50 27 83 81 21 69 15 79 28 44 72 40 73 45 24 61 36 88 89 63 33 69 99 46 47 15 61 48 15 58 74 13 32 95 64 85 88 77 88 20 13 66 24 17 40 29 20 31 92 93 11 22 81 64 27 23 83 55 39 64 17 58 44 74 10 48 20 14 85 70 85 67 55 24 99 49 75 0 80 75 65 43 77 82 80 65 66 92 74 81 52 49 81 52 24 42 11 11 89 46 80 47 62 14 72 48 91 11
28 49 48 59 19 42 20 73 81 56 79 81 85 18 76 90 92 70 97 26 21 29 30 80 69 70 13 20 81 77 94 38 84 11 55 98 52 44 39 68 30 74 72 92 75 28 76 84 66 51 23 84 74 68 15 23 49 25 92 15 13 55 85 97 56 66 21 41 55 12 42 47 37 96 32 36 52 48 69 13 96 10 14 61 80 0 72 23 23 70 68 52 81 60 32 45 41 87 87 60 62 24 23 36 28 90 58 27 24 52 79 77 58 58 62
61 98 69 36 48 69 48 92 55 16 20 63 97 97 90 60 75 16 84 77 84 14 55 73 44 56 87 87 34 14 18 12 92 87 81 48 42 55 84 67 40 39 11 32 23 32 68 56 51 65 69 85 91 23 91 68 48 20 36 88 70 84 24 16 79 24 13 78 63 56 98 70 74 15 75 18 42 14 96 89 77 24 59 47 75 72 0 30 60 27 12 53 30 91 63 70 86 35 52 91 87 22 90 36 99 75 88 12 41 91 67 58 41 41 78
78 51 34 33 76 55 58 27 26 91 12 17 89 65 16 16 69 71 44 17 25 69 18 98 40 84 18 88 79 28 79 67 97 59 28 50 65 79 59 93 57 89 47 60 71 87 85 14 87 61 45 14 23 98 32 67 57 71 89 38 62 22 57 76 85 22 71 60 52 75 22 51 32 38 65 24 85 45 17 77 23 91 30 63 65 23 30 0 40 57 94 52 88 38 25 38 43 24 64 11 33 17 78 29 65 16 23 76 85 32 97 30 83 86 24
83 48 10 73 31 12 18 52 96 69 69 60 72 34 59 85 93 39 21 91 39 75 68 46 30 70 49 79 74 67 95 51 87 51 71 56 89 78 84 19 33 19 75 82 11 70 84 25 34 38 14 75 73 45 91 33 11 75 23 52 37 71 83 34 91 62 28 57 11 36 86 38 47 52 41 76 72 11 77 52 66 46 15 88 43 23 60 40 0 50 90 81 26 33 78 33 17 77 62 83 67 97 67 29 71 15 56 80 22 79 59 48 87 55 26
78 64 28 83 38 37 77 49 84 58 11 39 22 34 62 58 42 40 18 42 14 46 70 40 22 23 17 95 51 12 90 84 27 60 38 67 72 13 94 21 73 52 69 84 82 73 77 42 39 91 81 25 37 75 75 86 75 84 41 78 45 14 85 78 99 27 89 24 64 18 12 25 73 17 54 45 54 93 74 73 19 71 99 90 77 70 27 57 50 0 77 68 51 29 26 39 38 48 85 72 48 33 12 92 16 49 33 76 86 36 49 36 33 35 10
13 80 19 24 76 10 52 12 99 68 21 63 43 65 59 84 67 15 81 45 45 86 13 28 42 55 24 93 79 31 12 36 41 23 36 54 80 26 19 97 30 50 88 15 14 61 31 18 22 68 60 51 32 42 19 72 70 41 60 16 46 20 72 47 90 25 15 43 70 44 80 85 58 30 68 20 47 49 83 16 46 81 50 94 82 68 12 94 90 77 0 20 20 49 94 76 78 15 70 56 56 61 80 88 97 47 21 27 18 82 51 88 27 58 58
63 16 85 24 32 67 76 26 27 27 99 54 35 93 53 22 72 98 93 91 51 37 49 80 31 70 45 35 86 33 18 74 52 12 58 77 72 28 84 75 51 83 23 11 54 65 53 22 73 14 57 30 16 42 17 17 70 34 32 88 69 28 50 44 81 26 71 58 70 60 13 24 37 29 33 32 87 12 97 43 31 49 73 68 80 52 53 52 81 68 20 0 62 20 34 75 52 66 97 68 66 77 50 56 11 35 29 23 10 92 22 18 83 64 67
72 52 31 68 13 29 91 34 22 70 87 45 86 41 84 88 35 45 49 37 56 76 96 85 40 76 44 77 23 70 79 21 32 89 13 14 41 30 14 35 89 33 53 86 30 47 98 37 92 15 27 28 90 67 68 72 41 46 26 54 52 37 84 70 97 95 12 89 13 48 60 95 63 19 55 59 85 84 29 31 77 96 85 96 65 81 30 88 26 51 20 62 0 33 96 99 21 27 91 43 99 34 58 68 34 31 84 20 86 31 32 68 93 19 22
53 14 91 56 48 27 73 92 79 80 39 48 29 75 86 54 80 39 65 93 38 21 77 24 40 31 44 69 69 94 43 94 16 79 80 18 75 61 34 64 84 39 69 61 79 50 78 51 71 80 35 34 47 18 52 29 18 44 52 78 87 36 63 46 72 95 57 95 26 50 44 43 56 64 56 45 44 46 54 98 61 39 12 98 66 60 91 38 33 29 49 20 33 0 18 96 76 75 67 65 89 86 79 28 44 26 12 38 74 37 79 81 77 47 70
43 71 48 87 65 83 55 25 81 17 17 54 62 24 31 62 60 37 22 22 65 15 19 16 88 85 46 53 54 45 78 33 66 25 88 52 98 48 97 99 59 99 61 55 18 46 80 62 62 96 94 97 66 27 19 13 63 20 90 22 37 59 33 37 86 20 12 67 66 92 90 30 97 53 22 28 90 80 34 36 92 17 72 16 92 32 63 25 78 26 94 34 96 18 0 30 13 36 88 41 77 93 89 41 43 70 47 11 46 28 93 49 50 25 15
89 49 23 81 91 53 69 82 79 23 12 83 15 85 76 77 86 33 74 36 18 79 90 53 44 90 20 17 77 41 16 32 49 81 55 63 74 80 75 16 52 95 86 93 39 93 16 58 29 53 42 18 40 92 82 48 79 16 76 50 80 20 62 18 71 15 70 66 61 68 81 88 76 95 71 36 40 91 10 86 68 46 28 43 74 45 70 38 33 39 76 75 99 96 30 0 54 58 26 42 86 69 47 10 17 66 68 10 41 26 98 89 15 53 73
10 98 72 25 10 89 18 31 13 19 20 90 44 92 33 98 39 40 26 26 54 73 97 11 63 42 19 83 22 99 47 18 24 77 20 46 90 43 17 33 43 15 89 79 95 14 12 92 94 66 45 46 71 46 42 34 64 84 12 63 17 49 71 24 13 74 43 60 27 69 85 69 40 98 89 33 87 47 34 12 43 92 21 59 81 41 86 43 17 38 78 52 21 76 13 54 0 78 84 88 41 75 97 16 29 13 41 17 26 59 32 23 52 20 44
56 98 84 24 52 62 12 70 31 59 35 18 60 17 15 24 59 78 19 10 80 21 91 22 35 10 94 17 89 58 37 39 38 56 80 37 69 86 21 94 39 89 97 27 62 60 77 66 62 15 32 73 19 17 51 17 52 10 37 22 53 18 15 96 37 68 81 32 24 41 93 78 21 74 50 18 29 42 21 11 34 42 24 32 52 87 35 24 77 48 15 66 27 75 36 58 78 0 19 40 75 28 77 82 78 25 43 39 83 85 20 72 80 96 89
39 97 31 48 28 92 76 97 43 28 27 34 51 45 66 36 40 58 53 59 98 57 57 98 54 69 56 56 32 40 78 82 77 93 66 23 92 18 99 46 42 26 44 22 26 18 41 49 21 88 45 91 49 37 53 78 19 33 13 34 46 57 68 55 34 49 86 79 86 28 79 21 60 81 70 22 30 97 88 19 26 56 73 20 49 87 52 64 62 85 70 97 91 67 88 26 84 19 0 43 13 83 69 16 24 44 51 62 51 48 15 66 39 48 99
41 18 76 53 93 81 17 39 33 72 38 59 47 80 11 61 90 64 60 34 87 33 46 99 58 35 10 97 37 60 75 66 54 29 38 51 81 84 61 86 18 99 71 48 32 96 69 88 40 86 73 67 35 32 10 22 41 38 25 64 57 31 96 71 97 72 94 10 51 56 92 86 80 27 41 24 58 53 20 59 69 95 92 14 81 60 91 11 83 72 56 68 43 65 41 42 88 40 43 0 84 32 94 68 44 78 57 77 72 54 81 51 14 88 63
55 45 39 48 47 55 81 85 72 63 23 68 96 15 83 30 84 76 87 72 91 85 53 24 95 52 18 65 59 93 59 56 96 75 86 59 97 41 47 95 76 78 19 81 84 72 13 26 41 59 98 62 40 17 42 97 67 52 85 46 16 65 48 64 16 90 37 38 88 14 57 43 23 61 22 28 28 18 71 22 20 20 88 23 52 62 87 33 67 48 56 66 99 89 77 86 41 75 13 84 0 61 43 28 72 13 28 88 87 47 85 79 69 34 11
86 13 14 93 55 40 78 13 31 61 89 83 57 57 53 47 69 32 26 90 61 13 86 68 63 19 89 86 30 21 29 41 29 16 66 20 60 62 82 67 84 36 49 98 61 91 71 30 41 38 35 85 87 38 45 13 75 67 73 98 73 32 58 66 39 91 57 17 32 43 33 94 22 20 88 37 84 68 61 88 85 36 67 80 24 24 22 17 97 33 61 77 34 86 93 69 75 28 83 32 61 0 84 16 19 28 91 99 57 93 48 93 34 69 58
25 13 16 76 59 76 29 72 69 41 35 13 73 25 66 11 90 56 12 75 92 81 34 13 86 41 59 44 87 37 54 50 74 27 59 10 87 14 84 35 14 44 26 42 74 77 58 70 34 55 82 52 51 97 24 70 61 29 28 30 16 57 49 73 38 61 58 80 94 69 75 16 29 65 12 37 93 41 38 43 35 51 82 45 42 23 90 78 67 12 80 50 58 79 89 47 97 77 69 94 43 84 0 62 47 67 31 41 38 21 37 11 94 92 61
54 62 53 48 84 51 38 97 63 78 72 33 32 83 36 50 89 79 75 68 85 93 90 13 25 80 56 45 69 55 30 94 71 58 29 50 38 78 96 50 51 12 20 29 74 82 30 60 44 54 64 28 63 17 14 28 46 72 61 63 54 11 15 85 89 38 79 66 30 51 75 93 62 14 41 34 54 66 76 39 76 76 36 15 11 36 36 29 29 92 88 56 68 28 41 10 16 82 16 68 28 16 62 0 81 35 60 53 90 26 79 49 36 51 93
52 34 34 29 26 44 19 88 59 68 95 92 25 34 26 60 82 85 11 28 11 86 57 89 37 74 76 77 52 19 13 60 32 69 87 59 43 51 58 60 52 53 77 12 19 41 62 16 51 20 51 75 74 43 17 25 72 77 61 74 74 39 69 57 41 88 68 60 58 44 19 17 18 96 18 95 18 75 96 63 83 96 48 48 11 28 99 65 71 16 97 11 34 44 43 17 29 78 24 44 72 19 47 81 0 69 80 96 11 25 13 34 41 64 41
18 79 81 66 95 39 62 74 71 23 94 90 76 87 91 50 22 24 64 95 14 38 18 16 57 38 62 67 80 91 61 47 90 58 29 20 49 52 39 74 67 49 40 86 34 15 18 94 65 59 12 24 12 29 86 83 71 22 60 42 81 67 30 42 27 90 65 49 70 95 24 73 16 33 13 38 75 41 84 91 65 73 96 59 89 90 75 16 15 49 47 35 31 26 70 66 13 25 44 78 13 28 67 35 69 0 19 72 66 74 78 84 36 40 66
88 22 95 63 93 45 91 61 17 43 67 21 19 11 26 63 16 78 45 53 50 36 50 21 84 15 67 11 13 83 65 80 41 50 24 90 73 25 99 93 37 17 51 30 99 63 45 67 49 56 28 32 60 64 40 51 69 14 88 64 60 64 51 96 17 62 31 91 46 68 49 82 75 72 26 14 26 66 98 51 57 16 52 87 46 58 88 23 56 33 21 29 84 12 47 68 41 43 51 57 28 91 31 60 80 19 0 53 89 46 15 26 76 11 15
17 57 87 61 39 48 67 62 63 19 54 65 22 61 14 36 70 16 78 25 49 40 51 30 61 67 66 80 63 30 47 18 47 35 31 82 74 20 60 24 36 34 93 53 21 81 72 91 11 88 62 21 94 98 64 27 72 47 23 98 15 71 32 58 18 67 79 72 83 92 10 31 53 79 63 77 11 84 53 10 46 54 41 11 80 27 12 76 80 76 27 23 20 38 11 10 17 39 62 77 88 99 41 53 96 72 53 0 77 56 12 71 21 97 74
89 47 48 38 72 92 79 94 70 87 11 83 78 34 50 34 74 23 97 11 96 92 31 23 80 10 86 85 36 88 59 94 55 70 17 41 31 43 55 75 86 43 48 78 83 67 32 11 54 11 24 30 66 96 56 92 48 20 54 28 65 34 12 58 66 85 60 38 19 67 77 65 42 94 25 73 28 44 43 21 90 11 45 26 47 24 41 85 22 86 18 10 86 74 46 41 26 83 51 72 87 57 38 90 11 66 89 77 0 98 17 52 22 66 76
14 28 59 21 32 20 54 70 61 13 35 21 91 76 44 79 32 30 44 20 91 66 13 90 45 84 84 53 76 24 59 46 70 23 64 19 90 62 78 64 49 98 93 48 49 68 19 70 48 23 70 41 11 26 47 10 53 69 33 17 99 52 30 75 52 67 58 89 69 63 50 89 20 36 93 88 97 29 48 98 23 86 64 24 62 52 91 32 79 36 82 92 31 37 28 26 59 85 48 54 47 93 21 26 25 74 46 56 98 0 89 57 41 91 75
97 29 23 17 42 30 33 28 91 14 90 34 83 72 65 77 59 41 99 88 10 23 42 71 85 14 89 79 34 82 14 81 89 33 56 38 32 64 80 39 56 34 29 65 22 41 55 23 15 12 96 49 34 71 80 26 35 32 14 19 92 77 82 63 39 34 51 94 12 35 72 40 13 18 35 34 49 52 79 13 98 77 57 68 14 79 67 97 59 49 51 22 32 79 93 98 32 20 15 81 85 48 37 79 13 78 15 12 17 89 0 56 37 10 65
59 51 47 37 12 54 15 25 85 66 26 90 18 95 64 38 95 25 97 74 58 20 69 46 69 56 16 35 26 14 99 42 21 21 21 22 57 83 16 82 95 81 36 80 87 51 30 47 44 50 65 36 33 99 64 59 24 70 50 84 81 36 46 26 56 11 46 41 15 87 91 19 69 99 30 87 17 42 78 56 64 86 22 88 72 77 58 30 48 36 88 18 68 81 49 89 23 72 66 51 79 93 11 49 34 84 26 71 52 57 56 0 11 46 70
36 56 43 28 88 53 57 33 72 85 47 10 18 27 19 21 56 84 32 21 13 40 35 21 41 25 82 87 47 59 29 95 58 24 76 79 31 20 10 18 25 20 48 61 25 75 40 40 82 99 53 12 87 72 19 40 82 10 84 78 98 70 71 91 67 66 70 89 60 96 95 80 35 41 57 36 44 49 47 81 20 57 89 62 48 58 41 83 87 33 27 83 93 77 50 15 52 80 39 14 69 34 94 36 41 36 76 21 22 41 37 11 0 87 39
40 58 59 55 58 73 63 20 86 42 46 87 54 33 38 73 22 14 46 86 38 68 20 71 97 24 23 45 89 86 66 63 34 39 56 84 26 73 23 60 79 38 63 70 97 24 17 46 51 14 55 36 39 65 69 49 39 71 91 73 86 20 16 56 43 73 28 73 16 84 64 33 27 84 85 71 92 69 93 12 35 31 23 25 91 58 41 86 55 35 58 64 19 47 25 53 20 96 48 88 34 69 92 51 64 40 11 97 66 91 10 46 87 0 28
36 17 91 23 90 49 67 84 79 89 60 19 98 54 15 98 60 34 10 55 12 35 87 72 40 81 88 12 12 72 18 83 89 43 79 57 57 22 68 37 60 73 66 69 84 45 35 44 42 92 25 20 38 32 20 42 61 36 26 41 88 17 13 38 10 48 61 15 81 64 54 94 31 50 27 60 43 30 32 38 95 84 46 88 11 62 78 24 26 10 58 67 22 70 15 73 44 89 99 63 11 58 61 93 41 66 15 74 76 75 65 70 39 28 0