85
0 28 29 87 71 22 39 55 26 40 25 26 67 84 11 88 26 55 85 85 61 70 18 86 38 44 17 46 24 22 29 89 60 91 94 10 57 72 83 65 38 68 16 50 22 41 36 71 51 99 47 82 92 13 72 25 90 54 41 47 83 81 95 13 23 68 80 88 67 16 96 96 30 60 47 28 80 61 96 60 77 97 63 38 29
28 0 58 57 26 60 46 34 38 46 63 94 37 94 52 41 95 12 10 89 94 46 45 25 81 34 37 77 73 37 55 33 47 62 37 97 92 96 37 40 85 92 50 86 10 81 11 28 17 68 69 94 67 96 79 72 26 43 69 52 58 31 60 97 43 88 15 55 15 51 57 36 39 77 26 30 17 93 59 54 20 36 23 63 38
29 58 0 56 91 35 73 62 72 42 49 67 93 94 75 62 43 33 80 78 67 15 68 64 91 57 78 22 62 52 26 70 37 65 46 94 65 68 36 40 89 34 11 14 26 46 62 69 32 56 74 10 28 45 32 55 83 55 25 26 73 55 61 15 94 73 92 65 66 43 22 33 88 33 96 92 85 37 17 97 80 19 10 40 71
87 57 56 0 41 48 56 86 52 36 84 94 62 45 53 99 27 76 49 68 97 67 55 49 64 29 98 39 35 47 92 67 83 89 78 21 86 98 79 93 15 83 58 14 78 53 61 17 35 73 20 30 99 33 90 34 33 98 32 20 72 79 90 91 72 89 68 84 47 24 76 58 76 21 30 50 55 38 63 28 27 71 66 15 23
71 26 91 41 0 94 43 80 90 13 34 17 45 89 91 72 70 63 69 59 72 81 27 50 83 63 15 26 39 63 25 75 26 14 58 84 45 56 19 77 83 32 82 69 47 77 18 15 82 37 44 15 26 15 30 53 52 71 55 25 85 41 43 26 74 33 31 21 26 10 72 79 11 82 19 55 61 49 41 42 32 31 69 96 25
22 60 35 48 94 0 50 81 60 79 60 67 46 60 27 61 94 95 70 76 67 48 85 94 22 89 34 91 30 21 84 89 13 63 15 49 59 34 24 37 37 18 95 61 45 17 20 63 94 51 59 47 47 12 70 10 15 97 19 44 15 74 61 50 75 10 75 49 95 61 26 83 14 48 23 31 86 77 26 75 95 53 65 96 49
39 46 73 56 43 50 0 33 39 42 93 70 54 76 33 87 40 88 67 92 38 99 44 38 62 98 50 22 56 54 45 18 36 63 84 39 27 77 78 18 22 19 10 26 67 31 86 39 64 42 85 34 69 69 57 58 50 70 42 69 83 80 84 17 68 38 82 75 37 16 61 47 32 38 70 29 78 55 73 38 73 67 98 25 22
55 34 62 86 80 81 33 0 17 23 63 19 46 45 30 13 47 80 81 76 12 89 53 58 15 18 50 18 58 88 47 70 29 46 37 83 58 94 65 22 61 74 73 26 46 76 25 79 56 65 13 10 23 45 61 12 12 47 82 30 17 17 59 23 46 38 37 75 83 67 98 97 74 23 24 98 67 31 45 54 75 83 11 64 41
26 38 72 52 90 60 39 17 0 28 99 29 95 54 88 41 39 96 11 52 32 39 59 17 93 86 76 16 54 78 30 86 81 50 75 84 61 15 87 85 58 70 20 17 13 58 27 10 75 78 81 15 72 68 95 60 72 55 84 35 62 32 96 89 37 14 16 43 22 49 98 10 17 22 63 84 27 74 39 20 49 61 40 30 16
40 46 42 36 13 79 42 23 28 0 33 54 61 18 81 17 36 38 50 48 37 29 30 71 86 27 15 44 12 70 31 73 66 58 56 35 41 54 98 20 46 50 96 36 26 36 48 88 70 49 19 57 86 91 32 10 52 18 25 49 72 75 37 67 61 55 26 96 14 55 72 34 46 39 47 34 79 40 67 49 52 90 44 47 78
25 63 49 84 34 60 93 63 99 33 0 56 81 58 99 47 29 55 10 21 79 25 84 82 50 86 23 37 10 32 80 98 27 62 26 45 91 78 94 92 55 65 74 85 59 28 99 97 84 99 14 99 38 70 25 91 45 22 75 60 53 43 86 83 56 14 95 97 52 34 38 55 62 23 44 37 52 88 40 26 76 17 27 25 29
26 94 67 94 17 67 70 19 29 54 56 0 43 99 98 56 52 65 10 33 99 74 65 34 45 44 45 39 18 61 41 35 70 25 25 64 16 30 14 15 33 65 18 64 41 30 21 48 71 74 94 81 21 41 60 18 39 66 23 57 30 50 54 68 29 99 83 64 44 13 33 42 62 61 31 22 98 87 32 60 99 96 36 17 37
67 37 93 62 45 46 54 46 95 61 81 43 0 64 38 68 45 88 67 84 63 64 95 53 16 71 22 83 52 69 10 22 70 71 88 84 94 72 47 13 39 77 99 43 33 10 34 67 45 11 59 32 30 96 97 41 61 15 48 91 63 29 99 36 48 33 67 31 95 42 48 28 12 53 58 74 91 27 15 71 47 72 80 91 30
84 94 94 45 89 60 76 45 54 18 58 99 64 0 57 95 63 17 87 56 38 98 66 41 57 40 39 62 95 91 81 69 72 19 59 48 84 79 29 18 54 78 89 39 47 66 52 17 80 43 11 59 72 37 82 94 16 95 41 96 41 13 66 40 34 52 52 34 57 38 42 64 48 50 92 18 23 60 40 90 73 72 20 91 59
11 52 75 53 91 27 33 30 88 81 99 98 38 57 0 58 94 71 19 65 76 87 93 20 65 78 19 45 60 75 73 44 91 72 63 98 54 24 55 57 26 65 21 83 33 49 63 16 47 75 41 19 44 89 43 29 80 82 49 35 68 96 85 61 69 38 62 27 99 47 13 36 17 59 72 45 22 39 85 82 14 67 92 73 98
88 41 62 99 72 61 87 13 41 17 47 56 68 95 58 0 73 91 41 85 57 66 76 20 77 36 71 93 75 71 69 18 16 18 80 76 59 48 22 60 22 73 50 40 61 50 61 60 46 86 32 36 53 15 27 83 49 53 89 92 53 40 23 72 64 20 52 16 23 51 91 82 80 32 19 64 22 86 19 55 70 80 54 45 47
26 95 43 27 70 94 40 47 39 36 29 52 45 63 94 73 0 34 22 16 44 23 76 60 86 84 31 85 89 18 18 51 58 44 88 43 75 13 35 18 21 35 91 84 84 80 53 93 85 42 12 70 54 11 40 81 74 70 37 42 26 17 25 54 10 45 27 58 38 14 75 55 92 70 46 11 15 69 75 41 77 87 63 92 16
55 12 33 76 63 95 88 80 96 38 55 65 88 17 71 91 34 0 86 71 71 82 61 61 27 39 54 49 75 26 73 14 91 29 68 20 85 38 42 48 63 19 83 15 82 16 71 12 81 71 18 25 50 20 93 52 64 69 36 20 53 44 16 98 74 43 58 75 92 69 86 84 90 78 67 85 16 77 27 91 72 39 25 60 94
85 10 80 49 69 70 67 81 11 50 10 10 67 87 19 41 22 86 0 24 56 62 76 98 17 78 13 52 86 43 42 10 13 90 73 56 78 68 80 99 26 92 97 74 36 81 29 25 29 17 27 98 52 76 76 62 40 27 35 60 43 95 46 48 49 33 80 47 61 33 18 41 78 25 14 52 82 87 29 13 10 73 60 88 21
85 89 78 68 59 76 92 76 52 48 21 33 84 56 65 85 16 71 24 0 11 92 32 87 60 25 57 21 99 28 63 16 59 59 92 75 28 58 29 90 31 72 33 68 89 53 78 53 76 34 49 24 13 31 99 71 51 66 33 73 47 39 42 76 88 58 42 29 38 38 71 40 86 71 96 24 85 14 56 25 21 98 37 69 72
61 94 67 97 72 67 38 12 32 37 79 99 63 38 76 57 44 71 56 11 0 16 15 76 25 38 96 83 77 70 63 86 35 37 81 11 43 40 59 10 26 72 16 78 41 57 93 84 87 74 45 36 50 99 77 46 77 63 37 43 73 99 46 14 59 36 86 98 23 30 44 30 31 40 64 52 46 55 17 68 52 98 31 28 77
70 46 15 67 81 48 99 89 39 29 25 74 64 98 87 66 23 82 62 92 16 0 25 34 34 12 11 28 93 15 50 32 59 55 89 25 81 90 86 65 72 10 26 28 71 55 63 51 84 12 86 27 22 62 10 59 70 46 33 50 95 80 83 48 88 72 32 67 74 94 85 29 96 91 60 91 12 47 68 86 63 98 46 84 78
18 45 68 55 27 85 44 53 59 30 84 65 95 66 93 76 76 61 76 32 15 25 0 54 21 71 94 91 46 40 88 93 83 17 11 29 56 31 78 25 47 54 11 15 11 95 71 95 96 39 51 11 97 33 46 56 57 88 84 52 34 21 56 31 54 45 25 18 68 77 57 74 22 14 56 45 95 71 38 47 37 27 53 79 37
86 25 64 49 50 94 38 58 17 71 82 34 53 41 20 20 60 61 98 87 76 34 54 0 93 70 46 95 61 13 43 11 81 94 65 46 28 10 63 36 53 45 33 57 92 26 28 78 78 35 62 64 80 75 40 50 68 95 35 84 16 79 41 88 61 16 39 71 21 24 53 84 96 16 91 93 79 97 54 81 70 14 54 67 29
38 81 91 64 83 22 62 15 93 86 50 45 16 57 65 77 86 27 17 60 25 34 21 93 0 30 67 16 33 32 31 66 50 71 16 88 70 15 53 12 74 27 25 76 90 13 89 33 49 64 95 40 94 39 10 89 62 95 31 70 81 47 70 83 45 61 79 96 94 67 10 94 69 77 90 25 85 98 73 16 83 69 90 50 44
44 34 57 29 63 89 98 18 86 27 86 44 71 40 78 36 84 39 78 25 38 12 71 70 30 0 97 78 12 77 97 75 19 48 88 27 80 87 86 13 17 23 87 14 65 85 78 70 57 12 45 18 59 13 72 30 96 92 82 32 94 21 71 93 49 74 29 44 34 74 84 98 19 38 29 65 11 17 12 97 58 88 44 11 88
17 37 78 98 15 34 50 50 76 15 23 45 22 39 19 71 31 54 13 57 96 11 94 46 67 97 0 66 56 20 79 43 93 22 94 86 95 83 86 13 57 34 64 53 64 68 72 28 42 34 98 71 61 58 84 92 12 92 31 43 43 96 42 93 78 99 25 39 62 39 33 98 32 15 77 33 42 25 95 15 35 32 18 22 37
46 77 22 39 26 91 22 18 16 44 37 39 83 62 45 93 85 49 52 21 83 28 91 95 16 78 66 0 96 69 69 48 71 44 35 90 52 74 80 41 64 86 62 47 59 28 80 42 74 29 35 71 77 12 49 33 18 79 20 91 28 79 95 20 43 76 80 48 26 66 61 79 33 51 86 73 47 52 35 15 32 96 21 29 43
24 73 62 35 39 30 56 58 54 12 10 18 52 95 60 75 89 75 86 99 77 93 46 61 33 12 56 96 0 28 53 59 10 91 55 93 85 47 45 80 31 95 36 75 99 24 88 54 61 92 20 17 17 15 39 34 62 10 39 42 13 34 48 11 28 17 37 70 91 27 12 82 94 29 23 26 66 28 65 50 55 82 84 74 54
22 37 52 47 63 21 54 88 78 70 32 61 69 91 75 71 18 26 43 28 70 15 40 13 32 77 20 69 28 0 75 10 10 83 46 36 37 32 88 56 81 83 95 64 14 26 78 56 77 26 69 92 13 75 49 30 18 13 23 87 19 30 42 86 82 70 72 70 22 57 24 44 25 85 75 88 11 71 18 74 27 98 79 18 39
29 55 26 92 25 84 45 47 30 31 80 41 10 81 73 69 18 73 42 63 63 50 88 43 31 97 79 69 53 75 0 62 11 48 71 50 13 92 40 93 52 83 55 91 78 66 53 48 39 77 46 11 75 84 60 83 67 73 17 12 57 80 28 45 73 94 82 84 69 96 28 34 22 89 12 12 17 33 14 15 34 71 26 71 78
89 33 70 67 75 89 18 70 86 73 98 35 22 69 44 18 51 14 10 16 86 32 93 11 66 75 43 48 59 10 62 0 13 32 37 62 89 98 61 37 88 86 76 62 24 13 31 91 48 88 65 90 21 46 10 50 57 30 35 69 22 35 73 12 67 87 17 36 46 75 53 44 66 91 64 75 69 15 46 66 63 67 50 48 32
60 47 37 83 26 13 36 29 81 66 27 70 70 72 91 16 58 91 13 59 35 59 83 81 50 19 93 71 10 10 11 13 0 55 74 54 34 18 45 43 95 65 74 80 69 38 47 66 93 33 48 23 77 87 89 51 97 99 25 45 35 34 51 63 53 42 88 87 76 17 27 74 56 77 42 92 82 59 88 56 98 44 91 58 81
91 62 65 89 14 63 63 46 50 58 62 25 71 19 72 18 44 29 90 59 37 55 17 94 71 48 22 44 91 83 48 32 55 0 21 82 19 85 23 80 70 12 91 40 18 11 76 62 77 20 92 15 46 55 30 70 53 15 72 29 10 26 70 71 59 45 53 55 42 44 68 44 92 28 21 89 58 27 32 59 76 51 44 23 67
94 37 46 78 58 15 84 37 75 56 26 25 88 59 63 80 88 68 73 92 81 89 11 65 16 88 94 35 55 46 71 37 74 21 0 45 41 31 85 59 25 51 36 72 66 45 39 79 32 69 47 29 14 48 46 18 66 58 23 88 98 10 20 23 96 23 26 81 84 10 70 62 56 28 92 74 10 87 42 53 39 17 25 57 99
10 97 94 21 84 49 39 83 84 35 45 64 84 48 98 76 43 20 56 75 11 25 29 46 88 27 86 90 93 36 50 62 54 82 45 0 60 68 24 98 10 89 43 30 76 36 18 38 68 88 61 47 15 71 35 93 28 29 98 93 96 84 30 36 44 54 42 86 12 59 24 40 55 35 58 81 33 39 79 71 56 91 18 51 88
57 92 65 86 45 59 27 58 61 41 91 16 94 84 54 59 75 85 78 28 43 81 56 28 70 80 95 52 85 37 13 89 34 19 41 60 0 62 32 85 15 80 76 20 12 77 79 55 18 20 65 87 97 66 19 62 55 68 59 10 97 97 21 42 79 33 21 13 74 61 63 29 48 67 74 18 26 99 29 76 74 36 64 85 54
72 96 68 98 56 34 77 94 15 54 78 30 72 79 24 48 13 38 68 58 40 90 31 10 15 87 83 74 47 32 92 98 18 85 31 68 62 0 27 80 34 13 95 18 27 43 47 18 60 45 52 60 82 25 65 84 18 94 57 17 73 10 47 16 51 54 29 98 29 81 48 61 11 74 68 86 28 45 53 75 95 10 27 23 70
83 37 36 79 19 24 78 65 87 98 94 14 47 29 55 22 35 42 80 29 59 86 78 63 53 86 86 80 45 88 40 61 45 23 85 24 32 27 0 37 69 29 19 45 88 47 88 19 29 55 34 91 89 13 52 45 53 65 12 12 74 25 31 51 75 29 43 52 90 79 48 32 76 33 15 95 53 69 90 48 38 33 14 97 58
65 40 40 93 77 37 18 22 85 20 92 15 13 18 57 60 18 48 99 90 10 65 25 36 12 13 13 41 80 56 93 37 43 80 59 98 85 80 37 0 66 36 10 94 25 87 26 14 89 13 61 92 59 43 24 13 48 15 34 39 74 28 77 41 18 38 26 14 15 71 49 98 46 65 66 19 76 53 45 82 17 87 42 65 50
38 85 89 15 83 37 22 61 58 46 55 33 39 54 26 22 21 63 26 31 26 72 47 53 74 17 57 64 31 81 52 88 95 70 25 10 15 34 69 66 0 65 17 69 45 83 71 19 79 73 46 88 89 43 98 38 88 57 95 23 42 41 74 69 33 38 73 21 64 47 61 80 35 46 58 56 22 56 90 83 78 87 41 38 48
68 92 34 83 32 18 19 74 70 50 65 65 77 78 65 73 35 19 92 72 72 10 54 45 27 23 34 86 95 83 83 86 65 12 51 89 80 13 29 36 65 0 35 28 36 52 95 59 18 36 84 69 84 50 41 98 52 36 32 15 80 98 42 60 83 96 81 74 79 56 90 57 53 48 63 86 92 10 96 49 31 79 90 46 84
16 50 11 58 82 95 10 73 20 96 74 18 99 89 21 50 91 83 97 33 16 26 11 33 25 87 64 62 36 95 55 76 74 91 36 43 76 95 19 10 17 35 0 19 66 77 11 17 17 60 17 49 81 21 25 61 77 31 88 86 71 57 62 59 21 54 95 43 86 66 39 34 64 57 62 32 73 86 20 20 69 84 83 36 20
50 86 14 14 69 61 26 26 17 36 85 64 43 39 83 40 84 15 74 68 78 28 15 57 76 14 53 47 75 64 91 62 80 40 72 30 20 18 45 94 69 28 19 0 75 17 74 91 95 95 69 18 79 98 13 72 49 60 82 91 58 93 44 64 65 33 98 36 97 94 41 72 55 61 99 38 17 84 42 53 41 15 83 87 65
22 10 26 78 47 45 67 46 13 26 59 41 33 47 33 61 84 82 36 89 41 71 11 92 90 65 64 59 99 14 78 24 69 18 66 76 12 27 88 25 45 36 66 75 0 14 50 93 14 27 27 50 52 55 70 76 31 43 89 74 24 20 98 16 46 51 81 31 77 70 70 45 52 94 71 58 25 42 35 32 81 35 53 21 80
41 81 46 53 77 17 31 76 58 36 28 30 10 66 49 50 80 16 81 53 57 55 95 26 13 85 68 28 24 26 66 13 38 11 45 36 77 43 47 87 83 52 77 17 14 0 32 87 75 14 66 49 29 55 69 94 67 45 39 13 18 98 19 61 34 15 46 10 14 87 79 50 67 18 36 53 25 64 28 96 72 18 38 63 11
36 11 62 61 18 20 86 25 27 48 99 21 34 52 63 61 53 71 29 78 93 63 71 28 89 78 72 80 88 78 53 31 47 76 39 18 79 47 88 26 71 95 11 74 50 32 0 11 83 69 82 75 49 62 46 43 45 37 92 37 70 35 74 29 29 93 34 53 59 42 55 53 63 25 54 61 62 93 72 89 27 56 73 53 25
71 28 69 17 15 63 39 79 10 88 97 48 67 17 16 60 93 12 25 53 84 51 95 78 33 70 28 42 54 56 48 91 66 62 79 38 55 18 19 14 19 59 17 91 93 87 11 0 32 35 36 30 67 82 71 72 92 80 74 72 59 76 47 49 16 30 34 46 57 45 86 23 56 61 10 69 69 46 19 96 59 25 81 83 34
51 17 32 35 82 94 64 56 75 70 84 71 45 80 47 46 85 81 29 76 87 84 96 78 49 57 42 74 61 77 39 48 93 77 32 68 18 60 29 89 79 18 17 95 14 75 83 32 0 87 89 71 83 63 61 88 24 13 67 82 29 47 83 22 59 54 19 73 38 69 57 78 45 26 43 16 51 91 18 76 32 51 24 51 38
99 68 56 73 37 51 42 65 78 49 99 74 11 43 75 86 42 71 17 34 74 12 39 35 64 12 34 29 92 26 77 88 33 20 69 88 20 45 55 13 73 36 60 95 27 14 69 35 87 0 12 47 30 90 91 21 81 61 19 33 61 48 84 26 40 14 53 63 27 42 80 23 60 33 19 51 87 22 85 81 27 76 60 38 39
47 69 74 20 44 59 85 13 81 19 14 94 59 11 41 32 12 18 27 49 45 86 51 62 95 45 98 35 20 69 46 65 48 92 47 61 65 52 34 61 46 84 17 69 27 66 82 36 89 12 0 76 48 92 27 30 80 72 64 66 59 88 95 72 18 58 83 89 93 46 49 11 83 16 20 86 94 11 67 12 11 73 88 86 77
82 94 10 30 15 47 34 10 15 57 99 81 32 59 19 36 70 25 98 24 36 27 11 64 40 18 71 71 17 92 11 90 23 15 29 47 87 60 91 92 88 69 49 18 50 49 75 30 71 47 76 0 28 58 74 60 10 22 19 54 23 84 93 58 33 51 76 46 25 50 38 43 61 16 90 42 93 50 62 65 97 40 60 50 89
92 67 28 99 26 47 69 23 72 86 38 21 30 72 44 53 54 50 52 13 50 22 97 80 94 59 61 77 17 13 75 21 77 46 14 15 97 82 89 59 89 84 81 79 52 29 49 67 83 30 48 28 0 12 23 46 33 97 74 87 89 29 71 88 16 47 76 88 74 74 32 19 25 85 48 47 40 68 98 35 51 72 31 10 96
13 96 45 33 15 12 69 45 68 91 70 41 96 37 89 15 11 20 76 31 99 62 33 75 39 13 58 12 15 75 84 46 87 55 48 71 66 25 13 43 43 50 21 98 55 55 62 82 63 90 92 58 12 0 59 39 10 53 76 15 66 58 96 11 98 13 18 90 70 27 43 69 73 51 59 19 59 75 90 85 99 88 44 65 13
72 79 32 90 30 70 57 61 95 32 25 60 97 82 43 27 40 93 76 99 77 10 46 40 10 72 84 49 39 49 60 10 89 30 46 35 19 65 52 24 98 41 25 13 70 69 46 71 61 91 27 74 23 59 0 34 92 52 95 98 99 50 51 84 67 72 10 78 69 82 59 40 56 15 18 11 53 91 53 27 34 69 31 23 84
25 72 55 34 53 10 58 12 60 10 91 18 41 94 29 83 81 52 62 71 46 59 56 50 89 30 92 33 34 30 83 50 51 70 18 93 62 84 45 13 38 98 61 72 76 94 43 72 88 21 30 60 46 39 34 0 23 26 35 28 78 49 90 48 98 62 32 34 47 40 40 53 52 70 61 96 90 52 42 73 57 70 79 60 36
90 26 83 33 52 15 50 12 72 52 45 39 61 16 80 49 74 64 40 51 77 70 57 68 62 96 12 18 62 18 67 57 97 53 66 28 55 18 53 48 88 52 77 49 31 67 45 92 24 81 80 10 33 10 92 23 0 72 73 55 57 37 49 96 37 79 28 77 88 93 49 31 49 13 57 54 83 76 81 28 94 80 31 63 41
54 43 55 98 71 97 70 47 55 18 22 66 15 95 82 53 70 69 27 66 63 46 88 95 95 92 92 79 10 13 73 30 99 15 58 29 68 94 65 15 57 36 31 60 43 45 37 80 13 61 72 22 97 53 52 26 72 0 91 16 10 63 29 35 66 51 13 93 14 71 40 59 98 72 44 24 25 34 36 62 87 31 13 86 62
41 69 25 32 55 19 42 82 84 25 75 23 48 41 49 89 37 36 35 33 37 33 84 35 31 82 31 20 39 23 17 35 25 72 23 98 59 57 12 34 95 32 88 82 89 39 92 74 67 19 64 19 74 76 95 35 73 91 0 18 66 32 92 25 64 49 80 46 63 29 77 82 56 13 62 57 83 92 54 44 15 99 33 45 43
47 52 26 20 25 44 69 30 35 49 60 57 91 96 35 92 42 20 60 73 43 50 52 84 70 32 43 91 42 87 12 69 45 29 88 93 10 17 12 39 23 15 86 91 74 13 37 72 82 33 66 54 87 15 98 28 55 16 18 0 84 35 94 20 79 36 41 39 69 18 19 32 53 62 35 75 48 19 53 60 67 83 51 32 17
83 58 73 72 85 15 83 17 62 72 53 30 63 41 68 53 26 53 43 47 73 95 34 16 81 94 43 28 13 19 57 22 35 10 98 96 97 73 74 74 42 80 71 58 24 18 70 59 29 61 59 23 89 66 99 78 57 10 66 84 0 66 94 11 28 10 27 41 12 69 59 64 54 58 13 73 90 48 65 24 33 82 71 35 65
81 31 55 79 41 74 80 17 32 75 43 50 29 13 96 40 17 44 95 39 99 80 21 79 47 21 96 79 34 30 80 35 34 26 10 84 97 10 25 28 41 98 57 93 20 98 35 76 47 48 88 84 29 58 50 49 37 63 32 35 66 0 51 51 89 96 32 88 35 16 34 46 58 12 22 21 44 97 64 79 69 94 52 74 10
95 60 61 90 43 61 84 59 96 37 86 54 99 66 85 23 25 16 46 42 46 83 56 41 70 71 42 95 48 42 28 73 51 70 20 30 21 47 31 77 74 42 62 44 98 19 74 47 83 84 95 93 71 96 51 90 49 29 92 94 94 51 0 46 18 37 37 83 11 76 40 99 94 62 95 11 38 51 47 92 16 30 86 85 89
13 97 15 91 26 50 17 23 89 67 83 68 36 40 61 72 54 98 48 76 14 48 31 88 83 93 93 20 11 86 45 12 63 71 23 36 42 16 51 41 69 60 59 64 16 61 29 49 22 26 72 58 88 11 84 48 96 35 25 20 11 51 46 0 31 38 62 54 92 74 70 70 66 69 35 47 97 91 74 46 84 93 32 56 22
23 43 94 72 74 75 68 46 37 61 56 29 48 34 69 64 10 74 49 88 59 88 54 61 45 49 78 43 28 82 73 67 53 59 96 44 79 51 75 18 33 83 21 65 46 34 29 16 59 40 18 33 16 98 67 98 37 66 64 79 28 89 18 31 0 13 44 12 34 75 77 12 21 66 78 46 48 22 56 68 85 47 74 95 66
68 88 73 89 33 10 38 38 14 55 14 99 33 52 38 20 45 43 33 58 36 72 45 16 61 74 99 76 17 70 94 87 42 45 23 54 33 54 29 38 38 96 54 33 51 15 93 30 54 14 58 51 47 13 72 62 79 51 49 36 10 96 37 38 13 0 67 13 94 56 11 59 27 75 34 59 75 51 55 89 13 62 41 38 18
80 15 92 68 31 75 82 37 16 26 95 83 67 52 62 52 27 58 80 42 86 32 25 39 79 29 25 80 37 72 82 17 88 53 26 42 21 29 43 26 73 81 95 98 81 46 34 34 19 53 83 76 76 18 10 32 28 13 80 41 27 32 37 62 44 67 0 61 58 46 60 93 84 72 45 73 17 60 17 80 66 73 99 38 98
88 55 65 84 21 49 75 75 43 96 97 64 31 34 27 16 58 75 47 29 98 67 18 71 96 44 39 48 70 70 84 36 87 55 81 86 13 98 52 14 21 74 43 36 31 10 53 46 73 63 89 46 88 90 78 34 77 93 46 39 41 88 83 54 12 13 61 0 89 24 81 69 60 47 23 16 70 47 22 36 85 78 19 38 67
67 15 66 47 26 95 37 83 22 14 52 44 95 57 99 23 38 92 61 38 23 74 68 21 94 34 62 26 91 22 69 46 76 42 84 12 74 29 90 15 64 79 86 97 77 14 59 57 38 27 93 25 74 70 69 47 88 14 63 69 12 35 11 92 34 94 58 89 0 91 85 58 44 75 89 59 51 39 73 32 47 30 36 45 73
16 51 43 24 10 61 16 67 49 55 34 13 42 38 47 51 14 69 33 38 30 94 77 24 67 74 39 66 27 57 96 75 17 44 10 59 61 81 79 71 47 56 66 94 70 87 42 45 69 42 46 50 74 27 82 40 93 71 29 18 69 16 76 74 75 56 46 24 91 0 66 63 26 82 51 54 52 99 47 77 13 32 39 67 84
96 57 22 76 72 26 61 98 98 72 38 33 48 42 13 91 75 86 18 71 44 85 57 53 10 84 33 61 12 24 28 53 27 68 70 24 63 48 48 49 61 90 39 41 70 79 55 86 57 80 49 38 32 43 59 40 49 40 77 19 59 34 40 70 77 11 60 81 85 66 0 54 37 37 72 71 18 82 13 63 51 58 81 89 73
96 36 33 58 79 83 47 97 10 34 55 42 28 64 36 82 55 84 41 40 30 29 74 84 94 98 98 79 82 44 34 44 74 44 62 40 29 61 32 98 80 57 34 72 45 50 53 23 78 23 11 43 19 69 40 53 31 59 82 32 64 46 99 70 12 59 93 69 58 63 54 0 74 84 33 45 89 48 38 69 48 89 44 59 19
30 39 88 76 11 14 32 74 17 46 62 62 12 48 17 80 92 90 78 86 31 96 22 96 69 19 32 33 94 25 22 66 56 92 56 55 48 11 76 46 35 53 64 55 52 67 63 56 45 60 83 61 25 73 56 52 49 98 56 53 54 58 94 66 21 27 84 60 44 26 37 74 0 80 44 68 56 70 91 28 42 82 71 27 96
60 77 33 21 82 48 38 23 22 39 23 61 53 50 59 32 70 78 25 71 40 91 14 16 77 38 15 51 29 85 89 91 77 28 28 35 67 74 33 65 46 48 57 61 94 18 25 61 26 33 16 16 85 51 15 70 13 72 13 62 58 12 62 69 66 75 72 47 75 82 37 84 80 0 15 27 36 70 64 22 62 54 37 99 54
47 26 96 30 19 23 70 24 63 47 44 31 58 92 72 19 46 67 14 96 64 60 56 91 90 29 77 86 23 75 12 64 42 21 92 58 74 68 15 66 58 63 62 99 71 36 54 10 43 19 20 90 48 59 18 61 57 44 62 35 13 22 95 35 78 34 45 23 89 51 72 33 44 15 0 65 20 18 77 15 73 80 79 33 37
28 30 92 50 55 31 29 98 84 34 37 22 74 18 45 64 11 85 52 24 52 91 45 93 25 65 33 73 26 88 12 75 92 89 74 81 18 86 95 19 56 86 32 38 58 53 61 69 16 51 86 42 47 19 11 96 54 24 57 75 73 21 11 47 46 59 73 16 59 54 71 45 68 27 65 0 20 17 35 33 59 16 31 69 87
80 17 85 55 61 86 78 67 27 79 52 98 91 23 22 22 15 16 82 85 46 12 95 79 85 11 42 47 66 11 17 69 82 58 10 33 26 28 53 76 22 92 73 17 25 25 62 69 51 87 94 93 40 59 53 90 83 25 83 48 90 44 38 97 48 75 17 70 51 52 18 89 56 36 20 20 0 87 13 57 49 26 67 41 52
61 93 37 38 49 77 55 31 74 40 88 87 27 60 39 86 69 77 87 14 55 47 71 97 98 17 25 52 28 71 33 15 59 27 87 39 99 45 69 53 56 10 86 84 42 64 93 46 91 22 11 50 68 75 91 52 76 34 92 19 48 97 51 91 22 51 60 47 39 99 82 48 70 70 18 17 87 0 12 45 26 29 50 43 15
96 59 17 63 41 26 73 45 39 67 40 32 15 40 85 19 75 27 29 56 17 68 38 54 73 12 95 35 65 18 14 46 88 32 42 79 29 53 90 45 90 96 20 42 35 28 72 19 18 85 67 62 98 90 53 42 81 36 54 53 65 64 47 74 56 55 17 22 73 47 13 38 91 64 77 35 13 12 0 54 76 65 24 81 60
60 54 97 28 42 75 38 54 20 49 26 60 71 90 82 55 41 91 13 25 68 86 47 81 16 97 15 15 50 74 15 66 56 59 53 71 76 75 48 82 83 49 20 53 32 96 89 96 76 81 12 65 35 85 27 73 28 62 44 60 24 79 92 46 68 89 80 36 32 77 63 69 28 22 15 33 57 45 54 0 46 78 25 97 13
77 20 80 27 32 95 73 75 49 52 76 99 47 73 14 70 77 72 10 21 52 63 37 70 83 58 35 32 55 27 34 63 98 76 39 56 74 95 38 17 78 31 69 41 81 72 27 59 32 27 11 97 51 99 34 57 94 87 15 67 33 69 16 84 85 13 66 85 47 13 51 48 42 62 73 59 49 26 76 46 0 23 13 62 99
97 36 19 71 31 53 67 83 61 90 17 96 72 72 67 80 87 39 73 98 98 98 27 14 69 88 32 96 82 98 71 67 44 51 17 91 36 10 33 87 87 79 84 15 35 18 56 25 51 76 73 40 72 88 69 70 80 31 99 83 82 94 30 93 47 62 73 78 30 32 58 89 82 54 80 16 26 29 65 78 23 0 78 11 40
63 23 10 66 69 65 98 11 40 44 27 36 80 20 92 54 63 25 60 37 31 46 53 54 90 44 18 21 84 79 26 50 91 44 25 18 64 27 14 42 41 90 83 83 53 38 73 81 24 60 88 60 31 44 31 79 31 13 33 51 71 52 86 32 74 41 99 19 36 39 81 44 71 37 79 31 67 50 24 25 13 78 0 92 71
38 63 40 15 96 96 25 64 30 47 25 17 91 91 73 45 92 60 88 69 28 84 79 67 50 11 22 29 74 18 71 48 58 23 57 51 85 23 97 65 38 46 36 87 21 63 53 83 51 38 86 50 10 65 23 60 63 86 45 32 35 74 85 56 95 38 38 38 45 67 89 59 27 99 33 69 41 43 81 97 62 11 92 0 44
29 38 71 23 25 49 22 41 16 78 29 37 30 59 98 47 16 94 21 72 77 78 37 29 44 88 37 43 54 39 78 32 81 67 99 88 54 70 58 50 48 84 20 65 80 11 25 34 38 39 77 89 96 13 84 36 41 62 43 17 65 10 89 22 66 18 98 67 73 84 73 19 96 54 37 87 52 15 60 13 99 40 71 44 0