55
0 42 60 13 85 46 96 31 33 94 63 88 95 82 82 43 26 43 18 21 49 50 46 44 34 60 68 81 22 56 54 62 76 91 29 17 52 78 94 38 98 15 73 76 11 41 76 32 82 18 11 24 19 77 84
42 0 53 48 10 48 12 52 72 54 38 24 83 38 25 62 35 77 50 96 99 32 28 99 79 27 63 49 98 37 75 27 10 82 43 69 19 53 88 93 83 20 35 93 66 35 67 85 19 46 11 82 53 73 64
60 53 0 16 71 55 62 97 91 11 33 14 50 86 87 60 92 15 92 50 99 42 81 29 24 35 18 94 80 36 87 96 18 21 95 57 94 17 52 93 77 77 69 17 37 71 16 67 91 11 55 50 15 53 75
13 48 16 0 22 78 29 68 60 18 22 72 64 98 76 67 59 71 17 63 17 97 63 63 91 41 10 93 43 70 81 34 18 66 83 51 34 54 37 30 14 48 32 40 31 54 83 88 46 90 30 36 60 24 62
85 10 71 22 0 64 78 65 88 73 79 71 42 44 41 84 67 30 52 54 51 94 73 19 56 69 12 10 85 71 96 13 64 11 29 91 32 82 56 70 77 59 21 34 58 72 67 25 83 79 62 22 16 65 79
46 48 55 78 64 0 20 88 24 63 27 37 98 67 59 74 84 23 66 16 39 76 18 47 75 49 10 79 25 12 65 12 22 86 73 48 76 12 90 73 98 92 44 11 70 56 49 10 55 62 38 83 16 46 88
96 12 62 29 78 20 0 74 91 52 26 77 59 79 17 55 69 83 47 98 93 90 26 67 83 71 32 17 32 61 20 47 25 19 18 76 12 47 38 76 92 36 15 37 11 26 10 41 86 75 66 20 74 89 78
31 52 97 68 65 88 74 0 20 83 95 48 14 41 67 92 27 22 40 86 18 28 13 84 96 49 98 25 20 16 20 84 91 63 46 56 22 69 85 98 50 18 65 98 88 80 92 49 33 98 44 18 74 96 28
33 72 91 60 88 24 91 20 0 76 64 87 26 10 96 42 71 57 77 54 75 39 40 85 57 12 55 78 93 54 48 59 55 15 84 47 58 56 74 82 41 81 16 79 48 85 74 37 15 71 22 40 40 75 39
94 54 11 18 73 63 52 83 76 0 80 14 59 72 42 92 60 39 35 80 54 11 18 78 17 29 34 17 78 49 18 47 61 75 12 73 25 83 94 85 74 69 72 72 30 27 50 47 26 49 76 22 98 44 37
63 38 33 22 79 27 26 95 64 80 0 99 47 22 68 77 75 30 30 94 76 78 10 83 12 64 32 75 78 93 88 98 80 22 25 44 16 61 91 32 49 69 95 28 68 83 74 79 52 14 74 79 26 14 35
88 24 14 72 71 37 77 48 87 14 99 0 20 49 60 45 75 35 65 75 84 24 80 50 68 53 92 20 45 43 74 66 65 47 68 86 85 28 66 45 22 47 68 72 28 88 68 39 82 46 55 11 73 42 44
95 83 50 64 42 98 59 14 26 59 47 20 0 84 84 72 57 97 88 16 33 26 87 87 83 47 89 88 55 99 26 74 26 63 23 12 18 98 58 13 22 70 16 12 74 12 61 64 74 62 40 22 52 30 51
82 38 86 98 44 67 79 41 10 72 22 49 84 0 34 48 99 95 40 17 71 32 67 67 95 86 44 89 71 76 61 25 65 76 14 10 46 96 50 11 99 10 89 73 96 57 56 31 99 16 37 34 76 85 31
82 25 87 76 41 59 17 67 96 42 68 60 84 34 0 32 21 87 31 94 25 79 17 66 50 82 24 57 43 79 21 84 62 51 98 17 87 82 18 95 65 48 77 60 16 42 26 52 44 58 17 50 72 13 94
43 62 60 67 84 74 55 92 42 92 77 45 72 48 32 0 63 40 84 11 22 94 26 11 38 12 16 83 15 66 61 59 82 51 24 19 61 25 93 20 45 64 10 78 20 58 20 69 49 43 82 51 18 66 61
26 35 92 59 67 84 69 27 71 60 75 75 57 99 21 63 0 95 75 90 95 24 98 50 55 37 76 10 78 46 32 37 30 89 47 27 10 15 72 28 10 35 80 30 60 29 24 57 93 79 89 23 23 74 53
43 77 15 71 30 23 83 22 57 39 30 35 97 95 87 40 95 0 57 99 64 16 13 46 53 40 73 35 95 13 70 34 36 12 32 78 84 42 51 90 84 49 34 74 65 61 94 24 29 79 91 20 55 71 13
18 50 92 17 52 66 47 40 77 35 30 65 88 40 31 84 75 57 0 38 69 69 52 82 67 61 66 39 40 97 51 94 49 68 64 82 83 69 25 82 63 61 86 37 30 79 61 75 14 65 71 61 63 60 45
21 96 50 63 54 16 98 86 54 80 94 75 16 17 94 11 90 99 38 0 24 84 55 79 11 66 52 16 76 12 25 15 71 59 12 54 70 25 40 18 47 95 79 69 15 46 38 43 50 94 42 52 43 99 68
49 99 99 17 51 39 93 18 75 54 76 84 33 71 25 22 95 64 69 24 0 23 19 72 69 39 26 88 82 83 70 37 65 93 55 80 47 82 70 45 15 39 40 83 51 92 42 51 14 64 41 76 69 64 78
50 32 42 97 94 76 90 28 39 11 78 24 26 32 79 94 24 16 69 84 23 0 29 57 83 69 27 96 32 41 35 77 11 24 14 81 35 86 82 11 14 26 13 97 27 52 38 37 38 19 68 88 12 69 92
46 28 81 63 73 18 26 13 40 18 10 80 87 67 17 26 98 13 52 55 19 29 0 38 45 43 89 94 67 19 63 74 47 57 68 55 29 47 90 67 28 31 50 50 68 13 11 16 88 93 95 99 63 16 62
44 99 29 63 19 47 67 84 85 78 83 50 87 67 66 11 50 46 82 79 72 57 38 0 43 14 95 38 61 93 49 72 22 29 48 60 73 90 81 19 50 90 76 35 93 93 41 13 47 13 60 29 66 17 68
34 79 24 91 56 75 83 96 57 17 12 68 83 95 50 38 55 53 67 11 69 83 45 43 0 12 78 62 44 65 83 90 50 10 22 16 76 81 11 88 32 12 62 55 51 99 63 32 61 77 14 41 87 12 40
60 27 35 41 69 49 71 49 12 29 64 53 47 86 82 12 37 40 61 66 39 69 43 14 12 0 86 10 44 95 51 58 51 20 79 73 44 98 36 75 50 41 91 68 92 67 19 64 86 39 92 58 87 66 98
68 63 18 10 12 10 32 98 55 34 32 92 89 44 24 16 76 73 66 52 26 27 89 95 78 86 0 17 53 34 75 20 32 40 78 21 21 33 36 55 71 85 35 91 63 99 40 44 43 51 70 88 29 26 98
81 49 94 93 10 79 17 25 78 17 75 20 88 89 57 83 10 35 39 16 88 96 94 38 62 10 17 0 10 15 35 30 94 49 58 14 13 88 15 47 28 77 16 82 89 24 43 29 20 95 43 27 72 82 29
22 98 80 43 85 25 32 20 93 78 78 45 55 71 43 15 78 95 40 76 82 32 67 61 44 44 53 10 0 45 62 63 17 38 30 49 70 92 51 84 19 14 80 93 67 89 12 74 11 41 32 78 58 67 12
56 37 36 70 71 12 61 16 54 49 93 43 99 76 79 66 46 13 97 12 83 41 19 93 65 95 34 15 45 0 51 96 81 87 17 80 50 82 36 70 71 62 37 73 20 59 45 85 68 24 93 82 91 85 26
54 75 87 81 96 65 20 20 48 18 88 74 26 61 21 61 32 70 51 25 70 35 63 49 83 51 75 35 62 51 0 78 55 11 99 41 23 17 69 21 32 34 37 58 71 78 51 16 71 22 56 43 62 74 63
62 27 96 34 13 12 47 84 59 47 98 66 74 25 84 59 37 34 94 15 37 77 74 72 90 58 20 30 63 96 78 0 97 45 77 78 17 18 67 10 19 29 46 23 93 57 57 15 17 90 15 70 27 63 84
76 10 18 18 64 22 25 91 55 61 80 65 26 65 62 82 30 36 49 71 65 11 47 22 50 51 32 94 17 81 55 97 0 14 47 34 40 56 72 34 29 35 87 84 63 11 86 98 23 36 17 19 79 34 57
91 82 21 66 11 86 19 63 15 75 22 47 63 76 51 51 89 12 68 59 93 24 57 29 10 20 40 49 38 87 11 45 14 0 69 86 24 65 58 23 39 59 84 40 83 72 97 34 57 13 25 44 49 27 35
29 43 95 83 29 73 18 46 84 12 25 68 23 14 98 24 47 32 64 12 55 14 68 48 22 79 78 58 30 17 99 77 47 69 0 36 69 88 49 64 13 21 56 55 21 75 45 93 79 35 56 55 20 82 72
17 69 57 51 91 48 76 56 47 73 44 86 12 10 17 19 27 78 82 54 80 81 55 60 16 73 21 14 49 80 41 78 34 86 36 0 13 20 13 58 14 92 28 36 96 63 79 58 44 88 72 87 11 28 57
52 19 94 34 32 76 12 22 58 25 16 85 18 46 87 61 10 84 83 70 47 35 29 73 76 44 21 13 70 50 23 17 40 24 69 13 0 82 97 97 23 78 25 12 19 27 36 92 63 99 47 75 66 84 82
78 53 17 54 82 12 47 69 56 83 61 28 98 96 82 25 15 42 69 25 82 86 47 90 81 98 33 88 92 82 17 18 56 65 88 20 82 0 17 69 42 64 30 15 12 69 76 20 28 75 48 72 39 60 73
94 88 52 37 56 90 38 85 74 94 91 66 58 50 18 93 72 51 25 40 70 82 90 81 11 36 36 15 51 36 69 67 72 58 49 13 97 17 0 99 74 83 41 87 19 72 23 54 52 51 65 98 18 83 25
38 93 93 30 70 73 76 98 82 85 32 45 13 11 95 20 28 90 82 18 45 11 67 19 88 75 55 47 84 70 21 10 34 23 64 58 97 69 99 0 28 34 15 41 65 32 78 36 89 21 74 23 90 66 59
98 83 77 14 77 98 92 50 41 74 49 22 22 99 65 45 10 84 63 47 15 14 28 50 32 50 71 28 19 71 32 19 29 39 13 14 23 42 74 28 0 86 25 21 35 29 30 92 71 93 83 34 74 51 99
15 20 77 48 59 92 36 18 81 69 69 47 70 10 48 64 35 49 61 95 39 26 31 90 12 41 85 77 14 62 34 29 35 59 21 92 78 64 83 34 86 0 88 59 72 47 96 22 28 89 81 10 36 51 25
73 35 69 32 21 44 15 65 16 72 95 68 16 89 77 10 80 34 86 79 40 13 50 76 62 91 35 16 80 37 37 46 87 84 56 28 25 30 41 15 25 88 0 14 58 18 58 75 49 66 38 35 32 63 10
76 93 17 40 34 11 37 98 79 72 28 72 12 73 60 78 30 74 37 69 83 97 50 35 55 68 91 82 93 73 58 23 84 40 55 36 12 15 87 41 21 59 14 0 81 97 92 92 96 26 79 57 96 53 82
11 66 37 31 58 70 11 88 48 30 68 28 74 96 16 20 60 65 30 15 51 27 68 93 51 92 63 89 67 20 71 93 63 83 21 96 19 12 19 65 35 72 58 81 0 38 91 58 69 70 86 60 81 38 12
41 35 71 54 72 56 26 80 85 27 83 88 12 57 42 58 29 61 79 46 92 52 13 93 99 67 99 24 89 59 78 57 11 72 75 63 27 69 72 32 29 47 18 97 38 0 30 85 86 93 77 44 44 14 19
76 67 16 83 67 49 10 92 74 50 74 68 61 56 26 20 24 94 61 38 42 38 11 41 63 19 40 43 12 45 51 57 86 97 45 79 36 76 23 78 30 96 58 92 91 30 0 68 67 24 73 34 69 45 49
32 85 67 88 25 10 41 49 37 47 79 39 64 31 52 69 57 24 75 43 51 37 16 13 32 64 44 29 74 85 16 15 98 34 93 58 92 20 54 36 92 22 75 92 58 85 68 0 18 43 40 46 78 60 86
82 19 91 46 83 55 86 33 15 26 52 82 74 99 44 49 93 29 14 50 14 38 88 47 61 86 43 20 11 68 71 17 23 57 79 44 63 28 52 89 71 28 49 96 69 86 67 18 0 61 95 43 45 23 36
18 46 11 90 79 62 75 98 71 49 14 46 62 16 58 43 79 79 65 94 64 19 93 13 77 39 51 95 41 24 22 90 36 13 35 88 99 75 51 21 93 89 66 26 70 93 24 43 61 0 60 69 11 79 38
11 11 55 30 62 38 66 44 22 76 74 55 40 37 17 82 89 91 71 42 41 68 95 60 14 92 70 43 32 93 56 15 17 25 56 72 47 48 65 74 83 81 38 79 86 77 73 40 95 60 0 44 58 77 26
24 82 50 36 22 83 20 18 40 22 79 11 22 34 50 51 23 20 61 52 76 88 99 29 41 58 88 27 78 82 43 70 19 44 55 87 75 72 98 23 34 10 35 57 60 44 34 46 43 69 44 0 58 25 16
19 53 15 60 16 16 74 74 40 98 26 73 52 76 72 18 23 55 63 43 69 12 63 66 87 87 29 72 58 91 62 27 79 49 20 11 66 39 18 90 74 36 32 96 81 44 69 78 45 11 58 58 0 46 90
77 73 53 24 65 46 89 96 75 44 14 42 30 85 13 66 74 71 60 99 64 69 16 17 12 66 26 82 67 85 74 63 34 27 82 28 84 60 83 66 51 51 63 53 38 14 45 60 23 79 77 25 46 0 40
84 64 75 62 79 88 78 28 39 37 35 44 51 31 94 61 53 13 45 68 78 92 62 68 40 98 98 29 12 26 63 84 57 35 72 57 82 73 25 59 99 25 10 82 12 19 49 86 36 38 26 16 90 40 0