130
0 75 79 52 84 97 77 18 83 41 25 67 66 56 45 72 70 50 62 11 34 68 74 30 11 74 47 79 59 32 77 74 82 57 47 28 69 23 54 10 91 22 10 25 96 86 37 72 22 36 90 91 78 75 51 20 10 84 34 24 16 87 64 58 92 42 47 11 11 22 56 45 77 80 31 97 37 39 68 54 71 18 74 18 41 51 43 10 40 31 14 16 11 44 65 11 36 39 42 43 41 93 11 27 76 17 33 80 26 98 86 49 65 87 12 33 85 48 55 48 75 79 66 96 14 36 73 82 79 48
75 0 14 89 77 84 92 95 15 71 88 21 23 35 62 96 62 20 30 78 83 43 66 47 31 67 26 46 54 89 52 85 59 38 35 75 63 87 90 21 67 35 37 99 49 14 13 73 46 75 67 44 98 90 13 85 57 43 34 12 93 97 42 74 45 74 52 32 29 92 74 64 70 40 31 45 63 33 53 38 86 23 59 73 30 70 37 27 93 79 87 19 80 84 13 13 23 52 37 90 95 88 32 63 94 27 28 39 33 11 89 67 97 63 49 12 15 24 61 64 21 35 49 80 50 12 23 59 44 73
79 14 0 96 80 72 20 67 74 18 10 38 83 87 76 86 57 41 91 99 46 85 94 38 43 38 26 47 65 69 94 96 84 57 46 86 94 65 86 27 75 11 32 46 41 50 18 28 22 45 97 86 31 84 13 45 28 20 13 37 71 64 13 10 50 95 32 48 56 73 81 60 62 60 98 25 15 14 21 80 73 98 54 57 58 13 12 69 80 12 16 91 86 22 54 11 39 85 27 14 31 85 52 53 86 52 74 19 67 78 33 57 76 58 14 56 92 43 85 93 28 90 45 73 37 98 18 12 73 98
52 89 96 0 61 69 27 40 93 59 51 12 67 53 92 24 77 85 53 59 67 38 45 50 43 62 71 59 64 96 50 62 99 77 28 41 66 38 90 30 87 51 27 90 84 90 11 11 14 26 17 46 14 89 79 60 89 52 44 30 93 17 71 57 33 35 69 51 32 65 52 57 37 83 24 46 17 92 20 34 13 20 10 47 23 66 98 94 29 33 48 77 74 79 39 89 23 14 45 32 57 68 57 29 10 47 65 57 46 30 52 54 49 94 61 28 67 84 14 84 73 83 93 94 55 53 33 58 24 24
84 77 80 61 0 41 76 85 47 59 53 87 41 65 31 96 60 57 10 73 12 30 83 41 44 86 38 20 46 81 48 52 92 39 79 11 97 43 14 71 65 69 42 37 59 24 92 60 48 17 22 14 43 76 41 17 96 56 14 70 35 97 46 20 70 73 58 73 47 75 35 62 64 11 99 42 25 88 31 36 90 27 25 67 66 41 93 92 13 68 34 58 90 32 28 97 95 71 28 34 56 85 54 38 42 65 26 51 29 66 97 28 86 22 12 33 27 38 24 75 91 27 79 10 95 29 77 99 27 86
97 84 72 69 41 0 16 54 16 28 54 55 51 65 43 69 18 61 16 52 16 97 16 76 90 98 14 13 36 95 18 83 25 59 64 41 27 63 77 22 51 41 62 23 58 55 31 32 58 89 86 32 21 50 61 33 13 80 36 66 84 51 52 82 39 61 62 88 18 97 44 46 72 76 18 28 35 49 99 96 96 43 64 25 71 70 56 43 98 46 58 41 65 71 85 63 84 75 88 82 46 24 88 35 59 77 47 79 12 74 14 39 28 90 88 53 69 51 11 75 66 58 88 28 45 92 28 56 64 13
77 92 20 27 76 16 0 58 42 29 79 88 74 13 56 89 63 51 99 64 17 86 84 69 14 95 29 99 31 76 21 73 51 64 55 38 41 94 61 12 48 22 62 94 42 94 91 15 87 67 75 67 11 36 94 95 72 47 64 21 97 57 67 52 71 92 97 94 34 94 49 28 48 81 91 24 76 29 27 19 67 50 77 56 37 61 90 55 97 26 10 36 76 95 64 47 31 33 70 71 25 91 37 61 21 27 87 25 84 70 70 74 99 55 68 41 67 26 97 91 53 58 20 33 16 25 24 30 70 30
18 95 67 40 85 54 58 0 92 94 93 20 73 96 79 10 58 64 93 73 13 48 97 16 64 39 49 27 31 47 58 90 22 90 28 68 26 82 99 68 67 52 34 48 69 56 12 13 26 22 51 20 50 50 65 76 93 26 88 18 19 83 11 24 77 45 58 88 46 47 78 25 66 11 86 52 13 39 39 45 95 28 17 73 72 81 38 75 18 74 90 98 67 73 21 44 77 38 43 96 32 98 24 20 79 16 90 77 31 26 85 37 38 54 17 37 21 25 30 76 65 34 96 47 42 24 69 80 55 26
83 15 74 93 47 16 42 92 0 88 82 88 99 28 54 92 76 63 52 17 80 49 84 90 21 85 52 60 53 72 28 43 43 95 57 48 54 86 61 26 47 44 85 22 70 61 63 21 44 59 64 32 40 63 41 96 28 84 91 24 16 66 39 51 18 37 61 16 14 58 47 83 18 97 80 41 14 68 21 40 94 49 42 10 91 83 85 34 85 88 77 17 31 16 51 95 43 70 52 23 14 24 25 59 74 79 36 11 77 84 67 95 94 95 25 34 45 43 77 62 15 46 85 84 95 45 92 56 73 59
41 71 18 59 59 28 29 94 88 0 75 87 42 23 62 63 57 82 71 92 10 18 70 13 95 81 76 47 45 23 82 95 92 89 70 53 62 59 72 83 83 44 49 10 76 89 65 35 79 35 94 40 69 47 47 54 10 57 36 68 22 41 55 35 30 41 27 98 87 87 52 15 34 63 81 60 44 43 36 85 87 71 75 32 47 93 31 39 89 49 15 69 90 60 35 63 90 97 38 50 53 75 66 50 28 91 47 29 34 10 62 40 78 44 27 14 40 29 15 30 76 52 28 75 13 26 78 25 80 10
25 88 10 51 53 54 79 93 82 75 0 10 34 11 21 80 97 22 83 24 96 13 18 46 69 81 97 62 17 52 94 99 42 19 61 32 69 30 63 48 76 28 87 81 61 82 28 99 17 55 80 81 64 78 94 99 20 17 36 20 70 34 19 87 34 59 86 21 45 86 85 21 69 40 84 58 59 77 73 99 76 10 63 44 75 87 57 83 38 74 27 35 46 23 89 51 24 37 58 85 60 38 47 47 21 95 36 17 73 92 70 53 91 74 60 20 10 47 35 32 78 95 70 65 59 98 52 78 83 10
67 21 38 12 87 55 88 20 88 87 10 0 39 37 16 23 15 40 15 83 88 69 56 61 71 49 50 65 15 44 54 86 83 77 20 35 34 23 55 23 19 81 35 86 68 95 22 33 40 92 53 20 92 14 16 51 74 98 76 23 13 76 29 54 72 62 70 93 71 18 35 10 40 19 57 23 53 62 95 88 35 24 41 60 25 73 17 41 52 97 12 10 69 26 59 60 54 67 95 27 50 95 21 98 90 36 13 34 93 16 95 92 66 52 52 52 92 40 46 71 75 18 10 26 27 96 23 31 33 74
66 23 83 67 41 51 74 73 99 42 34 39 0 15 86 81 80 62 45 91 30 91 50 44 39 86 38 12 21 28 15 35 34 62 95 71 38 99 46 76 72 91 19 88 15 54 39 74 17 77 85 58 15 27 25 48 81 24 16 92 62 43 35 30 58 99 51 82 76 77 84 13 19 15 76 40 39 13 33 72 58 11 14 99 62 63 63 84 56 89 43 68 65 50 65 75 55 61 60 93 32 72 52 29 70 73 95 84 16 20 70 91 65 66 55 70 64 55 98 58 16 91 30 81 51 34 34 21 41 71
56 35 87 53 65 65 13 96 28 23 11 37 15 0 20 20 60 63 58 53 32 26 55 71 78 19 73 66 49 33 36 83 71 69 83 31 68 97 56 20 19 24 40 24 54 20 92 80 56 98 68 94 98 62 18 59 12 82 66 15 55 35 48 84 83 58 70 50 77 83 74 83 20 49 57 19 24 75 69 22 73 89 98 53 36 81 53 83 71 84 93 36 86 99 51 95 15 21 51 73 34 43 83 54 91 11 43 88 97 66 89 77 18 80 18 63 80 68 66 90 36 37 92 21 16 71 96 84 63 20
45 62 76 92 31 43 56 79 54 62 21 16 86 20 0 75 77 45 64 82 47 74 57 54 32 60 45 64 95 22 80 15 99 92 49 58 77 86 19 44 56 81 16 62 22 81 78 67 68 88 85 49 81 60 13 42 59 51 84 58 40 99 12 20 98 91 64 59 42 68 27 50 59 35 51 50 48 24 72 36 22 66 57 33 85 40 40 52 69 50 30 97 25 76 24 95 59 22 31 97 80 77 94 11 89 52 23 59 35 76 69 33 30 43 23 46 49 95 77 15 87 72 83 56 70 64 39 16 51 44
72 96 86 24 96 69 89 10 92 63 80 23 81 20 75 0 78 44 48 75 20 63 82 66 66 84 58 98 62 29 48 75 42 49 40 31 23 25 88 74 20 87 64 23 33 57 20 69 24 36 77 25 29 18 24 18 98 94 79 73 49 65 50 52 68 54 96 38 50 62 45 43 90 98 67 18 34 89 70 65 18 16 74 78 95 95 38 93 85 85 36 37 96 20 50 73 39 99 19 70 93 57 48 46 90 16 60 58 85 45 21 96 46 72 92 38 82 97 26 35 23 17 84 90 57 88 41 91 25 40
70 62 57 77 60 18 63 58 76 57 97 15 80 60 77 78 0 93 80 25 49 25 62 61 17 82 10 76 12 79 55 74 89 95 21 44 84 53 94 97 31 83 42 49 29 39 27 83 78 35 69 11 33 60 49 56 49 86 16 96 38 35 87 82 49 91 53 56 39 71 48 55 88 16 21 18 30 47 22 68 61 91 41 70 21 62 79 37 45 79 63 86 40 73 13 97 95 23 85 57 71 30 63 29 64 58 75 63 85 82 39 84 21 35 85 20 80 97 28 12 85 91 70 51 40 58 79 47 61 44
50 20 41 85 57 61 51 64 63 82 22 40 62 63 45 44 93 0 71 26 40 53 94 61 47 13 61 13 48 99 54 21 50 92 51 38 39 42 93 62 43 87 52 52 28 74 98 60 28 13 31 13 59 84 29 22 21 54 24 80 82 24 54 74 57 71 14 56 76 57 33 89 81 76 57 46 53 70 18 96 46 44 59 26 69 19 91 29 29 66 81 34 11 26 63 76 78 60 79 10 51 68 36 63 86 25 57 81 26 74 28 65 64 89 74 84 87 94 10 58 62 78 61 36 15 14 46 21 33 37
62 30 91 53 10 16 99 93 52 71 83 15 45 58 64 48 80 71 0 65 41 98 21 60 19 59 61 71 19 39 66 38 32 41 83 52 89 96 44 64 95 89 58 69 13 24 71 64 25 88 27 83 46 54 76 37 25 44 90 55 30 14 96 22 16 87 39 48 77 98 58 64 51 67 59 27 83 78 68 22 51 55 25 44 97 41 25 24 75 95 46 51 75 40 98 33 50 21 92 75 61 85 73 96 48 49 67 22 64 84 58 20 74 18 42 55 43 39 68 47 42 76 11 19 50 79 19 30 96 17
11 78 99 59 73 52 64 73 17 92 24 83 91 53 82 75 25 26 65 0 84 85 12 62 24 38 62 42 24 46 92 91 70 36 50 70 14 69 98 67 55 94 73 91 68 87 93 35 60 61 80 43 96 52 97 18 34 61 56 84 38 80 99 82 12 99 84 41 74 36 68 37 20 15 30 21 47 63 63 53 26 66 73 82 80 23 75 23 63 94 83 65 20 47 15 73 99 38 51 42 20 72 90 22 76 28 19 27 55 96 85 76 68 73 62 78 81 56 93 98 11 20 30 82 79 36 95 91 92 76
34 83 46 67 12 16 17 13 80 10 96 88 30 32 47 20 49 40 41 84 0 38 76 22 21 35 72 21 43 12 48 31 30 27 47 17 58 61 40 42 55 57 91 52 92 58 75 61 56 75 21 28 27 74 19 33 17 87 94 70 79 37 79 66 96 39 68 30 24 64 96 17 10 42 68 16 88 61 41 29 31 35 78 57 17 28 11 84 23 38 75 37 98 70 63 18 23 81 15 95 91 68 59 73 39 78 77 93 85 84 18 37 46 95 26 36 47 18 99 49 51 25 76 24 79 71 65 14 10 27
68 43 85 38 30 97 86 48 49 18 13 69 91 26 74 63 25 53 98 85 38 0 69 62 86 60 60 42 46 53 82 14 61 84 39 75 99 66 73 70 45 52 33 46 95 12 62 78 50 86 38 17 82 12 10 10 32 55 82 13 67 62 34 60 56 34 79 56 25 91 89 94 51 29 71 22 68 43 86 25 18 71 39 18 29 49 86 89 83 54 78 29 70 40 80 62 12 96 87 98 63 96 80 65 22 67 39 51 78 42 46 30 64 62 61 43 63 16 50 11 70 24 93 86 69 76 26 29 28 40
74 66 94 45 83 16 84 97 84 70 18 56 50 55 57 82 62 94 21 12 76 69 0 88 16 21 12 92 40 10 55 56 24 75 55 55 16 13 93 81 59 49 65 38 23 72 93 68 78 20 57 10 40 89 64 86 37 70 60 63 36 98 85 90 53 26 37 10 59 48 84 80 18 11 25 42 47 27 18 28 86 60 32 34 22 26 30 27 58 59 92 55 73 67 89 52 63 90 92 28 24 12 18 83 73 93 43 56 89 31 17 84 20 94 30 64 86 67 67 11 73 29 69 60 79 51 66 31 23 66
30 47 38 50 41 76 69 16 90 13 46 61 44 71 54 66 61 61 60 62 22 62 88 0 53 38 97 40 59 63 75 59 41 38 24 44 85 72 73 35 32 55 67 24 55 62 72 92 26 79 29 29 54 37 38 92 59 68 20 98 39 98 72 35 65 35 57 92 92 36 47 12 68 45 18 17 63 10 96 32 74 94 98 77 60 71 17 80 98 97 76 46 87 43 33 26 32 29 15 73 90 27 42 75 36 88 92 97 47 72 36 89 55 31 91 15 78 73 88 17 51 65 36 74 10 37 43 16 62 81
11 31 43 43 44 90 14 64 21 95 69 71 39 78 32 66 17 47 19 24 21 86 16 53 0 24 34 23 93 87 12 79 47 74 99 91 18 35 87 40 55 20 18 95 44 97 80 71 60 36 78 18 84 78 64 68 86 58 42 76 95 10 10 65 29 50 65 82 44 34 14 76 13 74 84 79 99 14 85 91 46 92 35 94 85 45 32 92 54 60 70 31 95 32 28 17 12 29 12 87 29 75 16 64 98 89 83 40 17 66 98 34 58 84 91 94 24 33 68 97 54 84 13 15 50 87 28 58 49 22
74 67 38 62 86 98 95 39 85 81 81 49 86 19 60 84 82 13 59 38 35 60 21 38 24 0 23 72 35 21 35 70 13 44 35 44 85 82 74 59 69 33 77 90 20 49 41 35 60 28 44 99 30 84 64 40 26 18 48 34 10 90 54 64 38 97 54 67 33 80 30 59 16 51 25 88 76 38 36 40 59 57 34 96 12 26 69 33 65 99 55 51 93 14 35 63 53 43 75 46 33 62 88 29 41 70 82 55 89 11 73 72 93 67 98 69 54 18 32 53 84 73 53 71 81 77 26 23 71 42
47 26 26 71 38 14 29 49 52 76 97 50 38 73 45 58 10 61 61 62 72 60 12 97 34 23 0 35 36 63 81 56 83 80 51 26 13 58 14 53 29 49 60 23 60 48 44 37 48 86 18 81 17 48 86 86 79 25 36 30 28 96 49 21 10 54 13 10 16 57 89 40 18 45 83 76 76 33 93 75 68 89 65 37 17 61 27 62 43 48 87 57 14 38 45 59 83 53 23 62 14 41 27 18 67 59 61 93 21 77 43 36 68 85 55 63 98 21 98 56 56 32 20 45 98 21 78 55 42 39
79 46 47 59 20 13 99 27 60 47 62 65 12 66 64 98 76 13 71 42 21 42 92 40 23 72 35 0 37 78 18 17 23 36 32 51 77 56 56 39 88 13 68 14 15 30 23 74 16 34 87 21 66 24 90 59 49 10 87 51 36 78 35 53 84 85 89 60 83 73 76 58 22 35 29 44 65 99 64 82 75 66 58 95 32 44 62 42 64 27 49 81 20 55 64 59 87 93 79 96 66 26 14 81 63 17 37 89 30 70 12 51 49 16 51 88 15 96 74 12 82 27 53 59 36 42 56 78 67 41
59 54 65 64 46 36 31 31 53 45 17 15 21 49 95 62 12 48 19 24 43 46 40 59 93 35 36 37 0 79 63 46 36 85 16 63 94 15 18 47 61 15 15 37 11 50 60 96 62 39 81 37 15 76 16 65 98 75 80 56 82 97 39 26 36 95 80 96 84 55 35 77 31 33 75 20 53 74 72 85 37 74 17 22 64 84 58 61 33 17 97 60 59 26 22 40 29 51 43 66 24 58 62 62 79 18 69 25 87 63 21 23 69 65 83 90 51 35 90 61 24 95 23 83 36 22 49 69 41 93
32 89 69 96 81 95 76 47 72 23 52 44 28 33 22 29 79 99 39 46 12 53 10 63 87 21 63 78 79 0 47 90 44 18 84 42 88 22 62 49 58 40 15 59 37 26 43 65 55 29 98 40 91 44 72 20 69 96 83 21 71 42 45 39 81 44 72 74 37 52 27 26 33 43 46 33 57 50 32 95 50 77 43 29 48 32 75 31 46 66 35 90 74 72 40 69 86 24 52 43 92 38 38 95 40 69 43 46 17 35 27 14 19 69 70 79 55 50 25 18 43 37 96 57 19 36 53 29 56 76
77 52 94 50 48 18 21 58 28 82 94 54 15 36 80 48 55 54 66 92 48 82 55 75 12 35 81 18 63 47 0 81 20 69 59 73 41 42 43 79 38 52 81 94 99 85 94 22 51 92 25 84 86 70 59 92 12 52 22 18 28 32 14 13 69 50 69 10 41 75 76 96 69 87 86 49 84 38 85 32 98 76 38 83 28 61 59 11 88 28 23 25 30 81 14 94 48 76 34 16 43 58 43 30 49 37 46 56 71 76 74 74 32 88 74 82 83 21 42 88 17 86 41 78 30 22 13 26 54 51
74 85 96 62 52 83 73 90 43 95 99 86 35 83 15 75 74 21 38 91 31 14 56 59 79 70 56 17 46 90 81 0 15 59 74 66 21 75 25 24 24 38 39 59 98 16 30 18 20 33 29 33 47 19 34 51 83 22 41 76 14 25 34 20 64 91 62 97 78 70 77 97 63 48 48 59 32 43 45 57 61 81 82 96 10 77 78 82 63 65 77 53 59 51 88 89 66 30 68 34 28 93 77 78 46 55 96 11 14 34 22 83 52 63 37 13 83 73 17 97 58 99 50 60 81 65 86 44 41 51
82 59 84 99 92 25 51 22 43 92 42 83 34 71 99 42 89 50 32 70 30 61 24 41 47 13 83 23 36 44 20 15 0 41 36 34 11 54 44 21 37 25 76 35 85 49 46 17 34 37 60 76 12 60 79 50 10 11 48 79 57 99 35 12 55 47 81 78 78 83 20 56 40 86 60 39 10 27 54 84 47 84 90 41 72 75 22 24 84 15 94 19 74 48 36 28 50 80 29 80 75 17 92 67 14 90 15 17 53 67 75 34 31 44 33 25 93 55 62 42 29 32 99 94 84 96 75 51 55 59
57 38 57 77 39 59 64 90 95 89 19 77 62 69 92 49 95 92 41 36 27 84 75 38 74 44 80 36 85 18 69 59 41 0 60 95 30 95 99 12 27 52 22 64 95 72 68 61 47 32 55 30 10 69 44 85 40 90 19 37 84 27 47 37 20 62 20 41 36 81 88 75 38 70 51 18 66 90 57 73 86 86 61 17 30 72 81 48 49 77 94 57 14 11 94 87 95 99 72 94 65 48 76 32 68 40 29 48 99 46 78 37 36 39 16 40 20 81 70 83 84 30 79 95 37 73 67 41 31 37
47 35 46 28 79 64 55 28 57 70 61 20 95 83 49 40 21 51 83 50 47 39 55 24 99 35 51 32 16 84 59 74 36 60 0 55 31 41 41 41 99 36 71 73 74 97 25 88 92 77 61 95 58 32 13 95 73 91 60 57 72 49 24 81 34 80 90 46 44 82 38 83 76 28 93 67 33 90 47 42 50 62 73 25 25 66 98 42 37 31 21 29 13 70 64 91 34 27 44 83 33 16 60 49 95 31 42 82 94 49 24 96 66 69 10 78 89 81 73 67 10 23 35 91 11 18 87 66 30 73
28 75 86 41 11 41 38 68 48 53 32 35 71 31 58 31 44 38 52 70 17 75 55 44 91 44 26 51 63 42 73 66 34 95 55 0 85 26 54 71 13 92 15 42 45 90 16 97 67 95 43 72 81 49 76 35 91 34 52 98 82 23 86 47 76 84 22 41 79 50 47 94 95 66 34 65 59 80 51 38 34 86 44 40 46 56 51 54 76 18 21 42 81 56 50 91 62 36 56 62 90 73 24 89 13 24 15 69 91 63 73 33 71 85 55 87 47 96 50 39 94 13 14 24 72 80 46 46 80 72
69 63 94 66 97 27 41 26 54 62 69 34 38 68 77 23 84 39 89 14 58 99 16 85 18 85 13 77 94 88 41 21 11 30 31 85 0 72 71 27 58 98 30 26 89 11 45 64 35 70 78 29 21 14 29 39 39 72 76 77 80 46 23 46 43 32 83 74 50 54 69 14 21 89 63 13 95 57 87 33 47 72 30 52 76 99 43 19 36 63 80 71 24 24 15 69 30 19 57 46 22 51 25 10 57 19 28 83 50 27 76 19 39 12 48 95 34 32 14 42 32 17 87 34 72 68 65 18 56 56
23 87 65 38 43 63 94 82 86 59 30 23 99 97 86 25 53 42 96 69 61 66 13 72 35 82 58 56 15 22 42 75 54 95 41 26 72 0 46 96 63 96 61 79 13 86 89 98 69 88 51 61 60 62 13 79 54 22 46 74 81 47 96 40 41 85 47 44 27 19 16 13 33 65 42 70 91 62 77 99 23 90 96 33 19 57 83 81 85 50 66 85 83 58 37 70 22 48 91 47 49 83 22 96 23 15 81 97 62 11 72 39 75 61 50 64 93 74 42 28 10 18 19 90 23 30 48 70 87 81
54 90 86 90 14 77 61 99 61 72 63 55 46 56 19 88 94 93 44 98 40 73 93 73 87 74 14 56 18 62 43 25 44 99 41 54 71 46 0 20 83 76 57 69 79 77 81 25 16 90 54 94 62 72 23 90 15 67 52 32 93 12 96 79 72 74 28 77 19 76 85 89 87 15 30 69 17 38 11 71 65 75 57 92 69 26 81 84 80 27 85 61 23 13 94 80 56 48 43 62 23 20 74 86 14 20 97 35 46 71 15 74 12 29 63 33 55 49 60 10 90 95 94 32 44 64 61 98 98 70
10 21 27 30 71 22 12 68 26 83 48 23 76 20 44 74 97 62 64 67 42 70 81 35 40 59 53 39 47 49 79 24 21 12 41 71 27 96 20 0 33 15 10 26 81 26 31 63 80 88 17 59 38 98 91 22 68 78 71 83 80 28 99 73 11 88 34 54 32 67 25 19 24 76 97 34 25 87 56 38 18 31 15 54 13 37 81 28 77 84 25 10 29 87 19 30 89 75 19 87 14 52 25 89 33 23 46 72 61 56 32 23 88 51 16 15 50 48 18 65 46 49 40 97 95 20 35 50 77 55
91 67 75 87 65 51 48 67 47 83 76 19 72 19 56 20 31 43 95 55 55 45 59 32 55 69 29 88 61 58 38 24 37 27 99 13 58 63 83 33 0 88 89 42 46 81 58 28 42 78 89 62 29 34 52 72 71 77 93 55 64 96 60 33 94 38 18 48 52 95 72 10 59 27 26 58 13 82 31 45 46 39 29 20 91 17 73 58 77 79 65 73 94 55 41 79 94 57 94 31 91 59 57 31 40 84 52 53 17 89 62 61 73 53 43 88 81 98 77 42 33 89 72 55 58 11 46 24 92 98
22 35 11 51 69 41 22 52 44 44 28 81 91 24 81 87 83 87 89 94 57 52 49 55 20 33 49 13 15 40 52 38 25 52 36 92 98 96 76 15 88 0 71 93 59 99 82 68 17 30 67 83 84 14 99 53 79 86 39 55 84 39 92 60 25 48 80 35 99 56 74 60 43 18 12 52 76 19 82 31 40 12 32 71 78 97 88 60 63 78 52 94 32 88 71 67 19 56 15 47 27 31 38 23 80 28 25 73 79 12 70 76 49 90 65 72 67 60 24 52 18 45 15 26 55 31 44 84 30 45
10 37 32 27 42 62 62 34 85 49 87 35 19 40 16 64 42 52 58 73 91 33 65 67 18 77 60 68 15 15 81 39 76 22 71 15 30 61 57 10 89 71 0 30 28 40 71 85 62 11 51 36 19 95 37 14 31 69 92 95 66 56 22 80 31 63 35 12 87 71 45 29 10 70 48 33 60 80 22 11 76 21 92 90 11 45 64 89 13 96 47 87 53 19 91 74 47 65 51 13 25 21 70 52 71 57 97 37 99 94 32 98 84 41 75 30 90 45 78 73 71 63 59 94 93 59 95 17 29 79
25 99 46 90 37 23 94 48 22 10 81 86 88 24 62 23 49 52 69 91 52 46 38 24 95 90 23 14 37 59 94 59 35 64 73 42 26 79 69 26 42 93 30 0 87 87 14 20 56 30 91 27 39 66 61 93 60 35 41 96 85 75 96 71 21 69 96 95 43 22 96 22 58 80 23 13 82 32 58 38 10 11 29 76 90 96 37 96 15 56 40 58 28 59 50 54 23 16 12 40 12 31 28 73 85 82 78 89 65 18 22 17 78 81 24 34 42 23 67 12 76 43 89 60 40 78 42 87 16 17
96 49 41 84 59 58 42 69 70 76 61 68 15 54 22 33 29 28 13 68 92 95 23 55 44 20 60 15 11 37 99 98 85 95 74 45 89 13 79 81 46 59 28 87 0 53 51 78 19 86 65 85 52 94 73 81 97 67 92 12 16 37 75 15 55 50 11 68 69 12 12 80 88 94 37 35 68 24 84 66 67 31 25 87 63 70 77 78 58 24 85 34 27 80 16 60 34 64 40 83 30 62 26 18 76 98 56 69 41 59 94 75 60 87 96 10 86 53 49 82 68 32 45 48 71 60 99 73 52 78
86 14 50 90 24 55 94 56 61 89 82 95 54 20 81 57 39 74 24 87 58 12 72 62 97 49 48 30 50 26 85 16 49 72 97 90 11 86 77 26 81 99 40 87 53 0 94 55 24 55 66 42 67 62 49 58 44 58 70 76 89 70 20 31 31 88 29 86 27 35 23 64 17 22 51 99 96 36 57 69 10 63 55 98 23 80 94 61 72 92 76 59 28 77 99 63 68 87 42 31 83 83 46 90 81 40 97 55 72 15 12 92 39 81 35 94 48 99 53 35 69 16 90 34 29 55 93 74 94 19
37 13 18 11 92 31 91 12 63 65 28 22 39 92 78 20 27 98 71 93 75 62 93 72 80 41 44 23 60 43 94 30 46 68 25 16 45 89 81 31 58 82 71 14 51 94 0 87 35 70 74 26 23 30 96 38 81 15 46 42 85 17 16 78 72 91 13 31 91 83 31 31 50 34 52 23 89 64 98 25 34 60 22 17 22 65 41 77 29 38 41 59 92 90 23 69 81 63 34 25 37 36 50 81 13 64 24 92 21 46 33 22 53 24 57 38 45 26 86 20 17 77 42 18 48 68 30 41 67 50
72 73 28 11 60 32 15 13 21 35 99 33 74 80 67 69 83 60 64 35 61 78 68 92 71 35 37 74 96 65 22 18 17 61 88 97 64 98 25 63 28 68 85 20 78 55 87 0 44 71 45 17 74 49 90 27 67 42 85 91 85 81 90 49 37 93 50 79 87 39 85 24 28 12 41 19 96 60 23 23 84 74 63 51 23 68 78 32 73 82 87 65 42 16 38 34 57 99 14 41 68 33 48 97 55 99 27 80 35 94 27 93 33 45 13 76 44 17 38 83 82 19 37 71 66 47 37 90 96 42
22 46 22 14 48 58 87 26 44 79 17 40 17 56 68 24 78 28 25 60 56 50 78 26 60 60 48 16 62 55 51 20 34 47 92 67 35 69 16 80 42 17 62 56 19 24 35 44 0 93 30 65 96 97 62 34 21 64 20 94 25 63 34 12 27 15 37 21 69 29 69 21 21 72 17 34 68 75 43 69 46 41 48 39 17 75 49 69 17 79 72 58 40 89 51 85 27 30 13 92 52 91 30 77 27 96 14 52 66 10 84 89 45 95 37 76 60 61 11 86 92 14 18 55 48 89 82 90 33 19
36 75 45 26 17 89 67 22 59 35 55 92 77 98 88 36 35 13 88 61 75 86 20 79 36 28 86 34 39 29 92 33 37 32 77 95 70 88 90 88 78 30 11 30 86 55 70 71 93 0 89 30 50 50 25 82 77 12 73 37 83 50 51 33 15 69 46 42 31 93 65 72 77 29 13 75 27 32 23 61 27 10 59 31 87 22 64 33 61 40 13 68 90 57 99 71 88 81 69 89 14 71 82 43 35 62 24 11 89 26 22 18 49 97 65 45 29 63 64 50 46 84 24 61 73 33 68 33 50 61
90 67 97 17 22 86 75 51 64 94 80 53 85 68 85 77 69 31 27 80 21 38 57 29 78 44 18 87 81 98 25 29 60 55 61 43 78 51 54 17 89 67 51 91 65 66 74 45 30 89 0 67 46 69 79 44 47 32 59 50 33 32 96 97 76 20 40 13 94 95 44 93 41 99 26 58 27 21 85 71 93 62 35 20 79 99 29 96 38 31 92 99 31 15 68 12 58 30 46 97 26 71 20 29 51 42 51 64 30 35 13 87 99 11 81 37 81 49 55 77 64 78 15 99 27 31 40 88 40 50
91 44 86 46 14 32 67 20 32 40 81 20 58 94 49 25 11 13 83 43 28 17 10 29 18 99 81 21 37 40 84 33 76 30 95 72 29 61 94 59 62 83 36 27 85 42 26 17 65 30 67 0 88 33 54 85 92 88 30 97 93 93 91 38 39 69 47 58 12 59 14 18 89 11 30 68 89 98 65 64 52 16 69 23 91 25 51 52 20 71 66 49 34 92 84 13 28 50 30 39 17 65 43 14 84 82 26 16 28 87 60 10 36 77 85 41 10 30 83 59 60 33 50 21 25 88 49 89 67 37
78 98 31 14 43 21 11 50 40 69 64 92 15 98 81 29 33 59 46 96 27 82 40 54 84 30 17 66 15 91 86 47 12 10 58 81 21 60 62 38 29 84 19 39 52 67 23 74 96 50 46 88 0 28 29 32 68 24 41 23 36 93 66 43 99 32 70 87 18 43 60 29 99 48 92 27 78 40 30 44 34 26 82 32 77 72 97 65 39 71 40 95 57 43 50 77 15 97 94 41 93 23 62 15 99 79 28 28 14 69 31 89 88 67 40 91 18 77 31 36 34 32 32 72 36 77 46 48 85 67
75 90 84 89 76 50 36 50 63 47 78 14 27 62 60 18 60 84 54 52 74 12 89 37 78 84 48 24 76 44 70 19 60 69 32 49 14 62 72 98 34 14 95 66 94 62 30 49 97 50 69 33 28 0 50 65 62 21 33 77 99 45 58 76 75 82 21 86 72 38 62 18 64 27 58 32 58 99 31 72 98 91 79 86 62 64 70 37 90 69 83 42 43 83 30 31 48 45 82 16 46 61 33 58 98 87 44 81 65 35 81 82 21 90 70 79 35 98 26 89 80 27 64 59 79 32 78 14 13 48
51 13 13 79 41 61 94 65 41 47 94 16 25 18 13 24 49 29 76 97 19 10 64 38 64 64 86 90 16 72 59 34 79 44 13 76 29 13 23 91 52 99 37 61 73 49 96 90 62 25 79 54 29 50 0 80 67 60 97 52 29 27 36 47 47 53 34 44 82 49 22 73 66 32 94 51 77 27 37 50 98 78 20 18 17 53 41 44 41 29 58 48 72 10 96 68 16 67 43 78 33 43 50 37 74 41 86 72 62 95 71 97 53 76 52 93 24 66 88 50 29 31 26 12 23 62 48 93 42 93
20 85 45 60 17 33 95 76 96 54 99 51 48 59 42 18 56 22 37 18 33 10 86 92 68 40 86 59 65 20 92 51 50 85 95 35 39 79 90 22 72 53 14 93 81 58 38 27 34 82 44 85 32 65 80 0 48 17 50 26 32 95 29 70 45 67 67 93 22 86 59 59 63 86 28 15 88 65 53 82 21 86 29 88 58 96 21 67 49 81 51 91 58 87 15 89 34 39 92 29 58 78 22 33 67 78 71 22 79 73 76 41 43 83 95 93 87 54 51 35 97 92 84 17 61 62 19 67 92 20
10 57 28 89 96 13 72 93 28 10 20 74 81 12 59 98 49 21 25 34 17 32 37 59 86 26 79 49 98 69 12 83 10 40 73 91 39 54 15 68 71 79 31 60 97 44 81 67 21 77 47 92 68 62 67 48 0 46 86 82 90 72 48 68 13 35 88 98 19 14 93 90 93 61 48 87 98 68 58 86 56 56 36 27 96 55 69 76 41 28 54 30 24 57 55 74 13 18 97 23 26 18 32 90 77 14 33 68 17 19 57 35 55 85 72 21 78 64 40 37 32 47 47 19 90 53 88 32 24 61
84 43 20 52 56 80 47 26 84 57 17 98 24 82 51 94 86 54 44 61 87 55 70 68 58 18 25 10 75 96 52 22 11 90 91 34 72 22 67 78 77 86 69 35 67 58 15 42 64 12 32 88 24 21 60 17 46 0 17 89 15 14 58 74 67 51 42 60 61 10 80 33 81 77 86 24 52 17 82 23 98 15 56 93 67 24 99 92 91 30 22 43 71 16 70 43 62 73 48 74 21 61 81 84 11 37 12 56 14 29 61 69 64 50 89 19 39 37 76 59 19 18 79 78 90 57 10 79 17 36
34 34 13 44 14 36 64 88 91 36 36 76 16 66 84 79 16 24 90 56 94 82 60 20 42 48 36 87 80 83 22 41 48 19 60 52 76 46 52 71 93 39 92 41 92 70 46 85 20 73 59 30 41 33 97 50 86 17 0 32 60 94 14 10 82 93 28 91 84 54 98 64 88 98 43 91 42 26 13 30 31 28 13 77 57 80 46 99 26 43 99 49 22 51 41 62 70 69 54 47 54 49 18 64 77 64 71 51 25 12 69 78 58 62 38 74 40 93 25 39 49 41 93 14 62 68 74 33 32 87
24 12 37 30 70 66 21 18 24 68 20 23 92 15 58 73 96 80 55 84 70 13 63 98 76 34 30 51 56 21 18 76 79 37 57 98 77 74 32 83 55 55 95 96 12 76 42 91 94 37 50 97 23 77 52 26 82 89 32 0 51 36 61 17 97 81 62 38 27 10 88 71 46 42 81 23 52 52 28 25 36 25 50 54 82 39 77 35 13 55 16 47 72 55 83 43 73 26 22 45 76 74 25 99 83 56 17 57 76 64 34 95 75 80 13 87 95 62 17 62 27 49 47 35 18 59 33 31 12 90
16 93 71 93 35 84 97 19 16 22 70 13 62 55 40 49 38 82 30 38 79 67 36 39 95 10 28 36 82 71 28 14 57 84 72 82 80 81 93 80 64 84 66 85 16 89 85 85 25 83 33 93 36 99 29 32 90 15 60 51 0 39 67 40 59 46 47 71 27 69 35 77 74 27 11 23 87 51 39 29 46 49 95 89 35 54 90 61 59 82 99 52 72 36 36 85 44 28 37 35 16 43 79 40 58 88 11 87 86 90 24 90 44 84 68 92 19 56 42 70 69 93 40 24 32 46 44 20 52 96
87 97 64 17 97 51 57 83 66 41 34 76 43 35 99 65 35 24 14 80 37 62 98 98 10 90 96 78 97 42 32 25 99 27 49 23 46 47 12 28 96 39 56 75 37 70 17 81 63 50 32 93 93 45 27 95 72 14 94 36 39 0 56 95 75 78 99 80 94 70 57 17 44 92 30 85 55 53 73 97 83 56 44 97 61 80 30 21 48 35 89 96 71 86 39 13 91 32 44 64 84 23 66 68 20 37 37 89 74 39 41 20 94 91 98 39 45 73 90 15 70 37 29 84 89 70 11 99 80 46
64 42 13 71 46 52 67 11 39 55 19 29 35 48 12 50 87 54 96 99 79 34 85 72 10 54 49 35 39 45 14 34 35 47 24 86 23 96 96 99 60 92 22 96 75 20 16 90 34 51 96 91 66 58 36 29 48 58 14 61 67 56 0 85 44 69 12 98 75 17 40 25 96 88 16 73 80 39 94 91 65 24 16 82 45 92 96 79 45 21 18 20 93 38 56 32 45 71 18 56 36 12 96 92 71 10 87 89 73 29 62 68 59 75 26 90 38 29 50 41 47 43 22 69 31 26 57 98 87 67
58 74 10 57 20 82 52 24 51 35 87 54 30 84 20 52 82 74 22 82 66 60 90 35 65 64 21 53 26 39 13 20 12 37 81 47 46 40 79 73 33 60 80 71 15 31 78 49 12 33 97 38 43 76 47 70 68 74 10 17 40 95 85 0 92 22 91 97 58 63 99 31 24 87 63 29 55 89 61 98 96 27 60 60 25 84 34 86 95 45 54 55 23 26 12 92 31 26 91 30 18 68 69 52 89 60 75 26 47 51 45 51 15 91 85 48 73 95 37 81 58 35 55 50 97 90 39 32 31 20
92 45 50 33 70 39 71 77 18 30 34 72 58 83 98 68 49 57 16 12 96 56 53 65 29 38 10 84 36 81 69 64 55 20 34 76 43 41 72 11 94 25 31 21 55 31 72 37 27 15 76 39 99 75 47 45 13 67 82 97 59 75 44 92 0 52 13 17 70 24 33 39 60 44 81 16 96 59 60 44 57 49 16 23 14 18 48 63 60 66 41 99 87 92 66 68 27 22 53 89 12 57 61 17 73 54 81 58 32 53 22 48 26 18 72 56 54 21 90 55 41 21 99 20 44 61 31 46 62 10
42 74 95 35 73 61 92 45 37 41 59 62 99 58 91 54 91 71 87 99 39 34 26 35 50 97 54 85 95 44 50 91 47 62 80 84 32 85 74 88 38 48 63 69 50 88 91 93 15 69 20 69 32 82 53 67 35 51 93 81 46 78 69 22 52 0 10 11 63 78 47 91 99 13 32 62 29 89 65 60 39 60 69 94 51 88 55 94 69 11 89 25 45 39 76 57 26 16 11 69 67 47 80 35 23 53 91 55 73 48 11 72 87 20 92 93 90 93 48 95 87 88 31 63 31 99 42 41 99 23
47 52 32 69 58 62 97 58 61 27 86 70 51 70 64 96 53 14 39 84 68 79 37 57 65 54 13 89 80 72 69 62 81 20 90 22 83 47 28 34 18 80 35 96 11 29 13 50 37 46 40 47 70 21 34 67 88 42 28 62 47 99 12 91 13 10 0 74 86 74 60 64 71 77 38 58 67 52 79 51 50 18 10 49 29 60 58 17 76 59 33 38 93 63 28 16 58 16 66 89 58 18 17 85 34 15 44 98 47 57 62 84 62 85 73 64 51 85 84 13 29 29 26 67 36 31 23 76 10 92
11 32 48 51 73 88 94 88 16 98 21 93 82 50 59 38 56 56 48 41 30 56 10 92 82 67 10 60 96 74 10 97 78 41 46 41 74 44 77 54 48 35 12 95 68 86 31 79 21 42 13 58 87 86 44 93 98 60 91 38 71 80 98 97 17 11 74 0 69 52 64 21 37 56 42 69 19 39 76 57 65 38 15 78 69 93 64 43 11 82 22 14 43 46 67 84 40 24 19 77 31 42 17 98 81 96 54 74 31 83 13 16 65 86 53 47 68 29 79 99 14 49 48 13 22 38 15 86 30 59
11 29 56 32 47 18 34 46 14 87 45 71 76 77 42 50 39 76 77 74 24 25 59 92 44 33 16 83 84 37 41 78 78 36 44 79 50 27 19 32 52 99 87 43 69 27 91 87 69 31 94 12 18 72 82 22 19 61 84 27 27 94 75 58 70 63 86 69 0 82 53 30 52 74 13 12 42 96 72 45 69 88 66 93 49 91 57 84 17 28 94 30 59 15 89 24 88 43 90 33 89 72 85 25 77 18 15 92 66 74 30 91 72 88 92 92 59 67 35 89 65 11 95 18 23 75 85 28 59 85
22 92 73 65 75 97 94 47 58 87 86 18 77 83 68 62 71 57 98 36 64 91 48 36 34 80 57 73 55 52 75 70 83 81 82 50 54 19 76 67 95 56 71 22 12 35 83 39 29 93 95 59 43 38 49 86 14 10 54 10 69 70 17 63 24 78 74 52 82 0 40 29 96 68 42 84 24 71 92 23 67 47 14 81 81 60 24 39 38 79 25 93 41 97 19 63 18 57 94 36 66 34 34 51 75 52 59 90 29 34 90 81 70 40 46 56 35 51 93 30 27 38 84 51 75 92 79 10 35 92
56 74 81 52 35 44 49 78 47 52 85 35 84 74 27 45 48 33 58 68 96 89 84 47 14 30 89 76 35 27 76 77 20 88 38 47 69 16 85 25 72 74 45 96 12 23 31 85 69 65 44 14 60 62 22 59 93 80 98 88 35 57 40 99 33 47 60 64 53 40 0 38 48 18 52 41 97 27 17 53 70 36 46 31 68 79 59 39 75 30 74 90 65 75 96 76 41 40 16 37 68 62 99 55 78 84 73 22 98 31 97 22 50 22 30 90 46 80 40 47 86 86 55 77 45 83 54 88 86 41
45 64 60 57 62 46 28 25 83 15 21 10 13 83 50 43 55 89 64 37 17 94 80 12 76 59 40 58 77 26 96 97 56 75 83 94 14 13 89 19 10 60 29 22 80 64 31 24 21 72 93 18 29 18 73 59 90 33 64 71 77 17 25 31 39 91 64 21 30 29 38 0 23 35 20 40 77 50 91 27 15 71 21 83 81 26 63 39 45 65 60 45 10 52 78 14 12 68 71 52 54 11 27 94 39 98 53 20 84 55 64 81 48 87 85 43 82 63 58 29 34 63 49 98 61 11 46 52 53 34
77 70 62 37 64 72 48 66 18 34 69 40 19 20 59 90 88 81 51 20 10 51 18 68 13 16 18 22 31 33 69 63 40 38 76 95 21 33 87 24 59 43 10 58 88 17 50 28 21 77 41 89 99 64 66 63 93 81 88 46 74 44 96 24 60 99 71 37 52 96 48 23 0 55 64 94 55 83 21 33 65 65 79 92 66 16 76 23 38 52 12 87 11 96 25 82 30 24 91 16 50 59 10 42 76 38 94 75 11 45 27 49 49 36 50 33 98 26 63 14 60 52 10 96 62 97 50 58 49 43
80 40 60 83 11 76 81 11 97 63 40 19 15 49 35 98 16 76 67 15 42 29 11 45 74 51 45 35 33 43 87 48 86 70 28 66 89 65 15 76 27 18 70 80 94 22 34 12 72 29 99 11 48 27 32 86 61 77 98 42 27 92 88 87 44 13 77 56 74 68 18 35 55 0 72 81 53 68 67 16 62 84 15 58 28 10 35 58 33 65 11 69 71 34 61 54 82 67 69 69 55 12 77 85 83 78 76 89 81 80 82 49 28 95 79 74 54 30 95 75 87 98 72 38 81 26 27 62 66 26
31 31 98 24 99 18 91 86 80 81 84 57 76 57 51 67 21 57 59 30 68 71 25 18 84 25 83 29 75 46 86 48 60 51 93 34 63 42 30 97 26 12 48 23 37 51 52 41 17 13 26 30 92 58 94 28 48 86 43 81 11 30 16 63 81 32 38 42 13 42 52 20 64 72 0 25 77 65 23 40 15 44 63 59 82 37 33 51 73 25 40 14 51 79 86 93 26 73 81 29 94 80 97 75 76 87 42 64 46 56 26 48 32 24 22 37 77 79 14 33 34 76 29 30 64 16 23 18 42 32
97 45 25 46 42 28 24 52 41 60 58 23 40 19 50 18 18 46 27 21 16 22 42 17 79 88 76 44 20 33 49 59 39 18 67 65 13 70 69 34 58 52 33 13 35 99 23 19 34 75 58 68 27 32 51 15 87 24 91 23 23 85 73 29 16 62 58 69 12 84 41 40 94 81 25 0 85 89 45 30 79 13 39 35 40 90 70 42 59 41 14 14 43 63 11 66 54 95 57 83 92 91 17 12 75 29 43 86 59 31 44 84 79 72 77 75 14 80 31 18 96 27 71 32 62 22 64 10 62 95
37 63 15 17 25 35 76 13 14 44 59 53 39 24 48 34 30 53 83 47 88 68 47 63 99 76 76 65 53 57 84 32 10 66 33 59 95 91 17 25 13 76 60 82 68 96 89 96 68 27 27 89 78 58 77 88 98 52 42 52 87 55 80 55 96 29 67 19 42 24 97 77 55 53 77 85 0 25 56 58 85 97 61 88 11 68 62 77 17 45 63 30 34 39 48 61 61 75 16 62 74 83 65 25 10 97 86 11 85 52 21 71 72 56 40 53 87 99 69 48 64 17 92 65 48 24 33 31 67 57
39 33 14 92 88 49 29 39 68 43 77 62 13 75 24 89 47 70 78 63 61 43 27 10 14 38 33 99 74 50 38 43 27 90 90 80 57 62 38 87 82 19 80 32 24 36 64 60 75 32 21 98 40 99 27 65 68 17 26 52 51 53 39 89 59 89 52 39 96 71 27 50 83 68 65 89 25 0 41 86 23 57 16 56 31 68 11 49 60 98 56 52 92 60 90 63 23 31 20 38 80 56 73 15 30 37 79 54 43 88 68 48 82 38 90 13 48 78 77 99 96 33 88 94 28 59 96 33 72 56
68 53 21 20 31 99 27 39 21 36 73 95 33 69 72 70 22 18 68 63 41 86 18 96 85 36 93 64 72 32 85 45 54 57 47 51 87 77 11 56 31 82 22 58 84 57 98 23 43 23 85 65 30 31 37 53 58 82 13 28 39 73 94 61 60 65 79 76 72 92 17 91 21 67 23 45 56 41 0 95 51 63 48 36 83 13 57 74 77 20 73 84 49 29 56 90 98 37 52 67 94 79 13 41 99 12 67 87 99 86 77 69 32 75 75 36 58 83 59 79 77 94 87 52 50 57 24 40 64 55
54 38 80 34 36 96 19 45 40 85 99 88 72 22 36 65 68 96 22 53 29 25 28 32 91 40 75 82 85 95 32 57 84 73 42 38 33 99 71 38 45 31 11 38 66 69 25 23 69 61 71 64 44 72 50 82 86 23 30 25 29 97 91 98 44 60 51 57 45 23 53 27 33 16 40 30 58 86 95 0 82 59 91 46 99 72 99 44 18 54 58 94 87 82 64 14 42 20 97 84 64 81 72 30 62 15 10 66 97 53 50 82 12 18 57 66 13 24 47 32 81 22 32 13 70 17 57 67 73 92
71 86 73 13 90 96 67 95 94 87 76 35 58 73 22 18 61 46 51 26 31 18 86 74 46 59 68 75 37 50 98 61 47 86 50 34 47 23 65 18 46 40 76 10 67 10 34 84 46 27 93 52 34 98 98 21 56 98 31 36 46 83 65 96 57 39 50 65 69 67 70 15 65 62 15 79 85 23 51 82 0 64 98 97 80 15 44 51 53 46 50 60 32 19 74 26 41 69 30 71 69 83 35 62 25 78 55 33 21 71 48 26 99 21 28 16 21 78 76 55 31 29 17 84 22 65 60 39 28 94
18 23 98 20 27 43 50 28 49 71 10 24 11 89 66 16 91 44 55 66 35 71 60 94 92 57 89 66 74 77 76 81 84 86 62 86 72 90 75 31 39 12 21 11 31 63 60 74 41 10 62 16 26 91 78 86 56 15 28 25 49 56 24 27 49 60 18 38 88 47 36 71 65 84 44 13 97 57 63 59 64 0 18 87 46 24 11 65 89 42 66 20 85 50 37 60 16 37 16 31 50 19 20 28 25 50 18 22 72 44 88 13 12 85 85 31 94 95 69 90 92 88 88 93 67 82 65 89 21 25
74 59 54 10 25 64 77 17 42 75 63 41 14 98 57 74 41 59 25 73 78 39 32 98 35 34 65 58 17 43 38 82 90 61 73 44 30 96 57 15 29 32 92 29 25 55 22 63 48 59 35 69 82 79 20 29 36 56 13 50 95 44 16 60 16 69 10 15 66 14 46 21 79 15 63 39 61 16 48 91 98 18 0 94 26 92 84 44 81 30 32 27 57 14 10 52 40 47 48 38 77 89 89 49 15 68 72 56 80 15 49 20 95 61 93 79 24 30 43 99 56 34 32 46 26 41 62 33 27 77
18 73 57 47 67 25 56 73 10 32 44 60 99 53 33 78 70 26 44 82 57 18 34 77 94 96 37 95 22 29 83 96 41 17 25 40 52 33 92 54 20 71 90 76 87 98 17 51 39 31 20 23 32 86 18 88 27 93 77 54 89 97 82 60 23 94 49 78 93 81 31 83 92 58 59 35 88 56 36 46 97 87 94 0 27 61 72 54 64 88 39 28 17 30 99 91 21 35 83 83 18 53 47 19 73 61 50 36 49 58 66 36 17 65 41 98 71 75 60 14 48 72 46 65 53 20 96 81 55 98
41 30 58 23 66 71 37 72 91 47 75 25 62 36 85 95 21 69 97 80 17 29 22 60 85 12 17 32 64 48 28 10 72 30 25 46 76 19 69 13 91 78 11 90 63 23 22 23 17 87 79 91 77 62 17 58 96 67 57 82 35 61 45 25 14 51 29 69 49 81 68 81 66 28 82 40 11 31 83 99 80 46 26 27 0 96 25 59 39 54 61 55 18 47 84 25 66 66 18 77 60 65 25 99 28 99 57 21 72 77 50 38 71 78 45 86 29 95 76 62 50 21 63 36 53 64 61 36 40 89
51 70 13 66 41 70 61 81 83 93 87 73 63 81 40 95 62 19 41 23 28 49 26 71 45 26 61 44 84 32 61 77 75 72 66 56 99 57 26 37 17 97 45 96 70 80 65 68 75 22 99 25 72 64 53 96 55 24 80 39 54 80 92 84 18 88 60 93 91 60 79 26 16 10 37 90 68 68 13 72 15 24 92 61 96 0 71 78 67 75 62 33 26 79 86 27 68 94 38 32 51 89 65 59 67 23 89 67 94 40 24 16 94 69 98 34 20 12 86 66 69 40 33 62 77 37 34 41 84 94
43 37 12 98 93 56 90 38 85 31 57 17 63 53 40 38 79 91 25 75 11 86 30 17 32 69 27 62 58 75 59 78 22 81 98 51 43 83 81 81 73 88 64 37 77 94 41 78 49 64 29 51 97 70 41 21 69 99 46 77 90 30 96 34 48 55 58 64 57 24 59 63 76 35 33 70 62 11 57 99 44 11 84 72 25 71 0 85 66 87 52 53 33 53 93 89 40 40 50 76 88 82 60 81 36 84 43 88 48 73 54 20 79 87 91 27 97 94 15 11 89 77 18 40 12 24 74 52 47 12
10 27 69 94 92 43 55 75 34 39 83 41 84 83 52 93 37 29 24 23 84 89 27 80 92 33 62 42 61 31 11 82 24 48 42 54 19 81 84 28 58 60 89 96 78 61 77 32 69 33 96 52 65 37 44 67 76 92 99 35 61 21 79 86 63 94 17 43 84 39 39 39 23 58 51 42 77 49 74 44 51 65 44 54 59 78 85 0 77 48 76 84 55 65 11 23 37 87 71 51 73 18 99 23 82 90 65 52 54 89 91 39 76 69 32 70 54 49 32 67 14 35 38 83 76 65 93 96 10 50
40 93 80 29 13 98 97 18 85 89 38 52 56 71 69 85 45 29 75 63 23 83 58 98 54 65 43 64 33 46 88 63 84 49 37 76 36 85 80 77 77 63 13 15 58 72 29 73 17 61 38 20 39 90 41 49 41 91 26 13 59 48 45 95 60 69 76 11 17 38 75 45 38 33 73 59 17 60 77 18 53 89 81 64 39 67 66 77 0 24 37 25 71 33 88 49 83 77 78 31 20 38 12 23 19 95 90 86 20 82 65 63 30 72 40 86 23 90 25 97 82 10 49 18 83 35 44 50 73 78
31 79 12 33 68 46 26 74 88 49 74 97 89 84 50 85 79 66 95 94 38 54 59 97 60 99 48 27 17 66 28 65 15 77 31 18 63 50 27 84 79 78 96 56 24 92 38 82 79 40 31 71 71 69 29 81 28 30 43 55 82 35 21 45 66 11 59 82 28 79 30 65 52 65 25 41 45 98 20 54 46 42 30 88 54 75 87 48 24 0 67 47 92 25 59 51 38 92 36 16 46 80 58 53 27 86 67 89 38 30 23 66 70 57 48 54 57 71 24 53 21 58 33 61 65 34 28 13 19 45
14 87 16 48 34 58 10 90 77 15 27 12 43 93 30 36 63 81 46 83 75 78 92 76 70 55 87 49 97 35 23 77 94 94 21 21 80 66 85 25 65 52 47 40 85 76 41 87 72 13 92 66 40 83 58 51 54 22 99 16 99 89 18 54 41 89 33 22 94 25 74 60 12 11 40 14 63 56 73 58 50 66 32 39 61 62 52 76 37 67 0 61 87 77 72 46 49 64 72 92 94 57 32 20 52 49 66 39 91 58 28 14 29 69 19 18 26 94 93 21 14 93 86 59 23 89 69 46 14 78
16 19 91 77 58 41 36 98 17 69 35 10 68 36 97 37 86 34 51 65 37 29 55 46 31 51 57 81 60 90 25 53 19 57 29 42 71 85 61 10 73 94 87 58 34 59 59 65 58 68 99 49 95 42 48 91 30 43 49 47 52 96 20 55 99 25 38 14 30 93 90 45 87 69 14 14 30 52 84 94 60 20 27 28 55 33 53 84 25 47 61 0 42 67 47 65 35 73 15 44 49 93 81 17 99 12 71 40 60 88 29 44 33 53 15 66 86 75 93 76 45 80 46 58 83 96 21 53 95 48
11 80 86 74 90 65 76 67 31 90 46 69 65 86 25 96 40 11 75 20 98 70 73 87 95 93 14 20 59 74 30 59 74 14 13 81 24 83 23 29 94 32 53 28 27 28 92 42 40 90 31 34 57 43 72 58 24 71 22 72 72 71 93 23 87 45 93 43 59 41 65 10 11 71 51 43 34 92 49 87 32 85 57 17 18 26 33 55 71 92 87 42 0 96 30 56 85 86 97 42 47 16 31 48 92 43 20 16 92 56 62 74 67 72 52 79 93 10 57 87 23 92 79 11 69 29 17 96 72 38
44 84 22 79 32 71 95 73 16 60 23 26 50 99 76 20 73 26 40 47 70 40 67 43 32 14 38 55 26 72 81 51 48 11 70 56 24 58 13 87 55 88 19 59 80 77 90 16 89 57 15 92 43 83 10 87 57 16 51 55 36 86 38 26 92 39 63 46 15 97 75 52 96 34 79 63 39 60 29 82 19 50 14 30 47 79 53 65 33 25 77 67 96 0 72 75 91 16 89 61 98 79 80 49 97 51 67 81 21 38 30 39 85 61 29 29 64 10 61 94 68 95 28 28 73 44 15 14 74 25
65 13 54 39 28 85 64 21 51 35 89 59 65 51 24 50 13 63 98 15 63 80 89 33 28 35 45 64 22 40 14 88 36 94 64 50 15 37 94 19 41 71 91 50 16 99 23 38 51 99 68 84 50 30 96 15 55 70 41 83 36 39 56 12 66 76 28 67 89 19 96 78 25 61 86 11 48 90 56 64 74 37 10 99 84 86 93 11 88 59 72 47 30 72 0 84 30 33 98 30 19 42 38 58 17 71 44 78 99 46 80 22 80 41 13 55 60 12 90 28 66 87 30 39 59 77 17 46 73 20
11 13 11 89 97 63 47 44 95 63 51 60 75 95 95 73 97 76 33 73 18 62 52 26 17 63 59 59 40 69 94 89 28 87 91 91 69 70 80 30 79 67 74 54 60 63 69 34 85 71 12 13 77 31 68 89 74 43 62 43 85 13 32 92 68 57 16 84 24 63 76 14 82 54 93 66 61 63 90 14 26 60 52 91 25 27 89 23 49 51 46 65 56 75 84 0 26 56 45 20 19 50 48 80 83 15 10 33 91 73 31 70 70 95 46 55 32 44 45 27 68 51 74 28 17 60 88 99 22 34
36 23 39 23 95 84 31 77 43 90 24 54 55 15 59 39 95 78 50 99 23 12 63 32 12 53 83 87 29 86 48 66 50 95 34 62 30 22 56 89 94 19 47 23 34 68 81 57 27 88 58 28 15 48 16 34 13 62 70 73 44 91 45 31 27 26 58 40 88 18 41 12 30 82 26 54 61 23 98 42 41 16 40 21 66 68 40 37 83 38 49 35 85 91 30 26 0 38 19 55 74 42 47 77 30 36 42 82 15 95 95 70 93 68 40 39 94 15 42 12 28 19 72 54 52 51 85 93 98 43
39 52 85 14 71 75 33 38 70 97 37 67 61 21 22 99 23 60 21 38 81 96 90 29 29 43 53 93 51 24 76 30 80 99 27 36 19 48 48 75 57 56 65 16 64 87 63 99 30 81 30 50 97 45 67 39 18 73 69 26 28 32 71 26 22 16 16 24 43 57 40 68 24 67 73 95 75 31 37 20 69 37 47 35 66 94 40 87 77 92 64 73 86 16 33 56 38 0 25 39 71 67 75 40 99 98 79 72 59 37 84 88 56 35 26 58 65 47 10 29 61 16 43 17 63 73 34 98 28 80
42 37 27 45 28 88 70 43 52 38 58 95 60 51 31 19 85 79 92 51 15 87 92 15 12 75 23 79 43 52 34 68 29 72 44 56 57 91 43 19 94 15 51 12 40 42 34 14 13 69 46 30 94 82 43 92 97 48 54 22 37 44 18 91 53 11 66 19 90 94 16 71 91 69 81 57 16 20 52 97 30 16 48 83 18 38 50 71 78 36 72 15 97 89 98 45 19 25 0 66 13 31 88 39 81 90 65 86 61 76 28 72 80 12 95 59 51 18 70 30 36 70 86 10 59 49 38 20 87 22
43 90 14 32 34 82 71 96 23 50 85 27 93 73 97 70 57 10 75 42 95 98 28 73 87 46 62 96 66 43 16 34 80 94 83 62 46 47 62 87 31 47 13 40 83 31 25 41 92 89 97 39 41 16 78 29 23 74 47 45 35 64 56 30 89 69 89 77 33 36 37 52 16 69 29 83 62 38 67 84 71 31 38 83 77 32 76 51 31 16 92 44 42 61 30 20 55 39 66 0 38 50 17 98 10 40 81 84 75 64 76 59 94 82 20 29 97 59 93 40 17 99 81 33 21 36 47 34 49 72
41 95 31 57 56 46 25 32 14 53 60 50 32 34 80 93 71 51 61 20 91 63 24 90 29 33 14 66 24 92 43 28 75 65 33 90 22 49 23 14 91 27 25 12 30 83 37 68 52 14 26 17 93 46 33 58 26 21 54 76 16 84 36 18 12 67 58 31 89 66 68 54 50 55 94 92 74 80 94 64 69 50 77 18 60 51 88 73 20 46 94 49 47 98 19 19 74 71 13 38 0 65 52 64 61 64 58 84 67 65 54 93 34 10 27 45 31 79 46 56 80 79 74 37 42 34 37 94 38 82
93 88 85 68 85 24 91 98 24 75 38 95 72 43 77 57 30 68 85 72 68 96 12 27 75 62 41 26 58 38 58 93 17 48 16 73 51 83 20 52 59 31 21 31 62 83 36 33 91 71 71 65 23 61 43 78 18 61 49 74 43 23 12 68 57 47 18 42 72 34 62 11 59 12 80 91 83 56 79 81 83 19 89 53 65 89 82 18 38 80 57 93 16 79 42 50 42 67 31 50 65 0 55 28 22 94 44 97 97 44 93 15 68 39 19 18 66 66 91 69 29 79 13 51 95 79 58 53 91 69
11 32 52 57 54 88 37 24 25 66 47 21 52 83 94 48 63 36 73 90 59 80 18 42 16 88 27 14 62 38 43 77 92 76 60 24 25 22 74 25 57 38 70 28 26 46 50 48 30 82 20 43 62 33 50 22 32 81 18 25 79 66 96 69 61 80 17 17 85 34 99 27 10 77 97 17 65 73 13 72 35 20 89 47 25 65 60 99 12 58 32 81 31 80 38 48 47 75 88 17 52 55 0 41 65 31 39 26 83 40 87 25 43 55 32 30 54 80 32 89 30 62 56 51 56 48 86 45 90 71
27 63 53 29 38 35 61 20 59 50 47 98 29 54 11 46 29 63 96 22 73 65 83 75 64 29 18 81 62 95 30 78 67 32 49 89 10 96 86 89 31 23 52 73 18 90 81 97 77 43 29 14 15 58 37 33 90 84 64 99 40 68 92 52 17 35 85 98 25 51 55 94 42 85 75 12 25 15 41 30 62 28 49 19 99 59 81 23 23 53 20 17 48 49 58 80 77 40 39 98 64 28 41 0 64 63 62 38 48 52 12 91 13 88 53 24 72 23 39 14 60 61 24 83 43 11 38 99 14 37
76 94 86 10 42 59 21 79 74 28 21 90 70 91 89 90 64 86 48 76 39 22 73 36 98 41 67 63 79 40 49 46 14 68 95 13 57 23 14 33 40 80 71 85 76 81 13 55 27 35 51 84 99 98 74 67 77 11 77 83 58 20 71 89 73 23 34 81 77 75 78 39 76 83 76 75 10 30 99 62 25 25 15 73 28 67 36 82 19 27 52 99 92 97 17 83 30 99 81 10 61 22 65 64 0 27 56 89 97 84 56 74 56 31 92 73 48 31 68 70 52 68 76 32 39 56 73 55 68 56
17 27 52 47 65 77 27 16 79 91 95 36 73 11 52 16 58 25 49 28 78 67 93 88 89 70 59 17 18 69 37 55 90 40 31 24 19 15 20 23 84 28 57 82 98 40 64 99 96 62 42 82 79 87 41 78 14 37 64 56 88 37 10 60 54 53 15 96 18 52 84 98 38 78 87 29 97 37 12 15 78 50 68 61 99 23 84 90 95 86 49 12 43 51 71 15 36 98 90 40 64 94 31 63 27 0 78 85 56 94 66 13 27 18 10 77 77 30 99 41 58 72 49 48 60 88 41 52 13 26
33 28 74 65 26 47 87 90 36 47 36 13 95 43 23 60 75 57 67 19 77 39 43 92 83 82 61 37 69 43 46 96 15 29 42 15 28 81 97 46 52 25 97 78 56 97 24 27 14 24 51 26 28 44 86 71 33 12 71 17 11 37 87 75 81 91 44 54 15 59 73 53 94 76 42 43 86 79 67 10 55 18 72 50 57 89 43 65 90 67 66 71 20 67 44 10 42 79 65 81 58 44 39 62 56 78 0 39 14 45 96 90 95 96 92 15 22 62 12 85 29 99 69 75 86 77 60 97 26 52
80 39 19 57 51 79 25 77 11 29 17 34 84 88 59 58 63 81 22 27 93 51 56 97 40 55 93 89 25 46 56 11 17 48 82 69 83 97 35 72 53 73 37 89 69 55 92 80 52 11 64 16 28 81 72 22 68 56 51 57 87 89 89 26 58 55 98 74 92 90 22 20 75 89 64 86 11 54 87 66 33 22 56 36 21 67 88 52 86 89 39 40 16 81 78 33 82 72 86 84 84 97 26 38 89 85 39 0 88 85 96 87 82 98 73 36 72 99 85 97 91 70 94 62 22 62 76 92 65 63
26 33 67 46 29 12 84 31 77 34 73 93 16 97 35 85 85 26 64 55 85 78 89 47 17 89 21 30 87 17 71 14 53 99 94 91 50 62 46 61 17 79 99 65 41 72 21 35 66 89 30 28 14 65 62 79 17 14 25 76 86 74 73 47 32 73 47 31 66 29 98 84 11 81 46 59 85 43 99 97 21 72 80 49 72 94 48 54 20 38 91 60 92 21 99 91 15 59 61 75 67 97 83 48 97 56 14 88 0 70 96 54 15 20 39 41 27 19 59 55 29 39 88 30 16 69 18 24 32 10
98 11 78 30 66 74 70 26 84 10 92 16 20 66 76 45 82 74 84 96 84 42 31 72 66 11 77 70 63 35 76 34 67 46 49 63 27 11 71 56 89 12 94 18 59 15 46 94 10 26 35 87 69 35 95 73 19 29 12 64 90 39 29 51 53 48 57 83 74 34 31 55 45 80 56 31 52 88 86 53 71 44 15 58 77 40 73 89 82 30 58 88 56 38 46 73 95 37 76 64 65 44 40 52 84 94 45 85 70 0 18 36 85 92 55 17 45 38 23 38 36 26 12 40 37 86 82 20 89 96
86 89 33 52 97 14 70 85 67 62 70 95 70 89 69 21 39 28 58 85 18 46 17 36 98 73 43 12 21 27 74 22 75 78 24 73 76 72 15 32 62 70 32 22 94 12 33 27 84 22 13 60 31 81 71 76 57 61 69 34 24 41 62 45 22 11 62 13 30 90 97 64 27 82 26 44 21 68 77 50 48 88 49 66 50 24 54 91 65 23 28 29 62 30 80 31 95 84 28 76 54 93 87 12 56 66 96 96 96 18 0 52 15 77 24 11 76 62 54 40 65 51 16 94 92 42 53 67 59 25
49 67 57 54 28 39 74 37 95 40 53 92 91 77 33 96 84 65 20 76 37 30 84 89 34 72 36 51 23 14 74 83 34 37 96 33 19 39 74 23 61 76 98 17 75 92 22 93 89 18 87 10 89 82 97 41 35 69 78 95 90 20 68 51 48 72 84 16 91 81 22 81 49 49 48 84 71 48 69 82 26 13 20 36 38 16 20 39 63 66 14 44 74 39 22 70 70 88 72 59 93 15 25 91 74 13 90 87 54 36 52 0 98 76 30 29 54 77 22 75 32 84 76 54 53 92 67 82 47 28
65 97 76 49 86 28 99 38 94 78 91 66 65 18 30 46 21 64 74 68 46 64 20 55 58 93 68 49 69 19 32 52 31 36 66 71 39 75 12 88 73 49 84 78 60 39 53 33 45 49 99 36 88 21 53 43 55 64 58 75 44 94 59 15 26 87 62 65 72 70 50 48 49 28 32 79 72 82 32 12 99 12 95 17 71 94 79 76 30 70 29 33 67 85 80 70 93 56 80 94 34 68 43 13 56 27 95 82 15 85 15 98 0 33 43 58 60 74 26 39 17 52 34 74 62 44 19 97 24 51
87 63 58 94 22 90 55 54 95 44 74 52 66 80 43 72 35 89 18 73 95 62 94 31 84 67 85 16 65 69 88 63 44 39 69 85 12 61 29 51 53 90 41 81 87 81 24 45 95 97 11 77 67 90 76 83 85 50 62 80 84 91 75 91 18 20 85 86 88 40 22 87 36 95 24 72 56 38 75 18 21 85 61 65 78 69 87 69 72 57 69 53 72 61 41 95 68 35 12 82 10 39 55 88 31 18 96 98 20 92 77 76 33 0 41 65 69 12 93 68 15 36 96 97 79 52 69 63 28 14
12 49 14 61 12 88 68 17 25 27 60 52 55 18 23 92 85 74 42 62 26 61 30 91 91 98 55 51 83 70 74 37 33 16 10 55 48 50 63 16 43 65 75 24 96 35 57 13 37 65 81 85 40 70 52 95 72 89 38 13 68 98 26 85 72 92 73 53 92 46 30 85 50 79 22 77 40 90 75 57 28 85 93 41 45 98 91 32 40 48 19 15 52 29 13 46 40 26 95 20 27 19 32 53 92 10 92 73 39 55 24 30 43 41 0 16 98 43 41 43 89 60 59 48 83 88 54 31 11 10
33 12 56 28 33 53 41 37 34 14 20 52 70 63 46 38 20 84 55 78 36 43 64 15 94 69 63 88 90 79 82 13 25 40 78 87 95 64 33 15 88 72 30 34 10 94 38 76 76 45 37 41 91 79 93 93 21 19 74 87 92 39 90 48 56 93 64 47 92 56 90 43 33 74 37 75 53 13 36 66 16 31 79 98 86 34 27 70 86 54 18 66 79 29 55 55 39 58 59 29 45 18 30 24 73 77 15 36 41 17 11 29 58 65 16 0 46 67 25 14 31 63 32 13 77 58 97 96 13 35
85 15 92 67 27 69 67 21 45 40 10 92 64 80 49 82 80 87 43 81 47 63 86 78 24 54 98 15 51 55 83 83 93 20 89 47 34 93 55 50 81 67 90 42 86 48 45 44 60 29 81 10 18 35 24 87 78 39 40 95 19 45 38 73 54 90 51 68 59 35 46 82 98 54 77 14 87 48 58 13 21 94 24 71 29 20 97 54 23 57 26 86 93 64 60 32 94 65 51 97 31 66 54 72 48 77 22 72 27 45 76 54 60 69 98 46 0 81 12 39 62 88 16 38 95 42 57 91 20 78
48 24 43 84 38 51 26 25 43 29 47 40 55 68 95 97 97 94 39 56 18 16 67 73 33 18 21 96 35 50 21 73 55 81 81 96 32 74 49 48 98 60 45 23 53 99 26 17 61 63 49 30 77 98 66 54 64 37 93 62 56 73 29 95 21 93 85 29 67 51 80 63 26 30 79 80 99 78 83 24 78 95 30 75 95 12 94 49 90 71 94 75 10 10 12 44 15 47 18 59 79 66 80 23 31 30 62 99 19 38 62 77 74 12 43 67 81 0 66 23 12 61 64 99 71 83 66 74 13 70
55 61 85 14 24 11 97 30 77 15 35 46 98 66 77 26 28 10 68 93 99 50 67 88 68 32 98 74 90 25 42 17 62 70 73 50 14 42 60 18 77 24 78 67 49 53 86 38 11 64 55 83 31 26 88 51 40 76 25 17 42 90 50 37 90 48 84 79 35 93 40 58 63 95 14 31 69 77 59 47 76 69 43 60 76 86 15 32 25 24 93 93 57 61 90 45 42 10 70 93 46 91 32 39 68 99 12 85 59 23 54 22 26 93 41 25 12 66 0 86 67 44 38 67 47 81 13 86 95 44
48 64 93 84 75 75 91 76 62 30 32 71 58 90 15 35 12 58 47 98 49 11 11 17 97 53 56 12 61 18 88 97 42 83 67 39 42 28 10 65 42 52 73 12 82 35 20 83 86 50 77 59 36 89 50 35 37 59 39 62 70 15 41 81 55 95 13 99 89 30 47 29 14 75 33 18 48 99 79 32 55 90 99 14 62 66 11 67 97 53 21 76 87 94 28 27 12 29 30 40 56 69 89 14 70 41 85 97 55 38 40 75 39 68 43 14 39 23 86 0 34 27 38 10 98 14 81 95 91 51
75 21 28 73 91 66 53 65 15 76 78 75 16 36 87 23 85 62 42 11 51 70 73 51 54 84 56 82 24 43 17 58 29 84 10 94 32 10 90 46 33 18 71 76 68 69 17 82 92 46 64 60 34 80 29 97 32 19 49 27 69 70 47 58 41 87 29 14 65 27 86 34 60 87 34 96 64 96 77 81 31 92 56 48 50 69 89 14 82 21 14 45 23 68 66 68 28 61 36 17 80 29 30 60 52 58 29 91 29 36 65 32 17 15 89 31 62 12 67 34 0 12 28 39 81 40 75 73 97 40
79 35 90 83 27 58 58 34 46 52 95 18 91 37 72 17 91 78 76 20 25 24 29 65 84 73 32 27 95 37 86 99 32 30 23 13 17 18 95 49 89 45 63 43 32 16 77 19 14 84 78 33 32 27 31 92 47 18 41 49 93 37 43 35 21 88 29 49 11 38 86 63 52 98 76 27 17 33 94 22 29 88 34 72 21 40 77 35 10 58 93 80 92 95 87 51 19 16 70 99 79 79 62 61 68 72 99 70 39 26 51 84 52 36 60 63 88 61 44 27 12 0 76 95 64 42 48 43 48 34
66 49 45 93 79 88 20 96 85 28 70 10 30 92 83 84 70 61 11 30 76 93 69 36 13 53 20 53 23 96 41 50 99 79 35 14 87 19 94 40 72 15 59 89 45 90 42 37 18 24 15 50 32 64 26 84 47 79 93 47 40 29 22 55 99 31 26 48 95 84 55 49 10 72 29 71 92 88 87 32 17 88 32 46 63 33 18 38 49 33 86 46 79 28 30 74 72 43 86 81 74 13 56 24 76 49 69 94 88 12 16 76 34 96 59 32 16 64 38 38 28 76 0 79 51 75 78 34 62 81
96 80 73 94 10 28 33 47 84 75 65 26 81 21 56 90 51 36 19 82 24 86 60 74 15 71 45 59 83 57 78 60 94 95 91 24 34 90 32 97 55 26 94 60 48 34 18 71 55 61 99 21 72 59 12 17 19 78 14 35 24 84 69 50 20 63 67 13 18 51 77 98 96 38 30 32 65 94 52 13 84 93 46 65 36 62 40 83 18 61 59 58 11 28 39 28 54 17 10 33 37 51 51 83 32 48 75 62 30 40 94 54 74 97 48 13 38 99 67 10 39 95 79 0 18 24 93 19 33 36
14 50 37 55 95 45 16 42 95 13 59 27 51 16 70 57 40 15 50 79 79 69 79 10 50 81 98 36 36 19 30 81 84 37 11 72 72 23 44 95 58 55 93 40 71 29 48 66 48 73 27 25 36 79 23 61 90 90 62 18 32 89 31 97 44 31 36 22 23 75 45 61 62 81 64 62 48 28 50 70 22 67 26 53 53 77 12 76 83 65 23 83 69 73 59 17 52 63 59 21 42 95 56 43 39 60 86 22 16 37 92 53 62 79 83 77 95 71 47 98 81 64 51 18 0 41 10 31 25 69
36 12 98 53 29 92 25 24 45 26 98 96 34 71 64 88 58 14 79 36 71 76 51 37 87 77 21 42 22 36 22 65 96 73 18 80 68 30 64 20 11 31 59 78 60 55 68 47 89 33 31 88 77 32 62 62 53 57 68 59 46 70 26 90 61 99 31 38 75 92 83 11 97 26 16 22 24 59 57 17 65 82 41 20 64 37 24 65 35 34 89 96 29 44 77 60 51 73 49 36 34 79 48 11 56 88 77 62 69 86 42 92 44 52 88 58 42 83 81 14 40 42 75 24 41 0 44 11 66 75
73 23 18 33 77 28 24 69 92 78 52 23 34 96 39 41 79 46 19 95 65 26 66 43 28 26 78 56 49 53 13 86 75 67 87 46 65 48 61 35 46 44 95 42 99 93 30 37 82 68 40 49 46 78 48 19 88 10 74 33 44 11 57 39 31 42 23 15 85 79 54 46 50 27 23 64 33 96 24 57 60 65 62 96 61 34 74 93 44 28 69 21 17 15 17 88 85 34 38 47 37 58 86 38 73 41 60 76 18 82 53 67 19 69 54 97 57 66 13 81 75 48 78 93 10 44 0 56 35 65
82 59 12 58 99 56 30 80 56 25 78 31 21 84 16 91 47 21 30 91 14 29 31 16 58 23 55 78 69 29 26 44 51 41 66 46 18 70 98 50 24 84 17 87 73 74 41 90 90 33 88 89 48 14 93 67 32 79 33 31 20 99 98 32 46 41 76 86 28 10 88 52 58 62 18 10 31 33 40 67 39 89 33 81 36 41 52 96 50 13 46 53 96 14 46 99 93 98 20 34 94 53 45 99 55 52 97 92 24 20 67 82 97 63 31 96 91 74 86 95 73 43 34 19 31 11 56 0 86 57
79 44 73 24 27 64 70 55 73 80 83 33 41 63 51 25 61 33 96 92 10 28 23 62 49 71 42 67 41 56 54 41 55 31 30 80 56 87 98 77 92 30 29 16 52 94 67 96 33 50 40 67 85 13 42 92 24 17 32 12 52 80 87 31 62 99 10 30 59 35 86 53 49 66 42 62 67 72 64 73 28 21 27 55 40 84 47 10 73 19 14 95 72 74 73 22 98 28 87 49 38 91 90 14 68 13 26 65 32 89 59 47 24 28 11 13 20 13 95 91 97 48 62 33 25 66 35 86 0 84
48 73 98 24 86 13 30 26 59 10 10 74 71 20 44 40 44 37 17 76 27 40 66 81 22 42 39 41 93 76 51 51 59 37 73 72 56 81 70 55 98 45 79 17 78 19 50 42 19 61 50 37 67 48 93 20 61 36 87 90 96 46 67 20 10 23 92 59 85 92 41 34 43 26 32 95 57 56 55 92 94 25 77 98 89 94 12 50 78 45 78 48 38 25 20 34 43 80 22 72 82 69 71 37 56 26 52 63 10 96 25 28 51 14 10 35 78 70 44 51 40 34 81 36 69 75 65 57 84 0