120
0 22 31 24 74 77 76 25 81 73 99 88 56 22 42 63 62 25 69 99 75 54 67 99 16 76 74 61 59 89 40 12 30 18 83 12 67 67 40 71 11 76 68 52 11 78 11 22 27 73 51 25 66 56 66 99 53 37 80 53 81 24 69 83 12 36 15 62 88 70 50 90 77 74 60 15 84 13 59 20 81 38 92 89 36 18 16 99 41 93 26 32 72 25 38 57 40 83 35 89 50 21 97 71 75 45 73 62 17 73 75 84 73 89 62 82 47 64 63 76
22 0 50 36 69 38 64 54 39 67 65 12 64 49 33 22 10 73 98 47 27 86 31 16 38 57 78 46 42 11 84 77 73 45 25 39 22 87 14 53 85 59 14 72 12 72 31 11 48 46 79 83 12 32 86 83 46 43 90 15 67 43 77 83 72 64 54 95 16 36 36 42 80 51 95 67 65 15 98 16 80 97 94 70 22 88 90 50 30 96 44 99 72 86 97 36 78 83 94 44 84 78 17 35 80 41 96 86 86 51 33 40 90 66 40 24 28 32 39 17
31 50 0 93 65 91 19 42 34 91 23 27 48 75 69 64 76 40 30 35 82 64 81 63 82 48 83 55 69 30 83 40 13 26 22 68 92 87 88 56 43 29 74 50 47 82 26 33 52 61 15 84 28 94 89 86 36 42 27 47 58 72 44 25 77 50 11 29 11 33 91 43 39 76 33 46 90 34 21 16 98 15 52 29 30 96 43 86 43 49 71 50 95 26 82 22 63 43 78 40 47 89 32 51 34 30 99 15 81 56 54 67 25 93 25 23 88 75 49 99
24 36 93 0 96 54 71 18 69 26 66 14 72 50 12 38 51 78 78 99 44 69 75 91 27 47 86 21 72 28 59 28 21 73 50 14 98 67 36 95 10 51 63 38 26 32 85 66 10 25 73 41 12 16 44 67 17 69 50 93 64 88 64 23 20 54 71 14 35 98 10 62 43 64 98 68 78 64 91 25 60 42 13 74 60 30 83 26 71 34 31 86 96 84 32 96 43 72 15 18 16 86 37 99 91 42 74 57 18 92 87 31 88 92 87 16 89 24 20 53
74 69 65 96 0 63 73 41 94 49 50 77 98 45 32 27 94 43 43 25 91 55 27 47 59 36 90 86 34 25 42 75 88 34 68 44 40 70 49 52 97 17 32 38 53 41 67 42 27 79 92 23 23 43 79 39 70 24 78 19 84 46 80 15 52 13 95 84 63 41 54 91 16 76 30 40 37 85 61 59 69 90 38 95 39 61 56 25 61 62 38 48 27 24 53 14 93 32 53 17 45 80 65 79 68 47 61 69 94 79 55 75 16 88 46 92 98 20 21 39
77 38 91 54 63 0 90 55 60 97 61 99 68 63 70 57 95 69 92 87 93 59 34 50 57 22 46 41 81 93 49 87 11 33 52 77 77 50 61 20 53 44 17 68 60 49 14 70 75 53 38 63 38 18 46 43 24 63 83 79 87 86 65 87 82 72 22 71 84 34 12 37 97 23 52 17 81 84 23 98 57 14 55 66 22 18 11 92 10 22 14 38 47 85 36 39 22 43 81 22 13 17 71 90 64 36 39 52 28 16 73 97 14 88 85 15 87 56 16 23
76 64 19 71 73 90 0 86 24 77 56 50 13 19 37 75 32 99 76 66 96 89 83 29 55 34 76 12 64 53 44 67 55 75 39 85 20 98 13 54 48 92 36 48 92 71 58 73 75 16 38 61 69 28 54 11 24 41 34 35 93 11 46 24 84 33 41 60 10 96 10 53 75 34 78 81 75 94 90 72 94 90 88 40 81 96 45 23 20 99 10 42 70 35 52 89 76 29 26 27 82 40 28 60 79 44 70 56 25 34 66 51 22 89 18 27 20 82 33 67
25 54 42 18 41 55 86 0 34 18 45 74 85 47 99 88 98 55 81 18 29 67 19 76 72 97 57 35 29 34 57 51 99 70 54 16 61 49 36 68 65 96 35 36 59 68 70 86 52 46 58 28 30 72 58 98 87 53 65 75 99 78 57 23 67 12 29 45 23 93 42 59 74 68 33 56 49 11 46 50 68 26 22 31 80 32 76 27 23 30 23 21 17 50 47 41 72 97 72 80 82 44 58 66 74 11 71 42 75 21 87 15 71 68 28 22 33 91 13 93
81 39 34 69 94 60 24 34 0 11 86 67 36 82 73 28 51 82 38 24 19 87 13 28 80 88 94 12 10 87 28 27 82 35 23 51 86 42 95 82 37 10 77 25 86 21 60 95 68 79 41 69 37 82 37 41 26 30 68 26 70 13 60 46 88 62 32 99 68 45 34 88 84 14 60 25 55 37 75 75 84 75 79 37 63 46 65 31 78 58 32 85 93 58 21 55 22 18 56 62 81 92 30 73 52 66 79 53 14 50 17 18 40 90 63 39 62 43 49 91
73 67 91 26 49 97 77 18 11 0 99 85 40 39 80 53 25 69 14 52 74 20 99 43 19 44 73 40 48 35 68 27 46 65 89 47 11 24 79 89 60 13 48 11 96 54 73 83 48 81 15 36 92 32 98 48 35 26 33 39 44 79 27 44 26 56 93 64 81 52 76 18 32 14 51 13 99 40 10 69 65 49 71 51 79 21 94 41 19 46 49 83 37 45 74 59 59 80 20 65 12 78 42 96 35 48 19 10 19 72 39 70 97 41 67 74 26 61 57 53
99 65 23 66 50 61 56 45 86 99 0 47 62 44 74 93 28 49 58 45 69 26 48 10 88 12 20 57 70 37 72 60 73 83 12 86 64 55 94 63 97 49 13 45 74 17 54 27 74 20 71 98 87 43 18 84 85 29 79 80 82 81 42 48 61 42 20 20 26 19 76 14 80 49 71 21 20 28 38 36 19 81 35 76 35 84 83 50 30 56 48 91 54 21 11 72 56 50 46 86 11 32 51 45 40 58 58 37 91 18 45 44 14 39 45 22 41 58 74 40
88 12 27 14 77 99 50 74 67 85 47 0 53 28 66 17 94 49 16 73 47 93 40 67 61 86 71 67 82 57 49 52 33 39 75 35 53 36 99 61 77 22 93 17 30 77 39 46 58 23 59 22 73 74 25 20 22 15 11 17 96 61 43 85 72 53 33 63 12 76 36 11 79 42 16 18 82 18 80 45 54 46 52 80 17 52 70 88 32 98 82 88 17 80 20 71 25 89 55 60 99 48 63 31 51 16 83 59 73 35 86 44 26 80 55 62 35 89 64 41
56 64 48 72 98 68 13 85 36 40 62 53 0 41 61 75 98 21 60 20 92 77 57 78 61 57 79 56 76 75 44 84 43 75 65 78 11 64 62 29 55 72 77 96 94 92 13 29 92 15 42 80 73 72 21 24 17 95 92 47 14 76 41 51 51 60 87 75 43 42 51 71 57 71 10 44 90 67 71 92 13 88 22 73 93 38 67 90 62 96 61 51 19 42 10 41 54 33 45 79 45 89 99 70 35 28 88 90 10 44 38 13 20 77 89 17 22 35 72 71
22 49 75 50 45 63 19 47 82 39 44 28 41 0 73 95 45 53 51 85 80 68 56 26 32 30 74 96 53 89 77 30 13 47 79 81 37 57 61 41 37 59 18 57 50 29 70 48 18 38 63 18 14 35 33 10 54 93 90 57 56 50 23 56 72 99 17 56 18 66 77 48 81 59 26 80 49 63 25 60 21 79 37 97 62 25 89 15 70 67 55 22 37 88 88 98 84 37 15 53 85 32 29 93 53 16 97 61 87 87 42 81 18 94 28 21 53 64 69 51
42 33 69 12 32 70 37 99 73 80 74 66 61 73 0 74 33 39 22 89 90 34 53 14 94 11 92 59 24 52 70 93 97 78 12 99 91 43 93 96 68 35 96 77 29 71 25 88 31 92 73 38 65 19 94 35 85 80 16 98 79 63 23 48 96 99 67 74 19 46 75 44 95 98 10 80 51 96 28 82 89 80 42 33 80 29 49 83 62 78 93 40 62 12 93 14 16 76 59 59 62 74 78 51 55 43 50 83 28 14 49 42 89 27 85 40 66 40 93 29
63 22 64 38 27 57 75 88 28 53 93 17 75 95 74 0 71 74 86 92 24 86 74 82 86 27 33 15 65 81 45 68 10 69 33 97 22 17 44 64 38 51 22 21 41 15 36 39 26 48 29 83 16 68 60 58 39 85 20 12 26 49 66 69 86 41 98 74 51 53 19 21 15 71 81 37 27 40 48 73 43 21 81 90 33 33 95 18 63 90 57 39 86 45 70 44 68 28 28 29 89 44 25 63 84 27 36 19 86 64 48 28 38 71 46 97 96 68 29 26
62 10 76 51 94 95 32 98 51 25 28 94 98 45 33 71 0 56 47 95 76 53 47 34 60 60 15 58 63 88 18 17 92 27 48 60 50 99 11 56 10 82 82 68 83 43 64 35 87 33 93 35 41 40 55 13 30 59 44 94 86 65 92 34 90 43 10 95 83 45 58 86 78 85 97 94 18 51 83 83 40 16 60 66 18 77 11 24 85 70 47 26 14 62 22 23 45 80 65 98 70 44 83 45 43 59 86 16 95 39 99 18 17 68 65 38 55 31 17 84
25 73 40 78 43 69 99 55 82 69 49 49 21 53 39 74 56 0 95 84 60 61 65 86 21 46 89 75 18 38 23 44 88 87 39 68 71 45 44 38 71 17 49 89 30 14 61 79 68 20 87 90 35 26 33 65 24 19 18 44 17 86 86 40 63 25 56 77 30 78 95 79 61 97 10 32 60 20 11 74 76 53 91 96 66 14 58 83 90 31 72 53 46 39 83 90 15 85 94 61 11 14 98 88 60 61 21 78 20 72 37 85 65 24 99 17 71 18 44 20
69 98 30 78 43 92 76 81 38 14 58 16 60 51 22 86 47 95 0 31 65 97 42 11 16 96 10 77 74 56 98 78 67 78 66 36 95 30 23 98 98 49 51 36 49 37 21 97 52 42 90 10 41 42 10 19 62 51 96 33 43 26 81 42 51 85 76 35 93 37 91 41 81 34 92 10 94 98 78 29 36 83 97 88 54 80 45 29 50 25 83 76 74 98 36 58 88 87 20 97 80 12 54 62 53 77 32 12 71 51 61 49 38 24 83 48 28 95 57 47
99 47 35 99 25 87 66 18 24 52 45 73 20 85 89 92 95 84 31 0 29 95 74 36 66 37 30 36 62 36 81 41 92 78 96 48 30 65 49 20 70 52 80 14 10 65 14 76 44 42 82 48 56 68 74 30 64 74 85 58 89 71 39 43 55 18 15 30 63 80 72 92 78 47 39 69 25 87 19 37 50 68 30 59 77 25 50 36 78 24 98 65 41 93 49 21 91 82 48 24 66 32 81 17 16 24 20 28 56 13 83 58 64 74 62 44 13 44 69 74
75 27 82 44 91 93 96 29 19 74 69 47 92 80 90 24 76 60 65 29 0 85 21 86 97 46 13 35 69 83 62 79 83 99 40 24 75 66 90 90 37 16 57 83 26 95 89 77 28 64 52 85 99 17 10 86 84 70 47 10 30 72 35 96 93 86 67 15 63 39 72 33 86 85 46 67 34 23 75 77 78 45 67 30 10 29 30 78 85 67 38 10 59 76 43 19 61 58 20 45 42 56 10 40 80 18 51 16 38 15 27 50 39 18 70 74 56 26 86 56
54 86 64 69 55 59 89 67 87 20 26 93 77 68 34 86 53 61 97 95 85 0 84 36 55 82 14 64 57 26 37 55 45 23 84 52 30 73 86 99 59 37 96 77 58 81 15 20 94 60 41 36 21 34 68 36 78 59 42 42 47 11 16 35 29 76 23 50 30 51 61 14 91 66 95 59 50 87 57 57 58 10 48 74 10 95 13 19 10 82 92 62 83 76 64 48 66 88 80 95 15 71 89 86 35 98 61 61 76 20 21 43 67 89 83 85 56 53 85 26
67 31 81 75 27 34 83 19 13 99 48 40 57 56 53 74 47 65 42 74 21 84 0 85 99 24 42 15 51 43 68 76 14 39 42 47 90 83 48 62 93 36 43 84 43 92 41 18 70 79 48 22 75 41 73 55 27 46 40 98 17 26 45 27 22 81 13 74 87 95 79 76 13 80 22 19 87 30 42 81 32 73 47 14 92 52 89 80 12 51 18 31 86 66 66 31 98 61 67 93 23 16 39 76 11 97 49 90 18 93 40 16 36 40 74 30 54 32 22 67
99 16 63 91 47 50 29 76 28 43 10 67 78 26 14 82 34 86 11 36 86 36 85 0 98 73 27 84 59 17 27 95 37 76 94 33 79 77 48 47 27 95 79 92 64 20 92 93 80 65 67 65 73 61 37 56 54 85 35 48 59 64 43 27 30 76 96 99 30 79 37 25 23 76 42 36 69 74 56 57 54 39 27 10 35 68 71 64 33 44 95 29 59 86 55 49 42 23 32 51 13 74 87 13 79 19 51 48 69 77 74 24 43 36 36 47 24 36 39 12
16 38 82 27 59 57 55 72 80 19 88 61 61 32 94 86 60 21 16 66 97 55 99 98 0 27 25 81 12 17 22 90 72 48 80 85 60 21 27 46 77 22 15 78 12 65 85 11 10 72 46 29 54 53 13 11 63 21 40 29 45 77 51 71 67 75 50 66 42 53 43 48 47 27 50 47 11 50 90 88 79 30 42 14 52 76 94 62 29 23 17 51 81 61 86 97 67 14 82 30 87 48 96 50 89 23 19 41 57 35 14 27 81 85 39 29 28 72 62 56
76 57 48 47 36 22 34 97 88 44 12 86 57 30 11 27 60 46 96 37 46 82 24 73 27 0 84 70 29 55 12 65 60 55 62 68 24 92 24 20 33 14 91 87 15 48 99 81 45 51 92 80 48 90 91 59 54 23 53 18 24 34 74 74 65 85 54 32 22 75 27 20 53 14 95 63 81 26 83 82 79 77 65 28 17 30 59 14 98 39 91 30 55 47 50 37 61 27 30 37 27 59 40 60 31 54 54 83 49 54 24 85 83 61 68 99 40 91 28 95
74 78 83 86 90 46 76 57 94 73 20 71 79 74 92 33 15 89 10 30 13 14 42 27 25 84 0 53 78 49 86 96 99 97 63 56 60 67 17 41 90 99 57 55 80 48 87 70 86 11 29 62 47 74 74 66 86 27 21 82 41 64 85 77 27 57 78 46 19 40 56 53 82 96 88 25 88 97 95 53 72 76 86 86 58 76 14 85 22 20 85 16 81 14 64 49 83 43 51 84 84 21 11 67 44 35 16 46 42 33 22 50 76 53 76 28 70 42 96 74
61 46 55 21 86 41 12 35 12 40 57 67 56 96 59 15 58 75 77 36 35 64 15 84 81 70 53 0 44 76 99 17 48 94 95 18 56 81 15 31 86 92 16 56 78 54 32 10 57 74 69 81 33 77 42 56 76 76 77 29 47 23 48 43 58 43 63 82 86 62 61 86 41 45 12 61 77 13 45 97 92 26 63 50 24 60 46 19 53 12 41 78 82 16 81 90 89 95 77 90 56 70 83 54 34 29 10 99 23 29 89 53 28 76 90 21 53 57 86 49
59 42 69 72 34 81 64 29 10 48 70 82 76 53 24 65 63 18 74 62 69 57 51 59 12 29 78 44 0 95 62 25 55 22 80 20 37 21 63 91 95 87 11 31 51 25 92 18 65 34 72 43 29 81 42 56 87 28 41 87 78 67 64 12 22 18 47 93 93 37 91 36 37 15 44 41 94 81 42 36 47 33 14 96 13 40 57 11 96 30 74 12 10 57 76 34 34 74 47 68 17 70 85 97 68 64 54 47 10 60 16 25 91 82 41 72 51 27 26 17
89 11 30 28 25 93 53 34 87 35 37 57 75 89 52 81 88 38 56 36 83 26 43 17 17 55 49 76 95 0 18 27 40 92 92 63 69 30 46 96 51 45 91 54 40 65 28 52 61 30 36 40 45 98 38 82 58 97 10 94 52 21 41 98 95 30 99 85 94 44 51 32 76 96 77 83 93 79 30 23 97 96 85 79 45 11 94 11 23 94 62 53 95 50 25 69 42 51 86 88 35 72 22 72 86 97 36 68 12 34 83 60 60 57 25 11 89 57 35 60
40 84 83 59 42 49 44 57 28 68 72 49 44 77 70 45 18 23 98 81 62 37 68 27 22 12 86 99 62 18 0 35 57 85 29 84 46 93 95 73 97 85 20 86 74 19 84 21 99 19 16 61 16 95 97 42 80 61 87 28 77 22 25 31 77 10 54 10 72 92 18 52 26 19 32 92 60 70 42 72 61 22 81 22 53 56 51 86 34 12 13 89 15 82 65 57 43 57 91 69 79 49 58 18 24 71 61 61 57 84 25 20 81 59 20 86 89 70 35 21
12 77 40 28 75 87 67 51 27 27 60 52 84 30 93 68 17 44 78 41 79 55 76 95 90 65 96 17 25 27 35 0 71 83 33 41 95 41 28 24 10 80 12 59 22 96 92 26 45 18 15 52 48 50 19 47 98 73 42 73 51 83 56 23 28 43 12 87 17 53 64 93 10 90 87 40 82 78 67 19 90 37 59 61 84 11 55 40 47 21 32 46 53 70 70 66 93 98 16 89 12 93 73 66 46 44 28 20 80 30 34 19 41 76 60 47 12 24 48 71
30 73 13 21 88 11 55 99 82 46 73 33 43 13 97 10 92 88 67 92 83 45 14 37 72 60 99 48 55 40 57 71 0 31 90 19 70 35 56 91 23 28 33 93 57 93 70 23 52 45 84 36 94 53 65 90 92 67 86 16 94 99 35 77 72 35 18 50 33 70 28 92 64 86 36 40 77 96 63 87 29 80 56 51 59 72 78 19 92 10 11 25 24 64 50 91 93 60 84 71 46 79 39 93 13 87 83 23 47 29 44 57 35 27 25 93 60 88 42 63
18 45 26 73 34 33 75 70 35 65 83 39 75 47 78 69 27 87 78 78 99 23 39 76 48 55 97 94 22 92 85 83 31 0 42 89 94 89 86 13 44 32 81 12 77 93 41 10 61 24 96 88 40 62 11 27 24 16 62 49 15 90 24 65 97 54 50 24 89 80 91 97 90 73 78 64 62 13 17 67 20 32 79 91 94 55 11 58 36 44 88 31 64 48 55 58 69 51 33 96 79 94 55 18 68 54 89 77 96 36 20 57 57 43 77 22 63 99 19 29
83 25 22 50 68 52 39 54 23 89 12 75 65 79 12 33 48 39 66 96 40 84 42 94 80 62 63 95 80 92 29 33 90 42 0 26 15 10 63 50 60 27 66 21 27 53 37 18 39 25 77 26 92 51 36 41 98 87 60 12 23 63 32 40 57 51 90 96 74 11 47 94 76 47 61 23 70 11 75 22 18 59 76 54 83 63 73 92 21 36 51 38 56 10 99 87 11 63 93 55 63 18 11 55 58 47 25 16 96 46 36 76 73 55 38 10 19 95 95 85
12 39 68 14 44 77 85 16 51 47 86 35 78 81 99 97 60 68 36 48 24 52 47 33 85 68 56 18 20 63 84 41 19 89 26 0 22 95 44 77 56 97 69 43 45 44 88 16 82 55 39 23 37 79 48 63 40 34 62 31 94 73 89 36 77 15 13 74 63 47 10 86 68 78 52 82 50 48 27 93 94 35 40 41 29 33 21 62 10 42 85 19 77 67 21 29 55 81 12 19 93 94 30 11 86 79 67 28 36 22 13 33 78 84 24 70 11 93 59 40
67 22 92 98 40 77 20 61 86 11 64 53 11 37 91 22 50 71 95 30 75 30 90 79 60 24 60 56 37 69 46 95 70 94 15 22 0 99 62 76 23 13 49 90 13 38 70 97 35 38 78 34 59 50 81 48 89 13 20 87 50 72 72 74 73 83 75 67 38 55 95 48 93 94 73 22 32 67 35 92 33 24 52 53 97 99 51 36 68 97 36 38 62 50 85 62 20 35 82 13 55 80 20 89 24 10 91 13 46 80 94 92 38 17 47 16 41 49 34 67
67 87 87 67 70 50 98 49 42 24 55 36 64 57 43 17 99 45 30 65 66 73 83 77 21 92 67 81 21 30 93 41 35 89 10 95 99 0 84 70 72 92 20 55 80 52 86 64 84 18 44 40 42 68 78 38 38 16 51 23 17 24 93 15 90 67 56 71 38 96 45 45 48 15 11 48 65 30 71 24 78 15 79 32 90 78 35 77 34 58 44 77 27 91 84 76 71 53 20 18 36 63 47 43 70 77 29 62 60 60 66 60 18 65 89 94 70 91 68 26
40 14 88 36 49 61 13 36 95 79 94 99 62 61 93 44 11 44 23 49 90 86 48 48 27 24 17 15 63 46 95 28 56 86 63 44 62 84 0 86 85 29 97 77 77 30 11 22 44 67 92 64 26 11 55 89 29 14 45 95 91 55 93 36 61 24 70 80 22 86 25 25 84 55 75 53 70 10 55 68 64 91 14 73 32 92 24 74 33 78 66 17 58 17 92 60 52 57 23 37 11 56 33 57 72 99 64 21 27 23 10 43 98 48 84 84 24 32 88 73
71 53 56 95 52 20 54 68 82 89 63 61 29 41 96 64 56 38 98 20 90 99 62 47 46 20 41 31 91 96 73 24 91 13 50 77 76 70 86 0 55 99 14 71 49 30 96 30 24 79 48 72 56 12 44 92 16 63 69 40 92 47 15 93 31 64 63 84 80 71 45 47 28 94 66 23 33 91 21 25 75 59 35 79 81 90 33 92 32 87 49 23 22 92 78 58 39 53 10 12 12 96 73 45 26 57 74 43 11 57 54 87 21 77 28 33 90 77 60 57
11 85 43 10 97 53 48 65 37 60 97 77 55 37 68 38 10 71 98 70 37 59 93 27 77 33 90 86 95 51 97 10 23 44 60 56 23 72 85 55 0 92 16 24 50 87 31 51 19 65 29 96 80 24 75 38 88 96 52 58 62 68 97 17 10 78 94 36 27 63 95 96 34 75 60 95 62 93 55 53 29 48 72 20 37 47 86 81 76 92 15 60 69 28 45 87 16 29 36 98 75 49 53 88 73 29 38 81 71 63 68 31 71 65 38 16 72 61 40 83
76 59 29 51 17 44 92 96 10 13 49 22 72 59 35 51 82 17 49 52 16 37 36 95 22 14 99 92 87 45 85 80 28 32 27 97 13 92 29 99 92 0 79 79 96 44 24 79 95 33 15 73 37 32 78 97 25 34 69 40 11 19 86 28 26 43 61 88 83 19 73 29 58 77 57 33 31 87 99 88 78 24 34 93 19 87 66 86 26 75 18 51 66 79 43 51 70 45 62 99 90 40 72 96 64 26 14 42 44 35 72 54 49 18 94 75 14 36 14 19
68 14 74 63 32 17 36 35 77 48 13 93 77 18 96 22 82 49 51 80 57 96 43 79 15 91 57 16 11 91 20 12 33 81 66 69 49 20 97 14 16 79 0 88 27 46 77 90 60 51 41 50 95 56 39 17 67 24 11 42 74 94 61 35 81 12 56 64 36 18 82 71 27 34 33 86 78 51 23 94 94 99 37 44 43 67 46 55 30 85 57 91 84 10 10 58 12 37 87 45 68 25 15 58 52 80 82 56 15 72 90 65 32 95 76 66 56 33 88 29
52 72 50 38 38 68 48 36 25 11 45 17 96 57 77 21 68 89 36 14 83 77 84 92 78 87 55 56 31 54 86 59 93 12 21 43 90 55 77 71 24 79 88 0 32 48 24 28 17 18 92 55 51 22 59 94 82 82 41 43 11 39 63 25 70 48 49 65 19 16 71 97 92 79 21 11 60 79 97 78 66 43 77 63 86 10 47 43 64 30 69 58 99 10 29 47 84 10 72 25 22 59 13 41 54 85 73 64 43 34 31 12 13 78 51 46 40 95 58 84
11 12 47 26 53 60 92 59 86 96 74 30 94 50 29 41 83 30 49 10 26 58 43 64 12 15 80 78 51 40 74 22 57 77 27 45 13 80 77 49 50 96 27 32 0 47 80 13 67 56 74 82 38 14 92 27 63 77 61 54 76 52 80 61 92 37 10 82 12 46 31 35 55 54 52 74 59 15 37 95 49 50 93 92 45 53 83 96 43 70 87 36 26 70 48 63 73 19 27 27 64 93 38 13 25 28 40 92 48 78 87 69 32 81 50 81 36 93 91 94
78 72 82 32 41 49 71 68 21 54 17 77 92 29 71 15 43 14 37 65 95 81 92 20 65 48 48 54 25 65 19 96 93 93 53 44 38 52 30 30 87 44 46 48 47 0 94 84 80 30 17 70 82 52 89 88 39 12 16 20 45 98 21 99 48 42 16 20 74 95 70 34 16 65 29 42 61 42 73 72 69 71 93 38 34 21 57 64 77 60 76 67 98 72 19 49 12 16 41 78 89 85 46 47 24 56 82 27 61 33 49 42 70 44 88 45 37 49 75 12
11 31 26 85 67 14 58 70 60 73 54 39 13 70 25 36 64 61 21 14 89 15 41 92 85 99 87 32 92 28 84 92 70 41 37 88 70 86 11 96 31 24 77 24 80 94 0 34 88 58 30 60 62 25 43 32 53 11 54 46 35 37 29 12 16 49 97 20 26 66 54 37 34 47 82 32 36 53 58 37 48 92 60 17 49 69 49 48 35 34 83 88 26 19 89 37 66 19 10 46 78 16 96 31 43 77 29 78 79 35 16 20 14 74 60 15 69 63 70 20
22 11 33 66 42 70 73 86 95 83 27 46 29 48 88 39 35 79 97 76 77 20 18 93 11 81 70 10 18 52 21 26 23 10 18 16 97 64 22 30 51 79 90 28 13 84 34 0 67 73 87 70 39 82 69 48 82 77 43 50 86 11 94 33 58 39 13 18 69 33 87 32 83 37 70 66 70 30 48 83 21 94 66 64 69 98 26 12 35 70 20 86 83 99 66 22 29 68 49 73 64 24 49 34 74 11 62 28 41 62 50 17 77 61 88 29 17 79 70 26
27 48 52 10 27 75 75 52 68 48 74 58 92 18 31 26 87 68 52 44 28 94 70 80 10 45 86 57 65 61 99 45 52 61 39 82 35 84 44 24 19 95 60 17 67 80 88 67 0 26 68 64 95 80 16 33 62 26 79 97 86 56 62 90 79 32 41 63 26 24 74 13 30 42 93 63 37 82 57 98 56 34 11 34 67 26 36 23 94 91 65 41 88 24 73 33 24 45 41 36 83 19 24 73 82 21 11 95 21 76 36 13 69 68 79 21 51 15 57 62
73 46 61 25 79 53 16 46 79 81 20 23 15 38 92 48 33 20 42 42 64 60 79 65 72 51 11 74 34 30 19 18 45 24 25 55 38 18 67 79 65 33 51 18 56 30 58 73 26 0 86 25 14 97 77 33 36 45 29 23 42 20 22 33 30 90 34 96 45 20 17 11 18 28 46 87 39 45 96 84 49 75 40 53 61 17 12 74 96 38 84 73 55 61 53 50 64 27 72 42 81 91 63 71 89 90 68 60 29 31 51 51 39 96 33 33 84 22 14 60
51 79 15 73 92 38 38 58 41 15 71 59 42 63 73 29 93 87 90 82 52 41 48 67 46 92 29 69 72 36 16 15 84 96 77 39 78 44 92 48 29 15 41 92 74 17 30 87 68 86 0 45 51 64 31 97 13 72 90 31 45 13 73 31 49 59 40 82 42 59 88 21 52 86 40 50 69 79 92 77 75 72 81 69 12 33 77 65 10 62 35 65 52 97 47 68 85 56 90 46 65 57 48 70 67 82 37 68 12 94 64 72 91 77 86 39 33 93 84 80
25 83 84 41 23 63 61 28 69 36 98 22 80 18 38 83 35 90 10 48 85 36 22 65 29 80 62 81 43 40 61 52 36 88 26 23 34 40 64 72 96 73 50 55 82 70 60 70 64 25 45 0 27 91 41 20 75 99 51 69 88 48 25 76 57 64 67 86 66 27 13 65 74 59 97 93 86 72 22 55 97 16 77 13 92 13 21 13 26 50 54 41 75 63 89 66 64 89 83 31 34 37 54 70 67 71 71 99 99 84 68 96 33 92 88 60 26 96 24 11
66 12 28 12 23 38 69 30 37 92 87 73 73 14 65 16 41 35 41 56 99 21 75 73 54 48 47 33 29 45 16 48 94 40 92 37 59 42 26 56 80 37 95 51 38 82 62 39 95 14 51 27 0 19 87 32 99 84 41 88 63 86 45 36 95 45 69 19 52 55 12 34 86 17 93 55 59 27 34 11 74 51 37 92 92 44 44 98 51 41 61 49 18 34 41 59 50 49 76 73 81 52 92 61 22 14 42 37 84 26 63 82 70 53 77 16 81 98 27 38
56 32 94 16 43 18 28 72 82 32 43 74 72 35 19 68 40 26 42 68 17 34 41 61 53 90 74 77 81 98 95 50 53 62 51 79 50 68 11 12 24 32 56 22 14 52 25 82 80 97 64 91 19 0 95 19 71 90 20 30 81 57 18 29 72 15 36 99 90 79 79 91 78 38 82 99 40 54 59 16 67 88 82 27 44 98 34 70 25 87 11 36 46 11 80 98 92 57 33 32 15 64 76 95 94 96 14 47 91 37 44 66 30 12 51 90 76 63 81 42
66 86 89 44 79 46 54 58 37 98 18 25 21 33 94 60 55 33 10 74 10 68 73 37 13 91 74 42 42 38 97 19 65 11 36 48 81 78 55 44 75 78 39 59 92 89 43 69 16 77 31 41 87 95 0 97 20 13 92 87 98 65 53 23 57 77 74 54 40 75 49 29 71 22 74 35 94 21 25 79 49 84 60 39 48 52 69 12 92 71 54 99 65 63 49 12 26 53 45 13 70 45 68 79 77 40 85 20 78 91 54 81 44 65 18 94 49 54 74 48
99 83 86 67 39 43 11 98 41 48 84 20 24 10 35 58 13 65 19 30 86 36 55 56 11 59 66 56 56 82 42 47 90 27 41 63 48 38 89 92 38 97 17 94 27 88 32 48 33 33 97 20 32 19 97 0 33 74 96 23 28 71 64 86 44 43 90 82 27 11 26 10 96 64 59 42 78 73 72 68 93 83 13 18 28 19 99 58 98 58 47 68 80 13 46 33 30 37 76 53 98 70 61 13 60 82 63 32 12 80 62 88 69 49 50 42 58 71 43 59
53 46 36 17 70 24 24 87 26 35 85 22 17 54 85 39 30 24 62 64 84 78 27 54 63 54 86 76 87 58 80 98 92 24 98 40 89 38 29 16 88 25 67 82 63 39 53 82 62 36 13 75 99 71 20 33 0 24 70 35 69 24 41 58 17 45 47 81 66 27 73 83 25 27 34 76 12 34 18 79 90 62 57 56 46 76 14 98 10 47 84 26 36 61 82 25 70 89 72 37 84 58 58 36 98 29 29 24 99 33 22 16 43 76 67 67 33 71 42 82
37 43 42 69 24 63 41 53 30 26 29 15 95 93 80 85 59 19 51 74 70 59 46 85 21 23 27 76 28 97 61 73 67 16 87 34 13 16 14 63 96 34 24 82 77 12 11 77 26 45 72 99 84 90 13 74 24 0 70 54 37 74 41 44 74 30 79 73 79 33 45 83 43 29 15 30 28 17 11 35 92 83 86 62 13 32 16 37 42 77 36 54 88 62 12 45 25 58 34 21 45 44 73 64 31 96 17 42 95 60 35 28 90 23 66 39 82 38 52 62
80 90 27 50 78 83 34 65 68 33 79 11 92 90 16 20 44 18 96 85 47 42 40 35 40 53 21 77 41 10 87 42 86 62 60 62 20 51 45 69 52 69 11 41 61 16 54 43 79 29 90 51 41 20 92 96 70 70 0 93 81 83 59 43 41 58 39 33 26 40 69 84 20 48 55 77 23 77 25 92 94 62 54 16 96 77 82 62 82 40 96 72 55 26 85 28 11 82 22 91 38 18 33 57 80 84 80 36 24 82 84 75 17 31 27 78 38 61 69 93
53 15 47 93 19 79 35 75 26 39 80 17 47 57 98 12 94 44 33 58 10 42 98 48 29 18 82 29 87 94 28 73 16 49 12 31 87 23 95 40 58 40 42 43 54 20 46 50 97 23 31 69 88 30 87 23 35 54 93 0 97 67 68 78 72 14 94 70 36 72 81 63 49 90 44 98 59 57 92 56 47 56 21 81 86 59 38 40 55 78 26 36 51 89 92 22 73 26 80 88 65 42 62 49 73 78 62 10 68 41 38 19 63 96 23 19 42 19 76 82
81 67 58 64 84 87 93 99 70 44 82 96 14 56 79 26 86 17 43 89 30 47 17 59 45 24 41 47 78 52 77 51 94 15 23 94 50 17 91 92 62 11 74 11 76 45 35 86 86 42 45 88 63 81 98 28 69 37 81 97 0 49 87 59 33 27 90 96 60 92 63 32 60 71 49 13 55 98 31 61 11 82 54 45 13 88 67 75 42 77 45 43 18 10 47 33 28 54 94 14 95 33 28 35 44 97 76 80 85 16 64 28 12 98 15 50 95 59 28 12
24 43 72 88 46 86 11 78 13 79 81 61 76 50 63 49 65 86 26 71 72 11 26 64 77 34 64 23 67 21 22 83 99 90 63 73 72 24 55 47 68 19 94 39 52 98 37 11 56 20 13 48 86 57 65 71 24 74 83 67 49 0 97 81 61 88 38 57 17 32 47 37 86 83 70 46 50 42 11 69 18 56 69 92 37 90 78 47 58 18 97 48 26 46 22 32 10 45 26 74 64 59 67 96 58 12 12 26 62 37 33 49 70 39 12 95 47 59 16 33
69 77 44 64 80 65 46 57 60 27 42 43 41 23 23 66 92 86 81 39 35 16 45 43 51 74 85 48 64 41 25 56 35 24 32 89 72 93 93 15 97 86 61 63 80 21 29 94 62 22 73 25 45 18 53 64 41 41 59 68 87 97 0 30 38 81 38 18 35 12 85 82 59 70 51 40 30 53 15 14 85 79 17 57 65 82 55 87 58 97 67 86 43 31 14 43 46 10 35 97 83 23 41 58 73 30 20 18 16 68 96 55 34 95 28 53 69 94 43 23
83 83 25 23 15 87 24 23 46 44 48 85 51 56 48 69 34 40 42 43 96 35 27 27 71 74 77 43 12 98 31 23 77 65 40 36 74 15 36 93 17 28 35 25 61 99 12 33 90 33 31 76 36 29 23 86 58 44 43 78 59 81 30 0 31 71 12 59 60 54 67 49 78 18 87 71 77 52 59 79 46 52 49 88 84 55 36 35 59 54 97 22 35 16 86 66 49 25 62 75 81 84 14 14 44 66 88 61 83 31 15 28 47 54 16 75 24 33 56 97
12 72 77 20 52 82 84 67 88 26 61 72 51 72 96 86 90 63 51 55 93 29 22 30 67 65 27 58 22 95 77 28 72 97 57 77 73 90 61 31 10 26 81 70 92 48 16 58 79 30 49 57 95 72 57 44 17 74 41 72 33 61 38 31 0 39 58 80 43 48 42 23 20 38 82 87 50 99 45 47 54 38 89 16 12 16 18 40 19 67 46 47 11 25 18 87 63 43 65 86 96 30 53 61 94 39 39 86 25 85 57 65 86 91 82 99 76 19 25 79
36 64 50 54 13 72 33 12 62 56 42 53 60 99 99 41 43 25 85 18 86 76 81 76 75 85 57 43 18 30 10 43 35 54 51 15 83 67 24 64 78 43 12 48 37 42 49 39 32 90 59 64 45 15 77 43 45 30 58 14 27 88 81 71 39 0 83 92 87 63 93 32 75 19 54 98 56 70 44 27 36 62 37 68 50 89 88 73 20 77 65 86 71 20 53 81 91 33 29 42 27 21 89 88 84 30 64 26 41 91 88 22 24 79 65 21 32 63 58 81
15 54 11 71 95 22 41 29 32 93 20 33 87 17 67 98 10 56 76 15 67 23 13 96 50 54 78 63 47 99 54 12 18 50 90 13 75 56 70 63 94 61 56 49 10 16 97 13 41 34 40 67 69 36 74 90 47 79 39 94 90 38 38 12 58 83 0 55 67 88 68 54 12 75 94 85 35 51 75 77 59 19 74 17 32 61 89 82 91 52 90 94 23 37 48 46 94 38 37 24 68 34 81 31 68 46 86 55 57 78 19 56 41 22 45 37 22 71 82 14
62 95 29 14 84 71 60 45 99 64 20 63 75 56 74 74 95 77 35 30 15 50 74 99 66 32 46 82 93 85 10 87 50 24 96 74 67 71 80 84 36 88 64 65 82 20 20 18 63 96 82 86 19 99 54 82 81 73 33 70 96 57 18 59 80 92 55 0 44 27 59 80 21 96 76 36 45 57 67 55 78 70 69 77 81 64 31 72 72 56 92 48 94 74 56 98 87 10 68 99 87 71 82 34 87 85 84 28 97 87 99 13 30 90 47 54 24 87 21 67
88 16 11 35 63 84 10 23 68 81 26 12 43 18 19 51 83 30 93 63 63 30 87 30 42 22 19 86 93 94 72 17 33 89 74 63 38 38 22 80 27 83 36 19 12 74 26 69 26 45 42 66 52 90 40 27 66 79 26 36 60 17 35 60 43 87 67 44 0 72 20 50 55 23 77 63 30 82 72 59 11 73 82 31 81 29 61 85 15 90 49 97 13 70 93 91 46 19 50 69 14 44 52 86 24 76 35 35 47 17 89 56 60 36 10 51 52 56 36 70
70 36 33 98 41 34 96 93 45 52 19 76 42 66 46 53 45 78 37 80 39 51 95 79 53 75 40 62 37 44 92 53 70 80 11 47 55 96 86 71 63 19 18 16 46 95 66 33 24 20 59 27 55 79 75 11 27 33 40 72 92 32 12 54 48 63 88 27 72 0 35 48 57 62 58 74 85 35 90 51 89 35 85 40 56 99 48 96 97 89 90 19 42 47 24 55 35 73 94 56 37 92 81 11 75 48 57 15 11 98 18 13 33 72 55 96 47 71 69 44
50 36 91 10 54 12 10 42 34 76 76 36 51 77 75 19 58 95 91 72 72 61 79 37 43 27 56 61 91 51 18 64 28 91 47 10 95 45 25 45 95 73 82 71 31 70 54 87 74 17 88 13 12 79 49 26 73 45 69 81 63 47 85 67 42 93 68 59 20 35 0 29 40 21 35 32 66 17 62 64 53 25 96 51 92 66 32 63 22 33 50 86 16 62 96 52 52 39 15 49 22 37 74 59 97 27 48 44 98 82 89 88 62 59 71 47 61 63 11 41
90 42 43 62 91 37 53 59 88 18 14 11 71 48 44 21 86 79 41 92 33 14 76 25 48 20 53 86 36 32 52 93 92 97 94 86 48 45 25 47 96 29 71 97 35 34 37 32 13 11 21 65 34 91 29 10 83 83 84 63 32 37 82 49 23 32 54 80 50 48 29 0 22 71 31 77 90 20 93 29 21 75 19 91 14 29 91 90 88 20 19 85 70 78 93 43 92 65 79 58 26 91 84 52 80 24 95 15 97 55 84 30 98 40 78 99 84 40 80 51
77 80 39 43 16 97 75 74 84 32 80 79 57 81 95 15 78 61 81 78 86 91 13 23 47 53 82 41 37 76 26 10 64 90 76 68 93 48 84 28 34 58 27 92 55 16 34 83 30 18 52 74 86 78 71 96 25 43 20 49 60 86 59 78 20 75 12 21 55 57 40 22 0 84 20 95 58 36 62 62 30 18 77 78 76 11 74 30 85 71 82 98 13 80 97 27 60 58 40 81 28 47 99 10 56 37 97 76 47 73 35 10 45 16 14 94 95 93 86 22
74 51 76 64 76 23 34 68 14 14 49 42 71 59 98 71 85 97 34 47 85 66 80 76 27 14 96 45 15 96 19 90 86 73 47 78 94 15 55 94 75 77 34 79 54 65 47 37 42 28 86 59 17 38 22 64 27 29 48 90 71 83 70 18 38 19 75 96 23 62 21 71 84 0 39 15 19 88 79 44 88 98 72 46 35 70 75 35 72 82 84 66 36 54 40 83 37 63 64 36 71 62 73 26 15 64 53 14 86 75 56 48 95 79 36 67 75 91 70 28
60 95 33 98 30 52 78 33 60 51 71 16 10 26 10 81 97 10 92 39 46 95 22 42 50 95 88 12 44 77 32 87 36 78 61 52 73 11 75 66 60 57 33 21 52 29 82 70 93 46 40 97 93 82 74 59 34 15 55 44 49 70 51 87 82 54 94 76 77 58 35 31 20 39 0 61 63 13 30 24 93 72 51 39 23 14 51 98 10 92 20 50 78 58 32 60 28 85 51 82 94 64 98 22 70 87 25 31 55 11 69 64 63 25 89 35 42 20 18 16
15 67 46 68 40 17 81 56 25 13 21 18 44 80 80 37 94 32 10 69 67 59 19 36 47 63 25 61 41 83 92 40 40 64 23 82 22 48 53 23 95 33 86 11 74 42 32 66 63 87 50 93 55 99 35 42 76 30 77 98 13 46 40 71 87 98 85 36 63 74 32 77 95 15 61 0 36 34 91 30 63 38 63 61 78 67 79 69 74 68 70 60 30 31 31 11 29 27 98 37 48 65 36 18 45 64 20 79 30 72 87 77 84 61 76 78 19 89 60 93
84 65 90 78 37 81 75 49 55 99 20 82 90 49 51 27 18 60 94 25 34 50 87 69 11 81 88 77 94 93 60 82 77 62 70 50 32 65 70 33 62 31 78 60 59 61 36 70 37 39 69 86 59 40 94 78 12 28 23 59 55 50 30 77 50 56 35 45 30 85 66 90 58 19 63 36 0 88 17 38 46 69 41 54 39 52 98 51 87 61 39 73 22 56 26 91 52 72 64 72 94 15 81 96 31 43 15 63 50 12 49 18 17 28 81 43 29 26 93 24
13 15 34 64 85 84 94 11 37 40 28 18 67 63 96 40 51 20 98 87 23 87 30 74 50 26 97 13 81 79 70 78 96 13 11 48 67 30 10 91 93 87 51 79 15 42 53 30 82 45 79 72 27 54 21 73 34 17 77 57 98 42 53 52 99 70 51 57 82 35 17 20 36 88 13 34 88 0 16 82 87 56 38 86 87 23 33 49 37 57 92 82 31 13 88 54 98 26 91 39 60 54 42 27 31 22 88 44 97 68 59 20 97 45 82 52 95 75 51 25
59 98 21 91 61 23 90 46 75 10 38 80 71 25 28 48 83 11 78 19 75 57 42 56 90 83 95 45 42 30 42 67 63 17 75 27 35 71 55 21 55 99 23 97 37 73 58 48 57 96 92 22 34 59 25 72 18 11 25 92 31 11 15 59 45 44 75 67 72 90 62 93 62 79 30 91 17 16 0 83 75 67 65 39 79 15 34 31 61 52 23 58 27 68 28 89 61 62 40 29 43 20 35 60 83 46 28 12 14 33 47 31 65 37 67 67 19 67 18 33
20 16 16 25 59 98 72 50 75 69 36 45 92 60 82 73 83 74 29 37 77 57 81 57 88 82 53 97 36 23 72 19 87 67 22 93 92 24 68 25 53 88 94 78 95 72 37 83 98 84 77 55 11 16 79 68 79 35 92 56 61 69 14 79 47 27 77 55 59 51 64 29 62 44 24 30 38 82 83 0 47 73 71 38 75 94 90 85 28 67 53 25 57 94 38 60 65 44 36 95 53 12 91 21 47 98 86 64 82 97 40 78 24 36 50 54 51 81 89 26
81 80 98 60 69 57 94 68 84 65 19 54 13 21 89 43 40 76 36 50 78 58 32 54 79 79 72 92 47 97 61 90 29 20 18 94 33 78 64 75 29 78 94 66 49 69 48 21 56 49 75 97 74 67 49 93 90 92 94 47 11 18 85 46 54 36 59 78 11 89 53 21 30 88 93 63 46 87 75 47 0 30 28 17 21 93 22 43 79 49 49 50 42 66 74 14 90 60 36 11 85 98 39 48 21 26 11 77 59 44 48 41 23 99 27 55 36 70 54 41
38 97 15 42 90 14 90 26 75 49 81 46 88 79 80 21 16 53 83 68 45 10 73 39 30 77 76 26 33 96 22 37 80 32 59 35 24 15 91 59 48 24 99 43 50 71 92 94 34 75 72 16 51 88 84 83 62 83 62 56 82 56 79 52 38 62 19 70 73 35 25 75 18 98 72 38 69 56 67 73 30 0 56 76 74 84 61 92 50 10 87 40 94 41 53 70 69 56 30 58 47 23 22 78 32 69 22 53 32 31 13 23 24 20 33 65 46 74 69 12
92 94 52 13 38 55 88 22 79 71 35 52 22 37 42 81 60 91 97 30 67 48 47 27 42 65 86 63 14 85 81 59 56 79 76 40 52 79 14 35 72 34 37 77 93 93 60 66 11 40 81 77 37 82 60 13 57 86 54 21 54 69 17 49 89 37 74 69 82 85 96 19 77 72 51 63 41 38 65 71 28 56 0 42 98 80 46 18 82 13 89 58 74 10 10 20 12 85 25 83 72 67 65 34 50 22 92 38 36 33 50 76 48 93 57 18 62 39 35 53
89 70 29 74 95 66 40 31 37 51 76 80 73 97 33 90 66 96 88 59 30 74 14 10 14 28 86 50 96 79 22 61 51 91 54 41 53 32 73 79 20 93 44 63 92 38 17 64 34 53 69 13 92 27 39 18 56 62 16 81 45 92 57 88 16 68 17 77 31 40 51 91 78 46 39 61 54 86 39 38 17 76 42 0 30 55 15 54 70 49 58 75 67 97 94 14 67 50 18 48 94 73 55 80 85 50 58 90 40 87 62 67 89 17 30 32 53 49 28 78
36 22 30 60 39 22 81 80 63 79 35 17 93 62 80 33 18 66 54 77 10 10 92 35 52 17 58 24 13 45 53 84 59 94 83 29 97 90 32 81 37 19 43 86 45 34 49 69 67 61 12 92 92 44 48 28 46 13 96 86 13 37 65 84 12 50 32 81 81 56 92 14 76 35 23 78 39 87 79 75 21 74 98 30 0 13 43 99 33 38 29 79 35 61 83 60 53 14 97 89 26 23 48 12 84 42 56 35 75 41 21 41 43 97 23 72 54 45 35 45
18 88 96 30 61 18 96 32 46 21 84 52 38 25 29 33 77 14 80 25 29 95 52 68 76 30 76 60 40 11 56 11 72 55 63 33 99 78 92 90 47 87 67 10 53 21 69 98 26 17 33 13 44 98 52 19 76 32 77 59 88 90 82 55 16 89 61 64 29 99 66 29 11 70 14 67 52 23 15 94 93 84 80 55 13 0 44 44 20 12 30 28 43 41 57 80 21 74 11 97 48 55 51 78 18 30 15 49 27 25 88 64 93 84 86 29 53 48 35 43
16 90 43 83 56 11 45 76 65 94 83 70 67 89 49 95 11 58 45 50 30 13 89 71 94 59 14 46 57 94 51 55 78 11 73 21 51 35 24 33 86 66 46 47 83 57 49 26 36 12 77 21 44 34 69 99 14 16 82 38 67 78 55 36 18 88 89 31 61 48 32 91 74 75 51 79 98 33 34 90 22 61 46 15 43 44 0 22 77 88 90 55 43 90 68 46 54 74 89 18 41 10 82 55 74 34 63 47 66 43 37 32 50 60 22 64 78 37 89 88
99 50 86 26 25 92 23 27 31 41 50 88 90 15 83 18 24 83 29 36 78 19 80 64 62 14 85 19 11 11 86 40 19 58 92 62 36 77 74 92 81 86 55 43 96 64 48 12 23 74 65 13 98 70 12 58 98 37 62 40 75 47 87 35 40 73 82 72 85 96 63 90 30 35 98 69 51 49 31 85 43 92 18 54 99 44 22 0 99 59 34 19 32 52 72 27 92 50 83 25 72 93 45 79 63 85 36 14 35 59 41 56 62 60 25 73 54 65 25 74
41 30 43 71 61 10 20 23 78 19 30 32 62 70 62 63 85 90 50 78 85 10 12 33 29 98 22 53 96 23 34 47 92 36 21 10 68 34 33 32 76 26 30 64 43 77 35 35 94 96 10 26 51 25 92 98 10 42 82 55 42 58 58 59 19 20 91 72 15 97 22 88 85 72 10 74 87 37 61 28 79 50 82 70 33 20 77 99 0 99 76 33 93 42 94 95 45 27 70 53 88 91 68 81 79 46 41 94 97 58 48 17 93 17 99 51 56 40 87 24
93 96 49 34 62 22 99 30 58 46 56 98 96 67 78 90 70 31 25 24 67 82 51 44 23 39 20 12 30 94 12 21 10 44 36 42 97 58 78 87 92 75 85 30 70 60 34 70 91 38 62 50 41 87 71 58 47 77 40 78 77 18 97 54 67 77 52 56 90 89 33 20 71 82 92 68 61 57 52 67 49 10 13 49 38 12 88 59 99 0 47 43 48 80 98 18 57 88 53 24 16 19 89 49 50 54 70 78 24 15 76 32 11 44 34 11 76 28 87 55
26 44 71 31 38 14 10 23 32 49 48 82 61 55 93 57 47 72 83 98 38 92 18 95 17 91 85 41 74 62 13 32 11 88 51 85 36 44 66 49 15 18 57 69 87 76 83 20 65 84 35 54 61 11 54 47 84 36 96 26 45 97 67 97 46 65 90 92 49 90 50 19 82 84 20 70 39 92 23 53 49 87 89 58 29 30 90 34 76 47 0 79 48 14 36 63 70 16 18 82 30 32 60 50 88 30 82 94 66 42 67 94 66 88 79 65 80 63 90 12
32 99 50 86 48 38 42 21 85 83 91 88 51 22 40 39 26 53 76 65 10 62 31 29 51 30 16 78 12 53 89 46 25 31 38 19 38 77 17 23 60 51 91 58 36 67 88 86 41 73 65 41 49 36 99 68 26 54 72 36 43 48 86 22 47 86 94 48 97 19 86 85 98 66 50 60 73 82 58 25 50 40 58 75 79 28 55 19 33 43 79 0 20 41 81 31 76 80 67 14 42 29 94 36 42 17 53 76 69 20 66 83 72 21 55 48 62 26 89 34
72 72 95 96 27 47 70 17 93 37 54 17 19 37 62 86 14 46 74 41 59 83 86 59 81 55 81 82 10 95 15 53 24 64 56 77 62 27 58 22 69 66 84 99 26 98 26 83 88 55 52 75 18 46 65 80 36 88 55 51 18 26 43 35 11 71 23 94 13 42 16 70 13 36 78 30 22 31 27 57 42 94 74 67 35 43 43 32 93 48 48 20 0 78 91 74 83 93 10 32 34 30 67 60 54 83 60 23 59 73 11 12 47 95 19 93 36 92 38 89
25 86 26 84 24 85 35 50 58 45 21 80 42 88 12 45 62 39 98 93 76 76 66 86 61 47 14 16 57 50 82 70 64 48 10 67 50 91 17 92 28 79 10 10 70 72 19 99 24 61 97 63 34 11 63 13 61 62 26 89 10 46 31 16 25 20 37 74 70 47 62 78 80 54 58 31 56 13 68 94 66 41 10 97 61 41 90 52 42 80 14 41 78 0 76 93 94 59 36 61 27 39 60 69 77 82 46 24 82 56 74 22 71 12 58 40 63 53 38 33
38 97 82 32 53 36 52 47 21 74 11 20 10 88 93 70 22 83 36 49 43 64 66 55 86 50 64 81 76 25 65 70 50 55 99 21 85 84 92 78 45 43 10 29 48 19 89 66 73 53 47 89 41 80 49 46 82 12 85 92 47 22 14 86 18 53 48 56 93 24 96 93 97 40 32 31 26 88 28 38 74 53 10 94 83 57 68 72 94 98 36 81 91 76 0 22 73 74 13 19 58 45 16 23 84 62 28 14 95 81 73 34 89 30 80 28 34 44 97 43
57 36 22 96 14 39 89 41 55 59 72 71 41 98 14 44 23 90 58 21 19 48 31 49 97 37 49 90 34 69 57 66 91 58 87 29 62 76 60 58 87 51 58 47 63 49 37 22 33 50 68 66 59 98 12 33 25 45 28 22 33 32 43 66 87 81 46 98 91 55 52 43 27 83 60 11 91 54 89 60 14 70 20 14 60 80 46 27 95 18 63 31 74 93 22 0 82 34 11 74 62 70 78 65 74 26 66 14 21 22 39 77 12 21 89 47 89 75 57 90
40 78 63 43 93 22 76 72 22 59 56 25 54 84 16 68 45 15 88 91 61 66 98 42 67 61 83 89 34 42 43 93 93 69 11 55 20 71 52 39 16 70 12 84 73 12 66 29 24 64 85 64 50 92 26 30 70 25 11 73 28 10 46 49 63 91 94 87 46 35 52 92 60 37 28 29 52 98 61 65 90 69 12 67 53 21 54 92 45 57 70 76 83 94 73 82 0 72 31 43 35 48 74 96 21 52 28 26 38 32 99 89 45 92 99 88 33 32 35 63
83 83 43 72 32 43 29 97 18 80 50 89 33 37 76 28 80 85 87 82 58 88 61 23 14 27 43 95 74 51 57 98 60 51 63 81 35 53 57 53 29 45 37 10 19 16 19 68 45 27 56 89 49 57 53 37 89 58 82 26 54 45 10 25 43 33 38 10 19 73 39 65 58 63 85 27 72 26 62 44 60 56 85 50 14 74 74 50 27 88 16 80 93 59 74 34 72 0 72 95 92 62 43 99 46 29 15 38 55 81 30 93 17 13 23 74 68 87 47 91
35 94 78 15 53 81 26 72 56 20 46 55 45 15 59 28 65 94 20 48 20 80 67 32 82 30 51 77 47 86 91 16 84 33 93 12 82 20 23 10 36 62 87 72 27 41 10 49 41 72 90 83 76 33 45 76 72 34 22 80 94 26 35 62 65 29 37 68 50 94 15 79 40 64 51 98 64 91 40 36 36 30 25 18 97 11 89 83 70 53 18 67 10 36 13 11 31 72 0 85 42 73 19 95 86 16 21 53 64 59 16 96 86 83 89 50 30 34 65 32
89 44 40 18 17 22 27 80 62 65 86 60 79 53 59 29 98 61 97 24 45 95 93 51 30 37 84 90 68 88 69 89 71 96 55 19 13 18 37 12 98 99 45 25 27 78 46 73 36 42 46 31 73 32 13 53 37 21 91 88 14 74 97 75 86 42 24 99 69 56 49 58 81 36 82 37 72 39 29 95 11 58 83 48 89 97 18 25 53 24 82 14 32 61 19 74 43 95 85 0 36 43 62 48 75 67 76 76 75 79 53 40 28 75 76 91 39 17 23 18
50 84 47 16 45 13 82 82 81 12 11 99 45 85 62 89 70 11 80 66 42 15 23 13 87 27 84 56 17 35 79 12 46 79 63 93 55 36 11 12 75 90 68 22 64 89 78 64 83 81 65 34 81 15 70 98 84 45 38 65 95 64 83 81 96 27 68 87 14 37 22 26 28 71 94 48 94 60 43 53 85 47 72 94 26 48 41 72 88 16 30 42 34 27 58 62 35 92 42 36 0 41 97 83 27 91 90 98 23 74 64 76 36 64 68 65 77 45 74 95
21 78 89 86 80 17 40 44 92 78 32 48 89 32 74 44 44 14 12 32 56 71 16 74 48 59 21 70 70 72 49 93 79 94 18 94 80 63 56 96 49 40 25 59 93 85 16 24 19 91 57 37 52 64 45 70 58 44 18 42 33 59 23 84 30 21 34 71 44 92 37 91 47 62 64 65 15 54 20 12 98 23 67 73 23 55 10 93 91 19 32 29 30 39 45 70 48 62 73 43 41 0 47 89 41 62 17 91 14 67 96 16 79 20 73 71 46 42 92 33
97 17 32 37 65 71 28 58 30 42 51 63 99 29 78 25 83 98 54 81 10 89 39 87 96 40 11 83 85 22 58 73 39 55 11 30 20 47 33 73 53 72 15 13 38 46 96 49 24 63 48 54 92 76 68 61 58 73 33 62 28 67 41 14 53 89 81 82 52 81 74 84 99 73 98 36 81 42 35 91 39 22 65 55 48 51 82 45 68 89 60 94 67 60 16 78 74 43 19 62 97 47 0 55 19 91 85 61 21 22 45 52 63 56 20 98 95 37 28 47
71 35 51 99 79 90 60 66 73 96 45 31 70 93 51 63 45 88 62 17 40 86 76 13 50 60 67 54 97 72 18 66 93 18 55 11 89 43 57 45 88 96 58 41 13 47 31 34 73 71 70 70 61 95 79 13 36 64 57 49 35 96 58 14 61 88 31 34 86 11 59 52 10 26 22 18 96 27 60 21 48 78 34 80 12 78 55 79 81 49 50 36 60 69 23 65 96 99 95 48 83 89 55 0 22 70 96 59 59 99 40 57 52 53 25 75 77 29 89 55
75 80 34 91 68 64 79 74 52 35 40 51 35 53 55 84 43 60 53 16 80 35 11 79 89 31 44 34 68 86 24 46 13 68 58 86 24 70 72 26 73 64 52 54 25 24 43 74 82 89 67 67 22 94 77 60 98 31 80 73 44 58 73 44 94 84 68 87 24 75 97 80 56 15 70 45 31 31 83 47 21 32 50 85 84 18 74 63 79 50 88 42 54 77 84 74 21 46 86 75 27 41 19 22 0 36 94 40 22 94 92 80 91 67 55 33 99 68 19 39
45 41 30 42 47 36 44 11 66 48 58 16 28 16 43 27 59 61 77 24 18 98 97 19 23 54 35 29 64 97 71 44 87 54 47 79 10 77 99 57 29 26 80 85 28 56 77 11 21 90 82 71 14 96 40 82 29 96 84 78 97 12 30 66 39 30 46 85 76 48 27 24 37 64 87 64 43 22 46 98 26 69 22 50 42 30 34 85 46 54 30 17 83 82 62 26 52 29 16 67 91 62 91 70 36 0 26 50 62 96 30 82 50 70 33 76 72 46 87 56
73 96 99 74 61 39 70 71 79 19 58 83 88 97 50 36 86 21 32 20 51 61 49 51 19 54 16 10 54 36 61 28 83 89 25 67 91 29 64 74 38 14 82 73 40 82 29 62 11 68 37 71 42 14 85 63 29 17 80 62 76 12 20 88 39 64 86 84 35 57 48 95 97 53 25 20 15 88 28 86 11 22 92 58 56 15 63 36 41 70 82 53 60 46 28 66 28 15 21 76 90 17 85 96 94 26 0 87 15 46 82 35 42 17 75 52 59 44 58 39
62 86 15 57 69 52 56 42 53 10 37 59 90 61 83 19 16 78 12 28 16 61 90 48 41 83 46 99 47 68 61 20 23 77 16 28 13 62 21 43 81 42 56 64 92 27 78 28 95 60 68 99 37 47 20 32 24 42 36 10 80 26 18 61 86 26 55 28 35 15 44 15 76 14 31 79 63 44 12 64 77 53 38 90 35 49 47 14 94 78 94 76 23 24 14 14 26 38 53 76 98 91 61 59 40 50 87 0 64 17 54 37 94 69 71 84 81 53 91 98
17 86 81 18 94 28 25 75 14 19 91 73 10 87 28 86 95 20 71 56 38 76 18 69 57 49 42 23 10 12 57 80 47 96 96 36 46 60 27 11 71 44 15 43 48 61 79 41 21 29 12 99 84 91 78 12 99 95 24 68 85 62 16 83 25 41 57 97 47 11 98 97 47 86 55 30 50 97 14 82 59 32 36 40 75 27 66 35 97 24 66 69 59 82 95 21 38 55 64 75 23 14 21 59 22 62 15 64 0 12 13 23 76 70 56 28 78 33 63 29
73 51 56 92 79 16 34 21 50 72 18 35 44 87 14 64 39 72 51 13 15 20 93 77 35 54 33 29 60 34 84 30 29 36 46 22 80 60 23 57 63 35 72 34 78 33 35 62 76 31 94 84 26 37 91 80 33 60 82 41 16 37 68 31 85 91 78 87 17 98 82 55 73 75 11 72 12 68 33 97 44 31 33 87 41 25 43 59 58 15 42 20 73 56 81 22 32 81 59 79 74 67 22 99 94 96 46 17 12 0 67 67 69 46 65 55 57 17 75 89
75 33 54 87 55 73 66 87 17 39 45 86 38 42 49 48 99 37 61 83 27 21 40 74 14 24 22 89 16 83 25 34 44 20 36 13 94 66 10 54 68 72 90 31 87 49 16 50 36 51 64 68 63 44 54 62 22 35 84 38 64 33 96 15 57 88 19 99 89 18 89 84 35 56 69 87 49 59 47 40 48 13 50 62 21 88 37 41 48 76 67 66 11 74 73 39 99 30 16 53 64 96 45 40 92 30 82 54 13 67 0 27 96 51 73 15 42 42 90 39
84 40 67 31 75 97 51 15 18 70 44 44 13 81 42 28 18 85 49 58 50 43 16 24 27 85 50 53 25 60 20 19 57 57 76 33 92 60 43 87 31 54 65 12 69 42 20 17 13 51 72 96 82 66 81 88 16 28 75 19 28 49 55 28 65 22 56 13 56 13 88 30 10 48 64 77 18 20 31 78 41 23 76 67 41 64 32 56 17 32 94 83 12 22 34 77 89 93 96 40 76 16 52 57 80 82 35 37 23 67 27 0 73 17 50 98 63 55 69 43
73 90 25 88 16 14 22 71 40 97 14 26 20 18 89 38 17 65 38 64 39 67 36 43 81 83 76 28 91 60 81 41 35 57 73 78 38 18 98 21 71 49 32 13 32 70 14 77 69 39 91 33 70 30 44 69 43 90 17 63 12 70 34 47 86 24 41 30 60 33 62 98 45 95 63 84 17 97 65 24 23 24 48 89 43 93 50 62 93 11 66 72 47 71 89 12 45 17 86 28 36 79 63 52 91 50 42 94 76 69 96 73 0 79 68 76 55 77 45 19
89 66 93 92 88 88 89 68 90 41 39 80 77 94 27 71 68 24 24 74 18 89 40 36 85 61 53 76 82 57 59 76 27 43 55 84 17 65 48 77 65 18 95 78 81 44 74 61 68 96 77 92 53 12 65 49 76 23 31 96 98 39 95 54 91 79 22 90 36 72 59 40 16 79 25 61 28 45 37 36 99 20 93 17 97 84 60 60 17 44 88 21 95 12 30 21 92 13 83 75 64 20 56 53 67 70 17 69 70 46 51 17 79 0 45 81 50 25 28 92
62 40 25 87 46 85 18 28 63 67 45 55 89 28 85 46 65 99 83 62 70 83 74 36 39 68 76 90 41 25 20 60 25 77 38 24 47 89 84 28 38 94 76 51 50 88 60 88 79 33 86 88 77 51 18 50 67 66 27 23 15 12 28 16 82 65 45 47 10 55 71 78 14 36 89 76 81 82 67 50 27 33 57 30 23 86 22 25 99 34 79 55 19 58 80 89 99 23 89 76 68 73 20 25 55 33 75 71 56 65 73 50 68 45 0 51 26 81 81 98
82 24 23 16 92 15 27 22 39 74 22 62 17 21 40 97 38 17 48 44 74 85 30 47 29 99 28 21 72 11 86 47 93 22 10 70 16 94 84 33 16 75 66 46 81 45 15 29 21 33 39 60 16 90 94 42 67 39 78 19 50 95 53 75 99 21 37 54 51 96 47 99 94 67 35 78 43 52 67 54 55 65 18 32 72 29 64 73 51 11 65 48 93 40 28 47 88 74 50 91 65 71 98 75 33 76 52 84 28 55 15 98 76 81 51 0 33 34 45 57
47 28 88 89 98 87 20 33 62 26 41 35 22 53 66 96 55 71 28 13 56 56 54 24 28 40 70 53 51 89 89 12 60 63 19 11 41 70 24 90 72 14 56 40 36 37 69 17 51 84 33 26 81 76 49 58 33 82 38 42 95 47 69 24 76 32 22 24 52 47 61 84 95 75 42 19 29 95 19 51 36 46 62 53 54 53 78 54 56 76 80 62 36 63 34 89 33 68 30 39 77 46 95 77 99 72 59 81 78 57 42 63 55 50 26 33 0 18 70 23
64 32 75 24 20 56 82 91 43 61 58 89 35 64 40 68 31 18 95 44 26 53 32 36 72 91 42 57 27 57 70 24 88 99 95 93 49 91 32 77 61 36 33 95 93 49 63 79 15 22 93 96 98 63 54 71 71 38 61 19 59 59 94 33 19 63 71 87 56 71 63 40 93 91 20 89 26 75 67 81 70 74 39 49 45 48 37 65 40 28 63 26 92 53 44 75 32 87 34 17 45 42 37 29 68 46 44 53 33 17 42 55 77 25 81 34 18 0 26 34
63 39 49 20 21 16 33 13 49 57 74 64 72 69 93 29 17 44 57 69 86 85 22 39 62 28 96 86 26 35 35 48 42 19 95 59 34 68 88 60 40 14 88 58 91 75 70 70 57 14 84 24 27 81 74 43 42 52 69 76 28 16 43 56 25 58 82 21 36 69 11 80 86 70 18 60 93 51 18 89 54 69 35 28 35 35 89 25 87 87 90 89 38 38 97 57 35 47 65 23 74 92 28 89 19 87 58 91 63 75 90 69 45 28 81 45 70 26 0 96
76 17 99 53 39 23 67 93 91 53 40 41 71 51 29 26 84 20 47 74 56 26 67 12 56 95 74 49 17 60 21 71 63 29 85 40 67 26 73 57 83 19 29 84 94 12 20 26 62 60 80 11 38 42 48 59 82 62 93 82 12 33 23 97 79 81 14 67 70 44 41 51 22 28 16 93 24 25 33 26 41 12 53 78 45 43 88 74 24 55 12 34 89 33 43 90 63 91 32 18 95 33 47 55 39 56 39 98 29 89 39 43 19 92 98 57 23 34 96 0