115
0 31 28 33 22 53 31 87 11 91 93 29 67 86 89 27 86 96 55 11 39 45 78 88 77 51 26 71 75 79 10 40 28 10 91 51 21 15 80 37 84 44 94 14 97 61 29 64 17 98 18 31 15 39 26 12 41 74 59 49 66 68 57 11 90 79 67 88 33 80 43 16 62 57 97 17 46 28 10 68 21 65 14 66 57 55 15 75 87 16 10 99 64 11 98 51 23 45 76 46 99 94 25 20 28 44 71 30 30 84 90 92 78 42 60
31 0 98 89 61 85 23 20 59 95 12 85 29 46 91 88 32 86 48 62 38 42 50 13 55 95 42 68 93 90 18 83 75 95 93 93 89 48 90 90 59 46 75 40 90 35 26 53 65 79 24 79 50 99 88 77 69 65 78 71 40 94 62 80 72 10 72 80 24 44 94 70 60 96 60 40 96 69 74 20 64 52 96 82 16 88 66 16 82 61 48 76 23 43 31 12 21 42 71 83 59 11 78 82 46 71 21 49 10 14 18 24 74 15 99
28 98 0 60 45 22 42 77 97 45 80 24 56 15 24 48 72 34 39 67 62 71 97 28 49 98 66 94 63 72 77 36 55 27 27 76 67 20 63 90 93 71 55 10 76 84 33 83 47 13 13 28 24 84 91 41 25 79 29 50 77 11 18 30 89 67 88 71 24 32 40 62 21 47 51 98 11 31 24 49 47 74 33 60 18 43 71 40 81 69 48 22 12 98 16 93 78 22 98 98 45 25 72 22 79 15 65 77 63 75 91 56 91 20 87
33 89 60 0 15 32 98 83 67 86 19 28 33 30 19 58 80 38 61 14 92 95 76 72 33 71 31 87 20 97 31 97 59 97 54 96 16 80 42 39 44 89 56 73 88 18 30 73 13 97 63 21 94 84 41 47 60 41 31 32 12 74 59 26 26 62 82 60 85 31 97 53 16 32 13 65 57 45 78 89 46 11 31 16 15 21 72 49 88 35 78 19 57 99 48 73 94 34 29 39 75 94 86 26 59 14 73 16 61 58 11 55 89 34 55
22 61 45 15 0 74 22 87 61 12 96 14 16 37 79 38 27 43 14 66 48 49 43 12 23 93 41 58 95 49 93 80 55 85 49 27 36 31 52 60 83 54 19 31 26 14 25 56 90 44 72 42 59 13 92 52 79 18 51 88 92 79 38 64 64 67 34 53 55 51 42 65 84 37 82 88 16 13 26 20 56 98 26 79 84 94 67 19 34 62 85 27 22 55 54 47 90 23 24 55 99 15 27 17 33 83 82 81 78 74 96 64 92 12 54
53 85 22 32 74 0 23 22 68 55 20 37 79 36 77 34 82 33 40 37 13 42 23 84 29 96 58 30 29 32 18 10 31 90 11 80 68 95 29 18 27 96 78 17 40 93 74 41 83 32 54 51 61 29 86 84 32 54 72 65 28 59 78 26 93 70 87 33 75 63 18 71 89 88 93 25 99 42 76 70 94 28 54 67 57 29 23 84 25 12 78 43 53 74 49 85 86 39 47 81 74 14 30 69 97 83 61 24 33 16 40 47 70 44 17
31 23 42 98 22 23 0 30 36 50 58 10 81 63 69 83 17 42 23 82 56 14 89 94 34 33 97 74 24 87 53 61 26 92 58 84 66 59 58 36 40 70 73 27 13 30 18 60 31 51 96 97 22 40 62 25 37 34 34 56 48 50 45 73 56 89 97 27 62 34 86 85 61 49 65 79 92 98 59 15 36 92 26 31 43 42 10 59 56 64 33 65 17 36 61 93 87 21 43 10 42 88 70 16 11 67 86 88 48 75 31 69 36 79 49
87 20 77 83 87 22 30 0 88 10 93 92 91 35 94 71 45 79 39 54 10 81 49 58 77 63 19 26 89 76 17 48 17 90 22 87 59 28 92 23 94 71 20 25 95 92 68 18 94 68 96 32 63 62 54 19 43 62 41 92 32 56 89 60 92 98 63 83 99 70 19 42 24 27 64 95 96 83 86 83 98 21 97 42 34 17 24 87 43 52 54 14 35 10 38 17 44 45 49 56 73 71 10 82 53 77 67 84 49 25 14 40 48 78 52
11 59 97 67 61 68 36 88 0 58 19 53 52 78 25 81 66 47 56 85 54 13 91 87 22 50 27 29 58 31 42 53 71 64 52 33 64 64 45 72 61 11 31 19 57 95 81 28 65 48 94 75 32 75 84 62 65 38 36 61 84 90 97 12 24 63 99 45 95 92 46 73 37 56 72 54 47 37 88 41 16 60 20 44 58 37 65 61 55 37 97 52 52 67 94 94 25 95 19 10 24 47 57 19 50 87 70 70 92 15 18 20 67 31 44
91 95 45 86 12 55 50 10 58 0 80 80 17 79 42 77 15 88 27 15 32 41 33 30 10 59 74 89 31 10 58 13 39 32 20 16 15 83 98 69 91 47 71 12 16 97 18 68 96 28 97 28 92 79 33 57 35 58 51 37 11 69 27 17 83 64 54 95 90 66 55 87 32 57 11 17 32 42 48 65 19 12 80 64 69 73 50 33 80 78 80 72 88 91 85 42 68 82 28 74 15 16 86 94 84 41 41 35 64 49 91 25 72 59 60
93 12 80 19 96 20 58 93 19 80 0 86 78 47 46 56 32 50 24 90 17 81 36 21 93 19 59 53 85 91 25 61 87 93 54 64 63 49 13 30 44 57 79 93 89 29 32 33 71 94 57 20 62 71 68 20 85 68 74 90 33 73 22 78 29 37 39 30 46 38 69 26 61 80 48 20 35 97 12 39 44 14 28 41 37 46 58 47 11 74 90 46 78 90 23 92 83 18 97 72 33 10 50 98 70 24 10 74 46 92 44 71 48 77 13
29 85 24 28 14 37 10 92 53 80 86 0 44 67 41 98 64 72 96 83 41 81 79 78 19 91 96 59 28 20 23 27 32 40 85 35 42 81 86 16 42 36 42 47 40 77 41 77 20 46 61 67 21 55 92 25 63 48 77 96 76 96 85 57 70 40 95 59 52 61 31 60 91 54 92 12 74 31 48 11 67 61 69 66 61 70 29 12 72 28 58 42 60 70 81 31 57 25 40 14 40 65 52 18 77 12 25 83 40 54 11 81 42 17 52
67 29 56 33 16 79 81 91 52 17 78 44 0 69 97 68 16 38 34 46 92 23 87 73 17 44 12 82 90 42 59 87 68 88 72 58 36 65 34 57 68 47 60 64 57 68 79 55 95 61 73 23 50 76 45 49 73 60 73 48 75 76 37 83 47 73 61 18 94 37 33 21 55 29 71 33 29 17 57 75 64 77 44 80 31 25 23 31 57 98 17 44 40 35 69 80 20 15 34 62 79 54 55 38 75 98 88 74 50 51 16 50 21 85 39
86 46 15 30 37 36 63 35 78 79 47 67 69 0 66 82 40 43 42 76 94 37 62 14 53 85 66 70 58 23 32 66 16 54 42 97 25 15 52 84 42 32 13 86 99 35 50 65 68 82 80 10 18 24 64 35 50 77 75 90 14 25 63 46 92 93 35 22 46 93 27 70 57 97 39 77 58 48 74 18 28 36 45 95 56 81 82 76 30 78 35 55 89 71 45 90 89 53 85 10 13 82 36 14 60 75 84 30 27 54 30 13 87 42 80
89 91 24 19 79 77 69 94 25 42 46 41 97 66 0 89 33 38 80 88 67 26 71 56 27 60 43 52 68 74 54 94 90 81 88 55 17 39 29 84 36 74 83 53 46 42 14 11 69 22 66 86 29 67 32 93 83 36 54 69 51 86 89 68 47 92 81 72 59 38 27 96 70 72 45 45 44 35 76 99 73 81 17 72 36 48 13 58 47 39 61 37 51 60 31 87 91 33 60 10 96 77 79 46 53 56 62 48 23 96 37 90 87 34 47
27 88 48 58 38 34 83 71 81 77 56 98 68 82 89 0 18 28 46 62 59 86 58 91 88 49 89 65 38 64 36 84 85 77 54 20 20 54 94 85 78 20 37 42 10 98 68 98 96 23 79 71 45 40 62 62 60 65 64 74 90 97 42 63 34 59 91 36 21 64 28 37 47 62 88 57 22 23 34 70 39 24 28 78 77 54 18 27 68 31 79 50 45 17 47 59 14 22 15 14 59 12 89 21 30 60 27 62 84 93 66 80 46 83 36
86 32 72 80 27 82 17 45 66 15 32 64 16 40 33 18 0 76 63 27 44 97 35 13 30 72 84 86 76 78 88 68 83 40 71 81 60 54 35 35 59 80 74 93 68 40 56 90 53 81 23 33 40 72 10 45 27 55 31 40 33 51 96 62 16 15 27 71 31 18 98 44 53 65 82 59 43 46 55 44 98 86 22 38 97 20 97 89 10 57 98 17 81 72 71 53 38 57 86 54 61 57 76 90 58 11 84 98 42 85 41 62 19 50 93
96 86 34 38 43 33 42 79 47 88 50 72 38 43 38 28 76 0 63 42 27 79 93 84 96 53 61 79 23 74 29 90 32 53 59 20 87 54 58 43 77 81 53 96 38 89 97 27 13 21 30 92 64 42 84 45 97 27 18 45 20 74 64 17 94 17 71 93 37 37 58 83 61 30 49 68 19 90 23 79 99 15 50 11 65 14 54 56 85 72 22 90 13 20 93 24 14 54 77 77 84 43 52 30 37 75 67 27 10 60 13 20 74 65 19
55 48 39 61 14 40 23 39 56 27 24 96 34 42 80 46 63 63 0 62 34 13 99 74 59 26 99 52 75 86 89 84 65 79 90 52 52 98 75 64 26 86 58 70 21 41 77 35 15 77 80 52 95 41 49 62 52 80 64 27 42 77 67 54 63 25 99 27 20 96 72 89 55 21 41 61 83 17 61 81 75 34 64 18 54 53 39 27 11 85 37 71 77 71 60 80 74 84 96 89 39 64 93 68 98 47 64 79 30 97 37 58 30 94 96
11 62 67 14 66 37 82 54 85 15 90 83 46 76 88 62 27 42 62 0 64 78 81 35 47 17 24 90 94 43 99 35 67 46 36 26 44 73 44 48 61 42 78 57 82 10 58 97 99 59 50 72 16 87 22 74 37 87 87 69 90 31 59 91 89 69 35 98 87 49 31 47 42 48 68 64 18 47 39 40 63 35 61 65 51 21 32 57 59 60 79 83 27 45 57 95 12 47 71 59 16 55 86 86 23 41 71 50 96 76 61 95 11 44 34
39 38 62 92 48 13 56 10 54 32 17 41 92 94 67 59 44 27 34 64 0 96 73 82 52 30 26 47 43 42 58 34 62 52 91 58 24 36 77 23 11 72 58 19 78 88 24 48 87 95 19 33 42 21 55 45 27 13 66 42 75 80 66 19 96 37 45 45 78 36 46 34 20 20 66 47 32 77 66 79 67 38 35 54 55 51 78 47 29 99 96 87 49 87 63 84 38 20 40 71 37 54 72 44 70 60 88 19 83 97 94 24 79 47 94
45 42 71 95 49 42 14 81 13 41 81 81 23 37 26 86 97 79 13 78 96 0 57 52 98 53 48 22 83 16 17 44 30 60 91 67 85 52 94 59 24 62 99 81 77 17 42 99 70 70 25 89 98 22 77 33 11 65 34 79 93 72 55 13 68 30 10 75 14 81 28 98 10 77 80 83 41 88 66 67 14 24 12 67 93 90 56 35 73 25 66 81 48 50 57 56 51 60 86 32 55 95 60 79 46 63 51 90 67 60 14 73 38 82 23
78 50 97 76 43 23 89 49 91 33 36 79 87 62 71 58 35 93 99 81 73 57 0 92 68 94 59 32 14 43 63 22 59 77 13 53 49 23 26 73 45 68 36 28 22 60 70 90 28 30 40 61 26 61 14 97 56 35 43 65 58 24 38 62 86 89 84 61 48 73 50 53 45 44 31 90 90 19 95 58 56 11 59 17 40 21 49 64 82 88 38 25 79 26 91 60 18 26 60 64 87 81 95 68 10 71 88 81 31 47 94 39 95 45 73
88 13 28 72 12 84 94 58 87 30 21 78 73 14 56 91 13 84 74 35 82 52 92 0 72 50 16 85 64 51 99 20 83 72 78 73 38 81 26 47 68 98 58 47 66 32 95 57 51 28 56 81 18 67 65 63 18 26 16 60 70 38 46 18 28 72 95 41 36 95 20 90 47 87 52 68 53 28 88 75 22 87 62 35 96 87 74 17 85 43 53 56 16 23 19 60 16 17 19 54 48 62 69 37 77 33 25 47 62 19 59 69 79 76 84
77 55 49 33 23 29 34 77 22 10 93 19 17 53 27 88 30 96 59 47 52 98 68 72 0 17 32 48 99 75 57 40 54 50 95 69 16 19 20 95 63 82 20 89 37 38 35 22 32 54 37 87 46 37 69 84 90 45 54 36 75 51 42 24 50 82 80 54 41 37 36 39 24 28 29 95 95 42 85 62 79 69 73 67 85 48 25 31 36 74 84 90 97 98 62 49 20 92 87 52 99 83 24 31 33 95 83 76 16 15 48 74 15 96 70
51 95 98 71 93 96 33 63 50 59 19 91 44 85 60 49 72 53 26 17 30 53 94 50 17 0 81 50 18 12 10 94 18 25 41 98 55 49 59 75 22 35 41 67 28 75 58 46 49 26 92 37 68 33 64 80 32 84 75 51 12 27 85 30 55 91 11 38 86 88 98 26 21 59 91 97 93 14 45 68 51 43 30 32 35 93 36 66 63 65 24 65 44 93 20 38 65 12 60 81 76 29 46 33 40 49 63 48 25 90 26 49 88 11 53
26 42 66 31 41 58 97 19 27 74 59 96 12 66 43 89 84 61 99 24 26 48 59 16 32 81 0 86 15 53 60 84 81 58 98 76 84 41 94 65 96 26 61 87 71 78 80 68 16 91 61 12 30 24 80 67 61 49 64 63 24 24 50 30 80 88 88 34 28 30 97 13 23 45 67 89 82 34 24 91 21 84 49 11 53 24 27 80 57 91 87 20 76 40 74 34 58 28 34 26 87 26 94 52 96 30 30 69 67 46 12 67 34 73 93
71 68 94 87 58 30 74 26 29 89 53 59 82 70 52 65 86 79 52 90 47 22 32 85 48 50 86 0 61 43 45 72 31 11 12 33 38 32 48 15 20 74 15 75 77 81 46 46 63 97 13 61 48 55 25 95 82 77 77 10 19 17 97 79 99 30 25 71 13 58 49 34 27 23 13 69 64 42 25 51 23 76 31 86 66 79 27 23 28 63 12 14 79 42 58 13 47 99 32 56 42 52 87 69 54 53 47 25 88 57 21 14 95 48 60
75 93 63 20 95 29 24 89 58 31 85 28 90 58 68 38 76 23 75 94 43 83 14 64 99 18 15 61 0 18 25 60 26 16 65 99 81 32 14 14 46 24 67 99 28 12 13 23 71 45 88 35 77 89 17 58 56 39 14 15 47 43 53 70 25 61 43 28 92 90 16 66 90 17 78 42 32 34 89 61 89 68 93 78 15 33 42 65 49 26 68 64 25 90 33 28 50 15 48 68 90 89 36 55 66 95 48 20 52 44 47 35 37 93 89
79 90 72 97 49 32 87 76 31 10 91 20 42 23 74 64 78 74 86 43 42 16 43 51 75 12 53 43 18 0 10 17 97 89 71 72 77 33 64 91 58 70 92 65 51 23 65 70 23 62 47 13 47 76 96 78 64 53 87 78 95 60 82 12 60 78 41 98 37 23 69 59 81 82 41 88 23 62 78 97 54 74 12 62 56 24 96 75 96 74 93 55 24 44 37 42 81 56 58 30 53 96 95 92 30 15 44 81 20 25 36 34 53 44 18
10 18 77 31 93 18 53 17 42 58 25 23 59 32 54 36 88 29 89 99 58 17 63 99 57 10 60 45 25 10 0 46 84 10 56 53 17 31 84 80 62 52 25 87 60 92 97 33 53 65 26 91 60 54 69 10 30 43 54 44 35 29 91 46 46 15 81 14 95 98 65 21 68 71 64 98 66 45 87 37 58 56 93 65 62 48 75 77 98 14 64 84 29 65 10 29 39 81 16 31 63 94 20 78 65 31 58 58 22 49 54 90 57 58 15
40 83 36 97 80 10 61 48 53 13 61 27 87 66 94 84 68 90 84 35 34 44 22 20 40 94 84 72 60 17 46 0 63 76 85 96 96 24 73 16 85 51 20 54 41 15 51 34 75 45 14 45 23 57 40 44 89 13 95 99 64 91 76 19 64 97 37 22 40 33 78 89 42 12 53 52 85 54 53 43 57 41 46 69 84 20 74 12 76 16 15 21 96 58 76 76 76 93 23 68 78 96 40 12 86 57 95 49 37 62 43 81 30 19 55
28 75 55 59 55 31 26 17 71 39 87 32 68 16 90 85 83 32 65 67 62 30 59 83 54 18 81 31 26 97 84 63 0 26 51 84 59 28 95 66 16 27 24 65 79 76 19 36 58 78 19 87 86 19 98 96 28 22 43 33 61 78 13 37 54 42 55 76 42 65 46 17 76 45 27 95 66 31 42 36 39 76 48 80 95 79 80 84 96 88 57 86 91 93 12 83 38 57 34 63 87 69 16 80 36 48 71 39 11 33 79 11 81 16 97
10 95 27 97 85 90 92 90 64 32 93 40 88 54 81 77 40 53 79 46 52 60 77 72 50 25 58 11 16 89 10 76 26 0 54 17 26 73 10 86 55 85 16 95 76 62 38 89 83 41 35 53 37 93 46 80 71 89 36 68 82 15 82 82 27 68 36 98 14 24 13 76 70 37 89 89 19 32 33 74 26 66 76 18 18 13 15 33 60 52 29 54 81 40 15 33 67 75 23 27 63 90 22 67 78 84 26 65 32 82 70 42 49 52 73
91 93 27 54 49 11 58 22 52 20 54 85 72 42 88 54 71 59 90 36 91 91 13 78 95 41 98 12 65 71 56 85 51 54 0 36 28 64 90 30 24 25 21 10 58 61 33 89 86 52 47 39 39 36 69 17 55 36 91 45 14 21 90 54 98 68 68 52 36 37 31 71 76 64 27 52 64 47 52 13 55 33 93 10 12 58 82 58 67 25 95 79 37 99 50 56 61 35 83 16 93 88 54 72 37 46 64 79 81 52 86 11 24 55 38
51 93 76 96 27 80 84 87 33 16 64 35 58 97 55 20 81 20 52 26 58 67 53 73 69 98 76 33 99 72 53 96 84 17 36 0 11 85 44 44 21 53 65 28 38 24 27 59 84 52 70 73 69 62 24 15 28 74 54 47 40 52 16 42 47 40 69 74 87 48 36 90 82 53 80 73 61 79 60 83 85 29 98 67 40 37 23 40 62 90 50 90 59 48 39 81 11 88 38 73 22 55 24 28 29 19 24 17 71 65 97 49 78 80 96
21 89 67 16 36 68 66 59 64 15 63 42 36 25 17 20 60 87 52 44 24 85 49 38 16 55 84 38 81 77 17 96 59 26 28 11 0 28 99 65 34 11 53 68 14 70 64 65 60 18 79 87 58 29 70 91 82 70 28 20 54 66 49 56 54 53 16 33 22 22 26 11 59 68 63 60 86 45 20 60 31 14 11 86 42 80 88 86 12 62 88 99 35 29 70 92 52 31 46 96 89 54 18 78 54 75 32 51 25 24 20 18 12 50 77
15 48 20 80 31 95 59 28 64 83 49 81 65 15 39 54 54 54 98 73 36 52 23 81 19 49 41 32 32 33 31 24 28 73 64 85 28 0 32 82 32 70 58 41 70 99 28 21 93 79 55 26 21 28 59 85 25 75 41 30 43 33 32 64 41 70 82 91 48 23 35 73 30 63 79 55 66 23 15 13 32 87 45 98 22 53 74 74 14 81 97 49 21 83 37 42 31 16 90 26 72 75 84 38 85 21 23 28 49 82 24 85 89 18 15
80 90 63 42 52 29 58 92 45 98 13 86 34 52 29 94 35 58 75 44 77 94 26 26 20 59 94 48 14 64 84 73 95 10 90 44 99 32 0 70 86 62 77 70 37 98 81 65 90 74 82 39 41 30 56 17 45 16 73 42 80 65 98 17 79 20 57 46 73 93 45 63 29 86 38 19 14 14 31 67 17 20 95 77 71 62 86 28 97 82 83 95 59 54 60 87 42 75 35 44 30 31 18 82 35 40 35 11 99 10 47 58 91 61 73
37 90 90 39 60 18 36 23 72 69 30 16 57 84 84 85 35 43 64 48 23 59 73 47 95 75 65 15 14 91 80 16 66 86 30 44 65 82 70 0 99 55 86 52 96 90 64 75 96 64 79 37 51 99 97 33 73 32 84 37 56 73 32 40 99 68 54 41 57 48 86 46 31 41 33 90 44 94 26 64 87 30 26 70 59 86 79 43 21 18 85 27 98 85 50 82 29 45 61 15 24 99 56 73 16 31 45 54 56 52 41 42 14 43 34
84 59 93 44 83 27 40 94 61 91 44 42 68 42 36 78 59 77 26 61 11 24 45 68 63 22 96 20 46 58 62 85 16 55 24 21 34 32 86 99 0 28 67 30 54 40 70 82 83 95 17 21 18 48 57 46 98 23 81 46 46 45 72 75 59 60 90 47 47 20 86 78 43 39 70 53 46 42 32 29 34 36 86 65 70 66 96 61 28 93 78 28 46 77 52 88 32 36 48 80 50 86 21 16 87 49 32 31 40 10 77 89 83 88 46
44 46 71 89 54 96 70 71 11 47 57 36 47 32 74 20 80 81 86 42 72 62 68 98 82 35 26 74 24 70 52 51 27 85 25 53 11 70 62 55 28 0 45 33 52 50 78 47 88 51 87 18 51 13 63 47 71 93 67 23 39 19 99 41 37 91 75 55 78 47 81 73 37 76 40 60 15 70 51 21 98 70 15 29 58 74 46 11 17 94 48 90 19 42 66 70 90 56 15 35 94 67 62 89 90 81 45 40 64 48 78 79 58 41 48
94 75 55 56 19 78 73 20 31 71 79 42 60 13 83 37 74 53 58 78 58 99 36 58 20 41 61 15 67 92 25 20 24 16 21 65 53 58 77 86 67 45 0 86 63 44 73 42 99 80 69 48 50 82 69 88 26 88 15 39 64 52 87 77 85 37 54 54 53 26 51 89 28 76 86 70 77 74 30 92 84 75 34 88 80 67 44 28 73 19 53 80 97 56 13 69 55 75 33 62 92 77 80 76 46 85 77 40 79 26 80 50 15 49 55
14 40 10 73 31 17 27 25 19 12 93 47 64 86 53 42 93 96 70 57 19 81 28 47 89 67 87 75 99 65 87 54 65 95 10 28 68 41 70 52 30 33 86 0 86 75 52 83 47 23 67 60 59 58 98 80 28 64 55 86 71 67 45 76 51 19 60 99 70 32 87 11 33 13 31 33 93 25 92 63 23 63 31 27 76 84 99 99 79 36 91 24 39 90 63 25 73 73 18 71 40 28 19 72 55 23 90 19 28 93 19 25 55 14 73
97 90 76 88 26 40 13 95 57 16 89 40 57 99 46 10 68 38 21 82 78 77 22 66 37 28 71 77 28 51 60 41 79 76 58 38 14 70 37 96 54 52 63 86 0 90 23 99 38 52 64 58 84 38 63 80 52 41 89 59 33 59 76 34 74 79 52 82 82 51 66 16 39 66 67 27 51 58 30 93 71 27 42 19 53 83 39 64 97 70 67 26 76 70 51 67 85 65 96 32 71 31 93 50 87 26 56 81 15 91 83 22 16 73 41
61 35 84 18 14 93 30 92 95 97 29 77 68 35 42 98 40 89 41 10 88 17 60 32 38 75 78 81 12 23 92 15 76 62 61 24 70 99 98 90 40 50 44 75 90 0 67 18 76 88 99 84 86 73 92 19 35 12 30 71 16 71 22 30 56 85 14 49 98 68 24 90 51 26 39 59 51 83 42 33 89 11 56 69 12 30 67 81 49 16 43 34 88 61 53 68 55 71 22 55 27 92 77 46 14 44 76 27 87 85 92 23 70 87 73
29 26 33 30 25 74 18 68 81 18 32 41 79 50 14 68 56 97 77 58 24 42 70 95 35 58 80 46 13 65 97 51 19 38 33 27 64 28 81 64 70 78 73 52 23 67 0 18 43 23 39 55 17 37 65 88 26 37 42 73 83 46 94 98 88 58 52 79 96 29 27 98 37 70 71 86 31 27 67 25 65 44 77 72 36 70 19 74 19 83 83 68 54 68 78 16 48 56 49 56 45 98 13 40 63 56 52 10 35 41 81 41 58 78 25
64 53 83 73 56 41 60 18 28 68 33 77 55 65 11 98 90 27 35 97 48 99 90 57 22 46 68 46 23 70 33 34 36 89 89 59 65 21 65 75 82 47 42 83 99 18 18 0 86 70 85 47 44 21 22 36 16 14 33 60 84 68 51 42 83 26 17 33 32 90 43 92 81 26 81 62 39 61 96 63 45 95 65 60 96 92 25 42 42 60 84 65 27 91 53 78 77 31 72 97 45 25 10 11 26 19 93 32 39 61 97 64 51 70 83
17 65 47 13 90 83 31 94 65 96 71 20 95 68 69 96 53 13 15 99 87 70 28 51 32 49 16 63 71 23 53 75 58 83 86 84 60 93 90 96 83 88 99 47 38 76 43 86 0 91 63 58 86 21 83 94 41 12 87 99 61 64 21 87 10 69 96 73 69 48 84 42 38 69 28 34 66 71 64 94 39 32 48 29 70 63 90 73 24 15 39 24 59 14 42 56 97 17 73 63 23 71 51 70 84 11 35 46 88 61 79 42 42 18 49
98 79 13 97 44 32 51 68 48 28 94 46 61 82 22 23 81 21 77 59 95 70 30 28 54 26 91 97 45 62 65 45 78 41 52 52 18 79 74 64 95 51 80 23 52 88 23 70 91 0 99 11 79 67 21 42 40 43 63 94 18 60 56 55 38 32 63 78 56 47 69 32 33 25 95 69 33 25 70 36 55 24 81 24 15 16 64 41 51 45 28 62 67 36 37 17 67 92 82 80 89 47 85 16 98 56 69 52 10 24 99 40 50 78 26
18 24 13 63 72 54 96 96 94 97 57 61 73 80 66 79 23 30 80 50 19 25 40 56 37 92 61 13 88 47 26 14 19 35 47 70 79 55 82 79 17 87 69 67 64 99 39 85 63 99 0 14 43 68 68 39 32 90 68 97 90 50 12 25 34 41 75 57 75 39 37 50 55 20 91 48 61 94 85 28 11 91 62 74 12 43 10 37 29 29 31 55 86 76 14 57 53 39 89 85 73 35 41 56 15 51 60 83 50 87 81 36 56 45 52
31 79 28 21 42 51 97 32 75 28 20 67 23 10 86 71 33 92 52 72 33 89 61 81 87 37 12 61 35 13 91 45 87 53 39 73 87 26 39 37 21 18 48 60 58 84 55 47 58 11 14 0 61 34 56 30 61 63 52 69 55 96 54 92 47 81 73 65 93 84 72 98 65 58 60 97 43 24 90 82 71 41 28 77 73 70 38 61 23 28 70 15 79 24 78 99 31 62 38 58 37 30 47 85 37 50 39 10 28 24 36 30 84 62 43
15 50 24 94 59 61 22 63 32 92 62 21 50 18 29 45 40 64 95 16 42 98 26 18 46 68 30 48 77 47 60 23 86 37 39 69 58 21 41 51 18 51 50 59 84 86 17 44 86 79 43 61 0 87 79 47 49 11 56 85 48 46 71 18 55 35 76 29 11 79 65 84 72 99 91 42 30 60 40 13 36 47 73 52 37 82 92 85 74 98 90 76 81 97 61 66 87 31 37 88 84 70 96 23 16 63 84 99 43 86 84 25 25 41 52
39 99 84 84 13 29 40 62 75 79 71 55 76 24 67 40 72 42 41 87 21 22 61 67 37 33 24 55 89 76 54 57 19 93 36 62 29 28 30 99 48 13 82 58 38 73 37 21 21 67 68 34 87 0 31 29 82 99 27 78 99 49 24 73 95 65 66 23 45 13 19 79 42 79 57 25 42 91 37 44 15 28 67 86 71 14 87 19 44 23 69 80 26 80 53 86 66 90 14 52 11 36 61 67 68 84 15 88 77 19 66 35 79 18 40
26 88 91 41 92 86 62 54 84 33 68 92 45 64 32 62 10 84 49 22 55 77 14 65 69 64 80 25 17 96 69 40 98 46 69 24 70 59 56 97 57 63 69 98 63 92 65 22 83 21 68 56 79 31 0 11 39 80 80 57 30 11 51 19 81 44 75 78 34 54 40 36 87 10 89 63 45 94 17 73 67 81 70 38 14 85 24 23 24 83 92 78 88 81 74 88 10 74 15 92 92 19 48 76 71 62 66 79 34 37 78 62 39 49 34
12 77 41 47 52 84 25 19 62 57 20 25 49 35 93 62 45 45 62 74 45 33 97 63 84 80 67 95 58 78 10 44 96 80 17 15 91 85 17 33 46 47 88 80 80 19 88 36 94 42 39 30 47 29 11 0 10 45 74 42 56 12 53 13 80 69 94 92 72 20 67 53 64 92 51 73 23 15 74 84 44 60 19 36 23 18 11 57 20 25 43 75 14 24 19 46 28 82 95 22 34 76 72 22 96 39 46 12 67 47 48 94 61 89 71
41 69 25 60 79 32 37 43 65 35 85 63 73 50 83 60 27 97 52 37 27 11 56 18 90 32 61 82 56 64 30 89 28 71 55 28 82 25 45 73 98 71 26 28 52 35 26 16 41 40 32 61 49 82 39 10 0 47 65 11 17 83 94 51 81 40 68 56 56 15 23 91 56 93 31 97 87 85 13 26 92 28 76 89 43 12 82 95 13 96 41 44 11 54 88 75 19 70 34 35 35 87 98 77 93 41 36 42 96 95 55 18 28 84 94
74 65 79 41 18 54 34 62 38 58 68 48 60 77 36 65 55 27 80 87 13 65 35 26 45 84 49 77 39 53 43 13 22 89 36 74 70 75 16 32 23 93 88 64 41 12 37 14 12 43 90 63 11 99 80 45 47 0 93 70 19 92 47 80 25 75 86 15 62 57 22 17 95 96 34 48 11 20 21 30 45 22 44 82 46 47 31 80 57 21 82 67 68 66 42 54 73 19 72 74 87 35 97 84 49 52 46 84 38 55 85 11 54 23 56
59 78 29 31 51 72 34 41 36 51 74 77 73 75 54 64 31 18 64 87 66 34 43 16 54 75 64 77 14 87 54 95 43 36 91 54 28 41 73 84 81 67 15 55 89 30 42 33 87 63 68 52 56 27 80 74 65 93 0 50 58 67 14 55 37 33 47 57 21 56 88 70 84 75 40 52 97 14 85 75 90 13 83 15 19 37 81 61 47 78 16 91 78 28 14 49 60 70 43 33 19 29 77 58 91 14 44 38 16 20 64 63 64 84 46
49 71 50 32 88 65 56 92 61 37 90 96 48 90 69 74 40 45 27 69 42 79 65 60 36 51 63 10 15 78 44 99 33 68 45 47 20 30 42 37 46 23 39 86 59 71 73 60 99 94 97 69 85 78 57 42 11 70 50 0 51 20 77 31 51 42 91 39 33 74 91 37 47 96 24 79 31 83 89 51 61 66 49 91 14 51 39 49 71 79 88 52 62 67 21 91 59 25 16 13 13 82 63 55 63 28 14 17 79 23 64 34 56 43 23
66 40 77 12 92 28 48 32 84 11 33 76 75 14 51 90 33 20 42 90 75 93 58 70 75 12 24 19 47 95 35 64 61 82 14 40 54 43 80 56 46 39 64 71 33 16 83 84 61 18 90 55 48 99 30 56 17 19 58 51 0 30 23 25 22 14 24 41 18 40 89 38 30 41 77 48 32 94 53 45 27 56 56 20 21 76 83 35 49 99 95 28 70 20 50 23 66 63 76 69 68 32 35 81 27 64 64 60 26 56 53 64 18 39 12
68 94 11 74 79 59 50 56 90 69 73 96 76 25 86 97 51 74 77 31 80 72 24 38 51 27 24 17 43 60 29 91 78 15 21 52 66 33 65 73 45 19 52 67 59 71 46 68 64 60 50 96 46 49 11 12 83 92 67 20 30 0 51 30 25 35 11 71 54 67 83 34 21 70 63 17 69 68 27 24 45 31 45 50 74 29 69 76 94 21 13 47 42 35 91 26 52 89 91 82 90 45 56 46 54 32 96 73 53 20 76 32 24 89 94
57 62 18 59 38 78 45 89 97 27 22 85 37 63 89 42 96 64 67 59 66 55 38 46 42 85 50 97 53 82 91 76 13 82 90 16 49 32 98 32 72 99 87 45 76 22 94 51 21 56 12 54 71 24 51 53 94 47 14 77 23 51 0 45 37 21 80 70 88 40 85 21 17 42 15 34 58 50 75 12 82 10 21 32 63 46 74 61 53 38 12 31 18 54 42 81 14 90 10 97 53 64 51 89 16 31 20 14 21 19 10 65 47 26 55
11 80 30 26 64 26 73 60 12 17 78 57 83 46 68 63 62 17 54 91 19 13 62 18 24 30 30 79 70 12 46 19 37 82 54 42 56 64 17 40 75 41 77 76 34 30 98 42 87 55 25 92 18 73 19 13 51 80 55 31 25 30 45 0 37 63 86 46 37 94 41 84 99 29 64 89 72 17 24 61 36 75 87 25 29 64 93 32 33 94 97 21 12 43 76 38 27 11 80 37 85 88 75 42 45 49 25 87 14 37 85 58 30 83 93
90 72 89 26 64 93 56 92 24 83 29 70 47 92 47 34 16 94 63 89 96 68 86 28 50 55 80 99 25 60 46 64 54 27 98 47 54 41 79 99 59 37 85 51 74 56 88 83 10 38 34 47 55 95 81 80 81 25 37 51 22 25 37 37 0 71 99 94 81 30 18 37 15 15 37 40 12 79 97 37 74 81 15 37 84 45 61 33 87 74 37 25 25 89 62 74 45 36 14 44 31 51 41 44 39 41 57 23 52 54 73 59 51 32 48
79 10 67 62 67 70 89 98 63 64 37 40 73 93 92 59 15 17 25 69 37 30 89 72 82 91 88 30 61 78 15 97 42 68 68 40 53 70 20 68 60 91 37 19 79 85 58 26 69 32 41 81 35 65 44 69 40 75 33 42 14 35 21 63 71 0 56 26 11 17 28 29 16 62 32 46 24 80 58 50 17 48 88 29 98 61 95 69 91 27 56 86 48 14 78 53 46 14 64 21 16 69 69 80 28 66 32 63 68 84 16 59 71 11 12
67 72 88 82 34 87 97 63 99 54 39 95 61 35 81 91 27 71 99 35 45 10 84 95 80 11 88 25 43 41 81 37 55 36 68 69 16 82 57 54 90 75 54 60 52 14 52 17 96 63 75 73 76 66 75 94 68 86 47 91 24 11 80 86 99 56 0 24 68 76 83 45 39 22 28 45 14 30 56 96 30 68 49 65 25 27 68 35 70 12 62 13 50 37 13 33 21 83 61 13 74 99 14 84 71 65 12 57 12 46 10 95 56 28 37
88 80 71 60 53 33 27 83 45 95 30 59 18 22 72 36 71 93 27 98 45 75 61 41 54 38 34 71 28 98 14 22 76 98 52 74 33 91 46 41 47 55 54 99 82 49 79 33 73 78 57 65 29 23 78 92 56 15 57 39 41 71 70 46 94 26 24 0 42 42 11 65 54 30 64 84 64 31 27 39 91 23 38 60 30 10 16 31 32 47 22 86 32 45 68 96 28 51 27 45 78 27 24 62 32 17 46 95 54 94 32 68 53 48 55
33 24 24 85 55 75 62 99 95 90 46 52 94 46 59 21 31 37 20 87 78 14 48 36 41 86 28 13 92 37 95 40 42 14 36 87 22 48 73 57 47 78 53 70 82 98 96 32 69 56 75 93 11 45 34 72 56 62 21 33 18 54 88 37 81 11 68 42 0 66 96 49 45 30 12 39 55 96 83 23 75 62 41 96 38 20 95 16 66 66 68 97 69 55 10 42 17 10 47 12 52 57 71 82 73 22 21 68 56 74 94 47 11 45 17
80 44 32 31 51 63 34 70 92 66 38 61 37 93 38 64 18 37 96 49 36 81 73 95 37 88 30 58 90 23 98 33 65 24 37 48 22 23 93 48 20 47 26 32 51 68 29 90 48 47 39 84 79 13 54 20 15 57 56 74 40 67 40 94 30 17 76 42 66 0 51 44 94 20 86 43 61 10 46 86 90 32 36 37 75 50 64 12 34 28 15 60 77 58 73 66 74 14 20 82 15 85 30 27 46 23 79 59 13 97 27 33 15 49 14
43 94 40 97 42 18 86 19 46 55 69 31 33 27 27 28 98 58 72 31 46 28 50 20 36 98 97 49 16 69 65 78 46 13 31 36 26 35 45 86 86 81 51 87 66 24 27 43 84 69 37 72 65 19 40 67 23 22 88 91 89 83 85 41 18 28 83 11 96 51 0 45 22 31 72 70 65 17 90 40 38 57 62 62 93 62 54 11 30 46 69 32 33 44 60 38 96 32 32 32 36 63 96 58 47 69 38 57 78 67 44 18 66 52 18
16 70 62 53 65 71 85 42 73 87 26 60 21 70 96 37 44 83 89 47 34 98 53 90 39 26 13 34 66 59 21 89 17 76 71 90 11 73 63 46 78 73 89 11 16 90 98 92 42 32 50 98 84 79 36 53 91 17 70 37 38 34 21 84 37 29 45 65 49 44 45 0 80 56 92 71 66 43 40 84 17 83 10 91 74 16 93 38 36 51 55 42 78 89 31 63 52 78 70 25 19 18 65 59 13 10 12 72 17 83 20 44 35 78 79
62 60 21 16 84 89 61 24 37 32 61 91 55 57 70 47 53 61 55 42 20 10 45 47 24 21 23 27 90 81 68 42 76 70 76 82 59 30 29 31 43 37 28 33 39 51 37 81 38 33 55 65 72 42 87 64 56 95 84 47 30 21 17 99 15 16 39 54 45 94 22 80 0 36 40 75 10 89 37 51 53 22 68 74 64 40 66 89 61 73 17 56 53 69 81 96 65 10 23 22 69 95 87 21 34 32 33 50 41 53 72 41 57 53 12
57 96 47 32 37 88 49 27 56 57 80 54 29 97 72 62 65 30 21 48 20 77 44 87 28 59 45 23 17 82 71 12 45 37 64 53 68 63 86 41 39 76 76 13 66 26 70 26 69 25 20 58 99 79 10 92 93 96 75 96 41 70 42 29 15 62 22 30 30 20 31 56 36 0 97 54 24 86 18 45 85 89 37 63 13 71 14 16 52 97 49 57 91 52 76 73 42 26 78 51 84 13 73 74 66 91 50 56 57 40 31 35 80 15 47
97 60 51 13 82 93 65 64 72 11 48 92 71 39 45 88 82 49 41 68 66 80 31 52 29 91 67 13 78 41 64 53 27 89 27 80 63 79 38 33 70 40 86 31 67 39 71 81 28 95 91 60 91 57 89 51 31 34 40 24 77 63 15 64 37 32 28 64 12 86 72 92 40 97 0 58 88 92 79 70 86 59 73 58 68 15 15 41 90 57 38 69 94 28 58 61 64 34 48 77 78 98 93 78 28 15 92 23 28 36 31 61 60 81 22
17 40 98 65 88 25 79 95 54 17 20 12 33 77 45 57 59 68 61 64 47 83 90 68 95 97 89 69 42 88 98 52 95 89 52 73 60 55 19 90 53 60 70 33 27 59 86 62 34 69 48 97 42 25 63 73 97 48 52 79 48 17 34 89 40 46 45 84 39 43 70 71 75 54 58 0 42 77 99 29 82 66 65 11 55 15 55 41 26 13 44 38 17 47 21 43 13 52 40 87 55 39 60 77 74 61 77 96 58 98 96 66 33 35 84
46 96 11 57 16 99 92 96 47 32 35 74 29 58 44 22 43 19 83 18 32 41 90 53 95 93 82 64 32 23 66 85 66 19 64 61 86 66 14 44 46 15 77 93 51 51 31 39 66 33 61 43 30 42 45 23 87 11 97 31 32 69 58 72 12 24 14 64 55 61 65 66 10 24 88 42 0 89 85 74 94 82 16 64 72 91 63 75 81 48 99 21 92 96 13 16 82 89 80 28 20 38 65 13 88 84 99 36 61 31 77 47 79 39 58
28 69 31 45 13 42 98 83 37 42 97 31 17 48 35 23 46 90 17 47 77 88 19 28 42 14 34 42 34 62 45 54 31 32 47 79 45 23 14 94 42 70 74 25 58 83 27 61 71 25 94 24 60 91 94 15 85 20 14 83 94 68 50 17 79 80 30 31 96 10 17 43 89 86 92 77 89 0 55 40 69 88 79 25 69 75 66 38 70 29 54 38 17 22 79 78 83 87 54 33 56 77 11 39 19 55 40 60 84 37 12 39 47 99 59
10 74 24 78 26 76 59 86 88 48 12 48 57 74 76 34 55 23 61 39 66 66 95 88 85 45 24 25 89 78 87 53 42 33 52 60 20 15 31 26 32 51 30 92 30 42 67 96 64 70 85 90 40 37 17 74 13 21 85 89 53 27 75 24 97 58 56 27 83 46 90 40 37 18 79 99 85 55 0 75 48 82 18 26 83 79 26 70 48 65 16 54 47 91 25 84 45 76 78 54 59 34 94 78 78 72 39 17 68 18 68 36 19 64 57
68 20 49 89 20 70 15 83 41 65 39 11 75 18 99 70 44 79 81 40 79 67 58 75 62 68 91 51 61 97 37 43 36 74 13 83 60 13 67 64 29 21 92 63 93 33 25 63 94 36 28 82 13 44 73 84 26 30 75 51 45 24 12 61 37 50 96 39 23 86 40 84 51 45 70 29 74 40 75 0 42 22 68 56 47 87 31 14 41 17 50 52 95 29 62 96 39 81 31 38 57 40 48 81 71 53 58 22 85 82 59 18 80 35 23
21 64 47 46 56 94 36 98 16 19 44 67 64 28 73 39 98 99 75 63 67 14 56 22 79 51 21 23 89 54 58 57 39 26 55 85 31 32 17 87 34 98 84 23 71 89 65 45 39 55 11 71 36 15 67 44 92 45 90 61 27 45 82 36 74 17 30 91 75 90 38 17 53 85 86 82 94 69 48 42 0 28 79 36 88 68 84 21 81 56 67 63 84 79 17 27 12 51 21 43 26 90 43 80 64 70 57 10 38 67 41 73 53 61 73
65 52 74 11 98 28 92 21 60 12 14 61 77 36 81 24 86 15 34 35 38 24 11 87 69 43 84 76 68 74 56 41 76 66 33 29 14 87 20 30 36 70 75 63 27 11 44 95 32 24 91 41 47 28 81 60 28 22 13 66 56 31 10 75 81 48 68 23 62 32 57 83 22 89 59 66 82 88 82 22 28 0 59 51 32 88 25 75 62 58 41 55 89 50 48 14 72 72 25 46 27 21 65 80 47 78 72 47 60 11 66 48 97 92 26
14 96 33 31 26 54 26 97 20 80 28 69 44 45 17 28 22 50 64 61 35 12 59 62 73 30 49 31 93 12 93 46 48 76 93 98 11 45 95 26 86 15 34 31 42 56 77 65 48 81 62 28 73 67 70 19 76 44 83 49 56 45 21 87 15 88 49 38 41 36 62 10 68 37 73 65 16 79 18 68 79 59 0 17 87 76 96 32 21 98 99 88 44 23 16 74 80 90 22 74 56 58 79 43 21 33 82 26 42 78 14 96 15 42 82
66 82 60 16 79 67 31 42 44 64 41 66 80 95 72 78 38 11 18 65 54 67 17 35 67 32 11 86 78 62 65 69 80 18 10 67 86 98 77 70 65 29 88 27 19 69 72 60 29 24 74 77 52 86 38 36 89 82 15 91 20 50 32 25 37 29 65 60 96 37 62 91 74 63 58 11 64 25 26 56 36 51 17 0 85 39 14 12 57 85 27 92 95 89 85 60 49 94 11 40 84 18 73 27 89 10 68 16 27 58 64 90 47 44 58
57 16 18 15 84 57 43 34 58 69 37 61 31 56 36 77 97 65 54 51 55 93 40 96 85 35 53 66 15 56 62 84 95 18 12 40 42 22 71 59 70 58 80 76 53 12 36 96 70 15 12 73 37 71 14 23 43 46 19 14 21 74 63 29 84 98 25 30 38 75 93 74 64 13 68 55 72 69 83 47 88 32 87 85 0 96 91 53 10 23 80 18 14 94 74 67 60 98 74 90 38 79 41 64 90 33 78 51 48 84 89 81 80 78 59
55 88 43 21 94 29 42 17 37 73 46 70 25 81 48 54 20 14 53 21 51 90 21 87 48 93 24 79 33 24 48 20 79 13 58 37 80 53 62 86 66 74 67 84 83 30 70 92 63 16 43 70 82 14 85 18 12 47 37 51 76 29 46 64 45 61 27 10 20 50 62 16 40 71 15 15 91 75 79 87 68 88 76 39 96 0 88 91 34 71 69 15 50 24 57 91 60 51 53 11 92 12 83 91 28 80 86 10 70 23 76 45 51 53 39
15 66 71 72 67 23 10 24 65 50 58 29 23 82 13 18 97 54 39 32 78 56 49 74 25 36 27 27 42 96 75 74 80 15 82 23 88 74 86 79 96 46 44 99 39 67 19 25 90 64 10 38 92 87 24 11 82 31 81 39 83 69 74 93 61 95 68 16 95 64 54 93 66 14 15 55 63 66 26 31 84 25 96 14 91 88 0 64 62 50 28 73 83 52 74 61 13 89 29 96 50 18 59 18 84 67 18 44 82 23 15 23 88 78 11
75 16 40 49 19 84 59 87 61 33 47 12 31 76 58 27 89 56 27 57 47 35 64 17 31 66 80 23 65 75 77 12 84 33 58 40 86 74 28 43 61 11 28 99 64 81 74 42 73 41 37 61 85 19 23 57 95 80 61 49 35 76 61 32 33 69 35 31 16 12 11 38 89 16 41 41 75 38 70 14 21 75 32 12 53 91 64 0 31 17 18 54 95 98 26 18 66 25 23 48 61 31 85 43 13 74 61 45 93 90 20 34 52 67 83
87 82 81 88 34 25 56 43 55 80 11 72 57 30 47 68 10 85 11 59 29 73 82 85 36 63 57 28 49 96 98 76 96 60 67 62 12 14 97 21 28 17 73 79 97 49 19 42 24 51 29 23 74 44 24 20 13 57 47 71 49 94 53 33 87 91 70 32 66 34 30 36 61 52 90 26 81 70 48 41 81 62 21 57 10 34 62 31 0 12 59 60 34 28 62 63 19 99 73 22 78 26 77 82 94 69 97 41 34 12 36 20 31 25 53
16 61 69 35 62 12 64 52 37 78 74 28 98 78 39 31 57 72 85 60 99 25 88 43 74 65 91 63 26 74 14 16 88 52 25 90 62 81 82 18 93 94 19 36 70 16 83 60 15 45 29 28 98 23 83 25 96 21 78 79 99 21 38 94 74 27 12 47 66 28 46 51 73 97 57 13 48 29 65 17 56 58 98 85 23 71 50 17 12 0 99 16 79 39 14 60 42 17 26 63 87 16 79 29 50 48 73 43 25 28 28 54 88 24 38
10 48 48 78 85 78 33 54 97 80 90 58 17 35 61 79 98 22 37 79 96 66 38 53 84 24 87 12 68 93 64 15 57 29 95 50 88 97 83 85 78 48 53 91 67 43 83 84 39 28 31 70 90 69 92 43 41 82 16 88 95 13 12 97 37 56 62 22 68 15 69 55 17 49 38 44 99 54 16 50 67 41 99 27 80 69 28 18 59 99 0 61 98 18 95 49 18 29 97 35 61 98 24 65 84 35 46 21 56 45 18 34 38 31 55
99 76 22 19 27 43 65 14 52 72 46 42 44 55 37 50 17 90 71 83 87 81 25 56 90 65 20 14 64 55 84 21 86 54 79 90 99 49 95 27 28 90 80 24 26 34 68 65 24 62 55 15 76 80 78 75 44 67 91 52 28 47 31 21 25 86 13 86 97 60 32 42 56 57 69 38 21 38 54 52 63 55 88 92 18 15 73 54 60 16 61 0 22 87 85 97 44 72 62 17 65 13 60 53 63 16 80 53 55 17 51 97 71 95 21
64 23 12 57 22 53 17 35 52 88 78 60 40 89 51 45 81 13 77 27 49 48 79 16 97 44 76 79 25 24 29 96 91 81 37 59 35 21 59 98 46 19 97 39 76 88 54 27 59 67 86 79 81 26 88 14 11 68 78 62 70 42 18 12 25 48 50 32 69 77 33 78 53 91 94 17 92 17 47 95 84 89 44 95 14 50 83 95 34 79 98 22 0 39 33 27 49 85 85 75 71 24 18 53 58 56 73 62 59 12 85 43 40 18 59
11 43 98 99 55 74 36 10 67 91 90 70 35 71 60 17 72 20 71 45 87 50 26 23 98 93 40 42 90 44 65 58 93 40 99 48 29 83 54 85 77 42 56 90 70 61 68 91 14 36 76 24 97 80 81 24 54 66 28 67 20 35 54 43 89 14 37 45 55 58 44 89 69 52 28 47 96 22 91 29 79 50 23 89 94 24 52 98 28 39 18 87 39 0 24 50 28 13 40 62 71 48 28 81 37 42 78 12 43 68 11 29 37 11 39
98 31 16 48 54 49 61 38 94 85 23 81 69 45 31 47 71 93 60 57 63 57 91 19 62 20 74 58 33 37 10 76 12 15 50 39 70 37 60 50 52 66 13 63 51 53 78 53 42 37 14 78 61 53 74 19 88 42 14 21 50 91 42 76 62 78 13 68 10 73 60 31 81 76 58 21 13 79 25 62 17 48 16 85 74 57 74 26 62 14 95 85 33 24 0 99 26 28 49 74 20 39 61 17 41 37 13 16 55 81 14 86 69 23 50
51 12 93 73 47 85 93 17 94 42 92 31 80 90 87 59 53 24 80 95 84 56 60 60 49 38 34 13 28 42 29 76 83 33 56 81 92 42 87 82 88 70 69 25 67 68 16 78 56 17 57 99 66 86 88 46 75 54 49 91 23 26 81 38 74 53 33 96 42 66 38 63 96 73 61 43 16 78 84 96 27 14 74 60 67 91 61 18 63 60 49 97 27 50 99 0 20 99 92 54 60 46 79 65 61 88 63 77 31 98 74 40 92 81 75
23 21 78 94 90 86 87 44 25 68 83 57 20 89 91 14 38 14 74 12 38 51 18 16 20 65 58 47 50 81 39 76 38 67 61 11 52 31 42 29 32 90 55 73 85 55 48 77 97 67 53 31 87 66 10 28 19 73 60 59 66 52 14 27 45 46 21 28 17 74 96 52 65 42 64 13 82 83 45 39 12 72 80 49 60 60 13 66 19 42 18 44 49 28 26 20 0 55 83 58 85 47 61 28 57 48 46 24 87 70 21 65 11 28 14
45 42 22 34 23 39 21 45 95 82 18 25 15 53 33 22 57 54 84 47 20 60 26 17 92 12 28 99 15 56 81 93 57 75 35 88 31 16 75 45 36 56 75 73 65 71 56 31 17 92 39 62 31 90 74 82 70 19 70 25 63 89 90 11 36 14 83 51 10 14 32 78 10 26 34 52 89 87 76 81 51 72 90 94 98 51 89 25 99 17 29 72 85 13 28 99 55 0 27 10 56 51 38 89 61 56 89 78 57 34 10 10 11 82 41
76 71 98 29 24 47 43 49 19 28 97 40 34 85 60 15 86 77 96 71 40 86 60 19 87 60 34 32 48 58 16 23 34 23 83 38 46 90 35 61 48 15 33 18 96 22 49 72 73 82 89 38 37 14 15 95 34 72 43 16 76 91 10 80 14 64 61 27 47 20 32 70 23 78 48 40 80 54 78 31 21 25 22 11 74 53 29 23 73 26 97 62 85 40 49 92 83 27 0 47 87 99 20 11 93 15 38 31 61 92 51 65 97 59 75
46 83 98 39 55 81 10 56 10 74 72 14 62 10 10 14 54 77 89 59 71 32 64 54 52 81 26 56 68 30 31 68 63 27 16 73 96 26 44 15 80 35 62 71 32 55 56 97 63 80 85 58 88 52 92 22 35 74 33 13 69 82 97 37 44 21 13 45 12 82 32 25 22 51 77 87 28 33 54 38 43 46 74 40 90 11 96 48 22 63 35 17 75 62 74 54 58 10 47 0 87 39 90 90 10 70 12 14 61 34 64 52 98 88 96
99 59 45 75 99 74 42 73 24 15 33 40 79 13 96 59 61 84 39 16 37 55 87 48 99 76 87 42 90 53 63 78 87 63 93 22 89 72 30 24 50 94 92 40 71 27 45 45 23 89 73 37 84 11 92 34 35 87 19 13 68 90 53 85 31 16 74 78 52 15 36 19 69 84 78 55 20 56 59 57 26 27 56 84 38 92 50 61 78 87 61 65 71 71 20 60 85 56 87 87 0 76 17 66 31 41 94 59 57 96 12 79 67 28 89
94 11 25 94 15 14 88 71 47 16 10 65 54 82 77 12 57 43 64 55 54 95 81 62 83 29 26 52 89 96 94 96 69 90 88 55 54 75 31 99 86 67 77 28 31 92 98 25 71 47 35 30 70 36 19 76 87 35 29 82 32 45 64 88 51 69 99 27 57 85 63 18 95 13 98 39 38 77 34 40 90 21 58 18 79 12 18 31 26 16 98 13 24 48 39 46 47 51 99 39 76 0 50 72 26 10 60 31 28 77 23 13 58 25 31
25 78 72 86 27 30 70 10 57 86 50 52 55 36 79 89 76 52 93 86 72 60 95 69 24 46 94 87 36 95 20 40 16 22 54 24 18 84 18 56 21 62 80 19 93 77 13 10 51 85 41 47 96 61 48 72 98 97 77 63 35 56 51 75 41 69 14 24 71 30 96 65 87 73 93 60 65 11 94 48 43 65 79 73 41 83 59 85 77 79 24 60 18 28 61 79 61 38 20 90 17 50 0 61 75 81 38 65 19 19 41 91 23 27 82
20 82 22 26 17 69 16 82 19 94 98 18 38 14 46 21 90 30 68 86 44 79 68 37 31 33 52 69 55 92 78 12 80 67 72 28 78 38 82 73 16 89 76 72 50 46 40 11 70 16 56 85 23 67 76 22 77 84 58 55 81 46 89 42 44 80 84 62 82 27 58 59 21 74 78 77 13 39 78 81 80 80 43 27 64 91 18 43 82 29 65 53 53 81 17 65 28 89 11 90 66 72 61 0 51 85 15 75 88 13 84 14 32 84 10
28 46 79 59 33 97 11 53 50 84 70 77 75 60 53 30 58 37 98 23 70 46 10 77 33 40 96 54 66 30 65 86 36 78 37 29 54 85 35 16 87 90 46 55 87 14 63 26 84 98 15 37 16 68 71 96 93 49 91 63 27 54 16 45 39 28 71 32 73 46 47 13 34 66 28 74 88 19 78 71 64 47 21 89 90 28 84 13 94 50 84 63 58 37 41 61 57 61 93 10 31 26 75 51 0 65 95 21 51 35 59 68 99 67 20
44 71 15 14 83 83 67 77 87 41 24 12 98 75 56 60 11 75 47 41 60 63 71 33 95 49 30 53 95 15 31 57 48 84 46 19 75 21 40 31 49 81 85 23 26 44 56 19 11 56 51 50 63 84 62 39 41 52 14 28 64 32 31 49 41 66 65 17 22 23 69 10 32 91 15 61 84 55 72 53 70 78 33 10 33 80 67 74 69 48 35 16 56 42 37 88 48 56 15 70 41 10 81 85 65 0 36 97 93 32 12 51 48 30 84
71 21 65 73 82 61 86 67 70 41 10 25 88 84 62 27 84 67 64 71 88 51 88 25 83 63 30 47 48 44 58 95 71 26 64 24 32 23 35 45 32 45 77 90 56 76 52 93 35 69 60 39 84 15 66 46 36 46 44 14 64 96 20 25 57 32 12 46 21 79 38 12 33 50 92 77 99 40 39 58 57 72 82 68 78 86 18 61 97 73 46 80 73 78 13 63 46 89 38 12 94 60 38 15 95 36 0 75 83 52 37 33 98 87 30
30 49 77 16 81 24 88 84 70 35 74 83 74 30 48 62 98 27 79 50 19 90 81 47 76 48 69 25 20 81 58 49 39 65 79 17 51 28 11 54 31 40 40 19 81 27 10 32 46 52 83 10 99 88 79 12 42 84 38 17 60 73 14 87 23 63 57 95 68 59 57 72 50 56 23 96 36 60 17 22 10 47 26 16 51 10 44 45 41 43 21 53 62 12 16 77 24 78 31 14 59 31 65 75 21 97 75 0 19 86 60 69 66 40 97
30 10 63 61 78 33 48 49 92 64 46 40 50 27 23 84 42 10 30 96 83 67 31 62 16 25 67 88 52 20 22 37 11 32 81 71 25 49 99 56 40 64 79 28 15 87 35 39 88 10 50 28 43 77 34 67 96 38 16 79 26 53 21 14 52 68 12 54 56 13 78 17 41 57 28 58 61 84 68 85 38 60 42 27 48 70 82 93 34 25 56 55 59 43 55 31 87 57 61 61 57 28 19 88 51 93 83 19 0 12 24 32 41 27 80
84 14 75 58 74 16 75 25 15 49 92 54 51 54 96 93 85 60 97 76 97 60 47 19 15 90 46 57 44 25 49 62 33 82 52 65 24 82 10 52 10 48 26 93 91 85 41 61 61 24 87 24 86 19 37 47 95 55 20 23 56 20 19 37 54 84 46 94 74 97 67 83 53 40 36 98 31 37 18 82 67 11 78 58 84 23 23 90 12 28 45 17 12 68 81 98 70 34 92 34 96 77 19 13 35 32 52 86 12 0 56 34 91 49 97
90 18 91 11 96 40 31 14 18 91 44 11 16 30 37 66 41 13 37 61 94 14 94 59 48 26 12 21 47 36 54 43 79 70 86 97 20 24 47 41 77 78 80 19 83 92 81 97 79 99 81 36 84 66 78 48 55 85 64 64 53 76 10 85 73 16 10 32 94 27 44 20 72 31 31 96 77 12 68 59 41 66 14 64 89 76 15 20 36 28 18 51 85 11 14 74 21 10 51 64 12 23 41 84 59 12 37 60 24 56 0 74 70 46 64
92 24 56 55 64 47 69 40 20 25 71 81 50 13 90 80 62 20 58 95 24 73 39 69 74 49 67 14 35 34 90 81 11 42 11 49 18 85 58 42 89 79 50 25 22 23 41 64 42 40 36 30 25 35 62 94 18 11 63 34 64 32 65 58 59 59 95 68 47 33 18 44 41 35 61 66 47 39 36 18 73 48 96 90 81 45 23 34 20 54 34 97 43 29 86 40 65 10 65 52 79 13 91 14 68 51 33 69 32 34 74 0 12 33 70
78 74 91 89 92 70 36 48 67 72 48 42 21 87 87 46 19 74 30 11 79 38 95 79 15 88 34 95 37 53 57 30 81 49 24 78 12 89 91 14 83 58 15 55 16 70 58 51 42 50 56 84 25 79 39 61 28 54 64 56 18 24 47 30 51 71 56 53 11 15 66 35 57 80 60 33 79 47 19 80 53 97 15 47 80 51 88 52 31 88 38 71 40 37 69 92 11 11 97 98 67 58 23 32 99 48 98 66 41 91 70 12 0 40 96
42 15 20 34 12 44 79 78 31 59 77 17 85 42 34 83 50 65 94 44 47 82 45 76 96 11 73 48 93 44 58 19 16 52 55 80 50 18 61 43 88 41 49 14 73 87 78 70 18 78 45 62 41 18 49 89 84 23 84 43 39 89 26 83 32 11 28 48 45 49 52 78 53 15 81 35 39 99 64 35 61 92 42 44 78 53 78 67 25 24 31 95 18 11 23 81 28 82 59 88 28 25 27 84 67 30 87 40 27 49 46 33 40 0 26
60 99 87 55 54 17 49 52 44 60 13 52 39 80 47 36 93 19 96 34 94 23 73 84 70 53 93 60 89 18 15 55 97 73 38 96 77 15 73 34 46 48 55 73 41 73 25 83 49 26 52 43 52 40 34 71 94 56 46 23 12 94 55 93 48 12 37 55 17 14 18 79 12 47 22 84 58 59 57 23 73 26 82 58 59 39 11 83 53 38 55 21 59 39 50 75 14 41 75 96 89 31 82 10 20 84 30 97 80 97 64 70 96 26 0