125
0 55 46 26 67 35 93 86 16 79 14 48 98 95 45 58 16 77 57 75 71 45 70 69 96 80 58 40 12 67 53 55 68 26 72 79 93 40 73 20 86 38 77 55 86 27 42 36 28 68 19 64 72 32 30 16 57 37 21 87 68 16 92 83 29 46 15 31 46 11 14 42 69 81 50 32 20 36 97 17 87 29 94 10 15 78 62 21 30 30 77 26 16 36 16 14 26 22 78 10 57 34 98 77 15 72 57 36 70 26 21 21 90 67 49 34 80 21 50 99 94 52 70 81 57
55 0 77 68 18 62 52 26 90 44 44 13 15 57 38 20 61 18 43 26 54 68 26 13 83 11 46 52 78 34 82 77 36 39 38 16 31 76 43 41 59 97 32 93 81 88 29 54 26 13 73 98 85 88 60 42 88 88 92 15 70 29 84 45 71 22 98 13 47 72 41 33 34 45 22 44 47 17 21 76 63 63 55 93 62 39 63 80 88 31 59 63 84 36 70 12 77 82 51 90 89 86 42 58 25 85 85 86 59 76 10 68 90 18 87 36 33 35 70 51 33 14 84 33 18
46 77 0 29 89 68 89 64 95 14 52 71 99 85 55 31 84 19 59 93 38 70 71 78 85 99 70 77 35 29 91 13 66 74 57 25 62 97 65 82 28 12 74 13 70 58 90 87 27 47 68 52 43 29 35 43 94 98 54 82 15 61 74 70 30 64 15 52 17 48 15 85 92 81 66 78 38 28 60 72 17 49 58 64 47 75 59 42 98 34 54 75 42 19 18 73 87 58 11 34 64 72 90 44 16 46 91 62 82 17 25 26 66 63 39 28 31 12 95 95 90 90 79 35 96
26 68 29 0 38 76 14 67 99 73 46 58 12 91 85 62 52 83 41 27 37 71 73 23 16 50 55 72 50 27 93 71 28 40 59 41 75 69 71 14 12 96 21 71 95 43 95 14 82 59 27 61 49 80 81 47 81 70 13 47 60 57 80 72 48 51 48 35 13 34 50 71 83 40 32 15 59 13 28 41 80 13 12 13 57 78 35 76 41 89 81 80 76 29 14 74 35 42 81 15 78 48 22 92 88 32 94 73 49 90 32 95 16 96 48 23 31 78 80 26 73 28 26 22 29
67 18 89 38 0 44 52 32 59 81 61 77 89 42 99 42 20 93 77 68 34 53 83 48 64 40 11 22 59 16 14 34 92 88 99 20 71 68 12 15 14 15 20 38 39 63 96 83 68 51 13 80 30 84 43 71 55 26 28 47 69 13 67 19 58 10 50 97 45 52 68 91 93 47 24 76 63 63 81 58 12 48 43 25 60 10 35 23 82 34 44 13 15 77 83 25 81 66 37 14 49 67 15 80 85 94 80 47 65 11 14 22 73 15 78 36 93 12 85 69 94 59 70 21 22
35 62 68 76 44 0 63 95 68 85 29 22 58 12 21 83 50 95 19 99 58 47 40 95 91 77 97 69 99 79 44 38 51 23 36 87 23 93 36 93 18 19 78 32 93 76 95 35 80 16 58 33 96 66 46 38 64 27 50 75 65 51 81 70 54 90 15 74 73 36 86 58 64 33 28 36 28 43 96 28 67 99 90 97 76 79 42 96 93 22 97 11 90 47 82 35 93 78 93 41 90 87 86 11 82 70 26 88 16 22 45 24 86 47 82 22 93 15 47 37 64 77 78 79 14
93 52 89 14 52 63 0 90 33 56 48 74 47 70 43 21 23 52 52 35 86 24 61 96 23 10 29 14 20 94 52 95 57 73 87 85 69 20 11 54 53 44 26 65 60 49 28 29 54 42 71 56 46 25 17 59 34 83 39 47 63 81 82 43 50 56 87 71 97 58 95 94 28 67 92 95 82 75 72 22 41 60 67 60 21 47 61 12 94 69 82 19 50 71 40 57 40 98 52 57 51 22 93 36 99 22 92 74 33 81 94 40 29 70 98 12 77 47 96 98 96 11 46 42 66
86 26 64 67 32 95 90 0 86 16 33 42 86 28 75 32 74 86 44 65 56 31 44 35 46 77 42 64 76 90 90 43 19 62 65 23 49 46 52 57 21 99 19 65 94 49 51 52 17 70 21 74 21 65 25 23 85 90 34 98 77 83 68 97 34 63 48 31 49 79 15 18 56 22 64 95 62 48 45 17 10 95 60 98 45 34 81 65 66 34 41 40 60 10 20 19 72 54 87 93 56 98 69 99 78 83 87 82 25 95 59 94 45 50 30 26 48 32 76 72 38 29 66 92 63
16 90 95 99 59 68 33 86 0 56 56 53 19 97 55 44 19 61 15 90 36 80 84 77 66 25 42 39 35 96 38 56 79 49 62 34 99 18 80 86 88 39 63 93 97 84 83 23 16 90 12 72 94 60 25 97 39 42 28 72 76 77 38 31 50 56 57 20 83 97 50 95 35 69 78 72 49 80 83 61 98 73 62 18 73 70 83 41 21 47 53 50 21 97 35 51 25 30 93 54 57 82 45 36 63 16 54 27 26 72 30 30 40 95 73 57 48 25 19 84 56 30 29 52 49
79 44 14 73 81 85 56 16 56 0 62 78 21 39 48 16 36 79 45 69 31 89 99 33 13 26 28 40 62 96 71 62 36 80 51 72 40 49 48 91 33 24 58 22 53 55 68 91 83 99 56 15 38 39 10 52 57 18 44 15 93 62 68 92 71 80 37 28 16 83 77 16 96 85 97 94 55 10 87 71 93 65 90 37 79 85 89 87 45 59 75 60 53 65 23 48 83 50 18 25 15 98 81 55 72 52 75 24 42 65 27 53 82 17 87 95 16 76 27 27 12 61 34 76 26
14 44 52 46 61 29 48 33 56 62 0 10 72 77 49 50 50 30 17 81 95 32 98 70 42 73 50 26 75 78 26 35 74 92 48 70 92 63 56 54 25 64 51 61 85 53 94 28 76 12 89 54 10 20 87 13 24 19 92 83 51 16 55 39 37 95 88 48 15 95 85 63 36 58 96 95 50 81 57 83 96 87 44 27 74 71 96 48 94 11 67 60 65 43 17 73 36 79 61 85 35 22 55 95 57 59 45 41 87 73 33 38 80 25 21 80 56 88 56 26 32 71 40 10 88
48 13 71 58 77 22 74 42 53 78 10 0 44 49 64 43 68 62 64 37 31 82 87 62 33 26 58 79 53 20 21 11 66 70 45 82 31 44 50 17 48 50 82 55 16 21 44 67 19 43 83 51 60 40 69 34 91 94 67 79 48 54 74 17 72 18 47 83 60 20 22 32 11 86 69 81 70 89 45 56 33 37 10 83 14 78 65 48 10 13 26 56 77 49 77 27 98 94 40 61 62 86 82 43 23 74 56 21 68 33 58 99 70 46 54 64 67 70 27 38 19 57 53 42 36
98 15 99 12 89 58 47 86 19 21 72 44 0 65 35 12 45 42 16 57 49 69 39 82 58 18 31 40 75 82 60 59 56 45 23 23 17 50 39 41 70 22 11 71 24 34 87 21 55 83 24 57 91 30 75 73 78 70 41 98 64 41 75 86 83 35 30 67 48 94 24 13 34 39 56 92 96 65 90 69 48 35 90 64 88 38 34 32 30 73 70 34 51 15 89 21 12 44 72 70 10 53 35 37 46 48 26 11 99 39 11 91 91 39 26 83 68 87 32 89 65 82 81 18 18
95 57 85 91 42 12 70 28 97 39 77 49 65 0 39 57 46 74 37 16 43 29 61 34 25 31 21 29 50 22 79 36 37 50 88 81 35 74 25 96 89 48 70 10 17 26 92 95 19 55 55 60 46 87 85 72 55 65 77 31 25 73 64 18 28 94 70 19 54 24 61 57 18 35 84 68 50 34 73 87 38 76 63 81 23 32 87 23 92 87 10 86 17 86 95 49 73 88 92 53 82 12 88 78 17 51 21 51 24 19 19 24 44 72 96 70 92 10 80 33 48 99 91 34 67
45 38 55 85 99 21 43 75 55 48 49 64 35 39 0 26 47 30 47 62 76 98 45 79 61 10 24 38 63 99 62 85 76 24 36 24 61 11 57 99 74 59 72 31 16 27 66 72 50 99 92 16 38 78 57 96 91 63 58 61 39 46 70 80 96 11 78 38 97 71 63 28 42 61 64 43 32 87 22 82 50 99 78 57 51 89 23 10 54 51 26 83 93 57 68 80 68 22 79 89 21 18 95 42 73 79 75 72 43 77 47 62 22 75 54 11 19 63 15 49 89 96 22 60 15
58 20 31 62 42 83 21 32 44 16 50 43 12 57 26 0 85 99 38 56 18 29 96 66 81 67 95 70 76 41 29 37 56 92 48 63 31 34 39 50 35 74 27 69 33 47 77 94 66 28 45 90 55 13 52 59 71 42 76 51 29 37 65 39 64 11 49 59 91 75 22 85 54 70 74 58 54 38 14 75 81 52 92 44 34 15 95 77 88 20 44 19 98 15 47 50 21 36 56 83 81 66 47 21 59 69 13 88 68 84 19 94 78 28 84 64 28 40 25 84 87 99 22 67 86
16 61 84 52 20 50 23 74 19 36 50 68 45 46 47 85 0 69 63 44 34 91 22 79 38 54 23 78 42 90 41 80 71 90 70 82 63 92 68 84 31 60 85 91 69 25 63 67 79 73 85 82 65 58 67 33 42 92 81 58 62 68 47 62 84 37 88 69 69 83 16 40 88 18 61 66 86 85 98 68 49 90 96 24 97 82 69 15 89 79 35 43 49 78 87 73 76 81 55 12 24 98 22 77 72 37 77 75 44 80 18 75 24 77 74 35 17 18 61 79 36 71 88 21 60
77 18 19 83 93 95 52 86 61 79 30 62 42 74 30 99 69 0 20 13 85 26 83 87 45 99 97 69 93 14 96 65 24 74 45 94 98 56 28 91 76 69 42 64 35 94 98 31 44 97 15 41 12 72 87 22 59 85 24 84 55 57 75 98 67 85 56 51 82 28 52 50 21 55 66 56 87 63 63 27 90 21 70 79 55 74 10 98 74 44 48 12 95 15 50 95 86 99 23 97 74 37 37 14 70 42 10 51 34 65 28 92 61 10 20 13 52 58 86 62 46 83 96 12 66
57 43 59 41 77 19 52 44 15 45 17 64 16 37 47 38 63 20 0 62 63 52 59 31 99 21 29 77 63 41 75 11 81 67 66 17 61 88 81 32 88 66 23 23 78 12 27 50 62 21 20 19 42 61 25 59 58 24 74 13 47 32 20 59 15 26 46 48 22 22 29 34 57 90 38 95 69 97 75 60 83 56 59 47 97 34 11 45 81 36 21 48 12 59 96 78 58 20 15 36 54 40 36 79 28 10 33 66 87 62 41 95 84 28 74 72 61 84 71 56 76 97 22 26 94
75 26 93 27 68 99 35 65 90 69 81 37 57 16 62 56 44 13 62 0 93 28 20 27 95 70 84 49 57 14 58 54 46 79 32 81 27 80 95 89 34 93 74 25 23 44 64 30 60 54 26 46 32 46 34 46 37 53 85 96 23 17 13 12 19 82 85 52 17 73 57 40 66 30 73 64 17 58 39 38 92 62 74 94 91 73 60 70 30 64 35 30 32 44 17 92 93 29 62 12 18 44 99 95 48 38 98 14 96 34 41 93 99 61 22 69 25 33 59 47 85 25 55 69 32
71 54 38 37 34 58 86 56 36 31 95 31 49 43 76 18 34 85 63 93 0 38 24 23 97 47 61 53 16 17 44 73 85 12 75 64 72 93 65 52 43 49 60 65 84 68 42 69 40 69 87 99 77 39 55 99 98 88 22 50 98 14 21 44 30 34 16 29 45 32 72 26 53 71 94 77 45 21 35 37 93 57 94 62 85 91 25 82 88 49 71 50 21 35 43 79 66 26 31 68 81 97 30 43 91 47 97 49 57 13 11 50 80 84 93 82 84 84 98 86 79 27 61 81 74
45 68 70 71 53 47 24 31 80 89 32 82 69 29 98 29 91 26 52 28 38 0 49 25 98 16 94 66 56 97 95 77 34 23 64 22 40 43 27 84 62 98 12 47 46 11 91 21 73 44 67 54 82 38 94 86 22 77 94 23 23 73 73 93 92 77 90 47 80 89 81 48 10 31 45 14 13 99 76 63 15 74 38 91 23 36 43 13 15 46 62 80 91 93 48 18 73 96 46 56 73 57 69 88 41 70 70 98 66 47 77 38 67 71 72 45 42 82 40 69 18 28 67 69 39
70 26 71 73 83 40 61 44 84 99 98 87 39 61 45 96 22 83 59 20 24 49 0 27 67 80 23 32 64 33 54 66 80 79 82 89 58 24 35 63 88 83 26 27 35 65 52 39 36 91 31 21 92 68 85 88 72 58 79 75 77 17 33 36 37 59 56 67 68 50 99 82 90 60 98 70 67 82 39 76 23 53 37 65 17 45 72 95 15 24 49 70 46 99 43 79 50 13 65 71 60 70 10 46 25 60 99 80 83 64 95 27 11 51 61 54 73 43 13 79 53 64 89 61 47
69 13 78 23 48 95 96 35 77 33 70 62 82 34 79 66 79 87 31 27 23 25 27 0 56 73 53 50 81 49 70 20 41 81 88 86 48 60 45 76 15 62 41 67 96 50 25 12 16 23 90 53 31 57 97 61 41 32 56 52 32 32 15 43 30 51 35 83 36 21 80 47 58 56 58 98 22 35 16 82 31 35 50 67 40 67 41 72 53 22 32 65 75 80 21 85 28 95 70 59 75 86 47 20 26 57 26 99 20 32 74 24 47 93 23 32 78 69 11 18 99 38 52 29 31
96 83 85 16 64 91 23 46 66 13 42 33 58 25 61 81 38 45 99 95 97 98 67 56 0 66 81 49 72 12 27 57 23 62 71 67 57 10 83 86 89 62 21 92 83 91 74 98 27 10 83 19 49 29 94 14 59 32 90 26 60 36 52 21 76 35 73 45 19 75 92 42 41 32 41 38 22 23 84 30 56 96 64 99 96 68 85 41 86 40 17 29 71 43 59 21 15 71 99 16 26 92 74 13 60 55 64 51 16 69 32 55 49 29 69 98 23 73 17 91 76 36 58 13 17
80 11 99 50 40 77 10 77 25 26 73 26 18 31 10 67 54 99 21 70 47 16 80 73 66 0 50 46 11 46 68 70 42 46 45 65 12 98 29 86 63 21 90 63 14 39 49 62 19 76 42 87 56 21 47 44 81 18 73 62 29 13 68 34 44 39 15 49 56 41 59 70 76 69 52 42 52 70 87 25 64 63 27 94 85 14 52 46 64 66 74 56 63 73 69 22 16 68 33 95 65 49 84 31 97 41 96 10 95 94 21 87 13 66 34 96 15 83 37 43 44 43 13 95 83
58 46 70 55 11 97 29 42 42 28 50 58 31 21 24 95 23 97 29 84 61 94 23 53 81 50 0 38 15 70 24 46 26 22 47 16 39 88 11 70 89 87 38 92 48 24 81 63 73 70 73 10 86 29 54 19 81 47 96 18 29 16 35 32 31 10 59 39 50 46 18 63 82 58 99 67 11 71 81 29 67 72 37 56 91 44 99 44 72 32 33 35 12 35 10 30 73 40 83 78 42 86 35 15 86 83 37 10 89 43 78 81 91 95 37 55 53 54 82 18 18 10 67 72 51
40 52 77 72 22 69 14 64 39 40 26 79 40 29 38 70 78 69 77 49 53 66 32 50 49 46 38 0 68 89 74 46 12 73 18 69 60 52 92 63 54 22 91 40 66 98 56 51 40 70 37 92 67 61 64 95 13 52 56 73 60 49 22 51 15 17 87 91 98 41 45 77 81 70 90 81 84 35 97 16 99 93 88 42 99 32 11 20 65 60 91 97 46 12 51 45 41 73 12 81 30 25 21 21 22 35 39 94 93 69 11 72 78 53 42 79 92 52 89 84 83 45 65 79 38
12 78 35 50 59 99 20 76 35 62 75 53 75 50 63 76 42 93 63 57 16 56 64 81 72 11 15 68 0 58 67 40 67 95 37 62 46 33 29 80 57 21 95 41 69 65 84 28 88 19 47 38 28 42 38 70 49 71 58 93 63 50 83 77 11 73 33 59 50 66 61 33 81 94 77 24 45 80 86 58 69 38 67 75 13 48 68 21 91 45 43 72 74 83 52 98 23 47 68 86 40 23 59 87 51 62 23 36 38 72 13 64 97 18 20 21 33 67 59 60 29 50 33 11 85
67 34 29 27 16 79 94 90 96 96 78 20 82 22 99 41 90 14 41 14 17 97 33 49 12 46 70 89 58 0 43 12 36 51 58 98 22 92 65 38 58 95 64 81 20 16 58 33 62 63 38 38 83 72 73 13 42 27 23 10 67 47 57 56 21 90 41 42 69 21 79 77 48 27 35 71 60 15 72 17 20 64 74 58 84 28 29 73 68 86 45 43 81 63 36 64 86 24 40 46 85 17 97 24 33 67 86 51 21 73 80 83 97 56 28 86 91 31 46 60 91 68 28 36 60
53 82 91 93 14 44 52 90 38 71 26 21 60 79 62 29 41 96 75 58 44 95 54 70 27 68 24 74 67 43 0 38 14 94 73 22 58 38 61 25 14 17 34 33 33 24 95 99 39 66 56 37 57 92 39 18 28 15 65 16 70 87 97 43 73 36 25 32 67 67 23 54 56 24 22 89 91 92 47 42 20 76 36 88 68 81 21 70 85 38 16 80 85 22 43 97 71 56 18 91 89 86 31 29 77 25 71 91 59 57 21 55 46 58 43 66 55 21 26 30 60 74 90 42 71
55 77 13 71 34 38 95 43 56 62 35 11 59 36 85 37 80 65 11 54 73 77 66 20 57 70 46 46 40 12 38 0 84 22 23 79 21 29 41 94 46 84 57 97 40 31 50 76 69 55 40 92 41 76 57 44 59 21 33 19 20 91 34 56 97 60 40 23 80 30 84 42 56 58 26 74 94 29 67 21 49 41 66 75 58 43 64 26 89 18 93 62 60 82 11 54 90 31 64 86 61 54 43 65 73 94 88 41 94 36 40 22 40 51 75 65 37 12 85 77 77 50 38 54 23
68 36 66 28 92 51 57 19 79 36 74 66 56 37 76 56 71 24 81 46 85 34 80 41 23 42 26 12 67 36 14 84 0 22 75 81 18 42 87 39 84 32 24 98 14 64 79 63 71 13 36 22 52 57 47 28 79 21 32 30 62 12 52 50 31 70 95 43 18 57 78 35 11 25 14 24 21 12 49 24 69 54 47 85 33 42 43 93 90 88 57 59 87 33 96 45 15 78 91 18 31 36 99 47 54 61 69 79 68 52 48 68 89 78 41 92 48 65 36 18 79 10 90 16 13
26 39 74 40 88 23 73 62 49 80 92 70 45 50 24 92 90 74 67 79 12 23 79 81 62 46 22 73 95 51 94 22 22 0 94 46 17 96 88 70 80 69 86 51 68 65 48 41 46 42 14 75 14 41 86 68 16 30 93 35 15 94 19 78 25 68 16 43 97 62 93 20 37 46 95 11 74 87 21 70 95 89 52 46 19 12 99 82 14 99 96 79 53 30 88 18 48 54 79 94 65 89 71 23 61 57 14 10 80 71 54 45 55 19 62 23 95 38 84 21 11 97 65 28 94
72 38 57 59 99 36 87 65 62 51 48 45 23 88 36 48 70 45 66 32 75 64 82 88 71 45 47 18 37 58 73 23 75 94 0 70 73 52 83 44 65 61 21 17 59 94 19 52 56 56 57 74 91 15 33 14 38 51 55 33 66 19 49 88 79 90 82 25 25 82 12 92 34 49 42 78 10 63 68 71 56 14 76 73 15 74 43 19 10 19 86 86 94 80 97 58 71 12 34 56 51 95 37 39 33 48 89 99 44 63 61 28 37 85 10 71 32 85 90 60 48 23 74 16 29
79 16 25 41 20 87 85 23 34 72 70 82 23 81 24 63 82 94 17 81 64 22 89 86 67 65 16 69 62 98 22 79 81 46 70 0 88 55 65 38 96 52 88 37 85 78 27 38 67 97 98 76 95 93 29 16 12 96 18 41 23 31 96 14 21 98 51 87 30 72 39 91 57 11 89 57 98 61 13 33 22 97 33 11 19 92 93 80 10 71 15 20 40 10 66 68 80 73 93 81 98 47 40 18 92 93 13 42 91 98 96 48 25 76 23 80 42 66 13 91 95 67 88 86 27
93 31 62 75 71 23 69 49 99 40 92 31 17 35 61 31 63 98 61 27 72 40 58 48 57 12 39 60 46 22 58 21 18 17 73 88 0 71 80 80 86 10 39 61 97 65 43 77 16 91 69 26 95 31 61 31 36 74 49 19 14 68 91 37 19 73 73 90 43 62 68 61 36 90 17 28 85 91 32 38 52 70 36 42 69 28 12 16 62 54 84 65 77 52 87 95 70 27 70 14 83 66 39 94 12 69 30 47 56 38 50 64 78 95 40 76 29 60 45 79 64 95 96 32 97
40 76 97 69 68 93 20 46 18 49 63 44 50 74 11 34 92 56 88 80 93 43 24 60 10 98 88 52 33 92 38 29 42 96 52 55 71 0 67 55 76 92 22 99 69 94 38 66 25 40 90 32 79 26 36 91 44 70 43 33 41 77 49 14 28 72 72 62 15 92 67 76 45 91 97 76 84 69 12 74 74 46 14 70 94 82 84 14 69 46 68 76 14 86 17 27 13 66 95 23 81 33 58 32 31 55 61 34 88 69 29 36 16 26 90 18 49 90 17 37 59 43 36 23 17
73 43 65 71 12 36 11 52 80 48 56 50 39 25 57 39 68 28 81 95 65 27 35 45 83 29 11 92 29 65 61 41 87 88 83 65 80 67 0 37 54 39 86 37 77 80 47 32 58 32 21 27 77 43 53 31 86 40 65 45 19 38 98 33 68 77 17 24 94 79 69 71 16 99 53 73 97 93 56 87 89 20 52 78 73 33 74 25 10 41 11 20 99 80 10 51 44 53 51 48 24 25 94 59 72 65 37 63 35 37 99 55 23 73 75 76 81 20 50 21 10 49 97 58 15
20 41 82 14 15 93 54 57 86 91 54 17 41 96 99 50 84 91 32 89 52 84 63 76 86 86 70 63 80 38 25 94 39 70 44 38 80 55 37 0 35 52 30 26 79 98 61 69 49 76 86 84 52 67 47 76 96 86 48 66 14 12 36 46 97 46 15 53 24 91 58 93 50 40 70 31 76 85 43 51 65 41 94 66 66 57 24 75 26 74 85 98 43 55 10 65 88 86 34 37 78 73 86 75 92 71 11 15 84 74 70 14 18 78 38 34 43 54 94 13 58 38 55 83 10
86 59 28 12 14 18 53 21 88 33 25 48 70 89 74 35 31 76 88 34 43 62 88 15 89 63 89 54 57 58 14 46 84 80 65 96 86 76 54 35 0 72 47 51 40 36 12 16 70 70 95 69 72 46 95 32 53 47 27 29 98 38 56 99 98 72 56 56 43 64 76 86 97 93 36 40 21 59 14 70 75 61 87 43 24 59 31 82 55 29 34 81 59 86 57 82 70 22 74 71 23 87 56 33 37 42 46 44 98 48 22 28 87 30 31 67 28 70 18 87 25 23 13 16 85
38 97 12 96 15 19 44 99 39 24 64 50 22 48 59 74 60 69 66 93 49 98 83 62 62 21 87 22 21 95 17 84 32 69 61 52 10 92 39 52 72 0 63 12 73 24 87 31 51 27 30 45 89 60 71 70 18 81 15 15 28 27 48 82 64 24 82 41 44 65 53 17 15 66 20 75 73 33 74 39 27 83 89 48 93 53 47 50 50 14 53 10 46 45 75 22 93 38 25 26 98 53 14 44 51 64 27 29 26 25 99 11 94 23 33 41 89 45 50 40 43 10 57 68 58
77 32 74 21 20 78 26 19 63 58 51 82 11 70 72 27 85 42 23 74 60 12 26 41 21 90 38 91 95 64 34 57 24 86 21 88 39 22 86 30 47 63 0 13 63 80 16 72 67 88 78 94 71 55 44 66 54 67 27 62 33 98 74 65 93 11 21 71 93 32 33 41 31 80 25 61 99 59 56 77 93 39 16 97 13 12 43 31 23 51 40 97 94 74 81 17 88 35 99 54 78 21 85 40 38 96 44 28 53 40 99 51 56 78 73 33 27 97 87 48 66 75 22 69 78
55 93 13 71 38 32 65 65 93 22 61 55 71 10 31 69 91 64 23 25 65 47 27 67 92 63 92 40 41 81 33 97 98 51 17 37 61 99 37 26 51 12 13 0 97 46 43 45 64 50 64 74 93 23 66 21 39 29 22 19 63 66 44 41 70 52 71 22 28 73 70 86 71 61 75 37 34 32 25 65 45 67 13 30 94 61 51 34 21 41 91 23 20 31 99 12 83 31 25 20 49 76 95 41 14 83 92 97 43 35 77 38 74 33 35 41 95 81 29 94 17 43 35 50 91
86 81 70 95 39 93 60 94 97 53 85 16 24 17 16 33 69 35 78 23 84 46 35 96 83 14 48 66 69 20 33 40 14 68 59 85 97 69 77 79 40 73 63 97 0 17 79 65 60 73 71 85 64 74 96 83 52 74 89 92 12 97 85 98 32 60 17 92 44 87 76 96 80 20 75 80 54 72 23 18 89 22 78 10 66 91 23 73 10 72 76 40 50 34 48 34 34 99 56 66 61 76 61 44 22 42 38 50 14 36 97 50 86 49 99 87 89 64 75 90 64 69 82 44 20
27 88 58 43 63 76 49 49 84 55 53 21 34 26 27 47 25 94 12 44 68 11 65 50 91 39 24 98 65 16 24 31 64 65 94 78 65 94 80 98 36 24 80 46 17 0 44 47 31 84 36 80 97 28 99 74 80 73 65 39 16 63 97 42 78 24 40 57 27 84 32 24 69 98 25 53 62 66 53 46 39 29 16 88 34 77 49 91 31 35 95 96 95 51 19 85 82 74 98 95 31 31 60 39 26 37 68 86 85 64 29 12 22 49 32 54 15 92 32 14 44 19 69 96 20
42 29 90 95 96 95 28 51 83 68 94 44 87 92 66 77 63 98 27 64 42 91 52 25 74 49 81 56 84 58 95 50 79 48 19 27 43 38 47 61 12 87 16 43 79 44 0 99 58 86 94 67 38 80 59 52 13 86 88 52 20 22 50 16 52 87 89 77 18 10 26 41 84 41 16 57 61 89 93 41 91 46 50 47 16 55 50 27 51 88 39 65 25 68 70 19 65 13 98 64 54 10 83 57 17 65 34 57 62 75 67 15 36 62 84 92 54 37 53 53 73 13 76 15 85
36 54 87 14 83 35 29 52 23 91 28 67 21 95 72 94 67 31 50 30 69 21 39 12 98 62 63 51 28 33 99 76 63 41 52 38 77 66 32 69 16 31 72 45 65 47 99 0 53 16 36 32 31 81 91 30 31 88 96 47 13 62 98 12 45 30 44 52 83 83 59 34 69 41 74 74 36 79 13 26 48 38 92 31 10 20 85 41 16 90 45 10 50 26 70 51 90 40 62 68 31 21 15 62 45 68 78 35 48 92 79 41 76 75 88 22 16 23 50 88 51 25 57 96 45
28 26 27 82 68 80 54 17 16 83 76 19 55 19 50 66 79 44 62 60 40 73 36 16 27 19 73 40 88 62 39 69 71 46 56 67 16 25 58 49 70 51 67 64 60 31 58 53 0 80 61 89 38 75 88 90 13 65 77 91 63 29 36 76 55 56 87 42 59 56 26 87 16 91 47 71 26 93 53 39 58 44 41 62 82 84 92 59 40 75 19 79 99 16 73 56 32 23 38 59 60 35 94 24 67 46 80 45 43 38 84 23 37 52 33 66 78 36 89 98 37 93 24 31 84
68 13 47 59 51 16 42 70 90 99 12 43 83 55 99 28 73 97 21 54 69 44 91 23 10 76 70 70 19 63 66 55 13 42 56 97 91 40 32 76 70 27 88 50 73 84 86 16 80 0 32 99 32 10 88 27 46 44 38 37 36 80 67 59 20 31 31 97 23 34 12 30 11 70 25 54 99 75 90 62 78 24 27 26 50 85 22 25 25 20 64 74 96 61 48 23 24 39 12 64 90 48 62 49 44 56 80 61 31 70 25 99 19 25 21 86 86 17 63 33 67 40 66 83 12
19 73 68 27 13 58 71 21 12 56 89 83 24 55 92 45 85 15 20 26 87 67 31 90 83 42 73 37 47 38 56 40 36 14 57 98 69 90 21 86 95 30 78 64 71 36 94 36 61 32 0 47 82 40 25 58 37 67 42 21 54 88 99 98 74 47 84 43 96 64 80 18 42 61 36 57 87 72 17 38 18 14 91 25 37 31 28 67 32 36 71 65 80 32 27 12 93 22 62 88 68 94 18 12 38 71 64 78 78 72 37 21 29 86 68 67 28 82 99 96 37 86 40 35 80
64 98 52 61 80 33 56 74 72 15 54 51 57 60 16 90 82 41 19 46 99 54 21 53 19 87 10 92 38 38 37 92 22 75 74 76 26 32 27 84 69 45 94 74 85 80 67 32 89 99 47 0 46 57 17 54 58 71 79 43 44 93 99 14 78 44 97 82 11 28 55 30 38 38 73 67 24 36 51 79 16 85 29 47 52 34 76 94 34 17 34 87 65 96 93 40 93 73 16 19 35 16 58 67 93 15 24 91 51 26 75 16 48 99 88 27 47 65 15 91 98 64 18 56 11
72 85 43 49 30 96 46 21 94 38 10 60 91 46 38 55 65 12 42 32 77 82 92 31 49 56 86 67 28 83 57 41 52 14 91 95 95 79 77 52 72 89 71 93 64 97 38 31 38 32 82 46 0 81 14 58 60 93 61 55 14 94 48 85 76 84 22 89 56 58 80 29 36 29 72 81 40 78 11 45 40 80 93 60 89 10 63 88 26 38 91 36 57 80 68 70 87 75 40 83 74 32 57 97 51 60 49 49 76 84 67 60 22 98 85 79 86 97 59 10 82 96 50 69 94
32 88 29 80 84 66 25 65 60 39 20 40 30 87 78 13 58 72 61 46 39 38 68 57 29 21 29 61 42 72 92 76 57 41 15 93 31 26 43 67 46 60 55 23 74 28 80 81 75 10 40 57 81 0 31 12 56 41 50 64 28 42 24 51 99 24 33 93 31 41 83 78 32 82 41 58 69 34 83 49 37 40 37 48 65 52 36 16 65 84 42 11 70 56 62 65 18 61 78 14 74 66 92 53 76 61 86 62 21 45 61 81 52 58 98 77 83 86 70 75 62 92 41 64 38
30 60 35 81 43 46 17 25 25 10 87 69 75 85 57 52 67 87 25 34 55 94 85 97 94 47 54 64 38 73 39 57 47 86 33 29 61 36 53 47 95 71 44 66 96 99 59 91 88 88 25 17 14 31 0 71 83 78 80 66 85 61 60 48 43 52 34 70 57 22 86 96 12 77 32 75 46 32 29 62 82 69 61 59 56 48 75 21 48 29 62 89 21 43 68 94 85 79 22 95 91 96 42 47 89 63 87 89 34 91 84 14 41 70 16 15 45 73 97 27 63 93 26 63 45
16 42 43 47 71 38 59 23 97 52 13 34 73 72 96 59 33 22 59 46 99 86 88 61 14 44 19 95 70 13 18 44 28 68 14 16 31 91 31 76 32 70 66 21 83 74 52 30 90 27 58 54 58 12 71 0 29 60 73 73 15 91 40 53 29 83 79 67 79 22 58 29 88 62 58 22 16 99 72 43 81 17 51 50 14 84 57 65 92 19 44 14 62 30 10 47 87 82 36 68 53 80 67 20 26 20 63 50 88 53 63 82 21 34 27 67 80 52 29 69 30 72 46 93 17
57 88 94 81 55 64 34 85 39 57 24 91 78 55 91 71 42 59 58 37 98 22 72 41 59 81 81 13 49 42 28 59 79 16 38 12 36 44 86 96 53 18 54 39 52 80 13 31 13 46 37 58 60 56 83 29 0 17 27 82 58 36 79 49 43 87 35 30 25 76 82 46 87 27 16 18 33 97 12 87 12 13 12 43 94 67 32 87 70 46 55 26 57 95 70 58 51 57 97 86 35 21 53 86 19 76 98 42 40 65 58 86 54 53 58 83 47 50 70 40 80 71 11 73 32
37 88 98 70 26 27 83 90 42 18 19 94 70 65 63 42 92 85 24 53 88 77 58 32 32 18 47 52 71 27 15 21 21 30 51 96 74 70 40 86 47 81 67 29 74 73 86 88 65 44 67 71 93 41 78 60 17 0 92 29 84 36 64 31 74 73 19 87 23 21 76 38 17 14 82 29 43 98 22 28 15 24 90 33 95 96 32 13 74 77 62 24 76 61 56 16 33 59 71 38 90 67 42 66 21 82 13 48 11 67 88 11 44 13 95 24 99 82 77 74 70 61 30 21 73
21 92 54 13 28 50 39 34 28 44 92 67 41 77 58 76 81 24 74 85 22 94 79 56 90 73 96 56 58 23 65 33 32 93 55 18 49 43 65 48 27 15 27 22 89 65 88 96 77 38 42 79 61 50 80 73 27 92 0 63 98 50 77 83 10 77 77 23 15 12 23 96 34 74 78 82 99 47 39 94 54 57 81 53 87 99 44 52 70 89 12 78 37 35 83 44 84 93 86 60 91 87 31 97 38 27 51 58 28 39 26 31 35 71 89 19 85 45 80 38 99 13 89 65 11
87 15 82 47 47 75 47 98 72 15 83 79 98 31 61 51 58 84 13 96 50 23 75 52 26 62 18 73 93 10 16 19 30 35 33 41 19 33 45 66 29 15 62 19 92 39 52 47 91 37 21 43 55 64 66 73 82 29 63 0 62 36 31 56 35 47 95 30 18 87 72 10 22 46 47 53 22 57 36 39 25 39 13 65 92 34 28 83 42 59 75 51 42 10 26 99 92 93 30 34 45 57 11 16 13 18 72 55 91 27 52 92 93 60 33 77 97 58 52 98 21 19 72 26 26
68 70 15 60 69 65 63 77 76 93 51 48 64 25 39 29 62 55 47 23 98 23 77 32 60 29 29 60 63 67 70 20 62 15 66 23 14 41 19 14 98 28 33 63 12 16 20 13 63 36 54 44 14 28 85 15 58 84 98 62 0 25 67 47 28 28 78 71 17 34 11 75 55 47 94 46 30 99 42 83 81 76 77 55 73 65 26 97 97 72 25 52 27 69 42 49 81 46 62 63 87 97 76 21 79 17 96 81 41 58 71 42 15 65 52 58 72 90 14 12 62 91 72 81 80
16 29 61 57 13 51 81 83 77 62 16 54 41 73 46 37 68 57 32 17 14 73 17 32 36 13 16 49 50 47 87 91 12 94 19 31 68 77 38 12 38 27 98 66 97 63 22 62 29 80 88 93 94 42 61 91 36 36 50 36 25 0 99 49 39 38 29 51 55 70 44 76 85 21 53 44 40 16 71 95 32 37 66 92 15 26 87 19 90 66 71 73 67 39 50 86 91 96 67 72 59 43 25 74 49 90 36 16 44 25 78 74 29 80 40 32 81 49 57 71 89 70 77 95 66
92 84 74 80 67 81 82 68 38 68 55 74 75 64 70 65 47 75 20 13 21 73 33 15 52 68 35 22 83 57 97 34 52 19 49 96 91 49 98 36 56 48 74 44 85 97 50 98 36 67 99 99 48 24 60 40 79 64 77 31 67 99 0 13 75 84 42 36 15 65 99 35 88 24 50 59 95 80 46 60 96 49 77 62 87 89 17 97 98 98 22 89 51 98 58 86 48 99 39 28 36 18 25 34 20 31 10 51 44 16 87 70 79 89 89 83 25 10 48 19 55 50 13 71 90
83 45 70 72 19 70 43 97 31 92 39 17 86 18 80 39 62 98 59 12 44 93 36 43 21 34 32 51 77 56 43 56 50 78 88 14 37 14 33 46 99 82 65 41 98 42 16 12 76 59 98 14 85 51 48 53 49 31 83 56 47 49 13 0 69 18 68 75 76 54 12 23 75 57 82 12 41 88 84 73 19 29 35 94 65 84 97 68 76 48 21 38 74 79 82 23 51 24 83 24 62 74 85 50 19 74 11 41 80 66 79 12 42 79 14 88 96 94 30 53 65 20 61 74 67
29 71 30 48 58 54 50 34 50 71 37 72 83 28 96 64 84 67 15 19 30 92 37 30 76 44 31 15 11 21 73 97 31 25 79 21 19 28 68 97 98 64 93 70 32 78 52 45 55 20 74 78 76 99 43 29 43 74 10 35 28 39 75 69 0 35 58 18 57 13 38 40 65 34 38 50 53 48 31 22 20 90 87 96 53 91 86 10 56 97 69 99 55 88 29 38 15 30 32 63 90 63 92 70 29 12 68 82 29 20 57 61 64 78 56 11 22 62 21 91 17 51 60 87 76
46 22 64 51 10 90 56 63 56 80 95 18 35 94 11 11 37 85 26 82 34 77 59 51 35 39 10 17 73 90 36 60 70 68 90 98 73 72 77 46 72 24 11 52 60 24 87 30 56 31 47 44 84 24 52 83 87 73 77 47 28 38 84 18 35 0 15 18 73 74 63 72 50 67 55 53 98 52 31 58 64 27 26 95 36 87 92 38 20 94 81 95 44 74 54 78 25 12 78 47 93 32 81 25 29 31 33 41 80 51 77 93 89 21 42 66 12 48 25 43 18 77 17 91 69
15 98 15 48 50 15 87 48 57 37 88 47 30 70 78 49 88 56 46 85 16 90 56 35 73 15 59 87 33 41 25 40 95 16 82 51 73 72 17 15 56 82 21 71 17 40 89 44 87 31 84 97 22 33 34 79 35 19 77 95 78 29 42 68 58 15 0 42 37 29 18 56 93 27 56 16 94 46 45 69 57 52 24 49 17 85 41 34 65 61 69 92 56 51 31 30 40 58 12 95 10 60 64 42 84 58 58 65 74 68 93 37 58 61 54 73 26 58 71 84 26 73 18 71 82
31 13 52 35 97 74 71 31 20 28 48 83 67 19 38 59 69 51 48 52 29 47 67 83 45 49 39 91 59 42 32 23 43 43 25 87 90 62 24 53 56 41 71 22 92 57 77 52 42 97 43 82 89 93 70 67 30 87 23 30 71 51 36 75 18 18 42 0 84 22 52 96 21 89 17 61 22 17 90 82 31 65 11 87 72 23 30 17 97 96 12 65 82 56 60 15 50 37 99 64 26 73 29 35 11 97 65 79 18 28 97 78 85 25 18 72 45 34 30 77 91 94 64 89 53
46 47 17 13 45 73 97 49 83 16 15 60 48 54 97 91 69 82 22 17 45 80 68 36 19 56 50 98 50 69 67 80 18 97 25 30 43 15 94 24 43 44 93 28 44 27 18 83 59 23 96 11 56 31 57 79 25 23 15 18 17 55 15 76 57 73 37 84 0 60 75 61 82 76 90 68 13 14 45 71 64 64 93 85 94 16 74 20 60 20 53 66 36 27 90 52 33 50 10 52 79 77 75 28 38 90 11 69 25 18 13 39 27 51 49 24 73 41 70 10 26 60 30 64 35
11 72 48 34 52 36 58 79 97 83 95 20 94 24 71 75 83 28 22 73 32 89 50 21 75 41 46 41 66 21 67 30 57 62 82 72 62 92 79 91 64 65 32 73 87 84 10 83 56 34 64 28 58 41 22 22 76 21 12 87 34 70 65 54 13 74 29 22 60 0 44 63 47 47 59 12 36 78 14 40 60 28 17 38 21 86 80 37 44 16 84 70 39 64 76 30 55 57 90 55 72 21 70 29 54 48 75 12 89 64 53 82 23 66 94 53 32 70 34 39 39 33 23 97 37
14 41 15 50 68 86 95 15 50 77 85 22 24 61 63 22 16 52 29 57 72 81 99 80 92 59 18 45 61 79 23 84 78 93 12 39 68 67 69 58 76 53 33 70 76 32 26 59 26 12 80 55 80 83 86 58 82 76 23 72 11 44 99 12 38 63 18 52 75 44 0 73 16 25 80 86 68 57 93 76 22 82 83 67 15 57 65 76 25 46 40 41 48 48 35 19 66 68 93 82 24 18 85 11 23 72 93 61 80 20 94 40 27 61 23 71 58 17 60 30 72 94 81 10 69
42 33 85 71 91 58 94 18 95 16 63 32 13 57 28 85 40 50 34 40 26 48 82 47 42 70 63 77 33 77 54 42 35 20 92 91 61 76 71 93 86 17 41 86 96 24 41 34 87 30 18 30 29 78 96 29 46 38 96 10 75 76 35 23 40 72 56 96 61 63 73 0 57 72 41 32 11 72 37 70 78 81 24 35 56 83 83 59 52 98 87 82 63 26 12 53 53 93 39 29 44 26 31 31 21 83 36 85 33 49 91 91 66 31 65 31 85 55 97 55 65 24 14 74 79
69 34 92 83 93 64 28 56 35 96 36 11 34 18 42 54 88 21 57 66 53 10 90 58 41 76 82 81 81 48 56 56 11 37 34 57 36 45 16 50 97 15 31 71 80 69 84 69 16 11 42 38 36 32 12 88 87 17 34 22 55 85 88 75 65 50 93 21 82 47 16 57 0 37 25 32 66 83 63 37 51 14 36 84 59 38 64 93 48 60 39 32 19 76 50 82 51 65 15 22 40 10 77 50 68 53 95 91 96 35 23 71 36 47 13 65 34 33 17 82 93 44 47 23 97
81 45 81 40 47 33 67 22 69 85 58 86 39 35 61 70 18 55 90 30 71 31 60 56 32 69 58 70 94 27 24 58 25 46 49 11 90 91 99 40 93 66 80 61 20 98 41 41 91 70 61 38 29 82 77 62 27 14 74 46 47 21 24 57 34 67 27 89 76 47 25 72 37 0 29 71 64 99 46 10 59 11 12 27 33 68 93 72 61 59 82 81 48 94 21 85 82 92 74 38 86 52 75 57 85 75 99 25 71 52 63 48 42 63 10 10 71 73 29 12 66 19 14 75 56
50 22 66 32 24 28 92 64 78 97 96 69 56 84 64 74 61 66 38 73 94 45 98 58 41 52 99 90 77 35 22 26 14 95 42 89 17 97 53 70 36 20 25 75 75 25 16 74 47 25 36 73 72 41 32 58 16 82 78 47 94 53 50 82 38 55 56 17 90 59 80 41 25 29 0 80 41 64 65 79 34 51 25 65 68 70 50 71 34 87 47 99 96 64 23 64 10 32 23 79 52 31 37 79 74 24 17 79 48 98 83 99 27 11 21 83 95 34 99 51 31 42 44 38 46
32 44 78 15 76 36 95 95 72 94 95 81 92 68 43 58 66 56 95 64 77 14 70 98 38 42 67 81 24 71 89 74 24 11 78 57 28 76 73 31 40 75 61 37 80 53 57 74 71 54 57 67 81 58 75 22 18 29 82 53 46 44 59 12 50 53 16 61 68 12 86 32 32 71 80 0 35 53 24 45 11 80 48 16 94 11 81 81 41 47 14 74 34 55 16 30 34 99 68 54 26 84 86 40 10 22 48 78 25 13 66 78 84 50 90 40 63 32 55 95 63 31 36 75 24
20 47 38 59 63 28 82 62 49 55 50 70 96 50 32 54 86 87 69 17 45 13 67 22 22 52 11 84 45 60 91 94 21 74 10 98 85 84 97 76 21 73 99 34 54 62 61 36 26 99 87 24 40 69 46 16 33 43 99 22 30 40 95 41 53 98 94 22 13 36 68 11 66 64 41 35 0 10 25 55 37 46 17 86 36 81 23 56 17 66 72 81 55 89 42 86 77 57 23 23 78 40 23 21 49 41 85 79 15 18 24 19 76 40 61 22 91 64 47 98 91 17 71 67 19
36 17 28 13 63 43 75 48 80 10 81 89 65 34 87 38 85 63 97 58 21 99 82 35 23 70 71 35 80 15 92 29 12 87 63 61 91 69 93 85 59 33 59 32 72 66 89 79 93 75 72 36 78 34 32 99 97 98 47 57 99 16 80 88 48 52 46 17 14 78 57 72 83 99 64 53 10 0 55 11 22 57 87 85 44 64 34 22 83 83 53 46 54 98 98 42 65 19 13 83 80 39 92 30 59 29 97 89 93 52 65 53 17 40 52 49 77 33 18 38 24 32 46 99 92
97 21 60 28 81 96 72 45 83 87 57 45 90 73 22 14 98 63 75 39 35 76 39 16 84 87 81 97 86 72 47 67 49 21 68 13 32 12 56 43 14 74 56 25 23 53 93 13 53 90 17 51 11 83 29 72 12 22 39 36 42 71 46 84 31 31 45 90 45 14 93 37 63 46 65 24 25 55 0 50 50 22 25 75 71 44 90 96 35 43 75 46 66 73 40 58 37 46 60 54 12 11 71 17 94 76 10 40 37 70 15 69 71 79 87 28 28 55 34 62 25 22 11 15 95
17 76 72 41 58 28 22 17 61 71 83 56 69 87 82 75 68 27 60 38 37 63 76 82 30 25 29 16 58 17 42 21 24 70 71 33 38 74 87 51 70 39 77 65 18 46 41 26 39 62 38 79 45 49 62 43 87 28 94 39 83 95 60 73 22 58 69 82 71 40 76 70 37 10 79 45 55 11 50 0 73 75 11 17 31 53 96 36 45 65 67 35 53 14 84 64 78 58 47 88 25 56 36 46 34 24 54 52 50 35 36 33 53 54 41 38 19 89 64 30 99 81 45 18 12
87 63 17 80 12 67 41 10 98 93 96 33 48 38 50 81 49 90 83 92 93 15 23 31 56 64 67 99 69 20 20 49 69 95 56 22 52 74 89 65 75 27 93 45 89 39 91 48 58 78 18 16 40 37 82 81 12 15 54 25 81 32 96 19 20 64 57 31 64 60 22 78 51 59 34 11 37 22 50 73 0 26 79 39 78 26 92 46 64 25 33 32 41 26 60 60 91 86 42 24 86 21 73 86 63 92 34 82 49 84 73 43 30 21 61 47 91 36 52 98 80 76 37 72 45
29 63 49 13 48 99 60 95 73 65 87 37 35 76 99 52 90 21 56 62 57 74 53 35 96 63 72 93 38 64 76 41 54 89 14 97 70 46 20 41 61 83 39 67 22 29 46 38 44 24 14 85 80 40 69 17 13 24 57 39 76 37 49 29 90 27 52 65 64 28 82 81 14 11 51 80 46 57 22 75 26 0 18 99 26 67 57 84 27 70 67 89 29 63 34 27 28 55 27 12 35 90 75 98 54 11 92 28 91 41 19 86 80 26 45 62 56 22 35 92 77 50 80 25 46
94 55 58 12 43 90 67 60 62 90 44 10 90 63 78 92 96 70 59 74 94 38 37 50 64 27 37 88 67 74 36 66 47 52 76 33 36 14 52 94 87 89 16 13 78 16 50 92 41 27 91 29 93 37 61 51 12 90 81 13 77 66 77 35 87 26 24 11 93 17 83 24 36 12 25 48 17 87 25 11 79 18 0 54 15 82 99 26 61 75 89 72 50 84 59 63 19 72 34 66 47 81 93 22 19 64 41 94 29 31 62 92 26 38 13 78 10 91 56 78 39 99 84 40 28
10 93 64 13 25 97 60 98 18 37 27 83 64 81 57 44 24 79 47 94 62 91 65 67 99 94 56 42 75 58 88 75 85 46 73 11 42 70 78 66 43 48 97 30 10 88 47 31 62 26 25 47 60 48 59 50 43 33 53 65 55 92 62 94 96 95 49 87 85 38 67 35 84 27 65 16 86 85 75 17 39 99 54 0 56 84 50 23 90 31 60 19 17 51 77 13 37 98 25 30 18 14 58 82 39 43 47 72 25 46 95 19 35 11 90 49 99 64 22 43 79 24 77 13 84
15 62 47 57 60 76 21 45 73 79 74 14 88 23 51 34 97 55 97 91 85 23 17 40 96 85 91 99 13 84 68 58 33 19 15 19 69 94 73 66 24 93 13 94 66 34 16 10 82 50 37 52 89 65 56 14 94 95 87 92 73 15 87 65 53 36 17 72 94 21 15 56 59 33 68 94 36 44 71 31 78 26 15 56 0 14 78 40 57 52 45 17 21 69 94 50 47 82 15 50 33 55 67 32 71 11 28 31 24 91 50 35 38 57 78 24 83 84 88 11 93 89 89 40 19
78 39 75 78 10 79 47 34 70 85 71 78 38 32 89 15 82 74 34 73 91 36 45 67 68 14 44 32 48 28 81 43 42 12 74 92 28 82 33 57 59 53 12 61 91 77 55 20 84 85 31 34 10 52 48 84 67 96 99 34 65 26 89 84 91 87 85 23 16 86 57 83 38 68 70 11 81 64 44 53 26 67 82 84 14 0 19 49 83 23 58 29 45 57 56 93 71 12 42 28 62 32 33 78 90 60 68 19 40 72 43 51 29 24 37 64 97 76 71 35 71 55 77 78 26
62 63 59 35 35 42 61 81 83 89 96 65 34 87 23 95 69 10 11 60 25 43 72 41 85 52 99 11 68 29 21 64 43 99 43 93 12 84 74 24 31 47 43 51 23 49 50 85 92 22 28 76 63 36 75 57 32 32 44 28 26 87 17 97 86 92 41 30 74 80 65 83 64 93 50 81 23 34 90 96 92 57 99 50 78 19 0 18 22 50 34 97 89 47 25 61 72 20 49 50 66 83 88 79 28 52 42 37 68 91 91 55 47 54 23 45 70 79 57 69 89 89 21 31 25
21 80 42 76 23 96 12 65 41 87 48 48 32 23 10 77 15 98 45 70 82 13 95 72 41 46 44 20 21 73 70 26 93 82 19 80 16 14 25 75 82 50 31 34 73 91 27 41 59 25 67 94 88 16 21 65 87 13 52 83 97 19 97 68 10 38 34 17 20 37 76 59 93 72 71 81 56 22 96 36 46 84 26 23 40 49 18 0 99 37 96 42 95 24 80 86 48 34 54 81 41 33 98 36 90 38 16 19 14 23 13 85 72 50 31 89 58 49 41 51 59 39 64 27 38
30 88 98 41 82 93 94 66 21 45 94 10 30 92 54 88 89 74 81 30 88 15 15 53 86 64 72 65 91 68 85 89 90 14 10 10 62 69 10 26 55 50 23 21 10 31 51 16 40 25 32 34 26 65 48 92 70 74 70 42 97 90 98 76 56 20 65 97 60 44 25 52 48 61 34 41 17 83 35 45 64 27 61 90 57 83 22 99 0 10 41 19 15 32 75 94 36 18 57 67 11 74 51 76 19 89 42 99 45 76 44 94 56 76 28 80 57 92 54 44 60 96 17 72 28
30 31 34 89 34 22 69 34 47 59 11 13 73 87 51 20 79 44 36 64 49 46 24 22 40 66 32 60 45 86 38 18 88 99 19 71 54 46 41 74 29 14 51 41 72 35 88 90 75 20 36 17 38 84 29 19 46 77 89 59 72 66 98 48 97 94 61 96 20 16 46 98 60 59 87 47 66 83 43 65 25 70 75 31 52 23 50 37 10 0 99 81 19 98 55 15 38 24 13 34 37 79 27 32 84 19 25 62 25 77 84 16 32 11 41 45 28 82 85 92 66 56 19 70 13
77 59 54 81 44 97 82 41 53 75 67 26 70 10 26 44 35 48 21 35 71 62 49 32 17 74 33 91 43 45 16 93 57 96 86 15 84 68 11 85 34 53 40 91 76 95 39 45 19 64 71 34 91 42 62 44 55 62 12 75 25 71 22 21 69 81 69 12 53 84 40 87 39 82 47 14 72 53 75 67 33 67 89 60 45 58 34 96 41 99 0 46 74 76 14 83 47 62 96 93 96 29 38 76 45 22 51 45 15 47 51 61 97 65 83 58 98 23 95 38 57 50 27 99 30
26 63 75 80 13 11 19 40 50 60 60 56 34 86 83 19 43 12 48 30 50 80 70 65 29 56 35 97 72 43 80 62 59 79 86 20 65 76 20 98 81 10 97 23 40 96 65 10 79 74 65 87 36 11 89 14 26 24 78 51 52 73 89 38 99 95 92 65 66 70 41 82 32 81 99 74 81 46 46 35 32 89 72 19 17 29 97 42 19 81 46 0 23 45 27 42 80 37 28 93 20 55 94 70 41 74 45 22 91 92 26 65 26 32 83 37 43 92 75 30 11 42 18 16 58
16 84 42 76 15 90 50 60 21 53 65 77 51 17 93 98 49 95 12 32 21 91 46 75 71 63 12 46 74 81 85 60 87 53 94 40 77 14 99 43 59 46 94 20 50 95 25 50 99 96 80 65 57 70 21 62 57 76 37 42 27 67 51 74 55 44 56 82 36 39 48 63 19 48 96 34 55 54 66 53 41 29 50 17 21 45 89 95 15 19 74 23 0 93 25 88 99 85 97 37 54 42 24 85 75 67 30 49 94 78 33 78 49 79 93 62 77 32 87 88 91 96 55 77 14
36 36 19 29 77 47 71 10 97 65 43 49 15 86 57 15 78 15 59 44 35 93 99 80 43 73 35 12 83 63 22 82 33 30 80 10 52 86 80 55 86 45 74 31 34 51 68 26 16 61 32 96 80 56 43 30 95 61 35 10 69 39 98 79 88 74 51 56 27 64 48 26 76 94 64 55 89 98 73 14 26 63 84 51 69 57 47 24 32 98 76 45 93 0 66 58 99 56 79 23 67 79 97 82 94 76 86 61 57 66 23 69 51 47 23 15 79 95 76 31 22 29 20 62 23
16 70 18 14 83 82 40 20 35 23 17 77 89 95 68 47 87 50 96 17 43 48 43 21 59 69 10 51 52 36 43 11 96 88 97 66 87 17 10 10 57 75 81 99 48 19 70 70 73 48 27 93 68 62 68 10 70 56 83 26 42 50 58 82 29 54 31 60 90 76 35 12 50 21 23 16 42 98 40 84 60 34 59 77 94 56 25 80 75 55 14 27 25 66 0 58 89 57 45 50 13 12 28 62 39 51 28 37 74 91 29 66 79 30 58 46 97 34 83 56 47 69 89 21 99
14 12 73 74 25 35 57 19 51 48 73 27 21 49 80 50 73 95 78 92 79 18 79 85 21 22 30 45 98 64 97 54 45 18 58 68 95 27 51 65 82 22 17 12 34 85 19 51 56 23 12 40 70 65 94 47 58 16 44 99 49 86 86 23 38 78 30 15 52 30 19 53 82 85 64 30 86 42 58 64 60 27 63 13 50 93 61 86 94 15 83 42 88 58 58 0 90 57 89 53 99 97 72 49 85 95 53 84 56 21 65 52 66 15 56 40 31 11 25 25 69 54 44 70 55
26 77 87 35 81 93 40 72 25 83 36 98 12 73 68 21 76 86 58 93 66 73 50 28 15 16 73 41 23 86 71 90 15 48 71 80 70 13 44 88 70 93 88 83 34 82 65 90 32 24 93 93 87 18 85 87 51 33 84 92 81 91 48 51 15 25 40 50 33 55 66 53 51 82 10 34 77 65 37 78 91 28 19 37 47 71 72 48 36 38 47 80 99 99 89 90 0 81 20 18 92 62 54 63 45 73 23 38 10 45 69 95 19 82 35 33 62 81 11 93 97 71 47 80 80
22 82 58 42 66 78 98 54 30 50 79 94 44 88 22 36 81 99 20 29 26 96 13 95 71 68 40 73 47 24 56 31 78 54 12 73 27 66 53 86 22 38 35 31 99 74 13 40 23 39 22 73 75 61 79 82 57 59 93 93 46 96 99 24 30 12 58 37 50 57 68 93 65 92 32 99 57 19 46 58 86 55 72 98 82 12 20 34 18 24 62 37 85 56 57 57 81 0 16 58 54 94 17 91 52 97 78 74 47 22 40 99 40 50 49 15 40 96 26 46 71 44 14 67 15
78 51 11 81 37 93 52 87 93 18 61 40 72 92 79 56 55 23 15 62 31 46 65 70 99 33 83 12 68 40 18 64 91 79 34 93 70 95 51 34 74 25 99 25 56 98 98 62 38 12 62 16 40 78 22 36 97 71 86 30 62 67 39 83 32 78 12 99 10 90 93 39 15 74 23 68 23 13 60 47 42 27 34 25 15 42 49 54 57 13 96 28 97 79 45 89 20 16 0 70 81 48 53 26 27 87 33 88 84 14 75 49 59 47 42 88 30 95 45 68 17 36 35 78 56
10 90 34 15 14 41 57 93 54 25 85 61 70 53 89 83 12 97 36 12 68 56 71 59 16 95 78 81 86 46 91 86 18 94 56 81 14 23 48 37 71 26 54 20 66 95 64 68 59 64 88 19 83 14 95 68 86 38 60 34 63 72 28 24 63 47 95 64 52 55 82 29 22 38 79 54 23 83 54 88 24 12 66 30 50 28 50 81 67 34 93 93 37 23 50 53 18 58 70 0 71 51 88 47 90 79 46 52 27 44 91 24 19 98 68 36 59 54 82 17 27 28 11 32 63
57 89 64 78 49 90 51 56 57 15 35 62 10 82 21 81 24 74 54 18 81 73 60 75 26 65 42 30 40 85 89 61 31 65 51 98 83 81 24 78 23 98 78 49 61 31 54 31 60 90 68 35 74 74 91 53 35 90 91 45 87 59 36 62 90 93 10 26 79 72 24 44 40 86 52 26 78 80 12 25 86 35 47 18 33 62 66 41 11 37 96 20 54 67 13 99 92 54 81 71 0 77 54 29 39 81 84 51 67 28 61 94 23 87 32 40 15 61 27 44 72 52 42 54 25
34 86 72 48 67 87 22 98 82 98 22 86 53 12 18 66 98 37 40 44 97 57 70 86 92 49 86 25 23 17 86 54 36 89 95 47 66 33 25 73 87 53 21 76 76 31 10 21 35 48 94 16 32 66 96 80 21 67 87 57 97 43 18 74 63 32 60 73 77 21 18 26 10 52 31 84 40 39 11 56 21 90 81 14 55 32 83 33 74 79 29 55 42 79 12 97 62 94 48 51 77 0 74 72 62 83 12 79 57 32 15 68 29 26 85 12 94 39 26 40 28 40 90 93 11
98 42 90 22 15 86 93 69 45 81 55 82 35 88 95 47 22 37 36 99 30 69 10 47 74 84 35 21 59 97 31 43 99 71 37 40 39 58 94 86 56 14 85 95 61 60 83 15 94 62 18 58 57 92 42 67 53 42 31 11 76 25 25 85 92 81 64 29 75 70 85 31 77 75 37 86 23 92 71 36 73 75 93 58 67 33 88 98 51 27 38 94 24 97 28 72 54 17 53 88 54 74 0 81 16 73 81 49 54 11 16 23 85 17 16 88 79 49 67 23 31 77 50 75 91
77 58 44 92 80 11 36 99 36 55 95 43 37 78 42 21 77 14 79 95 43 88 46 20 13 31 15 21 87 24 29 65 47 23 39 18 94 32 59 75 33 44 40 41 44 39 57 62 24 49 12 67 97 53 47 20 86 66 97 16 21 74 34 50 70 25 42 35 28 29 11 31 50 57 79 40 21 30 17 46 86 98 22 82 32 78 79 36 76 32 76 70 85 82 62 49 63 91 26 47 29 72 81 0 13 60 53 82 55 64 82 91 44 93 46 41 25 82 59 66 32 76 38 19 84
15 25 16 88 85 82 99 78 63 72 57 23 46 17 73 59 72 70 28 48 91 41 25 26 60 97 86 22 51 33 77 73 54 61 33 92 12 31 72 92 37 51 38 14 22 26 17 45 67 44 38 93 51 76 89 26 19 21 38 13 79 49 20 19 29 29 84 11 38 54 23 21 68 85 74 10 49 59 94 34 63 54 19 39 71 90 28 90 19 84 45 41 75 94 39 85 45 52 27 90 39 62 16 13 0 59 53 64 98 22 12 59 64 75 87 51 12 10 89 30 42 73 60 40 39
72 85 46 32 94 70 22 83 16 52 59 74 48 51 79 69 37 42 10 38 47 70 60 57 55 41 83 35 62 67 25 94 61 57 48 93 69 55 65 71 42 64 96 83 42 37 65 68 46 56 71 15 60 61 63 20 76 82 27 18 17 90 31 74 12 31 58 97 90 48 72 83 53 75 24 22 41 29 76 24 92 11 64 43 11 60 52 38 89 19 22 74 67 76 51 95 73 97 87 79 81 83 73 60 59 0 55 15 90 19 10 76 67 89 87 69 46 94 91 69 83 22 41 42 70
57 85 91 94 80 26 92 87 54 75 45 56 26 21 75 13 77 10 33 98 97 70 99 26 64 96 37 39 23 86 71 88 69 14 89 13 30 61 37 11 46 27 44 92 38 68 34 78 80 80 64 24 49 86 87 63 98 13 51 72 96 36 10 11 68 33 58 65 11 75 93 36 95 99 17 48 85 97 10 54 34 92 41 47 28 68 42 16 42 25 51 45 30 86 28 53 23 78 33 46 84 12 81 53 53 55 0 46 98 67 39 66 22 35 38 13 35 83 90 73 85 20 59 48 81
36 86 62 73 47 88 74 82 27 24 41 21 11 51 72 88 75 51 66 14 49 98 80 99 51 10 10 94 36 51 91 41 79 10 99 42 47 34 63 15 44 29 28 97 50 86 57 35 45 61 78 91 49 62 89 50 42 48 58 55 81 16 51 41 82 41 65 79 69 12 61 85 91 25 79 78 79 89 40 52 82 28 94 72 31 19 37 19 99 62 45 22 49 61 37 84 38 74 88 52 51 79 49 82 64 15 46 0 63 61 61 85 68 16 77 66 39 21 24 28 43 56 54 52 16
70 59 82 49 65 16 33 25 26 42 87 68 99 24 43 68 44 34 87 96 57 66 83 20 16 95 89 93 38 21 59 94 68 80 44 91 56 88 35 84 98 26 53 43 14 85 62 48 43 31 78 51 76 21 34 88 40 11 28 91 41 44 44 80 29 80 74 18 25 89 80 33 96 71 48 25 15 93 37 50 49 91 29 25 24 40 68 14 45 25 15 91 94 57 74 56 10 47 84 27 67 57 54 55 98 90 98 63 0 66 48 22 21 46 57 31 37 35 75 29 41 35 90 48 75
26 76 17 90 11 22 81 95 72 65 73 33 39 19 77 84 80 65 62 34 13 47 64 32 69 94 43 69 72 73 57 36 52 71 63 98 38 69 37 74 48 25 40 35 36 64 75 92 38 70 72 26 84 45 91 53 65 67 39 27 58 25 16 66 20 51 68 28 18 64 20 49 35 52 98 13 18 52 70 35 84 41 31 46 91 72 91 23 76 77 47 92 78 66 91 21 45 22 14 44 28 32 11 64 22 19 67 61 66 0 79 52 40 67 87 11 20 41 98 19 29 72 95 56 96
21 10 25 32 14 45 94 59 30 27 33 58 11 19 47 19 18 28 41 41 11 77 95 74 32 21 78 11 13 80 21 40 48 54 61 96 50 29 99 70 22 99 99 77 97 29 67 79 84 25 37 75 67 61 84 63 58 88 26 52 71 78 87 79 57 77 93 97 13 53 94 91 23 63 83 66 24 65 15 36 73 19 62 95 50 43 91 13 44 84 51 26 33 23 29 65 69 40 75 91 61 15 16 82 12 10 39 61 48 79 0 10 62 29 80 21 28 75 19 30 93 92 51 92 47
21 68 26 95 22 24 40 94 30 53 38 99 91 24 62 94 75 92 95 93 50 38 27 24 55 87 81 72 64 83 55 22 68 45 28 48 64 36 55 14 28 11 51 38 50 12 15 41 23 99 21 16 60 81 14 82 86 11 31 92 42 74 70 12 61 93 37 78 39 82 40 91 71 48 99 78 19 53 69 33 43 86 92 19 35 51 55 85 94 16 61 65 78 69 66 52 95 99 49 24 94 68 23 91 59 76 66 85 22 52 10 0 88 44 47 76 94 61 17 61 26 63 86 18 16
90 90 66 16 73 86 29 45 40 82 80 70 91 44 22 78 24 61 84 99 80 67 11 47 49 13 91 78 97 97 46 40 89 55 37 25 78 16 23 18 87 94 56 74 86 22 36 76 37 19 29 48 22 52 41 21 54 44 35 93 15 29 79 42 64 89 58 85 27 23 27 66 36 42 27 84 76 17 71 53 30 80 26 35 38 29 47 72 56 32 97 26 49 51 79 66 19 40 59 19 23 29 85 44 64 67 22 68 21 40 62 88 0 12 45 76 74 76 65 33 20 22 66 33 85
67 18 63 96 15 47 70 50 95 17 25 46 39 72 75 28 77 10 28 61 84 71 51 93 29 66 95 53 18 56 58 51 78 19 85 76 95 26 73 78 30 23 78 33 49 49 62 75 52 25 86 99 98 58 70 34 53 13 71 60 65 80 89 79 78 21 61 25 51 66 61 31 47 63 11 50 40 40 79 54 21 26 38 11 57 24 54 50 76 11 65 32 79 47 30 15 82 50 47 98 87 26 17 93 75 89 35 16 46 67 29 44 12 0 55 78 66 30 58 90 80 94 67 85 86
49 87 39 48 78 82 98 30 73 87 21 54 26 96 54 84 74 20 74 22 93 72 61 23 69 34 37 42 20 28 43 75 41 62 10 23 40 90 75 38 31 33 73 35 99 32 84 88 33 21 68 88 85 98 16 27 58 95 89 33 52 40 89 14 56 42 54 18 49 94 23 65 13 10 21 90 61 52 87 41 61 45 13 90 78 37 23 31 28 41 83 83 93 23 58 56 35 49 42 68 32 85 16 46 87 87 38 77 57 87 80 47 45 55 0 49 27 37 46 78 76 36 89 47 65
34 36 28 23 36 22 12 26 57 95 80 64 83 70 11 64 35 13 72 69 82 45 54 32 98 96 55 79 21 86 66 65 92 23 71 80 76 18 76 34 67 41 33 41 87 54 92 22 66 86 67 27 79 77 15 67 83 24 19 77 58 32 83 88 11 66 73 72 24 53 71 31 65 10 83 40 22 49 28 38 47 62 78 49 24 64 45 89 80 45 58 37 62 15 46 40 33 15 88 36 40 12 88 41 51 69 13 66 31 11 21 76 76 78 49 0 66 77 50 36 87 15 46 58 19
80 33 31 31 93 93 77 48 48 16 56 67 68 92 19 28 17 52 61 25 84 42 73 78 23 15 53 92 33 91 55 37 48 95 32 42 29 49 81 43 28 89 27 95 89 15 54 16 78 86 28 47 86 83 45 80 47 99 85 97 72 81 25 96 22 12 26 45 73 32 58 85 34 71 95 63 91 77 28 19 91 56 10 99 83 97 70 58 57 28 98 43 77 79 97 31 62 40 30 59 15 94 79 25 12 46 35 39 37 20 28 94 74 66 27 66 0 83 65 80 58 33 68 27 56
21 35 12 78 12 15 47 32 25 76 88 70 87 10 63 40 18 58 84 33 84 82 43 69 73 83 54 52 67 31 21 12 65 38 85 66 60 90 20 54 70 45 97 81 64 92 37 23 36 17 82 65 97 86 73 52 50 82 45 58 90 49 10 94 62 48 58 34 41 70 17 55 33 73 34 32 64 33 55 89 36 22 91 64 84 76 79 49 92 82 23 92 32 95 34 11 81 96 95 54 61 39 49 82 10 94 83 21 35 41 75 61 76 30 37 77 83 0 68 41 81 47 36 58 54
50 70 95 80 85 47 96 76 19 27 56 27 32 80 15 25 61 86 71 59 98 40 13 11 17 37 82 89 59 46 26 85 36 84 90 13 45 17 50 94 18 50 87 29 75 32 53 50 89 63 99 15 59 70 97 29 70 77 80 52 14 57 48 30 21 25 71 30 70 34 60 97 17 29 99 55 47 18 34 64 52 35 56 22 88 71 57 41 54 85 95 75 87 76 83 25 11 26 45 82 27 26 67 59 89 91 90 24 75 98 19 17 65 58 46 50 65 68 0 28 93 30 77 19 18
99 51 95 26 69 37 98 72 84 27 26 38 89 33 49 84 79 62 56 47 86 69 79 18 91 43 18 84 60 60 30 77 18 21 60 91 79 37 21 13 87 40 48 94 90 14 53 88 98 33 96 91 10 75 27 69 40 74 38 98 12 71 19 53 91 43 84 77 10 39 30 55 82 12 51 95 98 38 62 30 98 92 78 43 11 35 69 51 44 92 38 30 88 31 56 25 93 46 68 17 44 40 23 66 30 69 73 28 29 19 30 61 33 90 78 36 80 41 28 0 16 76 26 16 95
94 33 90 73 94 64 96 38 56 12 32 19 65 48 89 87 36 46 76 85 79 18 53 99 76 44 18 83 29 91 60 77 79 11 48 95 64 59 10 58 25 43 66 17 64 44 73 51 37 67 37 98 82 62 63 30 80 70 99 21 62 89 55 65 17 18 26 91 26 39 72 65 93 66 31 63 91 24 25 99 80 77 39 79 93 71 89 59 60 66 57 11 91 22 47 69 97 71 17 27 72 28 31 32 42 83 85 43 41 29 93 26 20 80 76 87 58 81 93 16 0 56 90 74 43
52 14 90 28 59 77 11 29 30 61 71 57 82 99 96 99 71 83 97 25 27 28 64 38 36 43 10 45 50 68 74 50 10 97 23 67 95 43 49 38 23 10 75 43 69 19 13 25 93 40 86 64 96 92 93 72 71 61 13 19 91 70 50 20 51 77 73 94 60 33 94 24 44 19 42 31 17 32 22 81 76 50 99 24 89 55 89 39 96 56 50 42 96 29 69 54 71 44 36 28 52 40 77 76 73 22 20 56 35 72 92 63 22 94 36 15 33 47 30 76 56 0 13 69 85
70 84 79 26 70 78 46 66 29 34 40 53 81 91 22 22 88 96 22 55 61 67 89 52 58 13 67 65 33 28 90 38 90 65 74 88 96 36 97 55 13 57 22 35 82 69 76 57 24 66 40 18 50 41 26 46 11 30 89 72 72 77 13 61 60 17 18 64 30 23 81 14 47 14 44 36 71 46 11 45 37 80 84 77 89 77 21 64 17 19 27 18 55 20 89 44 47 14 35 11 42 90 50 38 60 41 59 54 90 95 51 86 66 67 89 46 68 36 77 26 90 13 0 40 27
81 33 35 22 21 79 42 92 52 76 10 42 18 34 60 67 21 12 26 69 81 69 61 29 13 95 72 79 11 36 42 54 16 28 16 86 32 23 58 83 16 68 69 50 44 96 15 96 31 83 35 56 69 64 63 93 73 21 65 26 81 95 71 74 87 91 71 89 64 97 10 74 23 75 38 75 67 99 15 18 72 25 40 13 40 78 31 27 72 70 99 16 77 62 21 70 80 67 78 32 54 93 75 19 40 42 48 52 48 56 92 18 33 85 47 58 27 58 19 16 74 69 40 0 64
57 18 96 29 22 14 66 63 49 26 88 36 18 67 15 86 60 66 94 32 74 39 47 31 17 83 51 38 85 60 71 23 13 94 29 27 97 17 15 10 85 58 78 91 20 20 85 45 84 12 80 11 94 38 45 17 32 73 11 26 80 66 90 67 76 69 82 53 35 37 69 79 97 56 46 24 19 92 95 12 45 46 28 84 19 26 25 38 28 13 30 58 14 23 99 55 80 15 56 63 25 11 91 84 39 70 81 16 75 96 47 16 85 86 65 19 56 54 18 95 43 85 27 64 0