35
0 89 62 35 19 67 75 51 16 22 34 52 54 81 58 49 69 70 79 10 61 54 19 50 12 58 74 54 88 54 40 29 73 42 20
89 0 65 19 34 83 49 10 34 68 29 57 30 28 29 68 28 54 46 61 66 37 49 83 37 59 64 79 41 76 25 67 50 37 51
62 65 0 94 76 40 49 78 40 64 83 11 57 40 36 40 81 25 33 96 31 71 23 16 84 17 95 31 69 16 97 87 75 95 37
35 19 94 0 77 93 21 37 84 71 74 78 29 66 79 65 51 80 22 55 53 86 26 18 93 53 51 88 76 48 69 32 84 63 17
19 34 76 77 0 19 71 88 90 93 59 57 70 69 97 69 89 71 53 23 26 40 27 65 31 26 67 44 43 19 92 98 37 78 92
67 83 40 93 19 0 72 85 10 22 95 71 38 70 40 73 23 38 12 64 95 13 37 63 89 17 11 97 26 32 65 24 88 69 23
75 49 49 21 71 72 0 81 20 80 68 80 31 44 45 72 40 78 80 29 75 79 83 48 44 51 89 88 11 50 23 24 24 45 20
51 10 78 37 88 85 81 0 73 44 63 40 38 98 19 74 83 94 73 60 92 52 21 97 68 83 24 91 88 20 17 75 12 90 86
16 34 40 84 90 10 20 73 0 20 39 63 32 80 11 79 36 26 23 87 31 49 33 33 89 51 97 37 69 23 76 65 49 79 14
22 68 64 71 93 22 80 44 20 0 81 15 50 68 31 57 35 31 42 49 57 28 46 21 63 33 84 22 43 89 37 28 68 65 80
34 29 83 74 59 95 68 63 39 81 0 89 23 37 18 52 14 98 51 36 11 83 51 78 68 42 17 46 28 94 26 38 69 27 22
52 57 11 78 57 71 80 40 63 15 89 0 33 48 95 13 72 63 26 65 97 65 47 25 26 46 26 49 33 84 52 55 72 87 37
54 30 57 29 70 38 31 38 32 50 23 33 0 90 89 18 60 52 76 56 20 18 32 19 68 82 81 76 56 84 46 78 26 62 44
81 28 40 66 69 70 44 98 80 68 37 48 90 0 82 15 50 92 68 97 38 76 88 36 36 46 57 16 44 22 78 82 75 49 44
58 29 36 79 97 40 45 19 11 31 18 95 89 82 0 62 15 40 83 85 24 69 28 52 68 96 48 59 30 10 76 40 52 27 48
49 68 40 65 69 73 72 74 79 57 52 13 18 15 62 0 33 47 36 55 82 74 88 93 75 57 44 10 69 42 62 47 81 52 31
69 28 81 51 89 23 40 83 36 35 14 72 60 50 15 33 0 33 84 88 93 87 34 25 18 10 12 12 63 84 99 83 52 44 29
70 54 25 80 71 38 78 94 26 31 98 63 52 92 40 47 33 0 72 87 87 10 22 95 50 54 15 48 63 69 83 57 31 51 29
79 46 33 22 53 12 80 73 23 42 51 26 76 68 83 36 84 72 0 53 17 92 25 50 30 72 55 28 99 71 77 80 28 21 77
10 61 96 55 23 64 29 60 87 49 36 65 56 97 85 55 88 87 53 0 55 42 61 19 38 21 63 62 46 13 73 14 73 90 32
61 66 31 53 26 95 75 92 31 57 11 97 20 38 24 82 93 87 17 55 0 32 27 60 51 59 45 43 38 18 93 29 19 51 26
54 37 71 86 40 13 79 52 49 28 83 65 18 76 69 74 87 10 92 42 32 0 84 18 45 49 53 94 63 14 92 28 96 63 68
19 49 23 26 27 37 83 21 33 46 51 47 32 88 28 88 34 22 25 61 27 84 0 42 13 74 62 19 65 60 19 28 72 55 14
50 83 16 18 65 63 48 97 33 21 78 25 19 36 52 93 25 95 50 19 60 18 42 0 67 22 15 87 96 19 10 33 98 68 13
12 37 84 93 31 89 44 68 89 63 68 26 68 36 68 75 18 50 30 38 51 45 13 67 0 54 99 24 25 73 51 44 22 57 97
58 59 17 53 26 17 51 83 51 33 42 46 82 46 96 57 10 54 72 21 59 49 74 22 54 0 47 13 96 85 43 68 33 66 82
74 64 95 51 67 11 89 24 97 84 17 26 81 57 48 44 12 15 55 63 45 53 62 15 99 47 0 47 77 82 97 77 17 88 68
54 79 31 88 44 97 88 91 37 22 46 49 76 16 59 10 12 48 28 62 43 94 19 87 24 13 47 0 90 98 66 88 47 16 82
88 41 69 76 43 26 11 88 69 43 28 33 56 44 30 69 63 63 99 46 38 63 65 96 25 96 77 90 0 42 67 43 12 89 93
54 76 16 48 19 32 50 20 23 89 94 84 84 22 10 42 84 69 71 13 18 14 60 19 73 85 82 98 42 0 30 12 16 30 68
40 25 97 69 92 65 23 17 76 37 26 52 46 78 76 62 99 83 77 73 93 92 19 10 51 43 97 66 67 30 0 37 71 42 86
29 67 87 32 98 24 24 75 65 28 38 55 78 82 40 47 83 57 80 14 29 28 28 33 44 68 77 88 43 12 37 0 43 97 67
73 50 75 84 37 88 24 12 49 68 69 72 26 75 52 81 52 31 28 73 19 96 72 98 22 33 17 47 12 16 71 43 0 88 12
42 37 95 63 78 69 45 90 79 65 27 87 62 49 27 52 44 51 21 90 51 63 55 68 57 66 88 16 89 30 42 97 88 0 39
20 51 37 17 92 23 20 86 14 80 22 37 44 44 48 31 29 29 77 32 26 68 14 13 97 82 68 82 93 68 86 67 12 39 0