90
0 16 74 71 68 11 87 29 38 59 31 96 81 89 19 74 61 85 30 66 21 49 87 98 58 50 26 33 72 43 60 80 97 19 87 13 19 41 14 12 78 53 20 81 49 30 48 29 93 41 52 33 10 70 59 41 80 73 43 29 41 69 31 83 25 33 84 62 60 26 14 62 60 23 10 65 28 68 79 75 29 40 84 53 59 25 51 91 36 19
16 0 95 10 83 61 50 63 90 86 97 20 60 26 91 12 76 85 18 75 22 75 74 31 45 70 35 12 57 21 91 76 95 93 55 91 89 85 20 90 75 53 63 16 28 59 82 48 75 14 61 61 40 51 84 17 98 47 81 43 92 34 62 40 57 95 83 59 12 80 78 76 72 94 22 69 39 17 99 59 77 77 15 90 48 62 91 82 88 73
74 95 0 30 94 78 79 55 51 59 47 86 48 98 58 60 58 34 89 42 34 57 65 11 54 78 49 63 16 89 39 47 16 86 19 60 10 67 49 59 40 55 16 98 54 46 39 24 41 21 85 18 24 48 39 16 59 18 17 62 46 79 81 33 11 60 97 74 40 53 80 66 10 14 51 48 13 36 44 45 43 33 13 26 77 59 75 27 21 43
71 10 30 0 26 69 49 39 30 86 18 40 14 58 16 78 75 94 72 19 92 84 77 28 65 87 22 73 13 69 97 62 10 32 72 78 56 67 52 61 67 91 33 50 83 99 47 81 16 33 94 14 15 72 76 87 32 58 28 12 54 47 75 53 66 15 32 35 10 50 85 44 36 49 19 15 40 43 10 13 64 31 72 53 12 44 63 53 62 96
68 83 94 26 0 22 14 84 82 67 25 46 90 55 10 35 36 14 23 23 70 52 17 19 46 25 92 76 85 81 19 88 42 62 63 89 79 57 92 87 73 49 62 63 12 65 50 10 84 73 93 30 90 71 69 30 58 53 29 65 99 60 69 31 78 35 85 99 33 68 15 81 49 66 40 45 73 89 93 17 44 83 27 60 34 43 55 44 47 33
11 61 78 69 22 0 45 81 11 99 85 97 39 20 76 52 87 38 49 36 33 34 37 12 46 29 62 45 24 16 35 18 79 67 30 15 82 66 52 64 83 16 83 18 78 11 98 34 30 74 87 81 71 15 22 42 34 24 23 12 82 94 90 96 98 71 79 74 76 56 59 35 82 67 69 59 34 54 48 83 42 46 46 46 39 15 77 27 38 10
87 50 79 49 14 45 0 19 90 79 69 35 54 18 82 79 65 83 47 48 65 71 25 92 15 46 40 93 86 32 55 64 38 95 99 75 64 12 77 48 72 96 54 52 54 25 57 14 46 44 15 80 69 91 25 98 17 25 43 87 35 64 92 55 24 65 57 83 42 14 59 87 46 31 76 90 11 78 83 78 54 43 69 99 33 13 13 89 24 90
29 63 55 39 84 81 19 0 15 39 70 34 68 61 99 75 62 27 79 79 30 58 88 80 52 55 50 72 53 74 42 23 69 36 99 76 61 84 27 95 43 10 30 56 99 13 83 64 92 95 89 98 84 40 47 59 61 22 54 97 16 26 69 28 54 53 16 46 47 57 37 34 70 78 22 26 39 26 42 12 98 59 24 32 54 41 29 57 12 51
38 90 51 30 82 11 90 15 0 23 13 40 60 53 65 85 63 57 29 28 28 63 52 28 96 76 77 44 27 22 11 84 55 67 16 78 22 12 42 87 55 88 56 28 75 65 52 73 82 32 56 80 48 28 66 85 89 78 80 57 11 38 37 75 48 68 10 31 38 96 36 70 16 28 98 66 15 37 33 19 49 63 81 84 79 22 61 55 92 21
59 86 59 86 67 99 79 39 23 0 35 73 34 10 83 23 44 52 49 42 71 96 68 76 47 61 15 40 54 71 18 78 50 24 90 29 96 31 50 83 44 45 10 25 10 18 25 35 68 77 77 23 44 32 47 25 22 72 26 98 54 55 10 45 89 61 88 85 65 23 69 55 65 99 76 18 60 54 51 23 43 92 15 69 84 52 68 96 57 79
31 97 47 18 25 85 69 70 13 35 0 80 64 69 34 66 58 72 36 29 96 33 60 49 11 29 54 57 18 30 45 27 15 21 78 40 52 71 96 95 23 68 85 36 66 98 13 40 52 18 32 66 31 47 83 69 10 94 84 54 97 81 97 31 57 59 65 47 82 42 39 17 12 15 84 41 72 53 52 42 67 29 61 63 73 14 73 33 97 35
96 20 86 40 46 97 35 34 40 73 80 0 82 70 71 86 18 82 26 10 52 42 88 37 81 95 15 14 60 56 75 33 89 21 17 85 72 66 43 79 33 17 66 93 58 81 44 37 22 16 12 59 39 71 62 90 13 49 45 95 65 11 50 57 34 62 74 78 45 53 57 16 56 10 84 76 31 82 99 69 12 14 90 42 81 70 69 19 29 97
81 60 48 14 90 39 54 68 60 34 64 82 0 35 89 58 26 11 59 48 29 48 92 25 32 52 93 81 71 58 65 26 48 64 95 71 38 69 43 57 90 94 30 47 65 96 92 53 67 40 17 17 45 57 62 12 91 80 20 54 25 32 30 48 78 64 31 90 16 59 33 33 56 23 65 45 94 96 79 74 97 70 40 58 93 51 59 52 45 43
89 26 98 58 55 20 18 61 53 10 69 70 35 0 15 88 29 12 44 12 34 58 58 34 20 46 38 52 19 54 68 62 94 20 32 54 97 39 22 11 80 83 88 30 69 96 43 81 73 41 49 43 50 93 16 64 22 68 61 83 61 63 65 18 26 48 72 38 65 87 44 47 58 59 83 58 52 71 53 25 40 48 85 59 54 68 97 37 24 53
19 91 58 16 10 76 82 99 65 83 34 71 89 15 0 92 51 35 30 31 95 53 92 40 47 77 19 81 51 88 20 49 14 52 15 51 81 82 75 84 32 26 62 94 43 52 98 82 14 44 99 32 19 42 41 73 66 61 43 22 96 75 53 64 18 11 21 68 84 85 97 32 69 69 55 31 57 44 76 76 48 94 75 44 92 80 31 77 87 15
74 12 60 78 35 52 79 75 85 23 66 86 58 88 92 0 16 37 21 76 16 97 60 73 33 80 39 26 20 27 86 45 54 88 63 15 44 88 84 25 19 94 29 89 28 32 25 49 93 95 38 56 56 41 57 58 71 80 63 21 53 23 63 89 72 39 47 85 73 20 66 99 70 24 29 69 60 36 10 74 88 59 42 39 66 26 63 56 86 91
61 76 58 75 36 87 65 62 63 44 58 18 26 29 51 16 0 79 11 52 81 13 46 88 58 85 81 53 63 10 78 97 56 54 29 62 50 30 28 99 48 65 15 80 53 17 64 28 26 47 51 64 50 47 51 33 59 21 99 69 50 95 87 62 70 62 46 61 62 92 93 53 32 23 77 29 25 81 90 35 46 56 95 12 50 92 98 35 33 34
85 85 34 94 14 38 83 27 57 52 72 82 11 12 35 37 79 0 36 84 94 62 72 11 15 59 97 43 80 99 98 41 93 88 23 93 78 88 70 55 55 53 12 57 42 76 57 99 83 26 78 82 72 94 84 28 50 15 17 28 53 14 27 80 64 32 56 12 37 94 78 34 48 96 71 83 13 74 61 21 50 20 15 46 28 93 25 78 96 21
30 18 89 72 23 49 47 79 29 49 36 26 59 44 30 21 11 36 0 86 14 49 39 45 63 10 30 50 22 44 77 37 91 34 96 61 29 27 43 36 81 57 46 65 74 72 44 80 19 13 23 19 19 90 32 47 89 48 87 11 46 36 16 22 40 14 22 73 43 88 85 14 50 16 74 31 68 75 20 70 34 19 62 62 45 20 82 65 78 21
66 75 42 19 23 36 48 79 28 42 29 10 48 12 31 76 52 84 86 0 33 13 80 98 63 33 94 52 65 38 32 60 30 17 38 89 36 25 41 88 80 57 92 10 78 94 80 19 80 47 14 90 96 64 15 98 84 11 76 40 84 90 91 40 38 59 18 33 71 98 87 44 55 41 44 71 85 78 17 61 48 40 41 69 63 35 85 74 47 78
21 22 34 92 70 33 65 30 28 71 96 52 29 34 95 16 81 94 14 33 0 84 53 75 91 43 40 58 15 46 82 35 14 63 51 42 44 82 37 19 50 19 74 96 80 46 54 42 96 57 81 59 65 10 13 43 23 96 67 58 36 53 27 43 86 46 20 39 33 21 27 36 52 46 33 63 83 97 35 21 28 72 88 88 37 34 75 80 54 48
49 75 57 84 52 34 71 58 63 96 33 42 48 58 53 97 13 62 49 13 84 0 31 84 96 65 98 82 28 43 93 87 29 35 98 68 45 70 76 11 66 51 74 88 95 30 59 64 66 34 97 28 14 10 48 76 61 25 12 48 80 20 83 65 85 44 18 62 44 24 43 89 34 79 37 64 52 49 21 31 40 19 13 35 85 57 82 61 89 98
87 74 65 77 17 37 25 88 52 68 60 88 92 58 92 60 46 72 39 80 53 31 0 69 10 69 61 93 50 33 95 65 92 83 14 96 39 43 68 91 29 88 55 51 81 94 71 15 47 92 31 54 44 40 93 47 19 82 19 99 49 81 90 54 55 26 32 53 76 98 76 93 71 67 86 72 16 57 40 62 25 80 83 92 98 72 42 61 74 83
98 31 11 28 19 12 92 80 28 76 49 37 25 34 40 73 88 11 45 98 75 84 69 0 52 49 44 41 86 10 32 60 24 92 27 79 54 77 74 70 98 36 64 88 29 42 50 81 56 49 77 35 42 24 70 71 60 99 44 20 30 65 37 91 15 72 34 70 28 57 74 17 56 13 93 26 63 78 61 65 82 34 78 86 87 56 91 16 22 99
58 45 54 65 46 46 15 52 96 47 11 81 32 20 47 33 58 15 63 63 91 96 10 52 0 65 76 41 58 10 54 50 81 68 55 70 90 59 52 54 89 78 24 13 45 84 13 86 51 80 22 44 90 49 73 75 53 72 44 88 54 45 31 36 23 42 76 95 80 97 68 11 67 16 25 39 26 38 74 12 78 33 71 94 65 61 36 80 58 53
50 70 78 87 25 29 46 55 76 61 29 95 52 46 77 80 85 59 10 33 43 65 69 49 65 0 38 85 24 22 51 85 13 30 67 32 88 81 94 65 52 80 57 39 91 91 44 22 91 96 96 61 74 49 14 15 70 79 96 40 37 40 44 10 49 87 17 67 14 15 18 39 19 38 17 33 24 14 67 89 56 88 36 37 97 75 12 77 92 19
26 35 49 22 92 62 40 50 77 15 54 15 93 38 19 39 81 97 30 94 40 98 61 44 76 38 0 56 96 10 19 80 67 59 57 33 33 90 96 78 29 16 64 61 39 83 44 73 16 88 89 86 66 96 61 52 64 52 71 90 26 58 30 71 68 67 36 97 16 83 93 91 45 32 91 49 65 98 30 45 30 10 61 31 21 99 80 95 81 39
33 12 63 73 76 45 93 72 44 40 57 14 81 52 81 26 53 43 50 52 58 82 93 41 41 85 56 0 29 60 17 11 70 27 56 11 91 83 70 98 37 49 15 16 47 90 98 45 18 99 97 40 51 95 43 48 96 20 81 38 90 28 68 89 24 38 18 66 51 38 47 87 67 96 34 87 57 86 68 34 22 37 58 90 74 36 89 74 85 82
72 57 16 13 85 24 86 53 27 54 18 60 71 19 51 20 63 80 22 65 15 28 50 86 58 24 96 29 0 64 95 43 22 64 23 21 34 86 82 14 39 15 25 86 21 43 38 66 15 15 73 70 79 68 56 74 37 34 55 26 40 97 46 25 23 55 59 29 93 14 66 99 37 64 15 49 65 75 55 44 87 88 58 38 30 78 26 49 87 82
43 21 89 69 81 16 32 74 22 71 30 56 58 54 88 27 10 99 44 38 46 43 33 10 10 22 10 60 64 0 29 80 12 66 16 80 64 73 96 10 43 59 76 84 34 31 28 79 39 34 85 30 72 88 95 98 57 43 82 97 83 76 43 94 91 24 46 41 64 40 49 24 18 81 70 99 76 75 46 44 61 88 59 24 90 42 81 35 73 32
60 91 39 97 19 35 55 42 11 18 45 75 65 68 20 86 78 98 77 32 82 93 95 32 54 51 19 17 95 29 0 72 72 36 77 59 19 93 45 59 20 79 54 87 66 69 94 95 84 13 87 44 96 52 62 43 13 89 58 58 78 36 12 64 31 90 91 97 26 20 88 37 44 13 80 57 93 71 98 17 76 96 77 27 46 98 93 62 75 48
80 76 47 62 88 18 64 23 84 78 27 33 26 62 49 45 97 41 37 60 35 87 65 60 50 85 80 11 43 80 72 0 57 68 70 14 10 52 49 35 74 96 39 45 17 73 68 42 22 83 64 10 10 47 66 55 41 11 82 58 57 33 82 60 74 26 98 55 44 45 73 63 19 98 89 48 68 19 30 20 58 16 48 64 69 79 65 30 75 96
97 95 16 10 42 79 38 69 55 50 15 89 48 94 14 54 56 93 91 30 14 29 92 24 81 13 67 70 22 12 72 57 0 96 35 79 89 52 79 43 80 75 14 10 97 26 32 92 32 44 70 80 79 41 18 71 33 58 58 28 36 35 85 69 80 45 31 80 50 68 16 86 83 86 62 54 82 16 95 42 38 52 74 33 36 55 98 90 55 78
19 93 86 32 62 67 95 36 67 24 21 21 64 20 52 88 54 88 34 17 63 35 83 92 68 30 59 27 64 66 36 68 96 0 30 11 71 25 82 84 88 97 52 29 34 14 94 28 42 15 40 53 73 68 77 36 44 24 80 96 44 71 66 16 49 49 83 18 17 18 23 52 84 47 39 55 45 24 37 41 64 14 95 68 13 88 47 32 10 94
87 55 19 72 63 30 99 99 16 90 78 17 95 32 15 63 29 23 96 38 51 98 14 27 55 67 57 56 23 16 77 70 35 30 0 87 83 75 38 77 92 65 29 49 32 83 55 61 90 47 49 34 38 37 58 93 70 98 43 64 37 58 76 50 67 45 40 48 52 82 14 77 11 53 90 29 12 97 47 16 48 37 32 62 21 65 88 14 61 34
13 91 60 78 89 15 75 76 78 29 40 85 71 54 51 15 62 93 61 89 42 68 96 79 70 32 33 11 21 80 59 14 79 11 87 0 77 69 18 37 68 45 16 62 58 79 79 29 12 73 79 62 55 97 30 69 15 91 36 84 12 18 73 88 83 86 24 86 82 13 71 50 31 49 84 66 86 22 59 96 38 37 91 34 23 24 88 96 32 31
19 89 10 56 79 82 64 61 22 96 52 72 38 97 81 44 50 78 29 36 44 45 39 54 90 88 33 91 34 64 19 10 89 71 83 77 0 76 72 59 52 70 44 23 72 14 51 36 85 94 18 19 57 22 44 62 55 93 73 41 67 67 72 87 71 22 35 34 74 95 81 18 85 63 78 64 29 83 36 41 41 45 27 72 44 68 30 42 95 59
41 85 67 67 57 66 12 84 12 31 71 66 69 39 82 88 30 88 27 25 82 70 43 77 59 81 90 83 86 73 93 52 52 25 75 69 76 0 74 78 33 77 83 11 34 45 53 33 49 72 91 51 79 93 16 10 38 55 44 10 79 72 11 77 56 45 27 83 63 52 69 63 13 74 84 48 42 49 45 67 53 58 81 16 57 66 28 82 98 79
14 20 49 52 92 52 77 27 42 50 96 43 43 22 75 84 28 70 43 41 37 76 68 74 52 94 96 70 82 96 45 49 79 82 38 18 72 74 0 44 21 25 65 71 20 34 82 13 36 35 15 34 23 60 65 15 57 83 63 45 10 88 82 87 21 78 49 75 81 48 65 16 30 96 57 37 59 55 10 37 42 63 85 57 52 49 15 59 69 86
12 90 59 61 87 64 48 95 87 83 95 79 57 11 84 25 99 55 36 88 19 11 91 70 54 65 78 98 14 10 59 35 43 84 77 37 59 78 44 0 50 43 76 93 91 65 23 70 94 56 64 93 86 61 92 92 21 63 16 61 29 17 60 40 62 37 26 14 34 22 12 82 56 24 56 74 30 52 53 97 38 63 56 59 89 49 89 74 36 38
78 75 40 67 73 83 72 43 55 44 23 33 90 80 32 19 48 55 81 80 50 66 29 98 89 52 29 37 39 43 20 74 80 88 92 68 52 33 21 50 0 77 22 38 53 97 93 25 11 53 46 37 76 94 38 55 57 83 17 63 10 90 92 91 51 65 34 25 87 68 89 18 38 72 37 34 67 29 17 97 52 85 43 79 45 49 21 56 95 37
53 53 55 91 49 16 96 10 88 45 68 17 94 83 26 94 65 53 57 57 19 51 88 36 78 80 16 49 15 59 79 96 75 97 65 45 70 77 25 43 77 0 35 19 67 66 26 38 88 45 57 40 15 12 43 33 35 45 76 98 17 86 90 11 61 60 33 88 74 11 41 45 48 58 38 36 19 74 32 82 67 84 55 57 64 38 33 42 96 53
20 63 16 33 62 83 54 30 56 10 85 66 30 88 62 29 15 12 46 92 74 74 55 64 24 57 64 15 25 76 54 39 14 52 29 16 44 83 65 76 22 35 0 36 66 66 35 33 61 70 82 18 89 87 34 22 90 61 61 48 92 87 45 85 95 12 95 21 53 39 25 52 56 25 54 75 51 65 83 68 10 51 49 33 83 83 13 82 12 29
81 16 98 50 63 18 52 56 28 25 36 93 47 30 94 89 80 57 65 10 96 88 51 88 13 39 61 16 86 84 87 45 10 29 49 62 23 11 71 93 38 19 36 0 92 54 86 58 69 25 66 87 88 52 53 12 68 22 17 95 53 26 72 85 86 68 33 71 64 30 90 72 15 12 94 44 82 55 65 81 14 29 73 85 70 12 48 51 12 78
49 28 54 83 12 78 54 99 75 10 66 58 65 69 43 28 53 42 74 78 80 95 81 29 45 91 39 47 21 34 66 17 97 34 32 58 72 34 20 91 53 67 66 92 0 61 15 61 49 56 54 37 35 63 41 89 93 76 57 23 16 12 75 49 24 30 24 54 49 22 92 44 35 21 75 98 69 84 26 90 26 47 60 33 93 97 57 99 56 41
30 59 46 99 65 11 25 13 65 18 98 81 96 96 52 32 17 76 72 94 46 30 94 42 84 91 83 90 43 31 69 73 26 14 83 79 14 45 34 65 97 66 66 54 61 0 76 70 21 81 86 36 46 67 53 96 53 10 41 89 65 34 62 63 51 97 86 93 16 26 52 30 78 46 16 41 32 83 66 83 49 78 56 39 59 75 10 10 53 35
48 82 39 47 50 98 57 83 52 25 13 44 92 43 98 25 64 57 44 80 54 59 71 50 13 44 44 98 38 28 94 68 32 94 55 79 51 53 82 23 93 26 35 86 15 76 0 17 60 11 67 99 60 11 27 20 67 45 22 57 20 54 23 35 50 40 58 27 52 60 87 52 95 32 42 22 31 64 82 58 22 64 78 95 76 45 88 37 98 55
29 48 24 81 10 34 14 64 73 35 40 37 53 81 82 49 28 99 80 19 42 64 15 81 86 22 73 45 66 79 95 42 92 28 61 29 36 33 13 70 25 38 33 58 61 70 17 0 35 34 19 83 74 52 94 83 35 63 59 92 30 67 37 51 23 59 21 41 22 80 39 23 12 24 98 86 16 76 82 37 78 12 70 16 25 83 81 86 79 48
93 75 41 16 84 30 46 92 82 68 52 22 67 73 14 93 26 83 19 80 96 66 47 56 51 91 16 18 15 39 84 22 32 42 90 12 85 49 36 94 11 88 61 69 49 21 60 35 0 34 61 30 82 25 79 29 80 96 19 49 88 26 65 49 60 45 64 97 48 54 90 25 64 50 68 87 54 49 96 64 89 26 20 26 91 12 70 19 84 65
41 14 21 33 73 74 44 95 32 77 18 16 40 41 44 95 47 26 13 47 57 34 92 49 80 96 88 99 15 34 13 83 44 15 47 73 94 72 35 56 53 45 70 25 56 81 11 34 34 0 32 54 93 82 48 71 41 65 23 24 20 93 25 41 10 20 19 45 73 51 31 72 18 72 78 24 23 58 74 48 44 70 84 83 61 70 25 83 28 18
52 61 85 94 93 87 15 89 56 77 32 12 17 49 99 38 51 78 23 14 81 97 31 77 22 96 89 97 73 85 87 64 70 40 49 79 18 91 15 64 46 57 82 66 54 86 67 19 61 32 0 58 89 72 16 71 28 13 41 81 36 11 25 70 40 99 43 67 73 58 79 40 79 37 43 37 49 35 98 52 91 84 99 62 42 50 66 41 56 58
33 61 18 14 30 81 80 98 80 23 66 59 17 43 32 56 64 82 19 90 59 28 54 35 44 61 86 40 70 30 44 10 80 53 34 62 19 51 34 93 37 40 18 87 37 36 99 83 30 54 58 0 79 36 70 52 92 47 99 95 46 44 44 86 59 23 68 62 54 22 39 91 62 32 67 60 70 27 96 43 40 80 49 62 11 19 39 50 91 59
10 40 24 15 90 71 69 84 48 44 31 39 45 50 19 56 50 72 19 96 65 14 44 42 90 74 66 51 79 72 96 10 79 73 38 55 57 79 23 86 76 15 89 88 35 46 60 74 82 93 89 79 0 87 48 46 32 77 50 20 11 93 49 34 12 74 76 95 66 16 17 69 60 95 59 10 51 11 14 75 50 28 27 33 72 12 95 67 54 20
70 51 48 72 71 15 91 40 28 32 47 71 57 93 42 41 47 94 90 64 10 10 40 24 49 49 96 95 68 88 52 47 41 68 37 97 22 93 60 61 94 12 87 52 63 67 11 52 25 82 72 36 87 0 26 50 70 68 45 54 29 55 42 81 89 20 56 75 39 60 85 37 92 84 21 46 95 24 23 98 10 78 66 55 30 20 25 22 67 10
59 84 39 76 69 22 25 47 66 47 83 62 62 16 41 57 51 84 32 15 13 48 93 70 73 14 61 43 56 95 62 66 18 77 58 30 44 16 65 92 38 43 34 53 41 53 27 94 79 48 16 70 48 26 0 76 33 26 68 62 60 35 28 82 23 83 40 37 86 97 31 20 84 91 74 25 51 45 46 10 95 63 67 93 84 13 19 73 46 46
41 17 16 87 30 42 98 59 85 25 69 90 12 64 73 58 33 28 47 98 43 76 47 71 75 15 52 48 74 98 43 55 71 36 93 69 62 10 15 92 55 33 22 12 89 96 20 83 29 71 71 52 46 50 76 0 91 48 38 86 85 70 73 46 50 41 98 43 48 15 32 24 67 55 86 10 29 62 18 10 26 12 38 31 31 51 68 93 10 81
80 98 59 32 58 34 17 61 89 22 10 13 91 22 66 71 59 50 89 84 23 61 19 60 53 70 64 96 37 57 13 41 33 44 70 15 55 38 57 21 57 35 90 68 93 53 67 35 80 41 28 92 32 70 33 91 0 69 87 86 98 64 55 26 83 88 72 17 60 65 90 93 90 14 70 53 81 83 51 15 17 35 62 91 57 24 77 42 29 64
73 47 18 58 53 24 25 22 78 72 94 49 80 68 61 80 21 15 48 11 96 25 82 99 72 79 52 20 34 43 89 11 58 24 98 91 93 55 83 63 83 45 61 22 76 10 45 63 96 65 13 47 77 68 26 48 69 0 72 96 59 94 74 93 73 13 13 82 64 56 88 92 24 92 43 32 91 17 61 30 42 96 96 56 44 69 87 50 87 59
43 81 17 28 29 23 43 54 80 26 84 45 20 61 43 63 99 17 87 76 67 12 19 44 44 96 71 81 55 82 58 82 58 80 43 36 73 44 63 16 17 76 61 17 57 41 22 59 19 23 41 99 50 45 68 38 87 72 0 51 55 25 54 27 55 57 29 65 28 23 96 42 81 44 97 47 20 81 69 54 60 24 11 42 64 93 74 87 96 86
29 43 62 12 65 12 87 97 57 98 54 95 54 83 22 21 69 28 11 40 58 48 99 20 88 40 90 38 26 97 58 58 28 96 64 84 41 10 45 61 63 98 48 95 23 89 57 92 49 24 81 95 20 54 62 86 86 96 51 0 40 80 89 96 51 92 28 49 26 83 39 39 76 22 66 93 97 46 70 47 62 89 72 84 78 71 76 76 46 27
41 92 46 54 99 82 35 16 11 54 97 65 25 61 96 53 50 53 46 84 36 80 49 30 54 37 26 90 40 83 78 57 36 44 37 12 67 79 10 29 10 17 92 53 16 65 20 30 88 20 36 46 11 29 60 85 98 59 55 40 0 78 92 54 19 95 19 47 19 93 11 68 19 83 75 95 90 24 57 73 82 87 63 27 97 68 67 90 75 12
69 34 79 47 60 94 64 26 38 55 81 11 32 63 75 23 95 14 36 90 53 20 81 65 45 40 58 28 97 76 36 33 35 71 58 18 67 72 88 17 90 86 87 26 12 34 54 67 26 93 11 44 93 55 35 70 64 94 25 80 78 0 89 65 38 70 92 30 37 85 91 97 51 53 41 75 64 94 30 17 96 62 24 96 79 73 50 78 42 27
31 62 81 75 69 90 92 69 37 10 97 50 30 65 53 63 87 27 16 91 27 83 90 37 31 44 30 68 46 43 12 82 85 66 76 73 72 11 82 60 92 90 45 72 75 62 23 37 65 25 25 44 49 42 28 73 55 74 54 89 92 89 0 62 32 13 19 36 23 37 46 54 37 21 34 34 89 66 34 92 85 14 57 24 90 85 77 42 28 41
83 40 33 53 31 96 55 28 75 45 31 57 48 18 64 89 62 80 22 40 43 65 54 91 36 10 71 89 25 94 64 60 69 16 50 88 87 77 87 40 91 11 85 85 49 63 35 51 49 41 70 86 34 81 82 46 26 93 27 96 54 65 62 0 53 33 66 17 15 45 95 28 98 19 95 43 12 52 72 55 24 50 64 46 88 47 86 48 62 35
25 57 11 66 78 98 24 54 48 89 57 34 78 26 18 72 70 64 40 38 86 85 55 15 23 49 68 24 23 91 31 74 80 49 67 83 71 56 21 62 51 61 95 86 24 51 50 23 60 10 40 59 12 89 23 50 83 73 55 51 19 38 32 53 0 11 33 54 25 78 87 47 18 49 83 80 65 19 25 66 36 88 43 16 32 17 62 60 57 21
33 95 60 15 35 71 65 53 68 61 59 62 64 48 11 39 62 32 14 59 46 44 26 72 42 87 67 38 55 24 90 26 45 49 45 86 22 45 78 37 65 60 12 68 30 97 40 59 45 20 99 23 74 20 83 41 88 13 57 92 95 70 13 33 11 0 53 91 49 27 49 28 62 63 84 10 62 42 85 31 94 48 93 16 20 83 59 81 90 20
84 83 97 32 85 79 57 16 10 88 65 74 31 72 21 47 46 56 22 18 20 18 32 34 76 17 36 18 59 46 91 98 31 83 40 24 35 27 49 26 34 33 95 33 24 86 58 21 64 19 43 68 76 56 40 98 72 13 29 28 19 92 19 66 33 53 0 79 53 76 39 65 57 88 85 18 71 95 36 49 64 93 26 66 40 15 11 55 12 65
62 59 74 35 99 74 83 46 31 85 47 78 90 38 68 85 61 12 73 33 39 62 53 70 95 67 97 66 29 41 97 55 80 18 48 86 34 83 75 14 25 88 21 71 54 93 27 41 97 45 67 62 95 75 37 43 17 82 65 49 47 30 36 17 54 91 79 0 59 46 16 91 18 73 83 55 68 47 56 56 92 45 43 75 54 95 26 17 91 89
60 12 40 10 33 76 42 47 38 65 82 45 16 65 84 73 62 37 43 71 33 44 76 28 80 14 16 51 93 64 26 44 50 17 52 82 74 63 81 34 87 74 53 64 49 16 52 22 48 73 73 54 66 39 86 48 60 64 28 26 19 37 23 15 25 49 53 59 0 40 17 93 71 14 70 83 46 80 68 11 13 94 67 40 62 71 65 38 75 53
26 80 53 50 68 56 14 57 96 23 42 53 59 87 85 20 92 94 88 98 21 24 98 57 97 15 83 38 14 40 20 45 68 18 82 13 95 52 48 22 68 11 39 30 22 26 60 80 54 51 58 22 16 60 97 15 65 56 23 83 93 85 37 45 78 27 76 46 40 0 43 85 65 70 10 33 58 57 49 33 50 68 28 90 36 47 29 98 21 31
14 78 80 85 15 59 59 37 36 69 39 57 33 44 97 66 93 78 85 87 27 43 76 74 68 18 93 47 66 49 88 73 16 23 14 71 81 69 65 12 89 41 25 90 92 52 87 39 90 31 79 39 17 85 31 32 90 88 96 39 11 91 46 95 87 49 39 16 17 43 0 41 77 47 23 61 24 96 42 28 30 71 51 97 15 32 77 77 63 72
62 76 66 44 81 35 87 34 70 55 17 16 33 47 32 99 53 34 14 44 36 89 93 17 11 39 91 87 99 24 37 63 86 52 77 50 18 63 16 82 18 45 52 72 44 30 52 23 25 72 40 91 69 37 20 24 93 92 42 39 68 97 54 28 47 28 65 91 93 85 41 0 62 56 64 47 81 55 54 29 11 41 77 14 95 68 51 93 47 67
60 72 10 36 49 82 46 70 16 65 12 56 56 58 69 70 32 48 50 55 52 34 71 56 67 19 45 67 37 18 44 19 83 84 11 31 85 13 30 56 38 48 56 15 35 78 95 12 64 18 79 62 60 92 84 67 90 24 81 76 19 51 37 98 18 62 57 18 71 65 77 62 0 22 46 99 61 78 50 94 64 34 14 55 99 34 82 40 75 36
23 94 14 49 66 67 31 78 28 99 15 10 23 59 69 24 23 96 16 41 46 79 67 13 16 38 32 96 64 81 13 98 86 47 53 49 63 74 96 24 72 58 25 12 21 46 32 24 50 72 37 32 95 84 91 55 14 92 44 22 83 53 21 19 49 63 88 73 14 70 47 56 22 0 79 62 80 19 36 52 86 13 95 93 51 37 98 30 37 26
10 22 51 19 40 69 76 22 98 76 84 84 65 83 55 29 77 71 74 44 33 37 86 93 25 17 91 34 15 70 80 89 62 39 90 84 78 84 57 56 37 38 54 94 75 16 42 98 68 78 43 67 59 21 74 86 70 43 97 66 75 41 34 95 83 84 85 83 70 10 23 64 46 79 0 24 47 24 49 42 95 83 22 46 90 79 18 41 22 52
65 69 48 15 45 59 90 26 66 18 41 76 45 58 31 69 29 83 31 71 63 64 72 26 39 33 49 87 49 99 57 48 54 55 29 66 64 48 37 74 34 36 75 44 98 41 22 86 87 24 37 60 10 46 25 10 53 32 47 93 95 75 34 43 80 10 18 55 83 33 61 47 99 62 24 0 50 75 33 59 67 28 32 87 22 29 42 77 81 33
28 39 13 40 73 34 11 39 15 60 72 31 94 52 57 60 25 13 68 85 83 52 16 63 26 24 65 57 65 76 93 68 82 45 12 86 29 42 59 30 67 19 51 82 69 32 31 16 54 23 49 70 51 95 51 29 81 91 20 97 90 64 89 12 65 62 71 68 46 58 24 81 61 80 47 50 0 29 99 59 44 12 63 41 55 94 37 53 87 23
68 17 36 43 89 54 78 26 37 54 53 82 96 71 44 36 81 74 75 78 97 49 57 78 38 14 98 86 75 75 71 19 16 24 97 22 83 49 55 52 29 74 65 55 84 83 64 76 49 58 35 27 11 24 45 62 83 17 81 46 24 94 66 52 19 42 95 47 80 57 96 55 78 19 24 75 29 0 87 99 51 43 17 94 20 75 79 71 74 15
79 99 44 10 93 48 83 42 33 51 52 99 79 53 76 10 90 61 20 17 35 21 40 61 74 67 30 68 55 46 98 30 95 37 47 59 36 45 10 53 17 32 83 65 26 66 82 82 96 74 98 96 14 23 46 18 51 61 69 70 57 30 34 72 25 85 36 56 68 49 42 54 50 36 49 33 99 87 0 97 53 30 45 58 65 19 71 32 68 41
75 59 45 13 17 83 78 12 19 23 42 69 74 25 76 74 35 21 70 61 21 31 62 65 12 89 45 34 44 44 17 20 42 41 16 96 41 67 37 97 97 82 68 81 90 83 58 37 64 48 52 43 75 98 10 10 15 30 54 47 73 17 92 55 66 31 49 56 11 33 28 29 94 52 42 59 59 99 97 0 27 61 95 15 28 10 22 35 25 19
29 77 43 64 44 42 54 98 49 43 67 12 97 40 48 88 46 50 34 48 28 40 25 82 78 56 30 22 87 61 76 58 38 64 48 38 41 53 42 38 52 67 10 14 26 49 22 78 89 44 91 40 50 10 95 26 17 42 60 62 82 96 85 24 36 94 64 92 13 50 30 11 64 86 95 67 44 51 53 27 0 96 26 82 47 85 54 27 12 45
40 77 33 31 83 46 43 59 63 92 29 14 70 48 94 59 56 20 19 40 72 19 80 34 33 88 10 37 88 88 96 16 52 14 37 37 45 58 63 63 85 84 51 29 47 78 64 12 26 70 84 80 28 78 63 12 35 96 24 89 87 62 14 50 88 48 93 45 94 68 71 41 34 13 83 28 12 43 30 61 96 0 59 27 56 60 63 18 94 36
84 15 13 72 27 46 69 24 81 15 61 90 40 85 75 42 95 15 62 41 88 13 83 78 71 36 61 58 58 59 77 48 74 95 32 91 27 81 85 56 43 55 49 73 60 56 78 70 20 84 99 49 27 66 67 38 62 96 11 72 63 24 57 64 43 93 26 43 67 28 51 77 14 95 22 32 63 17 45 95 26 59 0 21 61 17 51 22 56 37
53 90 26 53 60 46 99 32 84 69 63 42 58 59 44 39 12 46 62 69 88 35 92 86 94 37 31 90 38 24 27 64 33 68 62 34 72 16 57 59 79 57 33 85 33 39 95 16 26 83 62 62 33 55 93 31 91 56 42 84 27 96 24 46 16 16 66 75 40 90 97 14 55 93 46 87 41 94 58 15 82 27 21 0 83 36 81 33 55 81
59 48 77 12 34 39 33 54 79 84 73 81 93 54 92 66 50 28 45 63 37 85 98 87 65 97 21 74 30 90 46 69 36 13 21 23 44 57 52 89 45 64 83 70 93 59 76 25 91 61 42 11 72 30 84 31 57 44 64 78 97 79 90 88 32 20 40 54 62 36 15 95 99 51 90 22 55 20 65 28 47 56 61 83 0 88 15 80 79 39
25 62 59 44 43 15 13 41 22 52 14 70 51 68 80 26 92 93 20 35 34 57 72 56 61 75 99 36 78 42 98 79 55 88 65 24 68 66 49 49 49 38 83 12 97 75 45 83 12 70 50 19 12 20 13 51 24 69 93 71 68 73 85 47 17 83 15 95 71 47 32 68 34 37 79 29 94 75 19 10 85 60 17 36 88 0 65 32 46 69
51 91 75 63 55 77 13 29 61 68 73 69 59 97 31 63 98 25 82 85 75 82 42 91 36 12 80 89 26 81 93 65 98 47 88 88 30 28 15 89 21 33 13 48 57 10 88 81 70 25 66 39 95 25 19 68 77 87 74 76 67 50 77 86 62 59 11 26 65 29 77 51 82 98 18 42 37 79 71 22 54 63 51 81 15 65 0 83 67 90
91 82 27 53 44 27 89 57 55 96 33 19 52 37 77 56 35 78 65 74 80 61 61 16 80 77 95 74 49 35 62 30 90 32 14 96 42 82 59 74 56 42 82 51 99 10 37 86 19 83 41 50 67 22 73 93 42 50 87 76 90 78 42 48 60 81 55 17 38 98 77 93 40 30 41 77 53 71 32 35 27 18 22 33 80 32 83 0 16 28
36 88 21 62 47 38 24 12 92 57 97 29 45 24 87 86 33 96 78 47 54 89 74 22 58 92 81 85 87 73 75 75 55 10 61 32 95 98 69 36 95 96 12 12 56 53 98 79 84 28 56 91 54 67 46 10 29 87 96 46 75 42 28 62 57 90 12 91 75 21 63 47 75 37 22 81 87 74 68 25 12 94 56 55 79 46 67 16 0 77
19 73 43 96 33 10 90 51 21 79 35 97 43 53 15 91 34 21 21 78 48 98 83 99 53 19 39 82 82 32 48 96 78 94 34 31 59 79 86 38 37 53 29 78 41 35 55 48 65 18 58 59 20 10 46 81 64 59 86 27 12 27 41 35 21 20 65 89 53 31 72 67 36 26 52 33 23 15 41 19 45 36 37 81 39 69 90 28 77 0