35
0 21 87 70 65 35 60 56 49 36 52 34 91 53 82 16 99 81 70 36 24 20 20 74 69 28 23 48 56 67 27 33 47 23 22
21 0 18 48 46 33 82 34 68 73 28 99 38 40 37 51 30 11 31 19 60 26 36 41 56 28 37 38 44 96 52 73 66 93 41
87 18 0 65 40 98 54 83 77 97 36 70 93 41 11 49 36 34 70 90 63 75 64 70 78 40 16 61 66 94 34 82 18 46 45
70 48 65 0 73 35 39 80 87 14 60 85 77 35 28 70 25 22 97 30 60 64 40 12 11 30 42 89 52 40 65 17 85 71 62
65 46 40 73 0 83 67 58 79 36 13 39 25 39 25 82 85 89 30 21 15 26 20 61 58 79 58 84 14 17 15 85 40 88 29
35 33 98 35 83 0 94 60 53 80 60 22 17 94 22 89 13 45 22 36 96 63 88 40 42 11 88 12 47 56 33 64 88 99 75
60 82 54 39 67 94 0 37 80 19 57 64 93 61 53 88 95 28 69 98 60 86 58 83 40 53 72 73 28 85 29 80 56 43 76
56 34 83 80 58 60 37 0 11 72 20 39 87 91 75 88 91 60 39 45 46 30 51 24 54 60 39 66 63 30 71 87 39 47 14
49 68 77 87 79 53 80 11 0 63 10 49 71 10 29 59 37 75 18 52 91 63 10 87 35 57 11 28 13 58 35 97 32 46 77
36 73 97 14 36 80 19 72 63 0 66 36 55 21 84 84 98 53 38 82 23 15 52 94 19 93 36 66 61 43 77 40 13 78 92
52 28 36 60 13 60 57 20 10 66 0 64 67 76 38 73 68 87 13 67 25 41 69 84 32 12 16 33 71 19 36 18 70 40 14
34 99 70 85 39 22 64 39 49 36 64 0 56 35 49 59 61 79 56 21 32 73 63 48 22 88 21 79 25 93 92 36 36 68 74
91 38 93 77 25 17 93 87 71 55 67 56 0 28 76 87 67 78 53 75 13 92 14 21 96 92 23 57 97 32 97 38 23 14 33
53 40 41 35 39 94 61 91 10 21 76 35 28 0 80 92 94 47 84 20 26 14 77 39 28 81 68 95 19 98 43 29 79 86 20
82 37 11 28 25 22 53 75 29 84 38 49 76 80 0 44 16 99 56 77 28 22 57 68 43 57 19 56 57 99 34 83 86 34 37
16 51 49 70 82 89 88 88 59 84 73 59 87 92 44 0 92 49 88 80 50 19 42 76 56 36 59 10 54 72 46 57 25 82 66
99 30 36 25 85 13 95 91 37 98 68 61 67 94 16 92 0 65 37 57 26 93 51 18 23 42 38 30 59 61 32 17 35 40 80
81 11 34 22 89 45 28 60 75 53 87 79 78 47 99 49 65 0 20 72 27 45 70 24 64 98 34 69 69 10 92 43 96 11 64
70 31 70 97 30 22 69 39 18 38 13 56 53 84 56 88 37 20 0 62 24 73 84 19 64 57 21 20 69 74 90 85 68 25 99
36 19 90 30 21 36 98 45 52 82 67 21 75 20 77 80 57 72 62 0 89 88 25 14 82 78 27 72 48 38 81 83 32 53 21
24 60 63 60 15 96 60 46 91 23 25 32 13 26 28 50 26 27 24 89 0 73 57 81 82 75 12 53 41 94 16 59 91 45 29
20 26 75 64 26 63 86 30 63 15 41 73 92 14 22 19 93 45 73 88 73 0 31 68 56 55 14 77 49 14 88 68 91 37 28
20 36 64 40 20 88 58 51 10 52 69 63 14 77 57 42 51 70 84 25 57 31 0 89 49 47 37 33 26 37 53 34 98 37 87
74 41 70 12 61 40 83 24 87 94 84 48 21 39 68 76 18 24 19 14 81 68 89 0 77 48 10 32 46 36 13 31 89 57 47
69 56 78 11 58 42 40 54 35 19 32 22 96 28 43 56 23 64 64 82 82 56 49 77 0 88 16 54 49 96 98 86 29 48 98
28 28 40 30 79 11 53 60 57 93 12 88 92 81 57 36 42 98 57 78 75 55 47 48 88 0 31 49 58 78 70 64 87 59 17
23 37 16 42 58 88 72 39 11 36 16 21 23 68 19 59 38 34 21 27 12 14 37 10 16 31 0 59 13 71 77 56 52 80 86
48 38 61 89 84 12 73 66 28 66 33 79 57 95 56 10 30 69 20 72 53 77 33 32 54 49 59 0 18 82 29 90 18 13 95
56 44 66 52 14 47 28 63 13 61 71 25 97 19 57 54 59 69 69 48 41 49 26 46 49 58 13 18 0 25 84 23 73 15 83
67 96 94 40 17 56 85 30 58 43 19 93 32 98 99 72 61 10 74 38 94 14 37 36 96 78 71 82 25 0 61 25 26 39 89
27 52 34 65 15 33 29 71 35 77 36 92 97 43 34 46 32 92 90 81 16 88 53 13 98 70 77 29 84 61 0 63 31 31 74
33 73 82 17 85 64 80 87 97 40 18 36 38 29 83 57 17 43 85 83 59 68 34 31 86 64 56 90 23 25 63 0 57 79 80
47 66 18 85 40 88 56 39 32 13 70 36 23 79 86 25 35 96 68 32 91 91 98 89 29 87 52 18 73 26 31 57 0 44 65
23 93 46 71 88 99 43 47 46 78 40 68 14 86 34 82 40 11 25 53 45 37 37 57 48 59 80 13 15 39 31 79 44 0 11
22 41 45 62 29 75 76 14 77 92 14 74 33 20 37 66 80 64 99 21 29 28 87 47 98 17 86 95 83 89 74 80 65 11 0