50
0 44 84 15 77 34 31 38 61 81 41 88 32 50 46 18 24 61 16 93 73 20 21 54 46 64 75 55 38 94 68 62 22 91 10 91 94 21 37 37 61 55 56 65 22 15 97 33 40 57
44 0 71 48 95 50 26 18 53 90 10 21 69 36 82 19 73 19 26 73 95 55 58 61 67 89 21 75 94 53 51 78 37 58 12 11 64 96 11 61 41 58 27 36 15 21 49 23 71 75
84 71 0 48 49 55 57 26 80 20 33 73 61 67 86 17 91 50 16 54 44 64 87 85 17 72 11 29 63 95 81 91 64 24 22 61 44 53 68 32 15 44 32 80 87 90 17 34 18 52
15 48 48 0 23 84 84 72 51 19 70 77 99 90 86 39 89 85 78 86 55 38 20 57 51 49 83 28 70 44 17 64 73 11 40 82 61 26 93 28 74 16 63 52 35 10 12 65 42 81
77 95 49 23 0 55 94 85 16 96 39 29 32 47 47 48 28 76 73 74 77 13 89 32 55 63 33 95 48 32 22 30 43 24 17 63 73 84 46 65 34 61 60 44 43 21 93 23 46 61
34 50 55 84 55 0 83 29 36 47 62 53 49 52 25 71 16 30 24 86 72 78 52 66 24 90 39 23 38 21 97 47 69 39 42 99 64 36 16 65 36 80 75 12 26 83 48 66 28 94
31 26 57 84 94 83 0 52 24 40 52 63 99 75 95 29 77 81 29 68 73 28 61 85 68 39 89 94 29 94 94 16 37 63 41 96 68 26 52 58 19 47 68 34 72 62 57 84 10 52
38 18 26 72 85 29 52 0 47 53 27 94 10 72 85 13 78 45 39 26 23 76 40 54 55 31 98 72 81 98 43 84 31 90 77 28 85 56 15 44 45 20 67 94 60 52 79 24 14 81
61 53 80 51 16 36 24 47 0 12 15 48 20 53 52 60 11 87 52 49 51 56 73 69 52 80 74 86 92 94 95 41 13 30 89 52 85 42 85 74 18 88 55 17 33 22 19 77 12 71
81 90 20 19 96 47 40 53 12 0 12 82 11 32 43 71 54 23 82 60 82 30 17 97 96 91 12 57 82 98 13 56 99 38 78 62 42 72 61 40 45 61 85 46 46 17 18 64 94 81
41 10 33 70 39 62 52 27 15 12 0 47 80 95 25 74 57 40 97 45 31 43 58 24 65 30 61 46 65 58 22 69 91 65 21 16 85 15 97 76 78 37 36 23 38 67 39 47 16 18
88 21 73 77 29 53 63 94 48 82 47 0 42 83 10 11 49 45 28 62 19 67 69 90 75 55 20 96 11 50 12 87 82 89 24 78 88 16 82 90 85 88 98 45 85 77 12 30 89 66
32 69 61 99 32 49 99 10 20 11 80 42 0 32 33 20 83 41 62 21 64 51 68 82 85 83 46 33 80 47 58 20 84 32 11 74 32 68 55 98 92 46 28 89 98 21 42 54 14 62
50 36 67 90 47 52 75 72 53 32 95 83 32 0 51 54 59 66 65 85 73 27 66 72 64 82 81 34 94 60 11 63 27 45 55 24 58 24 95 63 52 84 66 65 86 92 42 56 12 35
46 82 86 86 47 25 95 85 52 43 25 10 33 51 0 11 31 13 25 43 87 72 80 79 66 47 51 46 62 58 15 41 52 12 53 76 58 98 74 93 15 47 84 31 93 18 18 24 41 45
18 19 17 39 48 71 29 13 60 71 74 11 20 54 11 0 34 86 48 54 64 24 17 90 44 55 71 46 52 34 91 53 98 22 25 28 92 22 66 87 92 62 55 47 94 90 35 53 80 32
24 73 91 89 28 16 77 78 11 54 57 49 83 59 31 34 0 24 22 18 25 16 54 99 61 72 48 24 74 41 78 56 33 25 80 84 87 84 73 80 97 22 82 48 16 70 90 65 86 23
61 19 50 85 76 30 81 45 87 23 40 45 41 66 13 86 24 0 86 32 37 17 41 73 12 23 93 14 71 30 22 58 90 19 36 29 61 74 91 10 36 79 36 64 28 42 96 85 42 99
16 26 16 78 73 24 29 39 52 82 97 28 62 65 25 48 22 86 0 52 83 37 74 48 52 65 44 35 29 61 36 69 28 79 64 31 70 15 11 64 61 94 50 38 24 53 50 67 93 18
93 73 54 86 74 86 68 26 49 60 45 62 21 85 43 54 18 32 52 0 76 81 62 77 22 81 91 21 66 56 42 35 45 73 36 81 51 64 41 59 15 71 75 51 41 22 28 10 54 58
73 95 44 55 77 72 73 23 51 82 31 19 64 73 87 64 25 37 83 76 0 89 45 39 70 45 82 36 62 93 76 83 38 35 76 21 89 82 31 84 91 23 81 86 38 87 91 92 69 37
20 55 64 38 13 78 28 76 56 30 43 67 51 27 72 24 16 17 37 81 89 0 11 10 98 73 60 19 18 91 31 93 27 68 86 43 24 24 83 83 65 69 29 68 86 70 25 16 16 95
21 58 87 20 89 52 61 40 73 17 58 69 68 66 80 17 54 41 74 62 45 11 0 68 63 25 27 16 90 21 48 97 19 91 74 27 43 96 27 26 64 71 45 94 26 43 20 68 89 29
54 61 85 57 32 66 85 54 69 97 24 90 82 72 79 90 99 73 48 77 39 10 68 0 12 99 50 52 64 70 74 32 87 88 58 91 20 52 77 38 10 19 30 65 35 82 50 84 78 44
46 67 17 51 55 24 68 55 52 96 65 75 85 64 66 44 61 12 52 22 70 98 63 12 0 32 58 20 69 57 84 39 94 77 68 93 92 79 72 59 79 34 33 73 43 43 74 56 36 33
64 89 72 49 63 90 39 31 80 91 30 55 83 82 47 55 72 23 65 81 45 73 25 99 32 0 63 87 32 46 77 26 52 96 47 49 68 15 77 45 76 96 11 92 43 29 33 68 98 51
75 21 11 83 33 39 89 98 74 12 61 20 46 81 51 71 48 93 44 91 82 60 27 50 58 63 0 69 79 96 56 38 37 71 57 71 44 28 42 73 19 35 95 26 31 60 27 16 10 25
55 75 29 28 95 23 94 72 86 57 46 96 33 34 46 46 24 14 35 21 36 19 16 52 20 87 69 0 83 96 90 92 76 93 53 46 94 34 50 21 83 84 71 87 87 97 71 69 49 45
38 94 63 70 48 38 29 81 92 82 65 11 80 94 62 52 74 71 29 66 62 18 90 64 69 32 79 83 0 80 46 68 98 81 72 93 28 90 68 22 20 17 38 95 43 58 20 48 94 69
94 53 95 44 32 21 94 98 94 98 58 50 47 60 58 34 41 30 61 56 93 91 21 70 57 46 96 96 80 0 51 14 61 65 74 39 90 93 51 86 50 78 26 24 74 20 15 60 12 29
68 51 81 17 22 97 94 43 95 13 22 12 58 11 15 91 78 22 36 42 76 31 48 74 84 77 56 90 46 51 0 53 46 11 22 95 84 80 55 31 35 27 45 51 92 28 65 26 50 64
62 78 91 64 30 47 16 84 41 56 69 87 20 63 41 53 56 58 69 35 83 93 97 32 39 26 38 92 68 14 53 0 16 35 94 50 94 53 97 59 58 59 87 96 46 86 56 23 42 39
22 37 64 73 43 69 37 31 13 99 91 82 84 27 52 98 33 90 28 45 38 27 19 87 94 52 37 76 98 61 46 16 0 91 26 63 25 70 91 45 38 28 92 31 65 78 16 38 28 61
91 58 24 11 24 39 63 90 30 38 65 89 32 45 12 22 25 19 79 73 35 68 91 88 77 96 71 93 81 65 11 35 91 0 85 17 42 86 67 28 19 70 13 42 84 81 87 79 12 26
10 12 22 40 17 42 41 77 89 78 21 24 11 55 53 25 80 36 64 36 76 86 74 58 68 47 57 53 72 74 22 94 26 85 0 47 66 51 83 98 71 94 16 46 66 88 91 29 78 16
91 11 61 82 63 99 96 28 52 62 16 78 74 24 76 28 84 29 31 81 21 43 27 91 93 49 71 46 93 39 95 50 63 17 47 0 17 19 27 95 65 38 60 56 93 38 11 90 46 33
94 64 44 61 73 64 68 85 85 42 85 88 32 58 58 92 87 61 70 51 89 24 43 20 92 68 44 94 28 90 84 94 25 42 66 17 0 87 80 57 72 10 65 89 21 99 54 51 53 59
21 96 53 26 84 36 26 56 42 72 15 16 68 24 98 22 84 74 15 64 82 24 96 52 79 15 28 34 90 93 80 53 70 86 51 19 87 0 75 38 45 92 21 93 44 37 57 85 45 15
37 11 68 93 46 16 52 15 85 61 97 82 55 95 74 66 73 91 11 41 31 83 27 77 72 77 42 50 68 51 55 97 91 67 83 27 80 75 0 93 56 34 36 31 57 37 65 95 90 45
37 61 32 28 65 65 58 44 74 40 76 90 98 63 93 87 80 10 64 59 84 83 26 38 59 45 73 21 22 86 31 59 45 28 98 95 57 38 93 0 50 36 96 53 96 82 41 48 65 63
61 41 15 74 34 36 19 45 18 45 78 85 92 52 15 92 97 36 61 15 91 65 64 10 79 76 19 83 20 50 35 58 38 19 71 65 72 45 56 50 0 54 32 55 93 69 15 46 36 76
55 58 44 16 61 80 47 20 88 61 37 88 46 84 47 62 22 79 94 71 23 69 71 19 34 96 35 84 17 78 27 59 28 70 94 38 10 92 34 36 54 0 78 58 24 17 98 11 78 42
56 27 32 63 60 75 68 67 55 85 36 98 28 66 84 55 82 36 50 75 81 29 45 30 33 11 95 71 38 26 45 87 92 13 16 60 65 21 36 96 32 78 0 69 15 57 62 46 84 86
65 36 80 52 44 12 34 94 17 46 23 45 89 65 31 47 48 64 38 51 86 68 94 65 73 92 26 87 95 24 51 96 31 42 46 56 89 93 31 53 55 58 69 0 69 59 78 79 30 85
22 15 87 35 43 26 72 60 33 46 38 85 98 86 93 94 16 28 24 41 38 86 26 35 43 43 31 87 43 74 92 46 65 84 66 93 21 44 57 96 93 24 15 69 0 66 43 92 48 11
15 21 90 10 21 83 62 52 22 17 67 77 21 92 18 90 70 42 53 22 87 70 43 82 43 29 60 97 58 20 28 86 78 81 88 38 99 37 37 82 69 17 57 59 66 0 78 68 69 51
97 49 17 12 93 48 57 79 19 18 39 12 42 42 18 35 90 96 50 28 91 25 20 50 74 33 27 71 20 15 65 56 16 87 91 11 54 57 65 41 15 98 62 78 43 78 0 89 79 61
33 23 34 65 23 66 84 24 77 64 47 30 54 56 24 53 65 85 67 10 92 16 68 84 56 68 16 69 48 60 26 23 38 79 29 90 51 85 95 48 46 11 46 79 92 68 89 0 35 20
40 71 18 42 46 28 10 14 12 94 16 89 14 12 41 80 86 42 93 54 69 16 89 78 36 98 10 49 94 12 50 42 28 12 78 46 53 45 90 65 36 78 84 30 48 69 79 35 0 51
57 75 52 81 61 94 52 81 71 81 18 66 62 35 45 32 23 99 18 58 37 95 29 44 33 51 25 45 69 29 64 39 61 26 16 33 59 15 45 63 76 42 86 85 11 51 61 20 51 0