130
0 60 13 48 98 48 37 96 98 87 99 88 14 95 57 77 20 72 30 56 17 77 92 99 11 43 18 73 54 40 81 51 51 49 16 97 88 75 22 65 82 97 87 83 91 53 42 83 31 46 10 51 48 61 82 81 33 66 55 65 43 80 43 97 23 50 65 13 86 62 35 11 89 93 52 34 43 72 48 23 91 51 43 37 53 15 85 26 84 65 81 67 98 37 63 18 69 78 77 28 77 77 68 25 79 73 46 31 96 54 59 52 91 90 98 11 93 70 19 59 48 85 24 89 23 38 77 22 41 18
60 0 50 31 89 16 11 14 41 21 18 54 68 23 12 55 46 67 45 98 77 24 41 75 84 77 74 51 87 48 50 59 18 24 46 21 92 31 30 85 87 15 79 26 22 65 58 23 75 58 80 25 58 12 45 95 65 30 55 81 43 57 38 82 39 70 54 65 14 38 42 13 49 50 66 74 31 34 89 96 48 52 47 28 80 25 29 17 47 49 52 77 68 77 53 65 78 24 85 99 24 40 71 74 50 34 57 66 56 85 42 82 50 39 97 40 80 37 78 91 67 88 19 17 64 60 67 89 86 57
13 50 0 28 50 59 99 51 56 67 27 33 13 76 34 87 44 53 40 32 82 51 50 50 55 81 97 95 63 59 10 86 29 53 65 72 68 62 40 54 98 61 71 78 94 20 75 92 68 69 96 60 34 25 98 70 57 40 24 57 91 35 27 45 10 23 22 55 13 65 13 78 52 88 53 73 71 15 99 41 85 79 53 92 92 44 53 24 40 74 29 19 38 83 99 79 97 27 96 19 38 37 88 74 34 43 71 39 77 51 73 75 93 28 80 58 34 46 87 66 83 69 34 72 54 50 95 71 95 29
48 31 28 0 76 64 50 49 83 98 99 42 40 10 31 44 11 49 36 59 17 23 58 40 35 11 83 18 53 91 69 20 23 91 62 59 90 66 78 57 54 73 10 52 89 34 98 33 35 69 22 74 54 42 12 26 86 92 42 84 81 55 74 33 15 18 82 34 42 15 15 13 31 53 60 10 96 61 56 42 15 98 45 61 85 53 90 70 50 44 28 98 68 13 42 66 15 39 34 22 20 14 95 50 63 21 50 45 97 94 37 88 68 67 78 23 58 75 97 33 46 74 80 92 49 30 70 84 88 80
98 89 50 76 0 44 28 64 61 49 31 92 53 70 77 55 71 64 89 25 36 54 87 12 92 25 50 27 48 68 69 76 48 75 28 45 67 80 57 15 34 89 35 14 49 10 95 24 26 28 78 13 45 85 32 30 83 22 64 93 49 47 60 94 75 14 23 30 46 30 35 49 23 61 44 96 31 70 45 27 31 96 83 86 75 43 28 86 72 20 83 16 73 42 29 99 50 39 52 66 69 30 34 78 19 63 77 38 89 99 31 38 92 72 27 72 19 23 21 42 39 77 42 94 23 42 41 16 16 64
48 16 59 64 44 0 60 76 52 19 79 52 79 12 36 28 65 34 73 84 36 73 32 32 17 94 39 46 73 46 79 90 11 64 24 38 51 28 51 25 17 69 71 60 73 54 21 81 61 81 25 48 41 56 69 55 78 48 37 40 59 57 44 82 56 76 96 53 88 62 80 50 38 90 84 20 59 44 35 59 79 77 91 74 25 52 52 66 71 64 54 47 68 43 21 10 45 14 54 44 20 24 36 27 17 50 96 19 40 79 39 75 71 36 49 17 37 29 83 28 59 17 18 93 54 58 47 95 83 60
37 11 99 50 28 60 0 90 46 16 96 78 52 49 70 53 95 46 97 26 76 95 25 79 23 65 53 85 26 96 69 27 15 60 33 11 64 12 86 94 29 96 63 67 98 16 14 42 27 63 17 95 18 84 36 78 15 26 46 32 78 75 72 97 84 80 33 75 33 43 60 66 38 35 82 50 90 71 84 65 87 70 34 64 74 90 27 72 75 11 95 89 34 27 29 75 22 19 20 35 27 15 46 18 87 10 31 53 95 27 86 26 40 74 40 48 86 30 98 58 11 93 72 27 85 52 72 43 71 53
96 14 51 49 64 76 90 0 37 44 80 30 95 43 28 75 49 74 66 20 80 11 68 92 36 77 86 67 48 14 34 90 79 24 91 58 67 29 49 12 66 79 92 23 39 86 75 43 43 48 23 97 39 99 39 94 32 76 18 98 53 99 46 20 32 86 63 29 15 52 14 90 33 13 20 21 66 72 67 46 41 44 89 78 12 54 12 10 25 36 27 46 26 49 51 77 86 94 88 83 74 45 54 60 83 24 16 56 58 33 34 70 10 69 34 56 75 19 71 41 97 69 86 85 41 36 83 83 54 29
98 41 56 83 61 52 46 37 0 59 56 18 80 59 66 99 96 23 19 98 77 19 11 91 78 93 47 96 56 64 24 99 53 99 48 40 12 77 37 62 20 15 12 56 62 93 45 61 58 89 98 39 32 60 54 69 35 69 39 91 59 57 45 45 86 64 70 91 56 87 10 44 19 42 24 48 10 19 78 20 70 12 17 44 74 47 70 59 35 10 35 21 20 14 25 70 18 12 33 89 30 83 69 53 24 46 83 43 25 42 55 47 61 85 16 24 70 81 77 54 24 48 55 65 64 38 89 99 84 47
87 21 67 98 49 19 16 44 59 0 88 53 48 22 44 98 44 60 18 22 56 81 73 15 84 59 40 47 91 45 51 56 43 83 22 99 58 37 33 23 35 86 70 61 27 53 70 37 11 91 54 27 96 64 82 67 68 11 37 15 78 13 31 32 67 70 87 29 59 80 51 79 58 81 25 42 11 55 89 33 16 48 82 43 19 33 33 26 70 42 56 39 42 96 22 32 77 34 37 94 49 24 73 79 28 23 18 28 53 77 98 33 85 14 56 76 62 52 56 71 15 36 82 96 60 74 77 65 28 69
99 18 27 99 31 79 96 80 56 88 0 75 92 21 63 46 59 56 74 37 17 85 59 24 53 17 24 66 28 35 14 24 81 84 34 91 99 39 86 30 14 91 31 67 62 78 10 69 17 75 25 54 36 63 23 38 98 19 74 75 97 65 44 15 62 48 86 93 45 74 69 25 14 50 54 11 64 82 26 24 85 24 42 98 97 76 79 93 28 79 48 85 37 42 90 22 28 78 84 91 24 14 81 21 99 42 55 72 90 47 20 27 90 57 29 38 52 64 69 67 89 48 34 77 85 23 51 55 56 51
88 54 33 42 92 52 78 30 18 53 75 0 34 62 34 27 99 50 84 38 19 86 71 19 69 31 71 86 24 32 61 34 19 30 58 63 27 82 20 25 39 96 17 51 59 77 72 13 68 78 27 71 86 85 51 68 71 36 89 13 88 25 13 50 34 36 12 25 96 70 14 85 92 79 92 99 48 10 91 90 78 22 13 10 59 96 77 59 33 29 24 13 83 26 35 41 46 82 36 32 99 65 10 44 16 96 34 27 17 40 77 14 47 30 13 58 48 96 83 56 97 93 68 49 36 86 58 43 75 91
14 68 13 40 53 79 52 95 80 48 92 34 0 10 77 32 58 88 45 74 14 31 27 90 63 50 12 89 39 73 18 38 46 84 72 83 25 21 29 27 17 49 81 65 77 25 91 84 96 33 14 48 49 61 67 98 83 55 66 86 22 14 43 64 49 74 43 97 24 22 82 87 10 54 62 35 81 96 88 25 57 25 50 96 46 98 14 72 21 72 42 53 91 74 88 31 15 78 37 32 46 74 30 77 23 61 57 92 27 55 63 69 64 51 74 52 46 12 10 33 92 45 25 45 29 70 91 25 25 93
95 23 76 10 70 12 49 43 59 22 21 62 10 0 82 48 38 51 21 93 35 42 89 86 74 10 38 71 44 66 31 94 79 60 86 59 48 99 96 92 68 84 78 53 20 87 94 40 79 84 74 32 56 90 59 60 40 19 15 17 27 23 71 49 91 39 22 55 99 77 30 15 17 61 94 93 26 88 90 66 14 45 41 95 80 90 22 98 64 26 19 94 65 30 25 74 89 32 25 66 13 50 78 36 62 91 94 48 46 17 80 90 68 90 23 69 88 96 70 48 47 74 62 37 44 17 10 17 72 94
57 12 34 31 77 36 70 28 66 44 63 34 77 82 0 41 27 74 17 68 38 42 86 58 68 48 15 39 78 90 63 98 12 36 56 72 56 57 29 89 42 18 82 41 46 15 59 41 59 80 66 67 10 63 40 32 13 33 21 80 31 38 63 38 46 23 23 91 22 21 40 23 83 29 38 79 36 97 40 80 24 15 77 70 22 23 79 22 33 71 52 49 69 46 59 18 97 96 32 17 85 54 60 11 37 69 51 11 18 73 45 45 14 55 59 26 29 14 20 91 63 51 66 75 21 87 90 10 27 39
77 55 87 44 55 28 53 75 99 98 46 27 32 48 41 0 63 13 48 53 90 99 10 85 28 41 92 81 17 11 73 61 99 88 67 93 85 51 40 19 55 11 10 55 83 24 94 53 78 27 49 38 85 93 53 68 97 98 41 90 32 89 91 84 38 61 53 30 44 39 20 42 35 78 99 65 12 81 12 17 96 42 81 70 62 77 13 42 46 77 64 81 47 19 27 15 10 76 99 23 95 16 21 23 10 51 49 76 86 98 34 57 39 37 80 54 27 27 31 18 12 97 65 75 86 16 96 23 27 42
20 46 44 11 71 65 95 49 96 44 59 99 58 38 27 63 0 20 64 92 58 64 90 23 89 41 82 81 28 97 79 79 67 58 85 21 66 90 40 92 31 89 35 51 69 26 51 85 36 19 15 18 65 57 22 33 10 80 97 66 24 15 17 21 34 52 85 46 79 29 70 16 69 85 47 69 38 63 34 19 84 98 10 18 56 94 30 85 56 76 52 31 26 33 81 88 36 54 56 34 96 21 66 33 24 21 63 90 72 93 66 60 74 37 67 90 29 67 31 16 55 30 17 29 14 68 94 62 93 37
72 67 53 49 64 34 46 74 23 60 56 50 88 51 74 13 20 0 51 25 32 51 79 40 20 38 30 39 31 89 98 84 88 45 29 12 86 63 99 55 90 43 88 66 14 71 16 42 12 83 82 29 53 53 11 34 46 29 43 77 52 98 49 25 19 55 77 25 47 63 51 59 44 13 54 36 93 48 52 35 61 27 47 68 80 92 86 58 53 68 81 97 41 41 16 56 86 28 74 26 18 87 59 10 39 34 87 62 79 54 27 53 26 11 39 53 47 21 93 29 83 10 94 72 93 32 78 80 30 97
30 45 40 36 89 73 97 66 19 18 74 84 45 21 17 48 64 51 0 99 15 65 17 69 53 46 56 97 81 54 89 63 40 81 77 33 30 50 68 83 48 88 67 15 95 12 74 57 92 48 20 25 97 50 78 11 28 13 61 72 99 82 10 69 25 86 86 71 12 97 92 84 60 52 47 14 19 77 98 53 52 13 68 99 50 34 47 77 37 98 10 36 72 56 66 39 29 28 27 18 63 36 30 93 38 13 44 93 31 11 16 67 38 31 80 82 21 83 29 73 50 85 69 10 99 44 27 11 58 78
56 98 32 59 25 84 26 20 98 22 37 38 74 93 68 53 92 25 99 0 12 54 89 22 59 38 65 55 15 27 44 88 59 14 90 41 52 21 42 15 64 10 43 36 82 97 28 22 90 71 88 52 51 74 46 98 14 51 23 28 44 62 27 36 91 32 85 95 59 64 95 77 53 36 83 44 63 16 75 36 64 29 71 24 61 47 21 49 93 42 50 41 32 53 68 65 16 89 59 86 38 11 52 75 74 49 60 54 82 93 24 69 45 53 25 61 28 33 50 79 27 97 27 42 93 93 17 77 29 65
17 77 82 17 36 36 76 80 77 56 17 19 14 35 38 90 58 32 15 12 0 88 53 48 67 53 91 66 69 25 56 12 11 31 26 83 56 93 71 41 27 84 36 36 84 66 12 48 85 91 82 15 52 84 23 29 34 16 74 42 83 96 20 52 87 68 26 97 45 68 97 33 34 62 80 50 54 46 27 93 57 12 13 30 83 31 13 10 75 35 40 99 51 32 14 29 46 56 16 63 90 16 45 84 72 19 87 10 47 56 27 80 53 81 87 99 10 78 34 12 50 12 77 79 97 46 45 29 23 96
77 24 51 23 54 73 95 11 19 81 85 86 31 42 42 99 64 51 65 54 88 0 95 28 27 63 92 53 56 18 92 69 64 42 24 62 98 64 33 88 61 88 77 93 83 73 70 60 71 90 12 87 45 18 89 63 91 91 81 98 90 46 40 14 25 44 88 32 20 31 54 88 40 76 38 62 65 14 26 36 85 92 27 11 93 79 19 70 20 16 84 50 48 12 75 79 65 63 10 31 55 57 21 78 47 43 93 34 26 92 23 25 80 67 15 95 92 82 45 69 43 37 79 88 91 50 15 15 99 92
92 41 50 58 87 32 25 68 11 73 59 71 27 89 86 10 90 79 17 89 53 95 0 87 82 95 83 77 91 67 72 84 25 11 26 85 29 96 22 56 48 63 27 70 68 14 14 88 42 10 32 19 95 15 44 53 10 71 64 28 67 32 82 17 52 55 55 89 59 62 98 62 85 57 70 15 62 41 23 62 59 30 17 15 71 88 37 37 19 41 91 21 51 72 19 77 75 70 77 68 47 21 98 40 51 14 93 46 74 48 56 58 66 43 67 35 64 79 24 30 51 11 87 88 91 27 57 89 44 75
99 75 50 40 12 32 79 92 91 15 24 19 90 86 58 85 23 40 69 22 48 28 87 0 65 42 22 10 18 76 68 54 31 20 81 24 34 25 45 46 38 28 24 41 61 15 14 40 41 40 77 62 79 86 34 25 75 77 62 42 83 81 97 72 18 90 55 16 57 39 51 68 76 72 85 77 92 75 70 25 50 83 58 97 79 23 27 23 24 43 57 70 92 70 17 87 30 36 64 43 44 47 78 12 20 53 36 68 72 62 35 26 27 12 98 69 93 73 93 48 54 83 49 49 55 75 48 90 78 47
11 84 55 35 92 17 23 36 78 84 53 69 63 74 68 28 89 20 53 59 67 27 82 65 0 18 66 46 23 31 62 46 22 71 63 19 57 35 19 76 66 27 68 84 98 26 68 98 33 89 58 11 74 54 24 32 36 72 74 63 49 65 36 75 26 85 83 51 34 44 52 49 50 67 58 54 82 70 48 42 60 75 46 45 62 48 99 61 49 83 90 18 27 62 68 83 62 29 86 44 91 59 99 97 78 44 35 31 23 22 92 52 40 26 97 64 56 27 83 29 54 99 15 53 99 14 16 94 20 84
43 77 81 11 25 94 65 77 93 59 17 31 50 10 48 41 41 38 46 38 53 63 95 42 18 0 58 36 95 43 12 26 79 59 62 28 92 17 80 93 90 42 62 49 74 57 33 10 42 56 28 30 97 92 67 22 21 27 83 60 81 62 11 16 62 21 36 55 16 43 75 59 96 74 10 70 23 30 31 88 65 52 51 52 99 90 49 88 74 14 80 60 44 87 22 97 90 40 23 99 46 14 27 23 44 80 40 74 72 35 71 12 19 51 97 21 41 35 89 10 16 46 31 50 96 65 23 94 24 84
18 74 97 83 50 39 53 86 47 40 24 71 12 38 15 92 82 30 56 65 91 92 83 22 66 58 0 85 86 70 23 13 14 92 30 58 93 66 13 65 81 15 92 84 97 62 23 16 92 66 51 25 14 18 70 40 17 98 65 24 93 29 69 82 44 23 42 57 84 16 57 89 10 92 28 97 76 82 89 61 84 35 10 57 31 36 36 44 83 58 23 95 89 48 56 50 77 73 51 55 38 71 36 40 94 50 16 13 58 48 88 17 14 17 49 36 74 56 33 79 87 85 85 90 29 34 49 79 29 35
73 51 95 18 27 46 85 67 96 47 66 86 89 71 39 81 81 39 97 55 66 53 77 10 46 36 85 0 68 11 54 12 62 19 44 75 14 23 27 68 64 12 41 94 56 36 25 17 58 70 67 60 42 49 21 85 68 28 75 55 99 40 90 89 38 86 51 83 16 56 82 33 97 77 56 51 65 64 33 77 99 80 57 54 19 53 71 79 57 19 32 90 18 18 62 55 66 82 24 97 16 31 43 85 11 37 61 54 81 71 18 35 53 76 63 90 89 26 47 26 26 20 68 54 14 95 29 45 94 42
54 87 63 53 48 73 26 48 56 91 28 24 39 44 78 17 28 31 81 15 69 56 91 18 23 95 86 68 0 94 52 45 26 73 14 63 71 43 77 61 32 42 84 96 93 10 75 63 77 38 66 99 24 17 63 26 75 50 20 14 88 61 87 87 15 96 50 44 89 63 54 78 60 75 24 40 58 93 14 45 11 39 50 39 62 88 31 51 92 50 18 46 42 50 94 30 23 95 14 80 40 91 69 42 61 40 27 23 36 29 80 88 41 56 31 84 58 68 11 61 60 53 52 69 72 38 48 73 74 82
40 48 59 91 68 46 96 14 64 45 35 32 73 66 90 11 97 89 54 27 25 18 67 76 31 43 70 11 94 0 44 43 49 77 70 21 64 33 12 47 82 35 93 66 90 29 88 13 48 82 17 64 67 60 97 82 21 60 33 84 48 40 89 47 33 45 58 64 28 40 42 92 31 59 55 31 77 73 60 13 36 54 19 13 48 19 90 24 50 98 19 65 26 86 89 22 43 69 46 69 89 38 33 63 72 25 69 14 38 14 88 21 51 48 52 64 48 61 68 89 99 24 69 12 55 14 95 99 71 29
81 50 10 69 69 79 69 34 24 51 14 61 18 31 63 73 79 98 89 44 56 92 72 68 62 12 23 54 52 44 0 32 67 36 50 85 18 77 58 73 20 19 98 92 48 27 94 61 57 98 42 47 73 30 92 42 31 89 38 63 31 29 66 31 80 23 56 47 79 17 32 82 74 10 19 43 85 22 34 87 30 10 92 57 54 81 77 68 43 28 37 42 97 91 35 29 29 38 39 20 34 59 44 25 25 78 62 15 79 16 73 92 50 43 87 45 46 15 37 43 70 78 98 50 16 10 57 91 59 19
51 59 86 20 76 90 27 90 99 56 24 34 38 94 98 61 79 84 63 88 12 69 84 54 46 26 13 12 45 43 32 0 73 64 15 57 36 14 33 29 84 36 51 42 65 45 94 43 78 51 13 96 95 87 13 22 71 22 79 18 83 68 37 53 45 90 29 37 60 88 65 48 93 42 71 21 22 75 42 51 77 99 96 33 37 21 53 45 55 65 13 26 85 61 20 13 91 50 43 65 66 94 38 27 88 99 20 94 39 78 16 18 27 80 19 42 65 54 68 68 80 13 66 13 87 25 50 99 11 83
51 18 29 23 48 11 15 79 53 43 81 19 46 79 12 99 67 88 40 59 11 64 25 31 22 79 14 62 26 49 67 73 0 26 94 36 13 10 71 43 48 71 30 23 41 37 93 24 53 39 71 57 92 49 85 99 12 54 88 72 26 25 47 85 14 51 25 39 16 28 99 43 70 98 93 49 10 91 65 53 84 27 18 74 85 98 36 37 79 35 17 48 31 96 88 21 26 66 79 38 69 74 40 95 11 83 76 46 51 84 12 88 31 95 98 71 95 15 81 36 89 83 17 56 43 96 35 46 26 57
49 24 53 91 75 64 60 24 99 83 84 30 84 60 36 88 58 45 81 14 31 42 11 20 71 59 92 19 73 77 36 64 26 0 68 38 25 93 34 72 29 34 39 30 57 84 35 81 10 96 55 12 87 16 53 53 11 50 44 14 76 79 94 27 95 41 34 74 35 26 78 14 20 71 59 18 23 67 33 41 91 57 29 79 54 53 59 86 75 95 72 78 22 50 15 77 87 91 51 67 14 75 80 55 49 96 42 25 54 20 69 64 26 16 35 46 86 18 66 53 45 37 69 85 51 29 11 76 43 57
16 46 65 62 28 24 33 91 48 22 34 58 72 86 56 67 85 29 77 90 26 24 26 81 63 62 30 44 14 70 50 15 94 68 0 26 61 77 40 39 73 32 35 21 44 31 39 61 16 21 73 85 18 75 90 76 41 73 34 40 22 27 10 40 72 18 30 28 86 39 19 53 64 43 18 15 17 27 57 24 97 82 71 16 52 53 57 88 30 14 18 32 36 29 72 15 34 32 97 88 58 16 60 59 53 32 83 29 88 66 71 87 15 77 57 42 89 76 83 71 33 71 65 82 83 42 45 97 70 27
97 21 72 59 45 38 11 58 40 99 91 63 83 59 72 93 21 12 33 41 83 62 85 24 19 28 58 75 63 21 85 57 36 38 26 0 22 31 19 77 48 79 68 21 84 42 84 27 24 29 49 91 45 57 29 10 71 16 47 90 83 69 62 75 92 50 19 56 46 55 90 22 59 98 85 71 69 86 36 22 53 79 32 92 93 61 93 96 78 99 49 39 44 33 43 27 11 20 18 45 24 59 80 63 44 35 89 57 93 68 28 62 11 40 52 28 20 98 62 66 39 48 66 62 89 60 79 86 57 56
88 92 68 90 67 51 64 67 12 58 99 27 25 48 56 85 66 86 30 52 56 98 29 34 57 92 93 14 71 64 18 36 13 25 61 22 0 45 72 88 15 28 32 87 59 51 64 30 18 76 99 76 63 22 65 27 42 33 13 50 59 91 76 74 21 72 61 20 38 66 98 99 83 23 62 58 51 30 58 41 68 91 78 60 53 98 64 31 36 37 69 40 89 51 31 19 83 21 66 59 30 42 71 89 33 82 68 79 55 95 18 88 51 18 27 97 92 84 15 75 78 87 32 75 24 80 28 77 41 21
75 31 62 66 80 28 12 29 77 37 39 82 21 99 57 51 90 63 50 21 93 64 96 25 35 17 66 23 43 33 77 14 10 93 77 31 45 0 17 40 47 21 90 48 47 44 76 17 45 86 66 55 72 20 99 78 92 67 54 21 25 46 76 57 97 41 29 34 94 45 85 31 90 95 59 77 41 27 44 48 28 46 41 66 45 83 23 97 92 95 49 38 72 65 91 56 37 56 86 80 12 55 82 79 56 90 43 31 45 67 17 98 93 73 60 65 79 80 70 14 18 35 73 16 95 38 36 73 96 61
22 30 40 78 57 51 86 49 37 33 86 20 29 96 29 40 40 99 68 42 71 33 22 45 19 80 13 27 77 12 58 33 71 34 40 19 72 17 0 89 97 28 90 99 27 10 26 54 73 18 18 39 14 34 59 44 93 15 52 35 35 49 52 92 15 80 50 55 39 37 36 12 69 86 45 16 56 61 33 81 89 46 94 17 84 67 55 56 76 31 46 31 24 21 96 40 45 54 70 96 86 36 61 14 49 85 60 95 87 87 72 67 45 46 26 60 19 88 25 11 33 36 30 18 22 63 16 55 64 34
65 85 54 57 15 25 94 12 62 23 30 25 27 92 89 19 92 55 83 15 41 88 56 46 76 93 65 68 61 47 73 29 43 72 39 77 88 40 89 0 20 92 78 98 65 32 38 42 47 72 23 49 12 70 66 21 43 49 44 15 41 39 44 34 61 53 15 29 81 55 85 98 18 16 89 77 20 58 19 71 50 71 75 14 68 77 16 53 37 83 54 45 34 20 35 42 45 22 61 16 68 93 76 72 77 48 70 60 75 47 29 90 68 17 35 41 20 81 53 86 78 74 58 20 50 68 68 69 10 52
82 87 98 54 34 17 29 66 20 35 14 39 17 68 42 55 31 90 48 64 27 61 48 38 66 90 81 64 32 82 20 84 48 29 73 48 15 47 97 20 0 26 44 60 50 86 82 38 52 15 33 88 78 65 31 40 54 45 80 80 84 21 55 70 82 35 19 37 51 95 34 15 30 20 28 85 81 48 20 13 47 79 88 34 31 22 74 59 58 60 17 49 77 43 20 16 50 12 22 84 11 51 56 92 54 23 30 46 79 67 74 86 35 25 36 68 44 91 15 41 71 86 35 58 73 11 13 16 95 36
97 15 61 73 89 69 96 79 15 86 91 96 49 84 18 11 89 43 88 10 84 88 63 28 27 42 15 12 42 35 19 36 71 34 32 79 28 21 28 92 26 0 19 77 26 78 81 32 80 45 71 64 31 22 40 14 55 24 28 90 76 69 30 55 33 38 90 97 21 13 26 61 59 12 71 34 76 41 89 96 40 30 55 30 61 72 26 24 51 79 73 69 42 31 45 39 69 34 68 64 60 50 67 44 95 76 93 66 63 76 10 98 44 57 64 32 64 80 81 54 48 52 91 99 68 62 68 69 48 41
87 79 71 10 35 71 63 92 12 70 31 17 81 78 82 10 35 88 67 43 36 77 27 24 68 62 92 41 84 93 98 51 30 39 35 68 32 90 90 78 44 19 0 10 71 45 14 48 49 52 27 79 75 22 11 70 29 93 14 17 43 26 23 20 81 41 56 32 98 74 39 28 66 15 13 18 45 23 41 39 32 29 20 43 74 75 36 67 60 68 63 63 73 31 95 33 14 78 84 72 50 15 63 67 21 95 76 85 94 49 34 49 11 49 79 63 70 82 72 66 96 63 49 43 50 13 48 38 45 42
83 26 78 52 14 60 67 23 56 61 67 51 65 53 41 55 51 66 15 36 36 93 70 41 84 49 84 94 96 66 92 42 23 30 21 21 87 48 99 98 60 77 10 0 45 71 31 33 66 76 61 34 86 21 50 80 77 11 94 35 70 93 82 49 95 97 44 29 77 53 63 43 51 80 89 66 54 76 77 49 18 44 83 67 37 53 98 36 19 24 20 46 41 84 45 14 50 18 51 61 49 35 77 98 34 30 46 30 97 40 43 76 66 24 13 33 20 76 79 20 25 77 13 82 95 74 14 25 30 69
91 22 94 89 49 73 98 39 62 27 62 59 77 20 46 83 69 14 95 82 84 83 68 61 98 74 97 56 93 90 48 65 41 57 44 84 59 47 27 65 50 26 71 45 0 98 22 69 60 87 21 98 59 95 99 52 73 94 87 68 46 44 14 76 97 59 80 31 58 23 73 89 91 44 10 33 65 92 98 52 39 32 57 66 78 74 64 49 26 74 15 80 70 98 76 50 24 18 91 50 73 62 39 67 92 21 30 15 18 77 77 54 21 48 40 51 63 26 69 95 34 53 32 39 42 82 29 46 32 71
53 65 20 34 10 54 16 86 93 53 78 77 25 87 15 24 26 71 12 97 66 73 14 15 26 57 62 36 10 29 27 45 37 84 31 42 51 44 10 32 86 78 45 71 98 0 91 12 86 26 69 17 84 91 62 93 20 57 29 24 32 30 93 35 41 44 82 86 83 87 29 50 49 90 36 72 10 33 73 82 53 87 87 92 19 34 13 80 13 34 69 14 58 45 27 52 41 96 83 11 77 89 50 31 37 85 97 31 91 94 33 21 15 59 59 82 53 16 60 97 63 99 84 14 92 77 26 45 13 49
42 58 75 98 95 21 14 75 45 70 10 72 91 94 59 94 51 16 74 28 12 70 14 14 68 33 23 25 75 88 94 94 93 35 39 84 64 76 26 38 82 81 14 31 22 91 0 85 31 67 61 24 64 61 55 60 64 96 89 70 59 86 16 17 55 80 59 16 37 10 45 50 97 41 85 55 17 65 73 28 44 17 88 63 38 76 80 21 94 75 36 93 92 67 10 78 46 35 63 94 65 92 40 67 52 25 54 48 64 81 51 45 82 56 49 28 79 55 16 73 72 49 36 56 50 68 23 17 92 84
83 23 92 33 24 81 42 43 61 37 69 13 84 40 41 53 85 42 57 22 48 60 88 40 98 10 16 17 63 13 61 43 24 81 61 27 30 17 54 42 38 32 48 33 69 12 85 0 17 10 31 98 58 10 86 45 62 52 25 20 80 94 45 12 78 34 64 99 99 44 36 18 12 15 47 44 38 86 44 49 54 54 89 42 56 66 72 90 61 32 24 97 77 80 13 10 23 63 71 36 75 17 28 74 29 62 10 49 72 15 16 99 92 95 85 13 34 86 75 63 83 17 20 88 18 57 65 12 63 59
31 75 68 35 26 61 27 43 58 11 17 68 96 79 59 78 36 12 92 90 85 71 42 41 33 42 92 58 77 48 57 78 53 10 16 24 18 45 73 47 52 80 49 66 60 86 31 17 0 52 76 89 99 80 62 61 82 97 49 76 65 66 72 10 32 92 69 64 64 64 85 14 97 81 75 62 59 82 27 64 13 67 89 68 86 25 60 68 51 81 93 53 95 63 46 73 10 23 14 27 48 19 37 90 57 27 39 99 40 65 42 41 63 14 11 28 48 81 94 32 20 22 97 99 10 24 12 56 46 88
46 58 69 69 28 81 63 48 89 91 75 78 33 84 80 27 19 83 48 71 91 90 10 40 89 56 66 70 38 82 98 51 39 96 21 29 76 86 18 72 15 45 52 76 87 26 67 10 52 0 37 58 73 83 21 81 21 63 49 30 94 12 95 54 82 99 24 84 47 52 61 24 14 24 87 60 98 73 62 53 74 45 65 63 96 23 20 40 47 33 55 45 47 17 23 55 24 64 87 19 32 84 79 66 42 96 24 74 97 18 20 51 55 81 95 50 90 62 77 83 16 19 92 71 97 47 60 78 71 34
10 80 96 22 78 25 17 23 98 54 25 27 14 74 66 49 15 82 20 88 82 12 32 77 58 28 51 67 66 17 42 13 71 55 73 49 99 66 18 23 33 71 27 61 21 69 61 31 76 37 0 11 61 11 77 81 51 91 60 76 83 30 76 17 27 18 79 44 46 40 89 13 81 81 89 56 32 23 44 62 64 53 57 91 65 54 73 45 60 31 28 96 79 20 32 81 56 83 15 56 84 13 90 25 54 12 90 18 21 96 35 58 58 57 18 80 54 60 42 56 33 68 44 48 63 77 96 93 61 15
51 25 60 74 13 48 95 97 39 27 54 71 48 32 67 38 18 29 25 52 15 87 19 62 11 30 25 60 99 64 47 96 57 12 85 91 76 55 39 49 88 64 79 34 98 17 24 98 89 58 11 0 43 94 15 23 39 39 99 59 24 85 59 74 18 31 31 75 30 31 32 91 58 21 64 39 56 35 42 89 31 95 12 84 94 23 56 40 64 80 70 72 33 85 71 69 76 63 27 38 28 92 96 49 56 78 69 40 94 31 46 50 92 50 58 43 22 33 61 71 92 29 95 16 32 24 55 33 86 52
48 58 34 54 45 41 18 39 32 96 36 86 49 56 10 85 65 53 97 51 52 45 95 79 74 97 14 42 24 67 73 95 92 87 18 45 63 72 14 12 78 31 75 86 59 84 64 58 99 73 61 43 0 37 45 86 95 95 21 38 11 86 84 40 24 89 52 43 94 48 28 35 10 48 91 30 48 92 56 39 46 50 18 60 75 20 93 96 35 56 69 84 14 37 59 60 77 55 54 20 42 85 91 78 79 20 10 22 25 39 79 96 18 29 34 64 22 22 59 65 49 15 13 49 96 24 59 25 28 58
61 12 25 42 85 56 84 99 60 64 63 85 61 90 63 93 57 53 50 74 84 18 15 86 54 92 18 49 17 60 30 87 49 16 75 57 22 20 34 70 65 22 22 21 95 91 61 10 80 83 11 94 37 0 54 25 50 53 10 67 67 20 21 10 29 14 29 13 32 10 68 32 63 30 29 42 74 74 77 25 71 74 97 62 56 49 41 52 81 90 50 50 36 94 48 64 33 22 44 70 41 26 40 66 57 62 29 39 81 11 39 93 16 35 92 93 93 70 57 85 23 10 36 23 68 93 56 27 51 12
82 45 98 12 32 69 36 39 54 82 23 51 67 59 40 53 22 11 78 46 23 89 44 34 24 67 70 21 63 97 92 13 85 53 90 29 65 99 59 66 31 40 11 50 99 62 55 86 62 21 77 15 45 54 0 19 70 30 49 96 29 94 40 39 54 72 22 84 88 46 16 90 18 87 18 34 63 63 92 96 94 60 92 52 98 68 92 51 88 84 72 82 61 56 76 54 56 41 96 83 15 73 49 57 17 44 85 39 20 25 15 68 53 25 60 70 33 54 20 95 69 92 25 14 20 37 44 79 64 77
81 95 70 26 30 55 78 94 69 67 38 68 98 60 32 68 33 34 11 98 29 63 53 25 32 22 40 85 26 82 42 22 99 53 76 10 27 78 44 21 40 14 70 80 52 93 60 45 61 81 81 23 86 25 19 0 88 26 34 44 10 62 54 24 88 83 80 71 35 13 62 73 77 61 83 53 95 41 90 66 28 62 69 72 20 68 87 39 33 32 56 48 64 51 76 49 96 18 34 24 53 55 99 74 63 18 40 20 84 20 54 64 49 88 87 61 77 85 80 53 68 33 71 93 74 57 14 27 50 99
33 65 57 86 83 78 15 32 35 68 98 71 83 40 13 97 10 46 28 14 34 91 10 75 36 21 17 68 75 21 31 71 12 11 41 71 42 92 93 43 54 55 29 77 73 20 64 62 82 21 51 39 95 50 70 88 0 52 38 68 68 31 75 56 42 96 33 94 64 37 98 90 18 78 35 29 85 17 27 28 23 17 12 94 48 39 90 90 57 25 62 48 55 99 73 52 60 99 67 23 41 87 35 26 98 44 27 17 88 23 53 43 85 80 21 92 40 72 77 61 53 23 93 13 84 80 14 18 33 79
66 30 40 92 22 48 26 76 69 11 19 36 55 19 33 98 80 29 13 51 16 91 71 77 72 27 98 28 50 60 89 22 54 50 73 16 33 67 15 49 45 24 93 11 94 57 96 52 97 63 91 39 95 53 30 26 52 0 10 94 26 82 56 48 15 48 80 20 94 51 51 75 35 21 28 52 36 54 50 12 63 58 19 14 65 62 19 99 75 83 97 56 78 79 15 74 54 17 85 27 52 69 88 81 72 14 89 40 84 81 20 64 64 31 45 13 60 51 30 65 35 71 90 73 58 11 77 42 67 35
55 55 24 42 64 37 46 18 39 37 74 89 66 15 21 41 97 43 61 23 74 81 64 62 74 83 65 75 20 33 38 79 88 44 34 47 13 54 52 44 80 28 14 94 87 29 89 25 49 49 60 99 21 10 49 34 38 10 0 93 10 52 89 21 79 84 58 51 75 67 38 41 43 45 77 90 14 93 81 38 11 23 86 60 13 54 67 60 49 58 73 30 57 62 80 84 78 55 49 39 42 45 47 13 20 23 32 41 32 26 28 15 44 23 65 66 54 28 19 21 71 44 99 22 97 51 44 17 49 26
65 81 57 84 93 40 32 98 91 15 75 13 86 17 80 90 66 77 72 28 42 98 28 42 63 60 24 55 14 84 63 18 72 14 40 90 50 21 35 15 80 90 17 35 68 24 70 20 76 30 76 59 38 67 96 44 68 94 93 0 82 66 59 15 75 11 68 31 39 93 50 39 33 15 28 18 95 29 67 95 30 86 57 86 32 11 30 98 37 35 37 12 16 63 48 65 86 93 30 88 84 43 45 86 14 98 36 46 86 37 17 25 15 87 63 18 44 31 73 23 29 16 14 95 85 17 69 51 49 47
43 43 91 81 49 59 78 53 59 78 97 88 22 27 31 32 24 52 99 44 83 90 67 83 49 81 93 99 88 48 31 83 26 76 22 83 59 25 35 41 84 76 43 70 46 32 59 80 65 94 83 24 11 67 29 10 68 26 10 82 0 45 51 77 56 11 24 13 45 88 26 36 18 23 80 89 15 45 58 38 15 24 81 40 73 17 58 44 96 81 86 25 25 79 15 89 19 48 52 55 96 83 35 91 73 23 17 60 39 52 63 58 61 50 95 70 52 16 56 75 48 39 88 56 76 35 61 41 48 55
80 57 35 55 47 57 75 99 57 13 65 25 14 23 38 89 15 98 82 62 96 46 32 81 65 62 29 40 61 40 29 68 25 79 27 69 91 46 49 39 21 69 26 93 44 30 86 94 66 12 30 85 86 20 94 62 31 82 52 66 45 0 41 53 94 36 89 25 85 70 22 51 57 80 26 97 52 13 37 43 22 28 11 45 24 92 27 37 33 10 19 86 56 30 43 33 72 93 41 41 38 22 68 81 34 60 56 28 22 42 63 40 62 55 64 88 73 91 28 60 69 77 94 79 70 51 25 89 25 92
43 38 27 74 60 44 72 46 45 31 44 13 43 71 63 91 17 49 10 27 20 40 82 97 36 11 69 90 87 89 66 37 47 94 10 62 76 76 52 44 55 30 23 82 14 93 16 45 72 95 76 59 84 21 40 54 75 56 89 59 51 41 0 15 20 46 36 58 85 87 64 36 47 75 81 80 97 10 64 19 61 82 68 17 33 28 72 65 29 80 90 94 81 72 62 77 34 67 75 19 26 83 50 39 94 26 68 18 65 64 84 73 84 31 79 17 58 80 27 28 37 76 61 91 57 97 35 48 18 17
97 82 45 33 94 82 97 20 45 32 15 50 64 49 38 84 21 25 69 36 52 14 17 72 75 16 82 89 87 47 31 53 85 27 40 75 74 57 92 34 70 55 20 49 76 35 17 12 10 54 17 74 40 10 39 24 56 48 21 15 77 53 15 0 34 91 11 37 33 17 47 58 91 84 54 50 37 48 34 94 98 37 48 77 34 31 75 13 56 99 97 32 30 16 69 39 82 31 25 65 67 91 78 27 46 30 25 85 40 99 11 22 51 63 37 42 92 64 75 34 77 35 27 96 68 81 48 44 42 86
23 39 10 15 75 56 84 32 86 67 62 34 49 91 46 38 34 19 25 91 87 25 52 18 26 62 44 38 15 33 80 45 14 95 72 92 21 97 15 61 82 33 81 95 97 41 55 78 32 82 27 18 24 29 54 88 42 15 79 75 56 94 20 34 0 48 61 42 17 91 53 69 72 88 49 19 84 62 44 10 74 23 58 28 97 81 85 59 40 13 64 37 94 86 42 51 53 73 75 16 53 47 61 74 89 40 89 14 72 58 62 78 67 97 49 37 40 93 73 92 67 52 99 29 88 75 72 73 88 60
50 70 23 18 14 76 80 86 64 70 48 36 74 39 23 61 52 55 86 32 68 44 55 90 85 21 23 86 96 45 23 90 51 41 18 50 72 41 80 53 35 38 41 97 59 44 80 34 92 99 18 31 89 14 72 83 96 48 84 11 11 36 46 91 48 0 90 95 17 97 18 33 34 25 13 15 94 76 73 87 49 51 25 99 38 28 60 16 53 33 55 59 45 28 19 84 85 73 54 98 72 38 56 66 94 70 96 71 91 11 13 80 24 66 42 59 85 12 31 82 45 21 42 89 68 81 72 45 40 60
65 54 22 82 23 96 33 63 70 87 86 12 43 22 23 53 85 77 86 85 26 88 55 55 83 36 42 51 50 58 56 29 25 34 30 19 61 29 50 15 19 90 56 44 80 82 59 64 69 24 79 31 52 29 22 80 33 80 58 68 24 89 36 11 61 90 0 34 69 67 80 62 24 45 36 23 48 72 29 37 85 15 80 25 31 55 45 51 61 17 40 61 12 21 21 58 12 63 57 62 22 76 62 84 40 30 47 25 53 42 41 84 90 70 23 95 15 54 60 51 17 27 78 95 77 89 29 27 57 30
13 65 55 34 30 53 75 29 91 29 93 25 97 55 91 30 46 25 71 95 97 32 89 16 51 55 57 83 44 64 47 37 39 74 28 56 20 34 55 29 37 97 32 29 31 86 16 99 64 84 44 75 43 13 84 71 94 20 51 31 13 25 58 37 42 95 34 0 75 66 90 30 46 85 13 95 24 92 67 24 21 97 91 19 50 61 61 85 97 59 82 39 48 27 22 26 55 37 35 16 38 78 69 71 28 14 36 90 54 33 47 29 94 21 59 83 79 49 58 64 29 85 86 42 80 68 56 58 25 92
86 14 13 42 46 88 33 15 56 59 45 96 24 99 22 44 79 47 12 59 45 20 59 57 34 16 84 16 89 28 79 60 16 35 86 46 38 94 39 81 51 21 98 77 58 83 37 99 64 47 46 30 94 32 88 35 64 94 75 39 45 85 85 33 17 17 69 75 0 77 88 98 87 36 28 69 14 85 45 14 69 36 97 82 84 42 66 85 19 48 76 65 84 17 35 76 27 55 69 78 61 72 61 36 61 35 10 67 66 55 13 36 28 25 88 60 64 83 61 70 58 31 94 46 49 74 67 10 84 37
62 38 65 15 30 62 43 52 87 80 74 70 22 77 21 39 29 63 97 64 68 31 62 39 44 43 16 56 63 40 17 88 28 26 39 55 66 45 37 55 95 13 74 53 23 87 10 44 64 52 40 31 48 10 46 13 37 51 67 93 88 70 87 17 91 97 67 66 77 0 28 73 91 72 14 94 27 92 61 73 24 48 88 32 40 88 47 54 12 49 21 65 95 51 55 35 81 74 45 11 53 75 42 61 83 95 90 90 33 64 16 41 46 77 15 78 88 10 45 65 48 41 20 63 27 54 86 50 40 29
35 42 13 15 35 80 60 14 10 51 69 14 82 30 40 20 70 51 92 95 97 54 98 51 52 75 57 82 54 42 32 65 99 78 19 90 98 85 36 85 34 26 39 63 73 29 45 36 85 61 89 32 28 68 16 62 98 51 38 50 26 22 64 47 53 18 80 90 88 28 0 32 32 74 30 57 19 38 16 45 11 95 82 74 26 42 31 44 98 80 92 81 57 58 48 32 64 44 17 72 31 20 73 41 30 59 14 92 32 97 33 97 12 13 74 28 10 99 85 83 12 69 48 16 14 70 28 87 41 38
11 13 78 13 49 50 66 90 44 79 25 85 87 15 23 42 16 59 84 77 33 88 62 68 49 59 89 33 78 92 82 48 43 14 53 22 99 31 12 98 15 61 28 43 89 50 50 18 14 24 13 91 35 32 90 73 90 75 41 39 36 51 36 58 69 33 62 30 98 73 32 0 91 47 32 63 49 52 16 28 54 12 20 81 43 83 41 61 80 28 70 46 25 17 39 49 17 58 64 67 68 81 34 75 64 12 84 65 95 74 29 48 28 52 18 80 55 36 11 47 84 28 91 99 58 42 16 67 63 84
89 49 52 31 23 38 38 33 19 58 14 92 10 17 83 35 69 44 60 53 34 40 85 76 50 96 10 97 60 31 74 93 70 20 64 59 83 90 69 18 30 59 66 51 91 49 97 12 97 14 81 58 10 63 18 77 18 35 43 33 18 57 47 91 72 34 24 46 87 91 32 91 0 34 70 93 42 37 79 18 94 16 38 48 93 90 92 90 91 34 55 77 60 37 74 90 70 52 79 39 95 61 52 22 13 24 49 22 37 68 30 45 15 36 43 25 54 92 33 21 74 14 63 25 76 43 74 80 12 99
93 50 88 53 61 90 35 13 42 81 50 79 54 61 29 78 85 13 52 36 62 76 57 72 67 74 92 77 75 59 10 42 98 71 43 98 23 95 86 16 20 12 15 80 44 90 41 15 81 24 81 21 48 30 87 61 78 21 45 15 23 80 75 84 88 25 45 85 36 72 74 47 34 0 50 25 15 72 40 35 87 34 25 75 39 54 94 46 77 18 61 25 80 22 12 10 86 73 23 33 31 69 90 25 47 23 42 40 98 24 52 65 34 61 21 38 48 29 48 83 26 47 81 69 85 12 22 57 44 77
52 66 53 60 44 84 82 20 24 25 54 92 62 94 38 99 47 54 47 83 80 38 70 85 58 10 28 56 24 55 19 71 93 59 18 85 62 59 45 89 28 71 13 89 10 36 85 47 75 87 89 64 91 29 18 83 35 28 77 28 80 26 81 54 49 13 36 13 28 14 30 32 70 50 0 80 48 81 84 73 71 19 96 78 11 31 57 11 46 99 52 61 16 18 93 85 85 64 28 61 67 77 25 21 69 54 90 15 40 32 17 64 28 21 15 37 87 51 58 65 16 18 37 74 68 22 72 11 72 50
34 74 73 10 96 20 50 21 48 42 11 99 35 93 79 65 69 36 14 44 50 62 15 77 54 70 97 51 40 31 43 21 49 18 15 71 58 77 16 77 85 34 18 66 33 72 55 44 62 60 56 39 30 42 34 53 29 52 90 18 89 97 80 50 19 15 23 95 69 94 57 63 93 25 80 0 20 43 67 81 91 42 59 56 80 71 50 57 18 12 79 17 45 80 65 61 78 72 35 25 65 87 38 27 87 44 96 47 58 56 62 53 29 61 61 64 95 13 52 96 16 11 86 50 30 55 69 78 58 35
43 31 71 96 31 59 90 66 10 11 64 48 81 26 36 12 38 93 19 63 54 65 62 92 82 23 76 65 58 77 85 22 10 23 17 69 51 41 56 20 81 76 45 54 65 10 17 38 59 98 32 56 48 74 63 95 85 36 14 95 15 52 97 37 84 94 48 24 14 27 19 49 42 15 48 20 0 61 47 53 53 37 28 56 41 91 64 26 57 86 11 64 87 92 20 47 36 19 57 41 33 62 79 35 84 46 91 95 54 97 11 40 64 26 21 59 32 88 73 53 83 19 19 94 79 27 17 67 95 22
72 34 15 61 70 44 71 72 19 55 82 10 96 88 97 81 63 48 77 16 46 14 41 75 70 30 82 64 93 73 22 75 91 67 27 86 30 27 61 58 48 41 23 76 92 33 65 86 82 73 23 35 92 74 63 41 17 54 93 29 45 13 10 48 62 76 72 92 85 92 38 52 37 72 81 43 61 0 10 88 63 52 52 90 33 76 86 27 31 65 47 52 55 43 32 32 55 51 97 46 46 21 74 32 29 10 60 90 46 14 31 11 58 75 29 15 49 30 91 41 80 33 68 63 48 86 21 52 22 29
48 89 99 56 45 35 84 67 78 89 26 91 88 90 40 12 34 52 98 75 27 26 23 70 48 31 89 33 14 60 34 42 65 33 57 36 58 44 33 19 20 89 41 77 98 73 73 44 27 62 44 42 56 77 92 90 27 50 81 67 58 37 64 34 44 73 29 67 45 61 16 16 79 40 84 67 47 10 0 12 29 79 82 90 63 50 78 76 96 27 80 59 35 54 92 66 88 34 50 69 49 98 62 54 25 68 26 73 17 97 30 49 61 93 22 68 41 63 55 16 20 76 63 81 17 20 92 70 48 88
23 96 41 42 27 59 65 46 20 33 24 90 25 66 80 17 19 35 53 36 93 36 62 25 42 88 61 77 45 13 87 51 53 41 24 22 41 48 81 71 13 96 39 49 52 82 28 49 64 53 62 89 39 25 96 66 28 12 38 95 38 43 19 94 10 87 37 24 14 73 45 28 18 35 73 81 53 88 12 0 54 44 55 23 84 66 63 46 48 47 59 78 33 86 47 80 23 17 30 86 73 67 11 30 64 92 59 74 24 80 58 81 66 49 91 82 74 61 83 18 96 13 63 72 84 66 80 86 77 65
91 48 85 15 31 79 87 41 70 16 85 78 57 14 24 96 84 61 52 64 57 85 59 50 60 65 84 99 11 36 30 77 84 91 97 53 68 28 89 50 47 40 32 18 39 53 44 54 13 74 64 31 46 71 94 28 23 63 11 30 15 22 61 98 74 49 85 21 69 24 11 54 94 87 71 91 53 63 29 54 0 20 18 46 62 91 80 57 50 13 15 66 84 72 79 53 23 95 28 21 91 94 39 36 93 79 28 91 94 91 65 82 26 74 44 82 33 42 70 16 48 36 65 98 71 52 17 14 24 67
51 52 79 98 96 77 70 44 12 48 24 22 25 45 15 42 98 27 13 29 12 92 30 83 75 52 35 80 39 54 10 99 27 57 82 79 91 46 46 71 79 30 29 44 32 87 17 54 67 45 53 95 50 74 60 62 17 58 23 86 24 28 82 37 23 51 15 97 36 48 95 12 16 34 19 42 37 52 79 44 20 0 84 33 79 54 90 52 29 21 24 19 98 63 10 87 66 35 61 95 67 45 67 72 68 58 42 41 66 77 15 56 85 34 59 49 23 22 37 67 18 25 70 30 79 44 56 71 68 22
43 47 53 45 83 91 34 89 17 82 42 13 50 41 77 81 10 47 68 71 13 27 17 58 46 51 10 57 50 19 92 96 18 29 71 32 78 41 94 75 88 55 20 83 57 87 88 89 89 65 57 12 18 97 92 69 12 19 86 57 81 11 68 48 58 25 80 91 97 88 82 20 38 25 96 59 28 52 82 55 18 84 0 80 37 96 69 15 19 35 21 56 94 81 97 64 73 29 61 61 56 75 87 19 59 92 73 94 91 75 36 76 39 85 41 70 11 59 36 80 85 18 58 39 84 26 70 38 49 25
37 28 92 61 86 74 64 78 44 43 98 10 96 95 70 70 18 68 99 24 30 11 15 97 45 52 57 54 39 13 57 33 74 79 16 92 60 66 17 14 34 30 43 67 66 92 63 42 68 63 91 84 60 62 52 72 94 14 60 86 40 45 17 77 28 99 25 19 82 32 74 81 48 75 78 56 56 90 90 23 46 33 80 0 23 82 40 73 84 85 92 84 46 17 32 81 35 61 23 44 90 73 92 11 47 63 11 18 62 33 40 89 59 94 32 53 87 79 77 35 47 21 22 96 56 68 29 81 52 88
53 80 92 85 75 25 74 12 74 19 97 59 46 80 22 62 56 80 50 61 83 93 71 79 62 99 31 19 62 48 54 37 85 54 52 93 53 45 84 68 31 61 74 37 78 19 38 56 86 96 65 94 75 56 98 20 48 65 13 32 73 24 33 34 97 38 31 50 84 40 26 43 93 39 11 80 41 33 63 84 62 79 37 23 0 98 78 14 62 79 50 14 75 34 12 93 94 63 69 99 37 36 20 36 82 36 39 77 18 51 14 11 37 13 15 64 82 93 37 22 67 91 52 24 77 50 23 58 75 98
15 25 44 53 43 52 90 54 47 33 76 96 98 90 23 77 94 92 34 47 31 79 88 23 48 90 36 53 88 19 81 21 98 53 53 61 98 83 67 77 22 72 75 53 74 34 76 66 25 23 54 23 20 49 68 68 39 62 54 11 17 92 28 31 81 28 55 61 42 88 42 83 90 54 31 71 91 76 50 66 91 54 96 82 98 0 63 33 71 29 17 91 52 79 68 73 34 47 80 95 29 69 91 52 55 69 72 15 45 87 81 34 57 58 25 60 31 58 94 95 33 86 38 87 66 44 59 96 36 99
85 29 53 90 28 52 27 12 70 33 79 77 14 22 79 13 30 86 47 21 13 19 37 27 99 49 36 71 31 90 77 53 36 59 57 93 64 23 55 16 74 26 36 98 64 13 80 72 60 20 73 56 93 41 92 87 90 19 67 30 58 27 72 75 85 60 45 61 66 47 31 41 92 94 57 50 64 86 78 63 80 90 69 40 78 63 0 14 34 79 80 11 38 82 34 60 86 46 97 35 19 38 10 40 63 51 88 44 92 14 37 57 39 19 68 85 90 13 28 11 74 30 41 85 50 85 62 65 89 21
26 17 24 70 86 66 72 10 59 26 93 59 72 98 22 42 85 58 77 49 10 70 37 23 61 88 44 79 51 24 68 45 37 86 88 96 31 97 56 53 59 24 67 36 49 80 21 90 68 40 45 40 96 52 51 39 90 99 60 98 44 37 65 13 59 16 51 85 85 54 44 61 90 46 11 57 26 27 76 46 57 52 15 73 14 33 14 0 25 67 39 46 60 92 28 48 85 34 40 85 80 88 67 47 75 99 50 80 33 74 24 10 51 24 70 96 17 41 34 41 12 21 80 84 54 26 64 93 56 83
84 47 40 50 72 71 75 25 35 70 28 33 21 64 33 46 56 53 37 93 75 20 19 24 49 74 83 57 92 50 43 55 79 75 30 78 36 92 76 37 58 51 60 19 26 13 94 61 51 47 60 64 35 81 88 33 57 75 49 37 96 33 29 56 40 53 61 97 19 12 98 80 91 77 46 18 57 31 96 48 50 29 19 84 62 71 34 25 0 67 49 99 29 93 72 12 58 96 44 54 95 69 41 53 15 64 46 95 73 66 84 50 31 22 65 82 53 34 54 84 49 89 68 38 51 13 35 56 94 60
65 49 74 44 20 64 11 36 10 42 79 29 72 26 71 77 76 68 98 42 35 16 41 43 83 14 58 19 50 98 28 65 35 95 14 99 37 95 31 83 60 79 68 24 74 34 75 32 81 33 31 80 56 90 84 32 25 83 58 35 81 10 80 99 13 33 17 59 48 49 80 28 34 18 99 12 86 65 27 47 13 21 35 85 79 29 79 67 67 0 67 23 66 86 85 70 34 92 67 51 56 27 23 19 51 54 64 75 73 74 45 33 34 47 39 30 82 11 30 74 73 13 73 87 56 38 22 91 98 64
81 52 29 28 83 54 95 27 35 56 48 24 42 19 52 64 52 81 10 50 40 84 91 57 90 80 23 32 18 19 37 13 17 72 18 49 69 49 46 54 17 73 63 20 15 69 36 24 93 55 28 70 69 50 72 56 62 97 73 37 86 19 90 97 64 55 40 82 76 21 92 70 55 61 52 79 11 47 80 59 15 24 21 92 50 17 80 39 49 67 0 50 55 23 20 56 99 91 81 86 89 54 45 81 27 60 77 12 13 76 80 94 18 53 89 42 76 54 57 62 41 93 96 10 92 77 25 13 54 75
67 77 19 98 16 47 89 46 21 39 85 13 53 94 49 81 31 97 36 41 99 50 21 70 18 60 95 90 46 65 42 26 48 78 32 39 40 38 31 45 49 69 63 46 80 14 93 97 53 45 96 72 84 50 82 48 48 56 30 12 25 86 94 32 37 59 61 39 65 65 81 46 77 25 61 17 64 52 59 78 66 19 56 84 14 91 11 46 99 23 50 0 50 25 54 85 36 40 11 90 48 47 47 74 50 43 29 34 27 58 26 40 38 87 47 69 26 37 71 95 93 40 91 70 48 38 46 91 60 29
98 68 38 68 73 68 34 26 20 42 37 83 91 65 69 47 26 41 72 32 51 48 51 92 27 44 89 18 42 26 97 85 31 22 36 44 89 72 24 34 77 42 73 41 70 58 92 77 95 47 79 33 14 36 61 64 55 78 57 16 25 56 81 30 94 45 12 48 84 95 57 25 60 80 16 45 87 55 35 33 84 98 94 46 75 52 38 60 29 66 55 50 0 62 46 30 88 75 48 93 64 53 36 32 81 22 46 88 50 32 54 19 88 30 69 41 32 96 99 13 30 58 53 99 23 53 68 62 17 98
37 77 83 13 42 43 27 49 14 96 42 26 74 30 46 19 33 41 56 53 32 12 72 70 62 87 48 18 50 86 91 61 96 50 29 33 51 65 21 20 43 31 31 84 98 45 67 80 63 17 20 85 37 94 56 51 99 79 62 63 79 30 72 16 86 28 21 27 17 51 58 17 37 22 18 80 92 43 54 86 72 63 81 17 34 79 82 92 93 86 23 25 62 0 16 72 22 74 82 34 88 18 17 19 73 21 68 63 56 13 78 40 66 91 26 38 24 27 20 52 42 19 60 30 73 16 54 44 36 70
63 53 99 42 29 21 29 51 25 22 90 35 88 25 59 27 81 16 66 68 14 75 19 17 68 22 56 62 94 89 35 20 88 15 72 43 31 91 96 35 20 45 95 45 76 27 10 13 46 23 32 71 59 48 76 76 73 15 80 48 15 43 62 69 42 19 21 22 35 55 48 39 74 12 93 65 20 32 92 47 79 10 97 32 12 68 34 28 72 85 20 54 46 16 0 20 36 13 53 46 28 84 49 95 58 34 22 47 34 62 41 72 74 14 89 31 13 25 24 45 63 63 14 60 36 78 16 70 54 18
18 65 79 66 99 10 75 77 70 32 22 41 31 74 18 15 88 56 39 65 29 79 77 87 83 97 50 55 30 22 29 13 21 77 15 27 19 56 40 42 16 39 33 14 50 52 78 10 73 55 81 69 60 64 54 49 52 74 84 65 89 33 77 39 51 84 58 26 76 35 32 49 90 10 85 61 47 32 66 80 53 87 64 81 93 73 60 48 12 70 56 85 30 72 20 0 14 40 91 17 85 12 80 90 58 93 36 94 90 28 18 83 81 68 15 61 96 21 64 78 37 73 67 25 62 30 78 32 45 26
69 78 97 15 50 45 22 86 18 77 28 46 15 89 97 10 36 86 29 16 46 65 75 30 62 90 77 66 23 43 29 91 26 87 34 11 83 37 45 45 50 69 14 50 24 41 46 23 10 24 56 76 77 33 56 96 60 54 78 86 19 72 34 82 53 85 12 55 27 81 64 17 70 86 85 78 36 55 88 23 23 66 73 35 94 34 86 85 58 34 99 36 88 22 36 14 0 49 27 74 72 15 84 10 16 37 54 90 71 55 67 79 35 45 26 96 18 36 69 74 27 38 38 32 47 92 15 21 24 52
78 24 27 39 39 14 19 94 12 34 78 82 78 32 96 76 54 28 28 89 56 63 70 36 29 40 73 82 95 69 38 50 66 91 32 20 21 56 54 22 12 34 78 18 18 96 35 63 23 64 83 63 55 22 41 18 99 17 55 93 48 93 67 31 73 73 63 37 55 74 44 58 52 73 64 72 19 51 34 17 95 35 29 61 63 47 46 34 96 92 91 40 75 74 13 40 49 0 56 26 43 46 19 66 46 82 73 55 76 25 81 22 97 69 77 15 84 56 70 28 79 61 82 27 15 85 81 92 65 90
77 85 96 34 52 54 20 88 33 37 84 36 37 25 32 99 56 74 27 59 16 10 77 64 86 23 51 24 14 46 39 43 79 51 97 18 66 86 70 61 22 68 84 51 91 83 63 71 14 87 15 27 54 44 96 34 67 85 49 30 52 41 75 25 75 54 57 35 69 45 17 64 79 23 28 35 57 97 50 30 28 61 61 23 69 80 97 40 44 67 81 11 48 82 53 91 27 56 0 23 28 41 66 16 37 63 93 55 16 54 70 45 80 78 50 37 38 29 47 10 95 73 48 96 56 60 33 72 54 92
28 99 19 22 66 44 35 83 89 94 91 32 32 66 17 23 34 26 18 86 63 31 68 43 44 99 55 97 80 69 20 65 38 67 88 45 59 80 96 16 84 64 72 61 50 11 94 36 27 19 56 38 20 70 83 24 23 27 39 88 55 41 19 65 16 98 62 16 78 11 72 67 39 33 61 25 41 46 69 86 21 95 61 44 99 95 35 85 54 51 86 90 93 34 46 17 74 26 23 0 65 80 39 54 80 51 47 16 76 51 97 72 94 99 42 20 62 98 78 62 23 18 62 21 98 50 32 63 29 71
77 24 38 20 69 20 27 74 30 49 24 99 46 13 85 95 96 18 63 38 90 55 47 44 91 46 38 16 40 89 34 66 69 14 58 24 30 12 86 68 11 60 50 49 73 77 65 75 48 32 84 28 42 41 15 53 41 52 42 84 96 38 26 67 53 72 22 38 61 53 31 68 95 31 67 65 33 46 49 73 91 67 56 90 37 29 19 80 95 56 89 48 64 88 28 85 72 43 28 65 0 87 88 96 61 69 57 91 60 42 53 98 88 39 35 35 29 75 56 86 13 38 83 84 83 30 43 67 56 67
77 40 37 14 30 24 15 45 83 24 14 65 74 50 54 16 21 87 36 11 16 57 21 47 59 14 71 31 91 38 59 94 74 75 16 59 42 55 36 93 51 50 15 35 62 89 92 17 19 84 13 92 85 26 73 55 87 69 45 43 83 22 83 91 47 38 76 78 72 75 20 81 61 69 77 87 62 21 98 67 94 45 75 73 36 69 38 88 69 27 54 47 53 18 84 12 15 46 41 80 87 0 67 13 90 38 19 48 71 16 20 29 20 46 68 34 36 31 26 37 18 45 47 84 29 54 95 64 21 82
68 71 88 95 34 36 46 54 69 73 81 10 30 78 60 21 66 59 30 52 45 21 98 78 99 27 36 43 69 33 44 38 40 80 60 80 71 82 61 76 56 67 63 77 39 50 40 28 37 79 90 96 91 40 49 99 35 88 47 45 35 68 50 78 61 56 62 69 61 42 73 34 52 90 25 38 79 74 62 11 39 67 87 92 20 91 10 67 41 23 45 47 36 17 49 80 84 19 66 39 88 67 0 80 37 23 53 32 48 79 52 20 97 35 84 75 31 93 60 86 77 66 80 66 99 21 65 23 96 84
25 74 74 50 78 27 18 60 53 79 21 44 77 36 11 23 33 10 93 75 84 78 40 12 97 23 40 85 42 63 25 27 95 55 59 63 89 79 14 72 92 44 67 98 67 31 67 74 90 66 25 49 78 66 57 74 26 81 13 86 91 81 39 27 74 66 84 71 36 61 41 75 22 25 21 27 35 32 54 30 36 72 19 11 36 52 40 47 53 19 81 74 32 19 95 90 10 66 16 54 96 13 80 0 34 34 55 68 38 63 65 61 33 33 29 46 51 62 97 16 21 70 11 81 78 42 33 22 53 37
79 50 34 63 19 17 87 83 24 28 99 16 23 62 37 10 24 39 38 74 72 47 51 20 78 44 94 11 61 72 25 88 11 49 53 44 33 56 49 77 54 95 21 34 92 37 52 29 57 42 54 56 79 57 17 63 98 72 20 14 73 34 94 46 89 94 40 28 61 83 30 64 13 47 69 87 84 29 25 64 93 68 59 47 82 55 63 75 15 51 27 50 81 73 58 58 16 46 37 80 61 90 37 34 0 52 64 61 67 17 45 14 98 48 58 76 68 29 93 61 51 47 68 30 61 15 32 94 26 71
73 34 43 21 63 50 10 24 46 23 42 96 61 91 69 51 21 34 13 49 19 43 14 53 44 80 50 37 40 25 78 99 83 96 32 35 82 90 85 48 23 76 95 30 21 85 25 62 27 96 12 78 20 62 44 18 44 14 23 98 23 60 26 30 40 70 30 14 35 95 59 12 24 23 54 44 46 10 68 92 79 58 92 63 36 69 51 99 64 54 60 43 22 21 34 93 37 82 63 51 69 38 23 34 52 0 37 39 45 76 17 34 97 59 28 47 92 66 10 37 94 53 46 40 10 34 38 12 12 27
46 57 71 50 77 96 31 16 83 18 55 34 57 94 51 49 63 87 44 60 87 93 93 36 35 40 16 61 27 69 62 20 76 42 83 89 68 43 60 70 30 93 76 46 30 97 54 10 39 24 90 69 10 29 85 40 27 89 32 36 17 56 68 25 89 96 47 36 10 90 14 84 49 42 90 96 91 60 26 59 28 42 73 11 39 72 88 50 46 64 77 29 46 68 22 36 54 73 93 47 57 19 53 55 64 37 0 65 87 80 21 39 86 45 16 73 72 90 93 89 41 27 97 19 62 25 32 66 98 18
31 66 39 45 38 19 53 56 43 28 72 27 92 48 11 76 90 62 93 54 10 34 46 68 31 74 13 54 23 14 15 94 46 25 29 57 79 31 95 60 46 66 85 30 15 31 48 49 99 74 18 40 22 39 39 20 17 40 41 46 60 28 18 85 14 71 25 90 67 90 92 65 22 40 15 47 95 90 73 74 91 41 94 18 77 15 44 80 95 75 12 34 88 63 47 94 90 55 55 16 91 48 32 68 61 39 65 0 19 18 67 77 23 89 77 49 20 24 73 74 29 92 75 29 50 80 15 53 78 46
96 56 77 97 89 40 95 58 25 53 90 17 27 46 18 86 72 79 31 82 47 26 74 72 23 72 58 81 36 38 79 39 51 54 88 93 55 45 87 75 79 63 94 97 18 91 64 72 40 97 21 94 25 81 20 84 88 84 32 86 39 22 65 40 72 91 53 54 66 33 32 95 37 98 40 58 54 46 17 24 94 66 91 62 18 45 92 33 73 73 13 27 50 56 34 90 71 76 16 76 60 71 48 38 67 45 87 19 0 31 54 11 35 58 85 52 67 67 30 23 57 25 47 42 57 83 79 96 72 72
54 85 51 94 99 79 27 33 42 77 47 40 55 17 73 98 93 54 11 93 56 92 48 62 22 35 48 71 29 14 16 78 84 20 66 68 95 67 87 47 67 76 49 40 77 94 81 15 65 18 96 31 39 11 25 20 23 81 26 37 52 42 64 99 58 11 42 33 55 64 97 74 68 24 32 56 97 14 97 80 91 77 75 33 51 87 14 74 66 74 76 58 32 13 62 28 55 25 54 51 42 16 79 63 17 76 80 18 31 0 10 60 11 66 66 65 52 56 40 52 40 35 92 66 65 74 46 81 84 69
59 42 73 37 31 39 86 34 55 98 20 77 63 80 45 34 66 27 16 24 27 23 56 35 92 71 88 18 80 88 73 16 12 69 71 28 18 17 72 29 74 10 34 43 77 33 51 16 42 20 35 46 79 39 15 54 53 20 28 17 63 63 84 11 62 13 41 47 13 16 33 29 30 52 17 62 11 31 30 58 65 15 36 40 14 81 37 24 84 45 80 26 54 78 41 18 67 81 70 97 53 20 52 65 45 17 21 67 54 10 0 61 65 31 95 16 95 42 75 20 62 15 94 80 50 83 83 34 21 86
52 82 75 88 38 75 26 70 47 33 27 14 69 90 45 57 60 53 67 69 80 25 58 26 52 12 17 35 88 21 92 18 88 64 87 62 88 98 67 90 86 98 49 76 54 21 45 99 41 51 58 50 96 93 68 64 43 64 15 25 58 40 73 22 78 80 84 29 36 41 97 48 45 65 64 53 40 11 49 81 82 56 76 89 11 34 57 10 50 33 94 40 19 40 72 83 79 22 45 72 98 29 20 61 14 34 39 77 11 60 61 0 79 28 96 80 62 48 80 55 88 60 21 65 45 18 55 92 25 65
91 50 93 68 92 71 40 10 61 85 90 47 64 68 14 39 74 26 38 45 53 80 66 27 40 19 14 53 41 51 50 27 31 26 15 11 51 93 45 68 35 44 11 66 21 15 82 92 63 55 58 92 18 16 53 49 85 64 44 15 61 62 84 51 67 24 90 94 28 46 12 28 15 34 28 29 64 58 61 66 26 85 39 59 37 57 39 51 31 34 18 38 88 66 74 81 35 97 80 94 88 20 97 33 98 97 86 23 35 11 65 79 0 31 49 89 57 17 99 81 46 97 49 38 13 85 15 34 56 98
90 39 28 67 72 36 74 69 85 14 57 30 51 90 55 37 37 11 31 53 81 67 43 12 26 51 17 76 56 48 43 80 95 16 77 40 18 73 46 17 25 57 49 24 48 59 56 95 14 81 57 50 29 35 25 88 80 31 23 87 50 55 31 63 97 66 70 21 25 77 13 52 36 61 21 61 26 75 93 49 74 34 85 94 13 58 19 24 22 47 53 87 30 91 14 68 45 69 78 99 39 46 35 33 48 59 45 89 58 66 31 28 31 0 45 58 40 74 13 25 75 98 37 57 91 22 63 85 14 16
98 97 80 78 27 49 40 34 16 56 29 13 74 23 59 80 67 39 80 25 87 15 67 98 97 97 49 63 31 52 87 19 98 35 57 52 27 60 26 35 36 64 79 13 40 59 49 85 11 95 18 58 34 92 60 87 21 45 65 63 95 64 79 37 49 42 23 59 88 15 74 18 43 21 15 61 21 29 22 91 44 59 41 32 15 25 68 70 65 39 89 47 69 26 89 15 26 77 50 42 35 68 84 29 58 28 16 77 85 66 95 96 49 45 0 63 48 38 23 73 32 31 59 77 65 77 66 34 73 60
11 40 58 23 72 17 48 56 24 76 38 58 52 69 26 54 90 53 82 61 99 95 35 69 64 21 36 90 84 64 45 42 71 46 42 28 97 65 60 41 68 32 63 33 51 82 28 13 28 50 80 43 64 93 70 61 92 13 66 18 70 88 17 42 37 59 95 83 60 78 28 80 25 38 37 64 59 15 68 82 82 49 70 53 64 60 85 96 82 30 42 69 41 38 31 61 96 15 37 20 35 34 75 46 76 47 73 49 52 65 16 80 89 58 63 0 76 47 29 50 92 31 46 58 77 22 22 75 34 68
93 80 34 58 19 37 86 75 70 62 52 48 46 88 29 27 29 47 21 28 10 92 64 93 56 41 74 89 58 48 46 65 95 86 89 20 92 79 19 20 44 64 70 20 63 53 79 34 48 90 54 22 22 93 33 77 40 60 54 44 52 73 58 92 40 85 15 79 64 88 10 55 54 48 87 95 32 49 41 74 33 23 11 87 82 31 90 17 53 82 76 26 32 24 13 96 18 84 38 62 29 36 31 51 68 92 72 20 67 52 95 62 57 40 48 76 0 49 81 15 12 11 80 77 80 51 84 50 60 78
70 37 46 75 23 29 30 19 81 52 64 96 12 96 14 27 67 21 83 33 78 82 79 73 27 35 56 26 68 61 15 54 15 18 76 98 84 80 88 81 91 80 82 76 26 16 55 86 81 62 60 33 22 70 54 85 72 51 28 31 16 91 80 64 93 12 54 49 83 10 99 36 92 29 51 13 88 30 63 61 42 22 59 79 93 58 13 41 34 11 54 37 96 27 25 21 36 56 29 98 75 31 93 62 29 66 90 24 67 56 42 48 17 74 38 47 49 0 35 56 21 92 40 83 63 75 93 70 92 86
19 78 87 97 21 83 98 71 77 56 69 83 10 70 20 31 31 93 29 50 34 45 24 93 83 89 33 47 11 68 37 68 81 66 83 62 15 70 25 53 15 81 72 79 69 60 16 75 94 77 42 61 59 57 20 80 77 30 19 73 56 28 27 75 73 31 60 58 61 45 85 11 33 48 58 52 73 91 55 83 70 37 36 77 37 94 28 34 54 30 57 71 99 20 24 64 69 70 47 78 56 26 60 97 93 10 93 73 30 40 75 80 99 13 23 29 81 35 0 78 34 89 75 90 37 79 34 62 96 66
59 91 66 33 42 28 58 41 54 71 67 56 33 48 91 18 16 29 73 79 12 69 30 48 29 10 79 26 61 89 43 68 36 53 71 66 75 14 11 86 41 54 66 20 95 97 73 63 32 83 56 71 65 85 95 53 61 65 21 23 75 60 28 34 92 82 51 64 70 65 83 47 21 83 65 96 53 41 16 18 16 67 80 35 22 95 11 41 84 74 62 95 13 52 45 78 74 28 10 62 86 37 86 16 61 37 89 74 23 52 20 55 81 25 73 50 15 56 78 0 30 81 89 79 36 83 84 51 85 73
48 67 83 46 39 59 11 97 24 15 89 97 92 47 63 12 55 83 50 27 50 43 51 54 54 16 87 26 60 99 70 80 89 45 33 39 78 18 33 78 71 48 96 25 34 63 72 83 20 16 33 92 49 23 69 68 53 35 71 29 48 69 37 77 67 45 17 29 58 48 12 84 74 26 16 16 83 80 20 96 48 18 85 47 67 33 74 12 49 73 41 93 30 42 63 37 27 79 95 23 13 18 77 21 51 94 41 29 57 40 62 88 46 75 32 92 12 21 34 30 0 84 38 50 61 76 91 40 27 28
85 88 69 74 77 17 93 69 48 36 48 93 45 74 51 97 30 10 85 97 12 37 11 83 99 46 85 20 53 24 78 13 83 37 71 48 87 35 36 74 86 52 63 77 53 99 49 17 22 19 68 29 15 10 92 33 23 71 44 16 39 77 76 35 52 21 27 85 31 41 69 28 14 47 18 11 19 33 76 13 36 25 18 21 91 86 30 21 89 13 93 40 58 19 63 73 38 61 73 18 38 45 66 70 47 53 27 92 25 35 15 60 97 98 31 31 11 92 89 81 84 0 50 46 83 34 88 60 36 71
24 19 34 80 42 18 72 86 55 82 34 68 25 62 66 65 17 94 69 27 77 79 87 49 15 31 85 68 52 69 98 66 17 69 65 66 32 73 30 58 35 91 49 13 32 84 36 20 97 92 44 95 13 36 25 71 93 90 99 14 88 94 61 27 99 42 78 86 94 20 48 91 63 81 37 86 19 68 63 63 65 70 58 22 52 38 41 80 68 73 96 91 53 60 14 67 38 82 48 62 83 47 80 11 68 46 97 75 47 92 94 21 49 37 59 46 80 40 75 89 38 50 0 49 44 36 11 49 56 23
89 17 72 92 94 93 27 85 65 96 77 49 45 37 75 75 29 72 10 42 79 88 88 49 53 50 90 54 69 12 50 13 56 85 82 62 75 16 18 20 58 99 43 82 39 14 56 88 99 71 48 16 49 23 14 93 13 73 22 95 56 79 91 96 29 89 95 42 46 63 16 99 25 69 74 50 94 63 81 72 98 30 39 96 24 87 85 84 38 87 10 70 99 30 60 25 32 27 96 21 84 84 66 81 30 40 19 29 42 66 80 65 38 57 77 58 77 83 90 79 50 46 49 0 92 55 85 25 78 16
23 64 54 49 23 54 85 41 64 60 85 36 29 44 21 86 14 93 99 93 97 91 91 55 99 96 29 14 72 55 16 87 43 51 83 89 24 95 22 50 73 68 50 95 42 92 50 18 10 97 63 32 96 68 20 74 84 58 97 85 76 70 57 68 88 68 77 80 49 27 14 58 76 85 68 30 79 48 17 84 71 79 84 56 77 66 50 54 51 56 92 48 23 73 36 62 47 15 56 98 83 29 99 78 61 10 62 50 57 65 50 45 13 91 65 77 80 63 37 36 61 83 44 92 0 13 28 70 41 62
38 60 50 30 42 58 52 36 38 74 23 86 70 17 87 16 68 32 44 93 46 50 27 75 14 65 34 95 38 14 10 25 96 29 42 60 80 38 63 68 11 62 13 74 82 77 68 57 24 47 77 24 24 93 37 57 80 11 51 17 35 51 97 81 75 81 89 68 74 54 70 42 43 12 22 55 27 86 20 66 52 44 26 68 50 44 85 26 13 38 77 38 53 16 78 30 92 85 60 50 30 54 21 42 15 34 25 80 83 74 83 18 85 22 77 22 51 75 79 83 76 34 36 55 13 0 56 19 55 65
77 67 95 70 41 47 72 83 89 77 51 58 91 10 90 96 94 78 27 17 45 15 57 48 16 23 49 29 48 95 57 50 35 11 45 79 28 36 16 68 13 68 48 14 29 26 23 65 12 60 96 55 59 56 44 14 14 77 44 69 61 25 35 48 72 72 29 56 67 86 28 16 74 22 72 69 17 21 92 80 17 56 70 29 23 59 62 64 35 22 25 46 68 54 16 78 15 81 33 32 43 95 65 33 32 38 32 15 79 46 83 55 15 63 66 22 84 93 34 84 91 88 11 85 28 56 0 71 35 14
22 89 71 84 16 95 43 83 99 65 55 43 25 17 10 23 62 80 11 77 29 15 89 90 94 94 79 45 73 99 91 99 46 76 97 86 77 73 55 69 16 69 38 25 46 45 17 12 56 78 93 33 25 27 79 27 18 42 17 51 41 89 48 44 73 45 27 58 10 50 87 67 80 57 11 78 67 52 70 86 14 71 38 81 58 96 65 93 56 91 13 91 62 44 70 32 21 92 72 63 67 64 23 22 94 12 66 53 96 81 34 92 34 85 34 75 50 70 62 51 40 60 49 25 70 19 71 0 28 74
41 86 95 88 16 83 71 54 84 28 56 75 25 72 27 27 93 30 58 29 23 99 44 78 20 24 29 94 74 71 59 11 26 43 70 57 41 96 64 10 95 48 45 30 32 13 92 63 46 71 61 86 28 51 64 50 33 67 49 49 48 25 18 42 88 40 57 25 84 40 41 63 12 44 72 58 95 22 48 77 24 68 49 52 75 36 89 56 94 98 54 60 17 36 54 45 24 65 54 29 56 21 96 53 26 12 98 78 72 84 21 25 56 14 73 34 60 92 96 85 27 36 56 78 41 55 35 28 0 24
18 57 29 80 64 60 53 29 47 69 51 91 93 94 39 42 37 97 78 65 96 92 75 47 84 84 35 42 82 29 19 83 57 57 27 56 21 61 34 52 36 41 42 69 71 49 84 59 88 34 15 52 58 12 77 99 79 35 26 47 55 92 17 86 60 60 30 92 37 29 38 84 99 77 50 35 22 29 88 65 67 22 25 88 98 99 21 83 60 64 75 29 98 70 18 26 52 90 92 71 67 82 84 37 71 27 18 46 72 69 86 65 98 16 60 68 78 86 66 73 28 71 23 16 62 65 14 74 24 0