105
0 11 53 96 76 40 13 63 40 93 52 47 37 21 65 54 29 26 41 40 79 79 22 93 32 95 65 65 41 10 35 22 91 78 43 36 54 74 27 86 99 82 17 99 94 85 72 50 40 13 51 74 54 52 87 79 44 42 15 28 68 49 86 36 56 61 65 43 58 41 32 53 64 89 11 20 33 55 61 53 72 38 54 14 18 64 60 17 26 88 45 89 53 20 59 14 50 40 69 57 67 11 33 70 46
11 0 96 34 35 72 62 30 29 71 15 93 11 78 45 36 60 41 80 34 27 11 40 11 50 78 43 81 97 26 28 88 11 73 74 11 82 19 12 41 61 88 57 11 75 81 77 39 60 94 10 50 94 79 92 89 82 26 93 65 24 63 47 50 37 87 43 77 25 58 37 49 44 77 51 96 18 11 47 16 84 89 92 77 40 22 56 47 34 77 19 63 87 64 71 89 69 86 27 79 96 99 20 33 15
53 96 0 31 65 98 58 95 98 34 83 79 46 51 47 23 39 64 45 52 86 63 33 95 20 19 72 65 32 43 18 23 22 40 19 80 86 70 15 81 92 84 25 87 47 65 81 91 27 84 75 30 69 97 97 21 18 58 49 33 43 81 76 78 35 68 87 95 48 72 45 32 12 77 46 56 69 21 52 60 62 27 34 89 63 36 27 51 59 97 11 98 81 31 86 65 35 55 35 59 94 42 96 97 63
96 34 31 0 61 12 82 39 79 66 65 74 98 94 11 20 72 34 73 32 28 68 29 16 96 18 34 99 39 96 36 54 22 28 61 97 86 69 62 47 23 62 51 13 41 75 90 34 68 43 56 35 48 14 12 57 71 80 80 77 26 89 52 21 16 15 87 59 37 46 29 35 16 57 99 75 37 48 87 99 77 52 12 92 88 43 80 84 77 40 54 69 34 42 49 26 54 47 95 89 15 17 51 59 16
76 35 65 61 0 68 11 32 30 48 75 12 26 18 88 70 28 61 99 89 21 78 65 64 82 85 69 19 76 18 30 94 10 41 14 38 96 69 80 36 29 13 49 28 73 37 39 67 15 86 26 90 76 91 84 94 24 90 63 49 57 78 36 14 45 41 41 78 99 31 89 48 48 45 55 97 68 15 30 87 30 17 41 37 99 88 16 99 66 50 28 41 50 98 89 82 47 20 99 69 91 45 44 46 68
40 72 98 12 68 0 23 20 97 45 80 21 77 10 51 60 77 34 16 41 79 39 33 93 94 92 41 18 10 30 94 16 91 45 99 18 46 97 21 50 29 29 70 68 58 63 10 96 93 65 34 38 72 57 91 99 32 84 23 50 63 13 83 79 69 60 59 21 36 12 80 52 36 37 17 48 68 79 50 76 89 74 50 27 53 58 75 17 82 11 98 97 43 69 28 87 28 80 14 34 77 86 77 91 67
13 62 58 82 11 23 0 12 37 69 93 81 30 77 47 89 51 68 99 51 15 85 11 92 38 63 12 43 77 51 58 81 32 40 47 23 62 99 92 90 12 50 19 83 96 93 16 41 69 46 13 27 87 69 75 68 93 19 14 52 28 57 32 85 21 94 69 55 38 13 40 73 53 89 41 94 19 53 59 69 10 44 66 58 80 49 65 91 98 51 13 51 72 98 60 97 63 83 19 29 38 36 12 50 83
63 30 95 39 32 20 12 0 39 12 14 48 90 92 21 44 35 60 99 34 34 39 35 20 64 13 48 20 76 91 73 84 25 68 85 98 48 33 57 50 58 34 35 84 98 96 37 26 53 10 55 15 53 64 62 26 82 89 95 32 19 39 48 75 36 22 33 53 11 57 27 64 72 52 97 38 88 87 74 12 45 13 41 42 45 29 69 61 19 35 71 62 11 12 75 77 39 57 64 28 76 17 96 50 23
40 29 98 79 30 97 37 39 0 29 99 26 90 25 90 79 37 92 98 65 42 65 22 87 29 14 85 64 34 80 24 10 54 46 58 42 71 26 95 71 86 97 63 12 33 93 62 21 59 66 30 76 28 54 36 14 42 70 70 71 33 73 72 52 15 47 94 55 80 21 63 21 57 76 78 74 97 31 13 58 88 35 49 64 93 20 88 64 26 38 88 64 82 89 97 43 11 66 82 85 30 88 47 98 30
93 71 34 66 48 45 69 12 29 0 87 60 41 69 59 21 95 18 77 69 70 87 23 65 27 11 68 39 89 11 15 99 43 97 19 77 58 82 30 45 83 97 29 20 79 49 43 12 64 37 96 40 87 15 44 70 47 28 61 12 92 63 56 22 61 23 89 48 50 91 82 80 60 82 90 15 83 93 99 29 76 22 42 16 10 80 34 83 12 89 57 56 56 81 51 30 50 67 55 83 14 37 21 46 10
52 15 83 65 75 80 93 14 99 87 0 76 78 62 87 42 49 46 65 45 92 95 73 37 15 52 70 41 62 77 53 86 68 14 57 49 48 51 82 77 66 92 57 33 62 72 15 94 71 67 57 21 88 81 68 93 54 22 71 98 97 87 68 75 96 13 46 45 21 21 16 47 62 16 55 83 48 86 66 83 57 61 81 44 81 64 29 96 17 34 44 24 78 27 29 68 30 56 62 64 89 50 31 55 84
47 93 79 74 12 21 81 48 26 60 76 0 71 46 32 19 77 30 16 71 91 15 46 41 97 54 65 53 71 73 66 94 76 17 21 24 19 26 10 30 62 57 64 67 73 70 56 74 83 75 27 95 16 10 11 19 31 94 16 54 27 74 10 25 77 78 53 59 71 19 89 27 36 50 62 20 37 15 71 78 96 71 18 50 65 75 75 86 52 50 97 29 34 23 18 91 22 86 86 71 92 36 24 61 56
37 11 46 98 26 77 30 90 90 41 78 71 0 78 23 10 59 23 52 93 76 50 21 40 79 36 87 22 17 80 93 52 46 12 16 82 67 39 27 72 30 55 81 45 41 78 94 83 55 36 20 37 61 10 73 82 14 49 52 25 23 76 77 96 73 72 31 44 66 25 59 53 45 80 20 36 79 55 41 72 96 27 81 24 33 70 67 44 91 31 37 15 99 48 99 51 22 27 29 64 26 60 10 43 34
21 78 51 94 18 10 77 92 25 69 62 46 78 0 30 35 58 16 91 23 54 13 34 47 86 82 80 34 83 19 79 55 97 37 55 25 87 29 75 54 11 59 24 21 34 33 60 67 43 38 49 48 91 43 65 84 51 67 44 69 52 98 28 11 13 56 76 64 70 19 26 14 33 12 87 58 29 82 52 17 11 61 54 35 19 49 34 49 44 18 26 97 53 47 29 54 31 63 41 14 45 63 14 58 60
65 45 47 11 88 51 47 21 90 59 87 32 23 30 0 17 85 35 77 25 62 61 24 94 50 97 78 39 88 66 55 37 23 70 53 32 85 24 68 15 15 44 78 60 24 51 39 44 15 50 66 71 15 50 21 85 85 61 12 94 76 74 77 79 12 91 53 15 80 17 63 23 62 19 19 62 50 61 61 23 66 40 88 85 46 93 32 53 96 99 91 95 90 15 48 94 78 57 85 13 17 51 49 96 66
54 36 23 20 70 60 89 44 79 21 42 19 10 35 17 0 85 77 45 64 24 89 13 21 10 77 58 93 32 63 11 26 39 27 41 55 22 12 73 87 27 18 89 85 17 38 68 37 93 60 62 70 82 27 82 83 95 25 94 98 70 37 49 25 69 68 81 32 34 44 85 16 98 31 74 57 60 25 11 64 41 31 21 75 30 22 29 26 67 77 52 85 86 70 40 76 94 80 27 85 97 46 29 34 18
29 60 39 72 28 77 51 35 37 95 49 77 59 58 85 85 0 27 57 15 30 97 34 61 83 83 19 57 19 60 45 17 93 38 61 94 46 92 32 17 23 94 93 41 59 90 76 79 92 78 29 10 88 20 91 48 40 55 96 11 56 81 27 23 89 90 20 35 10 75 55 10 57 44 61 31 80 44 62 79 56 56 38 36 27 38 59 97 40 67 60 87 44 22 95 71 76 59 12 25 82 89 10 62 62
26 41 64 34 61 34 68 60 92 18 46 30 23 16 35 77 27 0 81 45 90 96 55 14 34 13 88 89 78 82 83 97 80 85 50 78 25 41 62 85 94 65 63 27 81 83 58 66 70 96 22 28 47 65 92 39 72 65 17 69 16 12 79 16 71 41 70 95 16 74 43 74 60 24 13 78 41 58 75 10 25 69 22 45 69 28 79 45 54 81 22 96 42 33 76 14 40 86 52 52 25 77 55 67 73
41 80 45 73 99 16 99 99 98 77 65 16 52 91 77 45 57 81 0 51 74 37 12 19 87 87 94 97 31 10 34 48 22 96 80 54 28 74 24 14 66 97 61 14 33 91 32 66 39 15 40 51 21 22 12 60 63 21 53 56 13 56 49 96 73 26 10 66 33 85 61 23 79 81 89 98 89 99 47 91 98 47 74 87 26 67 67 45 66 39 69 25 37 40 88 98 88 65 75 14 16 82 80 15 23
40 34 52 32 89 41 51 34 65 69 45 71 93 23 25 64 15 45 51 0 65 64 45 64 27 41 62 49 36 63 96 16 43 85 28 48 61 45 17 87 23 25 38 91 46 61 72 80 58 10 52 27 22 22 24 40 81 25 35 37 83 24 94 75 55 84 88 38 87 57 73 34 92 34 23 10 99 78 68 15 78 25 63 29 16 47 87 26 51 86 54 64 62 17 30 66 16 88 19 81 69 87 46 73 72
79 27 86 28 21 79 15 34 42 70 92 91 76 54 62 24 30 90 74 65 0 78 49 70 28 44 82 34 22 92 76 33 98 32 72 26 93 23 96 74 61 68 79 61 30 18 39 37 52 47 75 52 99 73 49 42 77 24 51 67 22 75 23 68 88 55 44 80 86 17 21 58 64 17 58 37 29 99 28 78 63 73 59 24 97 81 38 42 25 53 19 41 82 52 93 73 10 88 94 51 15 30 38 66 17
79 11 63 68 78 39 85 39 65 87 95 15 50 13 61 89 97 96 37 64 78 0 74 91 68 68 68 44 89 21 15 53 60 33 61 12 75 59 63 13 35 87 55 68 66 64 74 66 82 24 67 33 63 17 64 39 15 91 16 91 92 99 12 50 81 67 23 60 36 26 29 55 96 29 89 49 45 40 14 41 72 17 17 33 91 31 52 42 34 56 13 70 70 74 24 91 48 65 76 23 80 89 25 38 34
22 40 33 29 65 33 11 35 22 23 73 46 21 34 24 13 34 55 12 45 49 74 0 26 78 95 90 97 31 34 77 26 89 54 91 48 14 74 75 13 92 10 30 16 50 55 19 68 92 25 41 99 92 57 45 79 44 76 74 28 42 30 79 94 13 60 22 46 36 34 78 67 63 93 61 98 65 53 42 47 40 61 95 19 73 97 99 43 17 23 50 41 85 46 18 95 51 50 61 61 67 97 95 84 94
93 11 95 16 64 93 92 20 87 65 37 41 40 47 94 21 61 14 19 64 70 91 26 0 49 28 70 99 19 91 31 17 64 39 94 75 34 52 95 11 40 29 37 77 36 85 30 57 64 55 23 33 66 42 70 47 81 45 11 74 32 18 44 12 21 80 12 40 32 15 63 23 12 12 51 53 75 40 50 35 35 92 40 63 67 51 72 98 52 21 49 36 71 94 79 31 19 45 85 80 39 34 47 67 53
32 50 20 96 82 94 38 64 29 27 15 97 79 86 50 10 83 34 87 27 28 68 78 49 0 96 20 16 61 32 95 48 46 81 65 93 27 56 14 26 66 43 20 33 76 28 78 25 54 35 80 25 38 60 83 43 57 26 28 23 98 54 43 21 49 66 21 72 51 42 88 13 71 34 81 24 22 73 55 64 96 52 90 23 91 42 84 43 35 13 48 36 24 51 75 77 87 15 19 48 38 30 83 42 86
95 78 19 18 85 92 63 13 14 11 52 54 36 82 97 77 83 13 87 41 44 68 95 28 96 0 87 48 65 83 79 85 68 35 66 92 12 18 13 20 18 49 33 26 74 56 69 41 55 59 71 29 25 96 26 89 89 63 62 78 55 96 20 86 55 27 83 50 74 75 89 24 14 93 84 10 77 81 13 57 91 34 60 63 22 26 74 53 37 18 11 72 24 25 86 24 32 55 19 74 31 21 67 43 42
65 43 72 34 69 41 12 48 85 68 70 65 87 80 78 58 19 88 94 62 82 68 90 70 20 87 0 70 18 58 64 69 53 30 53 98 83 73 82 54 89 30 75 63 96 77 60 19 41 96 93 89 48 38 23 52 41 59 28 74 77 20 47 69 95 56 87 87 26 45 67 99 74 69 25 70 78 56 42 68 14 56 87 25 54 42 72 29 38 28 52 93 69 43 17 37 49 46 79 56 29 51 38 60 95
65 81 65 99 19 18 43 20 64 39 41 53 22 34 39 93 57 89 97 49 34 44 97 99 16 48 70 0 55 14 57 40 71 68 43 48 92 44 47 34 87 25 48 79 97 89 46 90 16 39 53 94 42 15 34 62 49 68 53 55 85 77 34 75 86 88 18 90 21 22 25 54 30 52 35 83 81 22 23 21 49 92 86 51 77 35 27 34 58 36 28 95 26 77 67 37 41 18 11 49 32 74 48 65 65
41 97 32 39 76 10 77 76 34 89 62 71 17 83 88 32 19 78 31 36 22 89 31 19 61 65 18 55 0 26 42 33 90 54 18 26 29 18 32 81 27 89 41 85 50 69 51 21 13 55 58 26 60 84 99 59 67 13 27 82 75 15 93 38 21 62 71 56 42 80 23 66 17 84 25 59 75 78 96 83 76 39 87 76 18 99 59 67 52 10 69 91 70 10 84 58 68 29 10 92 15 17 80 55 85
10 26 43 96 18 30 51 91 80 11 77 73 80 19 66 63 60 82 10 63 92 21 34 91 32 83 58 14 26 0 56 45 99 32 20 19 18 61 89 75 94 44 35 20 20 50 93 24 73 16 74 53 30 22 67 91 79 39 31 13 76 42 44 26 48 91 19 81 50 24 72 22 44 47 43 27 58 92 12 14 99 54 38 35 19 75 57 11 84 82 45 25 92 18 68 21 82 25 73 41 93 85 71 80 80
35 28 18 36 30 94 58 73 24 15 53 66 93 79 55 11 45 83 34 96 76 15 77 31 95 79 64 57 42 56 0 20 96 71 78 33 98 62 48 84 71 70 89 57 40 40 53 33 67 84 21 53 38 86 52 41 21 25 13 31 43 39 45 64 97 58 18 47 91 22 50 32 39 43 32 72 40 50 81 66 25 57 28 44 71 56 92 36 12 15 24 93 94 93 39 88 15 88 71 52 42 11 34 19 15
22 88 23 54 94 16 81 84 10 99 86 94 52 55 37 26 17 97 48 16 33 53 26 17 48 85 69 40 33 45 20 0 52 53 31 43 35 99 29 95 84 86 17 99 45 88 90 24 15 12 13 75 75 16 20 17 21 54 88 34 92 13 65 77 23 71 30 85 63 35 81 44 23 47 91 80 21 88 53 24 90 53 44 25 35 31 26 62 66 60 64 17 32 64 18 68 94 48 85 74 55 33 13 26 75
91 11 22 22 10 91 32 25 54 43 68 76 46 97 23 39 93 80 22 43 98 60 89 64 46 68 53 71 90 99 96 52 0 29 73 29 87 72 76 41 80 15 55 77 61 75 53 74 88 45 87 76 51 48 35 48 91 48 28 18 72 92 93 72 22 98 63 30 13 92 23 42 87 43 26 61 50 58 60 37 28 77 75 77 51 10 94 15 25 60 18 21 58 22 83 33 81 61 40 35 53 57 82 57 58
78 73 40 28 41 45 40 68 46 97 14 17 12 37 70 27 38 85 96 85 32 33 54 39 81 35 30 68 54 32 71 53 29 0 84 88 35 81 34 94 24 51 60 81 37 19 82 37 19 83 62 35 75 46 48 41 65 98 23 86 29 97 98 16 83 71 87 67 86 15 18 36 36 28 65 88 51 19 25 56 11 25 46 83 30 87 17 59 93 70 11 67 33 15 72 38 45 86 37 65 50 94 70 77 96
43 74 19 61 14 99 47 85 58 19 57 21 16 55 53 41 61 50 80 28 72 61 91 94 65 66 53 43 18 20 78 31 73 84 0 88 87 27 19 61 86 12 63 19 22 69 27 20 62 41 11 35 81 81 71 94 27 71 47 34 54 32 22 15 14 92 24 33 97 34 84 33 65 62 50 96 84 85 19 47 65 55 57 48 46 63 83 97 32 78 94 73 97 16 56 14 60 84 33 30 37 79 38 15 81
36 11 80 97 38 18 23 98 42 77 49 24 82 25 32 55 94 78 54 48 26 12 48 75 93 92 98 48 26 19 33 43 29 88 88 0 78 23 57 58 21 38 10 59 30 90 66 97 91 51 74 66 43 61 26 33 85 17 10 70 78 76 73 67 33 73 18 88 43 98 45 16 16 25 63 52 82 18 31 10 16 90 58 84 10 79 79 84 51 50 80 80 58 91 53 92 76 91 15 12 71 36 58 30 90
54 82 86 86 96 46 62 48 71 58 48 19 67 87 85 22 46 25 28 61 93 75 14 34 27 12 83 92 29 18 98 35 87 35 87 78 0 11 73 48 92 43 50 32 27 15 19 90 73 94 95 41 70 54 34 55 37 42 13 66 28 51 91 83 32 34 60 37 27 92 97 63 36 71 22 69 49 38 99 42 50 52 67 55 76 44 54 21 39 27 16 73 66 80 18 78 68 58 31 22 37 30 99 57 51
74 19 70 69 69 97 99 33 26 82 51 26 39 29 24 12 92 41 74 45 23 59 74 52 56 18 73 44 18 61 62 99 72 81 27 23 11 0 55 17 58 23 36 17 69 65 89 32 91 33 58 36 45 46 97 10 92 39 81 40 21 62 15 95 49 43 79 53 34 28 34 59 33 29 33 70 56 99 99 53 85 90 56 68 88 20 40 34 59 36 50 24 74 26 60 95 75 28 83 94 62 62 90 22 49
27 12 15 62 80 21 92 57 95 30 82 10 27 75 68 73 32 62 24 17 96 63 75 95 14 13 82 47 32 89 48 29 76 34 19 57 73 55 0 87 85 61 61 16 80 78 88 25 61 43 61 92 70 24 60 66 14 63 22 55 55 95 19 94 90 87 85 62 13 89 11 20 23 56 13 39 82 76 74 95 92 77 25 40 64 73 10 94 12 91 30 60 33 70 43 42 45 33 75 17 53 42 78 34 89
86 41 81 47 36 50 90 50 71 45 77 30 72 54 15 87 17 85 14 87 74 13 13 11 26 20 54 34 81 75 84 95 41 94 61 58 48 17 87 0 27 32 84 79 84 65 26 21 51 71 98 44 87 67 65 21 44 94 27 77 68 55 32 35 89 12 30 53 63 51 87 94 25 26 73 62 73 46 33 53 89 37 75 31 47 97 95 81 80 92 67 26 40 20 18 42 64 69 80 87 93 74 27 65 74
99 61 92 23 29 29 12 58 86 83 66 62 30 11 15 27 23 94 66 23 61 35 92 40 66 18 89 87 27 94 71 84 80 24 86 21 92 58 85 27 0 79 47 67 28 36 99 41 99 37 69 77 95 79 94 51 57 85 68 29 39 85 55 14 84 14 97 23 30 54 11 48 82 10 18 66 58 21 44 16 35 90 66 40 70 55 32 45 73 92 74 98 43 88 65 66 70 87 91 85 53 52 69 82 92
82 88 84 62 13 29 50 34 97 97 92 57 55 59 44 18 94 65 97 25 68 87 10 29 43 49 30 25 89 44 70 86 15 51 12 38 43 23 61 32 79 0 14 85 31 43 93 14 70 77 93 68 76 93 13 21 40 56 27 21 26 13 10 70 10 29 91 49 85 52 18 55 26 18 79 86 11 40 24 74 62 79 97 94 69 64 42 14 12 69 71 73 65 76 92 85 12 58 64 45 82 40 37 21 39
17 57 25 51 49 70 19 35 63 29 57 64 81 24 78 89 93 63 61 38 79 55 30 37 20 33 75 48 41 35 89 17 55 60 63 10 50 36 61 84 47 14 0 22 79 37 28 34 27 45 19 32 41 96 82 94 51 24 34 60 84 31 61 93 11 24 30 76 38 93 56 94 47 92 35 34 13 54 32 68 86 73 68 64 88 39 37 79 30 32 32 69 94 14 54 75 96 46 72 46 84 56 34 81 67
99 11 87 13 28 68 83 84 12 20 33 67 45 21 60 85 41 27 14 91 61 68 16 77 33 26 63 79 85 20 57 99 77 81 19 59 32 17 16 79 67 85 22 0 66 55 94 91 14 46 61 68 27 21 35 45 67 60 98 95 47 93 13 84 18 17 23 34 50 52 14 14 62 48 76 62 36 25 28 85 20 28 24 43 81 55 24 16 69 17 28 94 86 68 17 48 17 26 11 57 78 18 30 27 54
94 75 47 41 73 58 96 98 33 79 62 73 41 34 24 17 59 81 33 46 30 66 50 36 76 74 96 97 50 20 40 45 61 37 22 30 27 69 80 84 28 31 79 66 0 22 16 49 75 70 23 86 66 29 24 61 91 38 89 34 64 56 98 10 58 90 17 62 96 23 11 30 98 41 26 24 15 94 97 28 49 51 59 97 97 56 22 22 84 36 84 62 86 55 48 41 84 90 14 70 55 43 24 64 89
85 81 65 75 37 63 93 96 93 49 72 70 78 33 51 38 90 83 91 61 18 64 55 85 28 56 77 89 69 50 40 88 75 19 69 90 15 65 78 65 36 43 37 55 22 0 35 57 20 75 13 95 71 70 96 35 83 30 42 27 14 41 12 25 49 87 67 17 78 71 45 51 75 28 83 69 68 54 64 73 49 17 44 92 99 69 90 20 10 99 99 82 10 94 93 81 26 61 83 89 46 60 74 78 75
72 77 81 90 39 10 16 37 62 43 15 56 94 60 39 68 76 58 32 72 39 74 19 30 78 69 60 46 51 93 53 90 53 82 27 66 19 89 88 26 99 93 28 94 16 35 0 47 14 16 84 99 20 20 93 62 47 28 35 50 24 20 95 43 64 43 72 90 70 72 62 82 85 92 39 92 89 87 67 46 77 64 15 26 83 26 30 90 60 98 27 17 17 51 66 66 75 73 76 31 87 53 21 46 81
50 39 91 34 67 96 41 26 21 12 94 74 83 67 44 37 79 66 66 80 37 66 68 57 25 41 19 90 21 24 33 24 74 37 20 97 90 32 25 21 41 14 34 91 49 57 47 0 80 75 57 24 83 69 25 12 78 67 29 16 59 27 68 26 83 47 69 74 61 79 96 12 51 87 63 93 21 60 74 59 43 92 63 52 14 19 47 23 33 37 35 60 98 73 70 48 16 60 94 61 39 79 47 22 40
40 60 27 68 15 93 69 53 59 64 71 83 55 43 15 93 92 70 39 58 52 82 92 64 54 55 41 16 13 73 67 15 88 19 62 91 73 91 61 51 99 70 27 14 75 20 14 80 0 42 61 31 50 87 31 72 78 48 24 89 36 42 52 75 13 94 34 31 70 49 40 30 64 25 28 91 81 32 94 42 17 94 98 31 18 75 67 42 68 26 69 74 10 82 48 96 87 61 51 97 33 72 84 78 35
13 94 84 43 86 65 46 10 66 37 67 75 36 38 50 60 78 96 15 10 47 24 25 55 35 59 96 39 55 16 84 12 45 83 41 51 94 33 43 71 37 77 45 46 70 75 16 75 42 0 27 99 74 18 13 10 85 29 15 76 94 38 84 61 71 93 41 87 41 84 61 20 61 77 77 18 41 12 31 41 49 93 97 94 83 97 22 78 96 35 96 22 92 35 46 59 56 36 67 70 67 78 88 61 28
51 10 75 56 26 34 13 55 30 96 57 27 20 49 66 62 29 22 40 52 75 67 41 23 80 71 93 53 58 74 21 13 87 62 11 74 95 58 61 98 69 93 19 61 23 13 84 57 61 27 0 10 93 19 41 48 85 23 90 33 88 90 59 19 15 99 40 51 24 29 81 45 74 37 13 29 74 17 55 89 89 78 29 67 64 19 68 95 70 38 40 25 67 79 10 38 86 26 62 58 88 34 91 26 37
74 50 30 35 90 38 27 15 76 40 21 95 37 48 71 70 10 28 51 27 52 33 99 33 25 29 89 94 26 53 53 75 76 35 35 66 41 36 92 44 77 68 32 68 86 95 99 24 31 99 10 0 31 30 78 86 17 46 78 69 50 87 24 70 73 75 47 93 46 57 58 39 14 27 68 70 78 43 69 64 61 45 10 79 24 16 46 71 96 86 84 48 58 53 82 71 45 96 50 69 29 68 23 66 43
54 94 69 48 76 72 87 53 28 87 88 16 61 91 15 82 88 47 21 22 99 63 92 66 38 25 48 42 60 30 38 75 51 75 81 43 70 45 70 87 95 76 41 27 66 71 20 83 50 74 93 31 0 33 31 99 86 54 46 72 28 38 95 18 96 80 82 10 17 19 99 25 83 10 28 16 62 50 41 35 74 88 93 74 41 83 22 46 13 25 51 97 28 33 92 29 97 25 84 87 78 19 29 21 26
52 79 97 14 91 57 69 64 54 15 81 10 10 43 50 27 20 65 22 22 73 17 57 42 60 96 38 15 84 22 86 16 48 46 81 61 54 46 24 67 79 93 96 21 29 70 20 69 87 18 19 30 33 0 29 82 86 76 26 38 34 10 56 80 65 83 72 89 74 27 53 60 60 60 71 22 59 77 97 45 64 36 25 12 80 98 94 36 86 13 80 36 11 70 31 10 31 22 46 35 87 79 81 93 60
87 92 97 12 84 91 75 62 36 44 68 11 73 65 21 82 91 92 12 24 49 64 45 70 83 26 23 34 99 67 52 20 35 48 71 26 34 97 60 65 94 13 82 35 24 96 93 25 31 13 41 78 31 29 0 82 53 30 29 53 18 21 95 40 72 10 73 41 61 31 24 73 88 48 31 51 84 47 12 26 31 77 17 36 85 40 69 48 73 11 41 62 24 37 50 72 59 22 47 11 56 21 93 63 38
79 89 21 57 94 99 68 26 14 70 93 19 82 84 85 83 48 39 60 40 42 39 79 47 43 89 52 62 59 91 41 17 48 41 94 33 55 10 66 21 51 21 94 45 61 35 62 12 72 10 48 86 99 82 82 0 71 49 50 31 36 98 44 94 64 24 46 86 28 47 95 90 84 82 98 64 69 90 50 90 74 34 39 39 24 69 89 87 56 90 74 95 59 91 81 28 89 42 61 23 72 80 71 39 75
44 82 18 71 24 32 93 82 42 47 54 31 14 51 85 95 40 72 63 81 77 15 44 81 57 89 41 49 67 79 21 21 91 65 27 85 37 92 14 44 57 40 51 67 91 83 47 78 78 85 85 17 86 86 53 71 0 87 42 34 14 52 11 60 44 60 66 86 13 41 13 26 31 86 35 55 37 30 80 25 56 48 16 12 30 22 63 84 49 52 23 85 93 69 58 14 28 74 71 98 43 35 68 33 15
42 26 58 80 90 84 19 89 70 28 22 94 49 67 61 25 55 65 21 25 24 91 76 45 26 63 59 68 13 39 25 54 48 98 71 17 42 39 63 94 85 56 24 60 38 30 28 67 48 29 23 46 54 76 30 49 87 0 10 49 58 45 85 12 84 45 76 19 52 77 30 14 80 11 89 12 27 96 69 56 73 31 68 60 89 63 54 11 72 41 75 55 20 26 22 28 61 35 51 30 35 24 98 71 13
15 93 49 80 63 23 14 95 70 61 71 16 52 44 12 94 96 17 53 35 51 16 74 11 28 62 28 53 27 31 13 88 28 23 47 10 13 81 22 27 68 27 34 98 89 42 35 29 24 15 90 78 46 26 29 50 42 10 0 66 96 32 61 89 49 34 21 69 55 20 86 69 57 27 47 69 62 77 31 34 68 54 85 61 11 56 18 59 84 55 32 42 94 67 95 81 63 92 74 66 37 91 43 48 76
28 65 33 77 49 50 52 32 71 12 98 54 25 69 94 98 11 69 56 37 67 91 28 74 23 78 74 55 82 13 31 34 18 86 34 70 66 40 55 77 29 21 60 95 34 27 50 16 89 76 33 69 72 38 53 31 34 49 66 0 22 63 52 94 97 20 94 13 16 27 26 10 37 97 69 93 92 69 29 75 98 94 51 19 22 71 14 48 27 79 81 82 11 49 29 82 32 56 54 88 96 75 23 68 28
68 24 43 26 57 63 28 19 33 92 97 27 23 52 76 70 56 16 13 83 22 92 42 32 98 55 77 85 75 76 43 92 72 29 54 78 28 21 55 68 39 26 84 47 64 14 24 59 36 94 88 50 28 34 18 36 14 58 96 22 0 56 78 63 24 26 50 85 38 67 90 69 80 91 89 56 11 46 81 95 10 75 61 88 52 95 16 48 12 94 92 29 57 34 12 60 32 65 84 73 54 17 32 57 95
49 63 81 89 78 13 57 39 73 63 87 74 76 98 74 37 81 12 56 24 75 99 30 18 54 96 20 77 15 42 39 13 92 97 32 76 51 62 95 55 85 13 31 93 56 41 20 27 42 38 90 87 38 10 21 98 52 45 32 63 56 0 17 64 98 27 61 66 31 83 16 23 33 81 16 64 23 91 66 97 43 17 67 75 90 41 41 74 46 47 94 54 41 77 51 31 14 48 69 72 64 80 99 18 42
86 47 76 52 36 83 32 48 72 56 68 10 77 28 77 49 27 79 49 94 23 12 79 44 43 20 47 34 93 44 45 65 93 98 22 73 91 15 19 32 55 10 61 13 98 12 95 68 52 84 59 24 95 56 95 44 11 85 61 52 78 17 0 35 66 94 11 20 22 34 57 63 35 46 54 72 28 82 61 52 60 76 36 26 97 30 64 76 36 31 96 41 49 17 54 98 74 60 14 20 37 68 89 94 21
36 50 78 21 14 79 85 75 52 22 75 25 96 11 79 25 23 16 96 75 68 50 94 12 21 86 69 75 38 26 64 77 72 16 15 67 83 95 94 35 14 70 93 84 10 25 43 26 75 61 19 70 18 80 40 94 60 12 89 94 63 64 35 0 51 27 73 27 85 80 32 49 69 24 89 74 52 45 86 82 14 41 88 72 85 65 62 26 52 53 85 12 42 83 97 86 41 62 28 56 32 35 47 60 60
56 37 35 16 45 69 21 36 15 61 96 77 73 13 12 69 89 71 73 55 88 81 13 21 49 55 95 86 21 48 97 23 22 83 14 33 32 49 90 89 84 10 11 18 58 49 64 83 13 71 15 73 96 65 72 64 44 84 49 97 24 98 66 51 0 87 92 81 92 20 26 30 99 84 88 51 45 94 27 95 14 85 80 38 65 46 31 72 61 54 77 95 43 22 78 54 81 13 61 35 27 83 88 43 94
61 87 68 15 41 60 94 22 47 23 13 78 72 56 91 68 90 41 26 84 55 67 60 80 66 27 56 88 62 91 58 71 98 71 92 73 34 43 87 12 14 29 24 17 90 87 43 47 94 93 99 75 80 83 10 24 60 45 34 20 26 27 94 27 87 0 98 91 32 43 60 55 98 66 35 29 61 34 98 37 42 92 65 78 73 44 28 49 46 33 25 82 41 51 18 62 51 53 75 13 40 86 95 84 79
65 43 87 87 41 59 69 33 94 89 46 53 31 76 53 81 20 70 10 88 44 23 22 12 21 83 87 18 71 19 18 30 63 87 24 18 60 79 85 30 97 91 30 23 17 67 72 69 34 41 40 47 82 72 73 46 66 76 21 94 50 61 11 73 92 98 0 93 95 56 69 22 72 59 68 63 93 54 18 82 82 23 60 23 47 16 55 32 35 97 28 52 90 96 20 48 67 12 14 34 54 50 98 62 83
43 77 95 59 78 21 55 53 55 48 45 59 44 64 15 32 35 95 66 38 80 60 46 40 72 50 87 90 56 81 47 85 30 67 33 88 37 53 62 53 23 49 76 34 62 17 90 74 31 87 51 93 10 89 41 86 86 19 69 13 85 66 20 27 81 91 93 0 40 64 22 25 53 97 13 67 15 29 18 21 49 94 84 18 30 67 28 39 33 43 39 64 67 37 48 71 18 15 53 86 64 15 27 29 95
58 25 48 37 99 36 38 11 80 50 21 71 66 70 80 34 10 16 33 87 86 36 36 32 51 74 26 21 42 50 91 63 13 86 97 43 27 34 13 63 30 85 38 50 96 78 70 61 70 41 24 46 17 74 61 28 13 52 55 16 38 31 22 85 92 32 95 40 0 41 17 17 91 42 68 89 68 38 71 93 77 56 79 88 57 72 91 59 85 50 94 86 22 37 17 61 72 41 39 22 48 67 12 96 65
41 58 72 46 31 12 13 57 21 91 21 19 25 19 17 44 75 74 85 57 17 26 34 15 42 75 45 22 80 24 22 35 92 15 34 98 92 28 89 51 54 52 93 52 23 71 72 79 49 84 29 57 19 27 31 47 41 77 20 27 67 83 34 80 20 43 56 64 41 0 92 31 45 96 76 36 46 62 26 26 57 41 56 94 80 84 67 89 67 12 91 22 63 65 83 28 84 77 99 77 77 56 44 80 80
32 37 45 29 89 80 40 27 63 82 16 89 59 26 63 85 55 43 61 73 21 29 78 63 88 89 67 25 23 72 50 81 23 18 84 45 97 34 11 87 11 18 56 14 11 45 62 96 40 61 81 58 99 53 24 95 13 30 86 26 90 16 57 32 26 60 69 22 17 92 0 83 86 14 63 20 24 48 16 56 65 25 44 67 35 98 44 19 35 48 60 71 57 83 87 19 88 54 62 13 61 84 53 47 39
53 49 32 35 48 52 73 64 21 80 47 27 53 14 23 16 10 74 23 34 58 55 67 23 13 24 99 54 66 22 32 44 42 36 33 16 63 59 20 94 48 55 94 14 30 51 82 12 30 20 45 39 25 60 73 90 26 14 69 10 69 23 63 49 30 55 22 25 17 31 83 0 59 18 80 73 55 87 26 80 55 12 20 54 33 43 20 26 70 12 74 81 70 39 15 31 60 41 51 80 28 78 77 36 73
64 44 12 16 48 36 53 72 57 60 62 36 45 33 62 98 57 60 79 92 64 96 63 12 71 14 74 30 17 44 39 23 87 36 65 16 36 33 23 25 82 26 47 62 98 75 85 51 64 61 74 14 83 60 88 84 31 80 57 37 80 33 35 69 99 98 72 53 91 45 86 59 0 16 22 88 93 29 17 55 69 46 35 29 92 21 62 48 91 16 92 83 36 20 59 60 98 97 91 83 24 50 12 96 29
89 77 77 57 45 37 89 52 76 82 16 50 80 12 19 31 44 24 81 34 17 29 93 12 34 93 69 52 84 47 43 47 43 28 62 25 71 29 56 26 10 18 92 48 41 28 92 87 25 77 37 27 10 60 48 82 86 11 27 97 91 81 46 24 84 66 59 97 42 96 14 18 16 0 12 84 74 31 76 66 11 52 97 29 67 35 11 61 50 65 29 14 86 53 76 36 39 17 58 37 72 65 40 68 88
11 51 46 99 55 17 41 97 78 90 55 62 20 87 19 74 61 13 89 23 58 89 61 51 81 84 25 35 25 43 32 91 26 65 50 63 22 33 13 73 18 79 35 76 26 83 39 63 28 77 13 68 28 71 31 98 35 89 47 69 89 16 54 89 88 35 68 13 68 76 63 80 22 12 0 44 37 88 43 26 32 91 80 73 68 87 89 35 17 38 25 24 47 72 99 37 70 86 18 66 81 68 73 90 70
20 96 56 75 97 48 94 38 74 15 83 20 36 58 62 57 31 78 98 10 37 49 98 53 24 10 70 83 59 27 72 80 61 88 96 52 69 70 39 62 66 86 34 62 24 69 92 93 91 18 29 70 16 22 51 64 55 12 69 93 56 64 72 74 51 29 63 67 89 36 20 73 88 84 44 0 88 47 81 99 12 32 47 99 54 23 82 68 73 48 92 97 89 98 50 19 94 35 79 63 92 97 21 42 62
33 18 69 37 68 68 19 88 97 83 48 37 79 29 50 60 80 41 89 99 29 45 65 75 22 77 78 81 75 58 40 21 50 51 84 82 49 56 82 73 58 11 13 36 15 68 89 21 81 41 74 78 62 59 84 69 37 27 62 92 11 23 28 52 45 61 93 15 68 46 24 55 93 74 37 88 0 96 16 42 96 32 42 61 43 92 79 96 72 12 59 10 45 92 57 60 25 77 20 17 46 50 84 78 98
55 11 21 48 15 79 53 87 31 93 86 15 55 82 61 25 44 58 99 78 99 40 53 40 73 81 56 22 78 92 50 88 58 19 85 18 38 99 76 46 21 40 54 25 94 54 87 60 32 12 17 43 50 77 47 90 30 96 77 69 46 91 82 45 94 34 54 29 38 62 48 87 29 31 88 47 96 0 69 68 51 82 44 66 80 59 37 51 80 32 81 64 66 57 67 84 20 11 18 99 37 16 45 13 97
61 47 52 87 30 50 59 74 13 99 66 71 41 52 61 11 62 75 47 68 28 14 42 50 55 13 42 23 96 12 81 53 60 25 19 31 99 99 74 33 44 24 32 28 97 64 67 74 94 31 55 69 41 97 12 50 80 69 31 29 81 66 61 86 27 98 18 18 71 26 16 26 17 76 43 81 16 69 0 39 29 82 57 60 44 59 74 75 22 64 65 40 50 57 81 86 58 77 35 12 61 53 50 48 55
53 16 60 99 87 76 69 12 58 29 83 78 72 17 23 64 79 10 91 15 78 41 47 35 64 57 68 21 83 14 66 24 37 56 47 10 42 53 95 53 16 74 68 85 28 73 46 59 42 41 89 64 35 45 26 90 25 56 34 75 95 97 52 82 95 37 82 21 93 26 56 80 55 66 26 99 42 68 39 0 77 89 14 53 82 13 95 82 59 90 95 23 19 64 61 71 33 24 80 70 44 71 29 78 26
72 84 62 77 30 89 10 45 88 76 57 96 96 11 66 41 56 25 98 78 63 72 40 35 96 91 14 49 76 99 25 90 28 11 65 16 50 85 92 89 35 62 86 20 49 49 77 43 17 49 89 61 74 64 31 74 56 73 68 98 10 43 60 14 14 42 82 49 77 57 65 55 69 11 32 12 96 51 29 77 0 78 67 71 32 47 69 81 58 92 17 32 21 97 14 38 96 74 90 53 10 73 84 92 37
38 89 27 52 17 74 44 13 35 22 61 71 27 61 40 31 56 69 47 25 73 17 61 92 52 34 56 92 39 54 57 53 77 25 55 90 52 90 77 37 90 79 73 28 51 17 64 92 94 93 78 45 88 36 77 34 48 31 54 94 75 17 76 41 85 92 23 94 56 41 25 12 46 52 91 32 32 82 82 89 78 0 17 90 45 94 57 49 27 23 76 79 78 81 61 37 27 54 42 24 83 35 86 38 28
54 92 34 12 41 50 66 41 49 42 81 18 81 54 88 21 38 22 74 63 59 17 95 40 90 60 87 86 87 38 28 44 75 46 57 58 67 56 25 75 66 97 68 24 59 44 15 63 98 97 29 10 93 25 17 39 16 68 85 51 61 67 36 88 80 65 60 84 79 56 44 20 35 97 80 47 42 44 57 14 67 17 0 14 37 13 95 79 25 55 54 47 80 29 70 37 83 73 82 39 91 26 24 97 43
14 77 89 92 37 27 58 42 64 16 44 50 24 35 85 75 36 45 87 29 24 33 19 63 23 63 25 51 76 35 44 25 77 83 48 84 55 68 40 31 40 94 64 43 97 92 26 52 31 94 67 79 74 12 36 39 12 60 61 19 88 75 26 72 38 78 23 18 88 94 67 54 29 29 73 99 61 66 60 53 71 90 14 0 68 75 45 75 57 59 22 18 41 37 59 13 22 58 96 54 33 87 63 74 21
18 40 63 88 99 53 80 45 93 10 81 65 33 19 46 30 27 69 26 16 97 91 73 67 91 22 54 77 18 19 71 35 51 30 46 10 76 88 64 47 70 69 88 81 97 99 83 14 18 83 64 24 41 80 85 24 30 89 11 22 52 90 97 85 65 73 47 30 57 80 35 33 92 67 68 54 43 80 44 82 32 45 37 68 0 64 14 66 12 49 65 36 48 53 83 52 52 40 17 21 12 26 93 30 38
64 22 36 43 88 58 49 29 20 80 64 75 70 49 93 22 38 28 67 47 81 31 97 51 42 26 42 35 99 75 56 31 10 87 63 79 44 20 73 97 55 64 39 55 56 69 26 19 75 97 19 16 83 98 40 69 22 63 56 71 95 41 30 65 46 44 16 67 72 84 98 43 21 35 87 23 92 59 59 13 47 94 13 75 64 0 35 16 63 16 26 99 12 50 89 45 76 52 75 44 13 45 62 56 97
60 56 27 80 16 75 65 69 88 34 29 75 67 34 32 29 59 79 67 87 38 52 99 72 84 74 72 27 59 57 92 26 94 17 83 79 54 40 10 95 32 42 37 24 22 90 30 47 67 22 68 46 22 94 69 89 63 54 18 14 16 41 64 62 31 28 55 28 91 67 44 20 62 11 89 82 79 37 74 95 69 57 95 45 14 35 0 33 49 19 49 41 55 36 95 63 75 29 25 89 83 89 53 79 58
17 47 51 84 99 17 91 61 64 83 96 86 44 49 53 26 97 45 45 26 42 42 43 98 43 53 29 34 67 11 36 62 15 59 97 84 21 34 94 81 45 14 79 16 22 20 90 23 42 78 95 71 46 36 48 87 84 11 59 48 48 74 76 26 72 49 32 39 59 89 19 26 48 61 35 68 96 51 75 82 81 49 79 75 66 16 33 0 60 20 88 91 12 88 38 24 74 11 11 18 45 68 63 49 48
26 34 59 77 66 82 98 19 26 12 17 52 91 44 96 67 40 54 66 51 25 34 17 52 35 37 38 58 52 84 12 66 25 93 32 51 39 59 12 80 73 12 30 69 84 10 60 33 68 96 70 96 13 86 73 56 49 72 84 27 12 46 36 52 61 46 35 33 85 67 35 70 91 50 17 73 72 80 22 59 58 27 25 57 12 63 49 60 0 27 59 48 60 41 43 81 77 95 20 81 56 30 65 55 37
88 77 97 40 50 11 51 35 38 89 34 50 31 18 99 77 67 81 39 86 53 56 23 21 13 18 28 36 10 82 15 60 60 70 78 50 27 36 91 92 92 69 32 17 36 99 98 37 26 35 38 86 25 13 11 90 52 41 55 79 94 47 31 53 54 33 97 43 50 12 48 12 16 65 38 48 12 32 64 90 92 23 55 59 49 16 19 20 27 0 66 30 27 78 40 60 77 24 72 83 18 71 44 13 79
45 19 11 54 28 98 13 71 88 57 44 97 37 26 91 52 60 22 69 54 19 13 50 49 48 11 52 28 69 45 24 64 18 11 94 80 16 50 30 67 74 71 32 28 84 99 27 35 69 96 40 84 51 80 41 74 23 75 32 81 92 94 96 85 77 25 28 39 94 91 60 74 92 29 25 92 59 81 65 95 17 76 54 22 65 26 49 88 59 66 0 22 22 59 97 39 28 98 30 45 40 21 26 47 19
89 63 98 69 41 97 51 62 64 56 24 29 15 97 95 85 87 96 25 64 41 70 41 36 36 72 93 95 91 25 93 17 21 67 73 80 73 24 60 26 98 73 69 94 62 82 17 60 74 22 25 48 97 36 62 95 85 55 42 82 29 54 41 12 95 82 52 64 86 22 71 81 83 14 24 97 10 64 40 23 32 79 47 18 36 99 41 91 48 30 22 0 48 28 55 49 19 39 96 95 25 10 62 71 90
53 87 81 34 50 43 72 11 82 56 78 34 99 53 90 86 44 42 37 62 82 70 85 71 24 24 69 26 70 92 94 32 58 33 97 58 66 74 33 40 43 65 94 86 86 10 17 98 10 92 67 58 28 11 24 59 93 20 94 11 57 41 49 42 43 41 90 67 22 63 57 70 36 86 47 89 45 66 50 19 21 78 80 41 48 12 55 12 60 27 22 48 0 91 30 74 70 50 96 79 73 70 54 47 20
20 64 31 42 98 69 98 12 89 81 27 23 48 47 15 70 22 33 40 17 52 74 46 94 51 25 43 77 10 18 93 64 22 15 16 91 80 26 70 20 88 76 14 68 55 94 51 73 82 35 79 53 33 70 37 91 69 26 67 49 34 77 17 83 22 51 96 37 37 65 83 39 20 53 72 98 92 57 57 64 97 81 29 37 53 50 36 88 41 78 59 28 91 0 66 56 54 42 23 41 65 26 26 13 81
59 71 86 49 89 28 60 75 97 51 29 18 99 29 48 40 95 76 88 30 93 24 18 79 75 86 17 67 84 68 39 18 83 72 56 53 18 60 43 18 65 92 54 17 48 93 66 70 48 46 10 82 92 31 50 81 58 22 95 29 12 51 54 97 78 18 20 48 17 83 87 15 59 76 99 50 57 67 81 61 14 61 70 59 83 89 95 38 43 40 97 55 30 66 0 12 65 92 83 28 81 11 95 46 34
14 89 65 26 82 87 97 77 43 30 68 91 51 54 94 76 71 14 98 66 73 91 95 31 77 24 37 37 58 21 88 68 33 38 14 92 78 95 42 42 66 85 75 48 41 81 66 48 96 59 38 71 29 10 72 28 14 28 81 82 60 31 98 86 54 62 48 71 61 28 19 31 60 36 37 19 60 84 86 71 38 37 37 13 52 45 63 24 81 60 39 49 74 56 12 0 28 63 40 76 42 55 74 80 68
50 69 35 54 47 28 63 39 11 50 30 22 22 31 78 94 76 40 88 16 10 48 51 19 87 32 49 41 68 82 15 94 81 45 60 76 68 75 45 64 70 12 96 17 84 26 75 16 87 56 86 45 97 31 59 89 28 61 63 32 32 14 74 41 81 51 67 18 72 84 88 60 98 39 70 94 25 20 58 33 96 27 83 22 52 76 75 74 77 77 28 19 70 54 65 28 0 39 46 48 23 56 89 94 26
40 86 55 47 20 80 83 57 66 67 56 86 27 63 57 80 59 86 65 88 88 65 50 45 15 55 46 18 29 25 88 48 61 86 84 91 58 28 33 69 87 58 46 26 90 61 73 60 61 36 26 96 25 22 22 42 74 35 92 56 65 48 60 62 13 53 12 15 41 77 54 41 97 17 86 35 77 11 77 24 74 54 73 58 40 52 29 11 95 24 98 39 50 42 92 63 39 0 77 80 63 74 20 54 86
69 27 35 95 99 14 19 64 82 55 62 86 29 41 85 27 12 52 75 19 94 76 61 85 19 19 79 11 10 73 71 85 40 37 33 15 31 83 75 80 91 64 72 11 14 83 76 94 51 67 62 50 84 46 47 61 71 51 74 54 84 69 14 28 61 75 14 53 39 99 62 51 91 58 18 79 20 18 35 80 90 42 82 96 17 75 25 11 20 72 30 96 96 23 83 40 46 77 0 74 44 72 48 85 34
57 79 59 89 69 34 29 28 85 83 64 71 64 14 13 85 25 52 14 81 51 23 61 80 48 74 56 49 92 41 52 74 35 65 30 12 22 94 17 87 85 45 46 57 70 89 31 61 97 70 58 69 87 35 11 23 98 30 66 88 73 72 20 56 35 13 34 86 22 77 13 80 83 37 66 63 17 99 12 70 53 24 39 54 21 44 89 18 81 83 45 95 79 41 28 76 48 80 74 0 11 20 39 96 68
67 96 94 15 91 77 38 76 30 14 89 92 26 45 17 97 82 25 16 69 15 80 67 39 38 31 29 32 15 93 42 55 53 50 37 71 37 62 53 93 53 82 84 78 55 46 87 39 33 67 88 29 78 87 56 72 43 35 37 96 54 64 37 32 27 40 54 64 48 77 61 28 24 72 81 92 46 37 61 44 10 83 91 33 12 13 83 45 56 18 40 25 73 65 81 42 23 63 44 11 0 62 35 26 69
11 99 42 17 45 86 36 17 88 37 50 36 60 63 51 46 89 77 82 87 30 89 97 34 30 21 51 74 17 85 11 33 57 94 79 36 30 62 42 74 52 40 56 18 43 60 53 79 72 78 34 68 19 79 21 80 35 24 91 75 17 80 68 35 83 86 50 15 67 56 84 78 50 65 68 97 50 16 53 71 73 35 26 87 26 45 89 68 30 71 21 10 70 26 11 55 56 74 72 20 62 0 87 40 63
33 20 96 51 44 77 12 96 47 21 31 24 10 14 49 29 10 55 80 46 38 25 95 47 83 67 38 48 80 71 34 13 82 70 38 58 99 90 78 27 69 37 34 30 24 74 21 47 84 88 91 23 29 81 93 71 68 98 43 23 32 99 89 47 88 95 98 27 12 44 53 77 12 40 73 21 84 45 50 29 84 86 24 63 93 62 53 63 65 44 26 62 54 26 95 74 89 20 48 39 35 87 0 44 23
70 33 97 59 46 91 50 50 98 46 55 61 43 58 96 34 62 67 15 73 66 38 84 67 42 43 60 65 55 80 19 26 57 77 15 30 57 22 34 65 82 21 81 27 64 78 46 22 78 61 26 66 21 93 63 39 33 71 48 68 57 18 94 60 43 84 62 29 96 80 47 36 96 68 90 42 78 13 48 78 92 38 97 74 30 56 79 49 55 13 47 71 47 13 46 80 94 54 85 96 26 40 44 0 63
46 15 63 16 68 67 83 23 30 10 84 56 34 60 66 18 62 73 23 72 17 34 94 53 86 42 95 65 85 80 15 75 58 96 81 90 51 49 89 74 92 39 67 54 89 75 81 40 35 28 37 43 26 60 38 75 15 13 76 28 95 42 21 60 94 79 83 95 65 80 39 73 29 88 70 62 98 97 55 26 37 28 43 21 38 97 58 48 37 79 19 90 20 81 34 68 26 86 34 68 69 63 23 63 0