90
0 93 87 82 21 54 40 71 68 73 91 10 58 16 92 31 44 49 14 86 49 21 37 15 28 63 30 70 52 56 78 54 93 15 71 99 46 31 18 93 82 87 25 78 79 74 24 79 43 25 60 21 83 70 99 20 15 18 96 30 40 45 97 31 77 54 15 24 92 54 76 80 32 30 26 84 78 41 46 33 56 58 66 59 96 38 55 18 64 43
93 0 81 91 84 79 98 41 48 70 46 21 66 49 43 84 17 38 73 44 54 49 97 29 82 14 24 57 68 39 12 38 25 90 68 79 13 12 40 18 37 72 19 93 97 97 72 37 51 22 83 61 35 20 23 66 32 65 58 19 99 98 18 61 72 97 43 26 35 28 69 84 74 86 80 59 67 41 18 54 31 57 54 77 15 55 79 39 42 29
87 81 0 38 86 50 16 71 37 53 14 94 43 23 90 92 83 85 31 61 35 18 68 61 80 30 49 84 42 66 45 43 65 72 15 13 71 15 16 94 54 80 33 23 48 59 95 47 62 45 69 14 75 78 49 51 28 58 63 50 49 56 89 44 15 66 26 77 86 33 19 98 67 96 99 80 78 50 32 34 81 51 25 69 92 53 57 36 89 30
82 91 38 0 15 39 43 77 78 55 10 66 82 69 57 23 86 39 55 82 22 17 52 76 78 40 84 97 11 24 96 36 12 33 15 90 19 85 83 58 17 89 33 17 32 52 68 45 66 17 49 78 13 53 49 62 78 97 12 54 76 72 33 34 86 73 43 81 37 20 47 48 36 12 62 16 33 21 20 75 39 34 81 86 78 22 77 60 25 77
21 84 86 15 0 50 62 88 12 35 98 58 18 81 36 68 86 68 35 96 59 50 57 85 74 38 56 72 54 76 58 31 75 53 99 59 60 36 63 15 49 90 29 94 34 77 94 68 51 20 10 11 31 87 86 81 99 27 83 81 92 96 54 42 69 96 87 74 59 92 30 46 14 75 36 18 96 43 17 19 31 31 79 58 81 61 90 54 24 14
54 79 50 39 50 0 76 96 85 21 98 95 41 60 68 99 50 43 18 19 82 57 73 90 84 53 85 74 94 31 69 11 11 45 48 16 47 21 31 41 92 84 95 10 58 62 70 48 50 17 20 83 69 72 68 82 45 22 80 44 38 30 98 91 59 51 55 76 44 50 96 30 64 69 26 15 74 71 74 77 71 26 35 12 28 29 20 89 46 55
40 98 16 43 62 76 0 83 98 28 35 39 19 86 97 85 60 85 96 21 29 66 96 51 13 20 93 25 15 91 20 15 25 81 89 39 96 91 49 99 75 44 90 58 22 33 54 76 10 11 57 26 98 42 38 92 41 60 54 70 84 16 45 53 12 70 65 37 57 17 87 91 62 65 88 25 92 27 93 97 48 78 42 83 31 37 92 63 55 98
71 41 71 77 88 96 83 0 38 63 11 64 79 84 37 47 36 79 50 13 95 83 48 96 29 32 33 98 32 65 62 94 67 63 16 37 65 98 37 72 15 88 77 46 35 52 84 15 35 86 57 93 15 16 32 33 40 23 78 10 63 20 60 85 60 49 11 89 25 87 71 58 67 26 40 59 45 75 83 27 15 15 53 76 82 61 38 82 32 16
68 48 37 78 12 85 98 38 0 42 78 41 83 79 75 27 93 64 55 21 77 35 47 67 60 35 11 67 68 58 74 11 36 17 62 30 33 60 31 71 97 84 42 88 94 78 50 35 27 56 55 42 14 20 42 41 81 88 48 72 23 88 35 31 53 29 79 18 91 95 65 78 57 59 41 23 45 81 33 67 69 93 35 31 24 86 47 82 68 59
73 70 53 55 35 21 28 63 42 0 55 18 88 73 61 57 24 80 15 76 96 91 71 43 85 72 41 51 53 45 66 41 40 21 42 89 68 66 23 78 98 93 12 70 21 99 84 45 21 19 58 67 70 91 87 88 18 14 76 52 69 63 27 16 47 99 62 39 13 50 55 93 86 78 14 41 93 13 99 68 42 56 73 81 45 60 62 15 67 62
91 46 14 10 98 98 35 11 78 55 0 64 30 15 50 36 53 80 17 70 95 18 18 45 96 48 68 88 76 19 81 96 74 75 92 50 71 84 26 50 35 52 76 56 91 56 58 86 91 50 70 54 65 27 75 17 21 34 34 34 50 65 25 95 75 34 77 80 28 32 17 16 79 85 56 32 65 93 45 34 43 64 57 20 21 42 27 70 53 99
10 21 94 66 58 95 39 64 41 18 64 0 66 14 87 31 64 25 98 78 44 42 52 16 13 23 48 66 83 86 89 73 30 34 90 43 71 25 61 22 44 39 40 22 85 88 24 93 57 92 98 67 75 68 21 16 11 11 78 57 90 21 16 42 10 62 60 82 12 30 44 24 74 28 63 72 99 68 52 64 79 56 77 49 47 37 12 97 26 35
58 66 43 82 18 41 19 79 83 88 30 66 0 51 75 78 15 86 33 27 96 69 24 29 56 74 43 73 49 13 66 33 40 86 54 90 47 44 92 96 97 15 80 16 57 64 35 75 89 28 77 29 64 31 20 69 48 54 80 62 24 83 98 37 78 96 76 68 94 45 27 18 77 51 37 44 70 49 64 98 41 55 71 89 32 58 91 17 41 11
16 49 23 69 81 60 86 84 79 73 15 14 51 0 63 60 26 17 27 99 88 32 88 60 37 83 89 82 58 20 91 73 78 93 67 80 89 23 95 52 23 87 83 77 19 16 74 46 40 89 85 73 74 74 57 70 41 28 58 77 76 22 70 98 72 23 45 28 99 63 68 94 42 63 21 62 36 28 36 93 28 73 24 66 10 74 94 42 21 43
92 43 90 57 36 68 97 37 75 61 50 87 75 63 0 73 92 20 43 89 67 82 12 41 31 16 10 75 16 30 55 47 76 13 74 24 60 52 89 69 19 74 29 74 48 35 99 25 58 99 23 14 14 82 99 63 30 32 39 88 75 67 85 72 92 76 32 52 21 38 78 26 27 25 93 98 21 55 96 17 36 20 73 60 55 21 66 70 17 98
31 84 92 23 68 99 85 47 27 57 36 31 78 60 73 0 32 97 54 73 13 82 85 92 99 60 13 67 82 93 18 61 13 89 53 74 59 59 53 61 21 24 33 44 88 62 84 55 48 39 28 45 72 64 69 59 48 26 21 20 35 84 94 48 48 87 67 50 11 30 89 75 66 64 95 40 85 79 63 39 29 11 21 99 39 40 28 84 75 47
44 17 83 86 86 50 60 36 93 24 53 64 15 26 92 32 0 67 88 34 90 82 52 22 65 55 26 79 36 79 11 98 39 85 12 10 75 86 81 75 48 11 51 48 46 45 75 26 13 14 91 24 57 67 59 26 52 96 61 49 22 81 35 28 68 20 61 40 69 58 53 20 46 34 12 37 18 72 50 96 81 18 35 44 75 83 27 67 38 13
49 38 85 39 68 43 85 79 64 80 80 25 86 17 20 97 67 0 70 53 89 17 91 83 53 24 87 78 67 56 16 92 53 61 63 74 73 97 89 76 63 68 25 74 95 53 18 13 13 20 49 78 69 90 68 81 67 83 72 99 51 33 96 54 14 60 72 14 95 67 54 98 88 72 83 21 85 59 23 35 66 73 69 31 11 23 23 39 38 20
14 73 31 55 35 18 96 50 55 15 17 98 33 27 43 54 88 70 0 75 61 87 37 44 84 73 85 77 27 39 75 72 27 89 73 76 14 90 24 77 95 14 32 63 43 88 50 87 28 57 32 99 52 47 58 29 85 31 71 23 16 75 50 95 74 64 38 65 16 38 90 57 75 18 82 13 56 72 97 71 39 69 64 58 19 83 64 71 47 30
86 44 61 82 96 19 21 13 21 76 70 78 27 99 89 73 34 53 75 0 66 20 46 58 95 79 15 46 98 79 50 49 33 93 47 30 61 41 18 68 11 27 85 70 36 82 98 27 63 49 63 81 54 95 89 16 64 52 36 67 88 79 44 42 74 27 91 88 59 11 84 17 62 82 54 44 78 92 51 29 88 57 58 38 34 39 58 68 26 19
49 54 35 22 59 82 29 95 77 96 95 44 96 88 67 13 90 89 61 66 0 55 28 72 70 43 17 25 93 42 63 63 17 57 88 16 97 83 18 71 80 51 53 38 16 80 79 14 82 75 44 65 35 23 46 54 72 40 84 36 35 42 41 99 26 98 47 54 79 50 98 91 60 54 41 86 71 77 22 82 96 50 32 83 62 88 78 52 68 80
21 49 18 17 50 57 66 83 35 91 18 42 69 32 82 82 82 17 87 20 55 0 18 28 61 70 79 25 78 76 10 40 23 54 13 20 80 42 37 66 35 59 68 56 57 38 99 36 78 32 84 50 73 43 28 71 13 45 45 15 51 65 18 58 99 43 44 89 12 40 93 17 79 47 96 32 45 23 34 26 52 81 76 24 73 85 91 18 66 42
37 97 68 52 57 73 96 48 47 71 18 52 24 88 12 85 52 91 37 46 28 18 0 64 79 29 99 59 27 92 44 94 38 20 87 32 23 94 89 95 27 89 32 70 98 35 20 42 83 60 11 25 40 71 24 53 61 26 23 41 12 90 44 18 50 94 91 59 13 85 85 63 42 67 76 82 73 85 50 55 80 67 19 79 86 82 52 21 97 54
15 29 61 76 85 90 51 96 67 43 45 16 29 60 41 92 22 83 44 58 72 28 64 0 13 38 72 70 57 51 18 65 36 20 25 94 41 62 64 18 19 41 75 56 25 73 90 16 40 87 54 23 84 79 12 84 30 32 88 40 89 33 93 82 58 25 27 77 66 51 43 28 97 45 26 48 86 21 38 73 27 27 45 32 31 34 86 60 60 57
28 82 80 78 74 84 13 29 60 85 96 13 56 37 31 99 65 53 84 95 70 61 79 13 0 34 77 75 50 47 31 34 92 39 99 41 33 57 51 32 81 58 72 48 11 16 80 26 19 50 51 46 21 93 39 66 89 44 23 51 39 57 35 91 18 93 11 84 13 96 24 14 57 45 43 13 71 27 46 79 30 33 91 20 31 25 38 29 85 63
63 14 30 40 38 53 20 32 35 72 48 23 74 83 16 60 55 24 73 79 43 70 29 38 34 0 39 90 24 69 46 63 73 86 94 56 35 10 41 68 13 81 53 84 74 67 96 87 92 17 26 34 96 98 59 48 95 92 96 51 38 87 69 27 28 82 82 57 36 42 20 82 71 54 89 51 85 67 12 65 29 85 87 99 56 25 14 30 71 45
30 24 49 84 56 85 93 33 11 41 68 48 43 89 10 13 26 87 85 15 17 79 99 72 77 39 0 88 84 68 57 31 95 17 85 55 31 81 87 63 70 65 68 96 72 61 49 13 32 16 60 11 58 63 90 92 65 59 86 53 80 38 75 57 52 56 70 17 38 78 76 99 35 39 49 85 75 90 37 63 19 79 23 88 76 98 17 90 57 66
70 57 84 97 72 74 25 98 67 51 88 66 73 82 75 67 79 78 77 46 25 25 59 70 75 90 88 0 54 70 56 46 80 10 82 40 73 97 47 32 31 60 90 90 59 21 15 98 34 19 39 17 86 56 57 99 19 80 66 19 68 23 86 91 42 60 32 84 16 51 56 16 50 99 18 24 44 80 98 55 48 87 98 53 82 25 66 99 43 16
52 68 42 11 54 94 15 32 68 53 76 83 49 58 16 82 36 67 27 98 93 78 27 57 50 24 84 54 0 57 30 43 99 87 64 78 37 65 26 72 44 27 68 51 67 55 75 17 49 90 29 14 22 23 27 25 34 67 60 90 69 81 85 78 29 27 45 29 96 72 57 43 88 21 23 51 35 31 51 61 22 54 70 50 85 52 98 69 21 16
56 39 66 24 76 31 91 65 58 45 19 86 13 20 30 93 79 56 39 79 42 76 92 51 47 69 68 70 57 0 88 19 74 90 14 97 76 91 71 95 70 18 95 65 68 90 32 55 87 68 89 22 92 93 93 23 93 46 21 96 45 22 10 38 53 10 90 32 16 58 79 44 66 96 53 82 61 76 59 67 25 33 86 29 64 90 24 69 60 49
78 12 45 96 58 69 20 62 74 66 81 89 66 91 55 18 11 16 75 50 63 10 44 18 31 46 57 56 30 88 0 98 54 50 28 58 44 24 13 44 30 42 58 59 27 26 90 29 50 55 82 92 40 38 47 59 53 67 56 89 50 61 67 99 93 74 56 12 34 34 94 38 31 43 69 91 59 77 64 49 77 70 66 39 70 18 93 50 90 84
54 38 43 36 31 11 15 94 11 41 96 73 33 73 47 61 98 92 72 49 63 40 94 65 34 63 31 46 43 19 98 0 28 80 50 76 87 63 93 71 27 14 45 89 35 55 60 89 77 93 32 89 75 91 29 10 86 33 66 11 79 85 44 11 93 89 98 20 86 73 19 63 12 38 64 79 79 46 80 84 71 71 47 65 15 27 39 78 36 17
93 25 65 12 75 11 25 67 36 40 74 30 40 78 76 13 39 53 27 33 17 23 38 36 92 73 95 80 99 74 54 28 0 89 23 39 40 89 64 17 59 51 18 58 97 12 10 69 75 13 80 83 37 59 62 74 26 63 44 10 83 62 82 52 27 60 60 35 75 95 44 38 83 69 83 91 14 41 40 92 15 62 40 41 68 59 79 85 81 21
15 90 72 33 53 45 81 63 17 21 75 34 86 93 13 89 85 61 89 93 57 54 20 20 39 86 17 10 87 90 50 80 89 0 97 64 17 66 33 87 81 12 99 40 56 23 64 95 75 79 19 20 77 73 22 44 42 38 82 24 63 24 67 65 43 86 92 16 29 71 70 38 48 27 67 53 48 16 18 69 12 14 31 84 59 61 81 82 45 95
71 68 15 15 99 48 89 16 62 42 92 90 54 67 74 53 12 63 73 47 88 13 87 25 99 94 85 82 64 14 28 50 23 97 0 32 42 50 28 59 86 69 14 26 63 46 47 11 35 95 35 72 44 11 48 23 50 22 72 87 13 35 14 69 71 25 81 47 24 27 96 76 69 10 71 89 87 90 16 61 79 30 72 94 36 54 82 36 76 55
99 79 13 90 59 16 39 37 30 89 50 43 90 80 24 74 10 74 76 30 16 20 32 94 41 56 55 40 78 97 58 76 39 64 32 0 21 86 34 61 20 15 67 22 40 44 32 88 73 51 81 61 32 17 80 20 84 58 10 99 69 15 50 66 52 69 39 46 88 54 99 51 76 18 27 16 46 32 83 24 19 88 51 22 93 25 71 27 92 29
46 13 71 19 60 47 96 65 33 68 71 71 47 89 60 59 75 73 14 61 97 80 23 41 33 35 31 73 37 76 44 87 40 17 42 21 0 11 98 17 38 64 15 31 17 51 12 47 96 65 68 63 74 66 87 22 85 23 50 25 14 77 53 89 23 67 80 63 57 98 14 20 44 26 49 90 51 92 63 19 93 94 44 50 40 35 33 11 34 87
31 12 15 85 36 21 91 98 60 66 84 25 44 23 52 59 86 97 90 41 83 42 94 62 57 10 81 97 65 91 24 63 89 66 50 86 11 0 16 46 33 11 40 63 68 83 43 26 56 80 68 52 88 13 39 12 95 52 19 26 43 88 43 33 69 38 13 48 97 72 16 20 45 94 96 26 33 54 43 68 90 81 59 95 29 31 55 12 50 34
18 40 16 83 63 31 49 37 31 23 26 61 92 95 89 53 81 89 24 18 18 37 89 64 51 41 87 47 26 71 13 93 64 33 28 34 98 16 0 34 21 23 19 35 98 91 70 97 97 99 84 27 95 48 71 55 95 46 95 93 27 29 46 24 32 34 27 92 35 86 44 49 10 73 91 74 66 28 71 13 86 89 36 70 96 89 94 31 96 81
93 18 94 58 15 41 99 72 71 78 50 22 96 52 69 61 75 76 77 68 71 66 95 18 32 68 63 32 72 95 44 71 17 87 59 61 17 46 34 0 90 94 48 50 69 12 89 75 29 57 95 62 12 61 84 82 80 48 41 42 11 79 10 47 87 63 16 32 22 77 96 26 98 46 88 75 97 97 90 84 83 42 20 75 68 77 73 90 80 79
82 37 54 17 49 92 75 15 97 98 35 44 97 23 19 21 48 63 95 11 80 35 27 19 81 13 70 31 44 70 30 27 59 81 86 20 38 33 21 90 0 31 15 57 99 84 25 99 60 44 97 13 51 26 36 92 75 94 37 27 68 97 89 55 61 76 52 55 41 52 48 57 41 94 13 33 81 85 68 14 70 33 72 85 98 45 11 49 48 40
87 72 80 89 90 84 44 88 84 93 52 39 15 87 74 24 11 68 14 27 51 59 89 41 58 81 65 60 27 18 42 14 51 12 69 15 64 11 23 94 31 0 95 91 51 77 33 32 36 90 89 20 96 82 96 50 37 74 40 65 31 31 25 87 76 43 74 67 36 58 69 53 17 97 41 74 58 78 38 89 35 33 73 80 66 80 69 63 11 81
25 19 33 33 29 95 90 77 42 12 76 40 80 83 29 33 51 25 32 85 53 68 32 75 72 53 68 90 68 95 58 45 18 99 14 67 15 40 19 48 15 95 0 98 38 69 71 18 26 80 77 31 23 12 66 83 66 84 34 55 40 53 81 34 98 58 65 33 78 70 58 94 97 30 37 56 74 80 30 63 52 87 43 42 99 46 83 83 33 90
78 93 23 17 94 10 58 46 88 70 56 22 16 77 74 44 48 74 63 70 38 56 70 56 48 84 96 90 51 65 59 89 58 40 26 22 31 63 35 50 57 91 98 0 95 78 15 20 51 50 58 44 75 35 40 44 88 25 64 62 99 77 43 83 48 69 92 78 82 15 86 92 69 24 27 23 36 67 60 12 97 18 37 61 12 35 20 39 26 38
79 97 48 32 34 58 22 35 94 21 91 85 57 19 48 88 46 95 43 36 16 57 98 25 11 74 72 59 67 68 27 35 97 56 63 40 17 68 98 69 99 51 38 95 0 54 93 86 53 61 64 50 97 59 93 13 14 61 57 38 47 67 24 16 57 66 39 72 59 80 26 96 90 45 53 60 77 80 20 99 51 79 15 37 76 52 96 21 88 52
74 97 59 52 77 62 33 52 78 99 56 88 64 16 35 62 45 53 88 82 80 38 35 73 16 67 61 21 55 90 26 55 12 23 46 44 51 83 91 12 84 77 69 78 54 0 74 22 51 12 37 94 47 32 84 87 94 98 29 68 32 54 44 78 93 97 21 38 76 44 26 44 16 28 75 28 24 16 44 43 92 18 21 55 11 81 13 19 82 95
24 72 95 68 94 70 54 84 50 84 58 24 35 74 99 84 75 18 50 98 79 99 20 90 80 96 49 15 75 32 90 60 10 64 47 32 12 43 70 89 25 33 71 15 93 74 0 55 13 29 93 40 43 74 71 28 78 80 73 49 94 12 93 62 87 12 58 47 99 52 98 21 95 20 73 66 77 65 71 15 22 63 64 87 40 63 25 82 20 48
79 37 47 45 68 48 76 15 35 45 86 93 75 46 25 55 26 13 87 27 14 36 42 16 26 87 13 98 17 55 29 89 69 95 11 88 47 26 97 75 99 32 18 20 86 22 55 0 58 11 12 27 25 35 38 38 21 80 67 71 24 49 50 64 68 16 56 20 92 60 58 73 30 66 23 72 17 80 96 60 26 73 21 96 64 34 14 35 42 79
43 51 62 66 51 50 10 35 27 21 91 57 89 40 58 48 13 13 28 63 82 78 83 40 19 92 32 34 49 87 50 77 75 75 35 73 96 56 97 29 60 36 26 51 53 51 13 58 0 78 18 26 62 58 13 83 42 75 37 54 37 19 70 71 95 21 72 12 96 36 57 86 57 61 55 89 93 20 58 58 81 89 91 60 70 12 31 30 18 62
25 22 45 17 20 17 11 86 56 19 50 92 28 89 99 39 14 20 57 49 75 32 60 87 50 17 16 19 90 68 55 93 13 79 95 51 65 80 99 57 44 90 80 50 61 12 29 11 78 0 70 25 38 17 50 48 66 89 73 31 57 93 33 30 95 51 42 85 79 58 10 99 61 71 74 15 80 30 96 51 53 46 16 17 59 19 20 23 10 69
60 83 69 49 10 20 57 57 55 58 70 98 77 85 23 28 91 49 32 63 44 84 11 54 51 26 60 39 29 89 82 32 80 19 35 81 68 68 84 95 97 89 77 58 64 37 93 12 18 70 0 94 77 90 54 24 20 24 40 60 28 76 51 55 23 54 49 75 53 49 86 56 92 85 65 50 36 57 24 90 18 38 54 31 48 59 48 19 56 12
21 61 14 78 11 83 26 93 42 67 54 67 29 73 14 45 24 78 99 81 65 50 25 23 46 34 11 17 14 22 92 89 83 20 72 61 63 52 27 62 13 20 31 44 50 94 40 27 26 25 94 0 28 52 21 83 50 98 34 89 25 73 74 36 26 90 43 85 63 31 34 96 43 96 96 44 92 29 59 87 36 72 22 72 35 58 98 99 39 38
83 35 75 13 31 69 98 15 14 70 65 75 64 74 14 72 57 69 52 54 35 73 40 84 21 96 58 86 22 92 40 75 37 77 44 32 74 88 95 12 51 96 23 75 97 47 43 25 62 38 77 28 0 22 67 63 41 16 65 47 35 90 10 78 79 79 49 36 65 82 86 69 38 58 71 42 58 20 60 10 27 50 55 76 35 20 17 18 45 47
70 20 78 53 87 72 42 16 20 91 27 68 31 74 82 64 67 90 47 95 23 43 71 79 93 98 63 56 23 93 38 91 59 73 11 17 66 13 48 61 26 82 12 35 59 32 74 35 58 17 90 52 22 0 21 45 18 19 98 54 94 78 83 12 25 58 83 86 81 70 70 14 59 16 89 77 73 99 23 54 57 36 60 33 71 59 23 11 74 63
99 23 49 49 86 68 38 32 42 87 75 21 20 57 99 69 59 68 58 89 46 28 24 12 39 59 90 57 27 93 47 29 62 22 48 80 87 39 71 84 36 96 66 40 93 84 71 38 13 50 54 21 67 21 0 77 39 10 61 90 73 53 49 15 75 97 73 67 84 20 49 84 59 88 18 44 67 35 68 33 81 68 95 89 43 33 57 84 47 96
20 66 51 62 81 82 92 33 41 88 17 16 69 70 63 59 26 81 29 16 54 71 53 84 66 48 92 99 25 23 59 10 74 44 23 20 22 12 55 82 92 50 83 44 13 87 28 38 83 48 24 83 63 45 77 0 47 56 21 96 97 36 53 98 64 63 58 71 97 30 94 10 17 75 89 87 32 31 69 22 98 73 44 48 16 83 74 34 68 90
15 32 28 78 99 45 41 40 81 18 21 11 48 41 30 48 52 67 85 64 72 13 61 30 89 95 65 19 34 93 53 86 26 42 50 84 85 95 95 80 75 37 66 88 14 94 78 21 42 66 20 50 41 18 39 47 0 70 47 14 26 49 98 20 62 65 26 49 56 69 99 78 26 65 96 86 30 15 86 14 12 90 64 37 44 65 27 80 57 70
18 65 58 97 27 22 60 23 88 14 34 11 54 28 32 26 96 83 31 52 40 45 26 32 44 92 59 80 67 46 67 33 63 38 22 58 23 52 46 48 94 74 84 25 61 98 80 80 75 89 24 98 16 19 10 56 70 0 41 62 62 52 17 39 64 58 41 54 56 55 71 73 60 79 15 43 89 35 46 93 51 74 10 20 91 51 75 42 76 16
96 58 63 12 83 80 54 78 48 76 34 78 80 58 39 21 61 72 71 36 84 45 23 88 23 96 86 66 60 21 56 66 44 82 72 10 50 19 95 41 37 40 34 64 57 29 73 67 37 73 40 34 65 98 61 21 47 41 0 12 82 77 18 63 56 38 64 64 82 57 59 17 86 10 16 17 97 68 30 31 93 57 20 78 50 64 42 45 46 69
30 19 50 54 81 44 70 10 72 52 34 57 62 77 88 20 49 99 23 67 36 15 41 40 51 51 53 19 90 96 89 11 10 24 87 99 25 26 93 42 27 65 55 62 38 68 49 71 54 31 60 89 47 54 90 96 14 62 12 0 30 92 17 66 71 34 66 86 99 74 17 29 35 74 30 16 51 80 91 89 88 14 54 41 72 84 29 18 76 88
40 99 49 76 92 38 84 63 23 69 50 90 24 76 75 35 22 51 16 88 35 51 12 89 39 38 80 68 69 45 50 79 83 63 13 69 14 43 27 11 68 31 40 99 47 32 94 24 37 57 28 25 35 94 73 97 26 62 82 30 0 40 52 94 64 30 30 11 92 92 66 79 97 16 18 34 22 84 28 52 83 64 50 25 53 37 97 38 16 44
45 98 56 72 96 30 16 20 88 63 65 21 83 22 67 84 81 33 75 79 42 65 90 33 57 87 38 23 81 22 61 85 62 24 35 15 77 88 29 79 97 31 53 77 67 54 12 49 19 93 76 73 90 78 53 36 49 52 77 92 40 0 93 58 56 97 24 86 40 93 75 84 51 88 74 17 25 40 79 67 40 66 84 62 53 69 60 80 86 80
97 18 89 33 54 98 45 60 35 27 25 16 98 70 85 94 35 96 50 44 41 18 44 93 35 69 75 86 85 10 67 44 82 67 14 50 53 43 46 10 89 25 81 43 24 44 93 50 70 33 51 74 10 83 49 53 98 17 18 17 52 93 0 53 66 95 82 70 54 30 16 52 16 26 37 92 93 52 65 26 41 26 40 12 33 63 65 69 23 61
31 61 44 34 42 91 53 85 31 16 95 42 37 98 72 48 28 54 95 42 99 58 18 82 91 27 57 91 78 38 99 11 52 65 69 66 89 33 24 47 55 87 34 83 16 78 62 64 71 30 55 36 78 12 15 98 20 39 63 66 94 58 53 0 99 98 64 85 92 70 36 81 32 71 64 65 33 12 66 15 71 36 79 62 29 99 16 77 92 61
77 72 15 86 69 59 12 60 53 47 75 10 78 72 92 48 68 14 74 74 26 99 50 58 18 28 52 42 29 53 93 93 27 43 71 52 23 69 32 87 61 76 98 48 57 93 87 68 95 95 23 26 79 25 75 64 62 64 56 71 64 56 66 99 0 62 37 10 30 36 99 71 29 44 95 37 40 25 41 64 83 74 14 30 17 62 81 42 23 18
54 97 66 73 96 51 70 49 29 99 34 62 96 23 76 87 20 60 64 27 98 43 94 25 93 82 56 60 27 10 74 89 60 86 25 69 67 38 34 63 76 43 58 69 66 97 12 16 21 51 54 90 79 58 97 63 65 58 38 34 30 97 95 98 62 0 53 93 14 41 54 40 35 32 47 29 30 58 24 96 89 98 27 32 17 40 73 36 10 95
15 43 26 43 87 55 65 11 79 62 77 60 76 45 32 67 61 72 38 91 47 44 91 27 11 82 70 32 45 90 56 98 60 92 81 39 80 13 27 16 52 74 65 92 39 21 58 56 72 42 49 43 49 83 73 58 26 41 64 66 30 24 82 64 37 53 0 74 71 32 45 63 45 51 54 46 78 75 14 59 27 97 21 19 66 84 23 30 72 25
24 26 77 81 74 76 37 89 18 39 80 82 68 28 52 50 40 14 65 88 54 89 59 77 84 57 17 84 29 32 12 20 35 16 47 46 63 48 92 32 55 67 33 78 72 38 47 20 12 85 75 85 36 86 67 71 49 54 64 86 11 86 70 85 10 93 74 0 42 34 16 63 36 90 77 98 36 30 33 12 99 34 66 99 30 17 35 25 33 85
92 35 86 37 59 44 57 25 91 13 28 12 94 99 21 11 69 95 16 59 79 12 13 66 13 36 38 16 96 16 34 86 75 29 24 88 57 97 35 22 41 36 78 82 59 76 99 92 96 79 53 63 65 81 84 97 56 56 82 99 92 40 54 92 30 14 71 42 0 88 16 23 42 60 90 11 53 39 53 24 50 64 15 63 72 65 10 27 68 89
54 28 33 20 92 50 17 87 95 50 32 30 45 63 38 30 58 67 38 11 50 40 85 51 96 42 78 51 72 58 34 73 95 71 27 54 98 72 86 77 52 58 70 15 80 44 52 60 36 58 49 31 82 70 20 30 69 55 57 74 92 93 30 70 36 41 32 34 88 0 64 37 49 87 77 70 55 34 72 43 61 67 94 97 39 76 98 94 56 22
76 69 19 47 30 96 87 71 65 55 17 44 27 68 78 89 53 54 90 84 98 93 85 43 24 20 76 56 57 79 94 19 44 70 96 99 14 16 44 96 48 69 58 86 26 26 98 58 57 10 86 34 86 70 49 94 99 71 59 17 66 75 16 36 99 54 45 16 16 64 0 96 54 96 64 54 71 57 13 39 51 23 23 68 82 61 41 80 28 50
80 84 98 48 46 30 91 58 78 93 16 24 18 94 26 75 20 98 57 17 91 17 63 28 14 82 99 16 43 44 38 63 38 38 76 51 20 20 49 26 57 53 94 92 96 44 21 73 86 99 56 96 69 14 84 10 78 73 17 29 79 84 52 81 71 40 63 63 23 37 96 0 50 61 70 94 57 40 62 31 83 51 26 73 59 87 51 83 46 37
32 74 67 36 14 64 62 67 57 86 79 74 77 42 27 66 46 88 75 62 60 79 42 97 57 71 35 50 88 66 31 12 83 48 69 76 44 45 10 98 41 17 97 69 90 16 95 30 57 61 92 43 38 59 59 17 26 60 86 35 97 51 16 32 29 35 45 36 42 49 54 50 0 69 65 67 68 69 28 55 20 19 58 51 88 72 78 12 48 86
30 86 96 12 75 69 65 26 59 78 85 28 51 63 25 64 34 72 18 82 54 47 67 45 45 54 39 99 21 96 43 38 69 27 10 18 26 94 73 46 94 97 30 24 45 28 20 66 61 71 85 96 58 16 88 75 65 79 10 74 16 88 26 71 44 32 51 90 60 87 96 61 69 0 84 89 57 21 24 56 91 55 38 41 27 31 61 18 45 80
26 80 99 62 36 26 88 40 41 14 56 63 37 21 93 95 12 83 82 54 41 96 76 26 43 89 49 18 23 53 69 64 83 67 71 27 49 96 91 88 13 41 37 27 53 75 73 23 55 74 65 96 71 89 18 89 96 15 16 30 18 74 37 64 95 47 54 77 90 77 64 70 65 84 0 82 95 62 15 83 10 58 91 56 80 15 94 36 77 78
84 59 80 16 18 15 25 59 23 41 32 72 44 62 98 40 37 21 13 44 86 32 82 48 13 51 85 24 51 82 91 79 91 53 89 16 90 26 74 75 33 74 56 23 60 28 66 72 89 15 50 44 42 77 44 87 86 43 17 16 34 17 92 65 37 29 46 98 11 70 54 94 67 89 82 0 35 20 29 42 60 96 48 25 15 75 45 98 37 37
78 67 78 33 96 74 92 45 45 93 65 99 70 36 21 85 18 85 56 78 71 45 73 86 71 85 75 44 35 61 59 79 14 48 87 46 51 33 66 97 81 58 74 36 77 24 77 17 93 80 36 92 58 73 67 32 30 89 97 51 22 25 93 33 40 30 78 36 53 55 71 57 68 57 95 35 0 16 77 12 25 49 40 78 67 32 28 97 96 45
41 41 50 21 43 71 27 75 81 13 93 68 49 28 55 79 72 59 72 92 77 23 85 21 27 67 90 80 31 76 77 46 41 16 90 32 92 54 28 97 85 78 80 67 80 16 65 80 20 30 57 29 20 99 35 31 15 35 68 80 84 40 52 12 25 58 75 30 39 34 57 40 69 21 62 20 16 0 28 99 95 64 67 41 67 95 68 25 61 82
46 18 32 20 17 74 93 83 33 99 45 52 64 36 96 63 50 23 97 51 22 34 50 38 46 12 37 98 51 59 64 80 40 18 16 83 63 43 71 90 68 38 30 60 20 44 71 96 58 96 24 59 60 23 68 69 86 46 30 91 28 79 65 66 41 24 14 33 53 72 13 62 28 24 15 29 77 28 0 18 45 12 22 58 58 70 70 28 26 11
33 54 34 75 19 77 97 27 67 68 34 64 98 93 17 39 96 35 71 29 82 26 55 73 79 65 63 55 61 67 49 84 92 69 61 24 19 68 13 84 14 89 63 12 99 43 15 60 58 51 90 87 10 54 33 22 14 93 31 89 52 67 26 15 64 96 59 12 24 43 39 31 55 56 83 42 12 99 18 0 39 34 88 95 65 90 74 77 36 37
56 31 81 39 31 71 48 15 69 42 43 79 41 28 36 29 81 66 39 88 96 52 80 27 30 29 19 48 22 25 77 71 15 12 79 19 93 90 86 83 70 35 52 97 51 92 22 26 81 53 18 36 27 57 81 98 12 51 93 88 83 40 41 71 83 89 27 99 50 61 51 83 20 91 10 60 25 95 45 39 0 96 94 54 16 59 60 52 63 94
58 57 51 34 31 26 78 15 93 56 64 56 55 73 20 11 18 73 69 57 50 81 67 27 33 85 79 87 54 33 70 71 62 14 30 88 94 81 89 42 33 33 87 18 79 18 63 73 89 46 38 72 50 36 68 73 90 74 57 14 64 66 26 36 74 98 97 34 64 67 23 51 19 55 58 96 49 64 12 34 96 0 69 19 53 59 67 52 42 27
66 54 25 81 79 35 42 53 35 73 57 77 71 24 73 21 35 69 64 58 32 76 19 45 91 87 23 98 70 86 66 47 40 31 72 51 44 59 36 20 72 73 43 37 15 21 64 21 91 16 54 22 55 60 95 44 64 10 20 54 50 84 40 79 14 27 21 66 15 94 23 26 58 38 91 48 40 67 22 88 94 69 0 29 89 32 29 12 26 30
59 77 69 86 58 12 83 76 31 81 20 49 89 66 60 99 44 31 58 38 83 24 79 32 20 99 88 53 50 29 39 65 41 84 94 22 50 95 70 75 85 80 42 61 37 55 87 96 60 17 31 72 76 33 89 48 37 20 78 41 25 62 12 62 30 32 19 99 63 97 68 73 51 41 56 25 78 41 58 95 54 19 29 0 15 78 30 42 29 22
96 15 92 78 81 28 31 82 24 45 21 47 32 10 55 39 75 11 19 34 62 73 86 31 31 56 76 82 85 64 70 15 68 59 36 93 40 29 96 68 98 66 99 12 76 11 40 64 70 59 48 35 35 71 43 16 44 91 50 72 53 53 33 29 17 17 66 30 72 39 82 59 88 27 80 15 67 67 58 65 16 53 89 15 0 25 93 73 68 44
38 55 53 22 61 29 37 61 86 60 42 37 58 74 21 40 83 23 83 39 88 85 82 34 25 25 98 25 52 90 18 27 59 61 54 25 35 31 89 77 45 80 46 35 52 81 63 34 12 19 59 58 20 59 33 83 65 51 64 84 37 69 63 99 62 40 84 17 65 76 61 87 72 31 15 75 32 95 70 90 59 59 32 78 25 0 16 61 84 57
55 79 57 77 90 20 92 38 47 62 27 12 91 94 66 28 27 23 64 58 78 91 52 86 38 14 17 66 98 24 93 39 79 81 82 71 33 55 94 73 11 69 83 20 96 13 25 14 31 20 48 98 17 23 57 74 27 75 42 29 97 60 65 16 81 73 23 35 10 98 41 51 78 61 94 45 28 68 70 74 60 67 29 30 93 16 0 60 36 86
18 39 36 60 54 89 63 82 82 15 70 97 17 42 70 84 67 39 71 68 52 18 21 60 29 30 90 99 69 69 50 78 85 82 36 27 11 12 31 90 49 63 83 39 21 19 82 35 30 23 19 99 18 11 84 34 80 42 45 18 38 80 69 77 42 36 30 25 27 94 80 83 12 18 36 98 97 25 28 77 52 52 12 42 73 61 60 0 72 51
64 42 89 25 24 46 55 32 68 67 53 26 41 21 17 75 38 38 47 26 68 66 97 60 85 71 57 43 21 60 90 36 81 45 76 92 34 50 96 80 48 11 33 26 88 82 20 42 18 10 56 39 45 74 47 68 57 76 46 76 16 86 23 92 23 10 72 33 68 56 28 46 48 45 77 37 96 61 26 36 63 42 26 29 68 84 36 72 0 12
43 29 30 77 14 55 98 16 59 62 99 35 11 43 98 47 13 20 30 19 80 42 54 57 63 45 66 16 16 49 84 17 21 95 55 29 87 34 81 79 40 81 90 38 52 95 48 79 62 69 12 38 47 63 96 90 70 16 69 88 44 80 61 61 18 95 25 85 89 22 50 37 86 80 78 37 45 82 11 37 94 27 30 22 44 57 86 51 12 0