15
0 96 46 14 68 21 82 94 85 11 48 85 51 46 12
96 0 51 40 94 17 80 26 65 35 32 85 98 25 66
46 51 0 62 97 79 42 31 16 34 83 63 87 96 98
14 40 62 0 11 14 59 23 24 74 91 85 27 81 43
68 94 97 11 0 80 33 12 64 68 95 52 78 92 92
21 17 79 14 80 0 19 89 40 53 41 59 14 39 19
82 80 42 59 33 19 0 46 88 95 62 93 20 91 20
94 26 31 23 12 89 46 0 20 40 20 94 86 30 57
85 65 16 24 64 40 88 20 0 97 16 68 75 89 39
11 35 34 74 68 53 95 40 97 0 33 93 72 15 74
48 32 83 91 95 41 62 20 16 33 0 98 96 90 19
85 85 63 85 52 59 93 94 68 93 98 0 61 62 45
51 98 87 27 78 14 20 86 75 72 96 61 0 83 37
46 25 96 81 92 39 91 30 89 15 90 62 83 0 81
12 66 98 43 92 19 20 57 39 74 19 45 37 81 0