15
0 59 74 89 25 14 23 30 67 28 96 99 58 92 47
59 0 18 36 34 15 42 31 76 80 41 88 66 82 42
74 18 0 31 97 84 24 88 43 13 22 34 49 76 74
89 36 31 0 40 25 41 52 70 85 49 28 13 92 66
25 34 97 40 0 34 51 97 50 22 17 53 45 97 50
14 15 84 25 34 0 31 53 91 38 79 86 91 39 80
23 42 24 41 51 31 0 16 24 96 61 96 20 78 85
30 31 88 52 97 53 16 0 79 31 75 65 95 75 32
67 76 43 70 50 91 24 79 0 67 76 22 88 20 83
28 80 13 85 22 38 96 31 67 0 77 51 11 97 37
96 41 22 49 17 79 61 75 76 77 0 14 45 18 96
99 88 34 28 53 86 96 65 22 51 14 0 78 41 57
58 66 49 13 45 91 20 95 88 11 45 78 0 57 39
92 82 76 92 97 39 78 75 20 97 18 41 57 0 23
47 42 74 66 50 80 85 32 83 37 96 57 39 23 0